4 0.0375 0.20078125 0.03984375 0.16640625
17 0.8296875 0.2953125 0.05546875 0.02578125
17 0.88359375 0.296875 0.05390625 0.02578125
1 0.20546875 0.27578125 0.05390625 0.02734375
17 0.08125 0.26875 0.0359375 0.03984375
17 0.8265625 0.31875 0.0578125 0.02578125
17 0.88125 0.3234375 0.05546875 0.02578125
6 0.52890625 0.3484375 0.04921875 0.06796875
13 0.2328125 0.3328125 0.06171875 0.03046875
1 0.4859375 0.35546875 0.0359375 0.04140625
1 0.82578125 0.37421875 0.0515625 0.02578125
1 0.6640625 0.39921875 0.05390625 0.02734375
1 0.2390625 0.3765625 0.0296875 0.04140625
1 0.4234375 0.39140625 0.03359375 0.04296875
17 0.06953125 0.38515625 0.028125 0.03984375
17 0.034375 0.384375 0.0296875 0.04453125
1 0.48515625 0.4125 0.02578125 0.04140625
1 0.5140625 0.4140625 0.03203125 0.04140625
1 0.28984375 0.45625 0.0515625 0.0234375
1 0.44453125 0.47265625 0.03203125 0.04453125
1 0.65859375 0.51015625 0.04765625 0.02734375
1 0.9375 0.52890625 0.05390625 0.02578125
1 0.6109375 0.51640625 0.03203125 0.04296875
1 0.53671875 0.5171875 0.05390625 0.02578125
1 0.434375 0.51640625 0.0515625 0.02734375
1 0.48125 0.521875 0.03359375 0.04140625
16 0.040625 0.50234375 0.08125 0.07109375
1 0.584375 0.53359375 0.0296875 0.04453125
1 0.32265625 0.5203125 0.05390625 0.021875
13 0.16875 0.51328125 0.0359375 0.04609375
13 0.234375 0.5171875 0.0359375 0.04453125
1 0.6796875 0.5453125 0.05390625 0.02734375
1 0.6296875 0.55546875 0.04921875 0.02578125
1 0.5578125 0.55234375 0.028125 0.04140625
1 0.4109375 0.5453125 0.0515625 0.02734375
1 0.29921875 0.53984375 0.05546875 0.02578125
1 0.35390625 0.54296875 0.0453125 0.02578125
1 0.51171875 0.5546875 0.04765625 0.0234375
1 0.459375 0.55234375 0.04921875 0.02578125
1 0.61640625 0.5765625 0.05390625 0.02578125
1 0.47734375 0.58671875 0.0296875 0.03984375
1 0.434375 0.58671875 0.03203125 0.04296875
1 0.5578125 0.59609375 0.03203125 0.03984375
1 0.5171875 0.59296875 0.0296875 0.04296875
1 0.32109375 0.5875 0.0515625 0.021875
6 0.22890625 0.5875 0.0890625 0.04765625
1 0.3203125 0.61171875 0.04921875 0.0234375
1 0.4921875 0.6234375 0.03203125 0.04140625
1 0.00859375 0.59921875 0.0171875 0.0421875
1 0.109375 0.60859375 0.03203125 0.04296875
1 0.653125 0.65 0.03203125 0.03984375
1 0.73671875 0.6671875 0.0296875 0.03984375
1 0.42890625 0.6546875 0.03203125 0.03984375
1 0.34140625 0.6578125 0.0515625 0.02734375
1 0.465625 0.68984375 0.03359375 0.04296875
1 0.5296875 0.7015625 0.028125 0.04140625
1 0.38359375 0.696875 0.03359375 0.04453125
1 0.56328125 0.7109375 0.03203125 0.04140625
1 0.18671875 0.80859375 0.0515625 0.02734375
4 0.9453125 0.85625 0.0578125 0.121875
14 0.0359375 0.81484375 0.07109375 0.290625
4 0.53671875 0.0984375 0.8390625 0.196875
4 0.45546875 0.94921875 0.83125 0.0984375