4 0.015625 0.190625 0.03125 0.1609375
17 0.79765625 0.23828125 0.05234375 0.021875
17 0.85078125 0.23828125 0.05 0.021875
1 0.18828125 0.253125 0.05 0.0234375
17 0.065625 0.25390625 0.03125 0.0375
17 0.796875 0.26328125 0.05390625 0.021875
17 0.85 0.26484375 0.05234375 0.021875
6 0.509375 0.3078125 0.04296875 0.06484375
13 0.21875 0.30703125 0.0578125 0.0265625
1 0.4671875 0.31640625 0.03125 0.0390625
1 0.79921875 0.3171875 0.0484375 0.021875
1 0.6453125 0.34921875 0.05 0.0234375
1 0.2296875 0.35078125 0.025 0.0390625
1 0.41015625 0.3546875 0.02890625 0.040625
17 0.0640625 0.36875 0.0234375 0.0375
17 0.0296875 0.36953125 0.025 0.04140625
1 0.471875 0.37265625 0.02109375 0.0390625
1 0.5 0.37265625 0.02734375 0.0390625
1 0.2859375 0.425 0.0484375 0.0203125
1 0.43828125 0.4328125 0.02734375 0.04140625
1 0.6484375 0.4578125 0.04453125 0.0234375
1 0.92265625 0.459375 0.05 0.021875
1 0.60234375 0.465625 0.02734375 0.040625
1 0.53125 0.4703125 0.05 0.021875
1 0.43125 0.47578125 0.0484375 0.0234375
1 0.47734375 0.47890625 0.02890625 0.0390625
16 0.040625 0.48359375 0.08125 0.06328125
1 0.578125 0.48359375 0.025 0.04140625
1 0.321875 0.4859375 0.05 0.01875
13 0.17265625 0.4875 0.03125 0.04296875
13 0.23671875 0.48828125 0.03125 0.04140625
1 0.67265625 0.48984375 0.05 0.0234375
1 0.62578125 0.503125 0.046875 0.021875
1 0.55390625 0.50390625 0.0234375 0.0390625
1 0.41015625 0.50546875 0.0484375 0.0234375
1 0.3015625 0.50625 0.05234375 0.021875
1 0.3546875 0.50625 0.04296875 0.021875
1 0.5109375 0.50859375 0.04453125 0.0203125
1 0.459375 0.509375 0.046875 0.021875
1 0.6140625 0.525 0.05 0.021875
1 0.4796875 0.54140625 0.025 0.0375
1 0.43828125 0.54296875 0.02734375 0.040625
1 0.5578125 0.54609375 0.02734375 0.0375
1 0.51875 0.54609375 0.025 0.040625
1 0.3265625 0.55078125 0.0484375 0.01875
6 0.2375 0.55625 0.08359375 0.04140625
1 0.32734375 0.575 0.046875 0.0203125
1 0.49609375 0.5765625 0.02734375 0.0390625
1 0.0171875 0.58046875 0.0234375 0.0375
1 0.121875 0.58359375 0.02734375 0.040625
1 0.6546875 0.59453125 0.02734375 0.0375
1 0.7390625 0.60703125 0.025 0.0375
1 0.43828125 0.61171875 0.02734375 0.0375
1 0.3515625 0.61875 0.0484375 0.0234375
1 0.47734375 0.6421875 0.02890625 0.040625
1 0.540625 0.65078125 0.0234375 0.0390625
1 0.3984375 0.65390625 0.02890625 0.04140625
1 0.5734375 0.65859375 0.02734375 0.0390625
1 0.21640625 0.7734375 0.0484375 0.0234375
4 0.96640625 0.77890625 0.0640625 0.11796875
14 0.0453125 0.78828125 0.090625 0.2765625
4 0.4953125 0.06875 0.8078125 0.1375
4 0.490625 0.93515625 0.80625 0.1265625