16 0.8765625 0.16796875 0.04609375 0.01875
16 0.1859375 0.17734375 0.04609375 0.01875
19 0.12265625 0.18203125 0.0484375 0.015625
16 0.8765625 0.19453125 0.04296875 0.01875
12 0.2578125 0.2 0.06953125 0.02578125
2 0.125 0.20390625 0.04296875 0.0203125
4 0.9453125 0.20703125 0.05859375 0.14296875
9 0.74921875 0.21953125 0.1234375 0.11953125
3 0.41015625 0.2375 0.0875 0.05546875
2 0.34453125 0.23828125 0.025 0.034375
16 0.55 0.24765625 0.04296875 0.01875
16 0.4796875 0.25 0.0234375 0.0359375
2 0.05390625 0.2609375 0.07890625 0.10234375
12 0.88125 0.265625 0.0265625 0.0515625
12 0.63046875 0.26640625 0.06796875 0.02421875
9 0.1640625 0.284375 0.12109375 0.1328125
16 0.55390625 0.29609375 0.04296875 0.01875
16 0.71015625 0.3 0.04453125 0.01875
2 0.42890625 0.30703125 0.125 0.05859375
9 0.62890625 0.30703125 0.0890625 0.046875
2 0.26953125 0.30859375 0.07109375 0.0984375
18 0.89765625 0.3703125 0.1015625 0.14375
13 0.7609375 0.396875 0.15390625 0.12578125
6 0.18359375 0.3984375 0.04609375 0.06171875
2 0.02890625 0.4203125 0.025 0.0328125
9 0.0828125 0.42734375 0.06953125 0.078125
2 0.2703125 0.43046875 0.0765625 0.0984375
15 0.825 0.49140625 0.0609375 0.03828125
9 0.49765625 0.496875 0.3484375 0.28125
6 0.1953125 0.50625 0.0765625 0.04296875
2 0.0875 0.5078125 0.125 0.06015625
19 0.0515625 0.0515625 0.0609375 0.07421875
2 0.7296875 0.5328125 0.0875 0.10703125
2 0.2796875 0.53671875 0.0234375 0.03671875
2 0.17578125 0.0546875 0.11953125 0.05859375
2 0.30703125 0.5546875 0.01796875 0.03671875
9 0.9234375 0.56171875 0.05703125 0.078125
9 0.82578125 0.5625 0.05859375 0.07578125
9 0.24296875 0.58359375 0.05 0.04296875
16 0.79296875 0.63125 0.04296875 0.01875
9 0.0671875 0.64921875 0.0875 0.0828125
2 0.42734375 0.6515625 0.04140625 0.01875
16 0.79296875 0.6546875 0.04609375 0.0171875
2 0.46796875 0.66796875 0.02109375 0.0359375
16 0.66015625 0.6703125 0.03046875 0.034375
16 0.7921875 0.67890625 0.04453125 0.0171875
2 0.2953125 0.684375 0.11953125 0.0625
16 0.54296875 0.68671875 0.02109375 0.0359375
16 0.6015625 0.68828125 0.025 0.0359375
16 0.57109375 0.6890625 0.025 0.034375
6 0.425 0.7015625 0.04609375 0.0625
16 0.7921875 0.70390625 0.04453125 0.01875
13 0.1390625 0.72421875 0.04296875 0.02109375
16 0.7921875 0.725 0.04453125 0.0171875
13 0.74296875 0.74453125 0.04609375 0.0203125
9 0.62265625 0.74765625 0.0734375 0.0625
4 0.04609375 0.75 0.05703125 0.09296875
16 0.13828125 0.75 0.04453125 0.01875
4 0.9078125 0.753125 0.1265625 0.25078125
13 0.1421875 0.77265625 0.0515625 0.02109375
2 0.62578125 0.79609375 0.0484375 0.02578125
13 0.76953125 0.8203125 0.15703125 0.12578125
2 0.1796875 0.85703125 0.1265625 0.0625
13 0.73359375 0.9015625 0.02890625 0.03984375
13 0.83125 0.91015625 0.03046875 0.03984375
16 0.7859375 0.1421875 0.02109375 0.03828125