17 0.80625 0.059375 0.05390625 0.0296875
17 0.08125 0.2140625 0.05390625 0.0296875
19 0.02265625 0.23203125 0.04453125 0.028125
17 0.815625 0.08828125 0.05 0.028125
12 0.16484375 0.221875 0.08125 0.04140625
1 0.02578125 0.25390625 0.0515625 0.0296875
4 0.8734375 0.090625 0.071875 0.15625
9 0.6890625 0.140625 0.16875 0.1515625
3 0.33828125 0.23046875 0.11015625 0.07734375
1 0.26875 0.2453125 0.03671875 0.04140625
17 0.48828125 0.21171875 0.05 0.028125
17 0.415625 0.2296875 0.03671875 0.04140625
1 0.015625 0.3296875 0.03125 0.1265625
12 0.8421875 0.16015625 0.04453125 0.06015625
12 0.578125 0.21328125 0.0796875 0.040625
9 0.0953125 0.33203125 0.1703125 0.165625
17 0.5078125 0.26171875 0.05 0.028125
17 0.6734375 0.2328125 0.05234375 0.0296875
1 0.3796875 0.29921875 0.15078125 0.08828125
9 0.59140625 0.25859375 0.10859375 0.06796875
1 0.21328125 0.33515625 0.10859375 0.11953125
18 0.8875 0.26796875 0.14765625 0.1734375
13 0.75859375 0.3234375 0.203125 0.1640625
6 0.153125 0.44765625 0.06953125 0.07421875
1 0.00859375 0.50234375 0.0171875 0.04140625
9 0.05546875 0.49921875 0.09921875 0.09765625
1 0.25390625 0.46171875 0.1125 0.11953125
16 0.85859375 0.41015625 0.07734375 0.05234375
9 0.51484375 0.4859375 0.459375 0.36875
6 0.20078125 0.55859375 0.0953125 0.06171875
1 0.0875 0.58203125 0.15078125 0.08984375
1 0.77109375 0.47421875 0.128125 0.13125
1 0.29765625 0.57265625 0.03671875 0.04296875
1 0.053125 0.09921875 0.10625 0.06796875
1 0.33359375 0.58671875 0.03125 0.04296875
9 0.96875 0.46484375 0.0578125 0.09453125
9 0.8828125 0.48515625 0.0875 0.09140625
9 0.275 0.6296875 0.065625 0.05546875
17 0.8703125 0.56484375 0.05 0.028125
9 0.1125 0.73515625 0.1203125 0.10546875
1 0.49140625 0.6625 0.0484375 0.028125
17 0.878125 0.58984375 0.05390625 0.028125
1 0.540625 0.67265625 0.03515625 0.04140625
17 0.7421875 0.63359375 0.04296875 0.04140625
17 0.884375 0.61484375 0.05234375 0.028125
1 0.3640625 0.725 0.14765625 0.09140625
17 0.62578125 0.67578125 0.03515625 0.04140625
17 0.68828125 0.665625 0.0390625 0.04296875
17 0.65625 0.67265625 0.03671875 0.04140625
6 0.50546875 0.715625 0.06953125 0.07578125
17 0.8921875 0.63984375 0.05234375 0.0296875
13 0.2125 0.7984375 0.05234375 0.03125
17 0.9 0.6640625 0.05234375 0.028125
13 0.85546875 0.6953125 0.05625 0.03125
9 0.72890625 0.7234375 0.096875 0.08203125
4 0.125 0.846875 0.09140625 0.11171875
17 0.2203125 0.82734375 0.05234375 0.0296875
4 0.96015625 0.6734375 0.07578125 0.28828125
13 0.23046875 0.85 0.06171875 0.034375
1 0.74921875 0.77421875 0.06015625 0.0375
13 0.9 0.76796875 0.19609375 0.1671875
1 0.2984375 0.93203125 0.1546875 0.09296875
13 0.89765625 0.86171875 0.04296875 0.04765625
13 0.98828125 0.85 0.01953125 0.04921875
17 0.7015625 0.0515625 0.03515625 0.04453125