17 0.85703125 0.14921875 0.0484375 0.0203125
17 0.1625 0.18828125 0.0484375 0.0203125
19 0.09921875 0.1953125 0.05 0.0171875
17 0.85859375 0.1765625 0.0453125 0.0203125
12 0.2375 0.20859375 0.071875 0.02890625
1 0.103125 0.21796875 0.0453125 0.021875
4 0.9296875 0.18515625 0.06796875 0.146875
9 0.7328125 0.2078125 0.13125 0.125
3 0.39296875 0.23984375 0.09140625 0.06015625
1 0.3265625 0.24375 0.02734375 0.0359375
17 0.53359375 0.24453125 0.0453125 0.0203125
17 0.4640625 0.25 0.025 0.0375
1 0.03984375 0.278125 0.07890625 0.1078125
12 0.86796875 0.24765625 0.03046875 0.053125
12 0.615625 0.259375 0.0703125 0.02734375
9 0.1484375 0.29765625 0.13125 0.13828125
17 0.540625 0.29140625 0.0453125 0.0203125
17 0.69765625 0.28984375 0.046875 0.0203125
1 0.415625 0.309375 0.1296875 0.06484375
9 0.6171875 0.3 0.09375 0.0515625
1 0.25546875 0.3171875 0.07890625 0.10234375
18 0.890625 0.35234375 0.11171875 0.14921875
13 0.75546875 0.38359375 0.16171875 0.13203125
6 0.1765625 0.4109375 0.05 0.06328125
1 0.0203125 0.43984375 0.02734375 0.034375
9 0.07578125 0.44453125 0.07578125 0.08203125
1 0.265625 0.4390625 0.084375 0.10234375
16 0.8265625 0.47734375 0.06328125 0.04140625
9 0.49765625 0.49609375 0.36875 0.29765625
6 0.1953125 0.51875 0.08125 0.04609375
1 0.08671875 0.52421875 0.1296875 0.06640625
19 0.02734375 0.0671875 0.05390625 0.07890625
1 0.7328125 0.52265625 0.0953125 0.1109375
1 0.28046875 0.5453125 0.025 0.0390625
1 0.14453125 0.06640625 0.12421875 0.06328125
1 0.31015625 0.56328125 0.01953125 0.0375
9 0.93046875 0.54375 0.06328125 0.08203125
9 0.8328125 0.54921875 0.06484375 0.07890625
9 0.24609375 0.59375 0.05390625 0.04453125
17 0.803125 0.61953125 0.0453125 0.0203125
9 0.07578125 0.66796875 0.09375 0.0859375
1 0.43671875 0.65546875 0.04296875 0.0203125
17 0.8046875 0.64296875 0.0484375 0.01875
1 0.4796875 0.67109375 0.0234375 0.0375
17 0.67265625 0.66484375 0.03203125 0.0359375
17 0.80546875 0.6671875 0.046875 0.01875
1 0.30703125 0.69453125 0.12421875 0.0671875
17 0.55703125 0.68515625 0.0234375 0.0375
17 0.615625 0.68515625 0.02734375 0.0375
17 0.58515625 0.6859375 0.02734375 0.0359375
6 0.4390625 0.7046875 0.05 0.06484375
17 0.8078125 0.69140625 0.046875 0.0203125
13 0.15234375 0.73984375 0.0453125 0.02265625
17 0.809375 0.71328125 0.046875 0.01875
13 0.76171875 0.73515625 0.0484375 0.021875
9 0.6390625 0.74296875 0.07734375 0.06640625
4 0.06015625 0.76953125 0.06328125 0.09609375
17 0.153125 0.765625 0.046875 0.0203125
4 0.928125 0.7375 0.14375 0.25703125
13 0.15859375 0.7890625 0.05390625 0.02265625
1 0.6453125 0.7921875 0.05 0.02734375
13 0.79140625 0.81015625 0.165625 0.13203125
1 0.20234375 0.871875 0.13125 0.06875
13 0.76171875 0.89453125 0.03046875 0.04140625
13 0.86171875 0.8984375 0.03203125 0.04140625
17 0.76328125 0.128125 0.0234375 0.03984375