4 0.03125 0.16484375 0.0625 0.16484375
17 0.8296875 0.16953125 0.0546875 0.025
17 0.88359375 0.16640625 0.053125 0.025
1 0.21953125 0.21875 0.053125 0.0265625
17 0.0953125 0.2265625 0.03515625 0.0390625
17 0.83125 0.19453125 0.05625 0.025
17 0.884375 0.19296875 0.0546875 0.025
6 0.54765625 0.2546875 0.0484375 0.0671875
13 0.2546875 0.271875 0.0609375 0.0296875
1 0.50625 0.26640625 0.03515625 0.040625
1 0.83984375 0.24921875 0.05078125 0.025
1 0.68828125 0.2890625 0.053125 0.0265625
1 0.2703125 0.31484375 0.0296875 0.040625
1 0.45234375 0.3078125 0.0328125 0.0421875
17 0.10546875 0.3421875 0.02734375 0.0390625
17 0.07109375 0.34453125 0.0296875 0.04375
1 0.51484375 0.32265625 0.025 0.040625
1 0.54296875 0.32109375 0.03125 0.040625
1 0.33203125 0.38515625 0.05078125 0.0234375
1 0.4859375 0.384375 0.03125 0.04375
1 0.69921875 0.39765625 0.046875 0.0265625
1 0.96953125 0.3859375 0.040625 0.025
1 0.6546875 0.40859375 0.03125 0.0421875
1 0.5828125 0.4171875 0.053125 0.025
1 0.484375 0.42890625 0.05078125 0.0265625
1 0.53046875 0.4296875 0.0328125 0.040625
16 0.075 0.4578125 0.115625 0.06875
1 0.63203125 0.428125 0.0296875 0.04375
1 0.37421875 0.4453125 0.053125 0.021875
13 0.225 0.45546875 0.03515625 0.0453125
13 0.2890625 0.4515625 0.03515625 0.04375
1 0.72734375 0.42890625 0.053125 0.0265625
1 0.68046875 0.4453125 0.0484375 0.025
1 0.609375 0.45 0.02734375 0.040625
1 0.46484375 0.45859375 0.05078125 0.0265625
1 0.35546875 0.465625 0.0546875 0.025
1 0.409375 0.4625 0.0453125 0.025
1 0.56640625 0.45703125 0.046875 0.0234375
1 0.51484375 0.4609375 0.0484375 0.025
1 0.67109375 0.4671875 0.053125 0.025
1 0.53828125 0.49140625 0.0296875 0.0390625
1 0.49609375 0.49609375 0.03125 0.0421875
1 0.6171875 0.49296875 0.03125 0.0390625
1 0.57734375 0.49453125 0.0296875 0.0421875
1 0.384375 0.509375 0.05078125 0.021875
6 0.29609375 0.5203125 0.0875 0.046875
1 0.3875 0.53359375 0.0484375 0.0234375
1 0.55625 0.5265625 0.03125 0.040625
1 0.0765625 0.55703125 0.02734375 0.0390625
1 0.18125 0.55390625 0.03125 0.0421875
1 0.71875 0.53515625 0.03125 0.0390625
1 0.80546875 0.54296875 0.0296875 0.0390625
1 0.5015625 0.56484375 0.03125 0.0390625
1 0.415625 0.57578125 0.05078125 0.0265625
1 0.54375 0.59296875 0.0328125 0.0421875
1 0.609375 0.5984375 0.02734375 0.040625
1 0.465625 0.609375 0.0328125 0.04375
1 0.6421875 0.6046875 0.03125 0.040625
1 0.29296875 0.7390625 0.05078125 0.0265625
14 0.10078125 0.76484375 0.1578125 0.28359375
4 0.51484375 0.0546875 0.821875 0.109375
4 0.584375 0.8984375 0.82421875 0.19921875