17 0.93984375 0.209375 0.0515625 0.02265625
17 0.2 0.16796875 0.0515625 0.02265625
19 0.13203125 0.16796875 0.05390625 0.0203125
17 0.9375 0.23671875 0.04765625 0.02265625
12 0.27578125 0.196875 0.0765625 0.03203125
1 0.1328125 0.19140625 0.04765625 0.02421875
4 0.9828125 0.25625 0.03046875 0.159375
9 0.796875 0.2546875 0.1453125 0.13828125
3 0.4328125 0.24921875 0.1 0.065625
1 0.3640625 0.24453125 0.03046875 0.03828125
17 0.58125 0.26953125 0.04765625 0.02265625
17 0.5046875 0.2671875 0.02890625 0.03984375
1 0.06015625 0.2484375 0.07890625 0.11640625
12 0.9328125 0.31328125 0.034375 0.05703125
12 0.665625 0.29609375 0.075 0.03046875
9 0.16484375 0.2796875 0.1453125 0.1515625
17 0.5796875 0.32109375 0.04765625 0.02265625
17 0.7453125 0.33828125 0.05 0.02265625
1 0.4453125 0.32421875 0.13984375 0.071875
9 0.6578125 0.33984375 0.1015625 0.05703125
1 0.27421875 0.3140625 0.08828125 0.11015625
18 0.9359375 0.42578125 0.12421875 0.1640625
13 0.78984375 0.44375 0.178125 0.14609375
6 0.17265625 0.40390625 0.0578125 0.06875
1 0.01328125 0.4171875 0.015625 0.03671875
9 0.0609375 0.428125 0.084375 0.0890625
1 0.26171875 0.44453125 0.09375 0.11015625
16 0.846875 0.55234375 0.06875 0.04609375
9 0.4953125 0.5328125 0.40390625 0.3265625
6 0.17109375 0.5203125 0.0859375 0.05234375
1 0.06484375 0.51328125 0.1296875 0.0765625
19 0.0796875 0.0328125 0.0671875 0.065625
1 0.740625 0.58828125 0.10546875 0.12109375
1 0.2578125 0.559375 0.02890625 0.04140625
1 0.20390625 0.0359375 0.1359375 0.071875
1 0.28515625 0.58046875 0.02265625 0.04140625
9 0.94375 0.63359375 0.07109375 0.0890625
9 0.83984375 0.62734375 0.07109375 0.0859375
9 0.21328125 0.60546875 0.059375 0.04921875
17 0.79609375 0.6984375 0.04765625 0.02265625
9 0.03671875 0.6640625 0.07265625 0.0984375
1 0.40390625 0.6921875 0.04609375 0.02265625
17 0.79375 0.72421875 0.0515625 0.02109375
1 0.44453125 0.71484375 0.0265625 0.03984375
17 0.6484375 0.73046875 0.03671875 0.03828125
17 0.7890625 0.75 0.05 0.02109375
1 0.2578125 0.71953125 0.1359375 0.0765625
17 0.52265625 0.7390625 0.0265625 0.03984375
17 0.584375 0.7453125 0.03046875 0.03984375
17 0.5515625 0.74453125 0.03046875 0.03828125
6 0.39453125 0.746875 0.0578125 0.0703125
17 0.7875 0.775 0.05 0.02265625
13 0.0875 0.74921875 0.04765625 0.02578125
17 0.78359375 0.79921875 0.05 0.02109375
13 0.72890625 0.815625 0.0515625 0.02421875
9 0.60078125 0.8109375 0.0859375 0.071875
4 0.01171875 0.77109375 0.02265625 0.10546875
17 0.08203125 0.7765625 0.05 0.02265625
4 0.89921875 0.8390625 0.15546875 0.27890625
13 0.084375 0.8015625 0.0578125 0.02578125
1 0.59765625 0.86328125 0.05390625 0.03046875
13 0.7484375 0.89921875 0.18203125 0.14609375
1 0.1140625 0.89609375 0.14375 0.0765625
13 0.70234375 0.9796875 0.03671875 0.03671875
13 0.8046875 0.9875 0.03828125 0.02109375
17 0.84453125 0.175 0.0265625 0.04296875