1 0.28046875 0.4046875 0.0203125 0.01796875
12 0.38203125 0.375 0.02421875 0.02109375
4 0.3296875 0.39921875 0.034375 0.046875
17 0.28359375 0.425 0.02109375 0.01640625
1 0.58359375 0.3390625 0.0203125 0.021875
16 0.38515625 0.39921875 0.0171875 0.03515625
4 0.2171875 0.45625 0.12265625 0.13984375
17 0.47421875 0.3875 0.0109375 0.03125
16 0.72265625 0.3203125 0.0171875 0.03515625
12 0.69453125 0.3296875 0.02421875 0.02109375
1 0.4875 0.38984375 0.01171875 0.025
16 0.28671875 0.44921875 0.01640625 0.03359375
12 0.3890625 0.42265625 0.02265625 0.02109375
9 0.340625 0.4546875 0.04453125 0.0640625
12 0.3921875 0.44375 0.02421875 0.01953125
17 0.290625 0.4734375 0.0203125 0.01640625
16 0.396875 0.4703125 0.01484375 0.03515625
1 0.29609375 0.5015625 0.01953125 0.0171875
1 0.47421875 0.45234375 0.01953125 0.0171875
4 0.82734375 0.35625 0.10234375 0.41328125
13 0.33828125 0.503125 0.021875 0.01796875
1 0.35859375 0.4984375 0.0203125 0.0171875
1 0.2984375 0.51640625 0.01875 0.01796875
1 0.37890625 0.49296875 0.01875 0.0171875
1 0.31796875 0.5109375 0.01875 0.0171875
9 0.5453125 0.45078125 0.13984375 0.18828125
0 0.69453125 0.41015625 0.05546875 0.103125
4 0.63515625 0.4265625 0.04453125 0.0796875
3 0.34375 0.53359375 0.07734375 0.0625
9 0.284375 0.5515625 0.02421875 0.03515625
9 0.40390625 0.521875 0.02578125 0.04609375
1 0.409375 0.553125 0.0203125 0.0171875
9 0.35 0.5734375 0.0421875 0.04140625
1 0.41484375 0.58125 0.01953125 0.0171875
9 0.29296875 0.62265625 0.06484375 0.07734375
1 0.32890625 0.6125 0.01171875 0.028125
1 0.37578125 0.603125 0.0203125 0.0171875
16 0.35625 0.61640625 0.0171875 0.03359375
13 0.41796875 0.603125 0.0265625 0.03046875
13 0.49921875 0.58828125 0.01328125 0.03359375
3 0.4859375 0.59296875 0.01484375 0.0359375
1 0.4546875 0.60234375 0.0109375 0.02734375
5 0.46875 0.5984375 0.01875 0.04921875
7 0.36640625 0.678125 0.05546875 0.084375
7 0.4109375 0.66484375 0.0546875 0.08515625
1 0.4984375 0.65859375 0.0203125 0.01875
4 0.28984375 0.7234375 0.1234375 0.13984375
4 0.7859375 0.6109375 0.14140625 0.06484375
4 0.6390625 0.65625 0.1390625 0.0625
9 0.39609375 0.72890625 0.05078125 0.046875
4 0.4921875 0.70078125 0.140625 0.065625
4 0.53828125 0.24453125 0.1390625 0.06953125
4 0.68203125 0.2046875 0.13984375 0.06875
4 0.38359375 0.29296875 0.17265625 0.07734375
4 0.31484375 0.35625 0.0546875 0.05703125
5 0.28125 0.36875 0.01875 0.0484375
1 0.25234375 0.38671875 0.02421875 0.01796875
1 0.378125 0.35625 0.01875 0.01640625