4 0.68984375 0.3109375 0.034375 0.02421875
14 0.7859375 0.31015625 0.03125 0.1359375
4 0.8265625 0.3078125 0.046875 0.1
14 0.7640625 0.3171875 0.0328125 0.0484375
13 0.74609375 0.35859375 0.021875 0.0203125
14 0.2375 0.45546875 0.0546875 0.38203125
14 0.42265625 0.44296875 0.03515625 0.065625
14 0.70390625 0.4234375 0.0484375 0.02578125
14 0.775 0.5828125 0.078125 0.09609375
14 0.60703125 0.63203125 0.12421875 0.03984375
14 0.46796875 0.64921875 0.1234375 0.0375
14 0.3296875 0.6671875 0.1203125 0.04140625
14 0.61875 0.2265625 0.15234375 0.040625
14 0.47265625 0.24609375 0.125 0.0390625
14 0.3328125 0.2640625 0.121875 0.03828125
14 0.69375 0.25703125 0.0453125 0.04296875
4 0.6890625 0.28828125 0.0375 0.02421875