4 0.7359375 0.40234375 0.03671875 0.03046875
14 0.8296875 0.4453125 0.046875 0.1390625
4 0.86875 0.46015625 0.05703125 0.10703125
14 0.80546875 0.44140625 0.03828125 0.0546875
13 0.77890625 0.47265625 0.0234375 0.02421875
14 0.2671875 0.3359375 0.09921875 0.38515625
14 0.44765625 0.40859375 0.0421875 0.07109375
14 0.72265625 0.51640625 0.05 0.0359375
14 0.753125 0.70234375 0.0875 0.11171875
14 0.57890625 0.67265625 0.12578125 0.06640625
14 0.44140625 0.6265625 0.125 0.0640625
14 0.30390625 0.58125 0.12265625 0.06640625
14 0.6890625 0.28828125 0.153125 0.0734375
14 0.54296875 0.24140625 0.1265625 0.065625
14 0.40546875 0.1953125 0.1234375 0.0640625
14 0.75390625 0.35234375 0.05 0.0515625
4 0.74140625 0.3796875 0.0390625 0.03203125