4 0.70703125 0.3984375 0.03515625 0.02734375
14 0.8015625 0.43046875 0.03828125 0.1375
4 0.84140625 0.440625 0.0515625 0.103125
14 0.778125 0.4296875 0.03515625 0.0515625
13 0.75390625 0.4640625 0.02265625 0.021875
14 0.240625 0.38984375 0.07421875 0.384375
14 0.4234375 0.4390625 0.03828125 0.06875
14 0.70078125 0.51328125 0.04921875 0.0296875
14 0.7421875 0.6921875 0.08203125 0.103125
14 0.56953125 0.6828125 0.125 0.0515625
14 0.43046875 0.65546875 0.12421875 0.05
14 0.29296875 0.62578125 0.121875 0.05234375
14 0.653125 0.2921875 0.15234375 0.05546875
14 0.50546875 0.26328125 0.12578125 0.0515625
14 0.36875 0.234375 0.1234375 0.05
14 0.72109375 0.34765625 0.04765625 0.046875
14 0.71015625 0.37578125 0.03828125 0.02734375