4 0.76796875 0.41875 0.03828125 0.02890625
14 0.86953125 0.453125 0.040625 0.1484375
4 0.9125 0.46484375 0.05546875 0.11171875
14 0.84375 0.453125 0.0375 0.05546875
13 0.81796875 0.48984375 0.02421875 0.02421875
14 0.26484375 0.409375 0.08046875 0.41484375
14 0.46171875 0.4625 0.040625 0.07421875
14 0.7609375 0.54296875 0.053125 0.03203125
14 0.80546875 0.7359375 0.08828125 0.11171875
14 0.61953125 0.72578125 0.13515625 0.05625
14 0.46953125 0.696875 0.13359375 0.05390625
14 0.32109375 0.66484375 0.13125 0.05703125
14 0.709375 0.30390625 0.16484375 0.06015625
14 0.55078125 0.27265625 0.1359375 0.05546875
14 0.40234375 0.24140625 0.1328125 0.05390625
14 0.7828125 0.3640625 0.0515625 0.05078125
14 0.77109375 0.39453125 0.04140625 0.0296875