4 0.6703125 0.31640625 0.03359375 0.025
14 0.76484375 0.31171875 0.0328125 0.13203125
4 0.803125 0.30703125 0.04765625 0.0984375
14 0.7421875 0.31953125 0.0328125 0.0484375
13 0.7265625 0.3609375 0.021875 0.0203125
14 0.23671875 0.47734375 0.0625 0.3703125
14 0.415625 0.45703125 0.0359375 0.06484375
14 0.6875 0.425 0.04765625 0.0265625
14 0.76015625 0.5765625 0.07734375 0.096875
14 0.5984375 0.63125 0.1203125 0.04375
14 0.46484375 0.6546875 0.11953125 0.0421875
14 0.33125 0.678125 0.1171875 0.0453125
14 0.6 0.23828125 0.14765625 0.04609375
14 0.45859375 0.2640625 0.121875 0.04375
14 0.325 0.2875 0.11796875 0.04296875
14 0.6734375 0.26484375 0.0453125 0.04375
4 0.66953125 0.2953125 0.03671875 0.025