4 0.7015625 0.31484375 0.03671875 0.0234375
14 0.80625 0.321875 0.028125 0.14609375
4 0.85 0.321875 0.046875 0.10546875
14 0.78203125 0.328125 0.03359375 0.05
13 0.7609375 0.37109375 0.02265625 0.0203125
14 0.20625 0.43671875 0.04375 0.4140625
14 0.40703125 0.4375 0.03515625 0.06875
14 0.7125 0.4390625 0.0515625 0.02421875
14 0.7828125 0.61640625 0.08125 0.09921875
14 0.59921875 0.65546875 0.13359375 0.03359375
14 0.4484375 0.66484375 0.13359375 0.03125
14 0.29765625 0.67265625 0.1296875 0.03515625
14 0.62890625 0.2171875 0.16484375 0.03203125
14 0.46875 0.228125 0.13515625 0.03359375
14 0.31796875 0.2359375 0.13203125 0.03203125
14 0.70859375 0.25703125 0.0484375 0.04296875
14 0.7015625 0.290625 0.03984375 0.0234375