4 0.6859375 0.346875 0.03203125 0.01953125
14 0.7796875 0.3578125 0.021875 0.1296875
4 0.81875 0.359375 0.03984375 0.09296875
14 0.75703125 0.3609375 0.0296875 0.04375
13 0.7375 0.39921875 0.0203125 0.01796875
14 0.240625 0.434375 0.03046875 0.36875
14 0.4203125 0.44375 0.03046875 0.06015625
14 0.69296875 0.45703125 0.04609375 0.01953125
14 0.7515625 0.61875 0.07109375 0.0859375
14 0.5859375 0.64765625 0.11953125 0.025
14 0.4515625 0.64765625 0.11875 0.0234375
14 0.31640625 0.64921875 0.115625 0.0265625
14 0.62265625 0.25703125 0.146875 0.02265625
14 0.48046875 0.259375 0.1203125 0.02421875
14 0.3453125 0.26015625 0.1171875 0.02421875
14 0.69375 0.2953125 0.0421875 0.03671875
4 0.68671875 0.325 0.03515625 0.0203125