1 0.28046875 0.4109375 0.01796875 0.0171875
12 0.37109375 0.38125 0.021875 0.01953125
4 0.325 0.40546875 0.03125 0.04296875
17 0.28359375 0.43046875 0.01953125 0.01640625
1 0.55390625 0.33984375 0.01875 0.0203125
16 0.375 0.403125 0.01640625 0.03203125
4 0.22421875 0.46171875 0.11328125 0.13125
17 0.45625 0.38828125 0.01015625 0.028125
16 0.68046875 0.31640625 0.01640625 0.03203125
12 0.65546875 0.32578125 0.021875 0.01953125
1 0.46875 0.38984375 0.0109375 0.0234375
16 0.2875 0.45234375 0.015625 0.03046875
12 0.3796875 0.42421875 0.02109375 0.01953125
9 0.33671875 0.45546875 0.04140625 0.05859375
12 0.3828125 0.44296875 0.021875 0.01796875
17 0.2921875 0.475 0.01953125 0.015625
16 0.3875 0.4671875 0.0140625 0.03203125
1 0.29765625 0.5 0.01796875 0.01640625
1 0.4578125 0.44765625 0.01796875 0.01640625
4 0.77578125 0.3453125 0.10234375 0.37421875
13 0.3359375 0.49921875 0.02109375 0.0171875
1 0.35390625 0.49375 0.01796875 0.01640625
1 0.29921875 0.51328125 0.0171875 0.0171875
1 0.37265625 0.4875 0.0171875 0.01640625
1 0.3171875 0.50703125 0.0171875 0.01640625
9 0.521875 0.44296875 0.1296875 0.17578125
0 0.65703125 0.3984375 0.05234375 0.0953125
4 0.60390625 0.4171875 0.04140625 0.07265625
3 0.34140625 0.5265625 0.0703125 0.059375
9 0.28828125 0.5453125 0.0234375 0.03203125
9 0.3953125 0.51328125 0.02421875 0.0421875
1 0.4015625 0.54140625 0.01875 0.01640625
9 0.34765625 0.5625 0.03828125 0.0390625
1 0.40703125 0.5671875 0.01796875 0.01640625
9 0.296875 0.609375 0.059375 0.071875
1 0.3296875 0.59921875 0.01171875 0.0265625
1 0.371875 0.58828125 0.01796875 0.01640625
16 0.3546875 0.60078125 0.015625 0.03046875
13 0.4109375 0.58671875 0.025 0.028125
13 0.48359375 0.56953125 0.01328125 0.03046875
3 0.471875 0.57421875 0.0140625 0.03203125
1 0.44375 0.584375 0.01015625 0.025
5 0.45546875 0.58125 0.01796875 0.04453125
7 0.36484375 0.65625 0.0515625 0.078125
7 0.40546875 0.64375 0.0515625 0.07890625
1 0.484375 0.63359375 0.01875 0.0171875
4 0.29609375 0.7015625 0.11328125 0.13125
4 0.74453125 0.57734375 0.12890625 0.06484375
4 0.61171875 0.625 0.12578125 0.0625
9 0.39375 0.70234375 0.046875 0.04375
4 0.4796875 0.67265625 0.12734375 0.06484375
4 0.5109375 0.25546875 0.1265625 0.06875
4 0.640625 0.2125 0.1265625 0.06796875
4 0.37109375 0.30625 0.15625 0.07734375
4 0.31015625 0.36640625 0.05 0.05390625
5 0.28046875 0.37890625 0.01796875 0.04453125
1 0.2546875 0.39609375 0.021875 0.0171875
1 0.36875 0.36328125 0.0171875 0.015625