1 0.275 0.4015625 0.01796875 0.01640625
12 0.36640625 0.3734375 0.021875 0.01953125
4 0.31953125 0.396875 0.03125 0.04296875
17 0.27890625 0.4203125 0.01953125 0.015625
1 0.5484375 0.33671875 0.01875 0.01953125
16 0.36953125 0.3953125 0.015625 0.03125
4 0.21875 0.45 0.11171875 0.12890625
17 0.45078125 0.38203125 0.01015625 0.028125
16 0.67421875 0.31640625 0.015625 0.03125
12 0.6484375 0.325 0.021875 0.01953125
1 0.46328125 0.384375 0.0109375 0.0234375
16 0.28203125 0.44296875 0.01484375 0.03046875
12 0.3734375 0.41640625 0.0203125 0.01875
9 0.33046875 0.44609375 0.040625 0.0578125
12 0.3765625 0.43515625 0.021875 0.01796875
17 0.2859375 0.4640625 0.01875 0.015625
16 0.38125 0.46015625 0.0140625 0.03125
1 0.29140625 0.48984375 0.01796875 0.015625
1 0.4515625 0.44140625 0.01796875 0.015625
4 0.76953125 0.346875 0.096875 0.3734375
13 0.32890625 0.48984375 0.0203125 0.01640625
1 0.34765625 0.48515625 0.01796875 0.015625
1 0.29296875 0.503125 0.0171875 0.01640625
1 0.365625 0.4796875 0.0171875 0.01640625
1 0.3109375 0.49765625 0.0171875 0.01640625
9 0.51484375 0.43828125 0.12734375 0.17265625
0 0.65 0.39765625 0.05078125 0.09375
4 0.596875 0.41484375 0.040625 0.07265625
3 0.334375 0.5171875 0.0703125 0.0578125
9 0.28125 0.53515625 0.02265625 0.03203125
9 0.3890625 0.5046875 0.02421875 0.0421875
1 0.39375 0.53359375 0.01875 0.015625
9 0.340625 0.553125 0.03828125 0.03828125
1 0.3984375 0.55859375 0.01796875 0.015625
9 0.2890625 0.59921875 0.05859375 0.0703125
1 0.32109375 0.5890625 0.0109375 0.02578125
1 0.3640625 0.5796875 0.01796875 0.015625
16 0.346875 0.59140625 0.015625 0.03046875
13 0.40234375 0.57890625 0.02421875 0.028125
13 0.47578125 0.56328125 0.0125 0.03046875
3 0.46328125 0.56875 0.0140625 0.03203125
1 0.43515625 0.5765625 0.01015625 0.025
5 0.44765625 0.5734375 0.0171875 0.04453125
7 0.35625 0.64765625 0.05078125 0.07734375
7 0.39609375 0.63515625 0.05 0.078125
1 0.47578125 0.62734375 0.01875 0.01640625
4 0.28671875 0.690625 0.1125 0.128125
4 0.73515625 0.578125 0.128125 0.06171875
4 0.60234375 0.62265625 0.12578125 0.059375
9 0.384375 0.69296875 0.04609375 0.04296875
4 0.4703125 0.665625 0.1265625 0.06171875
4 0.50625 0.25234375 0.12578125 0.065625
4 0.63671875 0.2125 0.1265625 0.06484375
4 0.3671875 0.29921875 0.15625 0.0734375
4 0.30546875 0.35703125 0.04921875 0.053125
5 0.27578125 0.36953125 0.01796875 0.04453125
1 0.25 0.3859375 0.021875 0.01640625
1 0.36328125 0.35625 0.0171875 0.015625