1 0.25 0.46484375 0.01328125 0.034375
1 0.2515625 0.496875 0.01015625 0.03046875
4 0.9296875 0.38828125 0.1375 0.1546875
1 0.27109375 0.50390625 0.0125 0.0328125
5 0.30234375 0.50234375 0.0234375 0.04375
13 0.80546875 0.42890625 0.00703125 0.01875
17 0.79453125 0.43671875 0.0109375 0.01171875
1 0.25390625 0.540625 0.01171875 0.034375
13 0.35703125 0.52578125 0.02109375 0.02421875
4 0.134375 0.5625 0.24765625 0.34296875
5 0.2734375 0.54296875 0.01953125 0.0390625
9 0.63828125 0.48671875 0.334375 0.46875
13 0.3578125 0.546875 0.021875 0.01875
13 0.9171875 0.4640625 0.01015625 0.0109375
17 0.79921875 0.4984375 0.01171875 0.0125
17 0.90234375 0.4859375 0.01171875 0.01328125
13 0.809375 0.50234375 0.0078125 0.0203125
1 0.2859375 0.5890625 0.01171875 0.03046875
1 0.27265625 0.590625 0.01171875 0.0328125
1 0.25859375 0.59375 0.01171875 0.03203125
4 0.33125 0.60859375 0.06484375 0.059375
11 0.328125 0.671875 0.07890625 0.07265625
4 0.41640625 0.678125 0.09296875 0.39375
17 0.2796875 0.7140625 0.03125 0.02421875
1 0.32109375 0.71484375 0.021875 0.015625
17 0.36640625 0.7109375 0.02109375 0.01640625
13 0.2125 0.74375 0.08984375 0.06875
1 0.28046875 0.7453125 0.0390625 0.034375
17 0.3671875 0.73359375 0.021875 0.02421875
17 0.81875 0.6671875 0.0109375 0.0328125
17 0.8296875 0.665625 0.01171875 0.0328125
17 0.8421875 0.6640625 0.01171875 0.03359375
17 0.659375 0.70703125 0.0203125 0.01875
17 0.68828125 0.7015625 0.021875 0.015625
17 0.6359375 0.71015625 0.02265625 0.01953125
17 0.37265625 0.7578125 0.021875 0.0203125
17 0.74609375 0.6984375 0.02109375 0.02109375
9 0.3328125 0.76875 0.04921875 0.0671875
1 0.1578125 0.79921875 0.040625 0.0328125
4 0.921875 0.67578125 0.1546875 0.321875
1 0.6390625 0.72890625 0.02265625 0.01875
13 0.55234375 0.74921875 0.02109375 0.01640625
17 0.37109375 0.77890625 0.02265625 0.01796875
9 0.8328125 0.7046875 0.03515625 0.04765625
4 0.36875 0.09765625 0.334375 0.1953125
13 0.66171875 0.7328125 0.0140625 0.03203125
9 0.59765625 0.75625 0.06640625 0.0859375
4 0.06171875 0.84765625 0.09296875 0.1984375
17 0.55234375 0.76796875 0.01953125 0.01640625
17 0.36953125 0.8046875 0.0203125 0.01640625
17 0.64296875 0.7625 0.0203125 0.01875
5 0.21484375 0.8359375 0.0890625 0.09765625
10 0.28203125 0.82734375 0.05546875 0.10390625
1 0.3328125 0.82265625 0.0421875 0.03671875
1 0.8234375 0.7484375 0.0125 0.03125
17 0.8359375 0.74765625 0.0125 0.0328125
17 0.84765625 0.74609375 0.01171875 0.034375
4 0.746875 0.7671875 0.1296875 0.125
13 0.365625 0.83203125 0.01015625 0.03359375
17 0.3765625 0.83125 0.01171875 0.03515625
1 0.63828125 0.7890625 0.01796875 0.01796875
5 0.13671875 0.8859375 0.0625 0.109375
13 0.334375 0.85625 0.0421875 0.0375
17 0.3015625 0.88828125 0.02109375 0.02109375
4 0.65234375 0.07890625 0.2859375 0.1578125
12 0.31796875 0.90859375 0.03046875 0.02421875
4 0.49296875 0.9234375 0.27265625 0.1515625
4 0.74140625 0.89765625 0.23359375 0.1671875
4 0.8890625 0.10078125 0.1015625 0.11484375
17 0.3125 0.19453125 0.01796875 0.01640625
17 0.42578125 0.17734375 0.01796875 0.01640625
5 0.3640625 0.20234375 0.04296875 0.0640625
1 0.390625 0.20078125 0.0109375 0.03125
17 0.4484375 0.19296875 0.01640625 0.015625
0 0.221875 0.23984375 0.13984375 0.14375
5 0.1078125 0.26484375 0.025 0.065625
1 0.29609375 0.2390625 0.02265625 0.06015625
17 0.334375 0.24453125 0.021875 0.01640625
10 0.1390625 0.278125 0.03046875 0.0671875
21 0.690625 0.1890625 0.021875 0.059375
1 0.67109375 0.19375 0.01484375 0.04765625
4 0.03984375 0.296875 0.0796875 0.19375
1 0.709375 0.1890625 0.015625 0.04921875
21 0.7296875 0.1859375 0.02421875 0.06015625
21 0.76015625 0.18203125 0.0234375 0.05625
4 0.5375 0.21953125 0.15859375 0.12265625
1 0.77734375 0.18203125 0.01640625 0.04765625
9 0.42890625 0.25 0.065625 0.08671875
1 0.68046875 0.2265625 0.01953125 0.01640625
1 0.7125 0.2234375 0.01953125 0.01484375
1 0.74921875 0.21796875 0.01953125 0.015625
1 0.68203125 0.24765625 0.02109375 0.01484375
1 0.71484375 0.24296875 0.01796875 0.01484375
1 0.75 0.2375 0.01875 0.01640625
4 0.91796875 0.215625 0.13984375 0.171875
13 0.48046875 0.2875 0.0203125 0.01640625
13 0.84921875 0.22890625 0.00859375 0.01953125
17 0.84140625 0.23515625 0.01015625 0.0109375
1 0.40859375 0.31015625 0.01171875 0.03046875
1 0.68203125 0.26796875 0.01875 0.0140625
1 0.715625 0.2640625 0.01875 0.01640625
1 0.7515625 0.26015625 0.01875 0.0171875
17 0.4515625 0.3140625 0.01015625 0.0265625
4 0.31640625 0.346875 0.03828125 0.0984375
17 0.45859375 0.34296875 0.01796875 0.0171875
4 0.37265625 0.3625 0.0828125 0.24453125