1 0.25 0.48203125 0.01484375 0.03671875
1 0.2515625 0.51640625 0.01171875 0.03203125
4 0.95 0.3859375 0.0984375 0.159375
1 0.2734375 0.5234375 0.0140625 0.03515625
5 0.30625 0.5203125 0.025 0.04765625
13 0.8421875 0.42734375 0.00859375 0.0203125
17 0.83046875 0.43671875 0.01171875 0.0125
1 0.25546875 0.5625 0.01328125 0.03671875
13 0.36484375 0.54296875 0.021875 0.0265625
4 0.13046875 0.5890625 0.2609375 0.371875
5 0.2765625 0.56484375 0.02109375 0.0421875
9 0.66484375 0.49453125 0.3609375 0.5078125
13 0.36640625 0.56640625 0.0234375 0.02109375
13 0.9625 0.46171875 0.0109375 0.0109375
17 0.8359375 0.50234375 0.0125 0.0140625
17 0.946875 0.48515625 0.01328125 0.01484375
13 0.84765625 0.50625 0.00859375 0.021875
1 0.28984375 0.61328125 0.0125 0.03203125
1 0.2765625 0.61640625 0.01328125 0.03515625
1 0.2609375 0.61953125 0.0125 0.03359375
4 0.33828125 0.6328125 0.0703125 0.06484375
11 0.33671875 0.70078125 0.08515625 0.08046875
4 0.4296875 0.70390625 0.10390625 0.421875
17 0.28515625 0.74609375 0.034375 0.0265625
1 0.32890625 0.746875 0.0234375 0.01796875
17 0.37734375 0.740625 0.02265625 0.01875
13 0.21328125 0.7796875 0.09609375 0.07578125
1 0.2859375 0.7796875 0.0421875 0.0375
17 0.378125 0.76484375 0.0234375 0.0265625
17 0.859375 0.68046875 0.0125 0.03515625
17 0.871875 0.67890625 0.0125 0.03515625
17 0.884375 0.67734375 0.0125 0.0359375
17 0.68984375 0.72734375 0.021875 0.02109375
17 0.72109375 0.721875 0.0234375 0.01796875
17 0.66484375 0.7328125 0.02421875 0.021875
17 0.384375 0.790625 0.0234375 0.02265625
17 0.7828125 0.71640625 0.02265625 0.0234375
9 0.3421875 0.80390625 0.05234375 0.07265625
1 0.15625 0.84140625 0.04453125 0.0359375
4 0.9421875 0.690625 0.1140625 0.34140625
1 0.66875 0.75234375 0.02421875 0.02109375
13 0.57578125 0.7765625 0.02265625 0.01875
17 0.38359375 0.81328125 0.02421875 0.0203125
9 0.87421875 0.72109375 0.0375 0.0515625
4 0.37421875 0.0984375 0.35625 0.196875
13 0.6921875 0.75625 0.015625 0.03515625
9 0.62421875 0.7828125 0.07109375 0.09296875
4 0.0625 0.89296875 0.084375 0.21015625
17 0.5765625 0.79609375 0.0203125 0.01796875
17 0.38203125 0.84140625 0.021875 0.01875
17 0.6734375 0.78828125 0.021875 0.02109375
5 0.21640625 0.878125 0.09609375 0.10703125
10 0.2890625 0.8671875 0.0609375 0.11171875
1 0.34296875 0.8609375 0.04453125 0.040625
1 0.865625 0.76796875 0.0140625 0.0328125
17 0.87890625 0.7671875 0.0140625 0.03515625
17 0.8921875 0.76484375 0.0125 0.03671875
4 0.784375 0.790625 0.13984375 0.13671875
13 0.378125 0.8703125 0.01171875 0.0359375
17 0.38984375 0.86875 0.01328125 0.0375
1 0.66875 0.81640625 0.01953125 0.01953125
5 0.134375 0.934375 0.0671875 0.11796875
13 0.3453125 0.896875 0.0453125 0.04140625
17 0.31015625 0.9328125 0.0234375 0.0234375
4 0.67578125 0.07421875 0.3046875 0.1484375
12 0.328125 0.953125 0.0328125 0.0265625
4 0.51328125 0.9390625 0.28828125 0.11953125
4 0.77734375 0.9046875 0.24609375 0.1359375
4 0.9234375 0.0765625 0.1 0.1234375
17 0.3140625 0.19140625 0.01953125 0.01796875
17 0.434375 0.16953125 0.01953125 0.01796875
5 0.36875 0.1984375 0.04609375 0.06875
1 0.396875 0.19609375 0.0125 0.0328125
17 0.45859375 0.18671875 0.0171875 0.01796875
0 0.2171875 0.24296875 0.1515625 0.15703125
5 0.09609375 0.271875 0.02734375 0.0703125
1 0.296875 0.23984375 0.025 0.0640625
17 0.3375 0.24453125 0.0234375 0.01875
10 0.1296875 0.2859375 0.03359375 0.07265625
21 0.71640625 0.175 0.02421875 0.0640625
1 0.69609375 0.18046875 0.01640625 0.05078125
4 0.034375 0.309375 0.06875 0.20859375
1 0.73671875 0.175 0.0171875 0.053125
21 0.75859375 0.17109375 0.0265625 0.0640625
21 0.790625 0.165625 0.025 0.06015625
4 0.553125 0.2125 0.1703125 0.13515625
1 0.81015625 0.16484375 0.01875 0.05078125
9 0.4390625 0.24765625 0.07109375 0.09375
1 0.70625 0.21640625 0.02109375 0.01796875
1 0.74140625 0.2109375 0.021875 0.0171875
1 0.7796875 0.20390625 0.0203125 0.0171875
1 0.70859375 0.2375 0.02265625 0.0171875
1 0.74296875 0.23203125 0.0203125 0.01640625
1 0.78125 0.22578125 0.0203125 0.01796875
4 0.93515625 0.2015625 0.10078125 0.178125
13 0.49375 0.2859375 0.021875 0.01875
13 0.88671875 0.2140625 0.00859375 0.021875
17 0.878125 0.2203125 0.01015625 0.0109375
1 0.41796875 0.31328125 0.0125 0.03203125
1 0.70859375 0.259375 0.0203125 0.015625
1 0.7453125 0.25390625 0.0203125 0.01796875
1 0.7828125 0.2484375 0.0203125 0.01875
17 0.46328125 0.31484375 0.01171875 0.028125
4 0.31953125 0.35390625 0.04140625 0.10625
17 0.471875 0.34609375 0.01875 0.01953125
4 0.38046875 0.36953125 0.090625 0.2625