2 0.2578125 0.421875 0.01171875 0.0328125
2 0.25703125 0.453125 0.00859375 0.02890625
4 0.9328125 0.45390625 0.13046875 0.1328125
2 0.27578125 0.46328125 0.0109375 0.03125
5 0.30625 0.46640625 0.0203125 0.04140625
13 0.80625 0.47421875 0.00625 0.01796875
16 0.79453125 0.4796875 0.0109375 0.01015625
2 0.25703125 0.49609375 0.01015625 0.0328125
13 0.35859375 0.49765625 0.01953125 0.02109375
4 0.13671875 0.4984375 0.22578125 0.30546875
5 0.27578125 0.5015625 0.01640625 0.0359375
9 0.63828125 0.5046875 0.30390625 0.41796875
13 0.35859375 0.51875 0.02109375 0.01640625
13 0.9140625 0.5265625 0.01015625 0.009375
16 0.7953125 0.54140625 0.0109375 0.0109375
16 0.89765625 0.54453125 0.0109375 0.01171875
13 0.80546875 0.546875 0.00625 0.01953125
2 0.284375 0.5484375 0.009375 0.02890625
2 0.271875 0.54921875 0.01015625 0.03125
2 0.25703125 0.54921875 0.009375 0.03046875
4 0.328125 0.575 0.06171875 0.04921875
11 0.3203125 0.6375 0.07421875 0.06171875
4 0.40625 0.65703125 0.06640625 0.38203125
16 0.26953125 0.6703125 0.03046875 0.0203125
2 0.3109375 0.678125 0.02109375 0.01328125
16 0.35625 0.68125 0.0203125 0.0140625
13 0.2015625 0.68828125 0.08515625 0.05546875
2 0.26875 0.7015625 0.0375 0.028125
16 0.3546875 0.70390625 0.0203125 0.02109375
16 0.803125 0.71015625 0.009375 0.03125
16 0.81484375 0.7109375 0.009375 0.03125
16 0.8265625 0.7109375 0.009375 0.03203125
16 0.64375 0.7234375 0.01953125 0.01640625
16 0.6734375 0.7234375 0.0203125 0.01328125
16 0.6203125 0.72421875 0.021875 0.0171875
16 0.35859375 0.728125 0.0203125 0.0171875
16 0.73046875 0.7296875 0.01953125 0.01875
9 0.31875 0.73359375 0.04453125 0.06015625
2 0.14453125 0.7359375 0.0390625 0.0265625
4 0.909375 0.73671875 0.1421875 0.296875
2 0.62265625 0.7421875 0.021875 0.01640625
13 0.53515625 0.74765625 0.0203125 0.0140625
16 0.35625 0.7484375 0.021875 0.015625
9 0.8140625 0.74921875 0.03203125 0.04296875
4 0.39921875 0.075 0.3203125 0.15
13 0.64453125 0.75 0.0125 0.03046875
9 0.5796875 0.7625 0.0609375 0.0765625
4 0.04375 0.7671875 0.08515625 0.184375
16 0.53515625 0.7671875 0.01796875 0.0140625
16 0.35234375 0.77421875 0.01953125 0.0140625
16 0.62421875 0.7765625 0.01953125 0.01640625
5 0.19765625 0.7796875 0.08359375 0.084375
10 0.26484375 0.7828125 0.04921875 0.0953125
2 0.31484375 0.7859375 0.03984375 0.0296875
2 0.80234375 0.790625 0.0109375 0.0296875
16 0.81484375 0.7921875 0.01015625 0.03125
16 0.82734375 0.7921875 0.009375 0.0328125
4 0.72578125 0.79765625 0.12265625 0.1046875
13 0.34609375 0.80078125 0.00859375 0.03203125
16 0.35703125 0.8015625 0.01015625 0.03359375
2 0.61796875 0.8015625 0.0171875 0.015625
5 0.11796875 0.8171875 0.05546875 0.1
13 0.3140625 0.81953125 0.040625 0.03125
16 0.2796875 0.84609375 0.0203125 0.01875
4 0.68125 0.08515625 0.27265625 0.15546875
12 0.29375 0.86875 0.0296875 0.0203125
4 0.46484375 0.92578125 0.26171875 0.1390625
4 0.71171875 0.92578125 0.22265625 0.13359375
4 0.9109375 0.1640625 0.09375 0.1
16 0.3375 0.1640625 0.0171875 0.0140625
16 0.45 0.165625 0.0171875 0.0140625
5 0.3875 0.18125 0.0390625 0.05703125
2 0.4140625 0.18359375 0.009375 0.0296875
16 0.47109375 0.18515625 0.015625 0.0140625
0 0.2453125 0.1953125 0.13125 0.121875
5 0.13125 0.2015625 0.0203125 0.0625
2 0.31796875 0.20703125 0.01875 0.05703125
16 0.35546875 0.21796875 0.0203125 0.0140625
10 0.1609375 0.21953125 0.0265625 0.06328125
21 0.709375 0.21953125 0.01796875 0.05625
2 0.68984375 0.221875 0.01171875 0.04609375
4 0.05625 0.22265625 0.0796875 0.1796875
2 0.728125 0.22265625 0.0125 0.04765625
21 0.7484375 0.22265625 0.0203125 0.05625
21 0.778125 0.2234375 0.01953125 0.05234375
4 0.55625 0.225 0.15078125 0.09765625
2 0.7953125 0.2265625 0.0140625 0.0453125
9 0.4484375 0.2375 0.06015625 0.07734375
2 0.696875 0.25546875 0.01875 0.01328125
2 0.72890625 0.25625 0.01953125 0.0125
2 0.765625 0.2578125 0.01875 0.0125
2 0.69765625 0.27578125 0.0203125 0.0125
2 0.7296875 0.2765625 0.01796875 0.0125
2 0.76484375 0.27734375 0.01796875 0.01328125
4 0.9328125 0.28203125 0.13046875 0.15078125
13 0.49609375 0.28359375 0.01953125 0.0140625
13 0.86328125 0.284375 0.00703125 0.01953125
16 0.8546875 0.2890625 0.009375 0.009375
2 0.42421875 0.29375 0.01015625 0.02890625
2 0.69609375 0.29609375 0.01796875 0.01171875
2 0.7296875 0.296875 0.01796875 0.01328125
2 0.76484375 0.29921875 0.01796875 0.01484375
16 0.46640625 0.30390625 0.009375 0.025
4 0.33046875 0.315625 0.03125 0.09375
16 0.47109375 0.33515625 0.0171875 0.015625
4 0.3859375 0.340625 0.06640625 0.2328125