1 0.27734375 0.3265625 0.01640625 0.0359375
1 0.27109375 0.35703125 0.0125 0.03125
4 0.93515625 0.59609375 0.128125 0.175
1 0.28828125 0.375 0.01484375 0.034375
5 0.31875 0.38828125 0.0265625 0.04765625
13 0.81796875 0.5734375 0.009375 0.0203125
17 0.8046875 0.575 0.01171875 0.01328125
1 0.26484375 0.40078125 0.01484375 0.03515625
13 0.36640625 0.43828125 0.021875 0.028125
4 0.14453125 0.3609375 0.27109375 0.384375
5 0.2828125 0.41328125 0.021875 0.04140625
9 0.6453125 0.54453125 0.36640625 0.52578125
13 0.36328125 0.459375 0.0234375 0.0234375
13 0.91796875 0.6640625 0.0109375 0.0125
17 0.79609375 0.63671875 0.0125 0.01484375
17 0.8984375 0.67734375 0.01328125 0.015625
13 0.80625 0.64609375 0.009375 0.021875
1 0.28515625 0.46328125 0.01328125 0.03125
1 0.271875 0.45859375 0.01484375 0.03359375
1 0.2578125 0.45390625 0.0140625 0.0328125
4 0.32421875 0.5046875 0.06875 0.07109375
11 0.3078125 0.5640625 0.0828125 0.08671875
4 0.390625 0.61484375 0.1234375 0.40546875
17 0.2515625 0.5796875 0.0328125 0.0296875
1 0.29140625 0.60234375 0.02265625 0.0203125
17 0.3359375 0.62109375 0.021875 0.02109375
13 0.18046875 0.57421875 0.09375 0.084375
1 0.24609375 0.6109375 0.04140625 0.040625
17 0.33203125 0.64375 0.02265625 0.028125
17 0.77890625 0.80859375 0.01328125 0.03359375
17 0.790625 0.81328125 0.0140625 0.03359375
17 0.80234375 0.81796875 0.0140625 0.034375
17 0.6171875 0.765625 0.021875 0.02265625
17 0.646875 0.77578125 0.02265625 0.0203125
17 0.59453125 0.7578125 0.02421875 0.02421875
17 0.33203125 0.66875 0.02265625 0.025
17 0.703125 0.80234375 0.021875 0.025
9 0.290625 0.66015625 0.05390625 0.07578125
1 0.11640625 0.60078125 0.04296875 0.03984375
4 0.88125 0.84921875 0.18671875 0.30078125
1 0.59375 0.77734375 0.02421875 0.0234375
13 0.50546875 0.75234375 0.021875 0.02109375
17 0.32578125 0.6890625 0.0234375 0.02265625
9 0.784375 0.8515625 0.03828125 0.05390625
4 0.46953125 0.08203125 0.340625 0.16328125
13 0.6140625 0.7921875 0.01640625 0.034375
9 0.54765625 0.78203125 0.071875 0.096875
4 0.034375 0.59765625 0.06796875 0.21328125
17 0.50234375 0.7703125 0.0203125 0.0203125
17 0.31875 0.71328125 0.02109375 0.0203125
17 0.590625 0.81171875 0.021875 0.02265625
5 0.16328125 0.6640625 0.0953125 0.11328125
10 0.2296875 0.690625 0.06328125 0.1125
1 0.2796875 0.71171875 0.04375 0.04375
1 0.76640625 0.8890625 0.01484375 0.0328125
17 0.778125 0.8953125 0.01484375 0.034375
17 0.78984375 0.9 0.0140625 0.03515625
4 0.68828125 0.86953125 0.1375 0.1484375
13 0.30859375 0.7375 0.01328125 0.034375
17 0.31953125 0.7421875 0.01484375 0.0359375
1 0.5796875 0.834375 0.01953125 0.02109375
5 0.07734375 0.67265625 0.0703125 0.11953125
13 0.2734375 0.7453125 0.04453125 0.04453125
17 0.23515625 0.75859375 0.02265625 0.02578125
4 0.75 0.1484375 0.29296875 0.2359375
12 0.246875 0.7859375 0.03203125 0.0296875
4 0.40859375 0.89375 0.2828125 0.21015625
4 0.6546875 0.94296875 0.24296875 0.11328125
4 0.95703125 0.3 0.0859375 0.13359375
17 0.39453125 0.09765625 0.01875 0.01953125
17 0.5078125 0.1390625 0.01875 0.01953125
5 0.44296875 0.13203125 0.046875 0.07109375
1 0.46875 0.14296875 0.01328125 0.03203125
17 0.52578125 0.16640625 0.0171875 0.01953125
0 0.2984375 0.0953125 0.15 0.16796875
5 0.184375 0.0609375 0.0296875 0.06875
1 0.36953125 0.1328125 0.02734375 0.06328125
17 0.40546875 0.1578125 0.02265625 0.02109375
10 0.21015625 0.08984375 0.0359375 0.07265625
21 0.75859375 0.284375 0.0265625 0.0625
1 0.7390625 0.2796875 0.01875 0.05
4 0.10546875 0.08046875 0.10703125 0.16015625
1 0.7765625 0.29453125 0.01953125 0.0515625
21 0.79765625 0.30234375 0.02890625 0.06328125
21 0.8265625 0.31328125 0.02734375 0.059375
4 0.60546875 0.23671875 0.165625 0.15078125
1 0.84375 0.321875 0.0203125 0.05
9 0.4953125 0.2109375 0.071875 0.09765625
1 0.740625 0.315625 0.0203125 0.0203125
1 0.77265625 0.32890625 0.02109375 0.01875
1 0.809375 0.3421875 0.0203125 0.01953125
1 0.73828125 0.3359375 0.021875 0.01953125
1 0.7703125 0.3484375 0.01953125 0.01875
1 0.80625 0.36171875 0.01953125 0.0203125
4 0.94765625 0.4234375 0.10390625 0.1921875
13 0.53671875 0.27265625 0.02109375 0.0203125
13 0.90234375 0.4046875 0.009375 0.021875
17 0.89375 0.40625 0.01015625 0.0125
1 0.4625 0.2578125 0.0140625 0.03203125
1 0.734375 0.35625 0.01953125 0.01796875
1 0.7671875 0.36953125 0.01953125 0.0203125
1 0.80234375 0.384375 0.01953125 0.02109375
17 0.503125 0.2828125 0.0125 0.028125
4 0.36640625 0.24609375 0.0453125 0.10390625
17 0.503125 0.315625 0.01875 0.02109375
4 0.4171875 0.290625 0.10078125 0.25546875