1 0.34609375 0.67734375 0.03125 0.01640625
17 0.03046875 0.628125 0.015625 0.0296875
1 0.09375 0.640625 0.02421875 0.0359375
9 0.05625 0.6625 0.04765625 0.04765625
17 0.025 0.66171875 0.0140625 0.028125
1 0.1078125 0.6828125 0.021875 0.034375
1 0.13046875 0.6875 0.02421875 0.03515625
1 0.084375 0.68125 0.025 0.03515625
17 0.40234375 0.015625 0.028125 0.01953125
1 0.8625 0.8125 0.03125 0.0140625
17 0.73515625 0.8078125 0.0265625 0.01875
17 0.76015625 0.81171875 0.0265625 0.01875
17 0.6859375 0.80078125 0.0265625 0.01796875
17 0.7109375 0.80390625 0.0265625 0.01796875
17 0.6609375 0.79609375 0.02734375 0.01875
17 0.5609375 0.78125 0.02734375 0.01875
17 0.58671875 0.784375 0.02734375 0.01875
17 0.61171875 0.7890625 0.0265625 0.01875
17 0.6359375 0.79296875 0.0265625 0.01875
17 0.89296875 0.834375 0.02578125 0.01796875
17 0.46171875 0.76484375 0.02734375 0.01796875
17 0.51171875 0.7734375 0.02734375 0.01796875
17 0.53671875 0.7765625 0.02734375 0.01796875
17 0.4859375 0.76953125 0.02734375 0.01875
17 0.33671875 0.74609375 0.0265625 0.01796875
17 0.36171875 0.75 0.0265625 0.01953125
17 0.38671875 0.75390625 0.02734375 0.01953125
17 0.41171875 0.7578125 0.02734375 0.01796875
17 0.4359375 0.76171875 0.02734375 0.01796875
17 0.21171875 0.72578125 0.0265625 0.01796875
17 0.2359375 0.73046875 0.02734375 0.01796875
17 0.2609375 0.734375 0.0265625 0.01796875
17 0.28671875 0.73828125 0.0265625 0.01796875
17 0.31171875 0.7421875 0.0265625 0.01796875
17 0.1875 0.72265625 0.0265625 0.0171875
1 0.80859375 0.82890625 0.0171875 0.03046875
1 0.8234375 0.83125 0.015625 0.02578125
1 0.70859375 0.81875 0.0265625 0.01796875
1 0.73359375 0.82265625 0.02734375 0.01796875
1 0.68359375 0.81484375 0.0265625 0.01875
1 0.7578125 0.82734375 0.0265625 0.0171875
1 0.65859375 0.81171875 0.02734375 0.01796875
1 0.53359375 0.7921875 0.0265625 0.01875
1 0.55859375 0.7953125 0.02734375 0.01875
1 0.58359375 0.8 0.02734375 0.01875
1 0.60859375 0.80390625 0.0265625 0.01875
1 0.459375 0.78046875 0.0265625 0.01953125
1 0.484375 0.784375 0.02734375 0.01953125
1 0.509375 0.78828125 0.02734375 0.01953125
1 0.63359375 0.80859375 0.02734375 0.01796875
1 0.384375 0.76875 0.02734375 0.01875
1 0.40859375 0.77265625 0.028125 0.01875
1 0.434375 0.7765625 0.0265625 0.01875
1 0.284375 0.753125 0.02734375 0.01796875
1 0.334375 0.7609375 0.02734375 0.01796875
1 0.359375 0.76484375 0.02734375 0.01796875
9 0.85390625 0.8453125 0.05078125 0.04609375
1 0.209375 0.74140625 0.02734375 0.01875
1 0.234375 0.7453125 0.02734375 0.01875
1 0.25859375 0.74921875 0.02578125 0.0171875
1 0.309375 0.75703125 0.0265625 0.01875
1 0.184375 0.73828125 0.0265625 0.01875
17 0.8859375 0.85703125 0.0171875 0.02578125
17 0.75546875 0.840625 0.02578125 0.01953125
17 0.70546875 0.83359375 0.02734375 0.01875
17 0.65625 0.8265625 0.02734375 0.01953125
17 0.68203125 0.83046875 0.02734375 0.01875
17 0.73125 0.83828125 0.02734375 0.01875
17 0.55703125 0.81015625 0.02734375 0.01875
17 0.63125 0.821875 0.02734375 0.01875
17 0.50703125 0.80234375 0.028125 0.01796875
17 0.58125 0.81484375 0.02734375 0.01796875
17 0.60625 0.81875 0.0265625 0.01796875
17 0.40625 0.78671875 0.028125 0.01875
17 0.43203125 0.79140625 0.0265625 0.01875
17 0.48125 0.79921875 0.02578125 0.0171875
17 0.53125 0.8078125 0.02734375 0.01875
17 0.45625 0.7953125 0.02734375 0.01796875
17 0.35703125 0.78046875 0.0265625 0.01875
17 0.38125 0.78359375 0.0265625 0.01875
17 0.25703125 0.7640625 0.028125 0.01796875
17 0.30703125 0.77265625 0.0265625 0.01796875
17 0.33203125 0.77578125 0.0265625 0.01796875
17 0.20703125 0.75625 0.0265625 0.01875
17 0.23203125 0.76015625 0.028125 0.01875
17 0.28125 0.76875 0.0265625 0.01875
17 0.18203125 0.753125 0.02734375 0.01796875
17 0.81953125 0.85859375 0.01640625 0.02578125
10 0.06015625 0.74296875 0.09453125 0.09921875
12 0.465625 0.03203125 0.040625 0.03671875
1 0.8578125 0.87578125 0.025 0.01640625
12 0.703125 0.07109375 0.0390625 0.0359375
20 0.43125 0.034375 0.02890625 0.025
4 0.45390625 0.88515625 0.5390625 0.228125
4 0.58203125 0.06328125 0.11953125 0.10234375
9 0.8078125 0.1078125 0.05078125 0.04609375
1 0.91015625 0.128125 0.01640625 0.02421875
17 0.7734375 0.10859375 0.0171875 0.02578125
9 0.88203125 0.1296875 0.0375 0.0328125
17 0.84765625 0.125 0.03515625 0.06171875
20 0.70390625 0.1046875 0.01484375 0.0234375
1 0.3984375 0.07421875 0.025 0.01640625
1 0.7875 0.13984375 0.02578125 0.0171875
17 0.8125 0.14296875 0.02734375 0.01875
17 0.6546875 0.1203125 0.01875 0.0265625
17 0.66953125 0.12265625 0.0171875 0.02734375
17 0.684375 0.125 0.01953125 0.02734375
17 0.71328125 0.1296875 0.0171875 0.02578125
17 0.69921875 0.12734375 0.01875 0.0265625
1 0.3640625 0.0796875 0.015625 0.025
13 0.54609375 0.11328125 0.02734375 0.01875
1 0.49375 0.1203125 0.015625 0.025
10 0.54375 0.13046875 0.02890625 0.02109375
13 0.540625 0.1484375 0.02578125 0.0171875
9 0.42578125 0.14296875 0.12734375 0.12734375
13 0.88515625 0.22265625 0.03671875 0.02421875
13 0.84375 0.2171875 0.0359375 0.02421875
17 0.49453125 0.16640625 0.02578125 0.0171875
1 0.840625 0.24140625 0.03671875 0.025
10 0.76484375 0.2296875 0.12421875 0.11796875
1 0.88203125 0.2484375 0.03671875 0.02421875
10 0.95078125 0.26171875 0.09765625 0.11875
17 0.34375 0.16640625 0.0171875 0.02734375
1 0.35859375 0.16875 0.01484375 0.02421875
9 0.51484375 0.20390625 0.05 0.04296875
1 0.5453125 0.2140625 0.01640625 0.02421875
1 0.8375 0.26875 0.03671875 0.02421875
1 0.878125 0.275 0.03671875 0.02578125
1 0.4109375 0.20859375 0.02734375 0.01796875
1 0.44296875 0.21328125 0.02578125 0.01796875
1 0.365625 0.203125 0.015625 0.02421875
1 0.390625 0.20703125 0.01640625 0.02421875
1 0.378125 0.20546875 0.015625 0.0265625
1 0.8984375 0.30625 0.01640625 0.0265625
17 0.878125 0.3078125 0.02578125 0.0171875
1 0.79921875 0.296875 0.02578125 0.0171875
17 0.82265625 0.3015625 0.0265625 0.01796875
17 0.5609375 0.2828125 0.0171875 0.02734375
1 0.81328125 0.32890625 0.015625 0.03203125
17 0.87109375 0.3578125 0.02578125 0.0171875
1 0.87265625 0.371875 0.02734375 0.01796875
10 0.9203125 0.40546875 0.08671875 0.090625
1 0.8171875 0.39453125 0.02578125 0.0359375
1 0.83828125 0.39765625 0.02578125 0.0375
1 0.8609375 0.40078125 0.025 0.0375
1 0.79453125 0.39140625 0.025 0.03671875
1 0.41953125 0.33828125 0.01484375 0.03046875
9 0.5375 0.35703125 0.2 0.1484375
1 0.43671875 0.34140625 0.0171875 0.0265625
1 0.37890625 0.38203125 0.015625 0.03203125
17 0.246875 0.38125 0.03125 0.015625
1 0.62734375 0.44453125 0.0140625 0.02890625
17 0.24375 0.39609375 0.03203125 0.0140625
1 0.7109375 0.47265625 0.03125 0.0140625
17 0.80234375 0.4953125 0.0296875 0.01484375
1 0.66640625 0.47578125 0.03125 0.0140625
17 0.24140625 0.4109375 0.0296875 0.015625
17 0.80078125 0.51171875 0.0296875 0.0140625
1 0.63203125 0.48671875 0.02578125 0.01875
1 0.40625 0.4515625 0.02578125 0.01875
17 0.23828125 0.4265625 0.03203125 0.015625
17 0.7984375 0.5265625 0.03125 0.01484375
1 0.63046875 0.5015625 0.02578125 0.01796875
17 0.23671875 0.4421875 0.03046875 0.01484375
17 0.7953125 0.5421875 0.03125 0.0140625
4 0.1265625 0.4390625 0.2109375 0.22578125
4 0.89921875 0.56484375 0.20078125 0.22265625
17 0.23359375 0.45703125 0.03125 0.015625
17 0.79296875 0.55703125 0.03125 0.01484375
17 0.23125 0.4734375 0.03125 0.0140625
17 0.79140625 0.571875 0.0296875 0.0140625
9 0.71875 0.56328125 0.10078125 0.115625
17 0.22890625 0.4875 0.02890625 0.01484375
17 0.7890625 0.5875 0.03125 0.015625
9 0.50546875 0.55625 0.21953125 0.22109375
17 0.78671875 0.60234375 0.03125 0.01484375
1 0.671875 0.61640625 0.02578125 0.01875
1 0.7421875 0.63203125 0.03125 0.0140625
9 0.26328125 0.5703125 0.115625 0.10390625
1 0.865625 0.67578125 0.0328125 0.01640625
1 0.32421875 0.590625 0.01484375 0.028125
5 0.78515625 0.68359375 0.04296875 0.02421875
1 0.60546875 0.66015625 0.02578125 0.01796875
1 0.38046875 0.625 0.02578125 0.0171875
5 0.146875 0.59296875 0.0265625 0.04296875
20 0.1765625 0.6 0.034375 0.03359375
1 0.60234375 0.675 0.03203125 0.01484375
1 0.3765625 0.640625 0.03125 0.01484375
17 0.80859375 0.71328125 0.0171875 0.02578125
1 0.29765625 0.63046875 0.02578125 0.01875
20 0.78046875 0.71171875 0.0390625 0.034375
17 0.75234375 0.7109375 0.01640625 0.02578125
20 0.87421875 0.73125 0.11484375 0.10234375
17 0.1703125 0.62890625 0.0265625 0.0171875
13 0.0625 0.61875 0.0171875 0.02734375
17 0.04765625 0.61640625 0.01484375 0.02734375
17 0.80546875 0.74375 0.02578125 0.01796875
1 0.77890625 0.73984375 0.02578125 0.01796875