1 0.2765625 0.67421875 0.03125 0.01796875
1 0.0265625 0.6234375 0.02578125 0.0359375
9 0.00625 0.64296875 0.0125 0.0515625
1 0.03828125 0.6671875 0.0234375 0.03515625
1 0.0609375 0.6734375 0.02578125 0.03515625
1 0.015625 0.6640625 0.02578125 0.0359375
17 0.3671875 0.015625 0.02890625 0.0203125
1 0.78515625 0.83671875 0.03125 0.015625
17 0.65859375 0.825 0.0265625 0.01953125
17 0.6828125 0.83046875 0.0265625 0.01953125
17 0.609375 0.8140625 0.0265625 0.01953125
17 0.634375 0.8203125 0.0265625 0.01953125
17 0.58515625 0.809375 0.02734375 0.01953125
17 0.4859375 0.78828125 0.02734375 0.01953125
17 0.5109375 0.79453125 0.02734375 0.01953125
17 0.5359375 0.79921875 0.0265625 0.01953125
17 0.5609375 0.8046875 0.0265625 0.01953125
17 0.815625 0.859375 0.02578125 0.01875
17 0.3875 0.7671875 0.02734375 0.01953125
17 0.43671875 0.778125 0.02734375 0.01953125
17 0.46171875 0.78359375 0.02734375 0.01953125
17 0.41171875 0.7734375 0.02734375 0.01953125
17 0.26328125 0.74140625 0.0265625 0.01953125
17 0.28828125 0.74765625 0.02734375 0.0203125
17 0.3125 0.75234375 0.028125 0.0203125
17 0.3375 0.7578125 0.02734375 0.01953125
17 0.36171875 0.7625 0.02734375 0.01953125
17 0.13984375 0.715625 0.0265625 0.01953125
17 0.1640625 0.72109375 0.02734375 0.01953125
17 0.1890625 0.72578125 0.0265625 0.01953125
17 0.2140625 0.73203125 0.0265625 0.01953125
17 0.2390625 0.7375 0.0265625 0.01953125
17 0.115625 0.7109375 0.02734375 0.01875
1 0.73046875 0.85 0.01875 0.03125
1 0.7453125 0.85234375 0.01640625 0.0265625
1 0.63125 0.834375 0.0265625 0.01953125
1 0.65625 0.83984375 0.02734375 0.01953125
1 0.60625 0.8296875 0.0265625 0.01953125
1 0.68046875 0.8453125 0.02734375 0.01875
1 0.58203125 0.825 0.02734375 0.01953125
1 0.45859375 0.7984375 0.0265625 0.01953125
1 0.48359375 0.80390625 0.02734375 0.01953125
1 0.5078125 0.80859375 0.02734375 0.01953125
1 0.53203125 0.8140625 0.0265625 0.01953125
1 0.384375 0.7828125 0.02734375 0.0203125
1 0.40859375 0.78828125 0.028125 0.0203125
1 0.43359375 0.79296875 0.028125 0.0203125
1 0.55703125 0.81953125 0.02734375 0.01953125
1 0.31015625 0.7671875 0.02734375 0.01953125
1 0.334375 0.771875 0.028125 0.01953125
1 0.359375 0.778125 0.0265625 0.01953125
1 0.21171875 0.74609375 0.02734375 0.01953125
1 0.26015625 0.75703125 0.02734375 0.01953125
1 0.28515625 0.7625 0.02734375 0.01953125
9 0.77578125 0.86796875 0.05234375 0.0484375
1 0.13671875 0.73046875 0.02734375 0.01953125
1 0.16171875 0.7359375 0.02734375 0.01953125
1 0.1859375 0.74140625 0.0265625 0.01875
1 0.2359375 0.75234375 0.0265625 0.01953125
1 0.11171875 0.72578125 0.0265625 0.01953125
17 0.80625 0.88203125 0.01796875 0.02578125
17 0.67734375 0.859375 0.0265625 0.01953125
17 0.628125 0.84921875 0.02734375 0.01953125
17 0.57890625 0.8390625 0.028125 0.0203125
17 0.60390625 0.8453125 0.02734375 0.01953125
17 0.65234375 0.85546875 0.02734375 0.01953125
17 0.4796875 0.81796875 0.02734375 0.01953125
17 0.55390625 0.83359375 0.02734375 0.01953125
17 0.43046875 0.8078125 0.028125 0.01953125
17 0.50546875 0.82421875 0.02734375 0.01953125
17 0.5296875 0.82890625 0.0265625 0.01953125
17 0.33203125 0.78671875 0.028125 0.01953125
17 0.35625 0.7921875 0.0265625 0.01953125
17 0.40546875 0.803125 0.0265625 0.01875
17 0.4546875 0.81328125 0.02734375 0.01953125
17 0.38046875 0.79765625 0.02734375 0.01953125
17 0.28203125 0.77734375 0.0265625 0.01953125
17 0.30625 0.78203125 0.0265625 0.01953125
17 0.1828125 0.75625 0.028125 0.01953125
17 0.23203125 0.76640625 0.0265625 0.01953125
17 0.2578125 0.771875 0.0265625 0.01953125
17 0.13359375 0.7453125 0.0265625 0.01953125
17 0.15859375 0.75078125 0.028125 0.01953125
17 0.2078125 0.76171875 0.0265625 0.01953125
17 0.109375 0.740625 0.02734375 0.01953125
17 0.73984375 0.88046875 0.0171875 0.0265625
10 0.01875 0.7234375 0.03671875 0.10390625
12 0.4296875 0.0359375 0.0421875 0.03828125
1 0.7765625 0.8984375 0.02578125 0.0171875
12 0.6640625 0.0875 0.040625 0.0375
20 0.39453125 0.03671875 0.0296875 0.0265625
4 0.375 0.8796875 0.54140625 0.2390625
4 0.54375 0.07265625 0.12265625 0.10703125
9 0.7671875 0.13046875 0.05234375 0.0484375
1 0.86875 0.15546875 0.0171875 0.025
17 0.73203125 0.128125 0.01796875 0.02578125
9 0.83984375 0.15546875 0.0390625 0.034375
17 0.80625 0.14921875 0.0375 0.0625
20 0.6640625 0.12109375 0.015625 0.0234375
1 0.36015625 0.07421875 0.02578125 0.0171875
1 0.7453125 0.16015625 0.0265625 0.01875
17 0.76953125 0.165625 0.02734375 0.01953125
17 0.6140625 0.13359375 0.01953125 0.02734375
17 0.628125 0.1375 0.01875 0.02734375
17 0.64296875 0.13984375 0.02109375 0.028125
17 0.671875 0.14609375 0.01796875 0.02578125
17 0.6578125 0.14375 0.01953125 0.02734375
1 0.325 0.07734375 0.01640625 0.02578125
13 0.50546875 0.12109375 0.02734375 0.01953125
1 0.453125 0.125 0.01640625 0.02578125
10 0.5015625 0.1390625 0.0296875 0.02265625
13 0.49765625 0.15625 0.02578125 0.01796875
9 0.38359375 0.1453125 0.13125 0.1328125
13 0.83828125 0.2484375 0.03671875 0.02578125
13 0.79765625 0.240625 0.0359375 0.02578125
17 0.4515625 0.17265625 0.02578125 0.01796875
1 0.79296875 0.26484375 0.03671875 0.0265625
10 0.71796875 0.24921875 0.128125 0.121875
1 0.83359375 0.27421875 0.03671875 0.02578125
10 0.91640625 0.2921875 0.12890625 0.12265625
17 0.30078125 0.1640625 0.01875 0.02734375
1 0.31484375 0.16640625 0.015625 0.02421875
9 0.46953125 0.21015625 0.0515625 0.04453125
1 0.5 0.221875 0.0171875 0.025
1 0.78828125 0.2921875 0.03671875 0.02578125
1 0.82890625 0.30078125 0.03671875 0.02734375
1 0.365625 0.209375 0.02734375 0.01953125
1 0.39765625 0.215625 0.02578125 0.01875
1 0.3203125 0.2015625 0.015625 0.025
1 0.3453125 0.20703125 0.0171875 0.025
1 0.3328125 0.2046875 0.0171875 0.02734375
1 0.84765625 0.3328125 0.01796875 0.02734375
17 0.82734375 0.33359375 0.0265625 0.01875
1 0.7484375 0.31796875 0.02578125 0.01796875
17 0.771875 0.3234375 0.0265625 0.01953125
17 0.51171875 0.2921875 0.01875 0.02734375
1 0.7609375 0.35 0.0171875 0.03203125
17 0.8171875 0.3828125 0.0265625 0.01875
1 0.81875 0.396875 0.02734375 0.01953125
10 0.8640625 0.4328125 0.0890625 0.09375
1 0.7609375 0.41640625 0.0265625 0.03671875
1 0.7828125 0.4203125 0.02734375 0.03828125
1 0.80546875 0.42578125 0.02578125 0.03828125
1 0.7390625 0.4109375 0.02578125 0.0375
1 0.36796875 0.33984375 0.015625 0.03046875
9 0.484375 0.36484375 0.20390625 0.1578125
1 0.38515625 0.34375 0.01796875 0.0265625
1 0.325 0.38046875 0.0171875 0.03203125
17 0.19296875 0.37265625 0.03125 0.0171875
1 0.56953125 0.45625 0.01484375 0.02890625
17 0.1890625 0.3875 0.03203125 0.015625
1 0.6515625 0.48828125 0.03125 0.015625
17 0.7421875 0.5171875 0.0296875 0.01640625
1 0.60625 0.4890625 0.03125 0.015625
17 0.1859375 0.40234375 0.0296875 0.0171875
17 0.7390625 0.5328125 0.0296875 0.015625
1 0.571875 0.4984375 0.02578125 0.01953125
1 0.34921875 0.4515625 0.02578125 0.01953125
17 0.18203125 0.41796875 0.03203125 0.0171875
17 0.7359375 0.546875 0.03125 0.01640625
1 0.56875 0.5125 0.02578125 0.01875
17 0.1796875 0.43359375 0.03046875 0.01640625
17 0.7328125 0.56328125 0.03125 0.015625
4 0.090625 0.428125 0.18125 0.2296875
4 0.8390625 0.590625 0.21796875 0.228125
17 0.17578125 0.4484375 0.03125 0.0171875
17 0.72890625 0.57734375 0.03125 0.01640625
17 0.1734375 0.4640625 0.03125 0.015625
17 0.7265625 0.5921875 0.0296875 0.015625
9 0.65390625 0.5796875 0.10625 0.11953125
17 0.1703125 0.478125 0.02890625 0.01640625
17 0.7234375 0.60703125 0.03125 0.0171875
9 0.44296875 0.56171875 0.22734375 0.22890625
17 0.7203125 0.621875 0.03125 0.01640625
1 0.60546875 0.63046875 0.02578125 0.01953125
1 0.675 0.65 0.03125 0.015625
9 0.2 0.56328125 0.11953125 0.10859375
1 0.79609375 0.7 0.0328125 0.01796875
1 0.25859375 0.5859375 0.015625 0.028125
5 0.7140625 0.703125 0.04375 0.0265625
1 0.53671875 0.67109375 0.02578125 0.01875
1 0.3125 0.6234375 0.0265625 0.01875
5 0.08203125 0.578125 0.02890625 0.04375
20 0.11015625 0.5875 0.03515625 0.03515625
1 0.5328125 0.6859375 0.03203125 0.01640625
1 0.309375 0.6390625 0.03125 0.01640625
17 0.73671875 0.73359375 0.01796875 0.02578125
1 0.23046875 0.625 0.02578125 0.01953125
20 0.70859375 0.73046875 0.03984375 0.0359375
17 0.68125 0.72890625 0.0171875 0.0265625
20 0.8015625 0.75625 0.11796875 0.10703125
17 0.10390625 0.61640625 0.02734375 0.01875
13 0.003125 0.6 0.00625 0.028125
17 0.73203125 0.7640625 0.02578125 0.01875
1 0.70546875 0.759375 0.02578125 0.01875