1 0.34296875 0.70546875 0.03125 0.01640625
17 0.0328125 0.7515625 0.00859375 0.02890625
1 0.09140625 0.7453125 0.0234375 0.03515625
9 0.06328125 0.77734375 0.046875 0.04765625
17 0.0375 0.78515625 0.0078125 0.02734375
1 0.11796875 0.78125 0.02109375 0.034375
1 0.13984375 0.77890625 0.0234375 0.034375
1 0.0953125 0.78671875 0.02421875 0.034375
17 0.20625 0.059375 0.028125 0.01875
1 0.871875 0.6828125 0.03046875 0.0140625
17 0.75 0.71484375 0.02578125 0.01796875
17 0.77421875 0.71171875 0.02578125 0.01796875
17 0.70078125 0.72265625 0.02578125 0.0171875
17 0.72578125 0.71875 0.02578125 0.0171875
17 0.6765625 0.7265625 0.0265625 0.01796875
17 0.5765625 0.740625 0.0265625 0.01796875
17 0.60234375 0.73671875 0.0265625 0.01796875
17 0.62734375 0.7328125 0.02578125 0.01796875
17 0.6515625 0.73046875 0.02578125 0.01796875
17 0.90859375 0.69375 0.025 0.0171875
17 0.47734375 0.75546875 0.0265625 0.0171875
17 0.528125 0.7484375 0.0265625 0.0171875
17 0.5515625 0.74453125 0.0265625 0.0171875
17 0.50234375 0.75234375 0.0265625 0.01796875
17 0.353125 0.7734375 0.02578125 0.0171875
17 0.378125 0.7703125 0.0265625 0.01875
17 0.403125 0.76640625 0.02734375 0.01875
17 0.42734375 0.7625 0.0265625 0.0171875
17 0.45234375 0.759375 0.0265625 0.0171875
17 0.22890625 0.7921875 0.02578125 0.0171875
17 0.25390625 0.78828125 0.0265625 0.0171875
17 0.278125 0.78515625 0.02578125 0.0171875
17 0.303125 0.78125 0.02578125 0.0171875
17 0.32890625 0.77734375 0.02578125 0.0171875
17 0.20390625 0.79609375 0.0265625 0.0171875
1 0.8265625 0.71328125 0.01640625 0.0296875
1 0.840625 0.7109375 0.01484375 0.02578125
1 0.728125 0.73359375 0.02578125 0.0171875
1 0.75234375 0.7296875 0.0265625 0.0171875
1 0.703125 0.7375 0.02578125 0.01796875
1 0.77734375 0.7265625 0.0265625 0.0171875
1 0.678125 0.74140625 0.0265625 0.0171875
1 0.55390625 0.759375 0.02578125 0.01796875
1 0.57890625 0.75546875 0.0265625 0.01796875
1 0.6046875 0.75234375 0.0265625 0.01796875
1 0.62890625 0.7484375 0.02578125 0.01796875
1 0.48046875 0.7703125 0.0265625 0.01875
1 0.5046875 0.76640625 0.02734375 0.01875
1 0.5296875 0.76328125 0.02734375 0.01875
1 0.65390625 0.7453125 0.0265625 0.0171875
1 0.4046875 0.78125 0.0265625 0.01796875
1 0.4296875 0.778125 0.02734375 0.01796875
1 0.45546875 0.77421875 0.02578125 0.01796875
1 0.30625 0.79609375 0.0265625 0.0171875
1 0.35546875 0.7890625 0.0265625 0.0171875
1 0.38046875 0.78515625 0.0265625 0.0171875
9 0.87421875 0.71484375 0.05 0.0453125
1 0.23046875 0.80703125 0.0265625 0.01796875
1 0.25625 0.803125 0.0265625 0.01796875
1 0.28046875 0.8 0.02578125 0.0171875
1 0.33125 0.7921875 0.02578125 0.01796875
1 0.20625 0.81171875 0.02578125 0.01796875
17 0.90703125 0.7171875 0.01640625 0.025
17 0.77890625 0.74140625 0.02578125 0.01796875
17 0.73046875 0.7484375 0.0265625 0.01796875
17 0.68046875 0.75546875 0.02734375 0.01875
17 0.70546875 0.753125 0.0265625 0.01796875
17 0.7546875 0.7453125 0.0265625 0.01796875
17 0.58125 0.7703125 0.0265625 0.01796875
17 0.65546875 0.759375 0.0265625 0.01796875
17 0.53125 0.77734375 0.02734375 0.0171875
17 0.60546875 0.7671875 0.0265625 0.0171875
17 0.63046875 0.76328125 0.02578125 0.0171875
17 0.43203125 0.7921875 0.02734375 0.01796875
17 0.45703125 0.7890625 0.02578125 0.01796875
17 0.50625 0.78125 0.02578125 0.0171875
17 0.55625 0.775 0.0265625 0.01796875
17 0.48125 0.78515625 0.0265625 0.0171875
17 0.3828125 0.8 0.02578125 0.01796875
17 0.40703125 0.796875 0.02578125 0.01796875
17 0.2828125 0.81484375 0.02734375 0.0171875
17 0.33203125 0.8078125 0.02578125 0.0171875
17 0.3578125 0.80390625 0.02578125 0.0171875
17 0.23359375 0.821875 0.02578125 0.01796875
17 0.25859375 0.81875 0.02734375 0.01796875
17 0.3078125 0.81171875 0.02578125 0.01796875
17 0.20859375 0.82578125 0.0265625 0.0171875
17 0.84453125 0.7390625 0.015625 0.02578125
10 0.08984375 0.85234375 0.0921875 0.0984375
12 0.27109375 0.05703125 0.03984375 0.03671875
1 0.8859375 0.74375 0.02421875 0.015625
12 0.5078125 0.02421875 0.03828125 0.03515625
20 0.2390625 0.06953125 0.02890625 0.025
4 0.509375 0.88046875 0.53359375 0.23828125
4 0.390625 0.053125 0.11875 0.09921875
9 0.61875 0.02890625 0.05 0.0453125
1 0.72109375 0.0171875 0.015625 0.02421875
17 0.5859375 0.03984375 0.01640625 0.025
9 0.6953125 0.02734375 0.0375 0.03203125
17 0.6609375 0.03359375 0.03359375 0.0609375
20 0.51953125 0.05546875 0.0140625 0.0234375
1 0.21953125 0.11640625 0.02421875 0.015625
1 0.60859375 0.0640625 0.02578125 0.0171875
17 0.6328125 0.06015625 0.0265625 0.01796875
17 0.4765625 0.08515625 0.01796875 0.0265625
17 0.490625 0.08359375 0.0171875 0.0265625
17 0.50546875 0.08125 0.01953125 0.02734375
17 0.53515625 0.0765625 0.01640625 0.025
17 0.5203125 0.07890625 0.01796875 0.0265625
1 0.18828125 0.13203125 0.01484375 0.025
13 0.3703125 0.1109375 0.0265625 0.01796875
1 0.3234375 0.13203125 0.01484375 0.025
10 0.3734375 0.128125 0.02890625 0.02109375
13 0.375 0.14609375 0.025 0.01640625
9 0.26484375 0.17421875 0.125 0.125
13 0.72578125 0.11484375 0.0359375 0.0234375
13 0.684375 0.121875 0.034375 0.0234375
17 0.3375 0.1765625 0.025 0.01640625
1 0.68828125 0.1453125 0.03515625 0.02421875
10 0.6125 0.15703125 0.121875 0.115625
1 0.72890625 0.13984375 0.0359375 0.0234375
10 0.8125 0.128125 0.12265625 0.115625
17 0.19375 0.22109375 0.0171875 0.0265625
1 0.20859375 0.21953125 0.0140625 0.02421875
9 0.36796875 0.20625 0.04921875 0.04140625
1 0.39921875 0.20703125 0.015625 0.02421875
1 0.6921875 0.17265625 0.0359375 0.0234375
1 0.73359375 0.1671875 0.03515625 0.025
1 0.26953125 0.240625 0.0265625 0.0171875
1 0.3015625 0.2359375 0.025 0.0171875
1 0.22578125 0.24921875 0.0140625 0.02421875
1 0.25 0.2453125 0.015625 0.02421875
1 0.2375 0.24765625 0.015625 0.0265625
1 0.7609375 0.190625 0.01640625 0.0265625
17 0.74296875 0.19765625 0.02578125 0.0171875
1 0.66328125 0.2109375 0.025 0.01640625
17 0.6875 0.2078125 0.02578125 0.0171875
17 0.434375 0.26796875 0.0171875 0.0265625
1 0.6875 0.23671875 0.015625 0.03125
17 0.75078125 0.246875 0.02578125 0.0171875
1 0.75625 0.26015625 0.0265625 0.0171875
10 0.81015625 0.278125 0.084375 0.08828125
1 0.709375 0.29765625 0.02421875 0.03515625
1 0.73046875 0.29453125 0.025 0.0375
1 0.753125 0.29140625 0.02421875 0.03671875
1 0.68671875 0.3015625 0.02421875 0.0359375
1 0.315625 0.36171875 0.0140625 0.0296875
9 0.4328125 0.3453125 0.196875 0.1453125
1 0.3328125 0.36015625 0.01640625 0.02578125
1 0.2890625 0.415625 0.015625 0.03125
17 0.16328125 0.453125 0.03125 0.015625
1 0.54375 0.40078125 0.01328125 0.028125
17 0.1640625 0.46796875 0.03125 0.0140625
1 0.63046875 0.40390625 0.03046875 0.0140625
17 0.725 0.3984375 0.0296875 0.0140625
1 0.58984375 0.41953125 0.03046875 0.0140625
17 0.1671875 0.48359375 0.0296875 0.01484375
17 0.7265625 0.4140625 0.02890625 0.01328125
1 0.56015625 0.43984375 0.02421875 0.0171875
1 0.3359375 0.4734375 0.025 0.0171875
17 0.16875 0.49921875 0.03203125 0.015625
17 0.7296875 0.42890625 0.03125 0.01484375
1 0.56171875 0.4546875 0.025 0.0171875
17 0.171875 0.5140625 0.03046875 0.0140625
17 0.73125 0.44453125 0.03046875 0.0140625
4 0.08515625 0.5421875 0.1703125 0.21953125
4 0.840625 0.434375 0.20625 0.21640625
17 0.17265625 0.5296875 0.03125 0.015625
17 0.73359375 0.459375 0.03125 0.01484375
17 0.17578125 0.5453125 0.03046875 0.0140625
17 0.7359375 0.47421875 0.02890625 0.01328125
9 0.66328125 0.4875 0.09921875 0.11328125
17 0.17734375 0.559375 0.02890625 0.0140625
17 0.7375 0.4890625 0.03125 0.015625
9 0.46015625 0.54375 0.215625 0.21640625
17 0.740625 0.5046875 0.03125 0.01484375
1 0.63515625 0.55234375 0.025 0.0171875
1 0.70703125 0.54609375 0.03046875 0.0140625
9 0.23359375 0.628125 0.11328125 0.1015625
1 0.83671875 0.5515625 0.0328125 0.015625
1 0.296875 0.6296875 0.0140625 0.028125
5 0.76171875 0.58203125 0.04296875 0.02421875
1 0.58515625 0.61328125 0.025 0.0171875
1 0.36015625 0.64609375 0.02578125 0.0171875
5 0.1296875 0.68359375 0.02578125 0.0421875
20 0.15859375 0.6828125 0.03359375 0.0328125
1 0.5859375 0.628125 0.03203125 0.01484375
1 0.36171875 0.66171875 0.03125 0.01484375
17 0.79296875 0.603125 0.01640625 0.025
1 0.28359375 0.67578125 0.025 0.0171875
20 0.765625 0.61015625 0.03828125 0.03359375
17 0.7390625 0.61796875 0.015625 0.02578125
20 0.8609375 0.6015625 0.1125 0.09921875
17 0.1625 0.71171875 0.0265625 0.0171875
13 0.05625 0.73359375 0.0171875 0.0265625
17 0.0421875 0.7359375 0.0140625 0.02734375
17 0.7984375 0.63359375 0.025 0.0171875
1 0.771875 0.63828125 0.025 0.0171875