4 0.1734375 0.40390625 0.02109375 0.084375
17 0.6 0.32265625 0.01796875 0.01328125
17 0.74375 0.2953125 0.01796875 0.01328125
4 0.6703125 0.31328125 0.02265625 0.084375
1 0.69453125 0.309375 0.01953125 0.0140625
13 0.14140625 0.415625 0.01953125 0.015625
1 0.246875 0.3953125 0.01875 0.015625
13 0.4484375 0.36328125 0.01953125 0.01484375
13 0.7453125 0.30546875 0.01796875 0.0140625
1 0.39375 0.37421875 0.01875 0.015625
1 0.09921875 0.43046875 0.01875 0.01484375
17 0.29609375 0.39296875 0.01796875 0.0140625
13 0.60078125 0.33671875 0.01953125 0.01640625
4 0.5109375 0.35390625 0.0234375 0.08671875
1 0.071875 0.4390625 0.02109375 0.04609375
17 0.14296875 0.42734375 0.01796875 0.01328125
17 0.74609375 0.31875 0.01796875 0.0125
17 0.45 0.37734375 0.01796875 0.0140625
13 0.29765625 0.40859375 0.01875 0.0171875
17 0.3953125 0.38984375 0.01640625 0.01328125
17 0.60234375 0.3515625 0.01796875 0.0140625
1 0.14453125 0.440625 0.01875 0.01484375
13 0.27265625 0.42265625 0.01484375 0.0234375
1 0.55 0.36953125 0.01953125 0.01484375
17 0.56953125 0.365625 0.01640625 0.01328125
13 0.228125 0.43203125 0.01484375 0.0234375
13 0.25 0.42734375 0.01484375 0.02265625
17 0.45 0.39140625 0.0171875 0.0125
17 0.29921875 0.4234375 0.0171875 0.0125
17 0.14609375 0.45390625 0.01796875 0.01328125
17 0.4515625 0.40546875 0.0171875 0.01171875
16 0.115625 0.471875 0.02265625 0.02109375
1 0.084375 0.48203125 0.034375 0.028125
17 0.453125 0.41953125 0.0171875 0.0140625
4 0.18828125 0.47109375 0.04921875 0.0296875
13 0.14375 0.4859375 0.0171875 0.021875
9 0.40859375 0.43515625 0.04609375 0.06640625
9 0.57734375 0.409375 0.04609375 0.06875
5 0.65703125 0.3953125 0.05 0.0359375
1 0.22109375 0.48046875 0.00859375 0.02578125
4 0.190625 0.4921875 0.05 0.028125
9 0.2359375 0.48828125 0.02109375 0.03828125
1 0.440625 0.45078125 0.01015625 0.028125
17 0.55625 0.4296875 0.01015625 0.028125
17 0.26171875 0.4875 0.01796875 0.01328125
4 0.75390625 0.39453125 0.03984375 0.0765625
4 0.51875 0.44609375 0.06015625 0.0296875
17 0.26484375 0.50390625 0.01796875 0.0125
17 0.16875 0.525 0.009375 0.02578125
5 0.66328125 0.434375 0.05390625 0.03828125
17 0.4390625 0.4796875 0.01796875 0.01328125
12 0.5125 0.46953125 0.02265625 0.01796875
17 0.26640625 0.5171875 0.01796875 0.0125
17 0.49140625 0.475 0.01796875 0.01328125
1 0.39375 0.49375 0.01953125 0.0265625
1 0.625 0.45234375 0.00859375 0.02578125
1 0.16015625 0.54453125 0.0125 0.028125
1 0.32421875 0.5125 0.01875 0.0265625
1 0.190625 0.540625 0.009375 0.0265625
8 0.18046875 0.54296875 0.0125 0.0296875
4 0.09453125 0.56015625 0.11171875 0.1484375
17 0.26796875 0.5296875 0.01796875 0.0140625
4 0.71640625 0.4453125 0.07265625 0.1953125
12 0.5140625 0.48671875 0.02265625 0.0171875
17 0.4953125 0.490625 0.0171875 0.015625
4 0.42421875 0.50703125 0.05546875 0.0765625
9 0.22734375 0.54921875 0.034375 0.046875
1 0.26875 0.54296875 0.01875 0.01484375
4 0.55859375 0.490625 0.025 0.0875
12 0.515625 0.50234375 0.021875 0.01796875
17 0.49609375 0.50625 0.01796875 0.01640625
5 0.665625 0.4734375 0.0546875 0.0375
1 0.175 0.5703125 0.009375 0.02578125
17 0.165625 0.5734375 0.00859375 0.02421875
17 0.15546875 0.57578125 0.009375 0.025
1 0.27421875 0.55859375 0.034375 0.028125
12 0.5171875 0.51875 0.02109375 0.0171875
17 0.4984375 0.52265625 0.01796875 0.015625
4 0.48359375 0.53046875 0.02109375 0.084375
17 0.271875 0.57578125 0.0171875 0.0125
1 0.3 0.57109375 0.01953125 0.028125
13 0.78203125 0.4828125 0.06953125 0.1296875
12 0.51953125 0.53359375 0.02109375 0.01640625
17 0.5 0.5375 0.0171875 0.015625
4 0.76328125 0.48828125 0.04296875 0.078125
1 0.446875 0.54921875 0.01953125 0.02734375
17 0.27265625 0.5890625 0.0171875 0.01171875
1 0.2171875 0.6015625 0.009375 0.02578125
17 0.159375 0.61328125 0.01796875 0.01328125
4 0.6 0.52890625 0.02734375 0.06640625
17 0.2078125 0.6046875 0.01015625 0.02265625
17 0.228125 0.60078125 0.0109375 0.0265625
12 0.51953125 0.54765625 0.02109375 0.015625
17 0.5015625 0.55234375 0.01796875 0.0140625
17 0.24921875 0.6015625 0.01796875 0.01328125
17 0.190625 0.61328125 0.01796875 0.01328125
1 0.54375 0.54765625 0.01796875 0.0140625
1 0.1921875 0.628125 0.01796875 0.0125
9 0.3703125 0.596875 0.14296875 0.19765625
13 0.30234375 0.61328125 0.009375 0.0140625
20 0.66953125 0.54296875 0.06328125 0.1046875
1 0.2390625 0.6265625 0.0078125 0.0265625
3 0.2515625 0.625 0.0234375 0.0375
1 0.28984375 0.6234375 0.009375 0.02578125
13 0.303125 0.62265625 0.01015625 0.0140625
1 0.2265625 0.6390625 0.02109375 0.04765625
1 0.19609375 0.64609375 0.0171875 0.01171875
1 0.27890625 0.63125 0.02109375 0.04765625
1 0.2671875 0.6390625 0.00859375 0.025
1 0.21328125 0.65 0.009375 0.0265625
9 0.54296875 0.58671875 0.05859375 0.0671875
13 0.3046875 0.6328125 0.01015625 0.0140625
1 0.50859375 0.5953125 0.02109375 0.0453125
1 0.490625 0.60078125 0.0203125 0.04765625
13 0.309375 0.63828125 0.01015625 0.015625
17 0.19765625 0.6609375 0.0171875 0.01484375
13 0.3140625 0.6421875 0.01015625 0.0140625
17 0.71015625 0.56796875 0.01796875 0.0140625
13 0.31796875 0.6453125 0.01015625 0.01484375
1 0.63203125 0.59453125 0.009375 0.0265625
1 0.440625 0.63671875 0.01796875 0.025
5 0.6515625 0.596875 0.02578125 0.05234375
4 0.11953125 0.70078125 0.15390625 0.1796875
1 0.73359375 0.58359375 0.01796875 0.0125
17 0.20078125 0.68828125 0.01796875 0.015625
10 0.31484375 0.665625 0.01875 0.02578125
4 0.2609375 0.678125 0.0796875 0.03828125
17 0.47109375 0.6375 0.01875 0.0265625
17 0.4875 0.6375 0.00859375 0.02421875
7 0.6 0.615625 0.05234375 0.0671875
1 0.20234375 0.70234375 0.01796875 0.01328125
17 0.765625 0.5984375 0.01015625 0.02578125
9 0.73671875 0.609375 0.04921875 0.05
4 0.48828125 0.66015625 0.06640625 0.0328125
13 0.67734375 0.6296875 0.075 0.08671875
17 0.290625 0.7046875 0.00859375 0.02421875
1 0.31015625 0.7015625 0.0078125 0.02421875
1 0.24921875 0.7140625 0.00859375 0.02578125
17 0.30078125 0.70390625 0.00859375 0.0234375
17 0.2703125 0.71015625 0.00859375 0.02421875
1 0.28046875 0.7078125 0.00859375 0.02265625
5 0.5328125 0.659375 0.02734375 0.06875
17 0.2296875 0.71796875 0.01015625 0.0265625
17 0.2609375 0.7125 0.009375 0.025
17 0.23984375 0.7171875 0.009375 0.02578125
17 0.2046875 0.7234375 0.01796875 0.0140625
1 0.4109375 0.68671875 0.01875 0.02578125
3 0.35078125 0.7 0.02421875 0.03828125
1 0.3265625 0.7046875 0.009375 0.0265625
1 0.33671875 0.70234375 0.009375 0.0265625
1 0.2203125 0.72734375 0.009375 0.0265625
4 0.49140625 0.68125 0.06484375 0.0328125
1 0.20625 0.7375 0.01796875 0.01328125
17 0.6359375 0.6640625 0.01015625 0.02734375
17 0.61015625 0.67109375 0.01015625 0.02578125
1 0.35390625 0.7234375 0.01875 0.01328125
17 0.57421875 0.68203125 0.01796875 0.01484375
4 0.48671875 0.703125 0.08125 0.0359375
17 0.4296875 0.71484375 0.01796875 0.01484375
17 0.27421875 0.7453125 0.009375 0.025
1 0.26484375 0.74765625 0.01015625 0.02734375
17 0.3140625 0.73828125 0.009375 0.025
17 0.3046875 0.73984375 0.01015625 0.0265625
1 0.2953125 0.7421875 0.009375 0.0265625
1 0.23515625 0.75390625 0.009375 0.02578125
17 0.28359375 0.74453125 0.009375 0.025
17 0.253125 0.75078125 0.01015625 0.02578125
17 0.24375 0.753125 0.01015625 0.0265625
17 0.2078125 0.76015625 0.0171875 0.0125
17 0.75546875 0.65625 0.0171875 0.01171875
17 0.7359375 0.66015625 0.0171875 0.0125
17 0.78203125 0.6546875 0.01015625 0.0265625
17 0.53515625 0.715625 0.01875 0.0140625
4 0.8015625 0.67265625 0.0234375 0.04140625
4 0.84609375 0.66640625 0.07578125 0.08671875
1 0.184375 0.79453125 0.01875 0.015625
20 0.62734375 0.71328125 0.04765625 0.0734375
12 0.7859375 0.68515625 0.0125 0.03046875
20 0.57109375 0.72578125 0.04609375 0.0765625
20 0.75546875 0.69140625 0.05546875 0.065625
9 0.4859375 0.74375 0.05078125 0.04921875
4 0.3484375 0.77109375 0.05 0.03203125
17 0.2609375 0.7921875 0.0171875 0.01328125
17 0.1859375 0.80703125 0.01796875 0.01484375
7 0.41796875 0.765625 0.06015625 0.09453125
17 0.51640625 0.74765625 0.009375 0.02578125
7 0.690625 0.721875 0.06796875 0.0828125
17 0.2625 0.80546875 0.01796875 0.01328125
17 0.1875 0.8203125 0.01796875 0.0140625
4 0.11640625 0.8390625 0.11796875 0.14765625
1 0.490625 0.771875 0.01796875 0.01328125
17 0.38515625 0.79296875 0.01796875 0.0125
1 0.1890625 0.8328125 0.01796875 0.01328125
0 0.31640625 0.8109375 0.03671875 0.06328125
4 0.26953125 0.825 0.0171875 0.02421875
4 0.2390625 0.83046875 0.0171875 0.025
17 0.81796875 0.72265625 0.0171875 0.01171875
17 0.3859375 0.80546875 0.01796875 0.0140625
17 0.79921875 0.72578125 0.0171875 0.01171875
17 0.190625 0.846875 0.01796875 0.01484375
5 0.6296875 0.7625 0.05078125 0.0359375
5 0.5765625 0.7734375 0.05078125 0.03671875
17 0.5109375 0.790625 0.0171875 0.01171875
5 0.74453125 0.7484375 0.05078125 0.03671875
1 0.48125 0.79921875 0.00859375 0.0265625
9 0.4625 0.80390625 0.0328125 0.05625
17 0.3875 0.81875 0.0171875 0.0140625
4 0.42109375 0.821875 0.03515625 0.03046875
20 0.20234375 0.865625 0.02265625 0.02890625
4 0.6953125 0.78046875 0.02265625 0.0484375
4 0.26015625 0.86640625 0.03515625 0.028125
20 0.80703125 0.7609375 0.078125 0.06640625
17 0.31171875 0.85859375 0.01015625 0.02578125
20 0.525 0.82578125 0.07734375 0.0703125
19 0.3 0.8703125 0.01015625 0.0140625
4 0.42421875 0.846875 0.03515625 0.0296875
19 0.22109375 0.88671875 0.01171875 0.01875
4 0.32421875 0.86953125 0.02265625 0.06875
20 0.3671875 0.86171875 0.071875 0.0765625
17 0.4046875 0.85703125 0.00859375 0.02421875
4 0.2625 0.8890625 0.03515625 0.028125
4 0.16953125 0.9109375 0.09296875 0.03671875
17 0.815625 0.7875 0.01796875 0.01015625
12 0.79609375 0.7921875 0.02109375 0.01171875
17 0.4953125 0.8515625 0.01171875 0.0125
12 0.65 0.8265625 0.02265625 0.0171875
12 0.59765625 0.83828125 0.02265625 0.0171875
1 0.73828125 0.8140625 0.034375 0.028125
5 0.67109375 0.82890625 0.01015625 0.02578125
17 0.61875 0.840625 0.01015625 0.0265625
4 0.10390625 0.9421875 0.04453125 0.07109375
17 0.321875 0.90703125 0.0171875 0.01328125
4 0.65234375 0.84921875 0.03125 0.03359375
4 0.59921875 0.86171875 0.03125 0.03359375
4 0.25078125 0.9328125 0.02109375 0.02578125
4 0.28125 0.92734375 0.01953125 0.025
0 0.34765625 0.9390625 0.03515625 0.06171875
4 0.815625 0.85703125 0.0875 0.14140625
4 0.309375 0.959375 0.05234375 0.059375
4 0.2625 0.9703125 0.053125 0.059375
4 0.21484375 0.975 0.05390625 0.0484375
4 0.16796875 0.9796875 0.05234375 0.0390625
4 0.12109375 0.98359375 0.053125 0.03046875
4 0.5484375 0.92265625 0.08515625 0.13828125
4 0.7484375 0.88671875 0.06484375 0.10703125
4 0.47578125 0.934375 0.08515625 0.1296875
4 0.403125 0.9421875 0.08515625 0.11484375
4 0.66328125 0.909375 0.0609375 0.10078125
4 0.61015625 0.92265625 0.06171875 0.1046875
4 0.69296875 0.0609375 0.08359375 0.0546875
4 0.55234375 0.08984375 0.0859375 0.05625
4 0.4015625 0.1234375 0.0859375 0.05546875
4 0.24921875 0.1546875 0.08671875 0.0578125
4 0.09453125 0.1859375 0.08359375 0.05546875
7 0.32578125 0.15390625 0.05859375 0.09375
7 0.478125 0.125 0.0640625 0.09140625
7 0.17421875 0.1890625 0.06328125 0.0953125
4 0.69765625 0.0890625 0.06953125 0.06015625
4 0.55625 0.1171875 0.0671875 0.059375
4 0.4046875 0.1484375 0.06796875 0.0625
4 0.2515625 0.18125 0.06796875 0.0609375
4 0.0984375 0.215625 0.06953125 0.06171875
17 0.734375 0.125 0.04765625 0.0359375
17 0.66875 0.13828125 0.0484375 0.0375
17 0.596875 0.153125 0.04921875 0.0390625
17 0.446875 0.18359375 0.0484375 0.0359375
17 0.51796875 0.1703125 0.0484375 0.0375
17 0.371875 0.2 0.04921875 0.0375
17 0.29453125 0.21484375 0.04921875 0.03828125
17 0.21796875 0.23046875 0.04921875 0.03671875
17 0.14375 0.24765625 0.04921875 0.0359375
17 0.05625 0.26640625 0.04765625 0.03671875
1 0.38515625 0.22578125 0.01953125 0.02734375
1 0.53671875 0.196875 0.01953125 0.028125
1 0.684375 0.17109375 0.01796875 0.0265625
1 0.23515625 0.259375 0.0203125 0.028125
1 0.08046875 0.29140625 0.01875 0.0265625
4 0.04765625 0.31484375 0.03359375 0.02890625
7 0.64140625 0.20390625 0.0671875 0.09609375
1 0.0625 0.34765625 0.01953125 0.046875
9 0.56875 0.2515625 0.05390625 0.07578125
9 0.71171875 0.225 0.05390625 0.0765625
9 0.41953125 0.28203125 0.05390625 0.075
9 0.265625 0.31484375 0.05390625 0.0765625
9 0.11171875 0.3453125 0.05546875 0.07890625
1 0.06640625 0.39375 0.0203125 0.04765625
1 0.54140625 0.3046875 0.01875 0.015625
1 0.6890625 0.2765625 0.01796875 0.0125
1 0.5953125 0.29453125 0.01953125 0.01484375
1 0.74140625 0.2703125 0.01796875 0.01171875
1 0.24375 0.3703125 0.01875 0.01484375
1 0.2921875 0.36171875 0.01875 0.01484375
1 0.4453125 0.334375 0.01953125 0.0140625
1 0.390625 0.346875 0.01875 0.01484375
17 0.59765625 0.3078125 0.01796875 0.0125
1 0.5421875 0.31796875 0.01875 0.015625
1 0.09375 0.4046875 0.01875 0.01484375
4 0.0421875 0.415625 0.04375 0.17109375
17 0.74296875 0.2828125 0.0171875 0.01171875
1 0.69140625 0.29296875 0.01875 0.01484375
4 0.36640625 0.35625 0.025 0.06953125
7 0.63515625 0.30625 0.0640625 0.09296875
17 0.13984375 0.40234375 0.01875 0.01484375
1 0.2453125 0.38359375 0.01796875 0.0140625
4 0.32421875 0.36953125 0.02265625 0.0859375
17 0.29453125 0.37890625 0.01796875 0.01328125
17 0.44609375 0.35 0.01796875 0.0125
1 0.39140625 0.36015625 0.01796875 0.0140625
1 0.54375 0.33125 0.01875 0.01484375
1 0.0953125 0.41875 0.01796875 0.01484375
4 0.48125 0.34453125 0.02265625 0.0859375