4 0.3875 0.3328125 0.015625 0.08125
14 0.7015625 0.390625 0.040625 0.0375
4 0.165625 0.41796875 0.0296875 0.05546875
4 0.38984375 0.42109375 0.059375 0.02265625
14 0.20703125 0.4578125 0.04296875 0.1546875
14 0.4859375 0.4609375 0.04453125 0.0625
14 0.35703125 0.47109375 0.01328125 0.08125
4 0.43203125 0.49453125 0.0140625 0.08125
4 0.16484375 0.509375 0.02578125 0.05390625
4 0.321875 0.51640625 0.0203125 0.059375
14 0.81796875 0.53984375 0.0140625 0.04375
13 0.44296875 0.565625 0.01796875 0.01796875
14 0.74609375 0.58515625 0.0265625 0.096875
14 0.65703125 0.5875 0.07265625 0.021875
14 0.81875 0.6234375 0.0140625 0.04375
14 0.440625 0.62578125 0.05859375 0.0390625
14 0.4484375 0.65703125 0.0734375 0.0234375
14 0.796875 0.66171875 0.0234375 0.0328125
14 0.12109375 0.690625 0.02734375 0.0515625
4 0.14453125 0.6921875 0.02109375 0.03828125
14 0.58359375 0.69296875 0.04375 0.02421875
14 0.775 0.709375 0.02421875 0.040625
4 0.6796875 0.728125 0.0421875 0.02109375
14 0.79609375 0.75703125 0.0234375 0.0328125
14 0.5765625 0.76640625 0.04375 0.02890625
14 0.428125 0.7671875 0.04296875 0.03125
14 0.1546875 0.76796875 0.04375 0.03203125
4 0.52109375 0.76875 0.025 0.05078125
14 0.25078125 0.7734375 0.03203125 0.03359375
4 0.678125 0.7765625 0.02734375 0.0390625
19 0.71796875 0.77734375 0.0078125 0.01328125
4 0.61796875 0.78203125 0.0140625 0.06015625
14 0.76875 0.7890625 0.08671875 0.01953125
14 0.82890625 0.80546875 0.01484375 0.0609375
13 0.759375 0.81640625 0.01796875 0.01796875
13 0.73125 0.8171875 0.01875 0.01796875
4 0.67890625 0.82734375 0.04296875 0.0203125
4 0.30390625 0.83125 0.0265625 0.02734375
4 0.35546875 0.83203125 0.02734375 0.02890625
14 0.55390625 0.8484375 0.04453125 0.065625
14 0.41640625 0.8484375 0.04609375 0.0640625
14 0.15390625 0.84921875 0.04609375 0.06484375
14 0.48515625 0.85546875 0.04453125 0.053125
14 0.73203125 0.86015625 0.22421875 0.02265625
14 0.21953125 0.86328125 0.03828125 0.0390625
14 0.3578125 0.86328125 0.03515625 0.0375
14 0.30546875 0.86328125 0.034375 0.040625
4 0.32109375 0.0921875 0.08046875 0.04296875
4 0.184375 0.09296875 0.08046875 0.03984375
4 0.465625 0.09453125 0.07890625 0.0421875
4 0.61328125 0.09609375 0.0796875 0.0390625
4 0.7609375 0.09609375 0.0765625 0.03984375
14 0.32109375 0.1234375 0.0578125 0.03046875
14 0.465625 0.125 0.0578125 0.0296875
14 0.18515625 0.12578125 0.059375 0.0296875
14 0.6125 0.1265625 0.05859375 0.0296875
14 0.76015625 0.13125 0.05703125 0.03125
14 0.81796875 0.20546875 0.0296875 0.02109375
14 0.83125 0.29921875 0.01875 0.15703125
14 0.525 0.30703125 0.015625 0.0625
4 0.56484375 0.3109375 0.01640625 0.0828125
4 0.70859375 0.3140625 0.015625 0.08203125
4 0.41328125 0.31953125 0.015625 0.08359375
4 0.23203125 0.325 0.01640625 0.0828125