4 0.23828125 0.31953125 0.0140625 0.08359375
17 0.67421875 0.309375 0.0171875 0.01171875
17 0.82109375 0.30625 0.0171875 0.01171875
4 0.7453125 0.3109375 0.015625 0.08359375
1 0.7703125 0.3109375 0.01875 0.01171875
13 0.20546875 0.325 0.01875 0.01328125
1 0.31328125 0.32265625 0.01796875 0.01328125
13 0.51796875 0.32421875 0.01875 0.0125
13 0.82109375 0.31640625 0.0171875 0.0125
1 0.46171875 0.32578125 0.01796875 0.01328125
1 0.16171875 0.33359375 0.01796875 0.0125
17 0.36171875 0.32890625 0.0171875 0.0125
13 0.6734375 0.3234375 0.01875 0.0140625
4 0.5828125 0.32578125 0.01640625 0.0859375
1 0.13359375 0.3375 0.01796875 0.04453125
17 0.20546875 0.33828125 0.0171875 0.01171875
17 0.82109375 0.3296875 0.0171875 0.0109375
17 0.51796875 0.3390625 0.0171875 0.0125
13 0.3625 0.3453125 0.01796875 0.0140625
17 0.46171875 0.3421875 0.015625 0.01171875
17 0.6734375 0.3390625 0.0171875 0.0125
1 0.20625 0.35078125 0.01796875 0.0125
13 0.3359375 0.3546875 0.01328125 0.021875
1 0.61953125 0.34765625 0.01875 0.0125
17 0.63984375 0.34765625 0.015625 0.01171875
13 0.290625 0.35625 0.01328125 0.021875
13 0.31328125 0.35546875 0.0140625 0.02109375
17 0.5171875 0.353125 0.01640625 0.0109375
17 0.3625 0.36015625 0.01640625 0.0109375
17 0.20625 0.36484375 0.0171875 0.01171875
17 0.51796875 0.36796875 0.0171875 0.01015625
16 0.17421875 0.37734375 0.02109375 0.01875
1 0.1421875 0.3828125 0.0328125 0.0234375
17 0.51796875 0.38125 0.01640625 0.0125
4 0.246875 0.3890625 0.0484375 0.0234375
13 0.2015625 0.39609375 0.015625 0.0203125
9 0.471875 0.390625 0.04140625 0.06015625
9 0.64375 0.3921875 0.0421875 0.06328125
5 0.725 0.39140625 0.0484375 0.0296875
1 0.27890625 0.40390625 0.00703125 0.025
4 0.24765625 0.41015625 0.04921875 0.02109375
9 0.29453125 0.4140625 0.01875 0.03671875
1 0.503125 0.41171875 0.0078125 0.02734375
17 0.6203125 0.409375 0.0078125 0.02734375
17 0.31953125 0.41796875 0.0171875 0.01171875
4 0.82265625 0.4078125 0.034375 0.071875
4 0.58125 0.41875 0.059375 0.02109375
17 0.32109375 0.43515625 0.0171875 0.0109375
17 0.22265625 0.43984375 0.00703125 0.025
5 0.72734375 0.43203125 0.05234375 0.03125
17 0.4984375 0.43984375 0.0171875 0.01171875
12 0.57265625 0.4421875 0.021875 0.0140625
17 0.32109375 0.4484375 0.0171875 0.0109375
17 0.5515625 0.44375 0.0171875 0.01171875
1 0.4515625 0.446875 0.01796875 0.02421875
1 0.68671875 0.44453125 0.00703125 0.025
1 0.2125 0.4578125 0.01015625 0.02734375
1 0.38046875 0.453125 0.0171875 0.02421875
1 0.24375 0.45859375 0.00703125 0.02578125
8 0.2328125 0.459375 0.01015625 0.02890625
4 0.1453125 0.46328125 0.1015625 0.134375
17 0.32109375 0.46171875 0.0171875 0.0125
4 0.77890625 0.4515625 0.0578125 0.18984375
12 0.5734375 0.459375 0.021875 0.0140625
17 0.553125 0.4609375 0.01640625 0.0140625
4 0.48125 0.4640625 0.05078125 0.06953125
9 0.2796875 0.47421875 0.03125 0.04296875
1 0.321875 0.475 0.01796875 0.0125
4 0.61796875 0.47109375 0.01796875 0.0875
12 0.5734375 0.475 0.02109375 0.01484375
17 0.553125 0.47578125 0.0171875 0.0140625
5 0.72578125 0.471875 0.05390625 0.0296875
1 0.225 0.48671875 0.00703125 0.025
17 0.21484375 0.4875 0.00703125 0.0234375
17 0.2046875 0.48828125 0.00703125 0.02421875
1 0.325 0.49140625 0.0328125 0.0234375
12 0.5734375 0.4921875 0.0203125 0.0140625
17 0.55390625 0.49296875 0.0171875 0.0140625
4 0.53828125 0.4984375 0.0140625 0.08359375
17 0.321875 0.50859375 0.01640625 0.0109375
1 0.35 0.5078125 0.0171875 0.02578125
13 0.8421875 0.50078125 0.06015625 0.12265625
12 0.57421875 0.5078125 0.0203125 0.0140625
17 0.55390625 0.50859375 0.01640625 0.0140625
4 0.8234375 0.503125 0.0375 0.0734375
1 0.5 0.5109375 0.01796875 0.025
17 0.32109375 0.52109375 0.0171875 0.01015625
1 0.26484375 0.52578125 0.00703125 0.025
17 0.20546875 0.5265625 0.0171875 0.01171875
4 0.65546875 0.5171875 0.02265625 0.0640625
17 0.2546875 0.52578125 0.00859375 0.021875
17 0.27578125 0.52578125 0.00859375 0.025
12 0.57265625 0.521875 0.0203125 0.01328125
17 0.5546875 0.5234375 0.0171875 0.0125
17 0.29609375 0.53046875 0.0171875 0.01171875
17 0.23671875 0.53203125 0.0171875 0.01171875
1 0.596875 0.5265625 0.0171875 0.0125
1 0.23671875 0.546875 0.0171875 0.0109375
9 0.41875 0.5453125 0.13046875 0.18046875
13 0.3484375 0.55078125 0.00859375 0.01328125
20 0.72421875 0.5421875 0.05546875 0.09765625
1 0.28359375 0.553125 0.00546875 0.02578125
3 0.296875 0.55390625 0.02109375 0.03515625
1 0.3359375 0.55859375 0.00703125 0.025
13 0.34921875 0.56015625 0.00859375 0.01328125
1 0.2703125 0.5640625 0.01796875 0.04609375
1 0.2390625 0.56640625 0.0171875 0.01015625
1 0.3234375 0.56484375 0.0171875 0.04609375
1 0.3109375 0.57109375 0.00703125 0.02421875
1 0.25625 0.57265625 0.00703125 0.02578125
9 0.5921875 0.56484375 0.05390625 0.06015625
13 0.34921875 0.57109375 0.00859375 0.01328125
1 0.55703125 0.56796875 0.0171875 0.04375
1 0.53984375 0.56953125 0.0171875 0.04609375
13 0.35390625 0.57734375 0.00859375 0.0140625
17 0.23984375 0.58125 0.01640625 0.01328125
13 0.3578125 0.58203125 0.00859375 0.01328125
17 0.76328125 0.57421875 0.0171875 0.0125
13 0.36171875 0.5859375 0.00859375 0.0140625
1 0.68203125 0.5875 0.00703125 0.02578125
1 0.4859375 0.596875 0.0171875 0.0234375
5 0.70078125 0.59375 0.021875 0.05078125
4 0.1578125 0.6078125 0.14296875 0.16015625
1 0.78515625 0.59375 0.01796875 0.01015625
17 0.23984375 0.60859375 0.0171875 0.0140625
10 0.35703125 0.60625 0.0171875 0.0234375
4 0.30078125 0.60859375 0.0796875 0.02578125
17 0.51640625 0.6046875 0.0171875 0.02421875
17 0.53203125 0.60625 0.00703125 0.0234375
7 0.64765625 0.603125 0.04765625 0.06015625
1 0.240625 0.62421875 0.0171875 0.01171875
17 0.815625 0.6140625 0.0078125 0.02421875
9 0.7859375 0.62109375 0.04609375 0.04296875
4 0.53125 0.6296875 0.065625 0.02265625
13 0.7234375 0.6296875 0.0703125 0.07734375
17 0.32890625 0.63984375 0.00703125 0.0234375
1 0.3484375 0.640625 0.00625 0.0234375
1 0.28671875 0.64296875 0.00703125 0.025
17 0.3390625 0.6421875 0.00703125 0.0234375
17 0.3078125 0.6421875 0.00703125 0.0234375
1 0.31796875 0.6421875 0.00703125 0.02265625
5 0.5765625 0.6359375 0.021875 0.06640625
17 0.2671875 0.64375 0.0078125 0.025
17 0.2984375 0.64296875 0.0078125 0.0234375
17 0.27734375 0.64453125 0.00703125 0.025
17 0.24140625 0.6453125 0.0171875 0.0125
1 0.4515625 0.6421875 0.0171875 0.0234375
3 0.38984375 0.64609375 0.021875 0.0359375
1 0.36484375 0.646875 0.00703125 0.02578125
1 0.37578125 0.64609375 0.00703125 0.02578125
1 0.25625 0.6515625 0.00703125 0.02578125
4 0.5328125 0.65078125 0.0640625 0.02265625
1 0.24140625 0.659375 0.0171875 0.01171875
17 0.6796875 0.6578125 0.0078125 0.02578125
17 0.65234375 0.6609375 0.00859375 0.02421875
1 0.390625 0.66953125 0.01796875 0.0109375
17 0.615625 0.665625 0.0171875 0.01328125
4 0.52578125 0.67109375 0.08046875 0.0234375
17 0.46796875 0.67421875 0.0171875 0.01328125
17 0.30859375 0.67890625 0.00703125 0.02421875
1 0.29921875 0.6796875 0.0078125 0.02578125
17 0.35 0.678125 0.00703125 0.02421875
17 0.33984375 0.678125 0.0078125 0.025
1 0.33046875 0.6796875 0.00703125 0.02578125
1 0.26875 0.68046875 0.00703125 0.025
17 0.31875 0.6796875 0.00703125 0.02421875
17 0.2875 0.68046875 0.0078125 0.02421875
17 0.278125 0.68125 0.0078125 0.025
17 0.24140625 0.68203125 0.01640625 0.0109375
17 0.8 0.6703125 0.01640625 0.01015625
17 0.78046875 0.67109375 0.01640625 0.0109375
17 0.8265625 0.67421875 0.0078125 0.025
17 0.5734375 0.69296875 0.01796875 0.01171875
4 0.8453125 0.69453125 0.0203125 0.0390625
4 0.890625 0.69609375 0.07109375 0.07734375
1 0.2140625 0.71328125 0.01796875 0.01328125
20 0.665625 0.70625 0.04296875 0.06796875
12 0.828125 0.70390625 0.01015625 0.0296875
20 0.60859375 0.709375 0.04140625 0.07109375
20 0.796875 0.70546875 0.05078125 0.05859375
9 0.521875 0.71328125 0.04765625 0.0421875
4 0.38125 0.7171875 0.04921875 0.025
17 0.29140625 0.7234375 0.01640625 0.01171875
17 0.21484375 0.7265625 0.0171875 0.01328125
7 0.4515625 0.7234375 0.053125 0.08828125
17 0.5515625 0.721875 0.00703125 0.025
7 0.72890625 0.72578125 0.06328125 0.07421875
17 0.2921875 0.73671875 0.0171875 0.01171875
17 0.21484375 0.73984375 0.0171875 0.0125
4 0.14140625 0.7453125 0.10859375 0.1328125
1 0.5234375 0.7421875 0.0171875 0.01171875
17 0.415625 0.7453125 0.0171875 0.0109375
1 0.21484375 0.753125 0.0171875 0.01171875
0 0.3453125 0.7515625 0.03203125 0.059375
4 0.296875 0.75859375 0.015625 0.02265625
4 0.265625 0.75859375 0.015625 0.0234375
17 0.85703125 0.746875 0.0171875 0.01015625
17 0.415625 0.75859375 0.0171875 0.0125
17 0.8375 0.74765625 0.0171875 0.01015625
17 0.21484375 0.76640625 0.0171875 0.01328125
5 0.6640625 0.75546875 0.04921875 0.0296875
5 0.609375 0.7578125 0.04921875 0.03046875
17 0.5421875 0.7640625 0.0171875 0.01015625
5 0.78046875 0.76171875 0.04921875 0.03046875
1 0.5109375 0.76796875 0.00703125 0.02578125
9 0.4921875 0.76875 0.02890625 0.05234375
17 0.415625 0.771875 0.01640625 0.0125
4 0.44921875 0.78046875 0.03359375 0.02578125
20 0.22578125 0.7875 0.02109375 0.0265625
4 0.728125 0.78515625 0.01875 0.046875
4 0.28359375 0.79765625 0.03359375 0.0234375
20 0.8421875 0.784375 0.075 0.0546875
17 0.33671875 0.79921875 0.0078125 0.02421875
20 0.553125 0.8015625 0.0734375 0.059375
19 0.3234375 0.80859375 0.00859375 0.01328125
4 0.45078125 0.80546875 0.03359375 0.025
19 0.2421875 0.81171875 0.01015625 0.0171875
4 0.34765625 0.81171875 0.0171875 0.06875
20 0.39140625 0.8109375 0.06796875 0.0671875
17 0.4296875 0.8125 0.00703125 0.0234375
4 0.28359375 0.82109375 0.03359375 0.0234375
4 0.1890625 0.82734375 0.09296875 0.02265625
17 0.8484375 0.8125 0.0171875 0.00703125
12 0.828125 0.81328125 0.0203125 0.00859375
17 0.521875 0.8234375 0.0109375 0.0109375
12 0.67890625 0.82421875 0.021875 0.0140625
12 0.625 0.8265625 0.021875 0.0140625
1 0.76875 0.82578125 0.0328125 0.0234375
5 0.7 0.8296875 0.00859375 0.02421875
17 0.646875 0.8328125 0.0078125 0.025
4 0.11953125 0.84765625 0.03984375 0.06640625
17 0.34140625 0.84921875 0.01640625 0.01171875
4 0.6796875 0.846875 0.0296875 0.0296875
4 0.625 0.85078125 0.0296875 0.0296875
4 0.26796875 0.86328125 0.0203125 0.0234375
4 0.29921875 0.86328125 0.01875 0.0234375
0 0.365625 0.8859375 0.03046875 0.05859375
4 0.8421875 0.88203125 0.07734375 0.13125
4 0.32421875 0.9 0.04921875 0.05234375
4 0.2765625 0.90234375 0.04921875 0.05234375
4 0.228125 0.9046875 0.04921875 0.053125
4 0.1796875 0.90625 0.04765625 0.05234375
4 0.13203125 0.9078125 0.04921875 0.053125
4 0.56796875 0.903125 0.075 0.128125
4 0.771875 0.90078125 0.0578125 0.09921875
4 0.49375 0.90703125 0.075 0.12890625
4 0.41875 0.91171875 0.07421875 0.13203125
4 0.684375 0.90859375 0.05390625 0.09375
4 0.63046875 0.91328125 0.05390625 0.09765625
4 0.790625 0.0625 0.08203125 0.0421875
4 0.646875 0.06796875 0.08359375 0.04375
4 0.49296875 0.07578125 0.084375 0.0421875
4 0.33671875 0.08203125 0.084375 0.04453125
4 0.1796875 0.0875 0.08203125 0.04296875
7 0.4140625 0.09375 0.0515625 0.08828125
7 0.56953125 0.090625 0.0578125 0.08359375
7 0.25859375 0.103125 0.05703125 0.08828125
4 0.79296875 0.090625 0.0671875 0.05078125
4 0.6484375 0.0953125 0.0640625 0.05
4 0.49375 0.10078125 0.06484375 0.053125
4 0.33671875 0.109375 0.06484375 0.0515625
4 0.1796875 0.1171875 0.065625 0.0515625
17 0.8265625 0.13359375 0.04609375 0.0296875
17 0.759375 0.1359375 0.046875 0.03125
17 0.68671875 0.1390625 0.04765625 0.03203125
17 0.5328125 0.14375 0.04765625 0.02890625
17 0.60546875 0.1421875 0.046875 0.03125
17 0.45625 0.14765625 0.04765625 0.03125
17 0.3765625 0.15 0.04765625 0.03203125
17 0.29921875 0.153125 0.04765625 0.03046875
17 0.22265625 0.15703125 0.04765625 0.0296875
17 0.13359375 0.1609375 0.04609375 0.03046875
1 0.4671875 0.17578125 0.01796875 0.025
1 0.62109375 0.171875 0.01796875 0.02578125
1 0.771875 0.17109375 0.0171875 0.02421875
1 0.31328125 0.184375 0.01875 0.02578125
1 0.1546875 0.190625 0.0171875 0.02421875
4 0.1203125 0.20859375 0.0328125 0.02421875
7 0.72578125 0.19765625 0.0609375 0.08828125
1 0.13203125 0.24375 0.01640625 0.0453125
9 0.64921875 0.2328125 0.04921875 0.06953125
9 0.7953125 0.2296875 0.04921875 0.0703125
9 0.49609375 0.2390625 0.04921875 0.06875
9 0.3390625 0.24453125 0.04921875 0.06953125
9 0.18203125 0.25 0.05078125 0.07265625
1 0.13203125 0.290625 0.0171875 0.04609375
1 0.61640625 0.28125 0.01796875 0.01328125
1 0.76796875 0.278125 0.0171875 0.0109375
1 0.671875 0.28046875 0.01875 0.0125
1 0.8203125 0.28046875 0.0171875 0.009375
1 0.31171875 0.296875 0.01796875 0.0125
1 0.36171875 0.29609375 0.01796875 0.0125
1 0.5171875 0.2953125 0.01875 0.01171875
1 0.46171875 0.2984375 0.01796875 0.0125
17 0.6734375 0.29375 0.0171875 0.0109375
1 0.61640625 0.29453125 0.01796875 0.01328125
1 0.1578125 0.30625 0.01796875 0.0125
4 0.10546875 0.30859375 0.0296875 0.1703125
17 0.82109375 0.29375 0.0171875 0.009375
1 0.76875 0.2953125 0.01796875 0.0125
4 0.4359375 0.30390625 0.01953125 0.06875
7 0.7109375 0.2984375 0.0578125 0.0859375
17 0.20546875 0.3109375 0.01796875 0.0125
1 0.3125 0.3109375 0.0171875 0.0125
4 0.39296875 0.31015625 0.015625 0.08515625
17 0.36171875 0.3140625 0.0171875 0.01171875
17 0.5171875 0.31015625 0.0171875 0.0109375
1 0.4609375 0.3125 0.0171875 0.0125
1 0.6171875 0.30859375 0.01796875 0.0125
1 0.15859375 0.3203125 0.0171875 0.01328125
4 0.553125 0.31015625 0.015625 0.08515625