4 0.37265625 0.34375 0.028125 0.08828125
14 0.70625 0.309375 0.04765625 0.05078125
4 0.1578125 0.496875 0.0390625 0.06640625
4 0.38984375 0.43359375 0.06484375 0.04140625
14 0.20625 0.52734375 0.06875 0.17265625
14 0.49453125 0.44609375 0.05546875 0.07734375
14 0.36328125 0.4953125 0.0265625 0.0875
4 0.44453125 0.49765625 0.02734375 0.08828125
4 0.171875 0.59296875 0.034375 0.0625
4 0.334375 0.553125 0.03125 0.06796875
14 0.85 0.42890625 0.02109375 0.0484375
13 0.4671875 0.5671875 0.021875 0.0234375
14 0.7828125 0.49609375 0.04296875 0.10703125
14 0.6921875 0.525 0.078125 0.04375
14 0.8640625 0.5140625 0.02109375 0.0484375
14 0.47421875 0.6296875 0.065625 0.05703125
14 0.4875 0.66015625 0.0796875 0.0453125
14 0.84765625 0.56015625 0.02890625 0.03984375
14 0.1546875 0.79296875 0.03671875 0.0609375
4 0.1796875 0.78828125 0.02734375 0.0453125
14 0.6328125 0.65625 0.0484375 0.0375
14 0.8328125 0.615625 0.03125 0.0484375
4 0.7375 0.6640625 0.04765625 0.03359375
14 0.86171875 0.6578125 0.02890625 0.03984375
14 0.6375 0.73515625 0.04921875 0.04296875
14 0.484375 0.7796875 0.04921875 0.0453125
14 0.20234375 0.8625 0.05 0.04609375
4 0.58046875 0.753125 0.03359375 0.06015625
14 0.303125 0.8390625 0.03828125 0.04375
4 0.74375 0.71484375 0.034375 0.04765625
19 0.78515625 0.703125 0.01015625 0.015625
4 0.6828125 0.73828125 0.0234375 0.06640625
14 0.8390625 0.7 0.09140625 0.04609375
14 0.90390625 0.7 0.025 0.0671875
13 0.83359375 0.73046875 0.021875 0.0234375
13 0.8046875 0.740625 0.021875 0.02421875
4 0.753125 0.765625 0.04765625 0.03359375
4 0.3671875 0.88203125 0.03125 0.0359375
4 0.4203125 0.86875 0.0328125 0.0375
14 0.6265625 0.8265625 0.05625 0.08125
14 0.4859375 0.8671875 0.0578125 0.0796875
14 0.2140625 0.946875 0.0578125 0.0796875
14 0.55703125 0.85390625 0.05390625 0.06796875
14 0.8125 0.784375 0.23515625 0.08984375
14 0.284375 0.9421875 0.0453125 0.0515625
14 0.4265625 0.9 0.0421875 0.0484375
14 0.3734375 0.915625 0.04140625 0.05234375
4 0.265625 0.115625 0.08984375 0.06796875
4 0.125 0.15703125 0.0890625 0.06484375
4 0.41484375 0.07421875 0.08671875 0.06640625
4 0.56796875 0.03203125 0.08828125 0.0640625
4 0.71953125 0.01015625 0.08515625 0.01953125
14 0.27109375 0.14765625 0.0640625 0.0484375
14 0.4203125 0.10546875 0.0640625 0.04765625
14 0.13046875 0.190625 0.065625 0.04765625
14 0.571875 0.0640625 0.065625 0.04765625
14 0.725 0.02421875 0.0640625 0.0484375
14 0.79609375 0.08359375 0.03359375 0.03046875
14 0.82578125 0.17578125 0.04453125 0.16796875
14 0.51015625 0.2765625 0.0265625 0.06953125
4 0.55234375 0.26796875 0.0296875 0.08984375
4 0.70078125 0.228125 0.02890625 0.0890625
4 0.396875 0.321875 0.02890625 0.090625
4 0.2109375 0.38203125 0.0296875 0.08984375