4 0.35390625 0.36328125 0.028125 0.08515625
14 0.6765625 0.321875 0.04609375 0.05
4 0.14765625 0.51640625 0.03828125 0.0640625
4 0.37109375 0.44921875 0.06328125 0.04140625
14 0.1953125 0.54453125 0.06796875 0.16796875
14 0.4734375 0.45859375 0.0546875 0.07578125
14 0.34609375 0.509375 0.0265625 0.084375
4 0.425 0.51015625 0.02734375 0.08515625
4 0.1625 0.60859375 0.034375 0.06171875
4 0.31953125 0.565625 0.03046875 0.065625
14 0.8171875 0.43359375 0.02109375 0.04765625
13 0.4484375 0.57734375 0.02109375 0.0234375
14 0.75234375 0.50078125 0.0421875 0.10390625
14 0.66484375 0.53125 0.07578125 0.04453125
14 0.83203125 0.51640625 0.02109375 0.04765625
14 0.45625 0.6375 0.0640625 0.05625
14 0.46875 0.66640625 0.0765625 0.0453125
14 0.815625 0.56171875 0.028125 0.0390625
14 0.1484375 0.80234375 0.0359375 0.059375
4 0.171875 0.796875 0.0265625 0.04375
14 0.609375 0.65859375 0.04765625 0.03671875
14 0.80234375 0.615625 0.03125 0.04765625
4 0.71015625 0.6640625 0.04609375 0.034375
14 0.83125 0.65625 0.028125 0.0390625
14 0.61484375 0.734375 0.04765625 0.0421875
14 0.46796875 0.78203125 0.04765625 0.0453125
14 0.1953125 0.86875 0.04921875 0.0453125
4 0.56015625 0.75390625 0.0328125 0.0578125
14 0.2921875 0.84375 0.0375 0.04296875
4 0.7171875 0.71328125 0.03359375 0.046875
19 0.7578125 0.7015625 0.01015625 0.01484375
4 0.659375 0.7375 0.02421875 0.0640625
14 0.809375 0.696875 0.0890625 0.04609375
14 0.87265625 0.69453125 0.025 0.06484375
13 0.8046875 0.7265625 0.02109375 0.0234375
13 0.7765625 0.73671875 0.02109375 0.02421875
4 0.7265625 0.7625 0.04609375 0.03359375
4 0.3546875 0.884375 0.03125 0.03515625
4 0.40625 0.86953125 0.03125 0.03671875
14 0.60625 0.82421875 0.05546875 0.07890625
14 0.46953125 0.86640625 0.05625 0.078125
14 0.2078125 0.95078125 0.05625 0.078125
14 0.53828125 0.85234375 0.053125 0.06640625
14 0.78515625 0.7796875 0.2265625 0.0921875
14 0.27578125 0.94375 0.04453125 0.05078125
14 0.41328125 0.90078125 0.04140625 0.04765625
14 0.36171875 0.91640625 0.040625 0.05078125
4 0.246875 0.14453125 0.08671875 0.0671875
4 0.11171875 0.1875 0.0859375 0.0640625
4 0.39140625 0.1 0.084375 0.065625
4 0.5390625 0.05625 0.0859375 0.06328125
4 0.68515625 0.02109375 0.0828125 0.04140625
14 0.253125 0.175 0.0625 0.04765625
14 0.396875 0.13046875 0.0625 0.046875
14 0.11796875 0.21953125 0.0640625 0.04765625
14 0.54296875 0.08671875 0.06328125 0.04765625
14 0.690625 0.04453125 0.06171875 0.0484375
14 0.76015625 0.10078125 0.03203125 0.0296875
14 0.78984375 0.18984375 0.04453125 0.1625
14 0.4859375 0.29375 0.02578125 0.0671875
4 0.5265625 0.284375 0.0296875 0.0875
4 0.6703125 0.2421875 0.02890625 0.08671875
4 0.3765625 0.340625 0.02890625 0.08828125
4 0.196875 0.40390625 0.0296875 0.0875