4 0.1796875 0.34296875 0.01484375 0.08671875
17 0.63203125 0.35390625 0.0171875 0.01171875
17 0.784375 0.3578125 0.0171875 0.01171875
4 0.70546875 0.36015625 0.015625 0.08671875
1 0.73125 0.36171875 0.01875 0.01171875
13 0.1453125 0.34765625 0.01875 0.01328125
1 0.25703125 0.35078125 0.01875 0.01328125
13 0.46953125 0.36171875 0.01875 0.0125
13 0.784375 0.36953125 0.01796875 0.0125
1 0.41171875 0.3609375 0.01875 0.01328125
1 0.10078125 0.35390625 0.01875 0.0125
17 0.3078125 0.36015625 0.0171875 0.0125
13 0.63125 0.36875 0.01875 0.0140625
4 0.53671875 0.3671875 0.0171875 0.0890625
1 0.0703125 0.35703125 0.01875 0.04609375
17 0.1453125 0.3609375 0.0171875 0.01171875
17 0.78359375 0.3828125 0.0171875 0.0109375
17 0.46953125 0.378125 0.01796875 0.0125
13 0.3078125 0.37578125 0.01875 0.01484375
17 0.41171875 0.378125 0.01640625 0.01171875
17 0.63046875 0.38515625 0.01796875 0.0125
1 0.14609375 0.37421875 0.01875 0.0125
13 0.2796875 0.384375 0.01328125 0.02265625
1 0.57421875 0.39140625 0.01875 0.0125
17 0.5953125 0.3921875 0.01640625 0.01171875
13 0.2328125 0.384375 0.01328125 0.02265625
13 0.25625 0.384375 0.0140625 0.021875
17 0.46796875 0.39296875 0.0171875 0.0109375
17 0.3078125 0.3921875 0.0171875 0.0109375
17 0.1453125 0.38828125 0.01796875 0.01171875
17 0.46796875 0.40703125 0.0171875 0.01015625
16 0.11171875 0.40078125 0.021875 0.01953125
1 0.078125 0.40390625 0.034375 0.025
17 0.46875 0.421875 0.0171875 0.0125
4 0.1875 0.415625 0.05 0.02421875
13 0.1390625 0.421875 0.01640625 0.02109375
9 0.41953125 0.42890625 0.04296875 0.0625
9 0.5984375 0.4390625 0.04375 0.065625
5 0.6828125 0.44296875 0.05 0.03046875
1 0.2203125 0.4328125 0.00703125 0.02578125
4 0.1875 0.43828125 0.05078125 0.021875
9 0.23515625 0.44375 0.01875 0.03828125
1 0.4515625 0.45234375 0.0078125 0.028125
17 0.5734375 0.45625 0.0078125 0.028125
17 0.26171875 0.45 0.0171875 0.01171875
4 0.78359375 0.46328125 0.03515625 0.075
4 0.5328125 0.4640625 0.06171875 0.021875
17 0.2625 0.46640625 0.0171875 0.0109375
17 0.1609375 0.4671875 0.0078125 0.02578125
5 0.68359375 0.484375 0.05390625 0.03203125
17 0.44609375 0.48125 0.01796875 0.01171875
12 0.5234375 0.4875 0.02265625 0.01484375
17 0.2625 0.48125 0.01796875 0.0109375
17 0.5015625 0.4875 0.0171875 0.01171875
1 0.39765625 0.4859375 0.01875 0.02578125
1 0.6421875 0.49453125 0.00703125 0.02578125
1 0.15 0.48515625 0.0109375 0.028125
1 0.3234375 0.48984375 0.01796875 0.02578125
1 0.18125 0.48828125 0.0078125 0.0265625
8 0.1703125 0.4890625 0.0109375 0.0296875
4 0.0796875 0.48828125 0.10546875 0.1390625
17 0.2625 0.49453125 0.0171875 0.0125
4 0.7375 0.5078125 0.06015625 0.19765625
12 0.5234375 0.5046875 0.02265625 0.0140625
17 0.503125 0.50546875 0.0171875 0.0140625
4 0.428125 0.50546875 0.05234375 0.07265625
9 0.21875 0.50546875 0.03203125 0.04453125
1 0.2625 0.50859375 0.01875 0.0125
4 0.56953125 0.51875 0.01875 0.090625
12 0.52265625 0.52109375 0.021875 0.015625
17 0.5015625 0.52109375 0.01796875 0.01484375
5 0.68125 0.52578125 0.05546875 0.03046875
1 0.16171875 0.51640625 0.0078125 0.02578125
17 0.1515625 0.5171875 0.0078125 0.025
17 0.140625 0.5171875 0.0078125 0.02578125
1 0.265625 0.52578125 0.034375 0.025
12 0.52265625 0.5390625 0.02109375 0.01484375
17 0.50234375 0.5390625 0.0171875 0.0140625
4 0.48671875 0.54375 0.0140625 0.08671875
17 0.26171875 0.54296875 0.0171875 0.0109375
1 0.290625 0.54453125 0.01796875 0.0265625
13 0.80078125 0.5609375 0.0625 0.12734375
12 0.52265625 0.5546875 0.02109375 0.0140625
17 0.5015625 0.5546875 0.0171875 0.0140625
4 0.78125 0.56171875 0.0390625 0.0765625
1 0.44609375 0.5546875 0.01875 0.02578125
17 0.2609375 0.55703125 0.0171875 0.01015625
1 0.2015625 0.5578125 0.0078125 0.02578125
17 0.140625 0.55703125 0.0171875 0.01171875
4 0.60703125 0.56875 0.0234375 0.06640625
17 0.1921875 0.55859375 0.00859375 0.02265625
17 0.21328125 0.559375 0.009375 0.02578125
12 0.521875 0.56953125 0.02109375 0.01328125
17 0.50234375 0.5703125 0.0171875 0.0125
17 0.234375 0.56484375 0.01796875 0.01171875
17 0.17265625 0.5640625 0.0171875 0.01171875
1 0.546875 0.575 0.01796875 0.0125
1 0.17265625 0.5796875 0.01796875 0.0109375
9 0.3609375 0.58671875 0.13515625 0.18671875
13 0.28828125 0.5890625 0.00859375 0.01328125
20 0.678125 0.5984375 0.05703125 0.1015625
1 0.22109375 0.58828125 0.00625 0.0265625
3 0.23515625 0.5890625 0.021875 0.03671875
1 0.27421875 0.596875 0.0078125 0.02578125
13 0.28828125 0.59921875 0.009375 0.01328125
1 0.20625 0.5984375 0.01875 0.04765625
1 0.17421875 0.59921875 0.0171875 0.01015625
1 0.26171875 0.60234375 0.01796875 0.04765625
1 0.24921875 0.6078125 0.00703125 0.02578125
1 0.1921875 0.60703125 0.0078125 0.0265625
9 0.540625 0.615625 0.05625 0.06171875
13 0.28828125 0.6109375 0.009375 0.01328125
1 0.50390625 0.6171875 0.01796875 0.0453125
1 0.48515625 0.61796875 0.0171875 0.04765625
13 0.2921875 0.61640625 0.00859375 0.01484375
17 0.17421875 0.61484375 0.0171875 0.01328125
13 0.296875 0.621875 0.009375 0.01328125
17 0.7171875 0.63359375 0.0171875 0.0125
13 0.30078125 0.62578125 0.009375 0.0140625
1 0.6328125 0.64375 0.0078125 0.0265625
1 0.42890625 0.64375 0.0171875 0.02421875
5 0.65234375 0.65 0.02265625 0.05234375
4 0.08828125 0.63828125 0.1484375 0.165625
1 0.7390625 0.6546875 0.01875 0.01015625
17 0.17421875 0.64296875 0.01796875 0.0140625
10 0.2953125 0.64609375 0.01796875 0.025
4 0.2375 0.646875 0.0828125 0.0265625
17 0.46015625 0.65234375 0.01796875 0.02578125
17 0.47734375 0.65546875 0.00703125 0.025
7 0.596875 0.6578125 0.04921875 0.0625
1 0.17421875 0.659375 0.01796875 0.01171875
17 0.7703125 0.67734375 0.0078125 0.02578125
9 0.7390625 0.6828125 0.0484375 0.04453125
4 0.47578125 0.67890625 0.06796875 0.0234375
13 0.67421875 0.68984375 0.07265625 0.0796875
17 0.265625 0.68046875 0.0078125 0.025
1 0.2859375 0.68203125 0.00625 0.025
1 0.22109375 0.68125 0.00703125 0.02578125
17 0.27578125 0.68203125 0.0078125 0.02421875
17 0.24375 0.68203125 0.00703125 0.025
1 0.25390625 0.68203125 0.00703125 0.0234375
5 0.521875 0.68828125 0.02265625 0.06875
17 0.20078125 0.68046875 0.0078125 0.02578125
17 0.23359375 0.68203125 0.0078125 0.025
17 0.21171875 0.6828125 0.0078125 0.02578125
17 0.17421875 0.68125 0.01796875 0.0125
1 0.3921875 0.6890625 0.01796875 0.025
3 0.328125 0.68984375 0.02265625 0.0375
1 0.30234375 0.6890625 0.0078125 0.0265625
1 0.31328125 0.6890625 0.0078125 0.0265625
1 0.18984375 0.68828125 0.0078125 0.0265625
4 0.4765625 0.7015625 0.06640625 0.0234375
1 0.17421875 0.69609375 0.01796875 0.01171875
17 0.62890625 0.715625 0.0078125 0.0265625
17 0.6 0.7171875 0.00859375 0.02578125
1 0.328125 0.7140625 0.01875 0.0109375
17 0.5625 0.72109375 0.0171875 0.01328125
4 0.46875 0.72265625 0.08359375 0.02421875
17 0.409375 0.72265625 0.01796875 0.01328125
17 0.24296875 0.71875 0.0078125 0.02578125
1 0.23359375 0.71953125 0.0078125 0.0265625
17 0.2859375 0.7203125 0.0078125 0.02578125
17 0.27578125 0.72109375 0.0078125 0.02578125
1 0.265625 0.72109375 0.0078125 0.0265625
1 0.2015625 0.71953125 0.0078125 0.02578125
17 0.25390625 0.7203125 0.0078125 0.02578125
17 0.221875 0.71953125 0.0078125 0.02578125
17 0.21171875 0.72109375 0.0078125 0.02578125
17 0.1734375 0.71953125 0.0171875 0.0109375
17 0.75234375 0.734375 0.0171875 0.01015625
17 0.7328125 0.73515625 0.0171875 0.0109375
17 0.78046875 0.740625 0.0078125 0.02578125
17 0.5171875 0.74765625 0.01875 0.01171875
4 0.79921875 0.7625 0.02109375 0.040625
4 0.84609375 0.76640625 0.0734375 0.0796875
1 0.14453125 0.75 0.01875 0.01328125
20 0.61328125 0.765625 0.04453125 0.0703125
12 0.78046875 0.771875 0.01015625 0.03046875
20 0.55390625 0.76640625 0.04296875 0.07421875
20 0.7484375 0.771875 0.053125 0.06015625
9 0.46328125 0.765625 0.05 0.04375
4 0.31796875 0.7625 0.05078125 0.02578125
17 0.2234375 0.76484375 0.0171875 0.01171875
17 0.14453125 0.7640625 0.0171875 0.01328125
7 0.38984375 0.77265625 0.05546875 0.09140625
17 0.49375 0.7765625 0.0078125 0.02578125
7 0.678125 0.7890625 0.065625 0.07734375
17 0.22421875 0.7796875 0.0171875 0.01171875
17 0.14453125 0.77734375 0.0171875 0.0125
4 0.06875 0.78125 0.1125 0.1375
1 0.46484375 0.7953125 0.0171875 0.01171875
17 0.35234375 0.79296875 0.01796875 0.0109375
1 0.14453125 0.79140625 0.0171875 0.01171875
0 0.2796875 0.796875 0.03359375 0.0609375
4 0.22890625 0.80078125 0.01640625 0.0234375
4 0.196875 0.80078125 0.01640625 0.02421875
17 0.81015625 0.81796875 0.0171875 0.01015625
17 0.35234375 0.80703125 0.01796875 0.0125
17 0.78984375 0.81796875 0.0171875 0.01015625
17 0.14453125 0.80546875 0.01796875 0.01328125
5 0.609375 0.81640625 0.05078125 0.03046875
5 0.55234375 0.81640625 0.05078125 0.03125
17 0.4828125 0.81875 0.0171875 0.01015625
5 0.73046875 0.82890625 0.05078125 0.03125
1 0.45078125 0.821875 0.00703125 0.0265625
9 0.43125 0.82265625 0.0296875 0.0546875
17 0.3515625 0.82109375 0.0171875 0.0125
4 0.38671875 0.83203125 0.03515625 0.0265625
20 0.1546875 0.828125 0.021875 0.02734375
4 0.67578125 0.85 0.01875 0.0484375
4 0.2140625 0.84140625 0.03515625 0.02421875
20 0.79375 0.85546875 0.07734375 0.05703125
17 0.26875 0.8453125 0.0078125 0.02578125
20 0.49375 0.85859375 0.0765625 0.0609375
19 0.25546875 0.8546875 0.009375 0.01328125
4 0.38671875 0.85859375 0.03515625 0.02578125
19 0.17109375 0.85390625 0.01015625 0.01796875
4 0.2796875 0.859375 0.01796875 0.07109375
20 0.32578125 0.8609375 0.0703125 0.06953125
17 0.365625 0.8640625 0.0078125 0.025
4 0.2140625 0.865625 0.03515625 0.025
4 0.11484375 0.86796875 0.096875 0.0234375
17 0.8 0.88515625 0.01796875 0.0078125
12 0.778125 0.88515625 0.02109375 0.00859375
17 0.46015625 0.8796875 0.01171875 0.0109375
12 0.6234375 0.88828125 0.02265625 0.0140625
12 0.5671875 0.88828125 0.02265625 0.0140625
1 0.71640625 0.8953125 0.034375 0.025
5 0.64453125 0.8953125 0.00859375 0.02578125
17 0.58984375 0.89609375 0.0078125 0.02578125
4 0.04375 0.8859375 0.040625 0.06875
17 0.27265625 0.89765625 0.0171875 0.01171875
4 0.6234375 0.9125 0.03046875 0.03046875
4 0.56640625 0.91328125 0.03046875 0.03046875
4 0.196875 0.90859375 0.02109375 0.02421875
4 0.22890625 0.91015625 0.01875 0.02421875
0 0.296875 0.93671875 0.03203125 0.06015625
4 0.79140625 0.94375 0.08125 0.11171875
4 0.25390625 0.94921875 0.05078125 0.0546875
4 0.2046875 0.94921875 0.0515625 0.0546875
4 0.15390625 0.95 0.0515625 0.05546875
4 0.10390625 0.9484375 0.05 0.0546875
4 0.05390625 0.94765625 0.05078125 0.05546875
4 0.50625 0.9484375 0.07890625 0.1015625
4 0.71796875 0.96015625 0.0609375 0.078125
4 0.4296875 0.9484375 0.078125 0.1
4 0.35234375 0.94765625 0.07734375 0.09921875
4 0.62734375 0.96328125 0.05703125 0.071875
4 0.57109375 0.96328125 0.05703125 0.071875
4 0.759375 0.10390625 0.084375 0.04375
4 0.61015625 0.103125 0.08671875 0.0453125
4 0.45 0.103125 0.0875 0.04375
4 0.28828125 0.1015625 0.0875 0.04609375
4 0.125 0.09921875 0.084375 0.04453125
7 0.36796875 0.11796875 0.05390625 0.09140625
7 0.5296875 0.12265625 0.06015625 0.08671875
7 0.20625 0.1203125 0.059375 0.09140625
4 0.76015625 0.13359375 0.06953125 0.05234375
4 0.6109375 0.13125 0.06640625 0.0515625
4 0.45 0.1296875 0.0671875 0.05546875
4 0.2875 0.1296875 0.0671875 0.05390625
4 0.12421875 0.13046875 0.06796875 0.05390625
17 0.7953125 0.1796875 0.0484375 0.03046875
17 0.725 0.17890625 0.0484375 0.03203125
17 0.64921875 0.17734375 0.04921875 0.03359375
17 0.48984375 0.1765625 0.04921875 0.0296875
17 0.56484375 0.178125 0.0484375 0.03203125
17 0.41015625 0.17578125 0.04921875 0.03203125
17 0.328125 0.175 0.04921875 0.0328125
17 0.24765625 0.1734375 0.04921875 0.03125
17 0.16796875 0.1734375 0.04921875 0.03046875
17 0.07578125 0.17421875 0.0484375 0.03125
1 0.42109375 0.20625 0.01875 0.02578125
1 0.58125 0.21015625 0.01875 0.0265625
1 0.7375 0.21640625 0.0171875 0.02578125
1 0.26171875 0.2078125 0.01875 0.0265625
1 0.096875 0.20546875 0.01796875 0.02578125
4 0.0609375 0.221875 0.03359375 0.02578125
7 0.6890625 0.240625 0.0625 0.09140625
1 0.071875 0.259375 0.0171875 0.046875
9 0.60859375 0.27421875 0.05078125 0.071875
9 0.76015625 0.278125 0.0515625 0.0734375
9 0.45 0.27265625 0.0515625 0.07109375
9 0.28671875 0.27109375 0.0515625 0.07265625
9 0.1234375 0.26875 0.05234375 0.07578125
1 0.0703125 0.3078125 0.0171875 0.04765625
1 0.57265625 0.32265625 0.01875 0.01328125
1 0.73046875 0.3265625 0.01796875 0.0109375
1 0.63125 0.325 0.01875 0.0125
1 0.784375 0.33203125 0.01796875 0.009375
1 0.25703125 0.32421875 0.01875 0.0125
1 0.3078125 0.3265625 0.01875 0.0125
1 0.4703125 0.33203125 0.01953125 0.01171875
1 0.41171875 0.3328125 0.01875 0.0125
17 0.63125 0.33828125 0.01796875 0.0109375
1 0.57265625 0.33671875 0.01875 0.01328125
1 0.09765625 0.3265625 0.01875 0.0125
4 0.04296875 0.32578125 0.03046875 0.1765625
17 0.784375 0.3453125 0.0171875 0.009375
1 0.73046875 0.34453125 0.01875 0.0125
4 0.38515625 0.33671875 0.0203125 0.07109375
7 0.6703125 0.34453125 0.06015625 0.0890625
17 0.14609375 0.3328125 0.01875 0.0125
1 0.25625 0.33828125 0.01796875 0.0125
4 0.33984375 0.340625 0.015625 0.08828125
17 0.3078125 0.34375 0.0171875 0.01171875
17 0.46953125 0.34765625 0.0171875 0.0109375
1 0.4109375 0.346875 0.01796875 0.0125
1 0.57265625 0.35078125 0.01875 0.0125
1 0.096875 0.33984375 0.01796875 0.01328125
4 0.50625 0.35 0.015625 0.08828125