4 0.375 0.2984375 0.01875 0.08828125
14 0.71796875 0.34453125 0.0453125 0.04296875
4 0.1375 0.4015625 0.03359375 0.06171875
4 0.38046875 0.39375 0.06484375 0.02734375
14 0.1828125 0.44375 0.05 0.1703125
14 0.4859375 0.43203125 0.05 0.06953125
14 0.34609375 0.44921875 0.01640625 0.08828125
4 0.428125 0.47109375 0.0171875 0.0890625
4 0.1390625 0.5015625 0.02890625 0.059375
4 0.309375 0.50078125 0.02421875 0.06484375
14 0.84765625 0.50078125 0.015625 0.04765625
13 0.44140625 0.5484375 0.0203125 0.01953125
14 0.77109375 0.553125 0.03125 0.10546875
14 0.675 0.56015625 0.0796875 0.0265625
14 0.85078125 0.59140625 0.015625 0.04765625
14 0.440625 0.61328125 0.0640625 0.0453125
14 0.45078125 0.646875 0.0796875 0.028125
14 0.828125 0.634375 0.02578125 0.0359375
14 0.09609375 0.7 0.03125 0.05625
4 0.12109375 0.70078125 0.0234375 0.04140625
14 0.59765625 0.678125 0.04765625 0.02734375
14 0.80625 0.6859375 0.02734375 0.0453125
4 0.703125 0.71171875 0.046875 0.025
14 0.83046875 0.73671875 0.02578125 0.0359375
14 0.59296875 0.75859375 0.04765625 0.03359375
14 0.43203125 0.7671875 0.04765625 0.0359375
14 0.13515625 0.78203125 0.0484375 0.03671875
4 0.53203125 0.7640625 0.028125 0.05625
14 0.23984375 0.78359375 0.03515625 0.0375
4 0.70234375 0.76484375 0.03046875 0.04375
19 0.746875 0.76328125 0.009375 0.01484375
4 0.63828125 0.7734375 0.01640625 0.065625
14 0.80078125 0.7734375 0.09375 0.025
14 0.86640625 0.78828125 0.0171875 0.06640625
13 0.79140625 0.803125 0.0203125 0.01953125
13 0.7609375 0.80546875 0.0203125 0.0203125
4 0.70546875 0.81875 0.046875 0.02421875
4 0.29921875 0.8421875 0.02890625 0.03125
4 0.3546875 0.84140625 0.0296875 0.0328125
14 0.56953125 0.84921875 0.05 0.0734375
14 0.42109375 0.85625 0.0515625 0.071875
14 0.1359375 0.8703125 0.0515625 0.071875
14 0.49609375 0.86015625 0.05 0.059375
14 0.7640625 0.85234375 0.24375 0.03515625
14 0.2078125 0.88203125 0.0421875 0.04453125
14 0.3578125 0.875 0.0390625 0.04140625
14 0.3015625 0.878125 0.03828125 0.0453125
4 0.296875 0.040625 0.08828125 0.05078125
4 0.1484375 0.04921875 0.08828125 0.046875
4 0.453125 0.03515625 0.0859375 0.04921875
4 0.61328125 0.0296875 0.0875 0.04609375
4 0.77265625 0.02265625 0.084375 0.0453125
14 0.29765625 0.075 0.06328125 0.03515625
14 0.4546875 0.06875 0.06328125 0.03515625
14 0.15 0.084375 0.06484375 0.03515625
14 0.61328125 0.06328125 0.0640625 0.03515625
14 0.77421875 0.06015625 0.06328125 0.0359375
14 0.83828125 0.13828125 0.03203125 0.02421875
14 0.85625 0.2390625 0.02421875 0.17109375
14 0.52265625 0.26328125 0.01875 0.06875
4 0.56640625 0.26484375 0.01953125 0.090625
4 0.72265625 0.2609375 0.01875 0.08984375
4 0.403125 0.28203125 0.01875 0.09140625
4 0.20625 0.2984375 0.01875 0.090625