1 0.6546875 0.2765625 0.025 0.02890625
17 0.13671875 0.109375 0.02421875 0.02890625
17 0.2046875 0.13046875 0.02421875 0.02890625
1 0.27890625 0.1578125 0.0671875 0.08046875
1 0.3828125 0.19140625 0.06640625 0.08046875
4 0.04296875 0.08671875 0.021875 0.09921875
5 0.7578125 0.3390625 0.025 0.0453125
1 0.1421875 0.13828125 0.02265625 0.02890625
1 0.73984375 0.3375 0.0203125 0.04765625
1 0.0640625 0.11875 0.0171875 0.04375
1 0.50859375 0.26875 0.0265625 0.0328125
1 0.31171875 0.22109375 0.025 0.0328125
1 0.33984375 0.2328125 0.02421875 0.0265625
1 0.12109375 0.1609375 0.0171875 0.04140625
1 0.0484375 0.1453125 0.02421875 0.0265625
1 0.390625 0.26484375 0.0265625 0.0328125
17 0.0453125 0.1703125 0.025 0.0265625
1 0.91484375 0.46171875 0.0171875 0.04375
1 0.29765625 0.25625 0.01796875 0.0453125
1 0.209375 0.22734375 0.02265625 0.02890625
1 0.184375 0.221875 0.01796875 0.04375
1 0.871875 0.45625 0.025 0.02890625
1 0.14140625 0.2171875 0.01796875 0.0453125
13 0.65 0.40078125 0.01796875 0.0453125
19 0.6640625 0.40625 0.015625 0.04375
1 0.2015625 0.25546875 0.025 0.0265625
1 0.39765625 0.32421875 0.02421875 0.02890625
1 0.315625 0.29765625 0.015625 0.04140625
1 0.23046875 0.271875 0.015625 0.04375
17 0.03984375 0.2171875 0.02421875 0.025
1 0.19609375 0.278125 0.0265625 0.03125
14 0.90234375 0.51484375 0.05390625 0.08671875
17 0.36328125 0.34609375 0.015625 0.04375
1 0.38046875 0.353125 0.025 0.02890625
1 0.30078125 0.334375 0.0171875 0.0453125
7 0.33359375 0.34609375 0.01796875 0.04375
1 0.3203125 0.34296875 0.01796875 0.0453125
1 0.396875 0.37421875 0.01953125 0.0453125
1 0.18515625 0.3109375 0.0265625 0.03125
17 0.6390625 0.465625 0.01328125 0.0390625
17 0.6265625 0.4625 0.0140625 0.04140625
17 0.65 0.471875 0.0140625 0.04375
17 0.66171875 0.4765625 0.01328125 0.0390625
1 0.28515625 0.353125 0.0171875 0.04140625
1 0.41484375 0.4015625 0.01953125 0.04765625
1 0.259375 0.35625 0.02421875 0.03125
1 0.2375 0.3515625 0.02265625 0.02890625
1 0.3015625 0.37421875 0.02421875 0.02890625
16 0.07578125 0.30078125 0.03359375 0.0515625
1 0.35234375 0.396875 0.0171875 0.04140625
1 0.1890625 0.3515625 0.025 0.02890625
17 0.6890625 0.51875 0.0171875 0.0453125
1 0.39296875 0.4234375 0.01953125 0.0453125
1 0.65625 0.51328125 0.02421875 0.0265625
1 0.28203125 0.3921875 0.01796875 0.0453125
1 0.3546875 0.42578125 0.0265625 0.02890625
1 0.31640625 0.415625 0.025 0.02890625
20 0.71875 0.55234375 0.02890625 0.05546875
1 0.62109375 0.5203125 0.025 0.02890625
1 0.18359375 0.38515625 0.02421875 0.03125
1 0.2296875 0.403125 0.02421875 0.02890625
1 0.25234375 0.41015625 0.0265625 0.03125
1 0.39140625 0.46171875 0.025 0.03125
17 0.5046875 0.50390625 0.0171875 0.0453125
14 0.85 0.61875 0.06015625 0.11796875
17 0.4828125 0.5 0.0140625 0.04140625
4 0.5125 0.121875 0.9171875 0.24375
1 0.27890625 0.43203125 0.0171875 0.0375
16 0.684375 0.57265625 0.0296875 0.0578125
16 0.1125 0.38359375 0.0296875 0.06015625
17 0.71484375 0.59296875 0.021875 0.025
1 0.29453125 0.459375 0.0171875 0.04375
17 0.3296875 0.47109375 0.01328125 0.04140625
1 0.2359375 0.44453125 0.0265625 0.0328125
1 0.37578125 0.490625 0.02265625 0.03125
1 0.19296875 0.4296875 0.02265625 0.02890625
17 0.65859375 0.5875 0.0171875 0.04765625
17 0.64453125 0.58359375 0.015625 0.04375
1 0.27421875 0.4703125 0.0140625 0.03515625
1 0.6234375 0.5953125 0.025 0.02890625
17 0.5125 0.56015625 0.025 0.02890625
20 0.540625 0.57265625 0.0328125 0.05390625
1 0.1796875 0.4609375 0.025 0.02890625
1 0.69453125 0.63828125 0.021875 0.02890625
1 0.65390625 0.625 0.02421875 0.0265625
14 0.028125 0.41875 0.05625 0.275
1 0.4 0.5453125 0.01796875 0.0453125
1 0.25390625 0.509375 0.025 0.03125
17 0.628125 0.63359375 0.025 0.0265625
16 0.0875 0.45546875 0.03515625 0.0515625
17 0.49296875 0.59296875 0.02421875 0.025
1 0.4375 0.58125 0.0171875 0.04375
1 0.7 0.67890625 0.01796875 0.04765625
1 0.60390625 0.64765625 0.02265625 0.03125
19 0.646875 0.66015625 0.025 0.0265625
1 0.15703125 0.49921875 0.01796875 0.04375
14 0.8765625 0.74609375 0.05546875 0.103125
17 0.3484375 0.5765625 0.0140625 0.04140625
1 0.26953125 0.55390625 0.0265625 0.0328125
1 0.41953125 0.60546875 0.02421875 0.02890625
1 0.2203125 0.5421875 0.0171875 0.04375
1 0.584375 0.6703125 0.0171875 0.04375
17 0.365625 0.603125 0.021875 0.025
1 0.253125 0.5703125 0.025 0.02890625
17 0.696875 0.72109375 0.01171875 0.0375
5 0.4890625 0.66015625 0.021875 0.03515625
1 0.32421875 0.61640625 0.01796875 0.04765625
9 0.63125 0.721875 0.10078125 0.12578125
17 0.35390625 0.63203125 0.01328125 0.04140625
1 0.6796875 0.740625 0.015625 0.04375
1 0.30546875 0.62109375 0.02421875 0.03125
17 0.09375 0.56796875 0.0140625 0.0375
16 0.515625 0.7234375 0.05546875 0.0703125
1 0.56484375 0.74921875 0.0171875 0.04375
13 0.1421875 0.61953125 0.02734375 0.0328125
17 0.08984375 0.6046875 0.01328125 0.0390625
1 0.184375 0.6421875 0.01796875 0.0453125
17 0.459375 0.73515625 0.0171875 0.04921875
17 0.471875 0.74296875 0.015625 0.04765625
1 0.2203125 0.665625 0.06640625 0.0828125
1 0.32421875 0.6984375 0.06640625 0.08671875
1 0.6046875 0.80546875 0.0265625 0.0328125
1 0.634375 0.81796875 0.02265625 0.02890625
17 0.05078125 0.62578125 0.02265625 0.025
4 0.4375 0.875 0.875 0.24609375
13 0.725 0.25703125 0.04296875 0.0515625