1 0.625 0.1765625 0.02578125 0.0296875
17 0.09296875 0.3421875 0.025 0.0296875
17 0.16171875 0.32109375 0.025 0.0296875
1 0.23984375 0.29765625 0.06796875 0.08046875
1 0.346875 0.265625 0.06640625 0.08046875
4 0.0046875 0.38125 0.009375 0.109375
5 0.7375 0.1703125 0.02578125 0.046875
1 0.1046875 0.365625 0.0234375 0.0296875
1 0.71953125 0.1796875 0.01953125 0.04921875
1 0.025 0.396875 0.0171875 0.04453125
1 0.48359375 0.2609375 0.02734375 0.03203125
1 0.2859375 0.340625 0.02578125 0.034375
1 0.3140625 0.3328125 0.0234375 0.02734375
1 0.08984375 0.40234375 0.0171875 0.0421875
1 0.015625 0.4328125 0.0234375 0.02734375
1 0.3703125 0.33046875 0.02734375 0.03203125
17 0.0171875 0.45859375 0.025 0.02734375
1 0.91328125 0.18828125 0.0171875 0.04453125
1 0.278125 0.3828125 0.0171875 0.046875
1 0.18828125 0.4109375 0.0234375 0.0296875
1 0.1625 0.4203125 0.01875 0.04453125
1 0.871875 0.2109375 0.02578125 0.0296875
1 0.11953125 0.4421875 0.0171875 0.046875
13 0.646875 0.29765625 0.0171875 0.046875
19 0.66171875 0.29453125 0.01484375 0.04453125
1 0.18671875 0.44140625 0.025 0.02734375
1 0.3890625 0.38515625 0.025 0.0296875
1 0.3046875 0.41171875 0.01640625 0.040625
1 0.21640625 0.440625 0.01640625 0.0421875
17 0.0234375 0.50859375 0.025 0.02578125
1 0.18671875 0.46796875 0.02734375 0.0296875
14 0.91328125 0.24609375 0.0546875 0.0875
17 0.3609375 0.42734375 0.01640625 0.0421875
1 0.3796875 0.4234375 0.02578125 0.0296875
1 0.2984375 0.45625 0.01640625 0.04453125
7 0.3328125 0.44609375 0.01875 0.04453125
1 0.31953125 0.45078125 0.0171875 0.046875
1 0.39921875 0.43203125 0.01875 0.046875
1 0.1828125 0.50625 0.02734375 0.0296875
17 0.6515625 0.36953125 0.01328125 0.040625
17 0.63828125 0.37265625 0.01484375 0.0421875
17 0.66328125 0.3671875 0.01328125 0.04453125
17 0.67578125 0.3625 0.01328125 0.040625
1 0.2875 0.4828125 0.0171875 0.0421875
1 0.421875 0.44765625 0.01875 0.04921875
1 0.2640625 0.503125 0.025 0.03203125
1 0.24140625 0.5109375 0.0234375 0.0296875
1 0.30703125 0.49375 0.025 0.0296875
16 0.07578125 0.56484375 0.03359375 0.053125
1 0.36171875 0.4828125 0.0171875 0.0421875
1 0.1953125 0.5421875 0.02578125 0.0296875
17 0.71015625 0.3859375 0.01640625 0.04453125
1 0.40546875 0.4828125 0.01875 0.046875
1 0.67734375 0.40078125 0.0234375 0.02734375
1 0.29296875 0.5234375 0.0171875 0.046875
1 0.36953125 0.509375 0.02578125 0.02734375
1 0.33125 0.5234375 0.02578125 0.0296875
20 0.7453125 0.40078125 0.0296875 0.0578125
1 0.6453125 0.43203125 0.02578125 0.0296875
1 0.19765625 0.5796875 0.025 0.03203125
1 0.24453125 0.565625 0.025 0.0296875
1 0.26796875 0.559375 0.02734375 0.0296875
1 0.41328125 0.5203125 0.02578125 0.03203125
17 0.53046875 0.48828125 0.01640625 0.04453125
14 0.8859375 0.38046875 0.06015625 0.11953125
17 0.50859375 0.5 0.01484375 0.0421875
4 0.45546875 0.11796875 0.9109375 0.2359375
1 0.29765625 0.5640625 0.0171875 0.03828125
16 0.71796875 0.44140625 0.03125 0.0578125
16 0.12890625 0.62109375 0.03125 0.059375
17 0.75078125 0.440625 0.021875 0.02578125
1 0.31953125 0.5796875 0.0171875 0.04453125
17 0.35625 0.5703125 0.01328125 0.0421875
1 0.26015625 0.60078125 0.02734375 0.03203125
1 0.4046875 0.55859375 0.0234375 0.03203125
1 0.215625 0.6171875 0.0234375 0.0296875
17 0.6953125 0.47265625 0.01640625 0.046875
17 0.68125 0.47734375 0.01484375 0.04453125
1 0.30234375 0.60078125 0.01484375 0.0359375
1 0.66328125 0.50234375 0.02578125 0.0296875
17 0.55 0.53828125 0.02578125 0.0296875
20 0.57890625 0.53203125 0.03203125 0.05546875
1 0.209375 0.653125 0.02578125 0.0296875
1 0.740625 0.49765625 0.021875 0.0296875
1 0.69921875 0.51171875 0.0234375 0.02734375
14 0.0421875 0.71484375 0.08125 0.28515625
1 0.43828125 0.59609375 0.0171875 0.046875
1 0.290625 0.65234375 0.02578125 0.03203125
17 0.6765625 0.53515625 0.025 0.02734375
16 0.11953125 0.7078125 0.034375 0.053125
17 0.53828125 0.5828125 0.025 0.02578125
1 0.4828125 0.60546875 0.0171875 0.04453125
1 0.7546875 0.5328125 0.0171875 0.04921875
1 0.65625 0.5625 0.0234375 0.03203125
19 0.7 0.55 0.025 0.02734375
1 0.1953125 0.70546875 0.01875 0.04453125
14 0.93828125 0.4859375 0.05703125 0.10390625
17 0.39609375 0.6578125 0.01484375 0.0421875
1 0.31484375 0.6859375 0.02734375 0.03203125
1 0.4703125 0.640625 0.025 0.0296875
1 0.265625 0.7078125 0.0171875 0.04453125
1 0.64296875 0.59921875 0.0171875 0.04453125
17 0.41875 0.67421875 0.021875 0.02578125
1 0.303125 0.7125 0.02578125 0.0296875
17 0.76171875 0.57421875 0.0125 0.03828125
5 0.54921875 0.65 0.021875 0.0359375
1 0.38125 0.7140625 0.0171875 0.04921875
9 0.6984375 0.61796875 0.10234375 0.12578125
17 0.4140625 0.70625 0.01328125 0.0421875
1 0.7484375 0.60390625 0.01640625 0.0421875
1 0.3640625 0.7265625 0.025 0.03203125
17 0.15078125 0.8109375 0.01484375 0.03828125
16 0.5875 0.6921875 0.05703125 0.0703125
1 0.640625 0.6859375 0.0171875 0.04453125
13 0.2078125 0.83046875 0.028125 0.03203125
17 0.15390625 0.85 0.01328125 0.040625
1 0.253125 0.82578125 0.0171875 0.046875
17 0.5359375 0.740625 0.0171875 0.05078125
17 0.55 0.7390625 0.01640625 0.04921875
1 0.29296875 0.82421875 0.06796875 0.0828125
1 0.3984375 0.7921875 0.06796875 0.0875
1 0.68984375 0.71796875 0.02734375 0.03203125
1 0.721875 0.70859375 0.0234375 0.0296875
17 0.121875 0.89375 0.0234375 0.02578125
4 0.525 0.89140625 0.9484375 0.2125
13 0.6875 0.1125 0.04453125 0.05078125