1 0.6125 0.21171875 0.02421875 0.025
17 0.08359375 0.28046875 0.02265625 0.025
17 0.153125 0.271875 0.02265625 0.025
1 0.2296875 0.2625 0.0640625 0.06875
1 0.3359375 0.25 0.0625 0.06875
5 0.721875 0.22578125 0.02265625 0.04140625
1 0.09453125 0.3046875 0.021875 0.025
1 0.70390625 0.23203125 0.0171875 0.0453125
1 0.015625 0.321875 0.01484375 0.04140625
1 0.46953125 0.26875 0.025 0.02734375
1 0.271875 0.3109375 0.02421875 0.02890625
1 0.3 0.3078125 0.02265625 0.02265625
1 0.07734375 0.3375 0.01484375 0.0390625
1 0.0078125 0.3546875 0.015625 0.025
1 0.3546875 0.31640625 0.025 0.02734375
17 0.009375 0.38046875 0.01796875 0.02734375
1 0.8921875 0.27421875 0.01484375 0.04140625
1 0.26171875 0.34921875 0.01484375 0.04375
1 0.17265625 0.3609375 0.021875 0.025
1 0.14765625 0.3671875 0.015625 0.04140625
1 0.85 0.28828125 0.02421875 0.025
1 0.1046875 0.38046875 0.01484375 0.04375
13 0.62578125 0.3328125 0.01484375 0.04375
19 0.63984375 0.33125 0.01171875 0.04375
1 0.16875 0.39296875 0.02421875 0.02265625
1 0.3703125 0.37109375 0.02265625 0.025
1 0.2859375 0.3828125 0.01328125 0.0390625
1 0.2 0.39609375 0.01328125 0.04140625
17 0.01015625 0.4296875 0.0203125 0.025
1 0.1671875 0.4171875 0.025 0.025
14 0.88828125 0.3296875 0.04921875 0.07890625
17 0.33984375 0.40859375 0.01328125 0.04140625
1 0.3578125 0.40859375 0.02421875 0.025
1 0.27734375 0.4265625 0.01328125 0.04375
7 0.3125 0.4234375 0.015625 0.04140625
1 0.2984375 0.42421875 0.01484375 0.04375
1 0.37734375 0.4203125 0.015625 0.04375
1 0.1609375 0.45234375 0.025 0.025
17 0.6265625 0.4015625 0.0109375 0.0390625
17 0.61328125 0.4046875 0.01171875 0.04140625
17 0.63828125 0.40390625 0.0109375 0.04375
17 0.65 0.4015625 0.0109375 0.0390625
1 0.265625 0.44921875 0.01484375 0.0390625
1 0.39765625 0.43984375 0.015625 0.0453125
1 0.240625 0.465625 0.02265625 0.02734375
1 0.21875 0.46875 0.021875 0.025
1 0.284375 0.4625 0.02265625 0.025
16 0.0546875 0.49296875 0.03046875 0.04765625
1 0.33671875 0.46171875 0.01484375 0.0390625
1 0.17265625 0.49140625 0.02421875 0.025
17 0.6828125 0.43046875 0.01328125 0.04375
1 0.38125 0.471875 0.015625 0.04375
1 0.64921875 0.4390625 0.02265625 0.02265625
1 0.26796875 0.48828125 0.01484375 0.04375
1 0.34375 0.490625 0.025 0.02265625
1 0.30546875 0.49609375 0.02421875 0.025
20 0.71640625 0.44921875 0.0265625 0.0515625
1 0.6171875 0.4625 0.02421875 0.025
1 0.171875 0.528125 0.02265625 0.02734375
1 0.21953125 0.52265625 0.02265625 0.025
1 0.2421875 0.52109375 0.025 0.025
1 0.38515625 0.50703125 0.02421875 0.02734375
17 0.5015625 0.49921875 0.01328125 0.04375
14 0.85390625 0.45546875 0.053125 0.11015625
17 0.4796875 0.50390625 0.01171875 0.04140625
4 0.4515625 0.07578125 0.903125 0.1515625
1 0.2703125 0.53046875 0.01484375 0.03515625
16 0.68671875 0.484375 0.028125 0.0515625
16 0.10234375 0.55625 0.028125 0.05390625
17 0.71875 0.48984375 0.021875 0.02109375
1 0.29140625 0.55 0.01484375 0.04140625
17 0.3265625 0.5453125 0.0109375 0.04140625
1 0.23125 0.559375 0.025 0.02734375
1 0.37421875 0.5421875 0.021875 0.02734375
1 0.1875 0.56640625 0.021875 0.025
17 0.6625 0.51015625 0.01328125 0.0453125
17 0.6484375 0.51328125 0.01171875 0.04375
1 0.27265625 0.5671875 0.01171875 0.03515625
1 0.63046875 0.5328125 0.02421875 0.025
17 0.5171875 0.55 0.02421875 0.025
20 0.54609375 0.55 0.02890625 0.05
1 0.17890625 0.59921875 0.02421875 0.025
1 0.70625 0.54375 0.0203125 0.025
1 0.66484375 0.5484375 0.02265625 0.02265625
14 0.02265625 0.63125 0.0453125 0.271875
1 0.4046875 0.584375 0.01484375 0.04375
1 0.25859375 0.61484375 0.02421875 0.02734375
17 0.63984375 0.56953125 0.02421875 0.02265625
16 0.0890625 0.63828125 0.03125 0.04765625
17 0.50390625 0.59140625 0.02421875 0.02109375
1 0.4484375 0.60390625 0.01484375 0.04140625
1 0.7171875 0.57890625 0.01484375 0.0453125
1 0.61953125 0.5921875 0.021875 0.02734375
19 0.66328125 0.5859375 0.02421875 0.02265625
1 0.1625 0.64765625 0.015625 0.04140625
14 0.8984375 0.56640625 0.05078125 0.0953125
17 0.3609375 0.6390625 0.01171875 0.04140625
1 0.2796875 0.65234375 0.025 0.02734375
1 0.434375 0.63515625 0.02265625 0.025
1 0.23046875 0.6640625 0.01484375 0.04140625
1 0.60390625 0.62421875 0.01484375 0.04140625
17 0.38203125 0.6578125 0.021875 0.02109375
1 0.2671875 0.67421875 0.02421875 0.025
17 0.72109375 0.6234375 0.009375 0.03515625
5 0.51015625 0.65625 0.0203125 0.03125
1 0.34296875 0.6890625 0.01484375 0.0453125
9 0.65625 0.65390625 0.0953125 0.1078125
17 0.375 0.6890625 0.0109375 0.04140625
1 0.70703125 0.64921875 0.01328125 0.04140625
1 0.32578125 0.7 0.02265625 0.02734375
17 0.1125 0.74296875 0.01171875 0.0375
16 0.54453125 0.7046875 0.053125 0.06015625
1 0.596875 0.7078125 0.01484375 0.04140625
13 0.16640625 0.77265625 0.0265625 0.02734375
17 0.11328125 0.78125 0.0109375 0.0390625
1 0.21171875 0.77734375 0.01484375 0.04375
17 0.49140625 0.74453125 0.01484375 0.05
17 0.50546875 0.74609375 0.01328125 0.04765625
1 0.25 0.78203125 0.0625 0.0703125
1 0.3546875 0.76796875 0.0625 0.075
1 0.64296875 0.74765625 0.025 0.02734375
1 0.67421875 0.74453125 0.021875 0.025
17 0.08046875 0.8171875 0.02265625 0.02109375
4 0.4828125 0.93359375 0.9296875 0.12890625
13 0.67734375 0.1609375 0.04140625 0.04375