1 0.61796875 0.47421875 0.01484375 0.01875
21 0.2796875 0.40234375 0.0109375 0.03125
17 0.4953125 0.45703125 0.0125 0.01640625
21 0.2515625 0.40078125 0.01796875 0.0234375
17 0.12578125 0.3734375 0.01796875 0.02265625
19 0.290625 0.4125 0.015625 0.03046875
19 0.8515625 0.54453125 0.015625 0.03046875
1 0.50390625 0.465625 0.009375 0.03125
1 0.4828125 0.4609375 0.009375 0.03125
21 0.21171875 0.40390625 0.01796875 0.02265625
19 0.3421875 0.4359375 0.0109375 0.02265625
17 0.49375 0.47109375 0.0140625 0.01640625
21 0.2359375 0.41171875 0.0171875 0.02109375
21 0.265625 0.41875 0.01640625 0.01875
1 0.48515625 0.48203125 0.01484375 0.015625
12 0.096875 0.3921875 0.04296875 0.0703125
1 0.40625 0.465625 0.0171875 0.01953125
9 0.7328125 0.54453125 0.24921875 0.47578125
9 0.22421875 0.42890625 0.01484375 0.0265625
9 0.27578125 0.4421875 0.01484375 0.0265625
19 0.325 0.45703125 0.015625 0.03046875
1 0.490625 0.49609375 0.01640625 0.0171875
1 0.40546875 0.48125 0.01640625 0.0171875
19 0.1953125 0.43359375 0.01484375 0.02890625
1 0.2984375 0.46171875 0.01640625 0.0171875
9 0.44453125 0.50078125 0.05390625 0.10390625
1 0.4828125 0.509375 0.01796875 0.01875
1 0.2625 0.459375 0.0171875 0.0203125
1 0.234375 0.45390625 0.01484375 0.01875
1 0.21015625 0.4546875 0.01015625 0.03125
19 0.30859375 0.47734375 0.0125 0.0234375
17 0.12265625 0.434375 0.0171875 0.02109375
21 0.18671875 0.45390625 0.01484375 0.01640625
19 0.3421875 0.490625 0.015625 0.03046875
21 0.2203125 0.4671875 0.0109375 0.0328125
21 0.27421875 0.48125 0.01015625 0.03359375
21 0.29765625 0.4875 0.015625 0.0203125
21 0.33046875 0.4953125 0.01171875 0.03359375
21 0.40390625 0.5140625 0.01796875 0.0203125
19 0.48828125 0.534375 0.01484375 0.02734375
4 0.9 0.63125 0.0859375 0.4171875
19 0.52109375 0.54453125 0.0140625 0.02890625
4 0.54609375 0.5515625 0.0640625 0.409375
21 0.1859375 0.47265625 0.0171875 0.01875
19 0.20859375 0.47890625 0.0125 0.0234375
12 0.09296875 0.45390625 0.0421875 0.06640625
19 0.2828125 0.503125 0.015625 0.0328125
9 0.309375 0.5109375 0.01484375 0.02734375
1 0.834375 0.634375 0.01640625 0.034375
21 0.4765625 0.55234375 0.0109375 0.03359375
4 0.96015625 0.66875 0.07265625 0.15546875
21 0.18125 0.4875 0.01796875 0.0203125
19 0.403125 0.5421875 0.0140625 0.02890625
1 0.621875 0.59375 0.01484375 0.0296875
19 0.19609375 0.50234375 0.0140625 0.0265625
9 0.2234375 0.5109375 0.02109375 0.03125
1 0.82265625 0.653125 0.01953125 0.03671875
19 0.1625 0.49921875 0.01484375 0.02890625
19 0.18046875 0.50625 0.01484375 0.02890625
21 0.453125 0.5703125 0.01484375 0.01640625
19 0.4109375 0.56015625 0.01484375 0.0328125
21 0.43203125 0.56640625 0.01484375 0.01875
17 0.11796875 0.49765625 0.01640625 0.01953125
21 0.4421875 0.575 0.0078125 0.0296875
21 0.24609375 0.5296875 0.01015625 0.03046875
21 0.42109375 0.57109375 0.009375 0.03359375
19 0.37421875 0.5625 0.01171875 0.02265625
19 0.234375 0.53125 0.01171875 0.02109375
17 0.19296875 0.52578125 0.01640625 0.01953125
21 0.17109375 0.521875 0.01640625 0.0171875
19 0.33828125 0.5625 0.015625 0.0296875
19 0.3578125 0.5671875 0.01484375 0.02890625
1 0.45625 0.5921875 0.0078125 0.02421875
21 0.42734375 0.584375 0.0078125 0.02890625
21 0.43359375 0.5875 0.0078125 0.02890625
1 0.44921875 0.59140625 0.0078125 0.02578125
1 0.80625 0.6765625 0.01953125 0.03671875
12 0.08984375 0.51328125 0.04140625 0.06953125
1 0.27421875 0.559375 0.0109375 0.03359375
19 0.24609375 0.55625 0.0171875 0.03046875
21 0.2125 0.55078125 0.0109375 0.03359375
1 0.23359375 0.55546875 0.00859375 0.03046875
17 0.30390625 0.5734375 0.01640625 0.01875
21 0.3328125 0.5828125 0.01796875 0.02265625
13 0.43046875 0.60703125 0.01640625 0.01640625
13 0.45078125 0.6125 0.01484375 0.01640625
1 0.7953125 0.69375 0.01640625 0.0328125
19 0.221875 0.5609375 0.0140625 0.0265625
19 0.61484375 0.653125 0.015625 0.02890625
17 0.83671875 0.70625 0.01796875 0.02265625
20 0.17890625 0.55625 0.028125 0.04765625
21 0.34765625 0.59765625 0.01015625 0.03359375
13 0.59296875 0.6578125 0.0171875 0.0234375
21 0.3109375 0.5921875 0.01484375 0.01640625
21 0.29453125 0.5890625 0.01640625 0.01875
19 0.37421875 0.6078125 0.01484375 0.02890625
21 0.35546875 0.60546875 0.009375 0.03125
1 0.384375 0.61171875 0.009375 0.03125
19 0.2265625 0.57890625 0.0125 0.0234375
19 0.46953125 0.6375 0.015625 0.0296875
1 0.659375 0.68125 0.01640625 0.0296875
21 0.19765625 0.575 0.01640625 0.01953125
21 0.428125 0.62890625 0.01171875 0.02890625
21 0.45 0.6328125 0.0125 0.0296875
19 0.26171875 0.590625 0.0140625 0.02734375
19 0.784375 0.7140625 0.015625 0.0296875
19 0.246875 0.5890625 0.015625 0.0328125
21 0.16640625 0.571875 0.015625 0.0171875
1 0.8109375 0.72265625 0.01484375 0.0171875
21 0.36328125 0.61796875 0.01015625 0.03359375
21 0.32109375 0.6125 0.0078125 0.0265625
17 0.3359375 0.615625 0.01015625 0.03359375
1 0.328125 0.6140625 0.009375 0.0328125
19 0.57421875 0.675 0.01484375 0.0296875
19 0.4109375 0.6375 0.01484375 0.02890625
17 0.296875 0.61328125 0.009375 0.02890625
17 0.3140625 0.6171875 0.009375 0.0328125
21 0.30546875 0.615625 0.00859375 0.03046875
1 0.2015625 0.59453125 0.01484375 0.01640625
21 0.1828125 0.59140625 0.02265625 0.02578125
21 0.165625 0.58828125 0.0171875 0.01953125
19 0.371875 0.640625 0.015625 0.03046875
19 0.3484375 0.63515625 0.01484375 0.02734375
21 0.234375 0.609375 0.01796875 0.02265625
19 0.4625 0.6640625 0.0125 0.0203125
21 0.828125 0.75078125 0.0578125 0.04296875
21 0.434375 0.6625 0.0109375 0.034375
21 0.28671875 0.62734375 0.01015625 0.0328125
9 0.21640625 0.61328125 0.01484375 0.0390625
13 0.5765625 0.69765625 0.01640625 0.01875
19 0.3953125 0.65625 0.0125 0.02578125
19 0.68125 0.72421875 0.015625 0.02890625
21 0.35859375 0.65546875 0.01640625 0.0171875
21 0.42421875 0.67109375 0.0109375 0.03359375
19 0.2453125 0.63203125 0.01640625 0.03125
17 0.66015625 0.73125 0.01484375 0.0203125
1 0.80078125 0.76484375 0.0171875 0.01953125
9 0.1796875 0.61953125 0.0234375 0.0375
21 0.46953125 0.6890625 0.01171875 0.03359375
21 0.38984375 0.67265625 0.01796875 0.0203125
13 0.56328125 0.71484375 0.01015625 0.0296875
19 0.6078125 0.72578125 0.01484375 0.03046875
1 0.75 0.75859375 0.01953125 0.0375
19 0.28125 0.65078125 0.01484375 0.02421875
1 0.228125 0.63984375 0.01796875 0.0203125
1 0.6875 0.74921875 0.01328125 0.02734375
21 0.15625 0.62578125 0.01640625 0.01875
9 0.43984375 0.6921875 0.015625 0.02734375
1 0.37734375 0.67890625 0.009375 0.0296875
17 0.571875 0.72578125 0.009375 0.0296875
1 0.203125 0.6421875 0.0109375 0.0328125
21 0.45625 0.70078125 0.0109375 0.034375
17 0.65859375 0.74765625 0.01640625 0.01875
21 0.36171875 0.6828125 0.01171875 0.040625
19 0.59140625 0.73671875 0.01484375 0.03046875
1 0.3921875 0.68984375 0.015625 0.01875
1 0.16875 0.6453125 0.009375 0.0296875
19 0.2796875 0.67421875 0.01640625 0.02890625
9 0.31796875 0.68671875 0.05390625 0.10390625
17 0.5625 0.74453125 0.0109375 0.03359375
19 0.19453125 0.66015625 0.01171875 0.02265625
9 0.22578125 0.66953125 0.0265625 0.03984375
19 0.84140625 0.81328125 0.01640625 0.02890625
9 0.4046875 0.7109375 0.0140625 0.02890625
17 0.60390625 0.75859375 0.01640625 0.02109375
21 0.15546875 0.65390625 0.01640625 0.0203125
21 0.35078125 0.70078125 0.00859375 0.02421875
19 0.75078125 0.7953125 0.01640625 0.0296875
1 0.57421875 0.75390625 0.009375 0.03046875
21 0.37421875 0.709375 0.01953125 0.0234375
4 0.67734375 0.78125 0.1125 0.065625
9 0.79765625 0.815625 0.07421875 0.096875
17 0.528125 0.75390625 0.01796875 0.01640625
19 0.28125 0.69921875 0.0171875 0.02890625
9 0.17734375 0.67421875 0.01484375 0.040625
21 0.41640625 0.73125 0.0171875 0.02109375
19 0.43515625 0.7359375 0.0125 0.0234375
19 0.45234375 0.74296875 0.015625 0.02890625
21 0.38984375 0.728125 0.01796875 0.01953125
21 0.359375 0.72265625 0.01171875 0.03984375
19 0.346875 0.72421875 0.01484375 0.0265625
17 0.53515625 0.76875 0.0171875 0.01953125
1 0.19375 0.6921875 0.01484375 0.0171875
21 0.5140625 0.76875 0.015625 0.0171875
1 0.5890625 0.7875 0.0109375 0.0328125
1 0.74453125 0.82421875 0.01796875 0.02265625
21 0.20546875 0.70546875 0.01328125 0.0421875
19 0.28671875 0.72578125 0.01484375 0.02734375
1 0.1625 0.696875 0.01640625 0.01875
4 0.0625 0.6734375 0.125 0.1609375
17 0.60703125 0.80234375 0.0171875 0.02109375
21 0.5265625 0.7859375 0.01640625 0.01875
19 0.26328125 0.725 0.0125 0.02109375
19 0.403125 0.75703125 0.01484375 0.03046875
19 0.46328125 0.7734375 0.0125 0.02421875
19 0.34296875 0.74453125 0.0140625 0.02890625
21 0.12578125 0.69609375 0.01171875 0.034375
21 0.36171875 0.75234375 0.01640625 0.02109375
21 0.1921875 0.7140625 0.015625 0.01953125
19 0.38671875 0.759375 0.01484375 0.0296875
21 0.14765625 0.70546875 0.01328125 0.04453125
19 0.27421875 0.73671875 0.01484375 0.02890625
21 0.33125 0.753125 0.01640625 0.01875
17 0.5921875 0.81328125 0.0171875 0.02421875
21 0.1734375 0.71640625 0.01015625 0.0328125
1 0.5203125 0.80078125 0.01484375 0.0171875
9 0.559375 0.81328125 0.04375 0.08125
21 0.3171875 0.759375 0.00859375 0.03046875
21 0.3015625 0.75546875 0.00859375 0.03046875
1 0.29375 0.75390625 0.00859375 0.03046875
1 0.30859375 0.7578125 0.009375 0.03125
19 0.43359375 0.7890625 0.015625 0.03125
1 0.19921875 0.734375 0.015625 0.01953125
4 0.934375 0.909375 0.09296875 0.15234375
1 0.3453125 0.77421875 0.0140625 0.01640625
21 0.5125 0.81875 0.009375 0.0296875
21 0.41015625 0.79453125 0.0109375 0.03671875
21 0.36484375 0.78515625 0.0109375 0.03359375
21 0.3296875 0.77734375 0.0171875 0.034375
20 0.15625 0.740625 0.025 0.05
19 0.18125 0.74765625 0.015625 0.02890625
1 0.34296875 0.79140625 0.0140625 0.015625
19 0.59765625 0.85078125 0.015625 0.02890625
17 0.58671875 0.84921875 0.0109375 0.03359375
17 0.60859375 0.85546875 0.009375 0.0296875
19 0.39296875 0.80625 0.01171875 0.0203125
21 0.3796875 0.80546875 0.01640625 0.01875
1 0.52578125 0.840625 0.0109375 0.0328125
20 0.2 0.765625 0.02421875 0.04453125
4 0.74609375 0.89609375 0.2671875 0.16015625
1 0.50078125 0.8421875 0.0109375 0.0328125
19 0.36875 0.8140625 0.0109375 0.02265625
21 0.5109375 0.8484375 0.009375 0.0296875
9 0.3546875 0.8125 0.01484375 0.0234375
21 0.3328125 0.8078125 0.0171875 0.0203125
19 0.18125 0.775 0.015625 0.0296875
13 0.60546875 0.87734375 0.0171875 0.02109375
17 0.15390625 0.77265625 0.01796875 0.02265625
1 0.16796875 0.77734375 0.01015625 0.03125
19 0.38125 0.82734375 0.01640625 0.02890625
9 0.4 0.83125 0.01484375 0.0265625
17 0.5578125 0.88125 0.0171875 0.02265625
13 0.51875 0.87421875 0.01015625 0.0328125
1 0.2046875 0.80546875 0.009375 0.0328125
21 0.41015625 0.85546875 0.01640625 0.01875
9 0.534375 0.8875 0.021875 0.05546875
21 0.3765625 0.8515625 0.01640625 0.02109375
19 0.38984375 0.85546875 0.01015625 0.02109375
17 0.18671875 0.8109375 0.01640625 0.01953125
19 0.57109375 0.90234375 0.0140625 0.0296875
17 0.58203125 0.9046875 0.0109375 0.03359375
13 0.5515625 0.90625 0.01640625 0.0203125
19 0.4421875 0.00859375 0.015625 0.0171875
1 0.63046875 0.05390625 0.0109375 0.03359375
19 0.4015625 0.01171875 0.01796875 0.0234375
1 0.42578125 0.01484375 0.009375 0.0296875
4 0.3375 0.01875 0.0625 0.0375
1 0.90390625 0.1265625 0.028125 0.0328125
4 0.75703125 0.09375 0.18671875 0.115625
1 0.41796875 0.01484375 0.009375 0.0296875
19 0.54921875 0.059375 0.0140625 0.0265625
21 0.8734375 0.13984375 0.0390625 0.07109375
17 0.9296875 0.15703125 0.01640625 0.01875
1 0.53203125 0.0671875 0.009375 0.03046875
1 0.903125 0.15703125 0.02578125 0.0328125
1 0.39296875 0.03828125 0.009375 0.0296875
17 0.9546875 0.1703125 0.0109375 0.034375
19 0.38125 0.0375 0.01484375 0.0296875
17 0.928125 0.17421875 0.01640625 0.01953125
19 0.50625 0.0765625 0.015625 0.0328125
1 0.3875 0.06328125 0.01640625 0.01875
0 0.12109375 0.0328125 0.0796875 0.065625
17 0.18203125 0.01796875 0.0109375 0.03359375
19 0.50703125 0.10390625 0.01484375 0.02734375
1 0.6796875 0.14765625 0.01796875 0.02109375
17 0.85546875 0.18984375 0.0171875 0.0203125
9 0.89921875 0.2 0.03125 0.05703125
1 0.921875 0.20546875 0.0109375 0.03359375
17 0.18828125 0.03515625 0.01015625 0.03359375
1 0.471875 0.10234375 0.01640625 0.01875
1 0.934375 0.2109375 0.01796875 0.05390625
1 0.38125 0.0828125 0.01640625 0.0171875
9 0.43046875 0.09609375 0.0640625 0.11953125
4 0.82421875 0.19375 0.040625 0.05
4 0.73359375 0.1734375 0.040625 0.04921875
1 0.471875 0.1171875 0.0171875 0.01953125
1 0.38046875 0.0984375 0.01875 0.01953125
19 0.4875 0.1390625 0.01640625 0.03046875
19 0.703125 0.1921875 0.01484375 0.02734375
17 0.68984375 0.18984375 0.01484375 0.01875
1 0.896875 0.2453125 0.02578125 0.03359375
1 0.38046875 0.12578125 0.01796875 0.0234375
19 0.7375 0.209375 0.01484375 0.02734375
13 0.95 0.2609375 0.0296875 0.03359375
21 0.8671875 0.2421875 0.0390625 0.06875
17 0.9234375 0.25703125 0.01484375 0.01640625
17 0.68828125 0.20390625 0.01484375 0.0140625
17 0.14375 0.08828125 0.01640625 0.0171875
17 0.92265625 0.27109375 0.01484375 0.01640625
17 0.6875 0.2171875 0.01640625 0.01640625
17 0.80390625 0.24453125 0.01796875 0.02109375
9 0.5921875 0.196875 0.12890625 0.24453125
4 0.77109375 0.23984375 0.03203125 0.09765625
1 0.50703125 0.17890625 0.0171875 0.02109375
1 0.89375 0.27421875 0.028125 0.03125
21 0.92109375 0.284375 0.01796875 0.02109375
12 0.11640625 0.09609375 0.0390625 0.0734375
17 0.68671875 0.23125 0.01640625 0.015625
13 0.946875 0.29296875 0.0296875 0.034375
1 0.66796875 0.23046875 0.0109375 0.034375
1 0.4 0.1734375 0.0078125 0.02890625
21 0.378125 0.16875 0.00859375 0.0296875
21 0.39296875 0.17265625 0.009375 0.0328125
21 0.3859375 0.17109375 0.009375 0.0328125
1 0.40859375 0.17578125 0.00859375 0.03125
1 0.45 0.1859375 0.01015625 0.034375
1 0.428125 0.18125 0.009375 0.03125
1 0.4203125 0.18046875 0.009375 0.03125
1 0.44140625 0.1859375 0.0109375 0.0328125
17 0.6859375 0.24453125 0.01640625 0.0171875
4 0.71875 0.25546875 0.025 0.07734375
17 0.82421875 0.28515625 0.01640625 0.01953125
20 0.296875 0.16484375 0.025 0.04765625
19 0.48671875 0.209375 0.01640625 0.0328125
17 0.68515625 0.25703125 0.01640625 0.01640625
17 0.796875 0.28671875 0.0109375 0.0328125
1 0.27421875 0.1640625 0.0109375 0.0328125
19 0.81171875 0.29453125 0.015625 0.03046875
19 0.6984375 0.27578125 0.015625 0.02890625
17 0.684375 0.271875 0.01640625 0.0171875
17 0.7875 0.3 0.009375 0.03046875
20 0.86875 0.3234375 0.02421875 0.046875
17 0.82265625 0.3140625 0.0171875 0.0203125
17 0.34453125 0.20546875 0.009375 0.0296875
17 0.37421875 0.2140625 0.01015625 0.03125
17 0.353125 0.209375 0.01015625 0.0328125
1 0.9 0.3359375 0.02890625 0.0359375
17 0.36484375 0.2125 0.0109375 0.0328125
13 0.4015625 0.22265625 0.0109375 0.0328125
13 0.4109375 0.22421875 0.009375 0.0296875
13 0.43203125 0.2296875 0.01015625 0.0328125
13 0.42265625 0.22890625 0.01015625 0.03359375
19 0.678125 0.2890625 0.015625 0.02890625
21 0.28671875 0.20078125 0.0296875 0.0359375
17 0.82109375 0.33125 0.0171875 0.01953125
19 0.69453125 0.30390625 0.01484375 0.02890625
1 0.75625 0.32109375 0.015625 0.0296875
19 0.790625 0.32890625 0.01484375 0.02734375
17 0.721875 0.31484375 0.01640625 0.01953125
13 0.346875 0.228125 0.01796875 0.01953125
13 0.36875 0.2328125 0.0171875 0.01640625
19 0.47890625 0.26015625 0.01484375 0.02890625
17 0.67734375 0.3078125 0.01640625 0.01875
13 0.40390625 0.2453125 0.01640625 0.0171875
13 0.4265625 0.25078125 0.01796875 0.0171875
4 0.9546875 0.37578125 0.0625 0.12578125
17 0.17109375 0.19296875 0.0109375 0.0328125
0 0.10859375 0.18125 0.0765625 0.11953125
17 0.8609375 0.359375 0.01484375 0.01640625
1 0.30859375 0.23125 0.01796875 0.05390625
9 0.89140625 0.3734375 0.0234375 0.034375
17 0.825 0.35859375 0.01875 0.0234375
17 0.6765625 0.325 0.01640625 0.01953125
17 0.3625 0.253125 0.01015625 0.0328125
17 0.178125 0.21015625 0.01015625 0.034375
17 0.33984375 0.24765625 0.0109375 0.03046875
17 0.371875 0.25546875 0.01015625 0.034375
17 0.35 0.25234375 0.009375 0.03125
19 0.7890625 0.35546875 0.015625 0.02734375
17 0.3984375 0.26484375 0.009375 0.0296875
17 0.4296875 0.271875 0.01015625 0.0296875
1 0.70546875 0.3359375 0.01796875 0.03359375
17 0.40859375 0.2671875 0.009375 0.03046875
17 0.859375 0.3734375 0.0140625 0.01640625
17 0.4203125 0.2703125 0.01015625 0.0328125
17 0.675 0.34296875 0.01640625 0.01875
19 0.6328125 0.3359375 0.0140625 0.02578125
1 0.52578125 0.3140625 0.01796875 0.02265625
4 0.28515625 0.25859375 0.02421875 0.07890625
17 0.67421875 0.35859375 0.01640625 0.01953125
1 0.7984375 0.3890625 0.015625 0.02734375
1 0.8953125 0.41328125 0.028125 0.03046875
1 0.56640625 0.3421875 0.015625 0.01953125
19 0.65 0.3640625 0.01484375 0.0296875
17 0.63515625 0.3625 0.0125 0.0359375
17 0.61796875 0.359375 0.0078125 0.03046875
17 0.60390625 0.35546875 0.009375 0.03359375
17 0.80390625 0.403125 0.0125 0.0203125
19 0.68515625 0.37578125 0.015625 0.03046875
17 0.58203125 0.3515625 0.009375 0.03125
17 0.59609375 0.35546875 0.0078125 0.02734375
17 0.62578125 0.36171875 0.009375 0.03125
17 0.58984375 0.35390625 0.009375 0.03125
17 0.6109375 0.359375 0.00859375 0.03046875
19 0.8671875 0.4234375 0.015625 0.02890625
19 0.4203125 0.32265625 0.2359375 0.446875
4 0.375 0.31328125 0.1671875 0.1140625
19 0.834375 0.421875 0.01484375 0.0296875
17 0.1328125 0.259375 0.0171875 0.02265625
19 0.4921875 0.34375 0.0234375 0.065625
19 0.159375 0.2703125 0.01484375 0.0328125
17 0.66796875 0.39609375 0.01171875 0.02265625
1 0.815625 0.43203125 0.01484375 0.02578125
12 0.1046875 0.2671875 0.04375 0.06953125
17 0.6625 0.40390625 0.0109375 0.0234375
17 0.86640625 0.45234375 0.01015625 0.02890625
1 0.65546875 0.41171875 0.0140625 0.02734375
4 0.94609375 0.48046875 0.01953125 0.0796875
9 0.8375 0.4625 0.0296875 0.05625
4 0.609375 0.41875 0.04140625 0.05
17 0.13046875 0.3125 0.01640625 0.0203125
19 0.6359375 0.43046875 0.01640625 0.02890625
12 0.10234375 0.33046875 0.0421875 0.06953125
19 0.6125 0.45390625 0.01484375 0.0296875
21 0.4578125 0.42734375 0.0109375 0.0328125
1 0.465625 0.42890625 0.00859375 0.03125
1 0.4734375 0.43125 0.009375 0.0328125
1 0.84453125 0.52109375 0.015625 0.03046875