1 0.58203125 0.49140625 0.01328125 0.01796875
21 0.25 0.43125 0.01015625 0.03125
17 0.4609375 0.47890625 0.0125 0.01484375
21 0.22265625 0.43125 0.01796875 0.021875
17 0.10078125 0.40859375 0.01796875 0.02109375
19 0.2609375 0.44140625 0.01484375 0.0296875
19 0.809375 0.553125 0.01484375 0.0296875
1 0.4703125 0.4875 0.00859375 0.03125
1 0.44921875 0.4828125 0.00859375 0.03125
21 0.184375 0.4359375 0.0171875 0.02109375
19 0.3125 0.46328125 0.0109375 0.021875
17 0.459375 0.4921875 0.01328125 0.015625
21 0.2078125 0.44296875 0.01640625 0.0203125
21 0.23671875 0.4484375 0.015625 0.01796875
1 0.4515625 0.503125 0.01484375 0.01484375
12 0.07265625 0.428125 0.04140625 0.06796875
1 0.37421875 0.48984375 0.01640625 0.01796875
9 0.69375 0.55703125 0.2390625 0.4578125
9 0.19609375 0.459375 0.01328125 0.025
9 0.246875 0.4703125 0.01328125 0.025
19 0.2953125 0.484375 0.01484375 0.0296875
1 0.45625 0.5171875 0.015625 0.0171875
1 0.3734375 0.50546875 0.015625 0.0171875
19 0.16796875 0.46484375 0.0140625 0.0265625
1 0.26953125 0.48984375 0.015625 0.0171875
9 0.41171875 0.52265625 0.0515625 0.10078125
1 0.45 0.53046875 0.0171875 0.0171875
1 0.234375 0.48828125 0.01640625 0.01875
1 0.20625 0.484375 0.0140625 0.01796875
1 0.1828125 0.484375 0.01015625 0.03125
19 0.27890625 0.5046875 0.01171875 0.02265625
17 0.096875 0.46875 0.01640625 0.0203125
21 0.16015625 0.48515625 0.01484375 0.015625
19 0.3125 0.5171875 0.01484375 0.0296875
21 0.19296875 0.49765625 0.01015625 0.03203125
21 0.2453125 0.50859375 0.009375 0.03203125
21 0.26875 0.51484375 0.01484375 0.0203125
21 0.30078125 0.52109375 0.0109375 0.0328125
21 0.37265625 0.5375 0.0171875 0.01875
19 0.4546875 0.55390625 0.01328125 0.02578125
4 0.85703125 0.6359375 0.08046875 0.40703125
19 0.4875 0.5640625 0.01328125 0.0265625
4 0.51171875 0.56875 0.05859375 0.39921875
21 0.159375 0.503125 0.01640625 0.0171875
19 0.18125 0.509375 0.01171875 0.02265625
12 0.06875 0.48828125 0.040625 0.0640625
19 0.25390625 0.5296875 0.01484375 0.03203125
9 0.28125 0.53671875 0.0140625 0.02578125
1 0.79453125 0.64140625 0.015625 0.03359375
21 0.44453125 0.57265625 0.01015625 0.0328125
4 0.9390625 0.67421875 0.1140625 0.15859375
21 0.15546875 0.51875 0.0171875 0.01875
19 0.37265625 0.5640625 0.01328125 0.0265625
19 0.86953125 0.0890625 0.02421875 0.0390625
1 0.5859375 0.6078125 0.0140625 0.028125
19 0.16953125 0.5328125 0.01328125 0.025
9 0.19609375 0.5390625 0.0203125 0.03125
1 0.7828125 0.659375 0.01796875 0.03515625
19 0.13671875 0.5296875 0.01328125 0.0265625
19 0.1546875 0.53671875 0.01328125 0.0265625
21 0.42109375 0.590625 0.01484375 0.015625
19 0.3796875 0.58203125 0.0140625 0.03125
21 0.40078125 0.5875 0.0140625 0.01796875
17 0.09375 0.53046875 0.01640625 0.01875
21 0.41015625 0.5953125 0.00703125 0.02890625
21 0.21875 0.55703125 0.01015625 0.0296875
21 0.38984375 0.5921875 0.00859375 0.0328125
19 0.34375 0.5859375 0.01171875 0.021875
19 0.20703125 0.559375 0.01171875 0.02109375
17 0.16640625 0.55625 0.01640625 0.01875
21 0.1453125 0.553125 0.01640625 0.015625
19 0.309375 0.5875 0.01484375 0.02890625
19 0.328125 0.59140625 0.0140625 0.0265625
1 0.42421875 0.61171875 0.00703125 0.02421875
21 0.39609375 0.60546875 0.0078125 0.028125
21 0.40234375 0.6078125 0.0078125 0.028125
1 0.4171875 0.6109375 0.00703125 0.025
1 0.76640625 0.6828125 0.01796875 0.03515625
12 0.06640625 0.54609375 0.03984375 0.0671875
1 0.246875 0.5859375 0.01015625 0.0328125
19 0.21875 0.58359375 0.01640625 0.0296875
21 0.18671875 0.5796875 0.01015625 0.0328125
1 0.20703125 0.5828125 0.00859375 0.0296875
17 0.27578125 0.5984375 0.015625 0.01796875
21 0.30390625 0.60625 0.0171875 0.02109375
13 0.39921875 0.628125 0.015625 0.015625
13 0.41953125 0.63203125 0.01484375 0.015625
1 0.75625 0.69921875 0.01640625 0.03203125
19 0.1953125 0.58828125 0.01328125 0.025
19 0.5796875 0.66640625 0.01484375 0.028125
17 0.79609375 0.7109375 0.01796875 0.02109375
20 0.153125 0.5859375 0.0265625 0.046875
21 0.31875 0.62109375 0.009375 0.03203125
13 0.55859375 0.671875 0.01640625 0.021875
21 0.2828125 0.615625 0.01484375 0.015625
21 0.26640625 0.6140625 0.01640625 0.0171875
19 0.34375 0.63046875 0.0140625 0.0265625
21 0.3265625 0.628125 0.00859375 0.03125
1 0.3546875 0.63359375 0.009375 0.0296875
19 0.20078125 0.60703125 0.0125 0.021875
19 0.4375 0.65546875 0.01484375 0.02890625
1 0.62265625 0.6921875 0.015625 0.02890625
21 0.171875 0.603125 0.015625 0.01875
21 0.39765625 0.6484375 0.01171875 0.028125
21 0.41796875 0.65234375 0.0125 0.02890625
19 0.23515625 0.61640625 0.01328125 0.02578125
19 0.7453125 0.7203125 0.01484375 0.02890625
19 0.21953125 0.615625 0.01484375 0.03203125
21 0.140625 0.60234375 0.01484375 0.0171875
1 0.771875 0.728125 0.0140625 0.0171875
21 0.33359375 0.640625 0.009375 0.03203125
21 0.29296875 0.63671875 0.00703125 0.02578125
17 0.30703125 0.6390625 0.009375 0.03203125
1 0.29921875 0.6375 0.00859375 0.03203125
19 0.540625 0.68828125 0.01484375 0.028125
19 0.38046875 0.6578125 0.01328125 0.0265625
17 0.26953125 0.6375 0.00859375 0.0265625
17 0.2859375 0.640625 0.00859375 0.03203125
21 0.27734375 0.63984375 0.00859375 0.0296875
1 0.17578125 0.62265625 0.01484375 0.015625
21 0.1578125 0.62109375 0.021875 0.02421875
21 0.140625 0.61796875 0.01640625 0.01796875
19 0.34296875 0.6625 0.01484375 0.0296875
19 0.31953125 0.6578125 0.0140625 0.02578125
21 0.2078125 0.63515625 0.0171875 0.02109375
19 0.43125 0.68125 0.01171875 0.0203125
21 0.7890625 0.7546875 0.05625 0.03984375
21 0.40390625 0.68125 0.01015625 0.0328125
21 0.259375 0.6515625 0.009375 0.03125
9 0.18984375 0.63984375 0.01484375 0.03671875
13 0.54296875 0.71171875 0.015625 0.01796875
19 0.365625 0.67734375 0.01171875 0.025
19 0.6453125 0.734375 0.01484375 0.028125
21 0.3296875 0.67734375 0.015625 0.0171875
21 0.39375 0.68984375 0.01015625 0.0328125
19 0.21875 0.6578125 0.01640625 0.03125
17 0.62421875 0.74140625 0.01484375 0.0203125
1 0.76171875 0.76953125 0.01640625 0.01796875
9 0.1546875 0.64765625 0.02265625 0.0359375
21 0.43828125 0.70703125 0.0109375 0.0328125
21 0.36015625 0.69296875 0.0171875 0.01875
13 0.53046875 0.728125 0.01015625 0.02890625
19 0.5734375 0.73828125 0.01484375 0.02890625
1 0.7125 0.765625 0.01796875 0.0359375
19 0.25390625 0.675 0.0140625 0.02265625
1 0.2015625 0.66640625 0.0171875 0.01875
1 0.6515625 0.7578125 0.0125 0.0265625
21 0.13203125 0.6546875 0.015625 0.01796875
9 0.40859375 0.7109375 0.01484375 0.0265625
1 0.34765625 0.69921875 0.00859375 0.02890625
17 0.5390625 0.73828125 0.009375 0.028125
1 0.178125 0.66875 0.01015625 0.03203125
21 0.42578125 0.71875 0.01015625 0.03359375
17 0.6234375 0.7578125 0.015625 0.01796875
21 0.3328125 0.70390625 0.01171875 0.03984375
19 0.5578125 0.74921875 0.01484375 0.02890625
1 0.3625 0.709375 0.01484375 0.01796875
1 0.14453125 0.6734375 0.00859375 0.028125
19 0.253125 0.69765625 0.01484375 0.028125
9 0.290625 0.709375 0.0515625 0.10078125
17 0.52890625 0.75703125 0.01015625 0.0328125
19 0.16875 0.68671875 0.01171875 0.021875
9 0.20078125 0.6953125 0.025 0.0390625
19 0.80234375 0.815625 0.01484375 0.028125
9 0.37421875 0.7296875 0.01328125 0.0265625
17 0.56953125 0.7703125 0.01640625 0.02109375
21 0.13125 0.6828125 0.01640625 0.0203125
21 0.32265625 0.721875 0.0078125 0.02421875
19 0.71328125 0.80078125 0.015625 0.02890625
1 0.54140625 0.765625 0.009375 0.02890625
21 0.3453125 0.72890625 0.01953125 0.02265625
4 0.64140625 0.7890625 0.11015625 0.06015625
9 0.759375 0.81875 0.071875 0.09296875
17 0.49609375 0.7671875 0.01796875 0.01484375
19 0.2546875 0.721875 0.01640625 0.028125
9 0.153125 0.70078125 0.01484375 0.0390625
21 0.38671875 0.74921875 0.01640625 0.0203125
19 0.4046875 0.753125 0.01171875 0.02265625
19 0.421875 0.759375 0.01484375 0.028125
21 0.3609375 0.74765625 0.01640625 0.01796875
21 0.33125 0.74296875 0.01171875 0.0390625
19 0.31875 0.7453125 0.01328125 0.025
17 0.503125 0.78125 0.01640625 0.01796875
1 0.16875 0.71796875 0.01328125 0.0171875
21 0.48203125 0.7828125 0.01484375 0.0171875
1 0.55546875 0.7984375 0.01015625 0.03203125
1 0.7078125 0.8296875 0.0171875 0.02109375
21 0.18125 0.73125 0.0125 0.040625
19 0.26015625 0.7484375 0.0140625 0.02578125
1 0.13828125 0.7234375 0.015625 0.01796875
4 0.05078125 0.70546875 0.10078125 0.15
17 0.57265625 0.8125 0.01640625 0.0203125
21 0.49453125 0.79921875 0.01640625 0.0171875
19 0.23671875 0.74765625 0.01171875 0.02109375
19 0.3734375 0.775 0.01484375 0.02890625
19 0.4328125 0.7890625 0.0125 0.02265625
19 0.31484375 0.76484375 0.01328125 0.0265625
21 0.103125 0.7234375 0.0109375 0.03359375
21 0.33359375 0.771875 0.015625 0.02109375
21 0.16796875 0.73984375 0.01484375 0.01875
19 0.3578125 0.77734375 0.01484375 0.028125
21 0.12421875 0.7328125 0.0125 0.04375
19 0.2484375 0.75859375 0.01328125 0.0265625
21 0.303125 0.77265625 0.01484375 0.01796875
17 0.559375 0.82421875 0.01640625 0.02265625
21 0.15 0.7421875 0.009375 0.03125
1 0.4890625 0.8140625 0.0140625 0.0171875
9 0.5265625 0.825 0.0421875 0.07890625
21 0.28984375 0.7796875 0.00859375 0.0296875
21 0.275 0.7765625 0.00859375 0.0296875
1 0.2671875 0.77578125 0.00859375 0.0296875
1 0.28203125 0.77890625 0.00859375 0.03125
19 0.40390625 0.8046875 0.01484375 0.03125
1 0.17421875 0.75859375 0.01484375 0.01875
4 0.915625 0.9109375 0.134375 0.15546875
1 0.31796875 0.79375 0.01328125 0.015625
21 0.48125 0.83125 0.00859375 0.028125
21 0.38125 0.81171875 0.01015625 0.03515625
21 0.3375 0.80390625 0.01015625 0.0328125
21 0.30234375 0.79765625 0.01640625 0.03359375
20 0.1328125 0.76640625 0.0234375 0.04765625
19 0.1578125 0.77265625 0.01484375 0.028125
1 0.31640625 0.8109375 0.01328125 0.01484375
19 0.56484375 0.86015625 0.01484375 0.028125
17 0.55390625 0.85859375 0.01015625 0.0328125
17 0.57578125 0.8640625 0.009375 0.028125
19 0.36484375 0.8234375 0.01171875 0.0203125
21 0.3515625 0.82265625 0.01484375 0.01796875
1 0.49453125 0.85234375 0.01015625 0.03203125
20 0.1765625 0.78984375 0.0234375 0.04296875
4 0.71015625 0.9 0.2609375 0.1484375
1 0.4703125 0.85390625 0.01015625 0.03203125
19 0.34140625 0.83125 0.0109375 0.021875
21 0.4796875 0.86015625 0.009375 0.028125
9 0.32734375 0.83046875 0.0140625 0.02265625
21 0.30625 0.8265625 0.01640625 0.01875
19 0.15859375 0.8 0.01484375 0.02890625
13 0.57265625 0.8859375 0.01640625 0.0203125
17 0.13203125 0.79765625 0.0171875 0.02109375
1 0.14453125 0.8015625 0.01015625 0.03125
19 0.353125 0.84453125 0.01484375 0.028125
9 0.371875 0.84765625 0.0140625 0.025
17 0.5265625 0.89140625 0.01640625 0.02109375
13 0.48828125 0.8859375 0.009375 0.03125
1 0.18125 0.828125 0.00859375 0.03203125
21 0.38125 0.87109375 0.01484375 0.01796875
9 0.503125 0.89765625 0.02109375 0.053125
21 0.34921875 0.86875 0.01640625 0.02109375
19 0.36171875 0.871875 0.01015625 0.02109375
17 0.16328125 0.83359375 0.015625 0.01875
19 0.53984375 0.9109375 0.01328125 0.028125
17 0.55 0.9140625 0.01015625 0.0328125
13 0.5203125 0.91640625 0.01640625 0.0203125
19 0.40546875 0.03515625 0.0140625 0.0265625
1 0.58984375 0.0796875 0.01015625 0.0328125
19 0.365625 0.0421875 0.01640625 0.0296875
1 0.3890625 0.046875 0.0078125 0.03203125
4 0.30234375 0.0359375 0.059375 0.071875
1 0.85703125 0.1421875 0.0265625 0.03125
4 0.71328125 0.11328125 0.18203125 0.10703125
1 0.38125 0.04765625 0.00859375 0.0296875
19 0.51015625 0.08828125 0.01328125 0.025
21 0.828125 0.15625 0.0375 0.06875
17 0.8828125 0.171875 0.015625 0.01796875
1 0.49375 0.096875 0.00859375 0.0296875
1 0.85625 0.17265625 0.025 0.03203125
1 0.3578125 0.071875 0.009375 0.028125
17 0.90703125 0.18359375 0.01015625 0.03359375
19 0.3453125 0.071875 0.01484375 0.028125
17 0.88125 0.1875 0.01640625 0.01875
19 0.46875 0.10546875 0.01484375 0.03203125
1 0.353125 0.096875 0.015625 0.01796875
0 0.09140625 0.053125 0.0765625 0.10625
17 0.1515625 0.059375 0.01015625 0.0328125
19 0.46875 0.1328125 0.01328125 0.02578125
1 0.63828125 0.16953125 0.0171875 0.0203125
17 0.81015625 0.20546875 0.01640625 0.01875
9 0.85234375 0.2140625 0.0296875 0.0546875
1 0.87578125 0.21875 0.01015625 0.0328125
17 0.1578125 0.07578125 0.009375 0.03203125
1 0.4359375 0.13203125 0.01484375 0.01796875
1 0.8875 0.22421875 0.0171875 0.053125
1 0.346875 0.11640625 0.015625 0.0171875
9 0.3953125 0.128125 0.0609375 0.115625
4 0.78046875 0.2109375 0.03984375 0.04765625
4 0.69140625 0.19296875 0.03984375 0.046875
1 0.43515625 0.146875 0.01640625 0.01796875
1 0.34609375 0.13046875 0.01796875 0.01796875
19 0.4515625 0.16796875 0.015625 0.0296875
19 0.66171875 0.2125 0.0140625 0.02578125
17 0.6484375 0.2109375 0.01328125 0.01796875
1 0.8515625 0.25859375 0.025 0.0328125
1 0.34609375 0.15859375 0.0171875 0.021875
19 0.6953125 0.2296875 0.0140625 0.02578125
13 0.903125 0.27109375 0.02890625 0.03203125
21 0.821875 0.25625 0.0375 0.065625
17 0.87734375 0.26875 0.01484375 0.015625
17 0.64765625 0.22421875 0.01484375 0.0140625
17 0.11484375 0.12890625 0.015625 0.0171875
17 0.8765625 0.2828125 0.01484375 0.015625
17 0.646875 0.2375 0.015625 0.015625
17 0.76015625 0.26015625 0.0171875 0.0203125
9 0.553125 0.2203125 0.1234375 0.23515625
4 0.72890625 0.2578125 0.03046875 0.09609375
1 0.4703125 0.20625 0.01640625 0.0203125
1 0.8484375 0.2875 0.0265625 0.0296875
21 0.87578125 0.2953125 0.01796875 0.0203125
12 0.08828125 0.1375 0.0375 0.07109375
17 0.64609375 0.25234375 0.015625 0.01484375
13 0.90078125 0.30390625 0.02890625 0.0328125
1 0.628125 0.2515625 0.01015625 0.03359375
1 0.365625 0.2046875 0.0078125 0.028125
21 0.34453125 0.2 0.00859375 0.02890625
21 0.35859375 0.20234375 0.00859375 0.03203125
21 0.35234375 0.20234375 0.00859375 0.03203125
1 0.3734375 0.20703125 0.0078125 0.03125
1 0.4140625 0.21484375 0.009375 0.0328125
1 0.39375 0.2109375 0.00859375 0.03125
1 0.38515625 0.21015625 0.00859375 0.03125
1 0.40625 0.21484375 0.01015625 0.03203125
17 0.6453125 0.26484375 0.01640625 0.015625
4 0.67734375 0.2734375 0.02421875 0.07578125
17 0.78125 0.3 0.01640625 0.01875
20 0.265625 0.19921875 0.0234375 0.04609375
19 0.45 0.23671875 0.015625 0.03203125
17 0.64453125 0.2765625 0.01640625 0.01484375
17 0.75390625 0.30234375 0.01015625 0.03203125
1 0.2421875 0.19921875 0.01015625 0.03203125
19 0.76875 0.309375 0.01484375 0.0296875
19 0.6578125 0.29453125 0.01484375 0.028125
17 0.64375 0.29140625 0.01640625 0.015625
17 0.7453125 0.315625 0.00859375 0.0296875
20 0.82421875 0.3359375 0.02265625 0.04453125
17 0.7796875 0.32890625 0.01640625 0.01875
17 0.3109375 0.2375 0.00859375 0.028125
17 0.34140625 0.2453125 0.01015625 0.03125
17 0.31953125 0.23984375 0.009375 0.03125
1 0.85546875 0.34765625 0.028125 0.03359375
17 0.33125 0.24375 0.01015625 0.03203125
13 0.3671875 0.2515625 0.01015625 0.03203125
13 0.3765625 0.253125 0.00859375 0.028125
13 0.39765625 0.2578125 0.009375 0.03125
13 0.38828125 0.25859375 0.009375 0.03203125
19 0.6390625 0.30859375 0.01484375 0.028125
21 0.25546875 0.234375 0.0296875 0.03359375
17 0.778125 0.3453125 0.01640625 0.01796875
19 0.65390625 0.32265625 0.0140625 0.0265625
1 0.7140625 0.33671875 0.01484375 0.02890625
19 0.7484375 0.34453125 0.0140625 0.02578125
17 0.68125 0.33203125 0.01640625 0.01875
13 0.3140625 0.259375 0.0171875 0.01796875
13 0.3359375 0.2640625 0.01640625 0.01484375
19 0.44375 0.2859375 0.01328125 0.0265625
17 0.6375 0.32734375 0.015625 0.01796875
13 0.3703125 0.27421875 0.01640625 0.015625
13 0.3921875 0.278125 0.0171875 0.015625
4 0.90859375 0.384375 0.06015625 0.12109375
17 0.1421875 0.23046875 0.01015625 0.03203125
0 0.08203125 0.22109375 0.07421875 0.11484375
17 0.8171875 0.37109375 0.0140625 0.015625
1 0.27734375 0.2640625 0.01640625 0.053125
9 0.846875 0.38359375 0.02265625 0.0328125
17 0.78203125 0.371875 0.01796875 0.021875
17 0.63671875 0.34375 0.01640625 0.01875
17 0.3296875 0.28359375 0.009375 0.03125
17 0.15 0.246875 0.009375 0.0328125
17 0.3078125 0.2796875 0.01015625 0.0296875
17 0.3390625 0.28515625 0.009375 0.0328125
17 0.3171875 0.28359375 0.009375 0.0296875
19 0.746875 0.36953125 0.01484375 0.0265625
17 0.3640625 0.29375 0.009375 0.028125
17 0.3953125 0.3 0.01015625 0.02890625
1 0.66484375 0.35390625 0.0171875 0.0328125
17 0.37421875 0.29609375 0.009375 0.02890625
17 0.81640625 0.38515625 0.01328125 0.015625
17 0.38671875 0.29921875 0.009375 0.03125
17 0.6359375 0.3609375 0.01640625 0.0171875
19 0.59453125 0.35546875 0.01328125 0.02421875
1 0.48984375 0.3375 0.01796875 0.02109375
4 0.25390625 0.29140625 0.02265625 0.07578125
17 0.63515625 0.3765625 0.01640625 0.01875
1 0.75625 0.4015625 0.01484375 0.0265625
1 0.85078125 0.42265625 0.02734375 0.02890625
1 0.52890625 0.3640625 0.01484375 0.01875
19 0.6109375 0.38203125 0.0140625 0.028125
17 0.59765625 0.38203125 0.01171875 0.03515625
17 0.58046875 0.37890625 0.00703125 0.0296875
17 0.565625 0.37578125 0.00859375 0.0328125
17 0.76171875 0.41484375 0.01171875 0.0203125
19 0.64609375 0.39296875 0.01484375 0.0296875
17 0.54453125 0.37265625 0.00859375 0.03125
17 0.55859375 0.37578125 0.0078125 0.0265625
17 0.5875 0.38046875 0.00859375 0.03125
17 0.55234375 0.3734375 0.00859375 0.03125
17 0.5734375 0.37890625 0.00859375 0.0296875
19 0.82421875 0.434375 0.01484375 0.028125
19 0.38671875 0.34921875 0.22734375 0.43125
4 0.34296875 0.3421875 0.1625 0.10703125
19 0.79140625 0.4328125 0.01484375 0.028125
17 0.10546875 0.296875 0.01640625 0.02109375
19 0.45703125 0.36796875 0.02265625 0.0640625
19 0.13203125 0.30703125 0.01484375 0.03125
17 0.6296875 0.41328125 0.01171875 0.021875
1 0.77421875 0.44375 0.0140625 0.02421875
12 0.078125 0.3046875 0.0421875 0.0671875
17 0.6234375 0.4203125 0.0109375 0.02265625
17 0.82265625 0.4609375 0.01015625 0.028125
1 0.6171875 0.42890625 0.01328125 0.02578125
4 0.9015625 0.48671875 0.01875 0.078125
9 0.7953125 0.4734375 0.02890625 0.05390625
4 0.571875 0.4375 0.040625 0.046875
17 0.103125 0.3484375 0.01640625 0.0203125
19 0.5984375 0.4484375 0.01484375 0.028125
12 0.0765625 0.36640625 0.040625 0.0671875
19 0.57578125 0.47109375 0.01484375 0.028125
21 0.42421875 0.45078125 0.01015625 0.03203125
1 0.43203125 0.45234375 0.0078125 0.03125
1 0.4390625 0.45390625 0.00859375 0.03203125
1 0.803125 0.5296875 0.01484375 0.0296875