1 0.59609375 0.5296875 0.01484375 0.02109375
21 0.2734375 0.371875 0.0125 0.03203125
17 0.47890625 0.48046875 0.01328125 0.01875
21 0.246875 0.3625 0.01875 0.0265625
17 0.128125 0.3046875 0.01875 0.02578125
19 0.28359375 0.384375 0.01640625 0.0328125
19 0.81640625 0.659375 0.01640625 0.0328125
1 0.48671875 0.4921875 0.0109375 0.0328125
1 0.465625 0.48203125 0.01015625 0.03203125
21 0.2078125 0.35546875 0.01796875 0.025
19 0.3328125 0.42109375 0.0125 0.02421875
17 0.47578125 0.49375 0.01484375 0.01875
21 0.23125 0.3703125 0.0171875 0.02421875
21 0.259375 0.384375 0.01640625 0.021875
1 0.46640625 0.50234375 0.01484375 0.01875
12 0.0984375 0.315625 0.0453125 0.078125
1 0.39140625 0.46640625 0.0171875 0.021875
9 0.7015625 0.628125 0.2671875 0.51015625
9 0.21875 0.38359375 0.01484375 0.028125
9 0.2671875 0.409375 0.01484375 0.028125
19 0.3140625 0.4375 0.01640625 0.0328125
1 0.4703125 0.51875 0.01640625 0.02109375
1 0.38984375 0.48125 0.01640625 0.02109375
19 0.190625 0.3796875 0.01640625 0.03125
1 0.28828125 0.434375 0.01640625 0.02109375
9 0.42578125 0.51015625 0.0578125 0.11171875
1 0.46328125 0.52890625 0.01796875 0.021875
1 0.25390625 0.42265625 0.0171875 0.02265625
1 0.2265625 0.409375 0.01484375 0.02109375
1 0.203125 0.40390625 0.01171875 0.03203125
19 0.29609375 0.45234375 0.01328125 0.02578125
17 0.11953125 0.3625 0.0171875 0.02421875
21 0.18046875 0.3984375 0.01484375 0.0203125
19 0.328125 0.47421875 0.01640625 0.0328125
21 0.21171875 0.41953125 0.01171875 0.0328125
21 0.2625 0.446875 0.01171875 0.03359375
21 0.28515625 0.459375 0.015625 0.02265625
21 0.31640625 0.47578125 0.01328125 0.03515625
21 0.38671875 0.5125 0.01796875 0.02265625
19 0.465625 0.553125 0.01484375 0.02890625
4 0.85703125 0.7546875 0.11015625 0.4125
19 0.49765625 0.57265625 0.01484375 0.0296875
4 0.52109375 0.5859375 0.08984375 0.39921875
21 0.178125 0.41484375 0.01796875 0.021875
19 0.19921875 0.428125 0.01328125 0.02578125
12 0.08984375 0.3734375 0.04375 0.07421875
19 0.26953125 0.4703125 0.0171875 0.03515625
9 0.2953125 0.484375 0.015625 0.0296875
1 0.79375 0.74140625 0.01796875 0.03671875
21 0.45390625 0.56875 0.01171875 0.03359375
4 0.9265625 0.81328125 0.10703125 0.17734375
21 0.17265625 0.4296875 0.01796875 0.02265625
19 0.38359375 0.5390625 0.01484375 0.0296875
19 0.9140625 0.21484375 0.02734375 0.05078125
1 0.59140625 0.64609375 0.015625 0.03125
19 0.1859375 0.446875 0.01484375 0.028125
9 0.21171875 0.4625 0.021875 0.03515625
1 0.78125 0.7546875 0.0203125 0.0390625
19 0.15390625 0.43515625 0.015625 0.0296875
19 0.1703125 0.44609375 0.015625 0.0296875
21 0.4296875 0.5796875 0.01484375 0.0203125
19 0.3890625 0.56015625 0.01640625 0.03359375
21 0.409375 0.5703125 0.01484375 0.02109375
17 0.1109375 0.42265625 0.01640625 0.02265625
21 0.41875 0.58203125 0.009375 0.0296875
21 0.23203125 0.48671875 0.01171875 0.03125
21 0.3984375 0.571875 0.0109375 0.03359375
19 0.353125 0.5515625 0.0125 0.02421875
19 0.22109375 0.48515625 0.0125 0.02421875
17 0.18125 0.46953125 0.01640625 0.02265625
21 0.16015625 0.46015625 0.01640625 0.0203125
19 0.31875 0.54296875 0.01640625 0.03203125
19 0.33828125 0.55234375 0.01640625 0.03125
1 0.43125 0.6015625 0.00859375 0.025
21 0.403125 0.5875 0.01015625 0.02890625
21 0.409375 0.59140625 0.01015625 0.02890625
1 0.42421875 0.5984375 0.00859375 0.02578125
1 0.76328125 0.77421875 0.0203125 0.0390625
12 0.0828125 0.43125 0.04375 0.07578125
1 0.2578125 0.52265625 0.0125 0.03359375
19 0.23046875 0.51171875 0.01796875 0.03359375
21 0.1984375 0.49765625 0.0125 0.03359375
1 0.21796875 0.50859375 0.01015625 0.03125
17 0.28515625 0.54453125 0.01640625 0.021875
21 0.3125 0.56015625 0.01796875 0.025
13 0.4046875 0.61015625 0.01640625 0.0203125
13 0.42421875 0.61953125 0.01484375 0.0203125
1 0.7515625 0.78828125 0.01796875 0.03515625
19 0.20703125 0.5109375 0.01484375 0.028125
19 0.5796875 0.70234375 0.01640625 0.03125
17 0.790625 0.81015625 0.01875 0.02578125
20 0.165625 0.4953125 0.0296875 0.053125
21 0.32578125 0.57890625 0.01171875 0.03359375
13 0.55859375 0.70078125 0.01796875 0.02578125
21 0.290625 0.5640625 0.01484375 0.0203125
21 0.275 0.55703125 0.0171875 0.02109375
19 0.35 0.59609375 0.01640625 0.03125
21 0.3328125 0.58828125 0.0109375 0.0328125
1 0.36015625 0.6015625 0.01171875 0.03203125
19 0.21015625 0.5296875 0.01328125 0.025
19 0.440625 0.6484375 0.01640625 0.03203125
1 0.6203125 0.740625 0.0171875 0.03203125
21 0.1828125 0.5171875 0.01640625 0.02265625
21 0.4015625 0.6296875 0.01328125 0.0296875
21 0.421875 0.63984375 0.0140625 0.03203125
19 0.24375 0.54921875 0.01484375 0.02890625
19 0.7390625 0.8046875 0.01640625 0.03203125
19 0.22890625 0.54453125 0.0171875 0.03515625
21 0.1515625 0.5078125 0.01640625 0.02109375
1 0.76484375 0.8203125 0.01484375 0.0203125
21 0.3390625 0.603125 0.01171875 0.03359375
21 0.2984375 0.5859375 0.00859375 0.0265625
17 0.3125 0.59375 0.01171875 0.03359375
1 0.30546875 0.590625 0.0109375 0.0328125
19 0.5390625 0.7125 0.01640625 0.03203125
19 0.384375 0.634375 0.015625 0.0296875
17 0.27578125 0.58125 0.01015625 0.02890625
17 0.29140625 0.5890625 0.01171875 0.03359375
21 0.28359375 0.58515625 0.01015625 0.03125
1 0.184375 0.53828125 0.01484375 0.0203125
21 0.1671875 0.53125 0.02265625 0.0296875
21 0.15 0.52265625 0.0171875 0.021875
19 0.34609375 0.62734375 0.01640625 0.0328125
19 0.32421875 0.615625 0.015625 0.0296875
21 0.215625 0.56015625 0.01796875 0.025
19 0.43203125 0.6734375 0.01328125 0.02265625
21 0.7796875 0.8515625 0.05703125 0.0546875
21 0.40546875 0.66328125 0.0125 0.03515625
21 0.2640625 0.59140625 0.01171875 0.0328125
9 0.19765625 0.56015625 0.01640625 0.03984375
13 0.53984375 0.73515625 0.01640625 0.021875
19 0.36796875 0.6484375 0.01328125 0.0265625
19 0.63984375 0.7890625 0.01640625 0.03125
21 0.33203125 0.6375 0.01640625 0.02109375
21 0.39453125 0.66953125 0.0125 0.03359375
19 0.22421875 0.5859375 0.01796875 0.03359375
17 0.61796875 0.78984375 0.015625 0.02265625
1 0.75078125 0.85859375 0.0171875 0.021875
9 0.16171875 0.55625 0.02421875 0.040625
21 0.43671875 0.69921875 0.01328125 0.03515625
21 0.3609375 0.6625 0.01796875 0.02265625
13 0.5265625 0.7484375 0.01171875 0.0296875
19 0.56796875 0.7703125 0.01640625 0.0328125
1 0.703125 0.8390625 0.0203125 0.03984375
19 0.2578125 0.61328125 0.015625 0.0265625
1 0.20703125 0.5890625 0.01796875 0.02421875
1 0.64296875 0.8140625 0.01484375 0.0296875
21 0.1390625 0.55703125 0.01640625 0.021875
9 0.4078125 0.69453125 0.01640625 0.0296875
1 0.3484375 0.66484375 0.0109375 0.03125
17 0.53359375 0.76171875 0.0109375 0.0296875
1 0.1828125 0.584375 0.01171875 0.0328125
21 0.4234375 0.70703125 0.01328125 0.03515625
17 0.615625 0.80546875 0.01640625 0.021875
21 0.3328125 0.66484375 0.0140625 0.040625
19 0.55078125 0.77578125 0.01640625 0.0328125
1 0.3625 0.68046875 0.015625 0.02109375
1 0.14921875 0.57890625 0.0109375 0.0296875
19 0.25546875 0.63515625 0.0171875 0.03125
9 0.29140625 0.6578125 0.0578125 0.11171875
17 0.52265625 0.7765625 0.01171875 0.03359375
19 0.17265625 0.6 0.0125 0.02421875
9 0.203125 0.61640625 0.02734375 0.04375
19 0.7875 0.915625 0.0171875 0.03125
9 0.37265625 0.70390625 0.01484375 0.0296875
17 0.56171875 0.8015625 0.0171875 0.025
21 0.1359375 0.58359375 0.01640625 0.02421875
21 0.321875 0.6796875 0.01015625 0.02578125
19 0.7015625 0.87421875 0.0171875 0.03203125
1 0.534375 0.7890625 0.01171875 0.03125
21 0.34296875 0.69375 0.0203125 0.0265625
4 0.63125 0.8421875 0.11015625 0.090625
9 0.7453125 0.90703125 0.0765625 0.1109375
17 0.4890625 0.7765625 0.01796875 0.0203125
19 0.2546875 0.659375 0.01796875 0.03203125
9 0.15546875 0.60859375 0.0171875 0.0421875
21 0.3828125 0.7265625 0.0171875 0.02421875
19 0.40078125 0.73515625 0.01328125 0.02578125
19 0.41640625 0.746875 0.01640625 0.03125
21 0.35703125 0.71640625 0.01796875 0.02265625
21 0.328125 0.70390625 0.0140625 0.03984375
19 0.315625 0.7015625 0.01484375 0.028125
17 0.49453125 0.79375 0.0171875 0.021875
1 0.1703125 0.63046875 0.01484375 0.0203125
21 0.47421875 0.78828125 0.015625 0.02109375
1 0.5453125 0.825 0.01171875 0.0328125
1 0.69296875 0.9015625 0.01796875 0.025
21 0.18125 0.646875 0.01484375 0.04296875
19 0.2578125 0.6875 0.015625 0.0296875
1 0.1390625 0.6265625 0.01640625 0.021875
4 0.05390625 0.57578125 0.1078125 0.1859375
17 0.5609375 0.84453125 0.0171875 0.02421875
21 0.48515625 0.8078125 0.0171875 0.02109375
19 0.23515625 0.6796875 0.01328125 0.02421875
19 0.36796875 0.74765625 0.01640625 0.0328125
19 0.42578125 0.7796875 0.0140625 0.02578125
19 0.31015625 0.7203125 0.01484375 0.0296875
21 0.10390625 0.61640625 0.01328125 0.0359375
21 0.328125 0.7328125 0.01640625 0.025
21 0.1671875 0.6515625 0.015625 0.021875
19 0.3515625 0.7453125 0.01640625 0.03203125
21 0.125 0.63046875 0.015625 0.04609375
19 0.24453125 0.69453125 0.015625 0.0296875
21 0.2984375 0.72421875 0.01640625 0.021875
17 0.546875 0.8515625 0.01796875 0.0265625
21 0.14921875 0.6484375 0.01171875 0.0328125
1 0.478125 0.8203125 0.01484375 0.0203125
9 0.5140625 0.8421875 0.046875 0.0890625
21 0.284375 0.72734375 0.01015625 0.03125
21 0.26953125 0.71875 0.01015625 0.03125
1 0.2625 0.7171875 0.01015625 0.03125
1 0.27734375 0.7234375 0.01015625 0.03203125
19 0.39453125 0.78671875 0.01640625 0.03359375
1 0.171875 0.67265625 0.015625 0.021875
4 0.88359375 0.9734375 0.1265625 0.05078125
1 0.31015625 0.75 0.01484375 0.01875
21 0.46953125 0.83515625 0.0109375 0.0296875
21 0.371875 0.7859375 0.0125 0.03671875
21 0.32890625 0.765625 0.0125 0.03359375
21 0.2953125 0.74921875 0.01796875 0.03671875
20 0.13046875 0.66796875 0.0265625 0.053125
19 0.1546875 0.68125 0.01640625 0.03125
1 0.3078125 0.765625 0.0140625 0.01796875
19 0.55 0.8890625 0.01640625 0.03125
17 0.5390625 0.884375 0.0125 0.03359375
17 0.56015625 0.89609375 0.0109375 0.0296875
19 0.3546875 0.79296875 0.0125 0.02265625
21 0.3421875 0.78828125 0.01640625 0.021875
1 0.48046875 0.86015625 0.01171875 0.0328125
20 0.17109375 0.70390625 0.0265625 0.04765625
4 0.68984375 0.9296875 0.26171875 0.1390625
1 0.45625 0.8546875 0.0125 0.0328125
19 0.33125 0.79453125 0.0125 0.02421875
21 0.46484375 0.86328125 0.0109375 0.0296875
9 0.3171875 0.7890625 0.01484375 0.02578125
21 0.296875 0.77890625 0.0171875 0.02265625
19 0.153125 0.70859375 0.01640625 0.03203125
13 0.5546875 0.9171875 0.0171875 0.02421875
17 0.1265625 0.6984375 0.01796875 0.025
1 0.1390625 0.70625 0.01171875 0.03203125
19 0.34140625 0.81015625 0.0171875 0.03125
9 0.359375 0.81875 0.015625 0.02890625
17 0.50859375 0.90859375 0.01796875 0.025
13 0.47109375 0.89140625 0.01171875 0.0328125
1 0.17265625 0.74375 0.01171875 0.03359375
21 0.3671875 0.84453125 0.01640625 0.021875
9 0.48515625 0.9078125 0.02421875 0.05703125
21 0.33515625 0.8328125 0.0171875 0.025
19 0.34765625 0.83984375 0.0109375 0.02265625
17 0.1546875 0.74296875 0.01640625 0.02265625
19 0.5203125 0.93125 0.01484375 0.03125
17 0.53046875 0.9375 0.01171875 0.03359375
13 0.50078125 0.93046875 0.01640625 0.02421875
19 0.46015625 0.02734375 0.01640625 0.03125
1 0.6375 0.12578125 0.0125 0.03359375
19 0.4203125 0.02109375 0.01796875 0.03359375
1 0.44296875 0.0328125 0.01015625 0.0328125
4 0.35859375 0.01953125 0.0640625 0.0390625
1 0.89765625 0.2671875 0.028125 0.03828125
4 0.7578125 0.1953125 0.18203125 0.1578125
1 0.434375 0.03125 0.01015625 0.03125
19 0.55859375 0.11015625 0.01484375 0.028125
21 0.86640625 0.271875 0.0421875 0.0765625
17 0.91953125 0.303125 0.01640625 0.021875
1 0.54140625 0.1125 0.0109375 0.03203125
1 0.89453125 0.29609375 0.0265625 0.03828125
1 0.409375 0.04921875 0.0109375 0.0296875
17 0.94296875 0.32265625 0.01328125 0.03515625
19 0.39765625 0.04453125 0.01640625 0.03203125
17 0.9171875 0.31875 0.01640625 0.02265625
19 0.51640625 0.115625 0.0171875 0.03515625
1 0.40234375 0.07109375 0.01640625 0.021875
19 0.51484375 0.1421875 0.01484375 0.02890625
1 0.67890625 0.22890625 0.01796875 0.02421875
17 0.8453125 0.31484375 0.0171875 0.02265625
9 0.88671875 0.3359375 0.0328125 0.06171875
1 0.90859375 0.3484375 0.0125 0.03359375
17 0.2109375 0.0046875 0.0125 0.009375
1 0.48125 0.13046875 0.01640625 0.021875
1 0.9203125 0.35625 0.02109375 0.05625
1 0.39453125 0.0890625 0.01640625 0.02109375
9 0.44140625 0.115625 0.06875 0.12890625
4 0.81484375 0.31015625 0.0421875 0.0578125
4 0.72890625 0.26796875 0.0421875 0.05703125
1 0.4796875 0.14609375 0.0171875 0.021875
1 0.39296875 0.103125 0.01875 0.02265625
19 0.49375 0.1703125 0.0171875 0.0328125
19 0.69765625 0.27734375 0.015625 0.0296875
17 0.68515625 0.27265625 0.01484375 0.02109375
1 0.88203125 0.3796875 0.0265625 0.0390625
1 0.39140625 0.13046875 0.01796875 0.02578125
19 0.7296875 0.3046875 0.015625 0.0296875
13 0.93203125 0.409375 0.0296875 0.03984375
21 0.853125 0.36953125 0.04140625 0.07421875
17 0.90625 0.3984375 0.01484375 0.0203125
17 0.6828125 0.28515625 0.01484375 0.01796875
17 0.16484375 0.0328125 0.01640625 0.02109375
17 0.9046875 0.4109375 0.01484375 0.0203125
17 0.68125 0.2984375 0.01640625 0.0203125
17 0.79140625 0.35390625 0.01796875 0.02421875
9 0.590625 0.25390625 0.1375 0.2625
4 0.7609375 0.3421875 0.0375 0.10078125
1 0.509375 0.21484375 0.0171875 0.02421875
1 0.8765625 0.4078125 0.028125 0.03671875
21 0.90234375 0.4234375 0.01796875 0.025
12 0.1375 0.03671875 0.0421875 0.07265625
17 0.6796875 0.31171875 0.01640625 0.01875
13 0.9265625 0.43828125 0.0296875 0.040625
1 0.6609375 0.30703125 0.01328125 0.03515625
1 0.40625 0.18203125 0.01015625 0.02890625
21 0.3859375 0.171875 0.01015625 0.0296875
21 0.4 0.17890625 0.01171875 0.03359375
21 0.39375 0.17578125 0.0109375 0.0328125
1 0.4140625 0.18671875 0.01015625 0.03203125
1 0.45390625 0.20703125 0.01171875 0.03515625
1 0.43359375 0.19609375 0.0109375 0.0328125
1 0.42578125 0.19375 0.01015625 0.03203125
1 0.44609375 0.20390625 0.01171875 0.0328125
17 0.67734375 0.32421875 0.01640625 0.0203125
4 0.70859375 0.34296875 0.0296875 0.0796875
17 0.80859375 0.4 0.01640625 0.02265625
20 0.3078125 0.146875 0.0265625 0.05078125
19 0.4875 0.2390625 0.01796875 0.03515625
17 0.67578125 0.33671875 0.01640625 0.01875
17 0.7828125 0.39453125 0.01171875 0.0328125
1 0.28515625 0.13984375 0.0125 0.0328125
19 0.79609375 0.40546875 0.01640625 0.0328125
19 0.68828125 0.3578125 0.01640625 0.03125
17 0.6734375 0.35 0.01640625 0.0203125
17 0.771875 0.40390625 0.0109375 0.03203125
20 0.84921875 0.4484375 0.02578125 0.05
17 0.8046875 0.42734375 0.0171875 0.02265625
17 0.35 0.1984375 0.0109375 0.0296875
17 0.37890625 0.21484375 0.01171875 0.03203125
17 0.3578125 0.203125 0.01171875 0.0328125
1 0.878125 0.46953125 0.0296875 0.040625
17 0.36953125 0.21015625 0.0125 0.0328125
13 0.4046875 0.22890625 0.01171875 0.0328125
13 0.41328125 0.23359375 0.0109375 0.0296875
13 0.43359375 0.24375 0.01171875 0.0328125
13 0.425 0.24140625 0.01171875 0.03359375
19 0.6671875 0.365625 0.01640625 0.03125
21 0.2953125 0.17890625 0.03125 0.0421875
17 0.80234375 0.44375 0.0171875 0.021875
19 0.68203125 0.384375 0.01640625 0.03125
1 0.740625 0.41640625 0.01640625 0.03203125
19 0.77265625 0.434375 0.015625 0.0296875
17 0.70703125 0.4015625 0.01640625 0.02265625
13 0.35078125 0.2203125 0.01796875 0.02265625
13 0.371875 0.23125 0.0171875 0.0203125
19 0.4765625 0.28515625 0.015625 0.0296875
17 0.66484375 0.384375 0.01640625 0.021875
13 0.40546875 0.25234375 0.01640625 0.0203125
13 0.4265625 0.26328125 0.01796875 0.02109375
4 0.928125 0.521875 0.0671875 0.13359375
17 0.18359375 0.14140625 0.0125 0.0328125
0 0.12421875 0.11328125 0.08046875 0.1328125
17 0.83828125 0.48046875 0.01484375 0.01875
1 0.3140625 0.2140625 0.0203125 0.0546875
9 0.8671875 0.50234375 0.02421875 0.0390625
17 0.80390625 0.471875 0.01953125 0.0265625
17 0.6625 0.40078125 0.01640625 0.02265625
17 0.36484375 0.24921875 0.01171875 0.0328125
17 0.18984375 0.16015625 0.01171875 0.03515625
17 0.34375 0.23828125 0.0125 0.03125
17 0.37265625 0.25390625 0.01171875 0.03515625
17 0.35234375 0.24453125 0.01171875 0.03203125
19 0.76953125 0.459375 0.01640625 0.0296875
17 0.3984375 0.26953125 0.0109375 0.0296875
17 0.428125 0.284375 0.01171875 0.0296875
1 0.68984375 0.41875 0.01953125 0.03671875
17 0.4078125 0.27421875 0.01171875 0.03125
17 0.83671875 0.49453125 0.01484375 0.01875
17 0.41953125 0.28125 0.01171875 0.0328125
17 0.66015625 0.41640625 0.0171875 0.02109375
19 0.61953125 0.4 0.01484375 0.0265625
1 0.51796875 0.35 0.01875 0.02578125
4 0.2890625 0.234375 0.028125 0.0796875
17 0.6578125 0.4328125 0.01640625 0.02265625
1 0.7765625 0.49375 0.01640625 0.0296875
1 0.86796875 0.5421875 0.02890625 0.0359375
1 0.5546875 0.38828125 0.015625 0.021875
19 0.634375 0.43046875 0.015625 0.03125
17 0.6203125 0.4265625 0.0140625 0.03671875
17 0.60390625 0.41796875 0.009375 0.03125
17 0.58984375 0.4109375 0.01171875 0.03515625
17 0.78046875 0.50859375 0.01328125 0.02265625
19 0.66796875 0.4515625 0.01640625 0.0328125
17 0.56875 0.4015625 0.01015625 0.03203125
17 0.58359375 0.4078125 0.009375 0.028125
17 0.6109375 0.42265625 0.0109375 0.0328125
17 0.57734375 0.40546875 0.01015625 0.03203125
17 0.596875 0.41640625 0.01015625 0.03125
19 0.840625 0.54453125 0.01640625 0.03125
19 0.415625 0.33125 0.253125 0.48125
4 0.37265625 0.31015625 0.1640625 0.1515625
19 0.80859375 0.53515625 0.01640625 0.03203125
17 0.1421875 0.19609375 0.01796875 0.025
19 0.48359375 0.37109375 0.0265625 0.06796875
19 0.1671875 0.21328125 0.01640625 0.03359375
17 0.65 0.46640625 0.0125 0.02421875
1 0.78984375 0.53984375 0.015625 0.028125
12 0.1140625 0.1953125 0.04609375 0.07578125
17 0.64375 0.47265625 0.0125 0.025
17 0.8375 0.57265625 0.01171875 0.02890625
1 0.63671875 0.47890625 0.01484375 0.02890625
4 0.9125 0.62109375 0.02421875 0.0796875
9 0.80859375 0.575 0.03203125 0.06015625
4 0.59140625 0.4734375 0.0421875 0.0578125
17 0.1359375 0.2453125 0.01640625 0.02421875
19 0.6171875 0.49140625 0.0171875 0.03125
12 0.10703125 0.25625 0.04453125 0.0765625
19 0.5921875 0.5078125 0.01640625 0.03203125
21 0.44453125 0.44296875 0.01171875 0.0328125
1 0.45234375 0.446875 0.01015625 0.03203125
1 0.45859375 0.45078125 0.0109375 0.0328125
1 0.81171875 0.63359375 0.01640625 0.0328125