2 0.58125 0.490625 0.0125 0.01484375
21 0.2703125 0.496875 0.00859375 0.02734375
16 0.46875 0.5015625 0.01171875 0.0125
21 0.2453125 0.5015625 0.015625 0.01796875
16 0.1296875 0.50390625 0.015625 0.01796875
19 0.28046875 0.50390625 0.01328125 0.02578125
19 0.7953125 0.50625 0.01328125 0.02578125
2 0.47734375 0.50703125 0.00703125 0.028125
2 0.4578125 0.5078125 0.00703125 0.028125
21 0.209375 0.5125 0.01484375 0.01796875
19 0.3296875 0.5140625 0.009375 0.01875
16 0.46796875 0.5140625 0.0125 0.0125
21 0.23203125 0.51484375 0.01484375 0.01640625
21 0.25859375 0.51484375 0.0140625 0.01484375
2 0.4609375 0.5265625 0.01328125 0.0109375
12 0.10546875 0.5265625 0.0359375 0.05703125
2 0.38828125 0.528125 0.01484375 0.01484375
9 0.68828125 0.53125 0.203125 0.38828125
9 0.221875 0.5328125 0.01171875 0.021875
9 0.26953125 0.53359375 0.01171875 0.021875
19 0.31484375 0.5375 0.01328125 0.02578125
2 0.465625 0.53828125 0.0140625 0.01328125
2 0.3890625 0.5421875 0.0140625 0.01328125
19 0.19609375 0.54296875 0.0125 0.02421875
2 0.29140625 0.546875 0.0140625 0.0140625
9 0.425 0.5515625 0.04453125 0.0859375
2 0.46015625 0.5515625 0.015625 0.0140625
2 0.25859375 0.55234375 0.01484375 0.015625
2 0.2328125 0.553125 0.01328125 0.01484375
2 0.21015625 0.55859375 0.0078125 0.02734375
19 0.30078125 0.55859375 0.01015625 0.01953125
16 0.13046875 0.56015625 0.01484375 0.01640625
21 0.18984375 0.56328125 0.01328125 0.0125
19 0.33203125 0.5640625 0.01328125 0.02578125
21 0.2203125 0.56875 0.00859375 0.028125
21 0.26953125 0.5703125 0.0078125 0.0296875
21 0.29140625 0.5703125 0.01328125 0.01640625
21 0.321875 0.57109375 0.009375 0.0296875
21 0.3890625 0.571875 0.01484375 0.015625
19 0.465625 0.57265625 0.01171875 0.02265625
4 0.84375 0.5734375 0.0546875 0.36953125
19 0.49765625 0.575 0.01171875 0.02421875
4 0.5203125 0.57578125 0.03515625 0.36796875
21 0.18984375 0.5796875 0.01484375 0.0140625
19 0.2109375 0.58203125 0.01015625 0.0203125
12 0.1046875 0.5828125 0.03515625 0.053125
19 0.27890625 0.5875 0.01328125 0.02734375
9 0.30390625 0.58828125 0.0125 0.02265625
2 0.78515625 0.590625 0.01328125 0.02890625
21 0.45703125 0.59140625 0.00859375 0.0296875
4 0.93203125 0.59375 0.12265625 0.12734375
21 0.18671875 0.5953125 0.015625 0.015625
19 0.38984375 0.59609375 0.01171875 0.0234375
19 0.82734375 0.06015625 0.0203125 0.04140625
2 0.590625 0.59765625 0.01171875 0.025
19 0.2 0.60546875 0.01171875 0.021875
9 0.22578125 0.60703125 0.01796875 0.02578125
2 0.77578125 0.60859375 0.015625 0.03046875
19 0.1703125 0.60859375 0.01171875 0.02421875
19 0.18671875 0.6109375 0.01171875 0.0234375
21 0.4375 0.6125 0.01328125 0.0125
19 0.3984375 0.6125 0.01171875 0.0265625
21 0.41796875 0.61328125 0.0125 0.0140625
16 0.1296875 0.6171875 0.0140625 0.01484375
21 0.42734375 0.61875 0.00546875 0.0265625
21 0.24765625 0.61875 0.0078125 0.0265625
21 0.4078125 0.61953125 0.00703125 0.0296875
19 0.36484375 0.621875 0.01015625 0.01875
19 0.2375 0.6234375 0.01015625 0.01796875
16 0.19921875 0.62734375 0.0140625 0.01484375
21 0.17890625 0.628125 0.01484375 0.0125
19 0.3328125 0.6296875 0.0125 0.025
19 0.35078125 0.63046875 0.0125 0.02421875
2 0.44140625 0.63125 0.00546875 0.021875
21 0.4140625 0.63125 0.00625 0.02578125
21 0.42109375 0.63203125 0.00625 0.02578125
2 0.434375 0.6328125 0.00546875 0.02265625
2 0.7625 0.63359375 0.015625 0.03046875
12 0.10546875 0.6375 0.034375 0.05625
2 0.275 0.640625 0.00859375 0.0296875
19 0.2484375 0.64296875 0.0140625 0.02578125
21 0.21875 0.64453125 0.00859375 0.02890625
2 0.2375 0.6453125 0.00703125 0.0265625
16 0.30234375 0.64609375 0.0140625 0.01484375
21 0.32890625 0.64921875 0.01484375 0.0171875
13 0.41875 0.65078125 0.0140625 0.0125
13 0.4375 0.65078125 0.01328125 0.0125
2 0.753125 0.6515625 0.0140625 0.02734375
19 0.22734375 0.65234375 0.01171875 0.021875
19 0.5875 0.65390625 0.01328125 0.02421875
16 0.79140625 0.65390625 0.015625 0.01796875
20 0.18828125 0.6578125 0.0234375 0.0390625
21 0.34375 0.659375 0.0078125 0.02890625
13 0.56875 0.66171875 0.01484375 0.01796875
21 0.31015625 0.66171875 0.01328125 0.0125
21 0.2953125 0.6625 0.01484375 0.0140625
19 0.3671875 0.6640625 0.0125 0.02421875
21 0.35078125 0.6640625 0.00703125 0.028125
2 0.37734375 0.66484375 0.0078125 0.02734375
19 0.2328125 0.66796875 0.0109375 0.01875
19 0.45546875 0.66875 0.0125 0.025
2 0.6296875 0.66875 0.01328125 0.02421875
21 0.20703125 0.66953125 0.0140625 0.01484375
21 0.4171875 0.6703125 0.009375 0.025
21 0.4375 0.6703125 0.0109375 0.02578125
19 0.265625 0.67109375 0.01171875 0.02265625
19 0.74453125 0.671875 0.01328125 0.025
19 0.2515625 0.6734375 0.01328125 0.0265625
21 0.17734375 0.67421875 0.0140625 0.0140625
2 0.76953125 0.67421875 0.01328125 0.01328125
21 0.35859375 0.675 0.0078125 0.02890625
21 0.31953125 0.678125 0.00546875 0.02421875
16 0.33359375 0.678125 0.0078125 0.02890625
2 0.3265625 0.67890625 0.00703125 0.0296875
19 0.55234375 0.68125 0.0125 0.025
19 0.403125 0.68203125 0.01171875 0.02421875
16 0.2984375 0.68359375 0.00703125 0.02421875
16 0.3140625 0.68359375 0.00703125 0.0296875
21 0.30625 0.68359375 0.00625 0.0265625
2 0.2109375 0.68828125 0.01328125 0.0125
21 0.19375 0.68828125 0.01953125 0.01875
21 0.178125 0.6890625 0.01484375 0.0140625
19 0.36796875 0.69296875 0.01328125 0.02578125
19 0.34609375 0.69375 0.0125 0.02265625
21 0.24140625 0.69375 0.015625 0.0171875
19 0.45078125 0.69453125 0.0109375 0.01796875
21 0.7859375 0.6953125 0.0515625 0.0265625
21 0.42578125 0.6984375 0.00859375 0.0296875
21 0.28984375 0.69921875 0.0078125 0.028125
9 0.22578125 0.7 0.01171875 0.03359375
13 0.55625 0.7015625 0.0140625 0.01484375
19 0.38984375 0.70234375 0.01015625 0.021875
19 0.65234375 0.703125 0.0125 0.02421875
21 0.35625 0.70859375 0.0140625 0.01328125
21 0.4171875 0.709375 0.00859375 0.0296875
19 0.253125 0.71171875 0.0140625 0.0265625
16 0.63359375 0.7140625 0.01328125 0.01640625
2 0.76171875 0.7140625 0.01484375 0.0140625
9 0.19296875 0.7140625 0.01953125 0.0296875
21 0.45859375 0.71640625 0.009375 0.0296875
21 0.3859375 0.71875 0.01484375 0.01484375
13 0.5453125 0.71953125 0.00859375 0.02578125
19 0.5859375 0.71953125 0.0125 0.02578125
2 0.71640625 0.7203125 0.015625 0.03125
19 0.28671875 0.72109375 0.0125 0.0203125
2 0.2375 0.72265625 0.015625 0.01484375
2 0.659375 0.72421875 0.0109375 0.02421875
21 0.171875 0.725 0.0140625 0.01484375
9 0.43203125 0.72578125 0.0125 0.02265625
2 0.375 0.7265625 0.00703125 0.0265625
16 0.55390625 0.72734375 0.0078125 0.02578125
2 0.215625 0.72890625 0.00859375 0.028125
21 0.44765625 0.7296875 0.00859375 0.03046875
16 0.63359375 0.7296875 0.0140625 0.01484375
21 0.3609375 0.7328125 0.009375 0.0359375
19 0.571875 0.7328125 0.0125 0.02578125
2 0.3890625 0.73359375 0.01328125 0.01484375
2 0.184375 0.740625 0.00703125 0.02578125
19 0.28671875 0.7421875 0.01328125 0.02421875
9 0.321875 0.74609375 0.04375 0.0859375
16 0.5453125 0.746875 0.00859375 0.02890625
19 0.2078125 0.7484375 0.01015625 0.01875
9 0.2375 0.75 0.02265625 0.03203125
19 0.80234375 0.75 0.01328125 0.02421875
9 0.4015625 0.75 0.01171875 0.0234375
16 0.584375 0.75078125 0.0140625 0.0171875
21 0.17265625 0.75078125 0.0140625 0.01640625
21 0.35234375 0.7515625 0.00625 0.021875
19 0.71953125 0.753125 0.01328125 0.025
2 0.55703125 0.753125 0.0078125 0.0265625
21 0.3734375 0.7546875 0.0171875 0.01796875
4 0.6515625 0.75546875 0.1015625 0.03671875
9 0.7625 0.7609375 0.06328125 0.075
16 0.515625 0.7625 0.01640625 0.01171875
19 0.2890625 0.76484375 0.0140625 0.02421875
9 0.19375 0.76484375 0.01171875 0.03515625
21 0.41328125 0.765625 0.01484375 0.01640625
19 0.43046875 0.765625 0.01015625 0.01953125
19 0.44609375 0.76796875 0.0125 0.02421875
21 0.3890625 0.76875 0.015625 0.01484375
21 0.3609375 0.7703125 0.009375 0.03515625
19 0.35 0.77421875 0.01171875 0.021875
16 0.52265625 0.77421875 0.01484375 0.01484375
2 0.209375 0.7765625 0.0125 0.01328125
21 0.503125 0.77890625 0.01328125 0.0140625
2 0.57265625 0.7796875 0.00859375 0.028125
2 0.71484375 0.78046875 0.01484375 0.0171875
21 0.221875 0.78671875 0.01015625 0.0359375
19 0.2953125 0.78828125 0.0125 0.02265625
2 0.18125 0.78828125 0.0140625 0.0140625
4 0.0734375 0.7890625 0.13984375 0.1171875
16 0.5890625 0.78984375 0.01484375 0.01640625
21 0.515625 0.7921875 0.01484375 0.0140625
19 0.27421875 0.7921875 0.0109375 0.01796875
19 0.403125 0.7921875 0.0125 0.02578125
19 0.45859375 0.79296875 0.0109375 0.01953125
19 0.34765625 0.79375 0.01171875 0.02421875
21 0.1484375 0.79375 0.009375 0.0296875
21 0.36484375 0.79609375 0.0140625 0.01796875
21 0.209375 0.796875 0.01328125 0.015625
19 0.3875 0.79765625 0.0125 0.025
21 0.16875 0.7984375 0.01015625 0.0390625
19 0.28515625 0.8 0.01171875 0.02421875
21 0.33671875 0.80234375 0.0140625 0.01484375
16 0.5765625 0.803125 0.01484375 0.01875
21 0.19296875 0.803125 0.0078125 0.028125
2 0.5109375 0.80625 0.01328125 0.01328125
9 0.54609375 0.809375 0.0359375 0.06796875
21 0.325 0.81171875 0.00703125 0.02734375
21 0.3109375 0.81171875 0.00703125 0.0265625
2 0.30390625 0.81171875 0.00703125 0.02734375
2 0.31796875 0.8125 0.00625 0.028125
19 0.43203125 0.8140625 0.01328125 0.0265625
2 0.2171875 0.8140625 0.01328125 0.01484375
4 0.921875 0.8171875 0.13984375 0.12109375
2 0.3515625 0.81953125 0.0125 0.0125
21 0.5046875 0.82421875 0.00703125 0.02578125
21 0.4109375 0.82421875 0.00859375 0.03203125
21 0.36953125 0.825 0.00859375 0.02890625
21 0.33671875 0.82578125 0.0140625 0.0296875
20 0.17890625 0.82890625 0.0203125 0.04140625
19 0.2015625 0.8296875 0.01328125 0.02421875
2 0.35078125 0.83515625 0.0125 0.01171875
19 0.584375 0.83515625 0.0125 0.0234375
16 0.57421875 0.83671875 0.00859375 0.0296875
16 0.59453125 0.83671875 0.0078125 0.02578125
19 0.396875 0.83828125 0.01015625 0.01796875
21 0.384375 0.83984375 0.0140625 0.01484375
2 0.51796875 0.84140625 0.0078125 0.028125
20 0.21953125 0.8421875 0.0203125 0.0359375
4 0.72109375 0.8453125 0.2390625 0.09140625
2 0.4953125 0.84765625 0.00859375 0.028125
19 0.375 0.85078125 0.009375 0.01875
21 0.5046875 0.85078125 0.0078125 0.02578125
9 0.3625 0.8515625 0.0125 0.01875
21 0.3421875 0.85234375 0.01484375 0.015625
19 0.20390625 0.85546875 0.01328125 0.025
13 0.5921875 0.85703125 0.01484375 0.01640625
16 0.17890625 0.85703125 0.01484375 0.0171875
2 0.19140625 0.859375 0.00859375 0.02734375
19 0.38671875 0.859375 0.01328125 0.02421875
9 0.4046875 0.859375 0.0125 0.021875
16 0.55 0.871875 0.01484375 0.01796875
13 0.5140625 0.87421875 0.0078125 0.028125
2 0.2265625 0.87734375 0.00703125 0.02890625
21 0.4140625 0.87890625 0.0140625 0.0140625
9 0.528125 0.88203125 0.0171875 0.046875
21 0.384375 0.8828125 0.0140625 0.0171875
19 0.39609375 0.88359375 0.00859375 0.01796875
16 0.21015625 0.88515625 0.0140625 0.01484375
19 0.56328125 0.8875 0.01171875 0.025
16 0.57265625 0.8875 0.00859375 0.02890625
13 0.5453125 0.8953125 0.0140625 0.01640625
19 0.39453125 0.10234375 0.0125 0.02421875
2 0.5671875 0.10859375 0.00859375 0.0296875
19 0.3578125 0.11484375 0.0140625 0.02578125
2 0.3796875 0.11484375 0.00625 0.0296875
4 0.2984375 0.115625 0.05234375 0.06640625
2 0.81875 0.11640625 0.02421875 0.025
4 0.68359375 0.1171875 0.16640625 0.0671875
2 0.37265625 0.1171875 0.00703125 0.0265625
19 0.49375 0.13046875 0.01171875 0.021875
21 0.79140625 0.13515625 0.0328125 0.0578125
16 0.84375 0.1390625 0.0140625 0.01484375
2 0.47890625 0.14140625 0.00703125 0.02734375
2 0.81953125 0.14375 0.02265625 0.02578125
2 0.3515625 0.14453125 0.0078125 0.02578125
16 0.8671875 0.1453125 0.00859375 0.0296875
19 0.340625 0.14609375 0.0125 0.025
16 0.84296875 0.15390625 0.0140625 0.01484375
19 0.45625 0.1546875 0.01328125 0.0265625
2 0.3484375 0.16796875 0.0140625 0.0140625
0 0.103125 0.16796875 0.065625 0.1046875
16 0.16015625 0.1703125 0.00859375 0.0296875
19 0.4578125 0.1796875 0.01171875 0.02265625
2 0.6171875 0.18203125 0.015625 0.01640625
16 0.778125 0.18359375 0.01484375 0.01484375
9 0.81796875 0.18359375 0.02578125 0.046875
2 0.8390625 0.184375 0.00859375 0.02890625
16 0.1671875 0.184375 0.0078125 0.02890625
2 0.42734375 0.1859375 0.0140625 0.01484375
2 0.85078125 0.1859375 0.0140625 0.046875
2 0.34375 0.1875 0.0140625 0.0140625
9 0.3890625 0.18828125 0.05234375 0.09765625
4 0.75 0.19375 0.03515625 0.0390625
4 0.6671875 0.19453125 0.03515625 0.0375
2 0.42734375 0.19921875 0.01484375 0.0140625
2 0.34375 0.20078125 0.01640625 0.0140625
19 0.44296875 0.21484375 0.01328125 0.02578125
19 0.640625 0.21796875 0.0125 0.02265625
16 0.62890625 0.21875 0.0125 0.01484375
2 0.81875 0.225 0.021875 0.0265625
2 0.3453125 0.22578125 0.015625 0.01796875
19 0.67265625 0.2265625 0.0125 0.02265625
13 0.86796875 0.228125 0.02578125 0.02578125
21 0.7921875 0.22890625 0.0328125 0.0546875
16 0.84375 0.2296875 0.01328125 0.0125
16 0.628125 0.23125 0.01328125 0.0109375
16 0.12890625 0.2421875 0.0140625 0.0140625
16 0.84375 0.24296875 0.01328125 0.0125
16 0.628125 0.24375 0.0140625 0.0125
16 0.73515625 0.24375 0.015625 0.01640625
9 0.540625 0.24609375 0.1046875 0.2
4 0.70546875 0.246875 0.02421875 0.084375
2 0.4625 0.24765625 0.01484375 0.01640625
2 0.81796875 0.2515625 0.02421875 0.0234375
21 0.84296875 0.25546875 0.015625 0.01640625
12 0.1046875 0.25546875 0.0328125 0.06015625
16 0.628125 0.25625 0.0140625 0.01171875
13 0.8671875 0.2578125 0.02578125 0.0265625
2 0.6109375 0.2609375 0.00859375 0.0296875
2 0.36640625 0.26484375 0.00625 0.02578125
21 0.34609375 0.265625 0.00703125 0.0265625
21 0.359375 0.265625 0.00703125 0.0296875
21 0.353125 0.265625 0.00625 0.02890625
2 0.3734375 0.26640625 0.00625 0.028125
2 0.4109375 0.26640625 0.0078125 0.0296875
2 0.39140625 0.26640625 0.00703125 0.028125
2 0.384375 0.26640625 0.00703125 0.028125
2 0.40390625 0.26640625 0.0078125 0.028125
16 0.628125 0.26875 0.01484375 0.0125
4 0.65859375 0.271875 0.01875 0.0671875
16 0.75546875 0.27578125 0.0140625 0.01484375
20 0.27265625 0.27890625 0.0203125 0.0390625
19 0.44609375 0.27890625 0.01328125 0.02734375
16 0.628125 0.28125 0.01484375 0.01171875
16 0.73125 0.28359375 0.00859375 0.028125
2 0.2515625 0.284375 0.00859375 0.028125
19 0.7453125 0.2875 0.01328125 0.02578125
19 0.64140625 0.29375 0.01328125 0.02421875
16 0.628125 0.29375 0.01484375 0.0125
16 0.7234375 0.29765625 0.00703125 0.0265625
20 0.7984375 0.30078125 0.01953125 0.0390625
16 0.75625 0.303125 0.01484375 0.015625
16 0.3171875 0.30546875 0.00703125 0.02578125
16 0.3453125 0.30625 0.00859375 0.02734375
16 0.325 0.30703125 0.0078125 0.028125
2 0.82734375 0.30703125 0.025 0.0265625
16 0.33671875 0.3078125 0.00859375 0.028125
13 0.3703125 0.30859375 0.00859375 0.028125
13 0.378125 0.309375 0.00703125 0.02578125
13 0.3984375 0.309375 0.0078125 0.028125
13 0.38984375 0.31015625 0.0078125 0.02890625
19 0.62421875 0.3109375 0.01328125 0.0234375
21 0.26484375 0.3140625 0.0265625 0.02734375
16 0.75546875 0.31875 0.01484375 0.0140625
19 0.6390625 0.32109375 0.0125 0.02421875
2 0.69609375 0.32265625 0.0125 0.025
19 0.728125 0.3234375 0.0125 0.02265625
16 0.66484375 0.325 0.0140625 0.015625
13 0.3203125 0.32578125 0.015625 0.0140625
13 0.340625 0.32578125 0.01484375 0.0109375
19 0.4421875 0.3265625 0.01171875 0.02421875
16 0.62421875 0.32890625 0.0140625 0.01484375
13 0.37421875 0.32890625 0.01484375 0.0125
13 0.39375 0.3296875 0.015625 0.0125
4 0.87890625 0.33046875 0.05078125 0.103125
16 0.16015625 0.33125 0.00859375 0.028125
0 0.103125 0.3328125 0.06484375 0.0953125
16 0.7921875 0.3359375 0.0125 0.0125
2 0.28671875 0.33671875 0.01328125 0.046875
9 0.82109375 0.3421875 0.0203125 0.02734375
16 0.7609375 0.34375 0.01640625 0.01796875
16 0.62421875 0.34375 0.0140625 0.015625
16 0.33671875 0.34453125 0.0078125 0.028125
16 0.16796875 0.3453125 0.0078125 0.0296875
16 0.31640625 0.3453125 0.00859375 0.0265625
16 0.3453125 0.3453125 0.0078125 0.03046875
16 0.325 0.346875 0.0078125 0.02734375
19 0.728125 0.34765625 0.0125 0.02265625
16 0.36953125 0.34765625 0.0078125 0.02578125
16 0.39765625 0.34765625 0.00859375 0.02578125
2 0.6515625 0.34765625 0.01484375 0.028125
16 0.378125 0.3484375 0.0078125 0.0265625
16 0.79296875 0.3484375 0.0125 0.0125
16 0.38984375 0.34921875 0.0078125 0.028125
16 0.62421875 0.36015625 0.01484375 0.0140625
19 0.58515625 0.3625 0.01171875 0.0203125
2 0.4875 0.365625 0.015625 0.0171875
4 0.26640625 0.3671875 0.01796875 0.06875
16 0.62421875 0.375 0.0140625 0.01484375
2 0.73828125 0.37578125 0.0125 0.02265625
2 0.82734375 0.378125 0.025 0.02265625
2 0.52578125 0.38203125 0.01328125 0.01484375
19 0.603125 0.384375 0.01171875 0.025
16 0.58984375 0.38671875 0.009375 0.03125
16 0.5734375 0.38671875 0.00546875 0.0265625
16 0.56015625 0.38671875 0.00703125 0.03046875
16 0.74375 0.38671875 0.01015625 0.01796875
19 0.6359375 0.3875 0.0125 0.02578125
16 0.540625 0.3875 0.00703125 0.028125
16 0.55390625 0.3875 0.00625 0.025
16 0.58046875 0.3875 0.00703125 0.028125
16 0.54765625 0.3875 0.00625 0.028125
16 0.5671875 0.38828125 0.00703125 0.02734375
19 0.80234375 0.3921875 0.01328125 0.02421875
19 0.39296875 0.3953125 0.19296875 0.365625
4 0.35234375 0.39609375 0.1484375 0.07109375
19 0.77265625 0.39765625 0.0125 0.02421875
16 0.1296875 0.3984375 0.01484375 0.01796875
19 0.459375 0.39921875 0.01875 0.05546875
19 0.15390625 0.40390625 0.0125 0.02734375
16 0.6203125 0.40859375 0.01015625 0.01875
2 0.75703125 0.4109375 0.0125 0.02109375
12 0.10390625 0.41171875 0.03671875 0.05546875
16 0.61640625 0.4171875 0.009375 0.01953125
16 0.803125 0.41875 0.0078125 0.025
2 0.6109375 0.4265625 0.01171875 0.02265625
4 0.87734375 0.42734375 0.0140625 0.0703125
9 0.778125 0.434375 0.02421875 0.04609375
4 0.56875 0.4421875 0.0359375 0.0375
16 0.1296875 0.446875 0.0140625 0.01640625
19 0.59453125 0.44765625 0.01328125 0.02421875
12 0.10546875 0.46953125 0.03515625 0.05625
19 0.57421875 0.47265625 0.0125 0.025
21 0.4328125 0.48203125 0.0078125 0.028125
2 0.440625 0.48203125 0.00625 0.028125
2 0.446875 0.4828125 0.00703125 0.02890625
2 0.78828125 0.48515625 0.01328125 0.02578125