2 0.64140625 0.68359375 0.00546875 0.0171875
2 0.6640625 0.684375 0.00625 0.01796875
2 0.6953125 0.6875 0.00859375 0.01171875
2 0.26953125 0.69140625 0.009375 0.0109375
2 0.85546875 0.6921875 0.01796875 0.0140625
2 0.60390625 0.69296875 0.00546875 0.01796875
2 0.7203125 0.7046875 0.009375 0.0109375
2 0.6203125 0.70546875 0.009375 0.01171875
2 0.7046875 0.70546875 0.00859375 0.01015625
2 0.84375 0.70625 0.00546875 0.01796875
2 0.48046875 0.7078125 0.00859375 0.03046875
2 0.509375 0.7078125 0.00859375 0.03046875
2 0.4609375 0.7078125 0.00859375 0.03046875
2 0.48984375 0.7078125 0.00859375 0.03046875
2 0.5 0.7078125 0.00859375 0.03046875
2 0.2265625 0.70859375 0.00625 0.01640625
2 0.3921875 0.70859375 0.00859375 0.03046875
2 0.40234375 0.70859375 0.00859375 0.03046875
2 0.41171875 0.70859375 0.00859375 0.03046875
2 0.440625 0.70859375 0.00859375 0.03046875
2 0.45078125 0.70859375 0.00859375 0.03046875
2 0.4703125 0.70859375 0.00859375 0.03046875
2 0.2375 0.709375 0.0046875 0.01796875
2 0.421875 0.709375 0.00859375 0.03046875
2 0.43125 0.709375 0.00859375 0.03046875
2 0.24453125 0.7140625 0.00546875 0.01640625
16 0.18671875 0.72265625 0.01640625 0.01484375
9 0.30078125 0.7359375 0.02578125 0.04921875
16 0.18671875 0.73984375 0.01640625 0.01484375
16 0.84765625 0.759375 0.0078125 0.02890625
13 0.965625 0.78125 0.028125 0.1
13 0.93359375 0.78203125 0.02734375 0.09765625
13 0.90234375 0.78359375 0.028125 0.0984375
13 0.2015625 0.8203125 0.02890625 0.06484375
5 0.14765625 0.82109375 0.0296875 0.0609375
2 0.0609375 0.82421875 0.01171875 0.046875
5 0.090625 0.8296875 0.03125 0.05703125
16 0.2671875 0.85859375 0.0171875 0.01328125
13 0.2 0.8625 0.01875 0.0140625
13 0.14765625 0.8640625 0.0203125 0.01640625
4 0.7453125 0.8703125 0.01875 0.12109375
13 0.09453125 0.871875 0.01875 0.0140625
4 0.509375 0.87734375 0.440625 0.12109375
16 0.26796875 0.878125 0.01875 0.01484375
2 0.8515625 0.88203125 0.009375 0.01015625
2 0.85625 0.89921875 0.01953125 0.015625
16 0.18515625 0.9 0.00859375 0.03046875
16 0.23984375 0.9 0.01015625 0.03125
16 0.13046875 0.9015625 0.0078125 0.03359375
9 0.26875 0.903125 0.0140625 0.028125
14 0.2234375 0.9078125 0.0171875 0.11953125
14 0.1703125 0.91015625 0.0171875 0.11953125
14 0.115625 0.9109375 0.0171875 0.11953125
16 0.26796875 0.9296875 0.0171875 0.01796875
2 0.88828125 0.93671875 0.05546875 0.05
11 0.19765625 0.9515625 0.03515625 0.01640625
16 0.9015625 0.096875 0.00859375 0.03203125
16 0.2375 0.11484375 0.01953125 0.0140625
16 0.175 0.115625 0.0078125 0.03359375
20 0.2015625 0.115625 0.0296875 0.0609375
4 0.50546875 0.11875 0.44296875 0.11640625
15 0.26640625 0.11875 0.02578125 0.0640625
20 0.23671875 0.15859375 0.02890625 0.06015625
2 0.80390625 0.1671875 0.00859375 0.0109375
14 0.17734375 0.1796875 0.02421875 0.04140625
16 0.04921875 0.1796875 0.01640625 0.01484375
14 0.07578125 0.18203125 0.025 0.053125
16 0.259375 0.18515625 0.0171875 0.01328125
2 0.2125 0.19609375 0.02734375 0.01875
5 0.1359375 0.19765625 0.034375 0.05546875
2 0.29765625 0.19765625 0.01796875 0.01328125
2 0.9015625 0.209375 0.0171875 0.0140625
2 0.8984375 0.22421875 0.00859375 0.00859375
2 0.18359375 0.23046875 0.02578125 0.01796875
14 0.26328125 0.23359375 0.015625 0.0734375
2 0.1359375 0.23984375 0.00859375 0.0078125
16 0.3125 0.24765625 0.0171875 0.01484375
16 0.28359375 0.25546875 0.01875 0.0140625
13 0.05078125 0.2578125 0.009375 0.03046875
16 0.31953125 0.2640625 0.015625 0.01484375
13 0.09921875 0.26484375 0.03359375 0.05234375
13 0.03046875 0.28828125 0.0078125 0.03203125
2 0.30546875 0.29140625 0.00859375 0.01015625
20 0.28125 0.30078125 0.03125 0.05390625
14 0.22421875 0.31640625 0.04453125 0.2375
5 0.1578125 0.31796875 0.03125 0.0625
14 0.125 0.3203125 0.01640625 0.15
13 0.0609375 0.3234375 0.04140625 0.07421875
13 0.03046875 0.32578125 0.0078125 0.03046875
2 0.49375 0.3265625 0.00546875 0.0171875
2 0.74921875 0.33359375 0.00546875 0.015625
14 0.9609375 0.33671875 0.04375 0.253125
2 0.65078125 0.33671875 0.00546875 0.01640625
16 0.30078125 0.03359375 0.0171875 0.01796875
2 0.5265625 0.34140625 0.01640625 0.06953125
16 0.71875 0.34140625 0.0078125 0.03203125
16 0.728125 0.3421875 0.0078125 0.03046875
16 0.73828125 0.3421875 0.009375 0.03203125
16 0.709375 0.3421875 0.0078125 0.0328125
16 0.7 0.34296875 0.0078125 0.03046875
16 0.6796875 0.34296875 0.0078125 0.0296875
16 0.68984375 0.34296875 0.0078125 0.0296875
16 0.321875 0.34765625 0.01640625 0.01640625
13 0.1046875 0.34921875 0.01640625 0.06953125
13 0.0890625 0.353125 0.00859375 0.03125
13 0.503125 0.36171875 0.0078125 0.0328125
2 0.48359375 0.3625 0.0078125 0.03046875
13 0.4640625 0.3625 0.0078125 0.0328125
2 0.43515625 0.36328125 0.0078125 0.03046875
2 0.4546875 0.36328125 0.0078125 0.03046875
2 0.47421875 0.36328125 0.0078125 0.03046875
2 0.49296875 0.36328125 0.0078125 0.03046875
2 0.51328125 0.36328125 0.0078125 0.03046875
13 0.39609375 0.36328125 0.00703125 0.03125
13 0.44453125 0.36328125 0.00703125 0.03125
2 0.3859375 0.3640625 0.0078125 0.03046875
2 0.40625 0.3640625 0.0078125 0.03046875
2 0.415625 0.3640625 0.0078125 0.03046875
2 0.425 0.3640625 0.0078125 0.03046875
2 0.346875 0.3640625 0.0078125 0.03046875
2 0.35703125 0.3640625 0.0078125 0.03046875
2 0.3671875 0.3640625 0.0078125 0.03046875
2 0.3765625 0.36484375 0.0078125 0.03046875
20 0.29296875 0.36640625 0.03515625 0.05390625
16 0.32265625 0.3703125 0.01953125 0.01171875
16 0.90546875 0.371875 0.00859375 0.03046875
2 0.71875 0.37265625 0.009375 0.0109375
2 0.703125 0.3734375 0.00859375 0.01015625
2 0.65703125 0.37421875 0.0078125 0.0125
2 0.61171875 0.375 0.009375 0.0109375
2 0.62578125 0.38828125 0.0046875 0.015625
13 0.04296875 0.390625 0.0078125 0.03125
2 0.6578125 0.390625 0.0078125 0.01015625
13 0.0734375 0.390625 0.04140625 0.034375
2 0.6421875 0.39296875 0.00859375 0.00859375
14 0.2640625 0.3984375 0.01796875 0.07421875
2 0.18671875 0.40390625 0.025 0.0203125
2 0.3625 0.4046875 0.01796875 0.01328125
16 0.28828125 0.40703125 0.0171875 0.015625
16 0.4578125 0.4078125 0.00703125 0.03125
2 0.63046875 0.409375 0.00859375 0.009375
2 0.6765625 0.41015625 0.01015625 0.0109375
16 0.55078125 0.4171875 0.0171875 0.01484375
2 0.06328125 0.42109375 0.009375 0.0109375
16 0.0453125 0.42109375 0.0265625 0.01953125
2 0.3625 0.42265625 0.0171875 0.0140625
2 0.615625 0.4234375 0.009375 0.009375
2 0.2140625 0.4359375 0.02578125 0.01953125
2 0.36171875 0.43984375 0.0171875 0.0140625
16 0.45859375 0.440625 0.0078125 0.02890625
2 0.5515625 0.44609375 0.0171875 0.0140625
16 0.6734375 0.45 0.01796875 0.01640625
14 0.0765625 0.45625 0.025 0.046875
14 0.17734375 0.45625 0.025 0.046875
2 0.3625 0.4578125 0.0171875 0.0140625
16 0.55078125 0.4640625 0.0171875 0.01328125
2 0.47890625 0.465625 0.01796875 0.01328125
16 0.86953125 0.471875 0.01796875 0.0140625
13 0.45859375 0.47421875 0.0078125 0.03125
2 0.3625 0.475 0.0171875 0.0140625
2 0.43984375 0.4765625 0.0171875 0.01484375
2 0.55078125 0.48203125 0.0171875 0.0140625
2 0.6765625 0.484375 0.01015625 0.009375
5 0.7984375 0.04921875 0.05390625 0.05859375
2 0.10390625 0.49140625 0.01796875 0.015625
2 0.3625 0.4921875 0.0171875 0.0140625
2 0.4890625 0.49375 0.009375 0.0109375
2 0.89765625 0.49765625 0.01015625 0.01015625
16 0.55078125 0.4984375 0.0171875 0.0125
2 0.63828125 0.49921875 0.00625 0.0171875
2 0.62265625 0.5 0.00625 0.01640625
2 0.86875 0.05078125 0.0546875 0.0484375
13 0.4359375 0.5015625 0.00859375 0.03125
2 0.66328125 0.50234375 0.00625 0.01640625
13 0.459375 0.50703125 0.00859375 0.03125
2 0.603125 0.50859375 0.00546875 0.01640625
2 0.3625 0.509375 0.0171875 0.0140625
2 0.29609375 0.5125 0.00546875 0.01796875
2 0.5515625 0.515625 0.0171875 0.0140625
2 0.23203125 0.51640625 0.00546875 0.0171875
2 0.25703125 0.51640625 0.00546875 0.015625
16 0.68515625 0.51640625 0.00859375 0.03125
2 0.22265625 0.51640625 0.00546875 0.01640625
2 0.25078125 0.5171875 0.00546875 0.015625
2 0.90078125 0.51796875 0.01796875 0.0140625
2 0.3171875 0.51953125 0.015625 0.06796875
2 0.696875 0.5203125 0.01015625 0.009375
2 0.71171875 0.5203125 0.01015625 0.01171875
16 0.13125 0.5234375 0.01796875 0.01328125
16 0.203125 0.5234375 0.00859375 0.03125
16 0.03125 0.5234375 0.009375 0.034375
2 0.5515625 0.53359375 0.0171875 0.0140625
2 0.52578125 0.53359375 0.0171875 0.0140625
2 0.48515625 0.534375 0.01796875 0.01640625
2 0.50390625 0.534375 0.0171875 0.015625
2 0.45546875 0.53515625 0.0171875 0.01640625
2 0.428125 0.53515625 0.0171875 0.0140625
16 0.26875 0.53515625 0.01796875 0.015625
2 0.5515625 0.55078125 0.0171875 0.0140625
16 0.846875 0.55390625 0.0078125 0.03203125
2 0.7203125 0.55703125 0.009375 0.01171875
2 0.7046875 0.5578125 0.0109375 0.01171875
2 0.19765625 0.55859375 0.00859375 0.00859375
2 0.6125 0.55859375 0.009375 0.01015625
2 0.36328125 0.56171875 0.0171875 0.0140625
2 0.4578125 0.5625 0.00859375 0.03203125
2 0.43671875 0.56640625 0.00859375 0.0296875
2 0.6265625 0.57265625 0.0046875 0.01796875
2 0.6765625 0.575 0.009375 0.01015625
2 0.64296875 0.5765625 0.01015625 0.0109375
5 0.96640625 0.578125 0.03359375 0.09453125
2 0.27265625 0.578125 0.009375 0.0125
16 0.1953125 0.5796875 0.0171875 0.0140625
2 0.36328125 0.5796875 0.0171875 0.0140625
2 0.48984375 0.5796875 0.0078125 0.03203125
2 0.665625 0.58359375 0.01015625 0.009375
2 0.45859375 0.59375 0.00859375 0.03125
2 0.55234375 0.59453125 0.0171875 0.0140625
2 0.63203125 0.59453125 0.009375 0.01171875
13 0.47578125 0.59453125 0.009375 0.03203125
2 0.3625 0.596875 0.0171875 0.0140625
2 0.19765625 0.59765625 0.00859375 0.01015625
2 0.4359375 0.59921875 0.0078125 0.03125
2 0.48984375 0.60390625 0.0078125 0.01015625
2 0.26875 0.6046875 0.01640625 0.015625
2 0.61640625 0.60703125 0.009375 0.0125
2 0.5515625 0.61171875 0.0171875 0.01484375
2 0.19765625 0.6125 0.0171875 0.015625
2 0.36328125 0.6140625 0.0171875 0.0140625
2 0.49765625 0.625 0.0078125 0.03203125
2 0.5515625 0.6296875 0.0171875 0.01484375
2 0.3640625 0.63125 0.0171875 0.0140625
2 0.26015625 0.6390625 0.009375 0.0125
2 0.36328125 0.6484375 0.0171875 0.0140625
2 0.2234375 0.65078125 0.00546875 0.015625
2 0.2375 0.65078125 0.0046875 0.015625
16 0.73671875 0.66015625 0.00859375 0.03203125
4 0.0984375 0.6640625 0.1546875 0.2515625
2 0.36328125 0.66640625 0.0171875 0.0140625
2 0.67734375 0.66953125 0.009375 0.0109375