1 0.640625 0.70859375 0.00625 0.01796875
1 0.6640625 0.7125 0.00703125 0.01875
1 0.6953125 0.72109375 0.00859375 0.0125
1 0.26171875 0.65703125 0.009375 0.0125
1 0.8578125 0.75078125 0.01875 0.0171875
1 0.6015625 0.7125 0.00625 0.01953125
1 0.71953125 0.7421875 0.01015625 0.0125
1 0.61796875 0.7265625 0.009375 0.01328125
1 0.70390625 0.740625 0.00859375 0.0109375
1 0.8453125 0.76328125 0.00625 0.01875
1 0.47578125 0.7078125 0.01015625 0.03203125
1 0.5046875 0.7125 0.01015625 0.03203125
1 0.45546875 0.70390625 0.01015625 0.03203125
1 0.48515625 0.70859375 0.01015625 0.03203125
1 0.49609375 0.71015625 0.01015625 0.03203125
1 0.21796875 0.66796875 0.00703125 0.0171875
1 0.3859375 0.69453125 0.01015625 0.03203125
1 0.39609375 0.69609375 0.01015625 0.03203125
1 0.40546875 0.69765625 0.01015625 0.03203125
1 0.4359375 0.70234375 0.01015625 0.03203125
1 0.4453125 0.70390625 0.01015625 0.03203125
1 0.465625 0.70703125 0.01015625 0.03203125
1 0.228125 0.67109375 0.00625 0.01875
1 0.41640625 0.7 0.01015625 0.03203125
1 0.42578125 0.7015625 0.01015625 0.03203125
1 0.23515625 0.6765625 0.00625 0.0171875
17 0.1765625 0.67578125 0.0171875 0.01796875
9 0.2921875 0.7078125 0.028125 0.053125
17 0.17578125 0.69375 0.0171875 0.01796875
17 0.84609375 0.81875 0.009375 0.03046875
13 0.965625 0.86015625 0.03359375 0.10546875
13 0.9328125 0.85546875 0.0328125 0.103125
13 0.90078125 0.8515625 0.03359375 0.1046875
13 0.18671875 0.778125 0.03203125 0.0703125
5 0.13125 0.76953125 0.0328125 0.06640625
1 0.04296875 0.76015625 0.0140625 0.04921875
5 0.07265625 0.7703125 0.03359375 0.0625
17 0.2515625 0.8265625 0.01796875 0.015625
13 0.1828125 0.82109375 0.01953125 0.0171875
13 0.1296875 0.81328125 0.02109375 0.01953125
4 0.7359375 0.91484375 0.025 0.12578125
13 0.075 0.81328125 0.0203125 0.0171875
4 0.496875 0.88515625 0.45390625 0.19296875
17 0.25078125 0.846875 0.01953125 0.01796875
1 0.84453125 0.94453125 0.009375 0.01171875
1 0.8484375 0.96171875 0.0203125 0.01796875
17 0.165625 0.85625 0.01015625 0.03203125
17 0.22109375 0.86640625 0.01171875 0.0328125
17 0.11015625 0.84921875 0.009375 0.034375
9 0.25078125 0.8734375 0.015625 0.0296875
14 0.2046875 0.8703125 0.0234375 0.12421875
14 0.15 0.86484375 0.0234375 0.12421875
14 0.09453125 0.85703125 0.0234375 0.12421875
17 0.2484375 0.90078125 0.01875 0.02109375
1 0.87890625 0.9875 0.059375 0.0234375
11 0.17578125 0.9109375 0.0359375 0.02109375
17 0.934375 0.15234375 0.01015625 0.0328125
17 0.2578125 0.06640625 0.0203125 0.0171875
17 0.19453125 0.05703125 0.00859375 0.03515625
20 0.221875 0.0609375 0.0328125 0.06640625
4 0.53046875 0.11171875 0.45625 0.1890625
16 0.2875 0.07421875 0.0296875 0.06875
20 0.25546875 0.11015625 0.03203125 0.065625
1 0.83125 0.20859375 0.00859375 0.01171875
14 0.19375 0.121875 0.0265625 0.0453125
17 0.0640625 0.1015625 0.0171875 0.01796875
14 0.090625 0.10859375 0.028125 0.05703125
17 0.2765625 0.140625 0.01796875 0.015625
1 0.22890625 0.14375 0.028125 0.0234375
5 0.15078125 0.13359375 0.0375 0.0609375
1 0.315625 0.15859375 0.01875 0.015625
1 0.92890625 0.2671875 0.01796875 0.0171875
1 0.925 0.28125 0.00859375 0.01015625
1 0.19765625 0.1734375 0.0265625 0.021875
14 0.278125 0.18984375 0.01953125 0.0765625
1 0.1484375 0.1765625 0.00859375 0.00859375
17 0.32734375 0.2125 0.01796875 0.01796875
17 0.2984375 0.215625 0.0203125 0.0171875
13 0.06171875 0.18125 0.01015625 0.03203125
17 0.334375 0.23125 0.01640625 0.01796875
13 0.11015625 0.19609375 0.03671875 0.05859375
13 0.0390625 0.209375 0.009375 0.0328125
1 0.31875 0.25546875 0.00859375 0.0109375
20 0.29375 0.26171875 0.03359375 0.05859375
14 0.234375 0.26875 0.05625 0.2484375
5 0.1671875 0.259375 0.034375 0.0671875
14 0.13359375 0.25703125 0.02421875 0.1546875
13 0.06796875 0.25078125 0.04609375 0.08203125
13 0.0375 0.246875 0.00859375 0.03203125
1 0.5078125 0.321875 0.00625 0.01796875
1 0.76796875 0.36953125 0.00625 0.015625
14 0.9765625 0.40625 0.0453125 0.265625
1 0.6671875 0.35625 0.00625 0.0171875
17 0.32734375 0.00234375 0.01875 0.0046875
1 0.540625 0.3421875 0.0203125 0.07265625
17 0.7359375 0.371875 0.00859375 0.0328125
17 0.74609375 0.375 0.00859375 0.03203125
17 0.75625 0.37578125 0.01015625 0.0328125
17 0.7265625 0.37109375 0.009375 0.03359375
17 0.71640625 0.37109375 0.009375 0.03203125
17 0.696875 0.36796875 0.00859375 0.03125
17 0.70703125 0.36875 0.00859375 0.03125
17 0.3328125 0.31640625 0.0171875 0.01875
13 0.11171875 0.28203125 0.0203125 0.07265625
13 0.0953125 0.28515625 0.01015625 0.03203125
13 0.51640625 0.359375 0.009375 0.03359375
1 0.49609375 0.35703125 0.00859375 0.03203125
13 0.4765625 0.353125 0.009375 0.03359375
1 0.446875 0.34921875 0.00859375 0.03203125
1 0.46640625 0.35234375 0.00859375 0.03203125
1 0.4859375 0.35546875 0.00859375 0.03203125
1 0.50625 0.35859375 0.00859375 0.03203125
1 0.52578125 0.36171875 0.00859375 0.03203125
13 0.40703125 0.34375 0.00859375 0.03203125
13 0.45625 0.3515625 0.00859375 0.03203125
1 0.39765625 0.34296875 0.00859375 0.03203125
1 0.4171875 0.3453125 0.00859375 0.03203125
1 0.42734375 0.346875 0.00859375 0.03203125
1 0.43671875 0.3484375 0.00859375 0.03203125
1 0.35703125 0.3375 0.00859375 0.03203125
1 0.3671875 0.33828125 0.00859375 0.03203125
1 0.37734375 0.33984375 0.00859375 0.03203125
1 0.38671875 0.34296875 0.00859375 0.03203125
20 0.3015625 0.3296875 0.03828125 0.059375
17 0.33203125 0.3390625 0.0203125 0.0140625
17 0.925 0.4328125 0.01015625 0.03203125
1 0.73515625 0.4046875 0.009375 0.0125
1 0.71953125 0.40234375 0.00859375 0.0109375
1 0.671875 0.3953125 0.00859375 0.01328125
1 0.62578125 0.38984375 0.009375 0.0125
1 0.63984375 0.4046875 0.0046875 0.015625
13 0.046875 0.315625 0.009375 0.03203125
1 0.671875 0.41328125 0.0078125 0.0109375
13 0.07734375 0.3203125 0.04375 0.040625
1 0.65625 0.41328125 0.00859375 0.01015625
14 0.27109375 0.35859375 0.02109375 0.078125
1 0.1921875 0.3515625 0.0265625 0.02421875
1 0.37109375 0.38046875 0.01875 0.015625
17 0.29453125 0.37109375 0.01796875 0.01796875
17 0.46796875 0.39765625 0.00859375 0.03203125
1 0.64296875 0.42734375 0.00859375 0.01015625
1 0.68984375 0.4359375 0.01015625 0.0125
17 0.56171875 0.42265625 0.01796875 0.01796875
1 0.065625 0.35 0.009375 0.0125
17 0.046875 0.346875 0.02734375 0.02421875
1 0.3703125 0.39921875 0.01796875 0.0171875
1 0.62734375 0.4390625 0.009375 0.0109375
1 0.21796875 0.3890625 0.02734375 0.02421875
1 0.36875 0.41484375 0.01796875 0.0171875
17 0.46640625 0.43125 0.009375 0.03046875
1 0.56015625 0.4515625 0.01796875 0.0171875
17 0.684375 0.4765625 0.01875 0.01875
14 0.07734375 0.38671875 0.02734375 0.05078125
14 0.18046875 0.403125 0.02734375 0.05078125
1 0.36875 0.434375 0.01796875 0.0171875
17 0.56015625 0.4703125 0.01796875 0.015625
1 0.4859375 0.4609375 0.01875 0.015625
17 0.88359375 0.5296875 0.01875 0.0171875
13 0.46484375 0.46640625 0.00859375 0.03203125
1 0.3671875 0.4515625 0.01796875 0.0171875
1 0.44609375 0.46640625 0.01796875 0.01796875
1 0.55859375 0.4890625 0.01796875 0.0171875
1 0.6859375 0.51171875 0.01015625 0.0109375
5 0.83203125 0.08671875 0.05703125 0.0671875
1 0.10390625 0.428125 0.01875 0.01796875
1 0.36640625 0.46953125 0.01796875 0.0171875
1 0.4953125 0.48984375 0.009375 0.0125
1 0.91015625 0.5609375 0.0109375 0.01171875
17 0.5578125 0.50546875 0.01796875 0.01484375
1 0.64609375 0.5203125 0.00703125 0.01796875
1 0.63046875 0.51875 0.0078125 0.0171875
1 0.903125 0.1 0.05703125 0.05703125
13 0.440625 0.49140625 0.01015625 0.03203125
1 0.67109375 0.528125 0.0078125 0.0171875
13 0.4640625 0.5 0.01015625 0.03203125
1 0.61015625 0.52421875 0.00625 0.0171875
1 0.365625 0.4875 0.01796875 0.0171875
1 0.29765625 0.47890625 0.00625 0.01875
1 0.55703125 0.5234375 0.01796875 0.0171875
1 0.23203125 0.4734375 0.00625 0.01796875
1 0.2578125 0.478125 0.00546875 0.015625
17 0.69375 0.5453125 0.01015625 0.03203125
1 0.22265625 0.471875 0.00625 0.0171875
1 0.2515625 0.4765625 0.00625 0.015625
1 0.9125 0.58046875 0.01875 0.0171875
1 0.31875 0.48984375 0.01953125 0.07109375
1 0.7046875 0.55078125 0.01015625 0.0109375
1 0.7203125 0.55390625 0.01015625 0.01328125
17 0.1296875 0.46484375 0.01875 0.015625
17 0.203125 0.47578125 0.01015625 0.03203125
17 0.028125 0.44921875 0.01015625 0.03515625
1 0.55625 0.54140625 0.01796875 0.0171875
1 0.53125 0.5375 0.01796875 0.0171875
1 0.4890625 0.53125 0.01875 0.01875
1 0.5078125 0.53515625 0.01796875 0.01796875
1 0.45859375 0.528125 0.01796875 0.01875
1 0.43125 0.5234375 0.01796875 0.0171875
17 0.26875 0.4984375 0.01875 0.01796875
1 0.55546875 0.559375 0.01796875 0.0171875
17 0.85546875 0.60859375 0.009375 0.0328125
1 0.72734375 0.5921875 0.009375 0.01328125
1 0.7109375 0.58984375 0.0109375 0.01328125
1 0.1953125 0.5109375 0.00859375 0.01015625
1 0.61796875 0.57734375 0.01015625 0.01171875
1 0.36328125 0.540625 0.01796875 0.0171875
1 0.459375 0.55625 0.01015625 0.0328125
1 0.43828125 0.55703125 0.01015625 0.03125
1 0.63125 0.59296875 0.00625 0.01953125
1 0.68203125 0.603125 0.009375 0.01171875
1 0.64765625 0.59921875 0.01015625 0.0125
5 0.97578125 0.653125 0.03828125 0.1015625
1 0.2703125 0.54296875 0.009375 0.0140625
17 0.1921875 0.53125 0.01796875 0.0171875
1 0.36328125 0.5578125 0.01796875 0.0171875
1 0.49140625 0.5796875 0.009375 0.0328125
1 0.6703125 0.61015625 0.01015625 0.0109375
1 0.45859375 0.58828125 0.01015625 0.03203125
1 0.5546875 0.603125 0.01796875 0.0171875
1 0.63515625 0.615625 0.01015625 0.01328125
13 0.4765625 0.5921875 0.01015625 0.0328125
1 0.36171875 0.57578125 0.01796875 0.0171875
1 0.19375 0.55078125 0.00859375 0.0109375
1 0.43515625 0.58984375 0.009375 0.03203125
1 0.48984375 0.603125 0.0078125 0.0109375
1 0.265625 0.56953125 0.0171875 0.01796875
1 0.61875 0.62578125 0.01015625 0.0140625
1 0.553125 0.62109375 0.01796875 0.01796875
1 0.19296875 0.565625 0.01796875 0.01796875
1 0.3609375 0.59375 0.01796875 0.0171875
1 0.496875 0.62578125 0.00859375 0.0328125
1 0.5515625 0.6390625 0.01796875 0.01796875
1 0.3609375 0.61171875 0.01796875 0.0171875
1 0.25546875 0.603125 0.01015625 0.0140625
1 0.359375 0.62890625 0.01796875 0.0171875
1 0.2171875 0.60859375 0.00625 0.015625
1 0.23125 0.6109375 0.00546875 0.015625
17 0.7390625 0.69921875 0.01015625 0.0328125
4 0.0890625 0.603125 0.1703125 0.28046875
1 0.35859375 0.646875 0.01796875 0.0171875
1 0.678125 0.7 0.009375 0.0125