1 0.61328125 0.7171875 0.0078125 0.0203125
1 0.63828125 0.72890625 0.00859375 0.02109375
1 0.67109375 0.74765625 0.0109375 0.01640625
1 0.21328125 0.5484375 0.0109375 0.015625
1 0.8421875 0.82890625 0.02109375 0.0234375
1 0.57265625 0.709375 0.00859375 0.021875
1 0.6953125 0.7765625 0.0109375 0.015625
1 0.58828125 0.73046875 0.0109375 0.01640625
1 0.67890625 0.7703125 0.01015625 0.0140625
1 0.82734375 0.83828125 0.0078125 0.02109375
1 0.4375 0.66640625 0.01328125 0.03671875
1 0.46875 0.68046875 0.01328125 0.03671875
1 0.41640625 0.6578125 0.01328125 0.03671875
1 0.44765625 0.67109375 0.01328125 0.03671875
1 0.45859375 0.67578125 0.01328125 0.03671875
1 0.165625 0.546875 0.00859375 0.01953125
1 0.34296875 0.62578125 0.01328125 0.03671875
1 0.35390625 0.63046875 0.01328125 0.03671875
1 0.36328125 0.634375 0.01328125 0.03671875
1 0.3953125 0.64921875 0.01328125 0.03671875
1 0.40625 0.65390625 0.01328125 0.03671875
1 0.4265625 0.6625 0.01328125 0.03671875
1 0.1765625 0.553125 0.0078125 0.02109375
1 0.37421875 0.640625 0.01328125 0.03671875
1 0.38515625 0.6453125 0.01328125 0.03671875
1 0.184375 0.5609375 0.0078125 0.01953125
17 0.1203125 0.54296875 0.0203125 0.02421875
9 0.24140625 0.6109375 0.034375 0.0640625
17 0.11875 0.5609375 0.0203125 0.02421875
17 0.8234375 0.896875 0.01328125 0.034375
13 0.93984375 0.9578125 0.03203125 0.08203125
13 0.91171875 0.9515625 0.04453125 0.0953125
13 0.878125 0.94453125 0.0453125 0.109375
13 0.12109375 0.6546875 0.03984375 0.0828125
5 0.0640625 0.6296875 0.040625 0.07890625
5 0.0109375 0.6109375 0.021875 0.07578125
17 0.18671875 0.7265625 0.0203125 0.021875
13 0.11328125 0.69921875 0.021875 0.02421875
13 0.0578125 0.67578125 0.0234375 0.02578125
4 0.696875 0.9484375 0.03828125 0.1015625
13 0.00546875 0.65859375 0.0109375 0.025
4 0.44375 0.8453125 0.490625 0.30703125
17 0.184375 0.7484375 0.021875 0.025
17 0.0921875 0.73203125 0.01328125 0.03671875
17 0.15078125 0.759375 0.01484375 0.0375
17 0.03359375 0.7078125 0.01328125 0.0390625
9 0.18125 0.77578125 0.01875 0.0359375
14 0.13203125 0.759375 0.0359375 0.1359375
14 0.075 0.7359375 0.0359375 0.1359375
14 0.0171875 0.71171875 0.034375 0.13671875
17 0.17578125 0.8046875 0.02109375 0.028125
11 0.09765625 0.79375 0.0390625 0.03359375
17 0.9796875 0.2140625 0.01328125 0.03359375
4 0.55078125 0.1078125 0.48984375 0.215625
1 0.865625 0.240625 0.01015625 0.015625
17 0.278125 0.00546875 0.021875 0.0109375
1 0.31875 0.03203125 0.02109375 0.021875
1 0.9640625 0.33203125 0.0203125 0.0234375
1 0.9578125 0.34609375 0.01015625 0.01328125
1 0.190625 0.0140625 0.03125 0.028125
14 0.2765625 0.0546875 0.02734375 0.0859375
1 0.13828125 0.00390625 0.0109375 0.0078125
17 0.3265625 0.0921875 0.0203125 0.02421875
17 0.29453125 0.08671875 0.02265625 0.02421875
17 0.33203125 0.1140625 0.01875 0.0234375
13 0.0953125 0.02265625 0.04375 0.0453125
1 0.3125 0.1359375 0.01015625 0.0140625
20 0.28515625 0.1359375 0.040625 0.07109375
14 0.221875 0.13203125 0.0828125 0.26328125
5 0.15078125 0.09453125 0.0421875 0.08046875
14 0.1140625 0.0828125 0.040625 0.165625
13 0.0578125 0.06015625 0.03203125 0.0890625
1 0.50859375 0.26328125 0.0078125 0.0203125
1 0.78203125 0.39296875 0.0078125 0.01796875
14 0.98203125 0.49296875 0.034375 0.28671875
1 0.67578125 0.34921875 0.0078125 0.01953125
1 0.5421875 0.29453125 0.02734375 0.08203125
17 0.74765625 0.3859375 0.0125 0.0375
17 0.7578125 0.3921875 0.0125 0.03671875
17 0.76953125 0.396875 0.0140625 0.0375
17 0.7375 0.3828125 0.01328125 0.03828125
17 0.72734375 0.37890625 0.01328125 0.03671875
17 0.70625 0.36953125 0.0125 0.0359375
17 0.71640625 0.37421875 0.0125 0.0359375
17 0.321875 0.2046875 0.0203125 0.025
13 0.0890625 0.10234375 0.028125 0.08203125
13 0.07109375 0.1 0.01328125 0.03671875
13 0.51484375 0.30703125 0.01328125 0.03828125
1 0.49296875 0.2984375 0.0125 0.03671875
13 0.471875 0.28828125 0.01328125 0.03828125
1 0.440625 0.275 0.0125 0.03671875
1 0.46171875 0.28359375 0.0125 0.03671875
1 0.4828125 0.29296875 0.0125 0.03671875
1 0.503125 0.303125 0.0125 0.03671875
1 0.52421875 0.31171875 0.0125 0.03671875
13 0.39921875 0.25703125 0.01171875 0.0359375
13 0.45078125 0.28046875 0.01171875 0.0359375
1 0.38828125 0.253125 0.0125 0.03671875
1 0.409375 0.26171875 0.0125 0.03671875
1 0.41953125 0.26640625 0.0125 0.03671875
1 0.43046875 0.27109375 0.0125 0.03671875
1 0.34609375 0.234375 0.0125 0.03671875
1 0.35703125 0.2390625 0.0125 0.03671875
1 0.36796875 0.24453125 0.0125 0.03671875
1 0.37734375 0.24921875 0.0125 0.03671875
20 0.2875 0.2109375 0.04609375 0.07421875
17 0.31875 0.2296875 0.02265625 0.02109375
17 0.94375 0.5078125 0.01328125 0.03671875
1 0.74375 0.42109375 0.0109375 0.015625
1 0.7265625 0.4140625 0.01015625 0.0140625
1 0.67734375 0.39296875 0.01015625 0.01640625
1 0.628125 0.371875 0.0109375 0.015625
1 0.64140625 0.39296875 0.00703125 0.01796875
1 0.67578125 0.4109375 0.009375 0.01328125
13 0.0546875 0.134375 0.03984375 0.053125
1 0.65859375 0.40546875 0.01015625 0.01328125
14 0.25234375 0.23125 0.0296875 0.0875
1 0.16875 0.20078125 0.0296875 0.03359375
1 0.35703125 0.28515625 0.02109375 0.021875
17 0.27578125 0.25234375 0.0203125 0.02421875
17 0.459375 0.3328125 0.01171875 0.0359375
1 0.64296875 0.41796875 0.01015625 0.01328125
1 0.6921875 0.44140625 0.01171875 0.015625
17 0.55703125 0.38828125 0.0203125 0.02421875
1 0.03515625 0.16171875 0.0078125 0.015625
1 0.3546875 0.3046875 0.0203125 0.0234375
1 0.625 0.425 0.0109375 0.01328125
1 0.1921875 0.2484375 0.03046875 0.0328125
1 0.35078125 0.321875 0.0203125 0.0234375
17 0.45390625 0.36953125 0.01328125 0.034375
1 0.553125 0.41796875 0.0203125 0.0234375
17 0.6828125 0.4828125 0.021875 0.025
14 0.04296875 0.20390625 0.03359375 0.06171875
14 0.15078125 0.2515625 0.03359375 0.06171875
1 0.34921875 0.34296875 0.0203125 0.0234375
17 0.55 0.43828125 0.0203125 0.021875
1 0.471875 0.40546875 0.02109375 0.021875
17 0.890625 0.59921875 0.02109375 0.0234375
13 0.44921875 0.4046875 0.0125 0.03671875
1 0.34609375 0.3609375 0.0203125 0.0234375
1 0.4296875 0.39921875 0.0203125 0.02421875
1 0.54765625 0.4578125 0.0203125 0.0234375
1 0.68125 0.5203125 0.01171875 0.0140625
1 0.0671875 0.25546875 0.02109375 0.02421875
1 0.34375 0.37890625 0.0203125 0.0234375
1 0.47890625 0.440625 0.0109375 0.015625
1 0.91640625 0.640625 0.0125 0.015625
17 0.54453125 0.475 0.0203125 0.02109375
1 0.6375 0.51796875 0.00859375 0.0203125
1 0.621875 0.5109375 0.009375 0.0203125
13 0.4203125 0.42421875 0.01328125 0.03671875
1 0.6640625 0.5328125 0.009375 0.0203125
13 0.4453125 0.44140625 0.01328125 0.03671875
1 0.5984375 0.51171875 0.0078125 0.01953125
1 0.34140625 0.3984375 0.0203125 0.0234375
1 0.26953125 0.36796875 0.00859375 0.02109375
1 0.5421875 0.49453125 0.0203125 0.0234375
1 0.2 0.34296875 0.0078125 0.0203125
1 0.2265625 0.3546875 0.0078125 0.01796875
17 0.6859375 0.55859375 0.01328125 0.03671875
1 0.18984375 0.33828125 0.0078125 0.01953125
1 0.2203125 0.35234375 0.0078125 0.01796875
1 0.91640625 0.6625 0.021875 0.0234375
1 0.290625 0.3859375 0.02734375 0.0796875
1 0.69765625 0.56796875 0.01171875 0.0140625
1 0.7140625 0.57578125 0.0125 0.01640625
17 0.090625 0.303125 0.021875 0.0234375
17 0.16875 0.33671875 0.01328125 0.03671875
1 0.5390625 0.5125 0.0203125 0.0234375
1 0.51328125 0.5015625 0.0203125 0.0234375
1 0.46875 0.4828125 0.02109375 0.025
1 0.4890625 0.4921875 0.0203125 0.02421875
1 0.43671875 0.46953125 0.0203125 0.025
1 0.4078125 0.45703125 0.0203125 0.0234375
17 0.2359375 0.38046875 0.02109375 0.02421875
1 0.5375 0.53203125 0.0203125 0.0234375
17 0.853125 0.67578125 0.01328125 0.0375
1 0.7171875 0.61875 0.0109375 0.01640625
1 0.7 0.61171875 0.01328125 0.0171875
1 0.15703125 0.37109375 0.01015625 0.01328125
1 0.6015625 0.56953125 0.0109375 0.0140625
1 0.33359375 0.45390625 0.0203125 0.0234375
1 0.43515625 0.50078125 0.01328125 0.0375
1 0.41171875 0.49453125 0.01328125 0.0359375
1 0.61484375 0.590625 0.0078125 0.021875
1 0.66796875 0.61796875 0.0109375 0.0140625
1 0.63125 0.603125 0.01171875 0.015625
5 0.96875 0.75546875 0.0328125 0.109375
1 0.23359375 0.42890625 0.0109375 0.0171875
17 0.15078125 0.3921875 0.0203125 0.0234375
1 0.33125 0.4734375 0.0203125 0.0234375
1 0.46640625 0.534375 0.01328125 0.0375
1 0.6546875 0.621875 0.01171875 0.0140625
1 0.43046875 0.53359375 0.01328125 0.03671875
1 0.53125 0.57890625 0.0203125 0.0234375
1 0.61640625 0.6171875 0.01171875 0.01640625
13 0.45 0.54296875 0.0140625 0.0375
1 0.328125 0.49140625 0.0203125 0.0234375
1 0.15078125 0.41328125 0.01015625 0.0140625
1 0.40625 0.52890625 0.01328125 0.03671875
1 0.46328125 0.55859375 0.009375 0.01328125
1 0.2265625 0.45546875 0.0203125 0.02421875
1 0.5984375 0.6234375 0.01171875 0.0171875
1 0.528125 0.596875 0.0203125 0.02421875
1 0.14921875 0.4296875 0.0203125 0.02421875
1 0.32578125 0.509375 0.0203125 0.0234375
1 0.46875 0.58515625 0.0125 0.0375
1 0.525 0.6171875 0.0203125 0.02421875
1 0.32421875 0.52890625 0.0203125 0.0234375
1 0.21171875 0.48828125 0.01171875 0.0171875
1 0.32109375 0.546875 0.0203125 0.0234375
1 0.17109375 0.48203125 0.0078125 0.01796875
1 0.1859375 0.4890625 0.0078125 0.01796875
17 0.71953125 0.73671875 0.01328125 0.0375
4 0.06796875 0.446875 0.1359375 0.325
1 0.31875 0.56640625 0.0203125 0.0234375
1 0.6546875 0.71953125 0.0109375 0.015625