17 0.38359375 0.39921875 0.00546875 0.01171875
17 0.371875 0.40234375 0.0046875 0.01171875
17 0.39453125 0.39609375 0.00546875 0.0109375
17 0.4 0.39453125 0.0046875 0.01171875
17 0.3375 0.41328125 0.0046875 0.01328125
17 0.35546875 0.4078125 0.0046875 0.01328125
17 0.36015625 0.40703125 0.0046875 0.01328125
17 0.37734375 0.40234375 0.0046875 0.0125
17 0.3890625 0.3984375 0.0046875 0.0109375
17 0.34375 0.41171875 0.00546875 0.0125
17 0.34921875 0.409375 0.00546875 0.01328125
17 0.36640625 0.4046875 0.0046875 0.0125
17 0.40625 0.39296875 0.00546875 0.0125
17 0.41171875 0.39140625 0.0046875 0.01171875
17 0.4234375 0.38828125 0.0046875 0.0125
17 0.42890625 0.38671875 0.0046875 0.0125
17 0.434375 0.38515625 0.0046875 0.01171875
17 0.01796875 0.50625 0.00546875 0.0125
17 0.00625 0.5109375 0.00546875 0.0125
17 0.0015625 0.51171875 0.003125 0.0125
17 0.01171875 0.50859375 0.00546875 0.01171875
17 0.02265625 0.50546875 0.00546875 0.0125
17 0.03984375 0.50078125 0.00546875 0.01328125
17 0.02890625 0.50390625 0.0046875 0.0125
17 0.03515625 0.5015625 0.00546875 0.0125
17 0.04609375 0.49921875 0.00625 0.0140625
17 0.41796875 0.390625 0.0046875 0.0125
17 0.0515625 0.496875 0.0046875 0.01328125
17 0.06328125 0.49375 0.0046875 0.01328125
17 0.0578125 0.49609375 0.00546875 0.0125
17 0.0734375 0.496875 0.009375 0.00625
17 0.32890625 0.42421875 0.009375 0.00625
17 0.075 0.50390625 0.009375 0.00625
17 0.33046875 0.43125 0.009375 0.00703125
4 0.88984375 0.26953125 0.01953125 0.02578125
17 0.440625 0.4 0.00859375 0.00703125
4 0.7953125 0.29921875 0.01640625 0.021875
17 0.07578125 0.51171875 0.00859375 0.00625
17 0.33203125 0.43984375 0.009375 0.00703125
17 0.4421875 0.40703125 0.00859375 0.00625
17 0.07734375 0.51953125 0.009375 0.00546875
17 0.33203125 0.44765625 0.009375 0.00703125
17 0.44375 0.41640625 0.00859375 0.00703125
17 0.078125 0.52734375 0.00859375 0.00625
17 0.33359375 0.45546875 0.009375 0.00625
17 0.44453125 0.4234375 0.00859375 0.00625
17 0.0796875 0.53515625 0.009375 0.00625
17 0.334375 0.4625 0.009375 0.00703125
17 0.46953125 0.4234375 0.0078125 0.00703125
13 0.496875 0.415625 0.009375 0.00703125
17 0.44609375 0.43125 0.00859375 0.00625
17 0.08046875 0.54375 0.00859375 0.00625
17 0.33671875 0.47109375 0.00859375 0.00703125
17 0.446875 0.4390625 0.0078125 0.00625
9 0.20546875 0.5125 0.2015625 0.27578125
11 0.4796875 0.43359375 0.02734375 0.02734375
4 0.49765625 0.4296875 0.0140625 0.01953125
17 0.08125 0.55078125 0.00859375 0.00703125
9 0.39375 0.4609375 0.09453125 0.1203125
17 0.3375 0.47890625 0.009375 0.00703125
17 0.44765625 0.446875 0.0078125 0.00703125
9 0.03515625 0.56796875 0.0703125 0.1171875
17 0.0828125 0.55859375 0.009375 0.00625
17 0.33828125 0.4859375 0.009375 0.00625
17 0.45 0.4546875 0.0078125 0.00625
17 0.084375 0.56640625 0.009375 0.00625
1 0.48984375 0.45 0.0125 0.01015625
17 0.503125 0.44609375 0.00859375 0.00625
17 0.33984375 0.49453125 0.00859375 0.00625
13 0.4734375 0.45546875 0.00859375 0.00703125
17 0.45078125 0.46171875 0.00859375 0.00703125
11 0.596875 0.42421875 0.02109375 0.03828125
11 0.62265625 0.415625 0.0171875 0.03828125
11 0.6109375 0.41953125 0.0171875 0.03828125
11 0.634375 0.41328125 0.01640625 0.03828125
4 0.65 0.40859375 0.02578125 0.03984375
17 0.0859375 0.575 0.009375 0.00625
17 0.340625 0.5015625 0.00859375 0.00625
17 0.4515625 0.4703125 0.0078125 0.00625
11 0.4953125 0.46171875 0.0296875 0.028125
4 0.55234375 0.44453125 0.015625 0.0234375
4 0.47734375 0.46796875 0.0140625 0.02109375
17 0.08671875 0.58203125 0.00859375 0.00625
17 0.34140625 0.51015625 0.00859375 0.00625
17 0.453125 0.47734375 0.009375 0.00625
17 0.08828125 0.590625 0.00859375 0.00703125
17 0.34296875 0.5171875 0.009375 0.00703125
17 0.4546875 0.4859375 0.009375 0.00625
17 0.08828125 0.5984375 0.00859375 0.00703125
17 0.34375 0.525 0.009375 0.00625
17 0.45625 0.49375 0.00859375 0.00625
17 0.08984375 0.60546875 0.009375 0.00625
17 0.3453125 0.5328125 0.009375 0.00625
17 0.05390625 0.62421875 0.0046875 0.0125
17 0.0703125 0.61953125 0.0046875 0.0125
17 0.0765625 0.6171875 0.0046875 0.01328125
17 0.025 0.63203125 0.0046875 0.0125
17 0.03046875 0.63046875 0.0046875 0.0125
17 0.0359375 0.62890625 0.0046875 0.01328125
17 0.0421875 0.62734375 0.0046875 0.0125
17 0.38515625 0.528125 0.00546875 0.0125
17 0.4359375 0.51328125 0.0046875 0.0125
17 0.04765625 0.6265625 0.00546875 0.01328125
17 0.059375 0.62265625 0.00546875 0.0125
17 0.06484375 0.62109375 0.0046875 0.0125
17 0.08203125 0.61640625 0.0046875 0.01328125
17 0.3625 0.53515625 0.0046875 0.0109375
17 0.390625 0.5265625 0.0046875 0.0125
17 0.41953125 0.51875 0.0046875 0.0125
17 0.0140625 0.6359375 0.0046875 0.01328125
17 0.01953125 0.634375 0.00546875 0.0125
17 0.35703125 0.53671875 0.0046875 0.01171875
17 0.36796875 0.5328125 0.00546875 0.0125
17 0.41328125 0.5203125 0.0046875 0.0125
17 0.43125 0.51484375 0.0046875 0.0125
17 0.37421875 0.53203125 0.0046875 0.01328125
17 0.3796875 0.5296875 0.00546875 0.01328125
17 0.40234375 0.5234375 0.0046875 0.0125
17 0.425 0.51640625 0.00546875 0.01171875
17 0.4421875 0.51171875 0.00546875 0.01328125
17 0.44765625 0.51015625 0.0046875 0.0125
17 0.396875 0.52578125 0.0046875 0.01328125
17 0.40859375 0.52265625 0.00546875 0.01328125
17 0.45390625 0.509375 0.0046875 0.0125
4 0.72734375 0.4453125 0.040625 0.028125
4 0.51171875 0.51875 0.01796875 0.02578125
4 0.07734375 0.64765625 0.01796875 0.02421875
17 0.55078125 0.51328125 0.03203125 0.025
17 0.62578125 0.490625 0.0296875 0.02421875
19 0.66328125 0.4890625 0.0125 0.01796875
9 0.78203125 0.45703125 0.04296875 0.053125
4 0.3640625 0.58984375 0.01796875 0.0234375
20 0.6375 0.5203125 0.01796875 0.0234375
10 0.2140625 0.6484375 0.0109375 0.02265625
12 0.61875 0.53359375 0.01328125 0.0125
17 0.640625 0.534375 0.00859375 0.00625
19 0.671875 0.53046875 0.0140625 0.01796875
7 0.54375 0.5828125 0.05625 0.04453125
7 0.62890625 0.5609375 0.05625 0.04453125
17 0.0765625 0.72578125 0.009375 0.00703125
1 0.67734375 0.553125 0.01640625 0.01484375
1 0.07734375 0.73359375 0.0140625 0.0109375
17 0.58671875 0.5875 0.0140625 0.01015625
1 0.59921875 0.58515625 0.009375 0.00625
9 0.046875 0.7515625 0.04453125 0.05546875
17 0.60078125 0.590625 0.009375 0.00703125
1 0.07890625 0.74296875 0.0140625 0.009375
1 0.66640625 0.57578125 0.01640625 0.01484375
1 0.60546875 0.596875 0.0125 0.009375
9 0.79609375 0.54296875 0.04296875 0.0546875
1 0.08046875 0.753125 0.0140625 0.01015625
13 0.66796875 0.5859375 0.009375 0.009375
17 0.60234375 0.6046875 0.0078125 0.00703125
1 0.66953125 0.5921875 0.0140625 0.01015625
1 0.08203125 0.7625 0.0140625 0.0109375
1 0.6078125 0.61171875 0.0125 0.009375
17 0.6046875 0.6203125 0.00859375 0.00703125
1 0.69140625 0.6 0.01015625 0.0234375
1 0.609375 0.6265625 0.0140625 0.01015625
4 0.74375 0.5890625 0.04765625 0.15625
10 0.55703125 0.64765625 0.078125 0.10234375
9 0.6375 0.63046875 0.04609375 0.07421875
7 0.675 0.63359375 0.0328125 0.07578125
1 0.25 0.7578125 0.0046875 0.0125
7 0.259375 0.75625 0.015625 0.0359375
1 0.2703125 0.753125 0.00703125 0.01953125
1 0.69609375 0.63125 0.0109375 0.0234375
1 0.2140625 0.77109375 0.0078125 0.0203125
7 0.20546875 0.77421875 0.015625 0.0359375
1 0.19609375 0.77734375 0.0046875 0.01171875
4 0.47265625 0.69765625 0.0171875 0.025
4 0.353125 0.73359375 0.0171875 0.02109375
4 0.153125 0.7921875 0.01796875 0.02265625
3 0.28828125 0.75703125 0.0328125 0.05703125
3 0.23359375 0.77421875 0.0328125 0.05703125
17 0.31171875 0.7703125 0.009375 0.00703125
17 0.2546875 0.7890625 0.00859375 0.00625
4 0.80703125 0.63515625 0.01640625 0.02421875
1 0.6171875 0.70234375 0.0140625 0.0109375
17 0.571875 0.7234375 0.0375 0.0375
4 0.14453125 0.8640625 0.05234375 0.07109375
4 0.20546875 0.84609375 0.053125 0.07421875
4 0.61953125 0.72734375 0.03984375 0.04140625
17 0.5765625 0.746875 0.03203125 0.025
4 0.34375 0.8203125 0.14765625 0.07734375
4 0.4578125 0.7875 0.04140625 0.04609375
17 0.09296875 0.89453125 0.00859375 0.00703125
11 0.42109375 0.79921875 0.01796875 0.04140625
11 0.43359375 0.79609375 0.01796875 0.04375
12 0.07890625 0.8984375 0.0125 0.01171875
19 0.7015625 0.71953125 0.0125 0.01640625
1 0.58046875 0.76171875 0.0140625 0.01171875
4 0.65078125 0.7625 0.01640625 0.025
7 0.58203125 0.78359375 0.05625 0.0453125
4 0.1421875 0.92734375 0.0171875 0.02578125
4 0.3890625 0.85625 0.0171875 0.0234375
1 0.62734375 0.790625 0.0140625 0.0109375
1 0.58671875 0.80546875 0.0140625 0.01171875
4 0.7796875 0.771875 0.0359375 0.153125
7 0.62109375 0.83671875 0.04296875 0.0359375
7 0.14375 0.97578125 0.0578125 0.04765625
7 0.38203125 0.90703125 0.04296875 0.0359375
4 0.753125 0.85859375 0.01875 0.02421875
21 0.390625 0.9546875 0.13515625 0.0890625
21 0.63203125 0.90546875 0.13515625 0.1265625
19 0.47265625 0.95078125 0.0125 0.0171875
19 0.709375 0.88203125 0.0125 0.01640625
4 0.5265625 0.9515625 0.0171875 0.021875
1 0.63359375 0.953125 0.0171875 0.015625
20 0.71640625 0.9390625 0.01796875 0.021875
17 0.146875 0.1875 0.00546875 0.01171875
17 0.1921875 0.17421875 0.00546875 0.01328125
17 0.1234375 0.19375 0.00546875 0.01171875
17 0.13515625 0.190625 0.00546875 0.0125
17 0.14140625 0.18828125 0.00546875 0.0125
17 0.15859375 0.18515625 0.00546875 0.0125
17 0.16953125 0.18125 0.00625 0.0140625
17 0.175 0.1796875 0.00546875 0.01328125
17 0.1859375 0.1765625 0.0046875 0.01328125
7 0.6375 0.9671875 0.053125 0.02109375
17 0.1296875 0.19296875 0.00546875 0.01328125
17 0.15234375 0.1859375 0.00546875 0.0125
17 0.16484375 0.18203125 0.0046875 0.01171875
17 0.18125 0.178125 0.00625 0.0140625
17 0.20234375 0.17578125 0.00859375 0.00703125
17 0.11015625 0.20234375 0.009375 0.00625
17 0.203125 0.18203125 0.00859375 0.00703125
17 0.11171875 0.21015625 0.00859375 0.00625
17 0.1125 0.2171875 0.0078125 0.00625
17 0.2046875 0.190625 0.009375 0.00625
4 0.75234375 0.0375 0.01640625 0.0234375
17 0.20625 0.19765625 0.00859375 0.0078125
17 0.11328125 0.225 0.009375 0.00625
17 0.11484375 0.2328125 0.00859375 0.00625
17 0.20703125 0.20625 0.00859375 0.00703125
17 0.115625 0.240625 0.00859375 0.00625
17 0.20859375 0.21328125 0.009375 0.00703125
17 0.1171875 0.24921875 0.009375 0.00625
17 0.21015625 0.221875 0.00859375 0.00703125
17 0.11796875 0.25625 0.00859375 0.00625
17 0.21171875 0.22890625 0.009375 0.0078125
17 0.24609375 0.21875 0.009375 0.00625
17 0.27265625 0.21171875 0.009375 0.00703125
20 0.434375 0.1703125 0.01953125 0.02734375
17 0.2125 0.2375 0.009375 0.0078125
17 0.11953125 0.26484375 0.00859375 0.00703125
9 0.16328125 0.2546875 0.0875 0.1296875
12 0.41875 0.18203125 0.0140625 0.01328125
4 0.26015625 0.2296875 0.0390625 0.03125
0 0.384375 0.19453125 0.04609375 0.0625
17 0.1203125 0.271875 0.009375 0.00625
17 0.21328125 0.24453125 0.009375 0.00703125
17 0.4375 0.18515625 0.009375 0.00625
17 0.121875 0.2796875 0.009375 0.00625
17 0.2140625 0.253125 0.00859375 0.00703125
17 0.43828125 0.18984375 0.009375 0.00625
4 0.83046875 0.07890625 0.0453125 0.1390625
17 0.1234375 0.2875 0.009375 0.00703125
17 0.215625 0.2609375 0.00859375 0.00703125
18 0.0078125 0.3296875 0.015625 0.0828125
17 0.25078125 0.25390625 0.00859375 0.00625
1 0.265625 0.24921875 0.01328125 0.01015625
17 0.2796875 0.24609375 0.0078125 0.0078125
17 0.12421875 0.29453125 0.009375 0.00625
17 0.2171875 0.26796875 0.009375 0.00625
4 0.0453125 0.31875 0.01796875 0.02265625
17 0.125 0.303125 0.00859375 0.00625
17 0.21796875 0.2765625 0.009375 0.0078125
4 0.26484375 0.2640625 0.0390625 0.028125
4 0.90859375 0.078125 0.06328125 0.1109375
17 0.1265625 0.3109375 0.00859375 0.00625
17 0.21953125 0.28359375 0.009375 0.00703125
17 0.2203125 0.29140625 0.00859375 0.00703125
17 0.128125 0.31875 0.00859375 0.00703125
17 0.12890625 0.32578125 0.009375 0.00625
17 0.22109375 0.29921875 0.009375 0.00703125
0 0.78515625 0.13828125 0.0453125 0.0609375
4 0.3296875 0.271875 0.0171875 0.025
11 0.74375 0.15234375 0.02578125 0.04453125
17 0.13046875 0.3328125 0.0078125 0.00703125
17 0.22265625 0.30703125 0.009375 0.0078125
20 0.446875 0.25078125 0.01796875 0.02578125
12 0.43203125 0.26328125 0.0125 0.01015625
17 0.14453125 0.34765625 0.0046875 0.01328125
17 0.1671875 0.34140625 0.00546875 0.0125
17 0.1609375 0.34375 0.0046875 0.0125
17 0.17890625 0.33828125 0.00546875 0.0125
17 0.15625 0.3453125 0.0046875 0.01328125
17 0.1734375 0.340625 0.00546875 0.01328125
17 0.15 0.34765625 0.00546875 0.0125
17 0.18515625 0.33671875 0.00546875 0.01328125
17 0.190625 0.33515625 0.00546875 0.01328125
17 0.1953125 0.33359375 0.00390625 0.01328125
17 0.2015625 0.33203125 0.0046875 0.01328125
17 0.21875 0.32734375 0.00546875 0.01328125
17 0.1390625 0.35078125 0.00546875 0.01328125
17 0.20703125 0.33046875 0.0046875 0.01328125
17 0.21328125 0.3296875 0.00546875 0.01328125
0 0.39765625 0.27890625 0.04609375 0.0625
17 0.44921875 0.265625 0.009375 0.00703125
4 0.6109375 0.2203125 0.29609375 0.375
17 0.45 0.2703125 0.009375 0.00703125
20 0.0140625 0.42109375 0.01796875 0.025
12 0.00234375 0.4359375 0.0046875 0.0125
17 0.015625 0.43515625 0.00859375 0.00625
17 0.01640625 0.440625 0.009375 0.00625
12 0.765625 0.23203125 0.01328125 0.0109375
17 0.78125 0.228125 0.009375 0.0078125
13 0.01875 0.45234375 0.01015625 0.009375
4 0.3421875 0.37734375 0.01796875 0.025
12 0.7703125 0.25625 0.0140625 0.01015625
17 0.78515625 0.25234375 0.009375 0.00703125