17 0.459375 0.3 0.00546875 0.01171875
17 0.44765625 0.2953125 0.0046875 0.01171875
17 0.46953125 0.30390625 0.00546875 0.0109375
17 0.47578125 0.30546875 0.0046875 0.01171875
17 0.41484375 0.2859375 0.00546875 0.0125
17 0.43125 0.29140625 0.00546875 0.0125
17 0.43671875 0.29296875 0.00546875 0.0125
17 0.453125 0.2984375 0.00546875 0.01171875
17 0.4640625 0.30234375 0.0046875 0.0109375
17 0.4203125 0.2875 0.00546875 0.01171875
17 0.42578125 0.2890625 0.00546875 0.0125
17 0.44296875 0.29453125 0.00546875 0.01171875
17 0.48125 0.3078125 0.00546875 0.01171875
17 0.48671875 0.31015625 0.0046875 0.01171875
17 0.49765625 0.3140625 0.00546875 0.01171875
17 0.06015625 0.16484375 0.00546875 0.01171875
17 0.503125 0.31484375 0.00546875 0.01171875
17 0.50859375 0.31796875 0.0046875 0.01171875
17 0.0546875 0.1625 0.0046875 0.01171875
17 0.1046875 0.1796875 0.00546875 0.01171875
17 0.07109375 0.16953125 0.00546875 0.01171875
17 0.09296875 0.1765625 0.00546875 0.01171875
17 0.0765625 0.17109375 0.0046875 0.01171875
17 0.08203125 0.17265625 0.00546875 0.01171875
17 0.0875 0.17421875 0.0046875 0.01171875
17 0.0984375 0.178125 0.00546875 0.01171875
17 0.109375 0.18203125 0.00546875 0.01171875
17 0.1265625 0.1875 0.00546875 0.0125
17 0.065625 0.1671875 0.00546875 0.01171875
17 0.11484375 0.184375 0.00546875 0.01171875
17 0.12109375 0.1859375 0.00546875 0.01171875
17 0.13125 0.18984375 0.00546875 0.01328125
17 0.49296875 0.3125 0.00546875 0.01171875
17 0.13671875 0.19140625 0.00546875 0.0125
17 0.1484375 0.1953125 0.00546875 0.0125
17 0.1421875 0.19375 0.00546875 0.01171875
17 0.15625 0.20390625 0.009375 0.00703125
17 0.40390625 0.28984375 0.009375 0.00703125
17 0.15546875 0.2109375 0.009375 0.00703125
17 0.0484375 0.17421875 0.00859375 0.00703125
17 0.40234375 0.29765625 0.00859375 0.0078125
4 0.9453125 0.48203125 0.01953125 0.02578125
17 0.509375 0.334375 0.00859375 0.00703125
4 0.853125 0.453125 0.01640625 0.021875
17 0.046875 0.1828125 0.00859375 0.0078125
17 0.15390625 0.21796875 0.00859375 0.00625
17 0.40078125 0.30546875 0.00859375 0.0078125
17 0.50859375 0.34140625 0.00859375 0.00625
17 0.0453125 0.18984375 0.00859375 0.0078125
17 0.15234375 0.22578125 0.00859375 0.00625
17 0.39921875 0.3125 0.00859375 0.0078125
17 0.50703125 0.35 0.00859375 0.00703125
17 0.04453125 0.19765625 0.00859375 0.00703125
17 0.15078125 0.23359375 0.00859375 0.00625
17 0.39765625 0.31953125 0.00859375 0.00703125
17 0.50546875 0.35625 0.00859375 0.00625
17 0.04296875 0.20390625 0.00859375 0.0078125
17 0.15 0.24140625 0.00859375 0.00703125
17 0.396875 0.3265625 0.00859375 0.0078125
17 0.52734375 0.371875 0.0078125 0.00703125
13 0.55390625 0.38046875 0.009375 0.0078125
17 0.5046875 0.3640625 0.00859375 0.00625
17 0.04140625 0.2125 0.00859375 0.00703125
17 0.1484375 0.24921875 0.00859375 0.00625
17 0.3953125 0.33515625 0.00859375 0.00703125
17 0.50234375 0.371875 0.0078125 0.00625
9 0.2671875 0.2953125 0.2015625 0.27578125
11 0.5328125 0.3859375 0.0265625 0.02734375
4 0.55 0.39296875 0.0140625 0.0203125
17 0.040625 0.21953125 0.00859375 0.00859375
17 0.14609375 0.25625 0.00859375 0.00703125
9 0.44921875 0.36015625 0.09375 0.1203125
17 0.39375 0.34296875 0.00859375 0.0078125
17 0.5015625 0.3796875 0.0078125 0.00703125
9 0.08828125 0.2390625 0.0953125 0.12109375
17 0.03828125 0.22734375 0.00859375 0.00703125
17 0.14453125 0.26328125 0.009375 0.00703125
17 0.3921875 0.35 0.00859375 0.00703125
17 0.5 0.38671875 0.0078125 0.00625
17 0.03671875 0.2359375 0.0078125 0.00703125
17 0.14375 0.27109375 0.00859375 0.00703125
1 0.53671875 0.40703125 0.0125 0.01015625
17 0.54921875 0.4109375 0.00859375 0.00625
17 0.390625 0.3578125 0.00859375 0.00625
13 0.52109375 0.40234375 0.00859375 0.00703125
17 0.4984375 0.39453125 0.00859375 0.00703125
11 0.6390625 0.44609375 0.02109375 0.03828125
11 0.6640625 0.45546875 0.0171875 0.03828125
11 0.65234375 0.45078125 0.0171875 0.03828125
11 0.675 0.459375 0.01640625 0.0375
4 0.690625 0.4640625 0.02578125 0.03984375
17 0.0359375 0.2421875 0.00859375 0.00703125
17 0.1421875 0.27890625 0.00859375 0.00703125
17 0.38984375 0.36484375 0.00859375 0.00625
17 0.496875 0.40234375 0.0078125 0.00625
11 0.5375 0.41953125 0.02890625 0.028125
4 0.59296875 0.4390625 0.01640625 0.02265625
4 0.5203125 0.415625 0.01328125 0.0203125
17 0.034375 0.25 0.00859375 0.0078125
17 0.14140625 0.28671875 0.00859375 0.00625
17 0.38828125 0.371875 0.00859375 0.00625
17 0.4953125 0.40859375 0.00859375 0.00703125
17 0.03359375 0.2578125 0.00859375 0.0078125
17 0.13984375 0.29453125 0.00859375 0.00703125
17 0.38671875 0.3796875 0.009375 0.0078125
17 0.49453125 0.4171875 0.00859375 0.00703125
17 0.03203125 0.26484375 0.00859375 0.0078125
17 0.13828125 0.30234375 0.00859375 0.00703125
17 0.384375 0.3875 0.00859375 0.00703125
17 0.49296875 0.425 0.00859375 0.00625
17 0.13671875 0.30859375 0.00859375 0.00703125
17 0.38359375 0.3953125 0.009375 0.00703125
17 0.03828125 0.2828125 0.00546875 0.01171875
17 0.04296875 0.28515625 0.00546875 0.01171875
17 0.04921875 0.28671875 0.00546875 0.01171875
17 0.09921875 0.30390625 0.00546875 0.01171875
17 0.115625 0.309375 0.00546875 0.01171875
17 0.12109375 0.3109375 0.00546875 0.0125
17 0.0328125 0.28125 0.0046875 0.01171875
17 0.07109375 0.29453125 0.00546875 0.01171875
17 0.0765625 0.296875 0.00546875 0.01171875
17 0.08203125 0.2984375 0.00546875 0.0125
17 0.08828125 0.3 0.00546875 0.01171875
17 0.4203125 0.4140625 0.00546875 0.01171875
17 0.46953125 0.43125 0.00546875 0.01171875
17 0.09296875 0.30234375 0.00546875 0.0125
17 0.1046875 0.30625 0.00546875 0.01171875
17 0.11015625 0.30859375 0.00546875 0.01171875
17 0.12578125 0.3140625 0.00546875 0.0125
17 0.3984375 0.40625 0.0046875 0.0109375
17 0.42578125 0.41640625 0.00546875 0.01171875
17 0.45390625 0.42578125 0.00546875 0.01171875
17 0.05390625 0.28984375 0.00546875 0.01171875
17 0.06015625 0.29140625 0.00546875 0.0125
17 0.065625 0.29296875 0.00546875 0.01171875
17 0.39296875 0.40546875 0.0046875 0.01171875
17 0.40390625 0.40859375 0.00546875 0.01171875
17 0.44765625 0.4234375 0.00546875 0.01171875
17 0.46484375 0.42890625 0.00546875 0.01171875
17 0.409375 0.41015625 0.00546875 0.0125
17 0.41484375 0.4125 0.00546875 0.0125
17 0.43671875 0.41953125 0.00546875 0.01171875
17 0.45859375 0.42734375 0.00546875 0.01171875
17 0.475 0.4328125 0.00546875 0.0125
17 0.48046875 0.43515625 0.00546875 0.01171875
17 0.43125 0.41875 0.00546875 0.0125
17 0.4421875 0.42265625 0.00546875 0.0125
17 0.48671875 0.4375 0.00546875 0.01171875
4 0.74609375 0.54140625 0.03984375 0.0296875
4 0.53515625 0.4796875 0.0171875 0.02578125
4 0.11328125 0.3390625 0.01796875 0.02421875
17 0.5703125 0.49765625 0.03125 0.02578125
17 0.64375 0.52265625 0.02890625 0.025
19 0.67734375 0.54296875 0.0125 0.01796875
9 0.79140625 0.584375 0.04296875 0.053125
4 0.3828125 0.45546875 0.01796875 0.0234375
20 0.64453125 0.55546875 0.01796875 0.0234375
10 0.23203125 0.41875 0.0109375 0.02265625
12 0.6234375 0.55546875 0.01328125 0.01171875
17 0.64296875 0.56953125 0.00859375 0.00625
19 0.67109375 0.58359375 0.01328125 0.01875
7 0.5421875 0.5546875 0.05546875 0.0453125
7 0.625 0.5859375 0.0546875 0.0453125
17 0.02421875 0.38359375 0.00859375 0.0078125
17 0.0875 0.40703125 0.00859375 0.0078125
1 0.66953125 0.60703125 0.01640625 0.01484375
1 0.0859375 0.4140625 0.0140625 0.01171875
10 0.0203125 0.3921875 0.01640625 0.0140625
17 0.57890625 0.584375 0.01328125 0.0109375
1 0.590625 0.5890625 0.00859375 0.00703125
9 0.053125 0.41171875 0.04453125 0.05546875
17 0.58984375 0.59453125 0.00859375 0.0078125
1 0.084375 0.4234375 0.01328125 0.01015625
1 0.65234375 0.62109375 0.01640625 0.01484375
10 0.01796875 0.4046875 0.01640625 0.01484375
1 0.5921875 0.603125 0.0125 0.01015625
9 0.7765625 0.6671875 0.04296875 0.0546875
1 0.08203125 0.43359375 0.01328125 0.0109375
13 0.65078125 0.63046875 0.009375 0.01015625
17 0.5875 0.60859375 0.0078125 0.00703125
1 0.01484375 0.41953125 0.01328125 0.01171875
1 0.65 0.63671875 0.0140625 0.0109375
1 0.08046875 0.4421875 0.0140625 0.01171875
1 0.5890625 0.61796875 0.0125 0.009375
17 0.584375 0.62421875 0.00859375 0.00703125
1 0.66640625 0.65625 0.01015625 0.02265625
1 0.5859375 0.63125 0.0140625 0.0109375
4 0.71640625 0.67734375 0.05078125 0.15234375
10 0.53359375 0.62109375 0.078125 0.1015625
9 0.61015625 0.6515625 0.04609375 0.07421875
7 0.6421875 0.67578125 0.03359375 0.07421875
1 0.2296875 0.53671875 0.00546875 0.01171875
7 0.23828125 0.540625 0.01640625 0.03515625
1 0.2484375 0.54453125 0.00703125 0.01953125
1 0.6609375 0.68671875 0.0109375 0.02265625
1 0.19453125 0.52734375 0.00859375 0.0203125
7 0.18515625 0.525 0.01640625 0.03515625
1 0.1765625 0.521875 0.0046875 0.01171875
4 0.44453125 0.6140625 0.0171875 0.025
4 0.328125 0.57578125 0.0171875 0.02109375
4 0.134375 0.51015625 0.0171875 0.02265625
3 0.2640625 0.5578125 0.0328125 0.05625
3 0.21015625 0.54140625 0.0328125 0.05625
17 0.2796875 0.58359375 0.00859375 0.0078125
17 0.22421875 0.56640625 0.00859375 0.00625
4 0.75703125 0.75546875 0.01640625 0.0234375
1 0.5703125 0.703125 0.0140625 0.01171875
17 0.52265625 0.6953125 0.0375 0.0375
4 0.10390625 0.56796875 0.05234375 0.071875
4 0.1625 0.5875 0.053125 0.07421875
4 0.5640625 0.72578125 0.03984375 0.0421875
17 0.51953125 0.71875 0.03125 0.02578125
4 0.2921875 0.6453125 0.14453125 0.08203125
18 0.009375 0.5453125 0.01875 0.084375
4 0.40234375 0.684375 0.040625 0.04609375
17 0.04921875 0.5640625 0.00859375 0.00703125
11 0.3671875 0.6734375 0.01796875 0.04140625
11 0.37890625 0.67734375 0.01875 0.04296875
12 0.0359375 0.56015625 0.01171875 0.01171875
19 0.63828125 0.7671875 0.0125 0.01640625
1 0.51875 0.73359375 0.0140625 0.01171875
4 0.58046875 0.77578125 0.01640625 0.02421875
7 0.5125 0.753125 0.0546875 0.04609375
4 0.08203125 0.62265625 0.01640625 0.025
4 0.32109375 0.7046875 0.0171875 0.0234375
1 0.5515625 0.7859375 0.0140625 0.01171875
1 0.5109375 0.775 0.0140625 0.01171875
4 0.690625 0.859375 0.0390625 0.14921875
7 0.53046875 0.82265625 0.04296875 0.0359375
7 0.06796875 0.665625 0.05703125 0.0484375
7 0.2984375 0.74453125 0.0421875 0.0359375
4 0.63984375 0.91953125 0.01875 0.0234375
21 0.2859375 0.80703125 0.1328125 0.12421875
21 0.06328125 0.73046875 0.1265625 0.1296875
19 0.13359375 0.7578125 0.0109375 0.01640625
21 0.51875 0.88984375 0.1328125 0.12890625
19 0.36484375 0.83671875 0.01171875 0.0171875
19 0.59453125 0.915625 0.01171875 0.01640625
4 0.41171875 0.86953125 0.01640625 0.021875
4 0.18046875 0.7921875 0.01953125 0.02578125
1 0.04453125 0.77265625 0.01640625 0.0140625
1 0.27265625 0.85234375 0.01640625 0.01484375
1 0.50546875 0.9328125 0.0171875 0.015625
20 0.58203125 0.97109375 0.01796875 0.025
20 0.1203125 0.81484375 0.01796875 0.025
20 0.3453125 0.89375 0.0171875 0.02421875
12 0.10078125 0.8203125 0.01171875 0.01015625
7 0.2703125 0.87890625 0.05546875 0.046875
12 0.5625 0.9796875 0.01328125 0.0109375
7 0.0421875 0.80234375 0.0546875 0.04609375
17 0.58046875 0.9859375 0.00859375 0.00703125
17 0.11875 0.8296875 0.00859375 0.0078125
7 0.50234375 0.959375 0.05546875 0.046875
12 0.325 0.89921875 0.01328125 0.0109375
17 0.34375 0.90703125 0.00859375 0.0078125
17 0.5796875 0.99140625 0.0078125 0.00625
17 0.11796875 0.834375 0.00859375 0.00703125
17 0.34375 0.91328125 0.00859375 0.00703125
17 0.36875 0.00390625 0.00859375 0.00703125
17 0.36796875 0.01171875 0.00859375 0.00703125
4 0.896875 0.19765625 0.01640625 0.02265625
17 0.36640625 0.01953125 0.00859375 0.0078125
17 0.36484375 0.02734375 0.00859375 0.00703125
17 0.27421875 0.00390625 0.00859375 0.00625
17 0.3640625 0.034375 0.009375 0.0078125
17 0.27265625 0.01171875 0.00859375 0.00703125
17 0.3625 0.0421875 0.00859375 0.00703125
17 0.27109375 0.01875 0.00859375 0.00625
17 0.3609375 0.05 0.00859375 0.00859375
17 0.3953125 0.0609375 0.00859375 0.00703125
17 0.4203125 0.0703125 0.00859375 0.0078125
20 0.57578125 0.12890625 0.01953125 0.02734375
17 0.359375 0.0578125 0.00859375 0.00859375
17 0.26953125 0.0265625 0.00859375 0.00703125
9 0.31171875 0.0546875 0.08828125 0.10859375
12 0.5578125 0.1296875 0.01328125 0.0125
4 0.40390625 0.0796875 0.0390625 0.03203125
0 0.52421875 0.12109375 0.04609375 0.0625
17 0.26796875 0.034375 0.00859375 0.00703125
17 0.3578125 0.06484375 0.00859375 0.0078125
17 0.5734375 0.14296875 0.00859375 0.00703125
17 0.2671875 0.04140625 0.00859375 0.00703125
17 0.35625 0.07265625 0.00859375 0.00703125
17 0.5734375 0.14765625 0.00859375 0.00703125
4 0.95234375 0.28125 0.04765625 0.1359375
17 0.265625 0.0484375 0.00859375 0.0078125
17 0.35546875 0.08046875 0.00859375 0.00703125
18 0.13125 0.0234375 0.0609375 0.046875
17 0.38828125 0.09453125 0.00859375 0.00625
1 0.40234375 0.09921875 0.01328125 0.0109375
17 0.41640625 0.1046875 0.00859375 0.0078125
17 0.2640625 0.05625 0.00859375 0.00703125
17 0.3546875 0.08671875 0.00859375 0.00703125
4 0.1875 0.03046875 0.0171875 0.02265625
17 0.2625 0.0640625 0.00859375 0.00625
17 0.353125 0.0953125 0.00859375 0.00859375
4 0.39765625 0.1125 0.03828125 0.02890625
17 0.2609375 0.071875 0.00859375 0.00625
17 0.3515625 0.10234375 0.00859375 0.0078125
17 0.34921875 0.109375 0.00859375 0.00703125
17 0.26015625 0.07890625 0.00859375 0.00703125
17 0.2578125 0.08671875 0.00859375 0.00703125
17 0.3484375 0.1171875 0.00859375 0.0078125
0 0.89375 0.30625 0.0453125 0.0609375
4 0.4515625 0.15625 0.0171875 0.025
11 0.853125 0.29453125 0.02578125 0.04453125
17 0.2578125 0.09375 0.0078125 0.00703125
17 0.346875 0.125 0.00859375 0.00859375
20 0.56171875 0.20703125 0.01796875 0.02578125
12 0.54453125 0.20859375 0.0125 0.01015625
17 0.265625 0.11484375 0.00546875 0.0125
17 0.2875 0.121875 0.00546875 0.01171875
17 0.28203125 0.12109375 0.00546875 0.01171875
17 0.2984375 0.12734375 0.00546875 0.01171875
17 0.2765625 0.11875 0.00546875 0.0125
17 0.29296875 0.125 0.00546875 0.0125
17 0.27109375 0.1171875 0.00546875 0.01171875
17 0.3046875 0.12890625 0.00546875 0.0125
17 0.309375 0.13046875 0.00546875 0.0125
17 0.31484375 0.1328125 0.0046875 0.0125
17 0.3203125 0.134375 0.00546875 0.0125
17 0.3375 0.140625 0.00546875 0.0125
17 0.259375 0.1140625 0.00546875 0.0125
17 0.32578125 0.1359375 0.00546875 0.0125
17 0.33125 0.1390625 0.00546875 0.0125
0 0.509375 0.20234375 0.04609375 0.0625
17 0.55859375 0.2203125 0.00859375 0.0078125
4 0.71484375 0.275 0.29453125 0.375
17 0.5578125 0.22578125 0.009375 0.0078125
20 0.128125 0.10234375 0.01796875 0.025
20 0.06640625 0.08203125 0.01328125 0.02265625
12 0.10859375 0.10703125 0.01328125 0.01171875
17 0.06171875 0.09453125 0.00703125 0.00703125
17 0.125 0.11640625 0.00859375 0.00625
17 0.06171875 0.1 0.00859375 0.00703125
17 0.12421875 0.12109375 0.00859375 0.00703125
12 0.846875 0.37734375 0.01328125 0.0109375
17 0.86171875 0.38203125 0.009375 0.00859375
13 0.12265625 0.1328125 0.01015625 0.009375
4 0.4296875 0.25703125 0.01796875 0.025
12 0.84375 0.40078125 0.01328125 0.0109375
17 0.8578125 0.40546875 0.00859375 0.0078125