17 0.46015625 0.31171875 0.0046875 0.01171875
17 0.4484375 0.30859375 0.00390625 0.01171875
17 0.47109375 0.3140625 0.0046875 0.0109375
17 0.47734375 0.31484375 0.00390625 0.01171875
17 0.415625 0.30234375 0.0046875 0.0125
17 0.4328125 0.30625 0.0046875 0.0125
17 0.4375 0.30703125 0.0046875 0.0125
17 0.4546875 0.3109375 0.00390625 0.01171875
17 0.465625 0.31328125 0.00390625 0.0109375
17 0.42109375 0.303125 0.0046875 0.01171875
17 0.42734375 0.30546875 0.00546875 0.0125
17 0.44375 0.30859375 0.00390625 0.01171875
17 0.4828125 0.3171875 0.0046875 0.01171875
17 0.48828125 0.31796875 0.00390625 0.01171875
17 0.49921875 0.3203125 0.00390625 0.01171875
17 0.05703125 0.22421875 0.0046875 0.01171875
17 0.50546875 0.321875 0.00390625 0.01171875
17 0.5109375 0.32265625 0.00390625 0.01171875
17 0.0515625 0.2234375 0.00390625 0.01171875
17 0.1015625 0.23515625 0.0046875 0.01171875
17 0.06796875 0.22734375 0.00390625 0.01171875
17 0.08984375 0.2328125 0.0046875 0.01171875
17 0.0734375 0.2296875 0.00390625 0.01171875
17 0.07890625 0.23046875 0.0046875 0.01171875
17 0.08515625 0.23125 0.00390625 0.01171875
17 0.0953125 0.23359375 0.0046875 0.01171875
17 0.10703125 0.2359375 0.0046875 0.01171875
17 0.1234375 0.23984375 0.00546875 0.0125
17 0.0625 0.22734375 0.00390625 0.01171875
17 0.1125 0.2375 0.00390625 0.01171875
17 0.11796875 0.2390625 0.0046875 0.01171875
17 0.1296875 0.24140625 0.00546875 0.01328125
17 0.49453125 0.3203125 0.00390625 0.01171875
17 0.13515625 0.2421875 0.0046875 0.0125
17 0.14609375 0.2453125 0.0046875 0.0125
17 0.140625 0.24453125 0.0046875 0.01171875
17 0.1546875 0.25234375 0.009375 0.00625
17 0.4046875 0.30859375 0.009375 0.00625
17 0.15390625 0.259375 0.009375 0.00625
17 0.0453125 0.2359375 0.00859375 0.00546875
17 0.40390625 0.31640625 0.00859375 0.00625
4 0.953125 0.43515625 0.01796875 0.0234375
17 0.5125 0.340625 0.00859375 0.00625
4 0.859375 0.41640625 0.015625 0.0203125
17 0.04453125 0.24375 0.00859375 0.00546875
17 0.15234375 0.2671875 0.00859375 0.00546875
17 0.403125 0.3234375 0.00859375 0.00625
17 0.51171875 0.346875 0.00859375 0.00546875
17 0.04375 0.25078125 0.00859375 0.00625
17 0.1515625 0.275 0.00859375 0.0046875
17 0.4015625 0.33125 0.00859375 0.00625
17 0.51015625 0.35546875 0.00859375 0.00625
17 0.04296875 0.259375 0.00859375 0.00546875
17 0.15078125 0.2828125 0.00859375 0.00546875
17 0.40078125 0.33828125 0.00859375 0.00546875
17 0.51015625 0.3625 0.00859375 0.00546875
17 0.0421875 0.265625 0.00859375 0.00625
17 0.15 0.290625 0.00859375 0.00546875
17 0.02578125 0.26484375 0.00859375 0.00625
17 0.4 0.34609375 0.00859375 0.00625
17 0.53203125 0.37421875 0.0078125 0.00625
13 0.559375 0.38046875 0.009375 0.00703125
17 0.509375 0.3703125 0.00859375 0.00546875
17 0.040625 0.27421875 0.00859375 0.00546875
17 0.14921875 0.2984375 0.00859375 0.00546875
17 0.39921875 0.3546875 0.00859375 0.00625
17 0.5078125 0.378125 0.0078125 0.00546875
9 0.2703125 0.3296875 0.1890625 0.25859375
11 0.5390625 0.3875 0.02578125 0.025
4 0.02421875 0.27734375 0.01171875 0.01953125
4 0.55703125 0.39296875 0.01328125 0.01875
17 0.03984375 0.28125 0.00859375 0.00625
17 0.14765625 0.30546875 0.00859375 0.00625
9 0.45390625 0.37265625 0.08828125 0.11171875
17 0.3984375 0.3625 0.00859375 0.00625
17 0.50703125 0.3859375 0.0078125 0.00625
9 0.08984375 0.2953125 0.08984375 0.1125
17 0.0390625 0.2890625 0.00859375 0.00546875
17 0.146875 0.31328125 0.009375 0.00625
17 0.396875 0.36875 0.00859375 0.00546875
17 0.50625 0.39296875 0.0078125 0.00546875
17 0.0375 0.29765625 0.00859375 0.00546875
17 0.146875 0.32109375 0.00859375 0.00546875
1 0.54453125 0.4078125 0.0125 0.00859375
17 0.55703125 0.41171875 0.00859375 0.00546875
17 0.39609375 0.37734375 0.00859375 0.00546875
13 0.528125 0.40546875 0.00859375 0.00625
17 0.02265625 0.29609375 0.00859375 0.00546875
17 0.50546875 0.4015625 0.00859375 0.00625
11 0.64765625 0.4359375 0.01953125 0.03671875
11 0.67265625 0.440625 0.015625 0.0375
11 0.66171875 0.43828125 0.015625 0.0375
11 0.684375 0.44375 0.01484375 0.03671875
4 0.7 0.44765625 0.0234375 0.03828125
17 0.03671875 0.3046875 0.00859375 0.00546875
17 0.14609375 0.32890625 0.00859375 0.00546875
17 0.3953125 0.384375 0.00859375 0.00546875
17 0.5046875 0.40859375 0.0078125 0.00546875
11 0.5453125 0.42109375 0.028125 0.02578125
4 0.6015625 0.4328125 0.01484375 0.021875
4 0.02109375 0.30859375 0.01171875 0.01953125
4 0.528125 0.41875 0.01328125 0.01953125
17 0.03671875 0.31171875 0.00859375 0.00625
17 0.1453125 0.33671875 0.00859375 0.00546875
17 0.3953125 0.3921875 0.00859375 0.00546875
17 0.50390625 0.415625 0.00859375 0.00546875
17 0.03515625 0.31953125 0.00859375 0.00625
17 0.14375 0.34375 0.00859375 0.00625
17 0.39375 0.39921875 0.009375 0.00703125
17 0.503125 0.42421875 0.00859375 0.00546875
17 0.034375 0.32734375 0.00859375 0.00625
17 0.14296875 0.3515625 0.00859375 0.00625
17 0.39296875 0.40703125 0.00859375 0.00546875
17 0.50234375 0.43203125 0.00859375 0.00546875
17 0.14140625 0.35859375 0.00859375 0.00546875
17 0.3921875 0.415625 0.009375 0.00625
17 0.0421875 0.3453125 0.00390625 0.01171875
17 0.04765625 0.34609375 0.00390625 0.01171875
17 0.053125 0.34765625 0.00390625 0.01171875
17 0.10390625 0.35859375 0.00390625 0.01171875
17 0.12109375 0.3625 0.00390625 0.01171875
17 0.1265625 0.36328125 0.0046875 0.0125
17 0.0375 0.34453125 0.00390625 0.01171875
17 0.07578125 0.35234375 0.00390625 0.01171875
17 0.08203125 0.35390625 0.00390625 0.01171875
17 0.0875 0.3546875 0.0046875 0.0125
17 0.09296875 0.35625 0.00390625 0.01171875
17 0.4296875 0.4296875 0.0046875 0.01171875
17 0.47890625 0.43984375 0.00390625 0.01171875
17 0.09765625 0.3578125 0.00546875 0.0125
17 0.109375 0.36015625 0.0046875 0.01171875
17 0.115625 0.36171875 0.00390625 0.01171875
17 0.13203125 0.365625 0.0046875 0.0125
17 0.40703125 0.42421875 0.00390625 0.0109375
17 0.43515625 0.43125 0.00390625 0.01171875
17 0.4625 0.43671875 0.00390625 0.01171875
17 0.059375 0.34921875 0.00390625 0.01171875
17 0.06484375 0.35078125 0.0046875 0.0125
17 0.0703125 0.3515625 0.0046875 0.01171875
17 0.4015625 0.4234375 0.00390625 0.01171875
17 0.4125 0.42578125 0.0046875 0.01171875
17 0.45625 0.4359375 0.00390625 0.01171875
17 0.47421875 0.4390625 0.00390625 0.01171875
17 0.41796875 0.42734375 0.0046875 0.0125
17 0.4234375 0.428125 0.00546875 0.0125
17 0.44609375 0.4328125 0.00390625 0.01171875
17 0.46796875 0.4375 0.0046875 0.01171875
17 0.48515625 0.4421875 0.00546875 0.0125
17 0.490625 0.44296875 0.00390625 0.01171875
17 0.43984375 0.4328125 0.0046875 0.0125
17 0.4515625 0.43515625 0.00546875 0.0125
17 0.49609375 0.4453125 0.00390625 0.01171875
4 0.76015625 0.5171875 0.0390625 0.02578125
4 0.546875 0.48125 0.01640625 0.02421875
4 0.1203125 0.39140625 0.01640625 0.02265625
17 0.5828125 0.49453125 0.03046875 0.021875
17 0.65703125 0.51015625 0.028125 0.021875
19 0.69140625 0.5265625 0.01171875 0.0171875
9 0.80703125 0.5546875 0.040625 0.04921875
4 0.39453125 0.475 0.01640625 0.021875
20 0.66015625 0.54296875 0.01640625 0.021875
10 0.24296875 0.45625 0.009375 0.021875
12 0.63984375 0.5453125 0.01328125 0.0109375
17 0.659375 0.55703125 0.00859375 0.00546875
19 0.68828125 0.5671875 0.01328125 0.0171875
7 0.559375 0.5546875 0.05390625 0.03984375
7 0.64296875 0.57578125 0.053125 0.040625
17 0.03515625 0.44609375 0.00859375 0.00625
17 0.09921875 0.4625 0.00859375 0.00625
1 0.6875 0.59140625 0.01640625 0.0125
4 0.01484375 0.4484375 0.0296875 0.20234375
1 0.0984375 0.46875 0.01328125 0.01015625
10 0.03203125 0.45546875 0.015625 0.0125
17 0.596875 0.57890625 0.01328125 0.009375
1 0.60859375 0.58203125 0.00859375 0.00546875
9 0.06484375 0.4703125 0.0421875 0.0515625
17 0.60859375 0.58828125 0.00859375 0.00625
1 0.096875 0.47890625 0.01328125 0.00859375
1 0.671875 0.60625 0.01640625 0.0125
10 0.03046875 0.46796875 0.01640625 0.01328125
1 0.61171875 0.596875 0.01171875 0.00859375
9 0.7984375 0.63828125 0.040625 0.05078125
1 0.09609375 0.48828125 0.01328125 0.009375
13 0.67109375 0.61640625 0.00859375 0.00859375
17 0.60703125 0.603125 0.0078125 0.00625
1 0.028125 0.48203125 0.01328125 0.01015625
1 0.6703125 0.621875 0.0140625 0.009375
1 0.09453125 0.49765625 0.01328125 0.01015625
1 0.609375 0.61171875 0.0125 0.0078125
17 0.6046875 0.6171875 0.00859375 0.00625
1 0.68828125 0.63984375 0.009375 0.02265625
1 0.60703125 0.625 0.0140625 0.009375
4 0.7390625 0.65546875 0.04140625 0.1515625
10 0.55546875 0.6203125 0.07421875 0.09453125
9 0.63203125 0.6421875 0.0421875 0.07109375
7 0.665625 0.6625 0.0296875 0.071875
1 0.2484375 0.5734375 0.00390625 0.01171875
7 0.25703125 0.5765625 0.0140625 0.034375
1 0.2671875 0.57890625 0.00625 0.01875
1 0.684375 0.6703125 0.01015625 0.02265625
1 0.2125 0.56796875 0.00703125 0.01875
7 0.20390625 0.5671875 0.0140625 0.034375
1 0.1953125 0.56484375 0.00390625 0.01171875
4 0.465625 0.625 0.01640625 0.0234375
4 0.3484375 0.60078125 0.01640625 0.01953125
4 0.1515625 0.5578125 0.01640625 0.02109375
3 0.28359375 0.590625 0.0296875 0.05390625
3 0.2296875 0.58046875 0.0296875 0.05390625
17 0.30078125 0.6140625 0.00859375 0.00625
17 0.24453125 0.60390625 0.00859375 0.00546875
4 0.784375 0.72734375 0.015625 0.02265625
1 0.59609375 0.6984375 0.01328125 0.01015625
17 0.5484375 0.6953125 0.0359375 0.034375
4 0.12578125 0.61953125 0.04921875 0.0671875
4 0.18515625 0.63203125 0.05 0.06953125
4 0.59140625 0.721875 0.0375 0.03828125
17 0.54765625 0.71953125 0.03046875 0.021875
4 0.3171875 0.67421875 0.14375 0.06484375
18 0.01953125 0.6078125 0.0390625 0.08515625
4 0.42890625 0.69921875 0.0390625 0.0421875
17 0.07109375 0.621875 0.00859375 0.00625
11 0.39296875 0.69296875 0.015625 0.040625
11 0.4046875 0.6953125 0.01640625 0.04140625
12 0.0578125 0.6203125 0.01171875 0.0109375
19 0.6671875 0.75390625 0.01171875 0.015625
1 0.546875 0.734375 0.01328125 0.0109375
4 0.6109375 0.76875 0.015625 0.0234375
7 0.5421875 0.75390625 0.05390625 0.04140625
4 0.1078125 0.6765625 0.015625 0.02421875
4 0.35 0.72890625 0.01640625 0.021875
1 0.58203125 0.7828125 0.01328125 0.01015625
1 0.54140625 0.7765625 0.01328125 0.0109375
4 0.725 0.83828125 0.0296875 0.1484375
7 0.5640625 0.82109375 0.04140625 0.03203125
7 0.096875 0.7203125 0.05546875 0.0421875
7 0.3296875 0.771875 0.040625 0.03203125
4 0.67890625 0.9046875 0.01796875 0.021875
21 0.321875 0.834375 0.12890625 0.11015625
21 0.090625 0.7859375 0.1328125 0.11640625
19 0.1671875 0.803125 0.01015625 0.01484375
21 0.55703125 0.8890625 0.128125 0.11640625
19 0.40078125 0.85546875 0.01171875 0.01640625
19 0.63359375 0.90546875 0.01171875 0.015625
4 0.44921875 0.88125 0.01640625 0.0203125
4 0.215625 0.83203125 0.01875 0.02421875
1 0.0796875 0.82890625 0.01640625 0.01171875
1 0.3109375 0.88046875 0.01640625 0.01328125
1 0.546875 0.93359375 0.01640625 0.0140625
20 0.625 0.96171875 0.01640625 0.0234375
20 0.1578125 0.86171875 0.0171875 0.0234375
20 0.38515625 0.91328125 0.01640625 0.02265625
17 0.3 0.00625 0.0046875 0.01171875
17 0.34453125 0.01640625 0.00546875 0.0125
17 0.27734375 0.00390625 0.00546875 0.0078125
17 0.2890625 0.00546875 0.00546875 0.0109375
17 0.29375 0.00546875 0.00625 0.0109375
17 0.31171875 0.009375 0.0046875 0.01171875
17 0.32265625 0.0125 0.00546875 0.01328125
17 0.32734375 0.01328125 0.00546875 0.0125
17 0.3390625 0.015625 0.0046875 0.0125
12 0.13828125 0.86953125 0.0109375 0.00859375
7 0.31015625 0.9078125 0.0546875 0.04140625
12 0.60546875 0.97265625 0.0125 0.009375
7 0.0796875 0.85859375 0.053125 0.04140625
17 0.62421875 0.97734375 0.00859375 0.00625
17 0.1578125 0.8765625 0.00859375 0.00625
7 0.5453125 0.96015625 0.05390625 0.04140625
17 0.28203125 0.0046875 0.0046875 0.009375
17 0.30546875 0.0078125 0.0046875 0.01171875
17 0.31796875 0.01171875 0.00390625 0.01171875
17 0.33359375 0.01484375 0.00546875 0.01328125
12 0.365625 0.92109375 0.0125 0.009375
17 0.38515625 0.9265625 0.00859375 0.00625
17 0.6234375 0.98203125 0.0078125 0.00546875
17 0.15625 0.88203125 0.00859375 0.00546875
17 0.384375 0.9328125 0.00859375 0.00546875
17 0.353125 0.02265625 0.00859375 0.00625
17 0.2625 0.003125 0.009375 0.00546875
17 0.35234375 0.0296875 0.00859375 0.00625
17 0.26171875 0.0109375 0.00859375 0.00546875
17 0.2609375 0.01796875 0.0078125 0.00546875
17 0.35234375 0.03671875 0.00859375 0.00546875
4 0.8875 0.159375 0.015625 0.021875
17 0.35078125 0.04453125 0.00859375 0.00703125
17 0.26015625 0.025 0.00859375 0.00546875
17 0.259375 0.0328125 0.00859375 0.00546875
17 0.35078125 0.053125 0.00859375 0.00625
17 0.25859375 0.040625 0.00859375 0.00546875
17 0.34921875 0.06015625 0.009375 0.00703125
17 0.2578125 0.0484375 0.00859375 0.00546875
17 0.3484375 0.06796875 0.00859375 0.00625
0 0.05703125 0.01796875 0.01875 0.0359375
17 0.25703125 0.05625 0.00859375 0.00546875
17 0.34765625 0.07578125 0.00859375 0.00703125
17 0.38203125 0.0828125 0.00859375 0.00546875
17 0.4078125 0.0890625 0.00859375 0.00625
20 0.56484375 0.12890625 0.01796875 0.025
17 0.346875 0.08359375 0.00859375 0.00703125
17 0.25546875 0.06328125 0.00859375 0.00625
9 0.2984375 0.07578125 0.08125 0.121875
12 0.54765625 0.13125 0.01328125 0.01171875
4 0.3921875 0.1 0.03828125 0.028125
0 0.5140625 0.1265625 0.04296875 0.05859375
17 0.2546875 0.07109375 0.00859375 0.00546875
17 0.3453125 0.090625 0.00859375 0.00625
17 0.5640625 0.1421875 0.00859375 0.00546875
17 0.25390625 0.07890625 0.00859375 0.00546875
17 0.34453125 0.0984375 0.00859375 0.00625
17 0.56328125 0.14765625 0.00859375 0.00546875
4 0.94765625 0.234375 0.0390625 0.134375
17 0.253125 0.0859375 0.00859375 0.00625
17 0.34453125 0.10625 0.00859375 0.00625
18 0.1171875 0.059375 0.05703125 0.07734375
17 0.37734375 0.11640625 0.00859375 0.00546875
1 0.39140625 0.11953125 0.01328125 0.009375
17 0.40546875 0.1234375 0.0078125 0.00703125
17 0.2515625 0.09375 0.00859375 0.00546875
17 0.34296875 0.11328125 0.00859375 0.00546875
4 0.17421875 0.07734375 0.01640625 0.02109375
17 0.25078125 0.1015625 0.00859375 0.00546875
17 0.3421875 0.121875 0.00859375 0.00703125
4 0.3875 0.1328125 0.0375 0.02578125
4 0.99375 0.26953125 0.01171875 0.1046875
17 0.25 0.109375 0.00859375 0.00546875
0 0.05078125 0.065625 0.01796875 0.053125
17 0.34140625 0.12890625 0.00859375 0.00625
17 0.33984375 0.13671875 0.00859375 0.00625
17 0.24921875 0.11640625 0.00859375 0.00625
17 0.2484375 0.125 0.00859375 0.00546875
17 0.3390625 0.14375 0.00859375 0.00625
0 0.890625 0.26640625 0.0421875 0.05703125
4 0.44375 0.1703125 0.01640625 0.0234375
11 0.85078125 0.25859375 0.0234375 0.04140625
17 0.24765625 0.13125 0.0078125 0.00625
17 0.33828125 0.1515625 0.00859375 0.00703125
20 0.55625 0.2078125 0.01640625 0.02421875
12 0.5390625 0.2109375 0.0125 0.00859375
17 0.25703125 0.1515625 0.0046875 0.0125
17 0.27890625 0.15625 0.0046875 0.01171875
17 0.2734375 0.15546875 0.00390625 0.01171875
17 0.290625 0.159375 0.0046875 0.01171875
17 0.26875 0.1546875 0.0046875 0.0125
17 0.28515625 0.1578125 0.00546875 0.0125
17 0.2625 0.153125 0.0046875 0.01171875
17 0.29609375 0.1609375 0.00546875 0.0125
17 0.3015625 0.16171875 0.00546875 0.0125
17 0.30703125 0.1625 0.00390625 0.0125
17 0.3125 0.1640625 0.0046875 0.0125
17 0.3296875 0.16796875 0.00546875 0.0125
17 0.25078125 0.15078125 0.00546875 0.0125
17 0.31796875 0.16484375 0.0046875 0.0125
17 0.32421875 0.1671875 0.00546875 0.0125
0 0.50390625 0.209375 0.04296875 0.05859375
17 0.55390625 0.22109375 0.00859375 0.00625
19 0.04765625 0.11171875 0.0203125 0.02890625
4 0.71171875 0.2578125 0.278125 0.34921875
17 0.553125 0.2265625 0.009375 0.00703125
20 0.11953125 0.15546875 0.0171875 0.0234375
20 0.0546875 0.1421875 0.01796875 0.021875
12 0.0390625 0.1484375 0.00859375 0.0078125
12 0.1015625 0.16171875 0.01328125 0.0109375
17 0.05390625 0.15546875 0.00859375 0.00546875
17 0.11796875 0.16953125 0.00859375 0.00546875
17 0.05390625 0.16015625 0.00859375 0.00546875
17 0.11796875 0.17421875 0.00859375 0.00546875
12 0.84921875 0.3421875 0.0125 0.009375
17 0.8640625 0.3453125 0.009375 0.0078125
13 0.11640625 0.1859375 0.01015625 0.00859375
4 0.42890625 0.27265625 0.01640625 0.0234375
12 0.84765625 0.365625 0.01328125 0.009375
17 0.86171875 0.36953125 0.00859375 0.00625
4 0.0359375 0.19453125 0.01484375 0.021875