16 0.45 0.34453125 0.00390625 0.01015625
16 0.4390625 0.34453125 0.003125 0.0109375
16 0.4609375 0.34453125 0.00390625 0.01015625
16 0.46640625 0.34453125 0.003125 0.0109375
16 0.40703125 0.34453125 0.003125 0.01171875
16 0.4234375 0.34453125 0.003125 0.01171875
16 0.42890625 0.34453125 0.003125 0.01171875
16 0.44453125 0.34453125 0.003125 0.0109375
16 0.45546875 0.34453125 0.003125 0.009375
16 0.4125 0.34453125 0.00390625 0.0109375
16 0.41796875 0.34453125 0.00390625 0.01171875
16 0.434375 0.34453125 0.003125 0.0109375
16 0.47109375 0.34453125 0.00390625 0.0109375
16 0.4765625 0.34453125 0.003125 0.0109375
16 0.4875 0.34453125 0.003125 0.0109375
16 0.06484375 0.34453125 0.00390625 0.01015625
16 0.49296875 0.3453125 0.003125 0.0109375
16 0.4984375 0.3453125 0.003125 0.0109375
16 0.059375 0.3453125 0.003125 0.0109375
16 0.1078125 0.3453125 0.00390625 0.0109375
16 0.075 0.3453125 0.003125 0.0109375
16 0.096875 0.3453125 0.00390625 0.0109375
16 0.08046875 0.3453125 0.003125 0.0109375
16 0.0859375 0.3453125 0.00390625 0.0109375
16 0.09140625 0.3453125 0.003125 0.0109375
16 0.10234375 0.3453125 0.00390625 0.0109375
16 0.1125 0.3453125 0.00390625 0.0109375
16 0.12890625 0.3453125 0.00390625 0.01171875
16 0.0703125 0.3453125 0.003125 0.0109375
16 0.11796875 0.3453125 0.003125 0.0109375
16 0.1234375 0.3453125 0.00390625 0.0109375
16 0.134375 0.3453125 0.00390625 0.0125
16 0.4828125 0.34609375 0.003125 0.0109375
16 0.1390625 0.34609375 0.003125 0.01171875
16 0.15 0.34609375 0.003125 0.01171875
16 0.14453125 0.34609375 0.00390625 0.0109375
16 0.15859375 0.35078125 0.00859375 0.0046875
16 0.39765625 0.35234375 0.00859375 0.0046875
16 0.159375 0.3578125 0.00859375 0.0046875
16 0.05546875 0.3578125 0.0078125 0.0046875
16 0.3984375 0.359375 0.00859375 0.0046875
4 0.92265625 0.359375 0.015625 0.01953125
16 0.5015625 0.36015625 0.0078125 0.0046875
4 0.83359375 0.36171875 0.0125 0.0171875
16 0.05546875 0.36484375 0.00859375 0.0046875
16 0.15859375 0.36484375 0.0078125 0.0046875
16 0.39765625 0.3671875 0.0078125 0.0046875
16 0.50234375 0.3671875 0.0078125 0.0046875
16 0.05546875 0.371875 0.0078125 0.0046875
16 0.15859375 0.37265625 0.0078125 0.00390625
16 0.39765625 0.37421875 0.00859375 0.0046875
16 0.5015625 0.37421875 0.0078125 0.0046875
16 0.05546875 0.37890625 0.0078125 0.0046875
16 0.159375 0.3796875 0.0078125 0.0046875
16 0.39765625 0.38125 0.00859375 0.0046875
16 0.5015625 0.38203125 0.0078125 0.0046875
16 0.05546875 0.38671875 0.0078125 0.0046875
16 0.15859375 0.38671875 0.0078125 0.0046875
2 0.02890625 0.3875 0.0125 0.00546875
16 0.0171875 0.3875 0.0078125 0.0046875
16 0.03984375 0.38828125 0.0078125 0.00546875
16 0.39765625 0.38828125 0.00859375 0.0046875
16 0.52421875 0.38828125 0.00703125 0.0046875
13 0.54921875 0.38828125 0.00859375 0.0046875
16 0.50234375 0.3890625 0.0078125 0.0046875
16 0.05546875 0.39375 0.0078125 0.0046875
16 0.15859375 0.39375 0.0078125 0.0046875
16 0.3984375 0.39609375 0.0078125 0.0046875
16 0.5015625 0.39609375 0.00703125 0.0046875
9 0.275 0.39921875 0.15625 0.21328125
11 0.53203125 0.39921875 0.02265625 0.01953125
4 0.0265625 0.40078125 0.03515625 0.0171875
4 0.5484375 0.40078125 0.0109375 0.015625
16 0.05546875 0.40078125 0.0078125 0.0046875
16 0.15859375 0.4015625 0.0078125 0.0046875
9 0.45078125 0.40234375 0.075 0.09140625
16 0.39765625 0.403125 0.0078125 0.00546875
16 0.5015625 0.40390625 0.00703125 0.0046875
9 0.103125 0.40390625 0.07578125 0.09140625
16 0.05546875 0.40859375 0.0078125 0.0046875
16 0.15859375 0.40859375 0.00859375 0.0046875
16 0.39765625 0.41015625 0.0078125 0.0046875
16 0.5015625 0.4109375 0.00703125 0.0046875
16 0.0546875 0.415625 0.0078125 0.0046875
16 0.15859375 0.415625 0.0078125 0.0046875
2 0.5390625 0.41640625 0.01171875 0.00625
16 0.55078125 0.4171875 0.0078125 0.0046875
16 0.39765625 0.41796875 0.0078125 0.0046875
13 0.52265625 0.41796875 0.0078125 0.00546875
16 0.01796875 0.41796875 0.0078125 0.00390625
16 0.040625 0.41796875 0.0078125 0.0046875
16 0.5015625 0.41875 0.0078125 0.0046875
11 0.6375 0.421875 0.01484375 0.0328125
11 0.6625 0.421875 0.0109375 0.03359375
11 0.6515625 0.421875 0.0109375 0.03359375
11 0.6734375 0.421875 0.0109375 0.03359375
4 0.68828125 0.42265625 0.01953125 0.03203125
16 0.05546875 0.42265625 0.0078125 0.0046875
16 0.15859375 0.4234375 0.0078125 0.0046875
16 0.39765625 0.425 0.0078125 0.0046875
16 0.5015625 0.42578125 0.00703125 0.0046875
11 0.54140625 0.42890625 0.02421875 0.0203125
4 0.5953125 0.42890625 0.0125 0.01796875
11 0.01875 0.42890625 0.02734375 0.01953125
4 0.03828125 0.4296875 0.01171875 0.01640625
4 0.525 0.4296875 0.0109375 0.0171875
16 0.05546875 0.43046875 0.0078125 0.00546875
16 0.15859375 0.43046875 0.0078125 0.0046875
16 0.39765625 0.4328125 0.0078125 0.0046875
16 0.5015625 0.4328125 0.0078125 0.0046875
16 0.05546875 0.4375 0.0078125 0.0046875
16 0.15859375 0.43828125 0.0078125 0.0046875
16 0.39765625 0.43984375 0.00859375 0.0046875
16 0.5015625 0.43984375 0.0078125 0.0046875
16 0.05546875 0.4453125 0.0078125 0.00546875
16 0.15859375 0.4453125 0.0078125 0.0046875
16 0.39765625 0.446875 0.00859375 0.0046875
16 0.50234375 0.44765625 0.0078125 0.0046875
16 0.15859375 0.45234375 0.00859375 0.0046875
16 0.39765625 0.4546875 0.00859375 0.0046875
16 0.0640625 0.459375 0.003125 0.0109375
16 0.06953125 0.459375 0.003125 0.0109375
16 0.075 0.459375 0.003125 0.0109375
16 0.1234375 0.459375 0.003125 0.0109375
16 0.1390625 0.459375 0.003125 0.0109375
16 0.14453125 0.459375 0.003125 0.01171875
16 0.059375 0.46015625 0.003125 0.0109375
16 0.096875 0.46015625 0.003125 0.0109375
16 0.1015625 0.46015625 0.003125 0.0109375
16 0.10703125 0.46015625 0.003125 0.01171875
16 0.1125 0.46015625 0.003125 0.0109375
16 0.43359375 0.46015625 0.00390625 0.0109375
16 0.48203125 0.46015625 0.003125 0.0109375
16 0.11796875 0.46015625 0.00390625 0.01171875
16 0.12890625 0.46015625 0.00390625 0.0109375
16 0.13359375 0.46015625 0.003125 0.0109375
16 0.15 0.46015625 0.003125 0.01171875
16 0.4125 0.46015625 0.003125 0.01015625
16 0.4390625 0.46015625 0.003125 0.0109375
16 0.465625 0.46015625 0.003125 0.0109375
16 0.08046875 0.46015625 0.003125 0.0109375
16 0.0859375 0.46015625 0.003125 0.01171875
16 0.09140625 0.46015625 0.00390625 0.0109375
16 0.40703125 0.46015625 0.003125 0.01015625
16 0.41796875 0.46015625 0.00390625 0.0109375
16 0.46015625 0.46015625 0.003125 0.0109375
16 0.4765625 0.46015625 0.003125 0.0109375
16 0.4234375 0.46015625 0.003125 0.01171875
16 0.42890625 0.46015625 0.00390625 0.01171875
16 0.45 0.46015625 0.003125 0.0109375
16 0.47109375 0.46015625 0.00390625 0.0109375
16 0.4875 0.46015625 0.00390625 0.01171875
16 0.4921875 0.46015625 0.003125 0.0109375
16 0.44453125 0.4609375 0.003125 0.01171875
16 0.45546875 0.4609375 0.00390625 0.01171875
16 0.4984375 0.4609375 0.003125 0.0109375
4 0.7515625 0.475 0.03515625 0.0171875
4 0.54921875 0.484375 0.01328125 0.0203125
4 0.1421875 0.4875 0.0140625 0.01875
16 0.584375 0.48984375 0.02734375 0.015625
16 0.6546875 0.48984375 0.025 0.015625
19 0.6890625 0.49765625 0.01015625 0.01484375
9 0.8 0.5 0.034375 0.040625
4 0.40625 0.509375 0.0140625 0.01875
20 0.66171875 0.51875 0.0140625 0.01875
10 0.26328125 0.5234375 0.00703125 0.0203125
12 0.6421875 0.52578125 0.01171875 0.00859375
16 0.66171875 0.53203125 0.0078125 0.0046875
19 0.690625 0.53671875 0.0109375 0.01484375
7 0.56796875 0.55078125 0.0484375 0.028125
7 0.64765625 0.553125 0.04765625 0.02890625
16 0.06875 0.5546875 0.0078125 0.0046875
16 0.1296875 0.55703125 0.0078125 0.0046875
2 0.6921875 0.5578125 0.01484375 0.01015625
4 0.0265625 0.5625 0.05234375 0.1875
2 0.1296875 0.5640625 0.0125 0.00703125
10 0.06640625 0.56484375 0.0140625 0.009375
16 0.60625 0.565625 0.0125 0.00703125
2 0.61796875 0.56640625 0.0078125 0.0046875
9 0.09921875 0.571875 0.0359375 0.04140625
16 0.61796875 0.571875 0.00859375 0.0046875
2 0.1296875 0.57265625 0.0125 0.00625
2 0.6796875 0.57578125 0.01484375 0.009375
10 0.06640625 0.57578125 0.01484375 0.01015625
2 0.621875 0.57890625 0.0109375 0.00625
9 0.8 0.5796875 0.034375 0.04140625
2 0.1296875 0.5828125 0.0125 0.00703125
13 0.67890625 0.58515625 0.00859375 0.00703125
16 0.61796875 0.5859375 0.00703125 0.00546875
2 0.06640625 0.590625 0.0125 0.00703125
2 0.6796875 0.59140625 0.0125 0.00703125
2 0.1296875 0.59140625 0.0125 0.00703125
2 0.62109375 0.59296875 0.01171875 0.00625
16 0.61796875 0.6 0.0078125 0.00546875
2 0.69765625 0.60390625 0.00703125 0.0203125
2 0.62109375 0.60625 0.0125 0.00625
4 0.746875 0.6078125 0.02421875 0.13984375
10 0.571875 0.6125 0.06171875 0.078125
9 0.64609375 0.6171875 0.034375 0.06015625
7 0.67890625 0.6296875 0.0203125 0.06484375
2 0.28125 0.63046875 0.003125 0.0109375
7 0.2890625 0.63203125 0.01015625 0.03125
2 0.29921875 0.63203125 0.00390625 0.01796875
2 0.6984375 0.6328125 0.00703125 0.0203125
2 0.246875 0.6328125 0.00546875 0.01796875
7 0.23828125 0.63359375 0.01015625 0.03125
2 0.23046875 0.63359375 0.003125 0.0109375
4 0.4890625 0.634375 0.01328125 0.0203125
4 0.3765625 0.6359375 0.0140625 0.01640625
4 0.1890625 0.6359375 0.0140625 0.01796875
3 0.315625 0.63984375 0.0234375 0.046875
3 0.2640625 0.64140625 0.0234375 0.046875
16 0.334375 0.6578125 0.00859375 0.0046875
16 0.28046875 0.659375 0.0078125 0.0046875
4 0.796875 0.665625 0.01328125 0.01953125
2 0.61796875 0.6765625 0.0125 0.00703125
16 0.57421875 0.68359375 0.03203125 0.02578125
4 0.171875 0.69765625 0.040625 0.05546875
4 0.228125 0.69765625 0.04140625 0.0578125
4 0.61640625 0.69921875 0.0328125 0.0296875
16 0.575 0.70546875 0.02734375 0.015625
4 0.35546875 0.71015625 0.13359375 0.03359375
18 0.0421875 0.7109375 0.084375 0.06875
4 0.4625 0.7109375 0.03359375 0.03359375
16 0.12109375 0.71171875 0.0078125 0.00546875
11 0.428125 0.7125 0.0109375 0.0359375
11 0.43984375 0.7125 0.01171875 0.03828125
12 0.1078125 0.7125 0.0109375 0.00859375
19 0.690625 0.7140625 0.01015625 0.01328125
2 0.5765625 0.71953125 0.0125 0.0078125
4 0.6390625 0.73984375 0.0125 0.01953125
7 0.57421875 0.73984375 0.04765625 0.02890625
4 0.1609375 0.7546875 0.01328125 0.0203125
4 0.3921875 0.75546875 0.01328125 0.01796875
2 0.61484375 0.7578125 0.0125 0.00703125
2 0.57578125 0.76015625 0.0125 0.0078125
4 0.75390625 0.78125 0.0125 0.13984375
7 0.6015625 0.796875 0.0375 0.02265625
7 0.1546875 0.7984375 0.04921875 0.03046875
7 0.378125 0.7984375 0.03671875 0.02265625
4 0.03203125 0.809375 0.0640625 0.08671875
4 0.7171875 0.85234375 0.01484375 0.01796875
21 0.37734375 0.859375 0.1140625 0.08125
21 0.15703125 0.8609375 0.1171875 0.0859375
19 0.2296875 0.86171875 0.00859375 0.01328125
21 0.60234375 0.86171875 0.1125 0.08671875
19 0.453125 0.8625 0.009375 0.01328125
19 0.67578125 0.8625 0.009375 0.01328125
4 0.5015625 0.8765625 0.01328125 0.0171875
4 0.278125 0.878125 0.01640625 0.0203125
19 0.03046875 0.88203125 0.0171875 0.021875
4 0.0578125 0.89140625 0.01328125 0.0203125
2 0.1515625 0.903125 0.01484375 0.009375
2 0.371875 0.90390625 0.01484375 0.01015625
2 0.59765625 0.90546875 0.01484375 0.01015625
20 0.6734375 0.915625 0.0140625 0.0203125
20 0.228125 0.9171875 0.0140625 0.01953125
20 0.4453125 0.91953125 0.01328125 0.01953125
16 0.26796875 0.0921875 0.00390625 0.0109375
16 0.31015625 0.0921875 0.00390625 0.01171875
16 0.24609375 0.09296875 0.00390625 0.0109375
16 0.25703125 0.09296875 0.00390625 0.0109375
16 0.2625 0.09296875 0.00390625 0.0109375
16 0.278125 0.09296875 0.00390625 0.0109375
16 0.2890625 0.09296875 0.00390625 0.0125
16 0.29453125 0.09296875 0.00390625 0.01171875
16 0.30546875 0.09296875 0.003125 0.01171875
12 0.21015625 0.92890625 0.01015625 0.00703125
7 0.37421875 0.92890625 0.04921875 0.02890625
12 0.65703125 0.9296875 0.01171875 0.00703125
7 0.15390625 0.9296875 0.04765625 0.02890625
16 0.67421875 0.9296875 0.0078125 0.0046875
16 0.22890625 0.93046875 0.0078125 0.00546875
7 0.59921875 0.93046875 0.04765625 0.0296875
16 0.2515625 0.09296875 0.00390625 0.01171875
16 0.2734375 0.09296875 0.00390625 0.0109375
16 0.28515625 0.09296875 0.003125 0.01015625
16 0.3 0.09296875 0.00390625 0.0125
12 0.42734375 0.93046875 0.01171875 0.00703125
16 0.44609375 0.93203125 0.00859375 0.00546875
16 0.67421875 0.9359375 0.00703125 0.0046875
16 0.22890625 0.9359375 0.0078125 0.0046875
16 0.44609375 0.9375 0.0078125 0.0046875
16 0.31953125 0.09609375 0.0078125 0.0046875
16 0.2328125 0.09609375 0.0078125 0.0046875
16 0.31953125 0.103125 0.0078125 0.0046875
16 0.2328125 0.10390625 0.0078125 0.0046875
16 0.2328125 0.11015625 0.00703125 0.0046875
16 0.31953125 0.1109375 0.00859375 0.0046875
4 0.83125 0.115625 0.01328125 0.01796875
16 0.31953125 0.11796875 0.0078125 0.00546875
16 0.2328125 0.11796875 0.0078125 0.0046875
16 0.2328125 0.125 0.0078125 0.0046875
16 0.31953125 0.125 0.0078125 0.00546875
16 0.2328125 0.1328125 0.0078125 0.0046875
16 0.31953125 0.1328125 0.00859375 0.00546875
16 0.2328125 0.13984375 0.0078125 0.0046875
16 0.31953125 0.13984375 0.0078125 0.00546875
0 0.0296875 0.14375 0.0359375 0.04921875
16 0.2328125 0.146875 0.0078125 0.0046875
16 0.31953125 0.146875 0.0078125 0.00546875
16 0.35234375 0.14765625 0.00859375 0.0046875
16 0.37734375 0.14765625 0.00859375 0.0046875
20 0.528125 0.15234375 0.015625 0.02109375
16 0.31953125 0.1546875 0.0078125 0.00546875
16 0.2328125 0.1546875 0.0078125 0.0046875
9 0.2734375 0.15703125 0.06640625 0.10234375
12 0.51171875 0.15859375 0.01171875 0.00859375
4 0.36328125 0.16015625 0.034375 0.01953125
0 0.4796875 0.1609375 0.03515625 0.04921875
16 0.23203125 0.16171875 0.0078125 0.0046875
16 0.31953125 0.16171875 0.0078125 0.00546875
16 0.528125 0.165625 0.0078125 0.0046875
16 0.2328125 0.16875 0.0078125 0.0046875
16 0.31953125 0.16875 0.0078125 0.0046875
16 0.528125 0.1703125 0.0078125 0.0046875
4 0.89609375 0.17421875 0.02421875 0.1234375
16 0.2328125 0.17578125 0.00859375 0.00546875
16 0.31953125 0.1765625 0.0078125 0.0046875
18 0.103125 0.17890625 0.046875 0.0640625
16 0.35234375 0.17890625 0.0078125 0.0046875
2 0.365625 0.1796875 0.0125 0.00625
16 0.37890625 0.1796875 0.00703125 0.00625
16 0.23203125 0.1828125 0.0078125 0.0046875
16 0.31953125 0.18359375 0.0078125 0.0046875
4 0.15859375 0.184375 0.0140625 0.01796875
16 0.23203125 0.190625 0.0078125 0.0046875
16 0.31953125 0.190625 0.0078125 0.00546875
4 0.3625 0.19296875 0.034375 0.0171875
4 0.96484375 0.19296875 0.0453125 0.09140625
16 0.23203125 0.19765625 0.0078125 0.0046875
0 0.0296875 0.19765625 0.03515625 0.04765625
16 0.31953125 0.1984375 0.00859375 0.00546875
16 0.31953125 0.20546875 0.0078125 0.00546875
16 0.2328125 0.20546875 0.0078125 0.0046875
16 0.23203125 0.2125 0.0078125 0.0046875
16 0.31953125 0.2125 0.00859375 0.0046875
0 0.846875 0.21484375 0.03515625 0.04765625
4 0.41953125 0.21640625 0.01328125 0.0203125
11 0.8078125 0.21640625 0.01875 0.03671875
16 0.2328125 0.21953125 0.00703125 0.0046875
16 0.31953125 0.2203125 0.0078125 0.00546875
20 0.528125 0.228125 0.0140625 0.0203125
12 0.5125 0.234375 0.01171875 0.00703125
16 0.24375 0.2359375 0.003125 0.01171875
16 0.26484375 0.2359375 0.00390625 0.0109375
16 0.259375 0.23671875 0.003125 0.0109375
16 0.27578125 0.23671875 0.00390625 0.0109375
16 0.25390625 0.23671875 0.003125 0.01171875
16 0.2703125 0.23671875 0.00390625 0.01171875
16 0.24921875 0.23671875 0.00390625 0.0109375
16 0.28046875 0.23671875 0.00390625 0.01171875
16 0.2859375 0.23671875 0.00390625 0.01171875
16 0.29140625 0.23671875 0.003125 0.01171875
16 0.296875 0.23671875 0.003125 0.01171875
16 0.3125 0.23671875 0.00390625 0.01171875
16 0.23828125 0.23671875 0.00390625 0.01171875
16 0.30234375 0.23671875 0.003125 0.01171875
16 0.3078125 0.23671875 0.00390625 0.01171875
0 0.4796875 0.23984375 0.03515625 0.04921875
16 0.52734375 0.24140625 0.00859375 0.0046875
19 0.0421875 0.24140625 0.01953125 0.0234375
4 0.67890625 0.2421875 0.23359375 0.28359375
16 0.52734375 0.24609375 0.00859375 0.0046875
20 0.115625 0.2671875 0.01484375 0.01953125
20 0.05390625 0.26796875 0.01484375 0.01875
12 0.0375 0.2765625 0.0109375 0.00625
12 0.1 0.27734375 0.0125 0.0078125
16 0.0546875 0.28046875 0.0078125 0.0046875
16 0.11640625 0.28046875 0.0078125 0.0046875
16 0.0546875 0.28515625 0.00859375 0.0046875
16 0.11640625 0.28515625 0.0078125 0.0046875
12 0.81640625 0.29375 0.01171875 0.00703125
16 0.83046875 0.29375 0.00859375 0.00546875
13 0.11640625 0.29609375 0.009375 0.00625
4 0.41640625 0.3140625 0.0140625 0.0203125
12 0.81640625 0.31640625 0.0125 0.00625
16 0.83046875 0.3171875 0.0078125 0.00546875
4 0.04140625 0.31953125 0.01328125 0.01796875