14 0.1953125 0.44921875 0.01484375 0.0671875
14 0.096875 0.46796875 0.0125 0.0203125
14 0.1515625 0.5 0.01484375 0.02421875
14 0.46484375 0.54140625 0.0609375 0.1609375
14 0.34921875 0.5421875 0.06171875 0.16328125
14 0.57109375 0.54453125 0.0609375 0.1640625
14 0.68828125 0.54609375 0.06015625 0.16171875
19 0.82734375 0.54765625 0.01640625 0.028125
14 0.91328125 0.54765625 0.06171875 0.16171875
19 0.7921875 0.5484375 0.01640625 0.028125
14 0.0859375 0.59296875 0.03359375 0.08359375
7 0.440625 0.0609375 0.02890625 0.08046875
14 0.278125 0.6265625 0.0140625 0.02890625
14 0.14609375 0.6484375 0.01484375 0.04453125
14 0.43046875 0.65546875 0.0125 0.046875
14 0.31875 0.65625 0.0171875 0.04765625
14 0.53984375 0.659375 0.0140625 0.046875
14 0.8828125 0.6609375 0.01484375 0.04921875
14 0.6609375 0.6625 0.0140625 0.05078125
14 0.8375 0.66640625 0.0140625 0.046875
14 0.621875 0.6921875 0.01484375 0.0296875
2 0.5609375 0.07109375 0.003125 0.0140625
14 0.075 0.72109375 0.01171875 0.02109375
14 0.9125 0.753125 0.015625 0.02734375
16 0.075 0.7546875 0.003125 0.0140625
14 0.45390625 0.0078125 0.0328125 0.015625
14 0.13125 0.80546875 0.08046875 0.03046875
14 0.27734375 0.83046875 0.06328125 0.1765625
7 0.51875 0.08359375 0.02890625 0.08203125
14 0.20390625 0.84765625 0.04375 0.0765625
2 0.5734375 0.08671875 0.00390625 0.02265625
2 0.4875 0.0875 0.0046875 0.02265625
16 0.771875 0.89765625 0.003125 0.015625
2 0.77734375 0.89765625 0.003125 0.0140625
2 0.828125 0.89765625 0.003125 0.0140625
2 0.803125 0.8984375 0.003125 0.01328125
2 0.85625 0.8984375 0.00390625 0.01484375
16 0.85078125 0.8984375 0.003125 0.01640625
16 0.79765625 0.89921875 0.003125 0.015625
16 0.82265625 0.89921875 0.003125 0.0171875
14 0.14375 0.90234375 0.0390625 0.02265625
2 0.584375 0.09140625 0.003125 0.0140625
2 0.54296875 0.0921875 0.0046875 0.02265625
2 0.60859375 0.0921875 0.00625 0.02109375
2 0.56171875 0.09296875 0.003125 0.0140625
2 0.4734375 0.0953125 0.00703125 0.0265625
2 0.58984375 0.0984375 0.0078125 0.00546875
7 0.6921875 0.1140625 0.0453125 0.05390625
16 0.59140625 0.11484375 0.003125 0.0140625
2 0.6015625 0.11484375 0.003125 0.01484375
16 0.575 0.115625 0.003125 0.0140625
16 0.57890625 0.115625 0.003125 0.0140625
16 0.5875 0.115625 0.003125 0.0140625
16 0.5828125 0.115625 0.003125 0.0140625
16 0.5953125 0.115625 0.003125 0.0140625
16 0.553125 0.11953125 0.003125 0.0140625
16 0.54921875 0.1203125 0.003125 0.01484375
16 0.56171875 0.1203125 0.003125 0.0140625
16 0.56953125 0.1203125 0.003125 0.0140625
16 0.565625 0.1203125 0.003125 0.0125
16 0.5578125 0.12109375 0.003125 0.0140625
16 0.6078125 0.13515625 0.0078125 0.00546875
16 0.6078125 0.14375 0.0078125 0.0046875
2 0.57734375 0.14609375 0.003125 0.01328125
2 0.60859375 0.1515625 0.00703125 0.00703125
16 0.56640625 0.1546875 0.0078125 0.00546875
16 0.58203125 0.16484375 0.003125 0.01328125
16 0.5546875 0.16484375 0.003125 0.0140625
16 0.58671875 0.16484375 0.003125 0.0140625
4 0.02890625 0.165625 0.028125 0.0671875
16 0.559375 0.165625 0.003125 0.01328125
16 0.56328125 0.165625 0.003125 0.0125
16 0.59609375 0.165625 0.003125 0.0140625
15 0.97109375 0.165625 0.01328125 0.02890625
16 0.6484375 0.16640625 0.0078125 0.00703125
16 0.6390625 0.1671875 0.00703125 0.00546875
16 0.63828125 0.17578125 0.0078125 0.00703125
16 0.6484375 0.17578125 0.00703125 0.00546875
2 0.60859375 0.18125 0.0046875 0.02265625
14 0.503125 0.1875 0.0265625 0.02265625
16 0.5546875 0.18984375 0.003125 0.0140625
16 0.559375 0.18984375 0.003125 0.01328125
16 0.5640625 0.190625 0.003125 0.0140625
16 0.58671875 0.19296875 0.003125 0.0140625
16 0.58203125 0.19375 0.003125 0.0140625
16 0.5953125 0.19453125 0.003125 0.0140625
15 0.97109375 0.20625 0.0125 0.02734375
2 0.53671875 0.21015625 0.00625 0.02734375
2 0.59140625 0.2125 0.003125 0.01640625
2 0.57421875 0.2140625 0.003125 0.01484375
2 0.57890625 0.2140625 0.003125 0.0140625
2 0.56953125 0.21484375 0.0046875 0.02265625
7 0.40078125 0.0234375 0.04453125 0.04296875
14 0.440625 0.2328125 0.02421875 0.06171875
2 0.5546875 0.24296875 0.003125 0.0140625
2 0.5703125 0.24453125 0.003125 0.01484375
2 0.60546875 0.2515625 0.00703125 0.0265625
2 0.57890625 0.2546875 0.0046875 0.021875
7 0.62890625 0.25546875 0.02890625 0.08125
2 0.59453125 0.25625 0.0046875 0.0234375
15 0.97109375 0.26875 0.01328125 0.028125
14 0.5890625 0.3125 0.0125 0.02109375
14 0.7484375 0.034375 0.01328125 0.02578125
14 0.93515625 0.35625 0.01640625 0.04609375
7 0.6828125 0.03671875 0.04609375 0.053125
2 0.3109375 0.37734375 0.0046875 0.01484375
14 0.2359375 0.38828125 0.01484375 0.1921875
16 0.11796875 0.390625 0.003125 0.01484375
14 0.78046875 0.3984375 0.025 0.03203125
14 0.73515625 0.42265625 0.01484375 0.05
14 0.50859375 0.42578125 0.01328125 0.04921875
14 0.3953125 0.42578125 0.0125 0.04609375
14 0.61640625 0.428125 0.0125 0.04609375