14 0.946875 0.2609375 0.034375 0.09765625
14 0.5953125 0.3296875 0.015625 0.02265625
4 0.446875 0.384375 0.271875 0.35
14 0.10234375 0.48125 0.03984375 0.06953125
14 0.6125 0.396875 0.01875 0.0546875
14 0.21953125 0.465625 0.0140625 0.01953125
14 0.82890625 0.4109375 0.1125 0.05078125
14 0.52734375 0.55078125 0.0140625 0.0203125
14 0.503125 0.56796875 0.0140625 0.01875
1 0.2171875 0.0796875 0.00625 0.01796875
14 0.4296875 0.6015625 0.11015625 0.03671875
1 0.20703125 0.08359375 0.00859375 0.02109375
1 0.22421875 0.08203125 0.00390625 0.01171875
7 0.50546875 0.61875 0.0390625 0.0703125
7 0.54609375 0.61328125 0.03671875 0.0703125
7 0.45078125 0.6625 0.0515625 0.05078125
7 0.68046875 0.634375 0.05234375 0.05078125
1 0.64375 0.6453125 0.00390625 0.01171875
17 0.4796875 0.67421875 0.00859375 0.00546875
14 0.809375 0.625 0.0140625 0.0203125
7 0.76640625 0.63359375 0.05234375 0.05078125
17 0.51875 0.678125 0.00859375 0.00625
1 0.4609375 0.69140625 0.00859375 0.00625
17 0.53671875 0.68046875 0.00859375 0.00546875
1 0.5828125 0.675 0.00390625 0.0109375
17 0.59375 0.67421875 0.00390625 0.0109375
17 0.5890625 0.67421875 0.00390625 0.01171875
17 0.57421875 0.67890625 0.0078125 0.0046875
1 0.55234375 0.6828125 0.00859375 0.021875
1 0.56328125 0.68125 0.00859375 0.021875
1 0.62421875 0.67109375 0.00859375 0.021875
1 0.615625 0.6734375 0.00546875 0.01875
17 0.50625 0.69453125 0.0078125 0.0046875
17 0.515625 0.69375 0.00859375 0.00546875
17 0.4953125 0.696875 0.00859375 0.00625
17 0.5296875 0.690625 0.00859375 0.00546875
1 0.46171875 0.70546875 0.00859375 0.00625
1 0.4734375 0.7046875 0.00625 0.01875
1 0.6796875 0.6734375 0.01328125 0.00859375
13 0.65859375 0.69140625 0.00390625 0.01328125
1 0.6796875 0.68828125 0.0078125 0.00625
17 0.4765625 0.7296875 0.00859375 0.00546875
1 0.50546875 0.7296875 0.00390625 0.0109375
1 0.525 0.7265625 0.00390625 0.0109375
1 0.53828125 0.7265625 0.00390625 0.01171875
7 0.72421875 0.69453125 0.0515625 0.05078125
13 0.66640625 0.7078125 0.0046875 0.0125
1 0.7609375 0.69453125 0.015625 0.0125
1 0.46484375 0.74765625 0.00859375 0.00625
13 0.66171875 0.7171875 0.0046875 0.0125
1 0.6171875 0.72578125 0.00859375 0.00546875
1 0.56953125 0.734375 0.00546875 0.01875
1 0.5953125 0.73125 0.00390625 0.0125
1 0.7625 0.70859375 0.01328125 0.00859375
13 0.6625 0.73046875 0.0046875 0.0125
1 0.546875 0.74921875 0.0078125 0.00546875
1 0.4015625 0.77734375 0.00859375 0.00546875
1 0.596875 0.74453125 0.00390625 0.01171875
1 0.5828125 0.74765625 0.0046875 0.0125
1 0.42421875 0.77421875 0.01328125 0.009375
1 0.44609375 0.7703125 0.00859375 0.00625
1 0.55703125 0.75390625 0.00859375 0.00625
13 0.66875 0.73828125 0.00390625 0.0125
1 0.61171875 0.75 0.00390625 0.0125
14 0.309375 0.80078125 0.01328125 0.0203125
1 0.571875 0.7578125 0.00546875 0.01796875
13 0.6796875 0.73984375 0.00390625 0.0125
1 0.53359375 0.765625 0.00859375 0.00625
1 0.6234375 0.75 0.00703125 0.00546875
1 0.56015625 0.76484375 0.00390625 0.0125
13 0.6640625 0.75 0.00390625 0.01328125
1 0.54375 0.7765625 0.00859375 0.00546875
1 0.58671875 0.76953125 0.00859375 0.00625
1 0.60625 0.7671875 0.00859375 0.00703125
1 0.55625 0.778125 0.00390625 0.0125
1 0.7453125 0.7453125 0.015625 0.01171875
1 0.59453125 0.771875 0.00390625 0.0125
13 0.6609375 0.76171875 0.0046875 0.01328125
1 0.5734375 0.7765625 0.00546875 0.0171875
13 0.67265625 0.76015625 0.00390625 0.01328125
1 0.60625 0.7734375 0.00703125 0.00703125
1 0.54453125 0.7828125 0.00859375 0.00625
1 0.56328125 0.7796875 0.00859375 0.00625
1 0.5328125 0.7875 0.00390625 0.0125
1 0.58046875 0.7796875 0.00390625 0.0109375
1 0.5859375 0.7796875 0.00390625 0.0125
1 0.590625 0.77890625 0.00390625 0.01171875
1 0.5515625 0.7859375 0.00390625 0.0109375
1 0.59921875 0.77734375 0.00390625 0.01171875
1 0.61875 0.77421875 0.00390625 0.0109375
1 0.71171875 0.7609375 0.0078125 0.00625
13 0.66875 0.76953125 0.0046875 0.01328125
1 0.48046875 0.80234375 0.01328125 0.0078125
1 0.55703125 0.79140625 0.00390625 0.0109375
1 0.5625 0.790625 0.00390625 0.01171875
1 0.60234375 0.78671875 0.0078125 0.00625
1 0.58203125 0.79375 0.00390625 0.0125
1 0.5671875 0.79609375 0.00390625 0.0109375
1 0.57421875 0.7953125 0.00546875 0.01875
1 0.58671875 0.79375 0.00390625 0.0125
13 0.66328125 0.78125 0.00390625 0.01328125
1 0.55546875 0.80078125 0.00859375 0.00546875
1 0.603125 0.79296875 0.00859375 0.00625
1 0.59375 0.7953125 0.00859375 0.00625
1 0.4828125 0.8140625 0.015625 0.0109375
1 0.70078125 0.78046875 0.0078125 0.00546875
1 0.646875 0.79140625 0.0078125 0.00546875
13 0.6734375 0.78828125 0.00390625 0.0125
1 0.72890625 0.78046875 0.015625 0.01171875
1 0.53984375 0.8125 0.01328125 0.00859375
1 0.55390625 0.81015625 0.0125 0.00859375
1 0.5671875 0.80859375 0.0140625 0.00859375
1 0.5828125 0.80625 0.0125 0.0078125
1 0.596875 0.80390625 0.01328125 0.00859375
1 0.61015625 0.80234375 0.01328125 0.00859375
13 0.6671875 0.796875 0.0046875 0.0125
1 0.484375 0.8296875 0.015625 0.01171875
1 0.54765625 0.821875 0.00859375 0.00546875
1 0.5578125 0.8203125 0.0078125 0.00625
1 0.5765625 0.8203125 0.00546875 0.01796875
1 0.56953125 0.821875 0.0046875 0.01171875
1 0.584375 0.81953125 0.00390625 0.01171875
1 0.5984375 0.81796875 0.00390625 0.01015625
1 0.73046875 0.79609375 0.015625 0.01171875
1 0.590625 0.821875 0.0078125 0.00625
13 0.66640625 0.8109375 0.0046875 0.01328125
1 0.4859375 0.8421875 0.0125 0.009375
1 0.565625 0.8296875 0.00390625 0.0125
1 0.5609375 0.83046875 0.00390625 0.01171875
1 0.45859375 0.84765625 0.00859375 0.00546875
1 0.5515625 0.83828125 0.00390625 0.0125
1 0.5703125 0.83515625 0.0046875 0.01171875
1 0.6234375 0.8265625 0.00390625 0.01171875
1 0.6046875 0.83046875 0.00390625 0.01328125
1 0.5875 0.83515625 0.0078125 0.0046875
1 0.6109375 0.8328125 0.00859375 0.00625
1 0.578125 0.8390625 0.00546875 0.01875
1 0.75390625 0.81015625 0.01328125 0.00859375
1 0.55703125 0.84375 0.00390625 0.01171875
1 0.6 0.8375 0.0046875 0.01171875
1 0.59453125 0.83828125 0.00390625 0.01171875
1 0.56640625 0.84296875 0.0046875 0.0125
13 0.66796875 0.828125 0.0046875 0.0140625
13 0.6765625 0.82578125 0.0046875 0.0140625
1 0.5875 0.8421875 0.00859375 0.00625
1 0.61171875 0.8375 0.0078125 0.00625
1 0.63125 0.84140625 0.0078125 0.00546875
1 0.7171875 0.8296875 0.0078125 0.00546875
1 0.4921875 0.87109375 0.00390625 0.01171875
1 0.53828125 0.86640625 0.00625 0.01171875
1 0.6203125 0.85390625 0.00390625 0.0125
13 0.67109375 0.8453125 0.0046875 0.0140625
13 0.6859375 0.84453125 0.0046875 0.0125
1 0.5703125 0.86484375 0.00625 0.00390625
1 0.609375 0.85859375 0.00859375 0.00546875
1 0.57734375 0.86640625 0.00859375 0.0125
1 0.640625 0.85625 0.00390625 0.01328125
1 0.71875 0.84921875 0.0078125 0.00625
1 0.5546875 0.8765625 0.00390625 0.01171875
13 0.68046875 0.86015625 0.0046875 0.01328125
13 0.6703125 0.86171875 0.0046875 0.0125
1 0.60859375 0.875 0.00390625 0.01171875
7 0.44765625 0.90625 0.05078125 0.05
1 0.55703125 0.890625 0.00390625 0.0109375
1 0.68125 0.8703125 0.01328125 0.0078125
1 0.5921875 0.8875 0.00390625 0.0125
1 0.7109375 0.86953125 0.0078125 0.00625
1 0.490625 0.91015625 0.01328125 0.00859375
1 0.57421875 0.9 0.00546875 0.01875
1 0.71171875 0.87734375 0.0078125 0.00625
1 0.68203125 0.884375 0.015625 0.0125
1 0.49140625 0.921875 0.015625 0.01171875
1 0.44921875 0.93203125 0.00703125 0.00546875
1 0.47109375 0.92890625 0.0078125 0.00546875
13 0.6734375 0.89921875 0.00390625 0.01328125
1 0.49453125 0.93125 0.0078125 0.0046875
1 0.46640625 0.93671875 0.0078125 0.0046875
1 0.5671875 0.92890625 0.00859375 0.00546875
1 0.48984375 0.94453125 0.00703125 0.00625
1 0.7265625 0.9046875 0.00390625 0.0109375
1 0.5140625 0.94296875 0.00703125 0.00625
13 0.66875 0.91875 0.009375 0.00625
1 0.58984375 0.934375 0.00859375 0.021875
7 0.70078125 0.91640625 0.05078125 0.0515625
17 0.5671875 0.93984375 0.00390625 0.0109375
1 0.60859375 0.9328125 0.00546875 0.01875
17 0.57109375 0.9390625 0.00390625 0.0125
1 0.50078125 0.9515625 0.0046875 0.01171875
1 0.628125 0.93046875 0.00859375 0.021875
1 0.65625 0.92734375 0.00859375 0.021875
1 0.6484375 0.928125 0.00546875 0.01875
1 0.4828125 0.95859375 0.015625 0.0109375
1 0.55 0.9546875 0.0078125 0.00546875
1 0.540625 0.9578125 0.0078125 0.00546875
1 0.56484375 0.953125 0.00703125 0.00546875
1 0.4734375 0.97734375 0.00859375 0.00546875
17 0.5390625 0.96640625 0.00390625 0.0109375
17 0.54375 0.96640625 0.003125 0.01015625
17 0.54765625 0.96640625 0.00390625 0.0109375
17 0.55234375 0.965625 0.00390625 0.01015625
17 0.56484375 0.96328125 0.00390625 0.0109375
1 0.5171875 0.9734375 0.00390625 0.0109375
17 0.590625 0.96171875 0.003125 0.01015625
17 0.584375 0.96328125 0.00390625 0.01171875
17 0.6 0.96328125 0.0046875 0.0109375
17 0.54296875 0.9765625 0.00859375 0.00546875
17 0.54609375 0.98671875 0.00390625 0.01015625
17 0.54140625 0.9875 0.00390625 0.0109375
14 0.37421875 0.9953125 0.01640625 0.00859375
14 0.50859375 0.9890625 0.0140625 0.02109375
14 0.53125 0.98671875 0.0125 0.0234375
1 0.56796875 0.1203125 0.00390625 0.0109375
1 0.57578125 0.121875 0.00546875 0.01796875
1 0.21796875 0.18359375 0.00625 0.01796875
1 0.2265625 0.18203125 0.00390625 0.0125
1 0.584375 0.12265625 0.0078125 0.021875
1 0.2078125 0.1859375 0.00859375 0.021875
14 0.2546875 0.2625 0.0171875 0.05
14 0.10625 0.3828125 0.09921875 0.04921875
14 0.22890625 0.37734375 0.0171875 0.03671875