1 0.6578125 0.36484375 0.0078125 0.00625
1 0.5296875 0.34375 0.0078125 0.00625
17 0.7796875 0.3875 0.00390625 0.01015625
17 0.75390625 0.384375 0.00390625 0.01015625
7 0.47734375 0.33984375 0.025 0.01875
4 0.4484375 0.33828125 0.01484375 0.0203125
17 0.90390625 0.415625 0.003125 0.009375
17 0.8921875 0.41328125 0.00390625 0.009375
17 0.9140625 0.41640625 0.00390625 0.009375
17 0.9375 0.42109375 0.00390625 0.009375
17 0.45703125 0.340625 0.0046875 0.0109375
1 0.4921875 0.346875 0.00390625 0.01171875
1 0.49765625 0.3484375 0.00390625 0.0109375
13 0.94765625 0.4296875 0.00390625 0.0109375
17 0.525 0.3625 0.0078125 0.00625
9 0.5890625 0.378125 0.1171875 0.1625
1 0.52421875 0.36875 0.0078125 0.00625
1 0.65234375 0.39375 0.0078125 0.00625
17 0.90703125 0.43828125 0.00390625 0.01015625
17 0.52421875 0.375 0.0078125 0.00625
17 0.92890625 0.44453125 0.00390625 0.01015625
12 0.75078125 0.415625 0.01484375 0.03984375
12 0.77734375 0.41953125 0.01484375 0.0390625
1 0.65234375 0.39921875 0.0078125 0.00625
17 0.5234375 0.38046875 0.0078125 0.00546875
17 0.434375 0.3671875 0.0046875 0.01015625
1 0.52265625 0.38671875 0.00703125 0.00625
3 0.4703125 0.38125 0.0375 0.0546875
1 0.64921875 0.41484375 0.0078125 0.00625
1 0.52265625 0.39375 0.0078125 0.00703125
4 0.4328125 0.38203125 0.0140625 0.01484375
17 0.49453125 0.3953125 0.00390625 0.01015625
1 0.6578125 0.42734375 0.01484375 0.01171875
1 0.51875 0.41328125 0.0125 0.00859375
1 0.64609375 0.4421875 0.0078125 0.0046875
11 0.43046875 0.40703125 0.01640625 0.0390625
4 0.803125 0.4703125 0.0140625 0.0203125
1 0.54296875 0.4546875 0.0046875 0.01015625
14 0.2234375 0.40234375 0.1109375 0.0515625
1 0.5859375 0.46484375 0.00390625 0.01015625
1 0.58046875 0.46640625 0.00390625 0.01171875
17 0.59609375 0.47109375 0.00390625 0.01171875
1 0.57265625 0.4671875 0.0078125 0.0203125
13 0.428125 0.44296875 0.0046875 0.0125
17 0.8984375 0.52265625 0.00390625 0.0109375
7 0.46484375 0.453125 0.03515625 0.0671875
1 0.61953125 0.4796875 0.0078125 0.0203125
7 0.50390625 0.46015625 0.03515625 0.0671875
7 0.65625 0.4953125 0.0359375 0.0671875
17 0.60390625 0.5015625 0.00390625 0.01171875
17 0.5921875 0.5 0.00390625 0.01171875
17 0.56953125 0.49609375 0.00390625 0.01171875
17 0.5640625 0.49609375 0.0046875 0.0109375
13 0.25078125 0.4453125 0.0078125 0.00625
17 0.2625 0.44765625 0.0078125 0.00625
17 0.8984375 0.56796875 0.01484375 0.0140625
9 0.8390625 0.559375 0.0203125 0.021875
9 0.86171875 0.56328125 0.0203125 0.02109375
17 0.4109375 0.49140625 0.00390625 0.009375
17 0.41796875 0.4921875 0.00390625 0.009375
13 0.4359375 0.4953125 0.00390625 0.01171875
7 0.8796875 0.57421875 0.0171875 0.03203125
1 0.1796875 0.45859375 0.01015625 0.02109375
1 0.89765625 0.58359375 0.01171875 0.01171875
7 0.2734375 0.4796875 0.04921875 0.0484375
0 0.0359375 0.440625 0.0484375 0.04765625
20 0.1453125 0.459375 0.0578125 0.05
1 0.85703125 0.578125 0.01015625 0.009375
1 0.834375 0.575 0.01171875 0.0109375
14 0.92265625 0.59140625 0.0265625 0.0515625
7 0.19609375 0.4796875 0.02734375 0.05078125
1 0.82734375 0.58671875 0.0109375 0.009375
1 0.58359375 0.546875 0.00390625 0.01171875
1 0.57890625 0.54765625 0.0046875 0.0109375
1 0.178125 0.48125 0.0109375 0.01015625
1 0.85546875 0.59453125 0.00703125 0.01484375
1 0.93125 0.6078125 0.0078125 0.015625
1 0.8671875 0.5984375 0.01015625 0.0203125
17 0.87734375 0.6 0.009375 0.02109375
17 0.88671875 0.6015625 0.009375 0.0203125
1 0.57265625 0.55078125 0.00546875 0.0171875
1 0.5890625 0.553125 0.00625 0.01796875
1 0.56015625 0.54921875 0.0078125 0.0203125
10 0.84375 0.59765625 0.015625 0.03125
1 0.59921875 0.55625 0.0078125 0.0203125
20 0.22734375 0.4953125 0.01796875 0.02265625
19 0.8953125 0.61015625 0.009375 0.01328125
4 0.5109375 0.546875 0.01484375 0.02109375
19 0.16328125 0.48984375 0.00859375 0.0125
1 0.2140625 0.5 0.0078125 0.015625
17 0.82265625 0.6015625 0.009375 0.01953125
13 0.42265625 0.53671875 0.07421875 0.075
3 0.08359375 0.4828125 0.06015625 0.1203125
1 0.83125 0.61015625 0.0078125 0.00859375
1 0.01328125 0.4734375 0.0078125 0.015625
4 0.53515625 0.5625 0.01484375 0.0203125
9 0.859375 0.61875 0.01953125 0.021875
1 0.8453125 0.6171875 0.0078125 0.00859375
1 0.83046875 0.61953125 0.00703125 0.00859375
7 0.13828125 0.50390625 0.02734375 0.05
17 0.175 0.51171875 0.009375 0.0203125
17 0.184375 0.51328125 0.009375 0.0203125
1 0.1546875 0.50859375 0.009375 0.02109375
17 0.16484375 0.51015625 0.0109375 0.0203125
10 0.20234375 0.5171875 0.02265625 0.02265625
17 0.228125 0.52109375 0.01015625 0.0203125
17 0.21875 0.51953125 0.0109375 0.02109375
17 0.8203125 0.6234375 0.01015625 0.0203125
4 0.7234375 0.60703125 0.0390625 0.05390625
4 0.578125 0.58984375 0.015625 0.021875
4 0.55859375 0.5875 0.01640625 0.0203125
4 0.63125 0.60078125 0.01484375 0.02109375
10 0.84140625 0.6359375 0.01640625 0.03046875
4 0.596875 0.5953125 0.015625 0.0203125
4 0.6484375 0.60390625 0.01484375 0.02109375
4 0.61328125 0.59765625 0.01484375 0.02265625
7 0.11484375 0.51484375 0.01796875 0.03203125
13 0.175 0.52734375 0.00859375 0.00859375
1 0.16171875 0.52578125 0.0109375 0.01171875
4 0.315625 0.55234375 0.03984375 0.05546875
1 0.85078125 0.6421875 0.0078125 0.015625
1 0.82265625 0.63984375 0.0109375 0.009375
1 0.1828125 0.5328125 0.00703125 0.01484375
17 0.48046875 0.58515625 0.00390625 0.0109375
13 0.1515625 0.53203125 0.00703125 0.01484375
9 0.203125 0.54140625 0.0171875 0.0234375
1 0.809375 0.64453125 0.00703125 0.01484375
17 0.16015625 0.5375 0.0109375 0.009375
13 0.690625 0.6265625 0.00546875 0.01796875
18 0.02734375 0.515625 0.04921875 0.084375
10 0.87421875 0.6578125 0.03359375 0.0546875
6 0.13203125 0.53359375 0.0203125 0.01640625
17 0.17265625 0.54375 0.009375 0.015625
17 0.159375 0.546875 0.01015625 0.009375
1 0.10546875 0.5375 0.00703125 0.01484375
1 0.5015625 0.60546875 0.0078125 0.00625
1 0.1125 0.5421875 0.00625 0.0109375
13 0.15078125 0.5484375 0.00703125 0.01484375
6 0.8390625 0.66484375 0.0109375 0.02734375
1 0.2046875 0.55859375 0.01171875 0.0125
17 0.68984375 0.6421875 0.00390625 0.01015625
17 0.5125 0.61328125 0.0046875 0.009375
1 0.84765625 0.6703125 0.0078125 0.015625
17 0.134375 0.5515625 0.01015625 0.021875
1 0.15859375 0.55703125 0.0109375 0.01015625
17 0.78515625 0.6625 0.01015625 0.0203125
10 0.796875 0.66484375 0.015625 0.03203125
1 0.5 0.6140625 0.0078125 0.00546875
13 0.171875 0.5609375 0.00859375 0.00859375
17 0.29140625 0.58125 0.00625 0.0125
1 0.0734375 0.5453125 0.01484375 0.0140625
1 0.0890625 0.5484375 0.0140625 0.01328125
3 0.46640625 0.6125 0.03828125 0.03828125
1 0.203125 0.56796875 0.01171875 0.0109375
1 0.8078125 0.67109375 0.00703125 0.01484375
7 0.9140625 0.69296875 0.02734375 0.04921875
17 0.82421875 0.67890625 0.009375 0.01953125
13 0.68828125 0.65859375 0.00625 0.01875
1 0.17578125 0.57265625 0.0078125 0.01484375
6 0.16171875 0.57109375 0.0203125 0.01796875
7 0.4984375 0.628125 0.025 0.01875
17 0.28984375 0.59453125 0.0046875 0.01171875
6 0.19921875 0.5796875 0.01953125 0.01640625
1 0.00546875 0.5515625 0.0078125 0.01484375
19 0.8953125 0.703125 0.00859375 0.01328125
7 0.8390625 0.69453125 0.0171875 0.03203125
9 0.11171875 0.5828125 0.05625 0.0765625
4 0.715625 0.68515625 0.03984375 0.05546875
1 0.13984375 0.5890625 0.00625 0.01015625
1 0.87421875 0.71328125 0.00703125 0.01484375
7 0.8578125 0.71171875 0.02734375 0.0484375
1 0.14609375 0.59296875 0.0078125 0.01640625
6 0.159375 0.59453125 0.0203125 0.0171875
1 0.1734375 0.59765625 0.00859375 0.01640625
1 0.90390625 0.721875 0.0140625 0.01484375
9 0.88671875 0.7203125 0.01953125 0.02265625
17 0.54296875 0.66171875 0.0078125 0.00546875
17 0.5171875 0.659375 0.0078125 0.00546875
17 0.52890625 0.66171875 0.00703125 0.00546875
4 0.2453125 0.615625 0.0140625 0.0203125
18 0.02265625 0.578125 0.0453125 0.05546875
17 0.80546875 0.71015625 0.009375 0.0203125
20 0.81875 0.7125 0.01796875 0.0234375
4 0.30859375 0.63046875 0.03984375 0.05546875
17 0.83203125 0.71953125 0.01015625 0.0203125
1 0.13828125 0.60390625 0.00546875 0.01015625
17 0.51171875 0.6703125 0.0078125 0.00546875
1 0.903125 0.7359375 0.01484375 0.0140625
4 0.06171875 0.59609375 0.0265625 0.0234375
1 0.14453125 0.61171875 0.0078125 0.015625
1 0.46640625 0.66640625 0.00625 0.01796875
1 0.48515625 0.6703125 0.0078125 0.0203125
19 0.128125 0.61328125 0.009375 0.01328125
17 0.50703125 0.6796875 0.0078125 0.00625
17 0.51953125 0.68203125 0.00859375 0.00625
17 0.5453125 0.6921875 0.0078125 0.0046875
17 0.53203125 0.6921875 0.0078125 0.00625
13 0.37734375 0.6890625 0.00390625 0.01171875
17 0.54921875 0.72265625 0.0078125 0.00546875
17 0.55078125 0.73671875 0.00390625 0.0109375
13 0.378125 0.7125 0.00390625 0.01171875
13 0.3859375 0.715625 0.0046875 0.0125
13 0.3765625 0.725 0.0046875 0.0125
4 0.71796875 0.78828125 0.0171875 0.0234375
13 0.365625 0.7296875 0.0046875 0.0125
13 0.37890625 0.740625 0.00390625 0.01328125
17 0.5421875 0.7796875 0.00390625 0.0109375
13 0.378125 0.7546875 0.0046875 0.0125
13 0.3640625 0.75390625 0.0046875 0.0125
13 0.37578125 0.7671875 0.00390625 0.01171875
13 0.36328125 0.76953125 0.0046875 0.01328125
9 0.4625 0.78828125 0.16484375 0.22578125
13 0.3796875 0.7765625 0.00390625 0.01171875
13 0.37265625 0.77734375 0.0046875 0.01328125
13 0.36640625 0.7828125 0.009375 0.00546875
13 0.37421875 0.790625 0.00390625 0.0125
13 0.36796875 0.7984375 0.0046875 0.01328125
13 0.375 0.8078125 0.0046875 0.01328125
13 0.36796875 0.81484375 0.0046875 0.0140625
4 0.78671875 0.878125 0.05859375 0.24140625
4 0.84921875 0.88359375 0.05859375 0.23203125
13 0.3734375 0.825 0.0046875 0.0140625
4 0.0953125 0.7796875 0.06015625 0.26953125
4 0.171875 0.79296875 0.05859375 0.26796875
4 0.2921875 0.81953125 0.0390625 0.0546875
17 0.3140625 0.86015625 0.00390625 0.0109375
13 0.30390625 0.86015625 0.01484375 0.01796875
13 0.4296875 0.89140625 0.00390625 0.01171875
1 0.5046875 0.90703125 0.0078125 0.00546875
17 0.475 0.90234375 0.0078125 0.00546875
1 0.5140625 0.909375 0.0078125 0.00546875
1 0.49375 0.90703125 0.0078125 0.0046875
1 0.4828125 0.90625 0.00390625 0.0109375
1 0.46640625 0.90390625 0.00390625 0.0109375
13 0.43984375 0.90078125 0.00859375 0.00625
17 0.49765625 0.91171875 0.00703125 0.00546875
17 0.51875 0.9171875 0.0078125 0.00625
17 0.50859375 0.915625 0.00390625 0.01015625
17 0.5046875 0.91484375 0.00390625 0.01015625
13 0.459375 0.90859375 0.009375 0.00546875
17 0.496875 0.9171875 0.0078125 0.0046875
17 0.51875 0.921875 0.0078125 0.00546875
17 0.4125 0.909375 0.00390625 0.01015625
17 0.41875 0.91171875 0.00390625 0.01015625
13 0.4296875 0.9125 0.00390625 0.01328125
4 0.284375 0.896875 0.040625 0.05546875
7 0.47421875 0.93046875 0.025 0.0171875
1 0.40625 0.93984375 0.0078125 0.0203125
11 0.65390625 0.98125 0.01796875 0.03671875
9 0.46953125 0.9546875 0.0140625 0.021875
7 0.36875 0.93828125 0.04921875 0.04921875
1 0.48125 0.959375 0.00390625 0.0125
1 0.4875 0.96171875 0.00390625 0.0109375
4 0.5265625 0.96796875 0.01796875 0.0375
11 0.50546875 0.96484375 0.01640625 0.0390625
1 0.4515625 0.96328125 0.0078125 0.00625
21 0.478125 0.978125 0.00703125 0.0203125
1 0.47109375 0.9765625 0.00390625 0.01015625
1 0.46484375 0.9765625 0.00390625 0.0125
1 0.48671875 0.9796875 0.0046875 0.0109375
1 0.49140625 0.98125 0.00390625 0.01015625
7 0.44453125 0.9734375 0.02421875 0.0171875
1 0.50390625 0.98671875 0.01328125 0.00859375
4 0.2203125 0.9453125 0.015625 0.021875
1 0.31328125 0.96796875 0.00390625 0.00859375
17 0.42578125 0.9875 0.00390625 0.00703125
4 0.6390625 0.12265625 0.41796875 0.1203125
4 0.8953125 0.27421875 0.00390625 0.01171875
0 0.77265625 0.2765625 0.0390625 0.05390625
7 0.68671875 0.2953125 0.03515625 0.0671875
1 0.57265625 0.284375 0.0046875 0.01640625
7 0.5421875 0.2796875 0.01328125 0.03359375
1 0.58515625 0.2875 0.0078125 0.0203125
1 0.64375 0.2984375 0.00625 0.0171875
1 0.603125 0.29140625 0.00546875 0.0171875
1 0.63671875 0.29921875 0.00390625 0.0109375
19 0.475 0.27265625 0.0421875 0.0578125
1 0.59140625 0.29296875 0.00390625 0.0109375
1 0.596875 0.29375 0.00390625 0.01015625
4 0.93125 0.36875 0.084375 0.078125
17 0.94140625 0.37109375 0.00390625 0.01015625
17 0.93125 0.36953125 0.00390625 0.01015625
1 0.5328125 0.31015625 0.0078125 0.00625
17 0.65703125 0.34375 0.0078125 0.00625
17 0.52734375 0.32265625 0.00859375 0.00625
4 0.9109375 0.3921875 0.09609375 0.04921875
1 0.52421875 0.33359375 0.01484375 0.0109375
4 0.0859375 0.26171875 0.10859375 0.21640625
11 0.7953125 0.3859375 0.01640625 0.03828125