14 0.89609375 0.33515625 0.02421875 0.08828125
4 0.95078125 0.340625 0.0265625 0.10703125
14 0.5671875 0.34453125 0.01328125 0.01953125
4 0.42578125 0.371875 0.228125 0.2890625
14 0.10078125 0.40703125 0.03203125 0.059375
14 0.57734375 0.40859375 0.01328125 0.04921875
14 0.21015625 0.4109375 0.01171875 0.01640625
14 0.775 0.45546875 0.10234375 0.03125
14 0.4859375 0.5375 0.01171875 0.0171875
14 0.4625 0.5484375 0.01171875 0.015625
2 0.23984375 0.05546875 0.0046875 0.01640625
14 0.39140625 0.56875 0.1015625 0.01796875
2 0.2296875 0.0578125 0.00703125 0.01875
15 0.95 0.57734375 0.0125 0.02109375
2 0.24609375 0.059375 0.003125 0.01015625
7 0.4609375 0.59609375 0.03125 0.0609375
7 0.4984375 0.596875 0.02890625 0.0609375
15 0.95 0.6078125 0.0125 0.0203125
7 0.40625 0.628125 0.04453125 0.040625
7 0.61953125 0.63828125 0.0453125 0.040625
2 0.5859375 0.64296875 0.003125 0.0109375
16 0.43203125 0.64296875 0.0078125 0.0046875
14 0.7390625 0.64921875 0.01171875 0.0171875
7 0.6984375 0.64921875 0.0453125 0.03984375
16 0.4671875 0.653125 0.0078125 0.00546875
15 0.95 0.65390625 0.01328125 0.0203125
2 0.41328125 0.65546875 0.0078125 0.0046875
16 0.484375 0.6578125 0.0078125 0.0046875
2 0.5265625 0.66015625 0.00234375 0.01015625
16 0.5375 0.66015625 0.003125 0.0109375
16 0.5328125 0.6609375 0.00234375 0.0109375
16 0.51796875 0.6625 0.00703125 0.00390625
2 0.49765625 0.6625 0.00703125 0.01953125
2 0.50859375 0.6625 0.00703125 0.01953125
2 0.565625 0.66328125 0.00625 0.01953125
2 0.55703125 0.6640625 0.0046875 0.0171875
16 0.45390625 0.665625 0.0078125 0.00390625
16 0.46328125 0.66640625 0.00859375 0.0046875
16 0.44375 0.66640625 0.0078125 0.0046875
16 0.4765625 0.66640625 0.0078125 0.0046875
2 0.41328125 0.66953125 0.0078125 0.0046875
2 0.4234375 0.6703125 0.0046875 0.0171875
2 0.615625 0.67421875 0.01171875 0.00625
13 0.5953125 0.68671875 0.003125 0.01171875
2 0.61484375 0.6875 0.00703125 0.0046875
16 0.425 0.69453125 0.0078125 0.0046875
2 0.4515625 0.69765625 0.003125 0.01015625
2 0.46953125 0.6984375 0.003125 0.0109375
2 0.48125 0.7 0.003125 0.0109375
7 0.6546875 0.7 0.04453125 0.03984375
13 0.60078125 0.703125 0.00390625 0.0109375
2 0.6890625 0.70546875 0.0140625 0.009375
2 0.41171875 0.7078125 0.0078125 0.0046875
13 0.59609375 0.7109375 0.00390625 0.0109375
2 0.55390625 0.7109375 0.0078125 0.0046875
2 0.509375 0.71171875 0.00390625 0.0171875
2 0.53359375 0.7140625 0.003125 0.0109375
2 0.6890625 0.71875 0.0125 0.00703125
13 0.5953125 0.721875 0.00390625 0.0109375
2 0.4875 0.72265625 0.00703125 0.0046875
2 0.3515625 0.72578125 0.0078125 0.0046875
2 0.53359375 0.72578125 0.003125 0.0109375
2 0.5203125 0.7265625 0.00390625 0.0109375
2 0.371875 0.7265625 0.0125 0.00703125
2 0.39296875 0.7265625 0.0078125 0.0046875
2 0.49609375 0.72890625 0.0078125 0.0046875
13 0.60078125 0.73125 0.003125 0.0109375
2 0.54765625 0.73203125 0.003125 0.0109375
14 0.2640625 0.73359375 0.0109375 0.01796875
2 0.509375 0.734375 0.00390625 0.01640625
13 0.61015625 0.734375 0.003125 0.0109375
2 0.4734375 0.73515625 0.0078125 0.00546875
2 0.5578125 0.73515625 0.00703125 0.0046875
2 0.4984375 0.73828125 0.003125 0.0109375
13 0.5953125 0.74140625 0.003125 0.01171875
2 0.48203125 0.74765625 0.0078125 0.0046875
2 0.52265625 0.74765625 0.0078125 0.00546875
2 0.540625 0.74765625 0.0078125 0.00625
2 0.49375 0.75 0.003125 0.0109375
2 0.6703125 0.75 0.0140625 0.009375
2 0.5296875 0.75078125 0.003125 0.0109375
13 0.59140625 0.7515625 0.00390625 0.01171875
2 0.509375 0.7515625 0.00390625 0.015625
13 0.6015625 0.75234375 0.003125 0.01171875
2 0.53984375 0.753125 0.00703125 0.00546875
2 0.4828125 0.753125 0.0078125 0.00546875
2 0.5 0.753125 0.0078125 0.0046875
2 0.47109375 0.75546875 0.003125 0.0109375
2 0.515625 0.75546875 0.003125 0.009375
2 0.5203125 0.75703125 0.003125 0.0109375
2 0.525 0.75703125 0.003125 0.0109375
2 0.4890625 0.75703125 0.003125 0.009375
2 0.53359375 0.75703125 0.003125 0.01015625
2 0.5515625 0.75703125 0.00234375 0.01015625
2 0.6375 0.75859375 0.00703125 0.00546875
13 0.59765625 0.759375 0.00390625 0.01171875
2 0.42265625 0.7609375 0.01171875 0.00625
2 0.49375 0.7625 0.003125 0.01015625
2 0.4984375 0.7625 0.003125 0.0109375
2 0.5359375 0.765625 0.00703125 0.0046875
2 0.515625 0.76796875 0.003125 0.0109375
2 0.50234375 0.76875 0.00234375 0.0109375
2 0.509375 0.76875 0.00390625 0.0171875
2 0.5203125 0.76875 0.003125 0.0109375
13 0.5921875 0.7703125 0.003125 0.01171875
2 0.49140625 0.77109375 0.0078125 0.0046875
2 0.5359375 0.771875 0.0078125 0.00546875
2 0.52734375 0.771875 0.0078125 0.0046875
2 0.42265625 0.771875 0.0140625 0.00859375
2 0.6265625 0.775 0.00703125 0.0046875
2 0.57578125 0.7765625 0.00703125 0.0046875
13 0.6 0.778125 0.003125 0.01171875
2 0.65234375 0.7796875 0.0140625 0.00859375
2 0.47578125 0.78046875 0.01171875 0.00625
2 0.4890625 0.78046875 0.01171875 0.00703125
2 0.5015625 0.78046875 0.0125 0.00703125
2 0.51640625 0.78046875 0.01171875 0.00546875
2 0.52890625 0.78046875 0.0125 0.00625
2 0.5421875 0.78125 0.0125 0.00625
13 0.59453125 0.7859375 0.00390625 0.0109375
2 0.4234375 0.7875 0.0140625 0.009375
2 0.48203125 0.78984375 0.0078125 0.0046875
2 0.49140625 0.78984375 0.00703125 0.00546875
2 0.509375 0.7921875 0.00390625 0.01640625
2 0.50234375 0.79296875 0.00390625 0.0109375
2 0.515625 0.79296875 0.00234375 0.0109375
2 0.52890625 0.79296875 0.00234375 0.009375
2 0.65234375 0.79453125 0.0140625 0.009375
2 0.521875 0.79609375 0.00703125 0.0046875
13 0.5921875 0.79765625 0.00390625 0.01171875
2 0.42421875 0.7984375 0.01171875 0.00703125
2 0.49765625 0.79921875 0.003125 0.0109375
2 0.49375 0.79921875 0.003125 0.0109375
2 0.3984375 0.8 0.0078125 0.0046875
2 0.484375 0.8046875 0.003125 0.0109375
2 0.50234375 0.80546875 0.00390625 0.0109375
2 0.5515625 0.80546875 0.003125 0.0109375
2 0.53359375 0.80546875 0.003125 0.01171875
2 0.51796875 0.8078125 0.00703125 0.00390625
2 0.53984375 0.80859375 0.0078125 0.0046875
2 0.509375 0.81015625 0.0046875 0.0171875
2 0.67265625 0.81015625 0.0125 0.00703125
2 0.4890625 0.8109375 0.003125 0.0109375
2 0.5296875 0.81171875 0.00390625 0.01015625
2 0.52421875 0.81171875 0.003125 0.0109375
2 0.49765625 0.81171875 0.00390625 0.0109375
13 0.5921875 0.81328125 0.00390625 0.01328125
13 0.60078125 0.81328125 0.00390625 0.0125
2 0.5171875 0.8140625 0.0078125 0.0046875
2 0.53984375 0.8140625 0.00703125 0.0046875
2 0.5578125 0.8203125 0.00703125 0.0046875
2 0.6375 0.8234375 0.00703125 0.0046875
2 0.4265625 0.82578125 0.00234375 0.0109375
2 0.46953125 0.8296875 0.00546875 0.01015625
2 0.546875 0.8296875 0.003125 0.0109375
13 0.59296875 0.83046875 0.00390625 0.0125
13 0.6078125 0.83203125 0.00390625 0.0109375
2 0.49921875 0.8328125 0.00625 0.003125
2 0.5359375 0.8328125 0.0078125 0.0046875
2 0.50625 0.834375 0.0078125 0.01015625
2 0.56484375 0.8359375 0.003125 0.01171875
2 0.63671875 0.840625 0.00703125 0.0046875
2 0.484375 0.84140625 0.003125 0.0109375
13 0.6015625 0.8453125 0.00390625 0.01171875
13 0.5921875 0.8453125 0.00390625 0.0109375
2 0.53359375 0.84765625 0.003125 0.0109375
7 0.3828125 0.8515625 0.04375 0.0390625
2 0.48515625 0.85390625 0.003125 0.009375
2 0.60078125 0.8546875 0.0125 0.00625
2 0.51796875 0.85703125 0.003125 0.0109375
2 0.62890625 0.85859375 0.00703125 0.0046875
2 0.42265625 0.86171875 0.0125 0.00703125
2 0.50078125 0.865625 0.00390625 0.0171875
2 0.62890625 0.865625 0.00703125 0.00546875
2 0.60078125 0.86796875 0.0140625 0.01015625
2 0.421875 0.87265625 0.0140625 0.009375
2 0.38203125 0.87578125 0.00703125 0.0046875
2 0.40234375 0.87578125 0.00703125 0.0046875
13 0.59140625 0.8796875 0.003125 0.01171875
2 0.42421875 0.88125 0.00703125 0.00390625
2 0.39765625 0.8828125 0.0078125 0.00390625
2 0.49140625 0.890625 0.0078125 0.0046875
2 0.41875 0.89296875 0.00703125 0.0046875
2 0.640625 0.89375 0.003125 0.0109375
2 0.44140625 0.8953125 0.00703125 0.0046875
13 0.5859375 0.89765625 0.00859375 0.0046875
2 0.51171875 0.89921875 0.00625 0.0203125
7 0.61484375 0.9 0.04453125 0.04140625
16 0.490625 0.90078125 0.003125 0.0109375
2 0.5296875 0.90078125 0.00390625 0.0171875
16 0.49453125 0.90078125 0.003125 0.0109375
2 0.428125 0.9015625 0.00390625 0.0109375
2 0.546875 0.90234375 0.00703125 0.01953125
2 0.5734375 0.903125 0.00703125 0.0203125
2 0.565625 0.903125 0.00390625 0.0171875
2 0.41171875 0.90546875 0.0140625 0.00859375
2 0.4734375 0.91171875 0.00703125 0.0046875
2 0.46484375 0.9125 0.00703125 0.0046875
2 0.48671875 0.91328125 0.00703125 0.0046875
2 0.40078125 0.921875 0.0078125 0.0046875
16 0.4625 0.921875 0.003125 0.01015625
16 0.46640625 0.921875 0.00234375 0.009375
16 0.4703125 0.921875 0.00234375 0.0109375
16 0.475 0.921875 0.00234375 0.009375
16 0.4859375 0.92265625 0.003125 0.009375
2 0.44140625 0.92421875 0.003125 0.01015625
16 0.51015625 0.92421875 0.00234375 0.01015625
16 0.50390625 0.925 0.003125 0.0109375
16 0.51875 0.92734375 0.00390625 0.009375
16 0.46484375 0.93125 0.0078125 0.0046875
16 0.4671875 0.940625 0.003125 0.009375
16 0.4625 0.940625 0.00234375 0.01015625
14 0.30703125 0.94296875 0.01171875 0.04765625
14 0.43203125 0.94375 0.0109375 0.03046875
14 0.453125 0.94375 0.01015625 0.0296875
2 0.46484375 0.95078125 0.0078125 0.0046875
7 0.38984375 0.9609375 0.04375 0.03984375
14 0.73046875 0.975 0.0109375 0.015625
7 0.66796875 0.9765625 0.04375 0.04453125
2 0.55859375 0.14765625 0.003125 0.01015625
2 0.565625 0.15078125 0.00390625 0.01640625
2 0.23125 0.1515625 0.0046875 0.01640625
2 0.23984375 0.1515625 0.003125 0.0109375
2 0.57421875 0.1515625 0.00625 0.0203125
2 0.22265625 0.15234375 0.00703125 0.01953125
14 0.25859375 0.23046875 0.01171875 0.04453125
14 0.1125 0.31796875 0.08984375 0.03125
14 0.22578125 0.33125 0.0125 0.0328125