14 0.1984375 0.3921875 0.02265625 0.07734375
14 0.0890625 0.37890625 0.015625 0.0265625
14 0.1453125 0.43359375 0.01796875 0.03125
14 0.4828125 0.58671875 0.08359375 0.196875
14 0.35703125 0.54765625 0.08515625 0.2
14 0.6 0.6265625 0.084375 0.2
14 0.728125 0.66875 0.0828125 0.1984375
19 0.87890625 0.71796875 0.02109375 0.0359375
14 0.96171875 0.74453125 0.059375 0.19140625
19 0.84140625 0.70703125 0.0203125 0.0359375
14 0.06328125 0.5125 0.0453125 0.103125
7 0.509375 0.0515625 0.03984375 0.0984375
14 0.26953125 0.61484375 0.01875 0.0359375
14 0.12265625 0.59375 0.0203125 0.053125
14 0.434375 0.69921875 0.01875 0.05546875
14 0.31171875 0.6625 0.02421875 0.05703125
14 0.553125 0.7421875 0.0203125 0.05546875
14 0.928125 0.8625 0.0203125 0.05859375
14 0.68515625 0.7875 0.0203125 0.06015625
14 0.878125 0.8515625 0.0203125 0.05546875
14 0.6390625 0.80625 0.01875 0.0375
1 0.63984375 0.1046875 0.0046875 0.01640625
14 0.0375 0.64921875 0.01484375 0.02734375
14 0.95078125 0.97265625 0.0203125 0.03515625
17 0.03359375 0.68515625 0.0046875 0.015625
14 0.528125 0.00703125 0.0375 0.0140625
14 0.090625 0.7609375 0.090625 0.06015625
14 0.24765625 0.83359375 0.0875 0.2046875
7 0.5921875 0.103125 0.03984375 0.09921875
14 0.16484375 0.8328125 0.05625 0.0984375
1 0.65234375 0.125 0.00625 0.0265625
1 0.55703125 0.09765625 0.00703125 0.0265625
14 0.09375 0.86875 0.04453125 0.03359375
1 0.66328125 0.134375 0.0046875 0.01640625
1 0.61796875 0.12109375 0.00703125 0.025
1 0.68984375 0.14375 0.00859375 0.025
1 0.63828125 0.12890625 0.0046875 0.015625
1 0.5421875 0.10078125 0.01015625 0.03125
1 0.66875 0.14453125 0.00859375 0.00859375
7 0.778125 0.196875 0.05546875 0.0734375
17 0.66796875 0.1625 0.0046875 0.01640625
1 0.67890625 0.16640625 0.0046875 0.01640625
17 0.65 0.1578125 0.00546875 0.01640625
17 0.6546875 0.159375 0.0046875 0.01640625
17 0.6640625 0.1625 0.0046875 0.01640625
17 0.659375 0.1609375 0.0046875 0.015625
17 0.67265625 0.16484375 0.0046875 0.015625
17 0.6265625 0.15546875 0.0046875 0.015625
17 0.621875 0.15390625 0.0046875 0.01640625
17 0.63515625 0.15859375 0.0046875 0.015625
17 0.64375 0.1609375 0.0046875 0.015625
17 0.63984375 0.1609375 0.0046875 0.01484375
17 0.63046875 0.15859375 0.0046875 0.015625
17 0.684375 0.19140625 0.00859375 0.00859375
17 0.6828125 0.2 0.00859375 0.0078125
1 0.64921875 0.1921875 0.0046875 0.015625
1 0.6828125 0.21015625 0.0078125 0.00859375
17 0.63671875 0.1984375 0.009375 0.00859375
17 0.65234375 0.21328125 0.0046875 0.015625
17 0.621875 0.20546875 0.0046875 0.01640625
17 0.6578125 0.2171875 0.0046875 0.01640625
4 0.0515625 0.03359375 0.03125 0.0671875
17 0.62734375 0.20703125 0.0046875 0.015625
17 0.6328125 0.209375 0.00390625 0.01484375
17 0.66796875 0.21953125 0.0046875 0.01640625
17 0.725 0.2390625 0.00859375 0.00859375
17 0.71484375 0.23671875 0.0078125 0.0078125
17 0.71328125 0.24609375 0.00859375 0.00859375
17 0.72421875 0.24921875 0.0078125 0.0078125
1 0.6796875 0.24140625 0.00703125 0.0265625
14 0.5640625 0.2125 0.03125 0.0328125
17 0.61953125 0.23203125 0.0046875 0.015625
17 0.62421875 0.23359375 0.0046875 0.01484375
17 0.6296875 0.23671875 0.0046875 0.015625
17 0.6546875 0.246875 0.0046875 0.01640625
17 0.64921875 0.246875 0.0046875 0.015625
17 0.6640625 0.2515625 0.0046875 0.015625
1 0.59765625 0.2484375 0.01015625 0.03203125
1 0.6578125 0.2703125 0.0046875 0.01875
1 0.6390625 0.26640625 0.0046875 0.01640625
1 0.64375 0.2671875 0.0046875 0.01640625
1 0.63359375 0.265625 0.00703125 0.0265625
7 0.46875 0.01484375 0.053125 0.02890625
14 0.490625 0.240625 0.0328125 0.07578125
1 0.6140625 0.290625 0.0046875 0.015625
1 0.63203125 0.29765625 0.0046875 0.01640625
1 0.66875 0.3171875 0.01015625 0.03125
1 0.6390625 0.31171875 0.00703125 0.025
7 0.69375 0.33046875 0.03984375 0.09921875
1 0.65625 0.31875 0.0078125 0.02734375
14 0.6453125 0.37890625 0.01640625 0.02734375
14 0.8484375 0.12890625 0.0171875 0.03203125
7 0.7765625 0.109375 0.05625 0.07265625
1 0.33359375 0.3546875 0.00625 0.0171875
14 0.25 0.3390625 0.03671875 0.21484375
17 0.1203125 0.3015625 0.0046875 0.01640625
14 0.84453125 0.5390625 0.03046875 0.04296875
14 0.79296875 0.55 0.0203125 0.059375
14 0.54375 0.475 0.01953125 0.05859375
14 0.4203125 0.43671875 0.01875 0.05546875
14 0.66171875 0.51484375 0.01875 0.0546875