14 0.884375 0.278125 0.03046875 0.090625
4 0.93984375 0.27578125 0.034375 0.11015625
14 0.55625 0.334375 0.01484375 0.02109375
4 0.4171875 0.38203125 0.25078125 0.32109375
14 0.0953125 0.46484375 0.03671875 0.0640625
14 0.571875 0.39765625 0.01640625 0.05
14 0.20390625 0.453125 0.0125 0.0171875
14 0.7734375 0.41484375 0.10546875 0.0453125
14 0.490625 0.5390625 0.0125 0.01796875
14 0.4671875 0.55390625 0.0125 0.01640625
1 0.20625 0.09296875 0.00546875 0.01640625
14 0.3984375 0.584375 0.10234375 0.03125
1 0.196875 0.09609375 0.0078125 0.01953125
16 0.9578125 0.51171875 0.0140625 0.021875
1 0.21328125 0.0953125 0.00390625 0.0109375
7 0.46953125 0.6015625 0.03515625 0.06484375
7 0.50703125 0.596875 0.03359375 0.06484375
16 0.96015625 0.54296875 0.0140625 0.02109375
7 0.4171875 0.64140625 0.04765625 0.04609375
7 0.63125 0.6203125 0.0484375 0.04609375
1 0.59765625 0.6296875 0.003125 0.0109375
17 0.44375 0.65234375 0.0078125 0.00546875
14 0.7515625 0.6140625 0.0125 0.01796875
7 0.71171875 0.62109375 0.0484375 0.0453125
17 0.48046875 0.65703125 0.0078125 0.00625
16 0.96328125 0.5890625 0.0140625 0.021875
1 0.4265625 0.66796875 0.0078125 0.00625
17 0.49765625 0.659375 0.0078125 0.00546875
1 0.540625 0.65546875 0.003125 0.009375
17 0.55078125 0.6546875 0.003125 0.01015625
17 0.54609375 0.65546875 0.003125 0.0109375
17 0.53203125 0.659375 0.00703125 0.00390625
1 0.51171875 0.6625 0.0078125 0.0203125
1 0.521875 0.6609375 0.0078125 0.0203125
1 0.57890625 0.65390625 0.0078125 0.0203125
1 0.57109375 0.6546875 0.00546875 0.0171875
17 0.46796875 0.671875 0.00703125 0.0046875
17 0.47734375 0.671875 0.00859375 0.00546875
17 0.4578125 0.67421875 0.00859375 0.00625
17 0.49140625 0.66953125 0.0078125 0.00546875
1 0.428125 0.68125 0.0078125 0.00625
1 0.43828125 0.68046875 0.00625 0.0171875
1 0.63125 0.65703125 0.0125 0.00703125
13 0.61015625 0.67265625 0.00390625 0.01171875
1 0.63046875 0.6703125 0.00703125 0.00546875
17 0.440625 0.7046875 0.00859375 0.00546875
1 0.46796875 0.7046875 0.003125 0.01015625
1 0.4859375 0.70234375 0.003125 0.01015625
1 0.4984375 0.70234375 0.003125 0.0109375
7 0.671875 0.67734375 0.04765625 0.0453125
13 0.61796875 0.68828125 0.0046875 0.01171875
1 0.70625 0.678125 0.0140625 0.01171875
1 0.42890625 0.7203125 0.0078125 0.00625
13 0.6140625 0.69609375 0.0046875 0.01171875
1 0.571875 0.703125 0.0078125 0.00546875
1 0.52734375 0.71015625 0.00546875 0.0171875
1 0.55078125 0.709375 0.00390625 0.01171875
1 0.70703125 0.690625 0.0125 0.00703125
13 0.6140625 0.70859375 0.0046875 0.01171875
1 0.50546875 0.7234375 0.00703125 0.0046875
1 0.3703125 0.746875 0.00859375 0.00546875
1 0.55234375 0.72109375 0.00390625 0.0109375
1 0.53984375 0.7234375 0.0046875 0.01171875
1 0.39140625 0.74453125 0.0125 0.0078125
1 0.41171875 0.7421875 0.00859375 0.00625
1 0.51484375 0.72890625 0.0078125 0.00625
13 0.61953125 0.71640625 0.00390625 0.01171875
1 0.56640625 0.725 0.00390625 0.01171875
14 0.28359375 0.7671875 0.0125 0.01875
1 0.52890625 0.7328125 0.0046875 0.01640625
13 0.63046875 0.71796875 0.00390625 0.01171875
1 0.49296875 0.73828125 0.0078125 0.00625
1 0.57734375 0.7265625 0.00703125 0.0046875
1 0.51796875 0.73828125 0.00390625 0.01171875
13 0.61484375 0.72734375 0.00390625 0.01171875
1 0.50234375 0.75 0.0078125 0.00546875
1 0.54296875 0.74453125 0.0078125 0.00625
1 0.5609375 0.74140625 0.0078125 0.00703125
1 0.5140625 0.75078125 0.00390625 0.01171875
1 0.690625 0.72578125 0.01484375 0.0109375
1 0.55 0.74609375 0.00390625 0.01171875
13 0.6125 0.7375 0.0046875 0.01171875
1 0.53046875 0.75 0.0046875 0.01640625
13 0.62265625 0.73671875 0.00390625 0.01171875
1 0.5609375 0.74765625 0.00703125 0.00625
1 0.503125 0.75546875 0.0078125 0.00625
1 0.5203125 0.75234375 0.00859375 0.00625
1 0.49296875 0.76015625 0.00390625 0.01171875
1 0.53671875 0.753125 0.003125 0.009375
1 0.54140625 0.753125 0.00390625 0.01171875
1 0.54609375 0.753125 0.00390625 0.0109375
1 0.51015625 0.7578125 0.003125 0.01015625
1 0.5546875 0.7515625 0.00390625 0.0109375
1 0.57265625 0.7484375 0.003125 0.01015625
1 0.659375 0.73828125 0.00703125 0.00546875
13 0.61875 0.7453125 0.0046875 0.01171875
1 0.44296875 0.77265625 0.0125 0.00703125
1 0.51484375 0.76328125 0.003125 0.01015625
1 0.51953125 0.7625 0.00390625 0.0109375
1 0.55703125 0.759375 0.00703125 0.00546875
1 0.5375 0.76640625 0.00390625 0.01171875
1 0.52421875 0.76796875 0.003125 0.01015625
1 0.53125 0.76796875 0.00546875 0.0171875
1 0.5421875 0.76640625 0.00390625 0.01171875
13 0.6140625 0.75625 0.00390625 0.01171875
1 0.5140625 0.77265625 0.0078125 0.00546875
1 0.5578125 0.76640625 0.0078125 0.00625
1 0.54921875 0.7671875 0.0078125 0.00625
1 0.4453125 0.7828125 0.0140625 0.01015625
1 0.64921875 0.75625 0.00703125 0.0046875
1 0.5984375 0.765625 0.00703125 0.0046875
13 0.62265625 0.76328125 0.003125 0.01171875
1 0.675 0.75703125 0.01484375 0.0109375
1 0.4984375 0.7828125 0.0125 0.00703125
1 0.51171875 0.78125 0.01171875 0.00703125
1 0.52421875 0.77890625 0.0125 0.0078125
1 0.5390625 0.778125 0.01171875 0.00703125
1 0.5515625 0.7765625 0.0125 0.00703125
1 0.56484375 0.775 0.0125 0.00703125
13 0.61796875 0.77109375 0.0046875 0.01171875
1 0.446875 0.79765625 0.0140625 0.0109375
1 0.50625 0.79140625 0.0078125 0.00546875
1 0.51484375 0.78984375 0.00703125 0.00546875
1 0.5328125 0.790625 0.0046875 0.01640625
1 0.52578125 0.7921875 0.0046875 0.0109375
1 0.53984375 0.790625 0.003125 0.0109375
1 0.553125 0.7890625 0.003125 0.00859375
1 0.6765625 0.771875 0.0140625 0.0109375
1 0.54609375 0.79296875 0.00703125 0.00546875
13 0.61640625 0.784375 0.0046875 0.01171875
1 0.4484375 0.809375 0.01171875 0.0078125
1 0.521875 0.8 0.00390625 0.01171875
1 0.51796875 0.8 0.00390625 0.0109375
1 0.42265625 0.8140625 0.0078125 0.00546875
1 0.509375 0.80703125 0.00390625 0.01171875
1 0.5265625 0.8046875 0.0046875 0.0109375
1 0.57578125 0.79765625 0.00390625 0.0109375
1 0.55859375 0.80078125 0.00390625 0.01171875
1 0.54296875 0.80546875 0.00703125 0.00390625
1 0.56484375 0.80234375 0.0078125 0.00625
1 0.534375 0.80859375 0.00546875 0.0171875
1 0.69765625 0.78515625 0.0125 0.00703125
1 0.5140625 0.81171875 0.003125 0.0109375
1 0.5546875 0.80703125 0.0046875 0.0109375
1 0.54921875 0.80703125 0.00390625 0.0109375
1 0.5234375 0.81171875 0.0046875 0.01171875
13 0.61796875 0.8 0.0046875 0.01328125
13 0.6265625 0.7984375 0.0046875 0.0125
1 0.54296875 0.8109375 0.0078125 0.00625
1 0.565625 0.8078125 0.00703125 0.00546875
1 0.58359375 0.81171875 0.00703125 0.0046875
1 0.6640625 0.803125 0.00703125 0.0046875
1 0.45390625 0.8359375 0.003125 0.0109375
1 0.49609375 0.83359375 0.00625 0.0109375
1 0.5734375 0.8234375 0.00390625 0.01171875
13 0.6203125 0.81640625 0.0046875 0.0125
13 0.634375 0.81640625 0.0046875 0.01171875
1 0.52578125 0.8328125 0.00625 0.003125
1 0.5625 0.82734375 0.0078125 0.00546875
1 0.53359375 0.83359375 0.0078125 0.0109375
1 0.5921875 0.8265625 0.00390625 0.01171875
1 0.66484375 0.82109375 0.00703125 0.00546875
1 0.51171875 0.84296875 0.003125 0.0109375
13 0.6296875 0.83046875 0.0046875 0.01171875
13 0.6203125 0.83203125 0.0046875 0.01171875
1 0.56171875 0.84296875 0.003125 0.0109375
7 0.41171875 0.86796875 0.046875 0.0453125
1 0.5140625 0.85546875 0.003125 0.009375
1 0.6296875 0.83984375 0.0125 0.00703125
1 0.546875 0.85390625 0.00390625 0.01171875
1 0.65703125 0.83984375 0.00703125 0.00546875
1 0.4515625 0.871875 0.0125 0.00703125
1 0.5296875 0.86484375 0.0046875 0.0171875
1 0.6578125 0.84609375 0.00703125 0.00546875
1 0.63046875 0.85234375 0.0140625 0.01171875
1 0.45234375 0.88359375 0.0140625 0.0109375
1 0.41171875 0.8921875 0.00703125 0.0046875
1 0.4328125 0.88984375 0.00703125 0.0046875
13 0.62265625 0.86640625 0.00390625 0.01171875
1 0.4546875 0.8921875 0.00703125 0.00390625
1 0.42890625 0.896875 0.00703125 0.0046875
1 0.52265625 0.8921875 0.0078125 0.00546875
1 0.45078125 0.9046875 0.00703125 0.00546875
1 0.671875 0.87265625 0.003125 0.01015625
1 0.47265625 0.903125 0.00703125 0.00546875
13 0.61796875 0.88515625 0.00859375 0.00625
1 0.54453125 0.89765625 0.0078125 0.0203125
7 0.64765625 0.88359375 0.046875 0.046875
17 0.52265625 0.9015625 0.003125 0.01015625
1 0.56171875 0.89609375 0.00546875 0.0171875
17 0.5265625 0.90078125 0.00390625 0.01171875
1 0.46015625 0.91171875 0.0046875 0.0109375
1 0.5796875 0.8953125 0.00859375 0.0203125
1 0.60546875 0.8921875 0.0078125 0.0203125
1 0.5984375 0.89296875 0.0046875 0.0171875
1 0.44375 0.91796875 0.01484375 0.01015625
1 0.50625 0.915625 0.00703125 0.0046875
1 0.49765625 0.91796875 0.00703125 0.0046875
1 0.5203125 0.9140625 0.00703125 0.0046875
1 0.434375 0.9359375 0.0078125 0.00546875
17 0.49609375 0.9265625 0.003125 0.01015625
17 0.5 0.9265625 0.00234375 0.009375
17 0.50390625 0.92578125 0.003125 0.01015625
17 0.50859375 0.925 0.003125 0.00859375
17 0.51953125 0.9234375 0.003125 0.01015625
1 0.47578125 0.9328125 0.003125 0.01015625
17 0.54375 0.92265625 0.00234375 0.009375
17 0.53828125 0.92421875 0.003125 0.0109375
17 0.553125 0.92421875 0.00390625 0.01015625
17 0.49921875 0.9359375 0.0078125 0.00546875
17 0.50234375 0.9453125 0.003125 0.009375
17 0.49765625 0.94609375 0.003125 0.01015625
14 0.34296875 0.9703125 0.01484375 0.04921875
14 0.46796875 0.95234375 0.0125 0.03125
14 0.48828125 0.95 0.01171875 0.03125
1 0.50078125 0.95546875 0.0078125 0.00546875
7 0.42734375 0.9765625 0.046875 0.0453125
14 0.76796875 0.94140625 0.01171875 0.01640625
7 0.70625 0.95078125 0.046875 0.05
1 0.5328125 0.1390625 0.003125 0.01015625
1 0.540625 0.140625 0.0046875 0.01640625
1 0.20546875 0.18984375 0.00546875 0.01640625
1 0.21328125 0.18828125 0.00390625 0.01171875
1 0.5484375 0.140625 0.00703125 0.0203125
1 0.196875 0.19140625 0.00859375 0.0203125
14 0.2390625 0.2640625 0.01484375 0.04609375
14 0.09921875 0.37265625 0.0921875 0.04375
14 0.2140625 0.3703125 0.01484375 0.03359375