14 0.8796875 0.2734375 0.03046875 0.09140625
4 0.9359375 0.27109375 0.034375 0.1109375
14 0.55 0.33046875 0.01484375 0.02109375
4 0.41015625 0.378125 0.2515625 0.32265625
14 0.08671875 0.4609375 0.03671875 0.0640625
14 0.565625 0.39375 0.01640625 0.05078125
14 0.196875 0.44921875 0.0125 0.0171875
14 0.76796875 0.41171875 0.10546875 0.04609375
14 0.48359375 0.5359375 0.0125 0.01796875
14 0.4609375 0.55078125 0.0125 0.0171875
1 0.1984375 0.0875 0.00546875 0.0171875
14 0.39140625 0.58125 0.103125 0.03203125
1 0.1890625 0.090625 0.0078125 0.01953125
16 0.95390625 0.509375 0.0140625 0.02265625
1 0.20546875 0.08984375 0.00390625 0.0109375
7 0.46328125 0.59921875 0.03515625 0.065625
7 0.50078125 0.59375 0.03359375 0.065625
16 0.95625 0.53984375 0.0140625 0.021875
7 0.41015625 0.63828125 0.04765625 0.046875
7 0.6265625 0.61796875 0.0484375 0.046875
1 0.5921875 0.62734375 0.003125 0.0109375
17 0.4375 0.65078125 0.0078125 0.00546875
14 0.746875 0.61171875 0.0125 0.01796875
7 0.70703125 0.61796875 0.0484375 0.04609375
17 0.47421875 0.65546875 0.0078125 0.00625
16 0.959375 0.5859375 0.0140625 0.02265625
1 0.4203125 0.665625 0.0078125 0.00625
17 0.49140625 0.65703125 0.0078125 0.00546875
1 0.534375 0.653125 0.003125 0.009375
17 0.5453125 0.65234375 0.003125 0.01015625
17 0.53984375 0.653125 0.003125 0.0109375
17 0.52578125 0.65703125 0.00703125 0.00390625
1 0.50546875 0.66015625 0.0078125 0.0203125
1 0.515625 0.65859375 0.0078125 0.0203125
1 0.5734375 0.65078125 0.0078125 0.0203125
1 0.56484375 0.653125 0.00546875 0.0171875
17 0.4625 0.66953125 0.00703125 0.0046875
17 0.47109375 0.66953125 0.00859375 0.00546875
17 0.4515625 0.671875 0.00859375 0.00625
17 0.484375 0.6671875 0.0078125 0.00546875
1 0.42109375 0.67890625 0.0078125 0.00625
1 0.43125 0.678125 0.00625 0.0171875
1 0.625 0.6546875 0.0125 0.0078125
13 0.60546875 0.6703125 0.00390625 0.0125
1 0.625 0.66796875 0.00703125 0.00546875
17 0.434375 0.70234375 0.00859375 0.00546875
1 0.46171875 0.703125 0.003125 0.01015625
1 0.4796875 0.70078125 0.003125 0.01015625
1 0.4921875 0.70078125 0.003125 0.0109375
7 0.66640625 0.675 0.04765625 0.04609375
13 0.6125 0.68671875 0.0046875 0.01171875
1 0.70078125 0.6765625 0.0140625 0.01171875
1 0.42265625 0.71796875 0.0078125 0.00625
13 0.6078125 0.69453125 0.0046875 0.01171875
1 0.565625 0.70078125 0.0078125 0.00546875
1 0.52109375 0.70859375 0.00546875 0.0171875
1 0.5453125 0.70703125 0.00390625 0.01171875
1 0.7015625 0.6890625 0.0125 0.0078125
13 0.60859375 0.70703125 0.0046875 0.01171875
1 0.49921875 0.72265625 0.00703125 0.0046875
1 0.36328125 0.7453125 0.00859375 0.00546875
1 0.546875 0.71875 0.00390625 0.0109375
1 0.53359375 0.72109375 0.0046875 0.01171875
1 0.384375 0.74296875 0.0125 0.0078125
1 0.4046875 0.73984375 0.00859375 0.00625
1 0.50859375 0.72734375 0.0078125 0.00625
13 0.61484375 0.7140625 0.00390625 0.01171875
1 0.5609375 0.7234375 0.00390625 0.01171875
14 0.27578125 0.76484375 0.0125 0.01875
1 0.52265625 0.73046875 0.0046875 0.0171875
13 0.62421875 0.715625 0.00390625 0.01171875
1 0.4875 0.73671875 0.0078125 0.00625
1 0.571875 0.72421875 0.00703125 0.0046875
1 0.51171875 0.73671875 0.00390625 0.01171875
13 0.609375 0.725 0.00390625 0.0125
1 0.496875 0.74765625 0.0078125 0.00546875
1 0.53671875 0.7421875 0.0078125 0.00625
1 0.5546875 0.73984375 0.0078125 0.00703125
1 0.50859375 0.7484375 0.00390625 0.01171875
1 0.6859375 0.7234375 0.01484375 0.0109375
1 0.54453125 0.74375 0.00390625 0.01171875
13 0.60625 0.7359375 0.0046875 0.0125
1 0.52421875 0.7484375 0.0046875 0.01640625
13 0.6171875 0.73515625 0.00390625 0.0125
1 0.55546875 0.7453125 0.00703125 0.00625
1 0.496875 0.753125 0.0078125 0.00625
1 0.51484375 0.7515625 0.00859375 0.00625
1 0.4859375 0.7578125 0.00390625 0.01171875
1 0.53125 0.7515625 0.003125 0.009375
1 0.5359375 0.7515625 0.00390625 0.01171875
1 0.540625 0.75078125 0.00390625 0.0109375
1 0.50390625 0.75625 0.003125 0.01015625
1 0.5484375 0.75 0.00390625 0.0109375
1 0.5671875 0.74765625 0.003125 0.01015625
1 0.65390625 0.73671875 0.00703125 0.00546875
13 0.6140625 0.74375 0.0046875 0.0125
1 0.43671875 0.7703125 0.0125 0.00703125
1 0.50859375 0.76171875 0.003125 0.01015625
1 0.5140625 0.76015625 0.00390625 0.0109375
1 0.55078125 0.75859375 0.00703125 0.00546875
1 0.53203125 0.7640625 0.00390625 0.01171875
1 0.51796875 0.76640625 0.003125 0.01015625
1 0.525 0.765625 0.00546875 0.0171875
1 0.53671875 0.7640625 0.00390625 0.01171875
13 0.60859375 0.7546875 0.00390625 0.0125
1 0.50703125 0.7703125 0.0078125 0.00546875
1 0.55234375 0.7640625 0.0078125 0.00625
1 0.54375 0.76640625 0.0078125 0.00625
1 0.4390625 0.78125 0.0140625 0.01015625
1 0.64375 0.75390625 0.00703125 0.0046875
1 0.59296875 0.76328125 0.00703125 0.0046875
13 0.61796875 0.76171875 0.003125 0.01171875
1 0.6703125 0.7546875 0.01484375 0.0109375
1 0.4921875 0.78203125 0.0125 0.0078125
1 0.50625 0.7796875 0.01171875 0.0078125
1 0.51796875 0.778125 0.0125 0.0078125
1 0.5328125 0.7765625 0.01171875 0.00703125
1 0.54609375 0.77421875 0.0125 0.0078125
1 0.55859375 0.7734375 0.0125 0.0078125
13 0.6125 0.76953125 0.0046875 0.01171875
1 0.440625 0.79609375 0.0140625 0.0109375
1 0.49921875 0.78984375 0.0078125 0.00546875
1 0.509375 0.7890625 0.00703125 0.00546875
1 0.5265625 0.7890625 0.0046875 0.0171875
1 0.5203125 0.78984375 0.0046875 0.0109375
1 0.53359375 0.7890625 0.003125 0.0109375
1 0.546875 0.7875 0.003125 0.00859375
1 0.67109375 0.76953125 0.0140625 0.0109375
1 0.53984375 0.790625 0.00703125 0.00546875
13 0.6109375 0.7828125 0.0046875 0.0125
1 0.44140625 0.8078125 0.01171875 0.0078125
1 0.51640625 0.79765625 0.00390625 0.01171875
1 0.51171875 0.7984375 0.00390625 0.0109375
1 0.41640625 0.81328125 0.0078125 0.00546875
1 0.503125 0.80625 0.00390625 0.01171875
1 0.52109375 0.803125 0.0046875 0.0109375
1 0.5703125 0.79609375 0.00390625 0.0109375
1 0.55234375 0.79921875 0.00390625 0.0125
1 0.53671875 0.80390625 0.00703125 0.00390625
1 0.559375 0.8015625 0.0078125 0.00625
1 0.528125 0.80703125 0.00546875 0.0171875
1 0.69296875 0.7828125 0.0125 0.0078125
1 0.5078125 0.81015625 0.003125 0.0109375
1 0.54921875 0.8046875 0.0046875 0.0109375
1 0.54375 0.80625 0.00390625 0.0109375
1 0.5171875 0.8109375 0.0046875 0.01171875
13 0.6125 0.7984375 0.0046875 0.01328125
13 0.6203125 0.796875 0.0046875 0.0125
1 0.53671875 0.809375 0.0078125 0.00625
1 0.56015625 0.80625 0.00703125 0.00546875
1 0.578125 0.8109375 0.00703125 0.0046875
1 0.6578125 0.80234375 0.00703125 0.0046875
1 0.446875 0.834375 0.003125 0.0109375
1 0.48984375 0.83203125 0.00625 0.0109375
1 0.56796875 0.821875 0.00390625 0.01171875
13 0.61484375 0.81484375 0.0046875 0.0125
13 0.62890625 0.81484375 0.0046875 0.01171875
1 0.5203125 0.83125 0.00625 0.003125
1 0.55703125 0.82578125 0.0078125 0.00546875
1 0.52734375 0.83203125 0.0078125 0.0109375
1 0.58671875 0.825 0.00390625 0.0125
1 0.659375 0.81953125 0.00703125 0.00546875
1 0.50625 0.8421875 0.003125 0.0109375
13 0.6234375 0.82890625 0.0046875 0.0125
13 0.6140625 0.83046875 0.0046875 0.01171875
1 0.55546875 0.84140625 0.003125 0.0109375
7 0.4046875 0.86640625 0.04765625 0.0453125
1 0.50703125 0.8546875 0.003125 0.009375
1 0.62421875 0.8390625 0.0125 0.00703125
1 0.540625 0.85234375 0.00390625 0.01171875
1 0.65234375 0.83828125 0.00703125 0.00546875
1 0.4453125 0.87109375 0.0125 0.0078125
1 0.5234375 0.8640625 0.0046875 0.0171875
1 0.653125 0.8453125 0.00703125 0.00546875
1 0.625 0.8515625 0.0140625 0.01171875
1 0.4453125 0.8828125 0.0140625 0.0109375
1 0.40546875 0.89140625 0.00703125 0.0046875
1 0.4265625 0.8890625 0.00703125 0.0046875
13 0.61640625 0.865625 0.00390625 0.0125
1 0.4484375 0.890625 0.00703125 0.00390625
1 0.421875 0.89609375 0.00703125 0.0046875
1 0.51640625 0.890625 0.0078125 0.00546875
1 0.44453125 0.903125 0.00703125 0.00546875
1 0.66640625 0.87109375 0.003125 0.01015625
1 0.46640625 0.903125 0.00703125 0.00546875
13 0.6125 0.88359375 0.00859375 0.00625
1 0.53828125 0.89609375 0.0078125 0.0203125
7 0.64140625 0.88203125 0.04765625 0.046875
17 0.51640625 0.90078125 0.003125 0.01015625
1 0.55625 0.8953125 0.00546875 0.0171875
17 0.5203125 0.90078125 0.00390625 0.01171875
1 0.4546875 0.91015625 0.0046875 0.0109375
1 0.5734375 0.89375 0.00859375 0.0203125
1 0.6 0.890625 0.0078125 0.0203125
1 0.5921875 0.8921875 0.0046875 0.0171875
1 0.4375 0.91640625 0.01484375 0.01015625
1 0.5 0.91484375 0.00703125 0.0046875
1 0.49140625 0.91640625 0.00703125 0.0046875
1 0.5140625 0.91328125 0.00703125 0.0046875
1 0.428125 0.934375 0.0078125 0.00546875
17 0.490625 0.92578125 0.003125 0.01015625
17 0.49453125 0.925 0.00234375 0.009375
17 0.4984375 0.92578125 0.003125 0.01015625
17 0.50234375 0.925 0.003125 0.00859375
17 0.51328125 0.92265625 0.003125 0.01015625
1 0.46953125 0.93125 0.003125 0.01015625
17 0.53828125 0.92265625 0.00234375 0.009375
17 0.53203125 0.9234375 0.003125 0.0109375
17 0.546875 0.9234375 0.00390625 0.01015625
17 0.49296875 0.93515625 0.0078125 0.00546875
17 0.49609375 0.94453125 0.003125 0.009375
17 0.4921875 0.9453125 0.003125 0.01015625
14 0.3359375 0.96953125 0.015625 0.04921875
14 0.46171875 0.95234375 0.0125 0.03203125
14 0.48203125 0.94921875 0.01171875 0.03125
1 0.49453125 0.9546875 0.0078125 0.00546875
7 0.4203125 0.97578125 0.04765625 0.04609375
14 0.76328125 0.940625 0.01171875 0.01640625
7 0.70078125 0.95078125 0.04765625 0.0515625
1 0.5265625 0.13359375 0.003125 0.01015625
1 0.534375 0.1359375 0.0046875 0.0171875
1 0.1984375 0.184375 0.00546875 0.0171875
1 0.20625 0.1828125 0.00390625 0.01171875
1 0.54296875 0.1359375 0.00703125 0.0203125
1 0.1890625 0.18671875 0.00859375 0.0203125
14 0.23203125 0.26015625 0.015625 0.046875
14 0.090625 0.36875 0.09296875 0.04375
14 0.20625 0.36640625 0.015625 0.03359375