2 0.63125 0.33359375 0.00703125 0.0046875
2 0.50625 0.334375 0.0078125 0.0046875
16 0.75 0.33515625 0.003125 0.01015625
16 0.72578125 0.33671875 0.003125 0.009375
7 0.45546875 0.3390625 0.0234375 0.0140625
4 0.42734375 0.34140625 0.01328125 0.01796875
16 0.871875 0.34140625 0.00234375 0.01015625
16 0.8609375 0.3421875 0.003125 0.009375
16 0.88203125 0.3421875 0.003125 0.009375
16 0.90546875 0.3421875 0.003125 0.00859375
16 0.43671875 0.34296875 0.00390625 0.01015625
2 0.47109375 0.34296875 0.003125 0.0109375
2 0.4765625 0.34375 0.003125 0.0109375
13 0.915625 0.3484375 0.003125 0.0109375
16 0.50390625 0.353125 0.00703125 0.0046875
9 0.56640625 0.35703125 0.1015625 0.1421875
2 0.50390625 0.35859375 0.00703125 0.0046875
2 0.62890625 0.36171875 0.0078125 0.00546875
16 0.87734375 0.3640625 0.00234375 0.01015625
16 0.50390625 0.36484375 0.00703125 0.00546875
16 0.89921875 0.36640625 0.003125 0.01015625
12 0.72578125 0.36640625 0.01171875 0.0375
12 0.75078125 0.3671875 0.01171875 0.03671875
2 0.62890625 0.3671875 0.00703125 0.0046875
16 0.50390625 0.3703125 0.0078125 0.0046875
16 0.4171875 0.371875 0.00390625 0.009375
2 0.503125 0.37578125 0.00703125 0.0046875
3 0.45234375 0.3796875 0.0328125 0.04765625
2 0.62734375 0.3828125 0.00703125 0.00546875
2 0.50390625 0.3828125 0.00703125 0.00546875
4 0.41640625 0.3859375 0.01328125 0.0125
16 0.47734375 0.38984375 0.00234375 0.01015625
2 0.6359375 0.39375 0.0140625 0.009375
2 0.5015625 0.403125 0.0125 0.00703125
2 0.6265625 0.409375 0.00703125 0.00390625
11 0.41640625 0.41015625 0.01328125 0.03671875
4 0.78046875 0.4109375 0.0125 0.01796875
2 0.52890625 0.43828125 0.00390625 0.01015625
14 0.2171875 0.43984375 0.10546875 0.0328125
2 0.5703125 0.440625 0.003125 0.01015625
2 0.565625 0.44296875 0.003125 0.0109375
16 0.58125 0.4453125 0.003125 0.0109375
2 0.55859375 0.4453125 0.00625 0.01953125
13 0.4171875 0.44609375 0.00390625 0.01171875
16 0.8765625 0.44609375 0.003125 0.0109375
7 0.453125 0.44921875 0.02890625 0.0609375
2 0.6046875 0.44921875 0.00625 0.01953125
7 0.4921875 0.45 0.02890625 0.0609375
7 0.64140625 0.459375 0.0296875 0.0609375
16 0.59140625 0.4734375 0.003125 0.0109375
16 0.5796875 0.47421875 0.003125 0.0109375
16 0.5578125 0.47421875 0.003125 0.0109375
16 0.55234375 0.47421875 0.00390625 0.01015625
13 0.246875 0.4765625 0.00703125 0.00546875
16 0.2578125 0.4765625 0.00703125 0.0046875
16 0.88046875 0.490625 0.0140625 0.01171875
9 0.821875 0.490625 0.01796875 0.01875
9 0.84375 0.49140625 0.01875 0.01796875
16 0.4046875 0.49375 0.003125 0.009375
16 0.41171875 0.49453125 0.00234375 0.009375
13 0.4296875 0.49453125 0.003125 0.01171875
7 0.8625 0.49921875 0.0140625 0.02890625
2 0.1796875 0.5 0.00859375 0.01953125
2 0.88125 0.50546875 0.0109375 0.009375
7 0.271875 0.50546875 0.04375 0.03984375
0 0.03984375 0.50625 0.04453125 0.0390625
20 0.146875 0.50703125 0.05234375 0.03984375
2 0.84140625 0.50703125 0.009375 0.00859375
2 0.81953125 0.50703125 0.01015625 0.009375
14 0.90546875 0.5078125 0.021875 0.046875
7 0.196875 0.51875 0.0234375 0.04609375
2 0.8140625 0.5203125 0.0109375 0.00859375
2 0.57578125 0.52109375 0.003125 0.0109375
2 0.57109375 0.52109375 0.00390625 0.01015625
2 0.1796875 0.52265625 0.0109375 0.009375
2 0.84140625 0.52265625 0.00625 0.0140625
2 0.91484375 0.5234375 0.00703125 0.015625
2 0.853125 0.52421875 0.00859375 0.01875
16 0.8625 0.52421875 0.0078125 0.01953125
16 0.87265625 0.52421875 0.00859375 0.01875
2 0.56484375 0.52578125 0.0046875 0.01640625
2 0.58125 0.52578125 0.0046875 0.0171875
2 0.55390625 0.52578125 0.00625 0.01953125
10 0.83046875 0.5265625 0.01328125 0.028125
2 0.59140625 0.52734375 0.00625 0.01875
20 0.22890625 0.52890625 0.01640625 0.0203125
19 0.88125 0.53046875 0.00859375 0.01171875
4 0.50546875 0.53203125 0.0125 0.01875
19 0.16640625 0.53359375 0.0078125 0.0109375
2 0.21640625 0.534375 0.00625 0.01484375
16 0.8109375 0.534375 0.00859375 0.01796875
13 0.4203125 0.53671875 0.06796875 0.0625
3 0.0890625 0.53984375 0.04921875 0.11015625
2 0.81953125 0.54140625 0.00703125 0.00703125
2 0.0203125 0.54140625 0.00625 0.01484375
4 0.53046875 0.54375 0.01328125 0.01796875
9 0.84765625 0.5453125 0.01796875 0.01875
2 0.83359375 0.54609375 0.00703125 0.00703125
2 0.81953125 0.55 0.00703125 0.00703125
7 0.14375 0.55078125 0.0234375 0.0453125
16 0.1796875 0.55234375 0.00859375 0.01796875
16 0.1890625 0.55234375 0.00859375 0.01953125
2 0.16015625 0.55234375 0.00859375 0.01953125
16 0.1703125 0.55234375 0.009375 0.01875
10 0.20625 0.553125 0.0203125 0.01953125
16 0.23203125 0.553125 0.00859375 0.01875
16 0.2234375 0.553125 0.009375 0.01953125
16 0.81015625 0.55546875 0.00859375 0.01953125
4 0.715625 0.55625 0.034375 0.046875
4 0.57421875 0.56328125 0.0140625 0.01953125
4 0.55546875 0.5640625 0.01484375 0.01875
4 0.6265625 0.5640625 0.01328125 0.01953125
10 0.83125 0.5640625 0.01328125 0.028125
4 0.59296875 0.5640625 0.0140625 0.01796875
4 0.64375 0.5640625 0.01328125 0.01875
4 0.609375 0.56484375 0.0125 0.0203125
7 0.12265625 0.56484375 0.01484375 0.02890625
13 0.18125 0.5671875 0.00859375 0.00703125
2 0.16875 0.56796875 0.01015625 0.01015625
4 0.31796875 0.56875 0.03515625 0.04921875
2 0.84140625 0.56875 0.00625 0.01484375
2 0.8140625 0.57109375 0.01015625 0.00859375
2 0.1890625 0.57109375 0.00625 0.01484375
16 0.48046875 0.57421875 0.003125 0.0109375
13 0.159375 0.57578125 0.00625 0.0140625
9 0.209375 0.57578125 0.01484375 0.02109375
2 0.8015625 0.57734375 0.00625 0.0140625
16 0.16796875 0.57890625 0.01015625 0.00859375
13 0.6859375 0.5796875 0.0046875 0.0171875
18 0.03828125 0.5796875 0.04140625 0.07578125
10 0.8640625 0.58046875 0.02890625 0.0484375
6 0.13984375 0.58046875 0.01875 0.0140625
16 0.18046875 0.58359375 0.00859375 0.01484375
16 0.16796875 0.5890625 0.009375 0.00859375
2 0.11484375 0.5890625 0.00625 0.0140625
2 0.5015625 0.590625 0.0078125 0.0046875
2 0.121875 0.59140625 0.00546875 0.01015625
13 0.159375 0.59140625 0.00625 0.01484375
6 0.83125 0.5921875 0.009375 0.02578125
2 0.2125 0.59296875 0.0109375 0.0109375
16 0.6859375 0.59453125 0.003125 0.01015625
16 0.51328125 0.59609375 0.00390625 0.009375
2 0.83984375 0.596875 0.00625 0.01484375
16 0.14375 0.59765625 0.0078125 0.0203125
2 0.16796875 0.5984375 0.01015625 0.009375
16 0.77890625 0.59921875 0.00859375 0.01875
10 0.790625 0.59921875 0.01328125 0.02890625
2 0.5015625 0.59921875 0.0078125 0.0046875
13 0.18046875 0.6 0.00859375 0.00703125
16 0.29765625 0.6 0.00546875 0.01171875
2 0.08515625 0.6015625 0.0140625 0.01171875
2 0.1 0.6015625 0.01328125 0.0109375
3 0.46796875 0.60234375 0.03515625 0.0328125
2 0.2125 0.60234375 0.0109375 0.009375
2 0.8015625 0.60390625 0.00625 0.01484375
7 0.90625 0.6078125 0.0234375 0.04453125
16 0.81796875 0.609375 0.00859375 0.01796875
13 0.6859375 0.6109375 0.0046875 0.01796875
2 0.1859375 0.6109375 0.00625 0.0140625
6 0.171875 0.61171875 0.01875 0.01484375
7 0.50078125 0.6125 0.0234375 0.01484375
16 0.296875 0.6140625 0.00390625 0.0109375
6 0.209375 0.61484375 0.01875 0.0140625
2 0.0203125 0.61875 0.00703125 0.01484375
19 0.8890625 0.6203125 0.0078125 0.01171875
7 0.83359375 0.621875 0.01484375 0.02890625
9 0.125 0.63125 0.04921875 0.0671875
4 0.71484375 0.63203125 0.03515625 0.0484375
2 0.15234375 0.6328125 0.00546875 0.01015625
2 0.86953125 0.63359375 0.00625 0.0140625
7 0.85390625 0.634375 0.02265625 0.04375
2 0.159375 0.63515625 0.00625 0.015625
6 0.171875 0.63515625 0.01953125 0.01328125
2 0.1859375 0.63515625 0.00703125 0.01484375
2 0.89921875 0.63671875 0.01328125 0.0125
9 0.8828125 0.6375 0.0171875 0.01953125
16 0.546875 0.63828125 0.00703125 0.0046875
16 0.521875 0.6390625 0.0078125 0.0046875
16 0.53359375 0.63984375 0.00703125 0.0046875
4 0.25625 0.640625 0.0125 0.01796875
18 0.03828125 0.6421875 0.0421875 0.04609375
16 0.80390625 0.6421875 0.0078125 0.01796875
20 0.81640625 0.6421875 0.01640625 0.0203125
4 0.31875 0.6453125 0.03515625 0.0484375
16 0.8296875 0.64609375 0.00859375 0.01875
2 0.15234375 0.64765625 0.0046875 0.009375
16 0.51640625 0.65 0.00703125 0.0046875
2 0.89921875 0.65078125 0.01328125 0.01171875
4 0.078125 0.65234375 0.02421875 0.01875
2 0.159375 0.65390625 0.00625 0.01484375
2 0.4734375 0.6546875 0.0046875 0.0171875
2 0.4921875 0.65546875 0.00625 0.01953125
19 0.14375 0.6578125 0.00859375 0.01171875
16 0.51328125 0.6609375 0.0078125 0.00546875
16 0.52578125 0.6609375 0.00859375 0.0046875
16 0.5515625 0.665625 0.00703125 0.00390625
16 0.5390625 0.66796875 0.0078125 0.0046875
13 0.3890625 0.690625 0.003125 0.0109375
16 0.5578125 0.69453125 0.00703125 0.0046875
16 0.56015625 0.70859375 0.003125 0.01015625
13 0.3921875 0.7125 0.003125 0.0109375
13 0.40078125 0.71484375 0.00390625 0.01171875
13 0.3921875 0.725 0.00390625 0.01171875
4 0.7265625 0.73125 0.01484375 0.02109375
13 0.38203125 0.73203125 0.00390625 0.01171875
13 0.3953125 0.73984375 0.003125 0.0125
16 0.55625 0.75078125 0.003125 0.0109375
13 0.3953125 0.75390625 0.00390625 0.01171875
13 0.3828125 0.7546875 0.00390625 0.01171875
13 0.3953125 0.765625 0.003125 0.0109375
13 0.38359375 0.76953125 0.00390625 0.0125
9 0.48046875 0.77265625 0.14375 0.196875
13 0.39921875 0.7734375 0.003125 0.0109375
13 0.39375 0.77578125 0.00390625 0.0125
13 0.3875 0.7828125 0.00859375 0.0046875
13 0.3953125 0.7890625 0.003125 0.01171875
13 0.38984375 0.796875 0.00390625 0.0125
13 0.39765625 0.8046875 0.00390625 0.0125
13 0.39140625 0.8125 0.00390625 0.01328125
4 0.8 0.8171875 0.03515625 0.25234375
4 0.86171875 0.81796875 0.034375 0.25234375
13 0.39765625 0.821875 0.00390625 0.01328125
4 0.1265625 0.8234375 0.0359375 0.25703125
4 0.20078125 0.8234375 0.034375 0.25625
4 0.31875 0.82890625 0.034375 0.04765625
16 0.34375 0.865625 0.003125 0.01015625
13 0.33359375 0.8671875 0.01328125 0.015625
13 0.4578125 0.8765625 0.003125 0.0109375
2 0.53125 0.8796875 0.00703125 0.0046875
16 0.50234375 0.8796875 0.00703125 0.0046875
2 0.53984375 0.8796875 0.00703125 0.0046875
2 0.5203125 0.88046875 0.00703125 0.00390625
2 0.51015625 0.8828125 0.003125 0.01015625
2 0.49453125 0.8828125 0.003125 0.0109375
13 0.46796875 0.88359375 0.0078125 0.00546875
16 0.525 0.88515625 0.00703125 0.0046875
16 0.5453125 0.88671875 0.0078125 0.0046875
16 0.5359375 0.8875 0.003125 0.01015625
16 0.53203125 0.8875 0.00234375 0.01015625
13 0.4875 0.88828125 0.00859375 0.0046875
16 0.525 0.890625 0.00703125 0.00390625
16 0.5453125 0.8921875 0.00703125 0.0046875
16 0.44296875 0.896875 0.003125 0.01015625
16 0.44921875 0.896875 0.003125 0.009375
13 0.459375 0.89765625 0.003125 0.0125
4 0.31796875 0.90546875 0.03515625 0.0484375
7 0.50390625 0.90703125 0.0234375 0.01328125
2 0.4390625 0.92734375 0.00625 0.01953125
11 0.68125 0.92890625 0.01484375 0.0375
9 0.5015625 0.93125 0.0125 0.01953125
7 0.40234375 0.93125 0.04453125 0.04140625
2 0.5125 0.93359375 0.00234375 0.0125
2 0.51875 0.934375 0.003125 0.0109375
4 0.55703125 0.934375 0.01484375 0.034375
11 0.53671875 0.9359375 0.0125 0.0359375
2 0.484375 0.9421875 0.00703125 0.0046875
21 0.51171875 0.95234375 0.00546875 0.01875
2 0.5046875 0.95234375 0.003125 0.01015625
2 0.49921875 0.95234375 0.003125 0.01171875
2 0.51953125 0.953125 0.00390625 0.01015625
2 0.52421875 0.953125 0.003125 0.01015625
7 0.47890625 0.953125 0.02265625 0.0140625
4 0.68046875 0.95390625 0.0125 0.01328125
2 0.5375 0.95703125 0.0125 0.00703125
4 0.2609375 0.96328125 0.0140625 0.01953125
2 0.68046875 0.96875 0.003125 0.00859375
2 0.35234375 0.97109375 0.003125 0.01015625
16 0.46171875 0.971875 0.003125 0.009375
2 0.4984375 0.98125 0.003125 0.009375
10 0.53828125 0.98359375 0.00625 0.01953125
2 0.41640625 0.98828125 0.00546875 0.01640625
2 0.39921875 0.9890625 0.00390625 0.0171875
2 0.4328125 0.98984375 0.00390625 0.0171875
2 0.425 0.990625 0.00390625 0.0109375
2 0.40859375 0.99140625 0.003125 0.01171875
2 0.45078125 0.99296875 0.003125 0.01015625
4 0.5921875 0.10390625 0.40390625 0.05078125
4 0.8515625 0.2078125 0.003125 0.0109375
0 0.73359375 0.23046875 0.034375 0.046875
7 0.653125 0.2609375 0.02890625 0.06015625
2 0.54296875 0.2703125 0.00390625 0.015625
7 0.5125 0.2703125 0.01015625 0.03125
2 0.5546875 0.27109375 0.00625 0.0203125
2 0.61171875 0.271875 0.0046875 0.01640625
2 0.57265625 0.27265625 0.00390625 0.01640625
2 0.60625 0.2734375 0.003125 0.01015625
19 0.44765625 0.2734375 0.03671875 0.05078125
2 0.56171875 0.275 0.003125 0.0109375
2 0.56640625 0.275 0.00234375 0.01015625
4 0.89453125 0.2921875 0.07734375 0.0640625
16 0.90546875 0.29296875 0.003125 0.01015625
16 0.89453125 0.29375 0.00234375 0.009375
2 0.50625 0.30078125 0.00703125 0.0046875
16 0.62890625 0.31328125 0.0078125 0.0046875
16 0.50234375 0.3140625 0.00859375 0.0046875
4 0.878125 0.31875 0.090625 0.03359375
2 0.5 0.325 0.0140625 0.00859375
4 0.07265625 0.3265625 0.0890625 0.196875
11 0.765625 0.33046875 0.01328125 0.0359375