14 0.15546875 0.32890625 0.0234375 0.07578125
14 0.04921875 0.31015625 0.015625 0.0265625
14 0.10234375 0.36640625 0.01796875 0.03046875
14 0.42890625 0.5359375 0.084375 0.1953125
14 0.30703125 0.490625 0.0859375 0.1984375
14 0.5421875 0.58203125 0.084375 0.1984375
14 0.66640625 0.63125 0.084375 0.19609375
19 0.81328125 0.6890625 0.02109375 0.0359375
14 0.9046875 0.72421875 0.0859375 0.19609375
19 0.7765625 0.6765625 0.0203125 0.0359375
14 0.021875 0.43828125 0.04375 0.10234375
7 0.4640625 0.0328125 0.04140625 0.065625
14 0.2203125 0.55078125 0.01875 0.03515625
14 0.07734375 0.521875 0.02109375 0.053125
14 0.37890625 0.64375 0.01875 0.05390625
14 0.26015625 0.6 0.02421875 0.05703125
14 0.49453125 0.69296875 0.0203125 0.0546875
14 0.8578125 0.8328125 0.02109375 0.0578125
14 0.621875 0.74453125 0.0203125 0.06015625
14 0.809375 0.81953125 0.0203125 0.0546875
14 0.5765625 0.76015625 0.01875 0.03671875
1 0.59140625 0.07578125 0.0046875 0.01640625
14 0.87734375 0.94140625 0.0203125 0.03515625
14 0.04375 0.6828125 0.08671875 0.06484375
14 0.19375 0.76796875 0.0890625 0.21171875
7 0.54453125 0.0703125 0.040625 0.09765625
14 0.1140625 0.75703125 0.05546875 0.0984375
1 0.60234375 0.09609375 0.00703125 0.02578125
1 0.5109375 0.06328125 0.00703125 0.02578125
14 0.04375 0.78984375 0.04375 0.0390625
1 0.61328125 0.10546875 0.0046875 0.01640625
1 0.56953125 0.08984375 0.00703125 0.025
1 0.6390625 0.11640625 0.009375 0.025
1 0.5890625 0.0984375 0.00390625 0.01484375
1 0.4953125 0.065625 0.01015625 0.03046875
1 0.61796875 0.115625 0.00859375 0.00859375
7 0.72421875 0.1734375 0.05546875 0.075
17 0.6171875 0.13359375 0.0046875 0.01640625
1 0.628125 0.13828125 0.0046875 0.01640625
17 0.6 0.12734375 0.00546875 0.01640625
17 0.60390625 0.1296875 0.0046875 0.01640625
17 0.61328125 0.13359375 0.0046875 0.01640625
17 0.60859375 0.13125 0.0046875 0.01484375
17 0.621875 0.13671875 0.0046875 0.01484375
17 0.5765625 0.12421875 0.0046875 0.01484375
17 0.57265625 0.121875 0.0046875 0.01640625
17 0.58515625 0.12734375 0.00390625 0.01484375
17 0.59453125 0.13125 0.0046875 0.01484375
17 0.58984375 0.1296875 0.0046875 0.0140625
17 0.58046875 0.1265625 0.00546875 0.01484375
17 0.6328125 0.1625 0.00859375 0.00859375
17 0.63125 0.17109375 0.00859375 0.0078125
1 0.5984375 0.1609375 0.0046875 0.01484375
1 0.63046875 0.18046875 0.0078125 0.009375
17 0.58515625 0.16640625 0.009375 0.00859375
17 0.60078125 0.1828125 0.0046875 0.01484375
17 0.571875 0.171875 0.00390625 0.01640625
17 0.60625 0.18515625 0.0046875 0.01640625
17 0.57734375 0.17421875 0.00390625 0.01484375
17 0.58203125 0.17578125 0.00390625 0.0140625
17 0.61640625 0.1890625 0.0046875 0.01640625
17 0.671875 0.21171875 0.00859375 0.009375
17 0.6609375 0.20859375 0.0078125 0.00859375
17 0.66015625 0.2171875 0.00859375 0.009375
17 0.6703125 0.221875 0.0078125 0.00859375
1 0.62734375 0.2109375 0.00703125 0.02578125
14 0.51484375 0.17578125 0.03046875 0.03359375
17 0.56875 0.1984375 0.0046875 0.01484375
17 0.5734375 0.20078125 0.0046875 0.0140625
17 0.57890625 0.203125 0.0046875 0.01484375
17 0.60234375 0.21484375 0.0046875 0.01640625
17 0.59765625 0.2140625 0.00390625 0.01484375
17 0.61171875 0.2203125 0.00546875 0.01484375
1 0.54765625 0.21328125 0.01015625 0.03125
1 0.60546875 0.2375 0.00546875 0.01796875
1 0.58671875 0.2328125 0.00390625 0.01640625
1 0.5921875 0.23515625 0.0046875 0.01640625
1 0.58125 0.23203125 0.00703125 0.02578125
14 0.4421875 0.19921875 0.03359375 0.07578125
1 0.5625 0.25546875 0.0046875 0.01484375
1 0.57890625 0.2625 0.0046875 0.01640625
1 0.615625 0.2859375 0.0109375 0.03046875
1 0.58671875 0.27734375 0.00703125 0.025
7 0.6390625 0.2984375 0.040625 0.09765625
1 0.603125 0.2859375 0.00703125 0.0265625
16 0.99609375 0.45078125 0.00703125 0.0359375
14 0.59140625 0.34296875 0.015625 0.02734375
14 0.79453125 0.11328125 0.0171875 0.0296875
14 0.9515625 0.528125 0.02265625 0.0546875
7 0.72421875 0.09609375 0.05390625 0.0609375
1 0.28671875 0.3 0.00625 0.0171875
14 0.20625 0.28046875 0.0390625 0.20859375
17 0.08046875 0.2359375 0.0046875 0.01640625
14 0.7828125 0.51171875 0.03046875 0.04375
14 0.73125 0.51875 0.02109375 0.05859375
14 0.48984375 0.43046875 0.0203125 0.05703125
14 0.3703125 0.3859375 0.01875 0.05390625
14 0.6046875 0.47734375 0.01875 0.053125