1 0.66328125 0.34765625 0.0078125 0.00546875
1 0.5234375 0.34453125 0.0078125 0.00546875
17 0.79609375 0.353125 0.00234375 0.01015625
17 0.76875 0.35390625 0.003125 0.01015625
7 0.46640625 0.34921875 0.02578125 0.01640625
4 0.43515625 0.35234375 0.0140625 0.01953125
17 0.93359375 0.3640625 0.00234375 0.01015625
17 0.9203125 0.36328125 0.00234375 0.009375
17 0.94375 0.3640625 0.00234375 0.009375
17 0.96953125 0.36484375 0.00234375 0.009375
17 0.4453125 0.353125 0.00390625 0.0109375
1 0.484375 0.35390625 0.003125 0.01171875
1 0.48984375 0.3546875 0.003125 0.0109375
13 0.98125 0.37265625 0.003125 0.0109375
17 0.5203125 0.365625 0.0078125 0.00546875
9 0.590625 0.37265625 0.115625 0.16171875
1 0.5203125 0.37265625 0.0078125 0.00546875
1 0.6609375 0.3796875 0.0078125 0.00546875
17 0.93828125 0.38828125 0.00234375 0.01015625
17 0.5203125 0.3796875 0.0078125 0.00546875
17 0.9625 0.39140625 0.003125 0.01015625
12 0.76796875 0.38828125 0.01328125 0.0421875
12 0.796875 0.38828125 0.01328125 0.04140625
1 0.66015625 0.3859375 0.0078125 0.00546875
17 0.5203125 0.3859375 0.0078125 0.0046875
17 0.4234375 0.38515625 0.00390625 0.01015625
1 0.51953125 0.3921875 0.00703125 0.00546875
3 0.46328125 0.39453125 0.0375 0.05390625
1 0.65859375 0.403125 0.0078125 0.00546875
1 0.5203125 0.40078125 0.0078125 0.00625
4 0.42265625 0.4015625 0.0140625 0.01328125
17 0.490625 0.40625 0.00234375 0.0109375
1 0.66796875 0.415625 0.015625 0.01015625
1 0.5171875 0.42265625 0.01328125 0.0078125
1 0.65703125 0.4328125 0.0078125 0.00390625
11 0.421875 0.428125 0.015625 0.040625
4 0.82890625 0.4390625 0.01328125 0.01953125
1 0.54765625 0.4625 0.00390625 0.01015625
14 0.19921875 0.45546875 0.11875 0.03984375
1 0.59375 0.46640625 0.003125 0.01015625
1 0.58828125 0.46953125 0.003125 0.01171875
17 0.60546875 0.471875 0.003125 0.01171875
1 0.58046875 0.47109375 0.0078125 0.021875
13 0.421875 0.4671875 0.00390625 0.0125
17 0.93671875 0.48125 0.003125 0.0109375
7 0.4625 0.4734375 0.03359375 0.06875
1 0.63125 0.47734375 0.00703125 0.021875
7 0.50546875 0.47421875 0.03359375 0.06875
7 0.67265625 0.4890625 0.034375 0.06875
17 0.61640625 0.50390625 0.003125 0.01171875
17 0.60390625 0.5046875 0.003125 0.01171875
17 0.57890625 0.50390625 0.003125 0.01171875
17 0.5734375 0.503125 0.00390625 0.0109375
13 0.23125 0.49765625 0.0078125 0.00546875
17 0.24375 0.49921875 0.0078125 0.00546875
17 0.940625 0.53046875 0.015625 0.0125
9 0.87421875 0.5296875 0.0203125 0.021875
9 0.89921875 0.5296875 0.0203125 0.02109375
17 0.4078125 0.521875 0.003125 0.009375
17 0.415625 0.52265625 0.00234375 0.009375
13 0.43515625 0.5234375 0.00234375 0.0125
7 0.91953125 0.5390625 0.01640625 0.03203125
1 0.15546875 0.52265625 0.01015625 0.021875
1 0.940625 0.54609375 0.01171875 0.01015625
7 0.25859375 0.53125 0.05 0.0453125
0 0.0125 0.5265625 0.025 0.0453125
20 0.11875 0.52890625 0.059375 0.04609375
1 0.89609375 0.54765625 0.01015625 0.00859375
1 0.871875 0.546875 0.01171875 0.01015625
14 0.96796875 0.5515625 0.025 0.053125
7 0.175 0.54375 0.0265625 0.05234375
1 0.86484375 0.5609375 0.01171875 0.00859375
1 0.59921875 0.55625 0.003125 0.01171875
1 0.59296875 0.55703125 0.00390625 0.0109375
1 0.15625 0.54765625 0.01171875 0.009375
1 0.8953125 0.56484375 0.00625 0.015625
1 0.978125 0.56796875 0.00703125 0.01640625
1 0.90859375 0.5671875 0.009375 0.02109375
17 0.91953125 0.56796875 0.00859375 0.021875
17 0.93046875 0.56875 0.00859375 0.0203125
1 0.58671875 0.5609375 0.0046875 0.01796875
1 0.6046875 0.56171875 0.0046875 0.01875
1 0.57421875 0.56171875 0.0078125 0.021875
10 0.88359375 0.5703125 0.01484375 0.03125
1 0.61640625 0.56328125 0.00625 0.02109375
20 0.21015625 0.55546875 0.01875 0.02265625
19 0.940625 0.575 0.00859375 0.0125
4 0.5203125 0.5671875 0.0140625 0.02109375
19 0.13984375 0.559375 0.0078125 0.01171875
1 0.19609375 0.56171875 0.00625 0.01640625
17 0.86171875 0.578125 0.00859375 0.01953125
13 0.42421875 0.56953125 0.0765625 0.07109375
3 0.0546875 0.5640625 0.05625 0.12421875
1 0.8703125 0.5859375 0.0078125 0.0078125
4 0.54765625 0.58046875 0.01484375 0.0203125
9 0.90234375 0.590625 0.01953125 0.021875
1 0.88671875 0.59140625 0.0078125 0.0078125
1 0.87109375 0.5953125 0.00703125 0.0078125
7 0.11484375 0.578125 0.0265625 0.0515625
17 0.15546875 0.58125 0.00859375 0.0203125
17 0.165625 0.58125 0.00859375 0.02109375
1 0.13359375 0.58125 0.009375 0.021875
17 0.14453125 0.58125 0.01015625 0.02109375
10 0.18515625 0.5828125 0.02265625 0.021875
17 0.21328125 0.58359375 0.009375 0.0203125
17 0.20390625 0.5828125 0.01015625 0.021875
17 0.86015625 0.6015625 0.009375 0.02109375
4 0.7546875 0.59921875 0.0390625 0.053125
4 0.59609375 0.603125 0.015625 0.021875
4 0.575 0.60390625 0.015625 0.02109375
4 0.6546875 0.60625 0.01484375 0.02109375
10 0.884375 0.61171875 0.015625 0.03046875
4 0.6171875 0.60546875 0.015625 0.0203125
4 0.6734375 0.60703125 0.01484375 0.02109375
4 0.63515625 0.60625 0.01484375 0.02265625
7 0.090625 0.59375 0.0171875 0.0328125
13 0.15625 0.59765625 0.00859375 0.0078125
1 0.1421875 0.5984375 0.0109375 0.0109375
4 0.31015625 0.60234375 0.0390625 0.05546875
1 0.8953125 0.6171875 0.00625 0.01640625
1 0.86484375 0.61875 0.0109375 0.00859375
1 0.165625 0.603125 0.00625 0.015625
17 0.490625 0.61328125 0.00234375 0.01171875
13 0.13203125 0.60625 0.00625 0.015625
9 0.1875 0.60859375 0.0171875 0.02421875
1 0.85 0.62578125 0.00625 0.015625
17 0.1421875 0.6109375 0.0109375 0.00859375
13 0.72109375 0.625 0.0046875 0.01875
18 0.01015625 0.6078125 0.0203125 0.0875
10 0.92109375 0.63046875 0.03203125 0.0546875
6 0.1109375 0.6109375 0.02109375 0.015625
17 0.15546875 0.61640625 0.009375 0.015625
17 0.14140625 0.621875 0.01015625 0.00859375
1 0.08203125 0.6203125 0.00625 0.015625
1 0.51484375 0.63203125 0.0078125 0.00546875
1 0.08984375 0.6234375 0.00546875 0.0109375
13 0.13203125 0.62421875 0.00625 0.015625
6 0.88359375 0.64375 0.01015625 0.028125
1 0.19140625 0.62734375 0.01171875 0.0109375
17 0.72109375 0.6421875 0.003125 0.01015625
17 0.52734375 0.6390625 0.00390625 0.009375
1 0.89296875 0.64765625 0.00703125 0.01640625
17 0.11484375 0.63046875 0.009375 0.02265625
1 0.1421875 0.63203125 0.01171875 0.009375
17 0.825 0.64921875 0.009375 0.02109375
10 0.83828125 0.65 0.01484375 0.03203125
1 0.5140625 0.6421875 0.0078125 0.0046875
13 0.15546875 0.63359375 0.00859375 0.0078125
17 0.28671875 0.63828125 0.00546875 0.0125
1 0.0484375 0.6328125 0.015625 0.0125
1 0.06484375 0.63359375 0.0140625 0.01171875
3 0.47734375 0.64453125 0.0390625 0.03671875
1 0.190625 0.63828125 0.01171875 0.009375
1 0.85 0.65546875 0.00625 0.015625
7 0.9671875 0.6625 0.0265625 0.05
17 0.86875 0.66171875 0.00859375 0.01953125
13 0.7203125 0.66015625 0.0046875 0.01953125
1 0.16171875 0.646875 0.00703125 0.015625
6 0.14609375 0.646875 0.02109375 0.0171875
7 0.51328125 0.65703125 0.02578125 0.01640625
17 0.28515625 0.65234375 0.00390625 0.01171875
6 0.1875 0.6515625 0.0203125 0.015625
19 0.94765625 0.67578125 0.0078125 0.0125
7 0.8859375 0.67578125 0.01640625 0.03203125
9 0.09296875 0.6671875 0.05546875 0.0765625
4 0.753125 0.68515625 0.0390625 0.0546875
1 0.1234375 0.66953125 0.00546875 0.01015625
1 0.92578125 0.68984375 0.00625 0.015625
7 0.9078125 0.690625 0.02578125 0.04921875
1 0.13046875 0.67265625 0.00625 0.0171875
6 0.1453125 0.67265625 0.02109375 0.015625
1 0.1609375 0.67421875 0.0078125 0.01640625
1 0.959375 0.6953125 0.0140625 0.01328125
9 0.940625 0.6953125 0.01953125 0.02265625
17 0.56484375 0.6859375 0.0078125 0.0046875
17 0.53671875 0.68671875 0.0078125 0.0046875
17 0.54921875 0.68828125 0.00703125 0.0046875
4 0.2390625 0.68203125 0.01328125 0.0203125
18 0.01015625 0.678125 0.01953125 0.05390625
17 0.8515625 0.69765625 0.00859375 0.0203125
20 0.865625 0.69765625 0.01796875 0.0234375
4 0.309375 0.6890625 0.0390625 0.0546875
17 0.88125 0.703125 0.009375 0.02109375
1 0.1234375 0.6859375 0.0046875 0.01015625
17 0.53125 0.69921875 0.0078125 0.0046875
1 0.95859375 0.71015625 0.01484375 0.0125
4 0.03984375 0.68984375 0.0265625 0.021875
1 0.13046875 0.69375 0.00625 0.01640625
1 0.48203125 0.703125 0.0046875 0.01875
1 0.503125 0.70390625 0.00703125 0.02109375
19 0.11328125 0.69765625 0.009375 0.0125
17 0.52734375 0.7109375 0.0078125 0.00546875
17 0.540625 0.71171875 0.00859375 0.00546875
17 0.56953125 0.71796875 0.0078125 0.00390625
17 0.55546875 0.7203125 0.0078125 0.00546875
13 0.38828125 0.74140625 0.003125 0.01171875
17 0.57578125 0.75 0.0078125 0.0046875
17 0.57890625 0.765625 0.003125 0.0109375
13 0.390625 0.76640625 0.003125 0.01171875
13 0.4 0.76875 0.0046875 0.0125
13 0.38984375 0.7796875 0.00390625 0.0125
4 0.7640625 0.79609375 0.0171875 0.02421875
13 0.37890625 0.7875 0.00390625 0.0125
13 0.39375 0.796875 0.003125 0.01328125
17 0.57265625 0.8140625 0.00234375 0.01171875
13 0.39375 0.81171875 0.00390625 0.0125
13 0.3796875 0.81328125 0.0046875 0.0125
13 0.39375 0.825 0.003125 0.01171875
13 0.3796875 0.8296875 0.00390625 0.01328125
9 0.48828125 0.83515625 0.1625 0.2234375
13 0.39765625 0.83515625 0.003125 0.01171875
13 0.390625 0.83671875 0.0046875 0.01328125
13 0.384375 0.84453125 0.009375 0.0046875
13 0.39296875 0.85078125 0.003125 0.0125
13 0.3875 0.8609375 0.0046875 0.01328125
13 0.39453125 0.86953125 0.00390625 0.01328125
13 0.38828125 0.878125 0.00390625 0.0140625
4 0.84609375 0.87578125 0.04296875 0.24765625
4 0.91484375 0.8765625 0.04296875 0.2453125
13 0.39609375 0.88828125 0.00390625 0.0140625
4 0.0921875 0.8640625 0.04375 0.2515625
4 0.17578125 0.86640625 0.0421875 0.25078125
4 0.30625 0.89453125 0.0390625 0.05390625
17 0.33359375 0.9359375 0.003125 0.0109375
13 0.32265625 0.93671875 0.0140625 0.0171875
13 0.46171875 0.9515625 0.003125 0.01171875
1 0.54375 0.95703125 0.0078125 0.0046875
17 0.51171875 0.95625 0.0078125 0.0046875
1 0.55390625 0.95703125 0.0078125 0.0046875
1 0.53203125 0.9578125 0.0078125 0.00390625
1 0.5203125 0.959375 0.003125 0.0109375
1 0.50234375 0.959375 0.003125 0.0109375
13 0.4734375 0.96015625 0.00859375 0.00546875
17 0.53671875 0.9625 0.00703125 0.0046875
17 0.559375 0.965625 0.0078125 0.00546875
17 0.54921875 0.965625 0.00234375 0.0109375
17 0.54453125 0.965625 0.00234375 0.01015625
13 0.49453125 0.96484375 0.009375 0.0046875
17 0.5359375 0.96796875 0.0078125 0.00390625
17 0.559375 0.97109375 0.0078125 0.0046875
17 0.44453125 0.97421875 0.00234375 0.01015625
17 0.4515625 0.97421875 0.00234375 0.01015625
13 0.46328125 0.97421875 0.003125 0.01328125
4 0.30546875 0.97421875 0.040625 0.04296875
7 0.5125 0.9875 0.02578125 0.01484375
11 0.7109375 0.996875 0.0171875 0.00546875
4 0.62265625 0.08984375 0.4515625 0.06640625
4 0.91171875 0.21328125 0.003125 0.01171875
0 0.7796875 0.23515625 0.0390625 0.053125
7 0.6890625 0.26796875 0.03359375 0.06796875
1 0.565625 0.275 0.00390625 0.0171875
7 0.53125 0.275 0.01171875 0.03515625
1 0.578125 0.27578125 0.00703125 0.021875
1 0.64296875 0.27890625 0.0046875 0.01796875
1 0.5984375 0.27734375 0.0046875 0.01796875
1 0.63515625 0.2796875 0.003125 0.0109375
19 0.45859375 0.27578125 0.040625 0.0578125
1 0.5859375 0.2796875 0.003125 0.0109375
1 0.59140625 0.28046875 0.00234375 0.01015625
4 0.95703125 0.309375 0.084375 0.075
17 0.9703125 0.31015625 0.00234375 0.01015625
17 0.95859375 0.31015625 0.00234375 0.01015625
1 0.52421875 0.3078125 0.0078125 0.00546875
17 0.66171875 0.32578125 0.0078125 0.00546875
17 0.51875 0.32265625 0.00859375 0.00546875
4 0.9390625 0.33828125 0.1015625 0.03984375
1 0.51640625 0.334375 0.015625 0.009375
4 0.0453125 0.32578125 0.0890625 0.22265625
11 0.8140625 0.3484375 0.015625 0.03984375