14 0.18828125 0.51484375 0.01796875 0.0703125
14 0.090625 0.55234375 0.01328125 0.021875
14 0.14765625 0.57421875 0.015625 0.0265625
14 0.46640625 0.55703125 0.07109375 0.17421875
14 0.34921875 0.5796875 0.071875 0.1765625
14 0.5734375 0.53828125 0.07109375 0.1765625
14 0.6921875 0.51796875 0.0703125 0.175
19 0.8328125 0.49453125 0.01796875 0.03125
14 0.91953125 0.47734375 0.071875 0.175
19 0.79765625 0.5015625 0.01796875 0.03125
14 0.0859375 0.68125 0.0390625 0.090625
7 0.41328125 0.07421875 0.03359375 0.08671875
14 0.2828125 0.678125 0.015625 0.03125
14 0.15 0.72578125 0.0171875 0.04765625
14 0.4390625 0.678125 0.015625 0.04921875
14 0.32578125 0.70078125 0.01953125 0.05078125
14 0.54921875 0.6625 0.01640625 0.05
14 0.8953125 0.5984375 0.0171875 0.05234375
14 0.671875 0.6421875 0.0171875 0.05390625
14 0.85078125 0.61171875 0.01640625 0.05
14 0.63359375 0.6796875 0.01640625 0.0328125
1 0.5359375 0.0625 0.00390625 0.01484375
14 0.0828125 0.8125 0.01328125 0.0234375
14 0.93046875 0.6859375 0.0171875 0.03046875
17 0.084375 0.84609375 0.0046875 0.0140625
14 0.42421875 0.0203125 0.034375 0.021875
14 0.1453125 0.8875 0.0828125 0.0453125
14 0.29375 0.88515625 0.07421875 0.1890625
7 0.49375 0.0828125 0.03359375 0.08828125
14 0.22109375 0.91640625 0.0484375 0.08515625
1 0.54921875 0.075 0.00546875 0.02421875
1 0.4625 0.09296875 0.00625 0.02421875
17 0.79765625 0.85859375 0.00390625 0.015625
1 0.803125 0.8578125 0.00390625 0.01484375
1 0.85390625 0.84765625 0.00390625 0.01484375
1 0.8296875 0.853125 0.00390625 0.0140625
1 0.8828125 0.84296875 0.0046875 0.01484375
17 0.87734375 0.84375 0.0046875 0.0171875
17 0.82421875 0.85546875 0.00390625 0.015625
17 0.84921875 0.85078125 0.00390625 0.01796875
14 0.16328125 0.9828125 0.03984375 0.0296875
1 0.56015625 0.07890625 0.00390625 0.01484375
1 0.51875 0.08671875 0.00625 0.0234375
1 0.58515625 0.07421875 0.00703125 0.021875
1 0.5375 0.08359375 0.003125 0.01328125
1 0.44921875 0.103125 0.0078125 0.02734375
1 0.56640625 0.084375 0.0078125 0.00703125
7 0.6703125 0.08046875 0.04921875 0.0625
17 0.56875 0.10078125 0.00390625 0.01484375
1 0.57890625 0.09921875 0.00390625 0.01484375
17 0.55234375 0.1046875 0.0046875 0.01484375
17 0.55625 0.103125 0.00390625 0.01484375
17 0.56484375 0.10234375 0.00390625 0.01484375
17 0.56015625 0.103125 0.00390625 0.0140625
17 0.57265625 0.1 0.00390625 0.0140625
17 0.53046875 0.1125 0.00390625 0.0140625
17 0.5265625 0.1140625 0.00390625 0.01484375
17 0.5390625 0.11171875 0.003125 0.01328125
17 0.54765625 0.11015625 0.00390625 0.0140625
17 0.54296875 0.11171875 0.003125 0.01328125
17 0.53515625 0.1140625 0.0046875 0.0140625
17 0.58671875 0.11875 0.0078125 0.00703125
17 0.58671875 0.1265625 0.0078125 0.00625
1 0.55625 0.13515625 0.00390625 0.0140625
1 0.58828125 0.13515625 0.0078125 0.00703125
17 0.54609375 0.1453125 0.00859375 0.00703125
17 0.56171875 0.153125 0.00390625 0.0140625
17 0.534375 0.15859375 0.003125 0.0140625
17 0.5671875 0.153125 0.00390625 0.01484375
4 0.01015625 0.25859375 0.01953125 0.07421875
17 0.5390625 0.1578125 0.003125 0.01328125
17 0.54375 0.15703125 0.003125 0.0125
17 0.5765625 0.1515625 0.00390625 0.01484375
16 0.95546875 0.0796875 0.01484375 0.03125
17 0.6296875 0.14140625 0.0078125 0.0078125
17 0.61953125 0.14453125 0.0078125 0.00625
17 0.6203125 0.153125 0.0078125 0.0078125
17 0.6296875 0.1515625 0.0078125 0.00625
1 0.590625 0.16484375 0.00625 0.02421875
14 0.484375 0.1921875 0.02734375 0.0265625
17 0.5359375 0.18359375 0.00390625 0.0140625
17 0.540625 0.1828125 0.003125 0.01328125
17 0.5453125 0.1828125 0.00390625 0.0140625
17 0.56875 0.18046875 0.00390625 0.01484375
17 0.5640625 0.1828125 0.003125 0.01328125
17 0.57734375 0.18046875 0.0046875 0.0140625
16 0.9578125 0.12109375 0.0140625 0.03046875
1 0.51875 0.20703125 0.0078125 0.028125
1 0.575 0.19921875 0.00390625 0.0171875
1 0.5578125 0.20390625 0.003125 0.0140625
1 0.56171875 0.20390625 0.00390625 0.01484375
1 0.55234375 0.20625 0.00625 0.02421875
7 0.37109375 0.04453125 0.04765625 0.0515625
14 0.4234375 0.24921875 0.028125 0.0671875
1 0.5390625 0.2375 0.00390625 0.0140625
1 0.55546875 0.23515625 0.00390625 0.01484375
1 0.59140625 0.23671875 0.00859375 0.02734375
1 0.56484375 0.24453125 0.00625 0.0234375
7 0.61484375 0.2359375 0.03359375 0.08828125
1 0.58046875 0.24296875 0.00625 0.025
16 0.9609375 0.184375 0.01484375 0.03125
14 0.57890625 0.30078125 0.0140625 0.02421875
14 0.9296875 0.2796875 0.01875 0.04921875
7 0.65625 0.01796875 0.05 0.03515625
1 0.3015625 0.4203125 0.00546875 0.015625
14 0.2265625 0.44453125 0.02578125 0.19609375
17 0.10703125 0.46953125 0.00390625 0.01484375
14 0.7765625 0.35234375 0.0265625 0.03671875
14 0.73203125 0.38515625 0.0171875 0.053125
14 0.503125 0.43125 0.01640625 0.05234375
14 0.3890625 0.453125 0.01484375 0.04921875
14 0.6125 0.41328125 0.01484375 0.04765625