1 0.671875 0.3484375 0.0078125 0.00546875
1 0.53203125 0.3421875 0.0078125 0.00625
17 0.8046875 0.35703125 0.00234375 0.01015625
17 0.7765625 0.35703125 0.003125 0.01015625
7 0.47421875 0.34453125 0.0265625 0.0171875
4 0.44375 0.346875 0.01484375 0.0203125
17 0.940625 0.3703125 0.00234375 0.01015625
17 0.928125 0.3703125 0.00234375 0.009375
17 0.9515625 0.37109375 0.00234375 0.009375
17 0.97734375 0.37265625 0.00234375 0.009375
17 0.45390625 0.3484375 0.0046875 0.0109375
1 0.4921875 0.35078125 0.00390625 0.01171875
1 0.4984375 0.35078125 0.00390625 0.0109375
13 0.9890625 0.38046875 0.00390625 0.0109375
17 0.528125 0.3625 0.0078125 0.00546875
9 0.5984375 0.371875 0.1171875 0.1640625
1 0.528125 0.36953125 0.0078125 0.00546875
1 0.66875 0.3796875 0.0078125 0.00625
17 0.9453125 0.39609375 0.00234375 0.01015625
17 0.528125 0.3765625 0.0078125 0.00546875
17 0.9703125 0.39921875 0.003125 0.01015625
12 0.77578125 0.390625 0.01328125 0.04296875
12 0.80390625 0.3921875 0.01328125 0.0421875
1 0.66796875 0.3859375 0.0078125 0.00546875
17 0.52734375 0.38203125 0.0078125 0.00546875
17 0.43125 0.3796875 0.00390625 0.01015625
1 0.52734375 0.3890625 0.00703125 0.00546875
3 0.47109375 0.390625 0.0375 0.0546875
1 0.665625 0.403125 0.0078125 0.00546875
1 0.52734375 0.39765625 0.0078125 0.00625
4 0.43046875 0.39609375 0.01484375 0.0140625
17 0.49765625 0.403125 0.003125 0.0109375
1 0.67578125 0.415625 0.015625 0.0109375
1 0.52421875 0.41875 0.01328125 0.00859375
1 0.66484375 0.4328125 0.0078125 0.00390625
11 0.42890625 0.42265625 0.015625 0.04140625
4 0.8359375 0.44296875 0.0140625 0.0203125
1 0.55390625 0.46015625 0.00390625 0.01015625
14 0.20546875 0.4453125 0.11875 0.04296875
1 0.60078125 0.465625 0.003125 0.01015625
1 0.59453125 0.46796875 0.00390625 0.01171875
17 0.61171875 0.4703125 0.00390625 0.01171875
1 0.58671875 0.46953125 0.0078125 0.021875
13 0.42890625 0.4625 0.0046875 0.0125
17 0.94296875 0.4875 0.00390625 0.0109375
7 0.46953125 0.46875 0.03359375 0.06953125
1 0.63828125 0.47734375 0.00703125 0.021875
7 0.5125 0.47109375 0.03359375 0.06953125
7 0.67890625 0.4890625 0.03515625 0.06953125
17 0.62265625 0.503125 0.00390625 0.01171875
17 0.61015625 0.503125 0.00390625 0.01171875
17 0.58515625 0.50234375 0.00390625 0.01171875
17 0.57890625 0.5015625 0.0046875 0.0109375
13 0.2375 0.4875 0.0078125 0.00546875
17 0.25 0.4890625 0.0078125 0.00546875
17 0.94609375 0.5375 0.015625 0.01328125
9 0.88046875 0.534375 0.02109375 0.021875
9 0.9046875 0.5359375 0.02109375 0.02109375
17 0.41328125 0.51640625 0.003125 0.009375
17 0.421875 0.5171875 0.00234375 0.009375
13 0.440625 0.51796875 0.003125 0.0125
7 0.92578125 0.5453125 0.01640625 0.0328125
1 0.1609375 0.5109375 0.01015625 0.02265625
1 0.94609375 0.553125 0.01171875 0.0109375
7 0.26484375 0.521875 0.05 0.04609375
0 0.015625 0.5109375 0.03125 0.04609375
20 0.12578125 0.51640625 0.059375 0.04765625
1 0.9015625 0.553125 0.01015625 0.009375
1 0.87734375 0.55234375 0.01171875 0.0109375
14 0.9734375 0.559375 0.02578125 0.05390625
7 0.18046875 0.5328125 0.0265625 0.053125
1 0.8703125 0.56640625 0.01171875 0.009375
1 0.60390625 0.55546875 0.00390625 0.01171875
1 0.59921875 0.55546875 0.0046875 0.0109375
1 0.16171875 0.5359375 0.01171875 0.01015625
1 0.90078125 0.5703125 0.00703125 0.015625
1 0.9828125 0.57578125 0.0078125 0.01640625
1 0.91328125 0.5734375 0.01015625 0.021875
17 0.92421875 0.57421875 0.00859375 0.02265625
17 0.9359375 0.575 0.009375 0.02109375
1 0.5921875 0.56015625 0.0046875 0.01796875
1 0.61015625 0.5609375 0.00546875 0.01875
1 0.5796875 0.56015625 0.0078125 0.021875
10 0.8890625 0.57578125 0.01484375 0.03203125
1 0.621875 0.5625 0.00703125 0.02109375
20 0.215625 0.54453125 0.01875 0.02265625
19 0.9453125 0.58203125 0.009375 0.01328125
4 0.52578125 0.5640625 0.01484375 0.021875
19 0.14609375 0.546875 0.00859375 0.0125
1 0.2015625 0.55078125 0.00703125 0.01640625
17 0.86640625 0.58359375 0.009375 0.0203125
13 0.4296875 0.56484375 0.07734375 0.0734375
3 0.059375 0.55078125 0.0578125 0.125
1 0.87578125 0.59140625 0.0078125 0.0078125
4 0.553125 0.578125 0.015625 0.02109375
9 0.90703125 0.596875 0.0203125 0.021875
1 0.8921875 0.59609375 0.0078125 0.0078125
1 0.875 0.60078125 0.00703125 0.0078125
7 0.1203125 0.565625 0.0265625 0.05234375
17 0.16015625 0.56953125 0.009375 0.02109375
17 0.17109375 0.56953125 0.009375 0.021875
1 0.13828125 0.56875 0.009375 0.02265625
17 0.14921875 0.56875 0.01015625 0.021875
10 0.190625 0.57109375 0.0234375 0.021875
17 0.21875 0.57265625 0.01015625 0.02109375
17 0.20859375 0.57265625 0.01015625 0.02265625
17 0.865625 0.60625 0.01015625 0.021875
4 0.759375 0.6015625 0.0390625 0.05390625
4 0.6015625 0.60234375 0.015625 0.02265625
4 0.58046875 0.6015625 0.01640625 0.02109375
4 0.659375 0.60625 0.015625 0.021875
10 0.88828125 0.6171875 0.015625 0.03125
4 0.621875 0.6046875 0.015625 0.02109375
4 0.678125 0.60703125 0.015625 0.021875
4 0.63984375 0.60546875 0.01484375 0.0234375
7 0.09609375 0.58046875 0.0171875 0.0328125
13 0.1609375 0.5859375 0.00859375 0.00859375
1 0.146875 0.58671875 0.01171875 0.01171875
4 0.31484375 0.59453125 0.040625 0.05625
1 0.89921875 0.6234375 0.00703125 0.01640625
1 0.86875 0.6234375 0.0109375 0.009375
1 0.1703125 0.59140625 0.00703125 0.015625
17 0.4953125 0.61015625 0.003125 0.01171875
13 0.13671875 0.59453125 0.00703125 0.015625
9 0.19296875 0.59765625 0.0171875 0.02421875
1 0.8546875 0.63125 0.00703125 0.015625
17 0.14609375 0.5984375 0.0109375 0.009375
13 0.72578125 0.6265625 0.0046875 0.01875
18 0.01328125 0.59296875 0.0265625 0.0875
10 0.925 0.6375 0.0328125 0.05546875
6 0.115625 0.5984375 0.02109375 0.015625
17 0.16015625 0.6046875 0.01015625 0.01640625
17 0.1453125 0.609375 0.01015625 0.009375
1 0.08671875 0.60625 0.00703125 0.015625
1 0.51953125 0.6296875 0.0078125 0.00625
1 0.09453125 0.61015625 0.00625 0.0109375
13 0.13671875 0.6125 0.00703125 0.015625
6 0.8875 0.64921875 0.01015625 0.02890625
1 0.19609375 0.61640625 0.0125 0.01171875
17 0.72578125 0.64453125 0.003125 0.01015625
17 0.53125 0.63671875 0.00390625 0.009375
1 0.89765625 0.65390625 0.0078125 0.01640625
17 0.11875 0.61796875 0.009375 0.0234375
1 0.14609375 0.6203125 0.01171875 0.01015625
17 0.82890625 0.65390625 0.01015625 0.021875
10 0.8421875 0.65390625 0.01484375 0.0328125
1 0.51796875 0.63828125 0.0078125 0.00546875
13 0.16015625 0.621875 0.00859375 0.00859375
17 0.290625 0.62890625 0.00625 0.0125
1 0.053125 0.61875 0.015625 0.01328125
1 0.06953125 0.6203125 0.01484375 0.0125
3 0.48203125 0.640625 0.03984375 0.0375
1 0.1953125 0.62734375 0.01171875 0.01015625
1 0.8546875 0.659375 0.00703125 0.015625
7 0.97109375 0.66953125 0.0265625 0.05078125
17 0.87265625 0.6671875 0.009375 0.0203125
13 0.72421875 0.6625 0.00546875 0.01953125
1 0.16640625 0.6359375 0.0078125 0.015625
6 0.15 0.6359375 0.02109375 0.0171875
7 0.5171875 0.65390625 0.0265625 0.0171875
17 0.28984375 0.64453125 0.0046875 0.01171875
6 0.19140625 0.63984375 0.02109375 0.015625
19 0.9515625 0.6828125 0.00859375 0.01328125
7 0.88984375 0.68125 0.01640625 0.0328125
9 0.096875 0.6546875 0.05625 0.07734375
4 0.75625 0.6875 0.03984375 0.05546875
1 0.12734375 0.6578125 0.00546875 0.01015625
1 0.92890625 0.696875 0.00703125 0.015625
7 0.91171875 0.696875 0.0265625 0.05
1 0.134375 0.6609375 0.00703125 0.0171875
6 0.14921875 0.6609375 0.021875 0.015625
1 0.16484375 0.66328125 0.0078125 0.01640625
1 0.9625 0.70234375 0.01484375 0.0140625
9 0.94375 0.70234375 0.01953125 0.02265625
17 0.56796875 0.684375 0.0078125 0.0046875
17 0.53984375 0.684375 0.0078125 0.00546875
17 0.553125 0.6859375 0.00703125 0.0046875
4 0.24296875 0.67265625 0.0140625 0.02109375
18 0.01171875 0.66171875 0.0234375 0.0546875
17 0.85546875 0.70234375 0.009375 0.02109375
20 0.86953125 0.70390625 0.01796875 0.0234375
4 0.3125 0.68046875 0.03984375 0.05546875
17 0.884375 0.70859375 0.01015625 0.021875
1 0.12734375 0.67421875 0.0046875 0.01015625
17 0.534375 0.69765625 0.0078125 0.0046875
1 0.9625 0.71796875 0.015625 0.01328125
4 0.04453125 0.675 0.02734375 0.02265625
1 0.134375 0.68125 0.00703125 0.01640625
1 0.4859375 0.69921875 0.00546875 0.01875
1 0.50625 0.70078125 0.0078125 0.02109375
19 0.1171875 0.68515625 0.01015625 0.01328125
17 0.53046875 0.7078125 0.0078125 0.00625
17 0.54453125 0.709375 0.00859375 0.00625
17 0.57265625 0.71640625 0.0078125 0.00390625
17 0.55859375 0.7171875 0.0078125 0.00625
13 0.390625 0.734375 0.00390625 0.01171875
17 0.57890625 0.7484375 0.0078125 0.0046875
17 0.58203125 0.7640625 0.00390625 0.0109375
13 0.39375 0.76015625 0.00390625 0.01171875
13 0.40234375 0.7625 0.0046875 0.0125
13 0.3921875 0.77421875 0.0046875 0.0125
4 0.76640625 0.79921875 0.0171875 0.02421875
13 0.38125 0.78046875 0.0046875 0.0125
13 0.39609375 0.790625 0.00390625 0.01328125
17 0.57578125 0.81171875 0.003125 0.01171875
13 0.39609375 0.80625 0.0046875 0.0125
13 0.38203125 0.80703125 0.0046875 0.0125
13 0.3953125 0.81875 0.00390625 0.01171875
13 0.38203125 0.8234375 0.0046875 0.01328125
9 0.48984375 0.83203125 0.165625 0.22734375
13 0.39921875 0.82890625 0.00390625 0.01171875
13 0.39296875 0.83125 0.0046875 0.01328125
13 0.3859375 0.83828125 0.009375 0.00546875
13 0.39453125 0.84453125 0.00390625 0.0125
13 0.3890625 0.85390625 0.0046875 0.01328125
13 0.39609375 0.86328125 0.0046875 0.01328125
13 0.38984375 0.871875 0.0046875 0.0140625
4 0.84765625 0.878125 0.04609375 0.24296875
4 0.915625 0.8796875 0.04609375 0.2390625
13 0.396875 0.88203125 0.0046875 0.0140625
4 0.09296875 0.853125 0.046875 0.25625
4 0.1765625 0.85703125 0.0453125 0.25546875
4 0.3078125 0.88671875 0.0390625 0.0546875
17 0.334375 0.92890625 0.00390625 0.0109375
13 0.3234375 0.92890625 0.01484375 0.01796875
13 0.46171875 0.946875 0.00390625 0.01171875
1 0.54375 0.95390625 0.0078125 0.0046875
17 0.51171875 0.95234375 0.0078125 0.0046875
1 0.55390625 0.95546875 0.0078125 0.0046875
1 0.53203125 0.9546875 0.0078125 0.00390625
1 0.5203125 0.95625 0.00390625 0.0109375
1 0.50234375 0.95546875 0.00390625 0.0109375
13 0.4734375 0.95625 0.00859375 0.00625
17 0.53671875 0.96015625 0.00703125 0.0046875
17 0.559375 0.9625 0.0078125 0.00625
17 0.54921875 0.96328125 0.003125 0.0109375
17 0.54453125 0.9625 0.00234375 0.01015625
13 0.49453125 0.96171875 0.009375 0.00546875
17 0.53671875 0.965625 0.0078125 0.00390625
17 0.559375 0.96875 0.0078125 0.0046875
17 0.44453125 0.96875 0.00234375 0.01015625
17 0.4515625 0.9703125 0.00234375 0.01015625
13 0.46328125 0.9703125 0.00390625 0.01328125
4 0.30546875 0.96796875 0.040625 0.04765625
7 0.5125 0.98359375 0.0265625 0.015625
1 0.43984375 0.99453125 0.00703125 0.00546875
11 0.71015625 0.99765625 0.0171875 0.00390625
7 0.39921875 0.9890625 0.05078125 0.01484375
4 0.634375 0.0890625 0.45234375 0.07734375
4 0.921875 0.21953125 0.00390625 0.01171875
0 0.78984375 0.23828125 0.0390625 0.05390625
7 0.6984375 0.26875 0.03359375 0.06875
1 0.57421875 0.27265625 0.0046875 0.0171875
7 0.540625 0.271875 0.01171875 0.0359375
1 0.5875 0.27421875 0.00703125 0.021875
1 0.6515625 0.27890625 0.00546875 0.01796875
1 0.60703125 0.2765625 0.0046875 0.01796875
1 0.64453125 0.2796875 0.00390625 0.0109375
19 0.4671875 0.271875 0.0421875 0.059375
1 0.59453125 0.27890625 0.00390625 0.0109375
1 0.6 0.27890625 0.00234375 0.01015625
4 0.9609375 0.3171875 0.0765625 0.07734375
17 0.97890625 0.31875 0.00234375 0.01015625
17 0.9671875 0.31796875 0.00234375 0.01015625
1 0.53203125 0.30546875 0.0078125 0.00546875
17 0.66953125 0.32578125 0.0078125 0.00625
17 0.528125 0.31953125 0.00859375 0.00625
4 0.94765625 0.3453125 0.10234375 0.0421875
1 0.52421875 0.33203125 0.015625 0.01015625
4 0.05078125 0.3109375 0.09765625 0.225
11 0.821875 0.353125 0.015625 0.040625