1 0.38125 0.34921875 0.01953125 0.05625
1 0.42265625 0.36640625 0.01796875 0.05390625
1 0.40390625 0.359375 0.01875 0.0546875
17 0.209375 0.31328125 0.01953125 0.0546875
12 0.09765625 0.26875 0.0484375 0.05234375
13 0.32109375 0.35859375 0.03984375 0.08046875
17 0.23671875 0.32421875 0.01953125 0.05703125
20 0.27421875 0.3390625 0.05234375 0.07421875
19 0.3734375 0.41875 0.00859375 0.015625
19 0.41640625 0.43671875 0.009375 0.01796875
12 0.09140625 0.30703125 0.04921875 0.05546875
19 0.3875 0.42578125 0.01015625 0.0171875
19 0.43046875 0.4421875 0.01015625 0.01640625
19 0.40234375 0.43125 0.009375 0.015625
19 0.359375 0.4140625 0.01015625 0.015625
19 0.35546875 0.4359375 0.01015625 0.0171875
19 0.38359375 0.44765625 0.009375 0.01640625
19 0.3984375 0.45234375 0.0109375 0.01875
19 0.41328125 0.459375 0.009375 0.015625
19 0.36953125 0.4421875 0.00859375 0.01640625
19 0.4265625 0.46484375 0.009375 0.01640625
0 0.14765625 0.3546875 0.05703125 0.13125
12 0.08515625 0.3453125 0.0484375 0.05390625
4 0.796875 0.59921875 0.40625 0.7984375
12 0.07890625 0.384375 0.04921875 0.05390625
19 0.2890625 0.48125 0.01015625 0.0140625
19 0.303125 0.4875 0.01015625 0.01640625
19 0.471875 0.55625 0.009375 0.01640625
19 0.459375 0.55078125 0.01015625 0.01484375
19 0.29921875 0.509375 0.01015625 0.01640625
19 0.2859375 0.5046875 0.01015625 0.01640625
19 0.46953125 0.57890625 0.01015625 0.01484375
19 0.45625 0.5734375 0.0109375 0.0171875
12 0.07421875 0.421875 0.04921875 0.0546875
16 0.1265625 0.46171875 0.03828125 0.07265625
19 0.29609375 0.53125 0.01015625 0.01484375
1 0.49375 0.61171875 0.01875 0.05546875
19 0.28125 0.5265625 0.01015625 0.0171875
19 0.4515625 0.5953125 0.00859375 0.0140625
19 0.465625 0.60234375 0.01015625 0.0140625
9 0.371875 0.5765625 0.14609375 0.23046875
12 0.0671875 0.46015625 0.0484375 0.0546875
19 0.2921875 0.55390625 0.01171875 0.0171875
19 0.4625 0.6234375 0.01015625 0.0140625
19 0.278125 0.55 0.00859375 0.015625
19 0.4484375 0.61796875 0.01015625 0.01640625
19 0.27421875 0.57109375 0.01015625 0.0171875
19 0.28828125 0.578125 0.01015625 0.01640625
19 0.44453125 0.640625 0.00859375 0.015625
19 0.459375 0.64609375 0.01015625 0.0140625
13 0.15 0.54375 0.034375 0.0796875
13 0.17265625 0.5546875 0.03359375 0.078125
17 0.12734375 0.5375 0.021875 0.05859375
19 0.28515625 0.60078125 0.01171875 0.01796875
19 0.271875 0.59453125 0.01015625 0.01640625
19 0.45546875 0.66796875 0.01015625 0.01484375
19 0.44140625 0.6640625 0.0109375 0.0171875
12 0.1046875 0.53359375 0.0328125 0.071875
19 0.3171875 0.68515625 0.01015625 0.0140625
19 0.33125 0.69140625 0.009375 0.01484375
19 0.3453125 0.69765625 0.01015625 0.015625
19 0.36015625 0.703125 0.01015625 0.015625
19 0.3875 0.7140625 0.00859375 0.01640625
19 0.3734375 0.709375 0.01015625 0.01640625
11 0.58515625 0.79453125 0.0671875 0.07265625
17 0.13828125 0.62421875 0.01875 0.05546875
17 0.159375 0.6328125 0.0171875 0.05390625
13 0.2734375 0.68046875 0.040625 0.08046875
9 0.215625 0.65859375 0.09765625 0.18203125
19 0.31328125 0.70703125 0.01015625 0.01484375
19 0.34140625 0.71796875 0.01171875 0.0171875
19 0.384375 0.7359375 0.01015625 0.0171875
19 0.3265625 0.71328125 0.01015625 0.015625
19 0.35546875 0.72421875 0.0109375 0.01640625
19 0.36953125 0.7296875 0.009375 0.01640625
17 0.56640625 0.846875 0.0203125 0.05234375
17 0.59375 0.859375 0.01953125 0.0546875
4 0.05703125 0.65625 0.1140625 0.2609375
12 0.1546875 0.71796875 0.0328125 0.078125
5 0.26484375 0.76953125 0.05 0.06953125
17 0.1859375 0.75703125 0.0203125 0.02109375
1 0.1125 0.74765625 0.01640625 0.0515625
17 0.29765625 0.821875 0.01953125 0.05625
0 0.36875 0.86015625 0.13203125 0.16328125
0 0.49921875 0.91796875 0.1328125 0.16171875
17 0.25625 0.82890625 0.03515625 0.03046875
7 0.2125 0.825 0.03203125 0.096875
17 0.16171875 0.81328125 0.01796875 0.05390625
17 0.13984375 0.80546875 0.01875 0.0546875
1 0.18203125 0.821875 0.01875 0.05625
19 0.103125 0.80234375 0.02734375 0.04375
4 0.60234375 0.16953125 0.259375 0.259375
4 0.29140625 0.103125 0.40625 0.20625
17 0.234375 0.15703125 0.01953125 0.0578125
17 0.26328125 0.16953125 0.0203125 0.0578125
17 0.29140625 0.18125 0.01953125 0.05703125
17 0.3203125 0.19296875 0.01875 0.0546875
17 0.603125 0.30625 0.01953125 0.0546875
17 0.54609375 0.28359375 0.01875 0.0546875
17 0.57578125 0.29609375 0.0203125 0.0546875
3 0.41015625 0.278125 0.16640625 0.146875
12 0.10859375 0.190625 0.046875 0.05234375
16 0.1625 0.2375 0.0390625 0.0703125
12 0.103125 0.2296875 0.04765625 0.0515625