1 0.36484375 0.3625 0.0171875 0.05390625
1 0.40625 0.37421875 0.015625 0.05234375
1 0.38671875 0.3703125 0.01640625 0.053125
17 0.196875 0.34609375 0.0171875 0.05234375
12 0.08671875 0.31484375 0.046875 0.04765625
13 0.30625 0.37734375 0.03671875 0.0765625
17 0.22265625 0.35390625 0.0171875 0.0546875
20 0.26015625 0.36484375 0.04921875 0.06796875
19 0.36015625 0.43125 0.0078125 0.0140625
19 0.403125 0.44375 0.00859375 0.0171875
12 0.08203125 0.35234375 0.046875 0.04921875
19 0.37421875 0.4359375 0.009375 0.01640625
19 0.4171875 0.4484375 0.009375 0.015625
19 0.3890625 0.43984375 0.009375 0.0140625
19 0.34609375 0.428125 0.009375 0.015625
19 0.34375 0.44921875 0.009375 0.01640625
19 0.371875 0.45703125 0.00859375 0.015625
19 0.3859375 0.46171875 0.01015625 0.01796875
19 0.4 0.46640625 0.009375 0.0140625
19 0.3578125 0.45390625 0.0078125 0.015625
19 0.4140625 0.46953125 0.00859375 0.015625
0 0.13828125 0.39296875 0.0515625 0.125
12 0.07734375 0.39140625 0.04609375 0.0484375
4 0.78046875 0.590625 0.3640625 0.8171875
12 0.07265625 0.4296875 0.046875 0.0484375
19 0.28125 0.5015625 0.009375 0.01328125
19 0.29453125 0.50546875 0.009375 0.01640625
19 0.4625 0.55390625 0.00859375 0.015625
19 0.44921875 0.55 0.009375 0.0140625
19 0.2921875 0.52734375 0.009375 0.01640625
19 0.27890625 0.52421875 0.009375 0.015625
19 0.46015625 0.5765625 0.009375 0.0140625
19 0.446875 0.571875 0.01015625 0.01640625
12 0.06953125 0.46640625 0.046875 0.04921875
16 0.12265625 0.50078125 0.034375 0.06796875
19 0.28984375 0.54921875 0.009375 0.0140625
1 0.4859375 0.60546875 0.01640625 0.05390625
19 0.27578125 0.54609375 0.009375 0.01640625
19 0.44375 0.59453125 0.0078125 0.0125
19 0.45703125 0.5984375 0.009375 0.01328125
9 0.365625 0.584375 0.1359375 0.2140625
12 0.06484375 0.5046875 0.04609375 0.04921875
19 0.2875 0.57109375 0.01015625 0.01640625
19 0.45546875 0.62109375 0.009375 0.01328125
19 0.2734375 0.56875 0.00859375 0.0140625
19 0.44140625 0.61640625 0.01015625 0.015625
19 0.27109375 0.590625 0.009375 0.0171875
19 0.284375 0.5953125 0.01015625 0.015625
19 0.4390625 0.6390625 0.00859375 0.0140625
19 0.453125 0.6421875 0.009375 0.01328125
13 0.14921875 0.57734375 0.03046875 0.0765625
13 0.17109375 0.584375 0.0296875 0.075
17 0.1265625 0.57265625 0.01875 0.05625
19 0.2828125 0.6171875 0.01015625 0.0171875
19 0.26875 0.61328125 0.009375 0.015625
19 0.45078125 0.66484375 0.009375 0.01328125
19 0.43671875 0.6625 0.01015625 0.01640625
12 0.103125 0.571875 0.0296875 0.06796875
19 0.31640625 0.69609375 0.009375 0.01328125
19 0.33046875 0.7 0.00859375 0.01328125
19 0.34453125 0.7046875 0.009375 0.0140625
19 0.35859375 0.70859375 0.009375 0.0140625
19 0.3859375 0.71640625 0.0078125 0.01640625
19 0.371875 0.71328125 0.009375 0.015625
11 0.58203125 0.7734375 0.0640625 0.06484375
17 0.140625 0.65625 0.01640625 0.05390625
17 0.16171875 0.66328125 0.01484375 0.05234375
13 0.27421875 0.69609375 0.03671875 0.0765625
9 0.2171875 0.68125 0.08984375 0.171875
19 0.3140625 0.71796875 0.009375 0.01328125
19 0.3421875 0.72578125 0.01015625 0.01640625
19 0.384375 0.73828125 0.009375 0.0171875
19 0.328125 0.721875 0.009375 0.015625
19 0.35625 0.7296875 0.01015625 0.015625
19 0.36953125 0.73359375 0.00859375 0.015625
17 0.565625 0.8265625 0.0171875 0.05078125
17 0.59296875 0.83515625 0.0171875 0.05234375
4 0.0578125 0.69765625 0.115625 0.24453125
12 0.16015625 0.74609375 0.02890625 0.075
5 0.26953125 0.78359375 0.046875 0.06328125
17 0.19140625 0.78046875 0.0203125 0.01953125
1 0.12109375 0.778125 0.0140625 0.05
17 0.30390625 0.83125 0.0171875 0.05390625
0 0.37421875 0.8609375 0.125 0.14765625
0 0.503125 0.9015625 0.1265625 0.146875
17 0.2640625 0.8421875 0.034375 0.0265625
7 0.221875 0.84375 0.02734375 0.09453125
17 0.17109375 0.8375 0.015625 0.05234375
17 0.15 0.8328125 0.01640625 0.05234375
1 0.1921875 0.84453125 0.01640625 0.0546875
19 0.11484375 0.83359375 0.02578125 0.040625
4 0.571875 0.1640625 0.2484375 0.2296875
4 0.26484375 0.10703125 0.39375 0.21328125
17 0.2140625 0.1921875 0.0171875 0.05546875
17 0.2421875 0.20078125 0.01796875 0.05546875
17 0.2703125 0.20859375 0.0171875 0.0546875
17 0.29921875 0.21796875 0.01640625 0.05234375
17 0.57890625 0.296875 0.0171875 0.05234375
17 0.52265625 0.28046875 0.01640625 0.05234375
17 0.55078125 0.2890625 0.0171875 0.05234375
3 0.38984375 0.290625 0.16015625 0.12734375
12 0.09453125 0.23828125 0.0453125 0.04765625
16 0.1484375 0.27734375 0.0359375 0.065625
12 0.08984375 0.2765625 0.0453125 0.046875