1 0.33046875 0.371875 0.0171875 0.0546875
1 0.3734375 0.38203125 0.015625 0.053125
1 0.353125 0.37890625 0.01640625 0.05390625
17 0.159375 0.36015625 0.0171875 0.053125
12 0.04609375 0.33125 0.046875 0.04765625
13 0.271875 0.3890625 0.03671875 0.07734375
17 0.1859375 0.3671875 0.0171875 0.05546875
20 0.225 0.37734375 0.05 0.06875
19 0.32734375 0.4421875 0.0078125 0.01484375
19 0.37109375 0.45390625 0.00859375 0.0171875
12 0.04140625 0.36953125 0.04765625 0.04921875
19 0.34140625 0.446875 0.009375 0.01640625
19 0.38515625 0.4578125 0.00859375 0.015625
19 0.35625 0.45078125 0.00859375 0.01484375
19 0.3125 0.4390625 0.009375 0.01484375
19 0.31015625 0.46171875 0.009375 0.01640625
19 0.33828125 0.46875 0.0078125 0.015625
19 0.35390625 0.47265625 0.01015625 0.0171875
19 0.36796875 0.47734375 0.00859375 0.01484375
19 0.32421875 0.465625 0.0078125 0.015625
19 0.38203125 0.4796875 0.0078125 0.015625
0 0.1 0.409375 0.0515625 0.12734375
12 0.0375 0.409375 0.046875 0.0484375
4 0.75859375 0.5890625 0.3640625 0.8203125
12 0.03359375 0.44765625 0.046875 0.0484375
19 0.246875 0.515625 0.009375 0.01328125
19 0.2609375 0.5203125 0.009375 0.015625
19 0.43203125 0.5640625 0.0078125 0.015625
19 0.41875 0.5609375 0.009375 0.0140625
19 0.2578125 0.5421875 0.009375 0.015625
19 0.2453125 0.5390625 0.00859375 0.015625
19 0.43046875 0.5875 0.009375 0.0140625
19 0.4171875 0.584375 0.009375 0.015625
12 0.03046875 0.48671875 0.046875 0.04921875
16 0.08515625 0.51953125 0.03515625 0.06875
19 0.25625 0.5640625 0.009375 0.0140625
1 0.45703125 0.615625 0.01640625 0.0546875
19 0.2421875 0.56171875 0.009375 0.01640625
19 0.4140625 0.60625 0.0078125 0.01328125
19 0.428125 0.61015625 0.009375 0.01328125
9 0.334375 0.5984375 0.1375 0.21640625
12 0.0265625 0.52578125 0.046875 0.04921875
19 0.25390625 0.58671875 0.01015625 0.01640625
19 0.4265625 0.6328125 0.009375 0.01328125
19 0.240625 0.58515625 0.0078125 0.01484375
19 0.4125 0.62890625 0.009375 0.01484375
19 0.2375 0.60703125 0.009375 0.01640625
19 0.2515625 0.61171875 0.009375 0.01484375
19 0.41015625 0.6515625 0.0078125 0.01484375
19 0.42421875 0.6546875 0.009375 0.01328125
13 0.11328125 0.596875 0.03046875 0.07734375
13 0.1359375 0.6046875 0.0296875 0.0765625
17 0.0890625 0.59375 0.01875 0.05625
19 0.25 0.634375 0.0109375 0.0171875
19 0.23515625 0.63046875 0.00859375 0.015625
19 0.421875 0.678125 0.009375 0.01328125
19 0.4078125 0.67578125 0.009375 0.015625
12 0.06640625 0.59296875 0.0296875 0.06875
19 0.28515625 0.7140625 0.009375 0.01328125
19 0.29921875 0.71796875 0.00859375 0.0140625
19 0.3140625 0.721875 0.009375 0.0140625
19 0.32890625 0.72578125 0.009375 0.0140625
19 0.35703125 0.7328125 0.0078125 0.01640625
19 0.3421875 0.72890625 0.00859375 0.015625
11 0.55703125 0.78515625 0.06484375 0.06484375
17 0.1046875 0.678125 0.015625 0.05390625
17 0.1265625 0.684375 0.01484375 0.05234375
13 0.2421875 0.715625 0.0375 0.07734375
9 0.18359375 0.7015625 0.08984375 0.1734375
19 0.28359375 0.7359375 0.009375 0.01328125
19 0.31171875 0.74296875 0.01015625 0.01640625
19 0.35546875 0.7546875 0.009375 0.01640625
19 0.296875 0.73984375 0.009375 0.01484375
19 0.32578125 0.746875 0.01015625 0.015625
19 0.33984375 0.7515625 0.0078125 0.015625
17 0.54140625 0.8390625 0.0171875 0.0515625
17 0.56953125 0.84765625 0.0171875 0.053125
4 0.03984375 0.7265625 0.0796875 0.2421875
12 0.12578125 0.76953125 0.02890625 0.0765625
5 0.2390625 0.8046875 0.046875 0.0640625
17 0.15859375 0.80234375 0.0203125 0.01953125
1 0.0859375 0.803125 0.0140625 0.05078125
17 0.2734375 0.85234375 0.0171875 0.0546875
0 0.34609375 0.8796875 0.12734375 0.1484375
0 0.478125 0.91875 0.128125 0.146875
17 0.2328125 0.86484375 0.03515625 0.0265625
7 0.18984375 0.86796875 0.02734375 0.09609375
17 0.1375 0.8625 0.015625 0.053125
17 0.1171875 0.8578125 0.01640625 0.053125
1 0.159375 0.86875 0.015625 0.0546875
19 0.0796875 0.86015625 0.02578125 0.040625
4 0.540625 0.1625 0.253125 0.228125
4 0.22890625 0.109375 0.39609375 0.21796875
17 0.175 0.20234375 0.0171875 0.05625
17 0.20390625 0.21015625 0.01796875 0.05625
17 0.23203125 0.2171875 0.0171875 0.05546875
17 0.26171875 0.22578125 0.01640625 0.053125
17 0.5484375 0.2984375 0.0171875 0.053125
17 0.490625 0.284375 0.01640625 0.053125
17 0.5203125 0.2921875 0.0171875 0.053125
3 0.35546875 0.29765625 0.16328125 0.1265625
12 0.05234375 0.25234375 0.0453125 0.046875
16 0.10859375 0.29140625 0.03671875 0.06640625
12 0.0484375 0.2921875 0.04609375 0.046875