2 0.3453125 0.4015625 0.0109375 0.05
2 0.38671875 0.4015625 0.01015625 0.04921875
2 0.3671875 0.4015625 0.0109375 0.04921875
16 0.1828125 0.43125 0.01171875 0.04921875
12 0.0734375 0.43125 0.0421875 0.03515625
13 0.29140625 0.43125 0.02890625 0.06796875
16 0.2078125 0.43125 0.0109375 0.05078125
20 0.24609375 0.43203125 0.0421875 0.05546875
19 0.3484375 0.46875 0.00703125 0.0125
19 0.390625 0.46875 0.00703125 0.015625
12 0.07265625 0.46875 0.0421875 0.0375
19 0.3625 0.46875 0.0078125 0.0140625
19 0.4046875 0.46875 0.0078125 0.0140625
19 0.3765625 0.46953125 0.0078125 0.0125
19 0.334375 0.46953125 0.00859375 0.01328125
19 0.334375 0.48984375 0.0078125 0.0140625
19 0.3625 0.48984375 0.00703125 0.01328125
19 0.3765625 0.490625 0.00859375 0.015625
19 0.390625 0.490625 0.0078125 0.0125
19 0.3484375 0.49140625 0.00625 0.0140625
19 0.40390625 0.49140625 0.00703125 0.0140625
0 0.13125 0.49140625 0.0390625 0.1125
12 0.07265625 0.50625 0.04140625 0.0359375
4 0.771875 0.5359375 0.27265625 0.78984375
12 0.07265625 0.54375 0.0421875 0.03671875
19 0.28046875 0.55703125 0.0078125 0.01171875
19 0.29296875 0.55703125 0.0078125 0.0140625
19 0.459375 0.5578125 0.00703125 0.01328125
19 0.44609375 0.5578125 0.0078125 0.0125
19 0.29296875 0.57890625 0.00859375 0.01328125
19 0.28046875 0.57890625 0.0078125 0.01328125
19 0.459375 0.5796875 0.00859375 0.0125
19 0.446875 0.58046875 0.00859375 0.0140625
12 0.0734375 0.58125 0.0421875 0.03671875
15 0.12734375 0.59921875 0.028125 0.06015625
19 0.29375 0.60078125 0.00859375 0.0125
2 0.4875 0.60078125 0.0109375 0.05
19 0.2796875 0.6015625 0.0078125 0.0140625
19 0.44609375 0.60234375 0.00703125 0.01171875
19 0.459375 0.60234375 0.00859375 0.01171875
9 0.36953125 0.61328125 0.11484375 0.18046875
12 0.0734375 0.61875 0.04140625 0.0375
19 0.29296875 0.62265625 0.009375 0.0140625
19 0.459375 0.6234375 0.00859375 0.01171875
19 0.2796875 0.62421875 0.00703125 0.0125
19 0.44609375 0.62421875 0.00859375 0.0125
19 0.2796875 0.6453125 0.0078125 0.01484375
19 0.29296875 0.64609375 0.00859375 0.01328125
19 0.44609375 0.64609375 0.00703125 0.01328125
19 0.459375 0.64609375 0.0078125 0.01171875
13 0.16171875 0.665625 0.02265625 0.06953125
13 0.18359375 0.6671875 0.021875 0.06796875
16 0.1390625 0.6671875 0.01328125 0.0515625
19 0.29375 0.66796875 0.009375 0.0140625
19 0.2796875 0.66796875 0.0078125 0.0140625
19 0.459375 0.66796875 0.00859375 0.01171875
19 0.44609375 0.66875 0.00859375 0.0140625
12 0.1171875 0.671875 0.02265625 0.06171875
19 0.334375 0.73359375 0.0078125 0.0109375
19 0.3484375 0.734375 0.0078125 0.01171875
19 0.36171875 0.73515625 0.00859375 0.01171875
19 0.37578125 0.73515625 0.00859375 0.01171875
19 0.40390625 0.73515625 0.00625 0.0140625
19 0.38984375 0.73515625 0.0078125 0.0140625
11 0.596875 0.73671875 0.05859375 0.0484375
16 0.16171875 0.74375 0.01015625 0.05
16 0.18203125 0.74453125 0.01015625 0.04921875
13 0.29375 0.74609375 0.0296875 0.0671875
9 0.2375 0.746875 0.07265625 0.14921875
19 0.334375 0.75546875 0.00859375 0.0109375
19 0.3625 0.75546875 0.009375 0.0140625
19 0.40390625 0.75546875 0.0078125 0.0140625
19 0.34765625 0.75546875 0.0078125 0.01328125
19 0.37578125 0.75546875 0.009375 0.01328125
19 0.38984375 0.75625 0.00703125 0.01328125
16 0.5875 0.79140625 0.0125 0.046875
16 0.6140625 0.7921875 0.01171875 0.04921875
4 0.07421875 0.80859375 0.115625 0.209375
12 0.18984375 0.82421875 0.02109375 0.06796875
5 0.29921875 0.83046875 0.040625 0.0515625
16 0.2234375 0.8484375 0.01796875 0.0140625
2 0.15546875 0.865625 0.009375 0.04765625
16 0.33671875 0.8671875 0.01171875 0.05078125
0 0.40703125 0.8765625 0.11171875 0.115625
0 0.53515625 0.88125 0.1125 0.11328125
16 0.3 0.88828125 0.03203125 0.01796875
7 0.25859375 0.90078125 0.01796875 0.08828125
16 0.209375 0.909375 0.01015625 0.0484375
16 0.1890625 0.909375 0.01171875 0.0484375
2 0.23046875 0.909375 0.01015625 0.0515625
19 0.1546875 0.92109375 0.021875 0.03515625
4 0.5234375 0.1546875 0.228125 0.1625
4 0.21953125 0.1578125 0.371875 0.159375
16 0.1828125 0.278125 0.0109375 0.0515625
16 0.2109375 0.27890625 0.0125 0.0515625
16 0.23828125 0.27890625 0.0109375 0.0515625
16 0.26640625 0.28046875 0.01171875 0.04921875
16 0.54375 0.28046875 0.01171875 0.04921875
16 0.48828125 0.28046875 0.01171875 0.0484375
16 0.51640625 0.28046875 0.0125 0.04921875
3 0.3625 0.325 0.14921875 0.084375
12 0.07265625 0.3546875 0.040625 0.03515625
15 0.12890625 0.378125 0.0296875 0.05703125
12 0.07265625 0.39296875 0.04140625 0.03515625