1 0.3421875 0.35390625 0.0171875 0.05390625
1 0.384375 0.365625 0.015625 0.05234375
1 0.365625 0.3609375 0.01640625 0.053125
17 0.17265625 0.3375 0.0171875 0.05234375
12 0.0609375 0.30625 0.046875 0.04765625
13 0.28359375 0.36875 0.03671875 0.07734375
17 0.19921875 0.3453125 0.0171875 0.05546875
20 0.23671875 0.35625 0.05 0.06875
19 0.33828125 0.42265625 0.0078125 0.01484375
19 0.38125 0.4359375 0.00859375 0.0171875
12 0.05625 0.34375 0.04765625 0.04921875
19 0.35234375 0.428125 0.009375 0.01640625
19 0.3953125 0.440625 0.009375 0.015625
19 0.36640625 0.43203125 0.009375 0.01484375
19 0.32421875 0.4203125 0.009375 0.015625
19 0.32109375 0.44140625 0.009375 0.01640625
19 0.34921875 0.44921875 0.00859375 0.015625
19 0.3640625 0.45390625 0.01015625 0.01796875
19 0.37890625 0.45859375 0.009375 0.01484375
19 0.33515625 0.44609375 0.0078125 0.015625
19 0.3921875 0.4625 0.00859375 0.015625
0 0.1140625 0.38515625 0.05234375 0.1265625
12 0.05234375 0.3828125 0.046875 0.0484375
4 0.7640625 0.58515625 0.36796875 0.828125
12 0.04765625 0.42109375 0.046875 0.0484375
19 0.2578125 0.49375 0.009375 0.0140625
19 0.27109375 0.4984375 0.009375 0.01640625
19 0.440625 0.546875 0.00859375 0.015625
19 0.42734375 0.54296875 0.009375 0.01484375
19 0.26953125 0.51953125 0.009375 0.01640625
19 0.25546875 0.51640625 0.009375 0.015625
19 0.4390625 0.56953125 0.009375 0.01484375
19 0.42578125 0.565625 0.01015625 0.01640625
12 0.04453125 0.459375 0.046875 0.04921875
16 0.09765625 0.49296875 0.03515625 0.06875
19 0.26640625 0.5421875 0.009375 0.01484375
1 0.46484375 0.5984375 0.01640625 0.05390625
19 0.253125 0.5390625 0.009375 0.01640625
19 0.42265625 0.5875 0.0078125 0.01328125
19 0.4359375 0.59296875 0.009375 0.0140625
9 0.34296875 0.57734375 0.1375 0.21640625
12 0.03984375 0.496875 0.046875 0.04921875
19 0.2640625 0.56484375 0.0109375 0.01640625
19 0.434375 0.6140625 0.009375 0.0140625
19 0.25078125 0.5625 0.00859375 0.01484375
19 0.4203125 0.61015625 0.01015625 0.015625
19 0.24765625 0.58359375 0.009375 0.0171875
19 0.26171875 0.5890625 0.01015625 0.015625
19 0.41796875 0.63203125 0.00859375 0.01484375
19 0.43125 0.63671875 0.009375 0.0140625
13 0.12421875 0.5703125 0.03125 0.07734375
13 0.146875 0.578125 0.0296875 0.075
17 0.1015625 0.56640625 0.01953125 0.05703125
19 0.259375 0.6109375 0.0109375 0.0171875
19 0.2453125 0.60625 0.009375 0.015625
19 0.4296875 0.65859375 0.009375 0.0140625
19 0.41484375 0.65625 0.01015625 0.01640625
12 0.07890625 0.565625 0.0296875 0.06875
19 0.29375 0.690625 0.009375 0.0140625
19 0.3078125 0.69453125 0.00859375 0.0140625
19 0.32265625 0.69921875 0.009375 0.01484375
19 0.33671875 0.703125 0.009375 0.01484375
19 0.3640625 0.71171875 0.0078125 0.01640625
19 0.35078125 0.7078125 0.009375 0.015625
11 0.56171875 0.76875 0.06484375 0.065625
17 0.115625 0.65 0.01640625 0.05390625
17 0.1375 0.65703125 0.01484375 0.05234375
13 0.2515625 0.690625 0.0375 0.07734375
9 0.19296875 0.675 0.090625 0.1734375
19 0.29140625 0.71171875 0.009375 0.0140625
19 0.31953125 0.71953125 0.0109375 0.01640625
19 0.3625 0.7328125 0.009375 0.0171875
19 0.30546875 0.71640625 0.009375 0.015625
19 0.33359375 0.725 0.0109375 0.015625
19 0.346875 0.72890625 0.00859375 0.015625
17 0.54609375 0.82109375 0.01796875 0.05078125
17 0.5734375 0.83125 0.0171875 0.05234375
4 0.0453125 0.69296875 0.090625 0.2453125
12 0.1359375 0.74140625 0.02890625 0.075
5 0.24609375 0.77890625 0.046875 0.0640625
17 0.16796875 0.77578125 0.0203125 0.01953125
1 0.09609375 0.77421875 0.0140625 0.05
17 0.28125 0.82734375 0.0171875 0.05390625
0 0.35234375 0.85625 0.1265625 0.14921875
0 0.48203125 0.8984375 0.12734375 0.1484375
17 0.240625 0.83828125 0.034375 0.0265625
7 0.19765625 0.83984375 0.028125 0.0953125
17 0.146875 0.83359375 0.015625 0.05234375
17 0.125 0.828125 0.01640625 0.05234375
1 0.1671875 0.840625 0.01640625 0.05546875
19 0.0890625 0.8296875 0.02578125 0.04140625
4 0.5515625 0.15234375 0.2515625 0.23203125
4 0.24140625 0.1015625 0.3984375 0.203125
17 0.18984375 0.18203125 0.0171875 0.05625
17 0.21875 0.190625 0.01796875 0.05625
17 0.246875 0.19921875 0.0171875 0.05546875
17 0.27578125 0.20703125 0.01640625 0.05234375
17 0.55859375 0.2875 0.0171875 0.05234375
17 0.5015625 0.27109375 0.01640625 0.05234375
17 0.53125 0.2796875 0.01796875 0.05234375
3 0.36796875 0.28046875 0.16171875 0.12890625
12 0.06875 0.228125 0.0453125 0.04765625
16 0.1234375 0.26796875 0.03671875 0.06640625
12 0.0640625 0.2671875 0.0453125 0.046875