1 0.3953125 0.340625 0.01875 0.0578125
1 0.43984375 0.3546875 0.0171875 0.05625
1 0.41953125 0.35 0.01796875 0.05703125
17 0.21484375 0.31796875 0.01875 0.05625
12 0.09609375 0.28125 0.05 0.05234375
13 0.33203125 0.35546875 0.03984375 0.0828125
17 0.24296875 0.328125 0.01875 0.05859375
20 0.28359375 0.340625 0.053125 0.07421875
19 0.3890625 0.41484375 0.00859375 0.015625
19 0.43515625 0.42890625 0.009375 0.01796875
12 0.09140625 0.321875 0.05078125 0.0546875
19 0.4046875 0.4203125 0.009375 0.01796875
19 0.45 0.434375 0.009375 0.0171875
19 0.4203125 0.425 0.009375 0.01640625
19 0.37421875 0.4109375 0.01015625 0.01640625
19 0.371875 0.43359375 0.009375 0.01796875
19 0.4015625 0.44375 0.009375 0.01640625
19 0.4171875 0.4484375 0.0109375 0.01875
19 0.4328125 0.45390625 0.009375 0.01640625
19 0.38671875 0.4390625 0.00859375 0.01640625
19 0.446875 0.4578125 0.009375 0.01640625
0 0.1515625 0.3671875 0.05625 0.134375
12 0.0859375 0.36328125 0.05 0.05234375
4 0.8203125 0.57734375 0.3578125 0.84375
12 0.08046875 0.40390625 0.05 0.05390625
19 0.30390625 0.4875 0.009375 0.01484375
19 0.31796875 0.49296875 0.01015625 0.0171875
19 0.4984375 0.55 0.009375 0.01640625
19 0.48359375 0.54453125 0.01015625 0.015625
19 0.315625 0.515625 0.01015625 0.0171875
19 0.3015625 0.51171875 0.009375 0.0171875
19 0.4953125 0.5734375 0.01015625 0.015625
19 0.48125 0.56875 0.0109375 0.0171875
12 0.0765625 0.44453125 0.05 0.0546875
16 0.13359375 0.48203125 0.0375 0.0734375
19 0.3125 0.53984375 0.01015625 0.015625
1 0.52265625 0.60546875 0.01796875 0.0578125
19 0.29765625 0.5359375 0.009375 0.01796875
19 0.478125 0.5921875 0.00859375 0.0140625
19 0.4921875 0.59921875 0.009375 0.01484375
9 0.39375 0.5796875 0.1484375 0.234375
12 0.07109375 0.484375 0.05 0.05390625
19 0.309375 0.56328125 0.0109375 0.0171875
19 0.48984375 0.62109375 0.009375 0.01484375
19 0.29453125 0.56015625 0.009375 0.015625
19 0.475 0.61640625 0.0109375 0.01640625
19 0.29140625 0.58359375 0.01015625 0.01796875
19 0.30625 0.58828125 0.0109375 0.01640625
19 0.471875 0.63984375 0.009375 0.015625
19 0.48671875 0.64453125 0.009375 0.01484375
13 0.1609375 0.56484375 0.03359375 0.08203125
13 0.184375 0.57421875 0.0328125 0.08125
17 0.1359375 0.56015625 0.02109375 0.06015625
19 0.30390625 0.6125 0.0109375 0.01796875
19 0.2890625 0.6078125 0.009375 0.0171875
19 0.484375 0.66875 0.01015625 0.01484375
19 0.46953125 0.665625 0.0109375 0.0171875
12 0.1125 0.55859375 0.03203125 0.0734375
19 0.33984375 0.6984375 0.009375 0.01484375
19 0.3546875 0.703125 0.009375 0.015625
19 0.3703125 0.70859375 0.0109375 0.015625
19 0.38515625 0.71328125 0.0109375 0.015625
19 0.41484375 0.72265625 0.0078125 0.0171875
19 0.4 0.71875 0.009375 0.0171875
11 0.62421875 0.78984375 0.06875 0.071875
17 0.15078125 0.65 0.01796875 0.0578125
17 0.1734375 0.6578125 0.01640625 0.05625
13 0.29453125 0.69765625 0.040625 0.0828125
9 0.2328125 0.67890625 0.0984375 0.18671875
19 0.33671875 0.721875 0.01015625 0.01484375
19 0.36640625 0.73046875 0.0109375 0.0171875
19 0.4125 0.7453125 0.01015625 0.01796875
19 0.3515625 0.7265625 0.01015625 0.01640625
19 0.38125 0.7359375 0.0109375 0.01640625
19 0.39609375 0.740625 0.009375 0.01640625
17 0.60703125 0.8453125 0.01953125 0.05546875
17 0.6359375 0.85625 0.01875 0.05625
4 0.06171875 0.690625 0.1234375 0.265625
12 0.17109375 0.746875 0.03203125 0.08125
5 0.28828125 0.79140625 0.05078125 0.0703125
17 0.2046875 0.784375 0.021875 0.021875
1 0.128125 0.78125 0.015625 0.05390625
17 0.32421875 0.84296875 0.01875 0.0578125
0 0.4 0.87734375 0.1359375 0.1625
0 0.53828125 0.921875 0.13671875 0.1546875
17 0.28125 0.85390625 0.03671875 0.0296875
7 0.2359375 0.85390625 0.03046875 0.1015625
17 0.18203125 0.84609375 0.0171875 0.05625
17 0.159375 0.83984375 0.01796875 0.05625
1 0.203125 0.85390625 0.01796875 0.05859375
19 0.1203125 0.840625 0.028125 0.04453125
4 0.6203125 0.13359375 0.26875 0.253125
4 0.29140625 0.09140625 0.42421875 0.1828125
17 0.23515625 0.153125 0.01875 0.059375
17 0.265625 0.16328125 0.0203125 0.06015625
17 0.29609375 0.1734375 0.01875 0.05859375
17 0.32578125 0.1828125 0.01796875 0.05625
17 0.62578125 0.2765625 0.01875 0.05625
17 0.565625 0.2578125 0.01796875 0.05625
17 0.596875 0.26875 0.01953125 0.05703125
3 0.4234375 0.26484375 0.1734375 0.140625
12 0.10546875 0.1984375 0.0484375 0.0515625
16 0.16328125 0.24296875 0.0390625 0.071875
12 0.10078125 0.240625 0.04921875 0.05078125