1 0.3421875 0.42734375 0.01640625 0.05390625
1 0.38359375 0.41796875 0.01484375 0.0515625
1 0.36484375 0.4234375 0.015625 0.05234375
17 0.1796875 0.49453125 0.01640625 0.05234375
12 0.06875 0.51953125 0.0453125 0.04609375
13 0.28984375 0.47109375 0.03515625 0.075
17 0.20546875 0.48984375 0.01640625 0.0546875
20 0.24375 0.48046875 0.0484375 0.065625
19 0.35078125 0.4953125 0.0078125 0.0140625
19 0.39375 0.48515625 0.00859375 0.0171875
12 0.07109375 0.5578125 0.046875 0.04765625
19 0.365625 0.49296875 0.00859375 0.01640625
19 0.4078125 0.4828125 0.00859375 0.015625
19 0.3796875 0.48984375 0.00859375 0.0140625
19 0.3375 0.49921875 0.009375 0.0140625
19 0.3390625 0.5203125 0.00859375 0.01640625
19 0.36640625 0.5140625 0.0078125 0.015625
19 0.38125 0.5109375 0.009375 0.0171875
19 0.3953125 0.5078125 0.00859375 0.0140625
19 0.353125 0.51796875 0.0078125 0.015625
19 0.409375 0.50546875 0.0078125 0.015625
0 0.1328125 0.56796875 0.04921875 0.1234375
12 0.07421875 0.596875 0.0453125 0.04609375
4 0.7875 0.4671875 0.346875 0.865625
12 0.07734375 0.63515625 0.04609375 0.046875
19 0.28984375 0.6 0.009375 0.0125
19 0.30234375 0.5984375 0.009375 0.015625
19 0.47109375 0.5609375 0.0078125 0.015625
19 0.4578125 0.5640625 0.009375 0.01328125
19 0.3046875 0.61953125 0.009375 0.015625
19 0.2921875 0.6234375 0.00859375 0.015625
19 0.47421875 0.5828125 0.009375 0.01328125
19 0.4609375 0.5859375 0.009375 0.015625
12 0.08203125 0.671875 0.04609375 0.04765625
16 0.13828125 0.678125 0.03359375 0.06640625
19 0.30625 0.64140625 0.009375 0.01328125
1 0.50390625 0.59765625 0.015625 0.053125
19 0.29296875 0.64609375 0.00859375 0.01640625
19 0.46171875 0.60859375 0.0078125 0.0125
19 0.47578125 0.60546875 0.009375 0.0125
9 0.38515625 0.63828125 0.1328125 0.20859375
12 0.084375 0.71015625 0.0453125 0.046875
19 0.30859375 0.6640625 0.01015625 0.015625
19 0.478125 0.62734375 0.009375 0.0125
19 0.2953125 0.66875 0.0078125 0.0140625
19 0.4640625 0.63046875 0.009375 0.0140625
19 0.296875 0.68984375 0.009375 0.01640625
19 0.3109375 0.6875 0.009375 0.0140625
19 0.465625 0.653125 0.0078125 0.0140625
19 0.4796875 0.65 0.009375 0.0125
13 0.178125 0.7375 0.02890625 0.07578125
13 0.20078125 0.734375 0.02890625 0.07421875
17 0.15546875 0.7453125 0.01796875 0.05546875
19 0.31328125 0.71015625 0.01015625 0.01640625
19 0.29921875 0.71328125 0.00859375 0.015625
19 0.48203125 0.671875 0.009375 0.0125
19 0.46796875 0.67734375 0.009375 0.015625
12 0.13359375 0.75546875 0.028125 0.0671875
19 0.3609375 0.76796875 0.009375 0.0125
19 0.37421875 0.765625 0.00859375 0.01328125
19 0.38828125 0.7625 0.009375 0.01328125
19 0.403125 0.759375 0.009375 0.01328125
19 0.43125 0.753125 0.00703125 0.015625
19 0.4171875 0.75625 0.00859375 0.015625
11 0.62734375 0.7109375 0.06328125 0.06171875
17 0.18515625 0.81796875 0.01484375 0.053125
17 0.20703125 0.8140625 0.0140625 0.0515625
13 0.3203125 0.78984375 0.0359375 0.07578125
9 0.26328125 0.803125 0.08671875 0.16875
19 0.3625 0.78984375 0.009375 0.0125
19 0.390625 0.78359375 0.01015625 0.015625
19 0.43359375 0.77421875 0.009375 0.01640625
19 0.3765625 0.7875 0.009375 0.0140625
19 0.4046875 0.78125 0.01015625 0.0140625
19 0.41796875 0.778125 0.0078125 0.015625
17 0.62265625 0.76875 0.01640625 0.05078125
17 0.65 0.76328125 0.01640625 0.05234375
4 0.103125 0.89140625 0.1359375 0.21484375
12 0.22109375 0.8921875 0.02734375 0.07421875
5 0.3328125 0.875 0.0453125 0.06171875
17 0.2578125 0.909375 0.01953125 0.01875
1 0.190625 0.94375 0.01328125 0.05
17 0.375 0.903125 0.01640625 0.05390625
0 0.44765625 0.89609375 0.1234375 0.1421875
0 0.57734375 0.871875 0.12421875 0.14140625
17 0.3390625 0.93359375 0.03359375 0.025
7 0.2984375 0.95390625 0.02578125 0.090625
17 0.24921875 0.97421875 0.01484375 0.05078125
17 0.228125 0.9765625 0.01640625 0.0453125
1 0.2703125 0.97109375 0.01484375 0.05390625
19 0.19453125 0.9890625 0.02578125 0.0203125
4 0.5 0.13515625 0.24609375 0.2171875
4 0.19453125 0.2078125 0.3890625 0.246875
17 0.165625 0.33984375 0.01640625 0.05546875
17 0.19453125 0.334375 0.0171875 0.05546875
17 0.22265625 0.32734375 0.01640625 0.0546875
17 0.2515625 0.321875 0.015625 0.05234375
17 0.5328125 0.25859375 0.01640625 0.05234375
17 0.4765625 0.271875 0.015625 0.05234375
17 0.5046875 0.26640625 0.01640625 0.05234375
3 0.35234375 0.34609375 0.159375 0.11953125
12 0.0609375 0.44296875 0.04375 0.0453125
16 0.11953125 0.45390625 0.03515625 0.06484375
12 0.0640625 0.48203125 0.04453125 0.04453125