2 0.6765625 0.45078125 0.00859375 0.0234375
2 0.41796875 0.52890625 0.00625 0.0171875
2 0.3734375 0.53828125 0.00703125 0.01796875
2 0.94375 0.46484375 0.0140625 0.00859375
2 0.709375 0.50703125 0.0203125 0.0109375
2 0.90390625 0.49140625 0.01796875 0.01015625
2 0.87265625 0.49609375 0.01640625 0.009375
16 0.646875 0.5265625 0.00546875 0.01640625
2 0.81796875 0.50703125 0.01953125 0.00859375
2 0.79296875 0.5171875 0.0078125 0.0203125
2 0.46796875 0.57109375 0.00703125 0.01328125
2 0.42734375 0.5765625 0.00703125 0.01796875
16 0.65078125 0.5515625 0.00625 0.015625
2 0.95078125 0.51328125 0.003125 0.01171875
2 0.7296875 0.54296875 0.01640625 0.01015625
2 0.66875 0.55078125 0.01953125 0.0109375
2 0.94453125 0.5140625 0.003125 0.01171875
2 0.7 0.54609375 0.02109375 0.0109375
2 0.95703125 0.5140625 0.0046875 0.0140625
2 0.39375 0.58828125 0.00703125 0.0171875
2 0.36875 0.5921875 0.0078125 0.015625
2 0.825 0.540625 0.00703125 0.0046875
2 0.83671875 0.54375 0.0046875 0.0109375
2 0.6515625 0.571875 0.00546875 0.0125
2 0.95546875 0.5328125 0.0046875 0.0125
2 0.7953125 0.56171875 0.01796875 0.009375
2 0.65390625 0.5875 0.009375 0.00625
2 0.75078125 0.575 0.01015625 0.00703125
2 0.20234375 0.6515625 0.00625 0.01875
2 0.0671875 0.6703125 0.0140625 0.00859375
2 0.8171875 0.575 0.0078125 0.02421875
2 0.35546875 0.64140625 0.00546875 0.015625
2 0.49375 0.62578125 0.00703125 0.0171875
2 0.97109375 0.5734375 0.00859375 0.00625
2 0.8046875 0.5984375 0.01640625 0.01015625
2 0.46953125 0.64453125 0.0125 0.01015625
2 0.3578125 0.66015625 0.0046875 0.0125
2 0.42109375 0.66015625 0.00546875 0.01796875
2 0.84140625 0.60546875 0.0046875 0.0109375
2 0.39765625 0.66328125 0.0046875 0.01796875
2 0.834375 0.60703125 0.0046875 0.01015625
2 0.215625 0.70859375 0.00625 0.01796875
2 0.10625 0.72578125 0.01328125 0.01015625
2 0.16328125 0.71875 0.0140625 0.00859375
2 0.790625 0.65859375 0.01640625 0.01015625
2 0.39296875 0.73828125 0.00625 0.0171875
2 0.8546875 0.678125 0.00859375 0.00546875
2 0.9578125 0.665625 0.01328125 0.0078125
2 0.97109375 0.665625 0.00625 0.0140625
2 0.775 0.69375 0.01015625 0.00546875
2 0.4421875 0.73828125 0.0140625 0.009375
2 0.88828125 0.68125 0.00703125 0.01796875
2 0.33828125 0.753125 0.01328125 0.009375
2 0.865625 0.68828125 0.0140625 0.0078125
2 0.50234375 0.75234375 0.00625 0.02109375
2 0.15703125 0.80078125 0.00390625 0.01171875
2 0.7140625 0.7296875 0.0140625 0.00703125
2 0.92265625 0.70859375 0.00625 0.0171875
2 0.09453125 0.8203125 0.0109375 0.00703125
2 0.92421875 0.73046875 0.00703125 0.01640625
2 0.08828125 0.84296875 0.0109375 0.00546875
2 0.51484375 0.7890625 0.0140625 0.01015625
2 0.5796875 0.78671875 0.01484375 0.0125
2 0.91171875 0.7546875 0.00625 0.01796875
16 0.83359375 0.7671875 0.00625 0.01640625
2 0.25078125 0.8546875 0.00625 0.015625
2 0.22265625 0.8671875 0.01015625 0.00703125
16 0.834375 0.78984375 0.00546875 0.01640625
2 0.33984375 0.859375 0.00703125 0.0171875
2 0.0953125 0.903125 0.01328125 0.00703125
16 0.83828125 0.81171875 0.00625 0.02109375
2 0.57578125 0.85234375 0.01171875 0.00703125
2 0.3421875 0.8859375 0.00625 0.0171875
2 0.94296875 0.815625 0.01484375 0.01015625
2 0.971875 0.82109375 0.00703125 0.01953125
2 0.97890625 0.81953125 0.00625 0.01796875
2 0.9640625 0.821875 0.00625 0.0171875
2 0.9578125 0.825 0.0046875 0.0125
2 0.25625 0.921875 0.00625 0.015625
2 0.45078125 0.89609375 0.0125 0.01015625
2 0.0671875 0.9546875 0.00703125 0.01640625
16 0.51171875 0.89609375 0.00625 0.015625
16 0.9515625 0.840625 0.0078125 0.01953125
2 0.05078125 0.9625 0.0109375 0.00703125
2 0.8984375 0.03515625 0.0046875 0.01171875
16 0.0859375 0.965625 0.00625 0.01796875
16 0.9765625 0.8546875 0.0125 0.00703125
2 0.93515625 0.8609375 0.015625 0.009375
16 0.215625 0.95703125 0.00546875 0.015625
2 0.9109375 0.034375 0.0046875 0.0125
2 0.91640625 0.03359375 0.00390625 0.0125
2 0.9046875 0.03515625 0.0046875 0.0140625
2 0.95546875 0.86640625 0.01328125 0.00703125
16 0.9359375 0.87109375 0.0140625 0.009375
2 0.79140625 0.8921875 0.0125 0.0078125
2 0.76953125 0.89609375 0.00390625 0.01171875
2 0.6875 0.90625 0.0046875 0.01328125
2 0.75234375 0.89921875 0.00390625 0.0125
2 0.65625 0.9109375 0.00546875 0.015625
2 0.7 0.90546875 0.0046875 0.01015625
2 0.59453125 0.9203125 0.00390625 0.00859375
2 0.71796875 0.903125 0.0046875 0.0109375
2 0.66171875 0.9109375 0.00390625 0.009375
2 0.72421875 0.903125 0.003125 0.009375
2 0.67421875 0.91015625 0.003125 0.009375
2 0.70546875 0.90625 0.0046875 0.0109375
2 0.85625 0.8875 0.0140625 0.00859375
16 0.915625 0.88125 0.015625 0.009375
16 0.83671875 0.8921875 0.015625 0.01015625
2 0.80390625 0.9 0.01015625 0.01015625
2 0.20390625 0.98046875 0.00546875 0.015625
2 0.85859375 0.896875 0.0140625 0.0078125
2 0.28984375 0.9734375 0.009375 0.00625
2 0.9390625 0.890625 0.01328125 0.0078125
16 0.83828125 0.90625 0.01640625 0.009375
2 0.12265625 0.99765625 0.0046875 0.00390625
2 0.8609375 0.91796875 0.01328125 0.0078125
16 0.834375 0.925 0.00703125 0.01796875
16 0.8453125 0.92421875 0.00859375 0.01875
2 0.94140625 0.91328125 0.0125 0.00703125
2 0.89921875 0.92421875 0.01484375 0.00703125
2 0.09140625 0.17578125 0.0140625 0.0078125
2 0.03125 0.18828125 0.0078125 0.015625
2 0.359375 0.1515625 0.01328125 0.00859375
2 0.7484375 0.109375 0.00625 0.01875
2 0.73203125 0.11171875 0.00703125 0.01640625
2 0.74140625 0.1125 0.00625 0.01953125
2 0.5828125 0.134375 0.00625 0.01640625
2 0.7734375 0.11484375 0.01015625 0.0078125
2 0.27734375 0.1796875 0.009375 0.0046875
2 0.09296875 0.20625 0.01171875 0.00625
2 0.3375 0.178125 0.0203125 0.0109375
2 0.47265625 0.1671875 0.0125 0.00859375
2 0.51015625 0.16171875 0.0140625 0.00859375
2 0.15546875 0.21484375 0.01328125 0.00859375
2 0.33828125 0.19140625 0.01640625 0.00703125
2 0.403125 0.190625 0.0140625 0.01015625
2 0.65859375 0.16484375 0.0125 0.00703125
2 0.3359375 0.2078125 0.01328125 0.0078125
2 0.0921875 0.2484375 0.01484375 0.00703125
2 0.6609375 0.1765625 0.01328125 0.00859375
2 0.28359375 0.2375 0.0109375 0.00625
2 0.2640625 0.2453125 0.01015625 0.00703125
2 0.28359375 0.24765625 0.01015625 0.00703125
2 0.26484375 0.25546875 0.01015625 0.0078125
2 0.81328125 0.18671875 0.01171875 0.00859375
2 0.7890625 0.18984375 0.01015625 0.00859375
2 0.921875 0.178125 0.01328125 0.0078125
2 0.26640625 0.26484375 0.0109375 0.00703125
2 0.28359375 0.2625 0.01015625 0.00625
2 0.9375 0.18125 0.0046875 0.0125
2 0.778125 0.20625 0.00546875 0.01484375
2 0.76953125 0.20703125 0.00625 0.01484375
2 0.92265625 0.1875 0.0125 0.00703125
2 0.5453125 0.2390625 0.01171875 0.00703125
2 0.10546875 0.2984375 0.01015625 0.00546875
2 0.92421875 0.196875 0.01171875 0.00703125
2 0.9390625 0.1953125 0.0046875 0.0125
2 0.10625 0.309375 0.01015625 0.00703125
2 0.759375 0.22421875 0.00546875 0.01328125
2 0.92421875 0.2046875 0.0109375 0.00703125
2 0.6625 0.2390625 0.0125 0.0078125
2 0.67734375 0.24453125 0.00625 0.01875
2 0.1078125 0.3203125 0.0109375 0.00546875
2 0.8171875 0.22734375 0.00546875 0.015625
2 0.7828125 0.23203125 0.00546875 0.015625
2 0.79140625 0.23203125 0.00546875 0.01484375
2 0.92578125 0.21484375 0.01171875 0.00625
2 0.66484375 0.25 0.0125 0.00703125
2 0.4671875 0.2796875 0.0046875 0.0125
2 0.95234375 0.21875 0.015625 0.0078125
2 0.1078125 0.33046875 0.00859375 0.00703125
2 0.66484375 0.26015625 0.01171875 0.00703125
2 0.76171875 0.25 0.00625 0.01328125
2 0.77265625 0.2484375 0.00625 0.01171875
2 0.95390625 0.228125 0.0140625 0.01015625
2 0.40703125 0.303125 0.0109375 0.00703125
2 0.93828125 0.24453125 0.00859375 0.02109375
2 0.2765625 0.3328125 0.01640625 0.009375
2 0.34140625 0.32421875 0.01640625 0.01015625
2 0.11015625 0.3625 0.00859375 0.00625
2 0.409375 0.32421875 0.01484375 0.00859375
2 0.66484375 0.2953125 0.00625 0.01015625
2 0.4109375 0.3359375 0.01171875 0.00625
2 0.2796875 0.35390625 0.0140625 0.009375
2 0.7984375 0.2921875 0.00546875 0.0140625
2 0.78203125 0.2953125 0.00625 0.0125
2 0.1125 0.38203125 0.01015625 0.00546875
2 0.78984375 0.29375 0.00625 0.015625
2 0.80703125 0.29140625 0.00625 0.01484375
2 0.4109375 0.3453125 0.0140625 0.0078125
2 0.96328125 0.27578125 0.003125 0.01015625
2 0.65 0.3203125 0.0078125 0.00546875
2 0.9421875 0.28359375 0.00859375 0.02421875
2 0.28359375 0.37265625 0.01953125 0.01015625
2 0.41640625 0.35703125 0.0140625 0.01015625
2 0.7640625 0.31171875 0.00703125 0.01796875
2 0.82734375 0.303125 0.00546875 0.015625
2 0.8546875 0.30078125 0.0046875 0.0140625
2 0.8359375 0.303125 0.0046875 0.01328125
2 0.66640625 0.334375 0.0078125 0.02421875
2 0.4765625 0.36015625 0.01015625 0.00625
2 0.784375 0.32421875 0.0046875 0.0140625
2 0.77578125 0.32578125 0.0046875 0.0140625
2 0.80078125 0.32265625 0.00625 0.01484375
2 0.80859375 0.321875 0.0046875 0.01484375
2 0.81796875 0.3203125 0.00625 0.0125
2 0.79296875 0.32421875 0.00625 0.0140625
2 0.346875 0.3859375 0.015625 0.01015625
2 0.28125 0.3953125 0.0171875 0.00859375
2 0.83828125 0.32734375 0.00546875 0.015625
2 0.84765625 0.32578125 0.00625 0.01640625
2 0.82890625 0.3296875 0.00625 0.015625
2 0.08125 0.08828125 0.00546875 0.0140625
2 0.96640625 0.31484375 0.00546875 0.01328125
2 0.9453125 0.32265625 0.009375 0.021875
2 0.64375 0.36484375 0.00859375 0.0046875
2 0.76640625 0.3546875 0.0046875 0.0125
2 0.77890625 0.35546875 0.00625 0.01484375
2 0.78671875 0.35546875 0.00625 0.01796875
2 0.6703125 0.371875 0.00625 0.02109375
2 0.04921875 0.453125 0.0125 0.00859375
2 0.18203125 0.4359375 0.01328125 0.0078125
2 0.84921875 0.35078125 0.00625 0.0125
2 0.840625 0.35234375 0.00625 0.0140625
2 0.83125 0.35390625 0.00546875 0.0140625
2 0.96953125 0.346875 0.00546875 0.0140625
2 0.8640625 0.36171875 0.0046875 0.0125
2 0.76796875 0.378125 0.00390625 0.0109375
2 0.79296875 0.38203125 0.00625 0.01640625
2 0.85 0.37421875 0.0046875 0.0140625
2 0.84140625 0.37578125 0.00546875 0.01484375
2 0.83359375 0.37734375 0.00625 0.015625
2 0.9484375 0.3625 0.00859375 0.02265625
2 0.825 0.37890625 0.00625 0.015625
2 0.80078125 0.38203125 0.00546875 0.01640625
2 0.78359375 0.384375 0.00625 0.015625
2 0.6484375 0.40390625 0.00703125 0.00546875
2 0.484375 0.4296875 0.00625 0.015625
2 0.67265625 0.4109375 0.00625 0.02109375
2 0.65 0.43671875 0.00859375 0.00546875