4 0.83671875 0.09453125 0.071875 0.06875
15 0.315625 0.11796875 0.00859375 0.0109375
9 0.34453125 0.12890625 0.03671875 0.10625
15 0.315625 0.13125 0.00859375 0.0125
15 0.3828125 0.134375 0.00859375 0.0265625
9 0.76796875 0.13515625 0.0234375 0.05234375
15 0.06953125 0.14140625 0.009375 0.01953125
15 0.10625 0.14140625 0.009375 0.0203125
15 0.11875 0.14140625 0.009375 0.0171875
15 0.08203125 0.14140625 0.01015625 0.01796875
15 0.09375 0.1421875 0.009375 0.01953125
15 0.05546875 0.14296875 0.00546875 0.025
15 0.22265625 0.1453125 0.0109375 0.01953125
15 0.1953125 0.1453125 0.01015625 0.021875
15 0.315625 0.14609375 0.01015625 0.0125
15 0.20859375 0.146875 0.009375 0.01875
15 0.315625 0.16171875 0.01015625 0.0125
1 0.5796875 0.16796875 0.02578125 0.0578125
15 0.7953125 0.16953125 0.00703125 0.0265625
15 0.3734375 0.1765625 0.009375 0.01328125
15 0.9859375 0.1796875 0.00625 0.02734375
15 0.8296875 0.18515625 0.01015625 0.0140625
15 0.8390625 0.18515625 0.009375 0.0140625
15 0.81953125 0.1859375 0.009375 0.01328125
15 0.22109375 0.1859375 0.01015625 0.0203125
15 0.859375 0.1859375 0.009375 0.01328125
15 0.809375 0.1859375 0.009375 0.0140625
15 0.84921875 0.18515625 0.009375 0.01328125
15 0.1953125 0.1875 0.01015625 0.01875
15 0.20859375 0.1875 0.009375 0.01953125
9 0.76796875 0.203125 0.021875 0.05078125
4 0.04140625 0.22421875 0.03671875 0.178125
1 0.940625 0.23125 0.02734375 0.028125
1 0.86015625 0.234375 0.009375 0.0125
9 0.67578125 0.259375 0.0625 0.1
1 0.33359375 0.26015625 0.0046875 0.02265625
1 0.3203125 0.2609375 0.0046875 0.02734375
1 0.32734375 0.2609375 0.0046875 0.0265625
15 0.3125 0.26171875 0.0046875 0.02578125
15 0.765625 0.265625 0.00625 0.0296875
15 0.63125 0.2703125 0.00859375 0.01171875
9 0.821875 0.27734375 0.0421875 0.07890625
9 0.39375 0.28203125 0.02421875 0.05078125
9 0.29765625 0.29921875 0.01484375 0.03828125
15 0.765625 0.3 0.00625 0.02734375
15 0.3421875 0.3 0.00390625 0.02421875
22 0.3546875 0.30078125 0.01328125 0.034375
1 0.32421875 0.309375 0.02734375 0.0140625
1 0.07890625 0.31875 0.02265625 0.0546875
15 0.84765625 0.33046875 0.00625 0.02890625
15 0.63046875 0.33203125 0.00859375 0.0125
15 0.4171875 0.33359375 0.0078125 0.0125
15 0.765625 0.33515625 0.00703125 0.02734375
9 0.51015625 0.3375 0.09921875 0.27265625
15 0.4171875 0.34609375 0.00859375 0.01171875
9 0.21796875 0.3546875 0.03359375 0.1546875
9 0.14140625 0.35546875 0.03359375 0.15546875
15 0.4171875 0.36171875 0.009375 0.0140625
9 0.39296875 0.3671875 0.021875 0.05078125
15 0.5703125 0.36796875 0.00625 0.0265625
9 0.6296875 0.36875 0.0234375 0.0546875
15 0.76484375 0.36875 0.00625 0.0265625
22 0.35859375 0.3703125 0.021875 0.0390625
15 0.60703125 0.371875 0.009375 0.01171875
9 0.31015625 0.371875 0.021875 0.0390625
15 0.4171875 0.37578125 0.009375 0.01171875
1 0.0390625 0.38359375 0.0203125 0.0546875
15 0.4171875 0.38828125 0.00859375 0.01171875
1 0.0796875 0.396875 0.01875 0.05390625
15 0.765625 0.4046875 0.00703125 0.02578125
15 0.9625 0.4046875 0.00703125 0.028125
15 0.9203125 0.40703125 0.00625 0.03046875
15 0.32890625 0.4078125 0.0046875 0.0265625
15 0.85 0.40859375 0.00546875 0.028125
9 0.30859375 0.43515625 0.021875 0.0375
15 0.76484375 0.43671875 0.00625 0.02578125
15 0.415625 0.4375 0.009375 0.01171875
22 0.39296875 0.43984375 0.0234375 0.05234375
15 0.2890625 0.44375 0.00546875 0.025
15 0.34140625 0.46328125 0.00546875 0.02734375
15 0.85234375 0.47109375 0.00703125 0.02890625
15 0.83046875 0.471875 0.00703125 0.0265625
4 0.61953125 0.478125 0.06015625 0.05078125
1 0.0796875 0.478125 0.01796875 0.05625
15 0.9046875 0.47890625 0.00703125 0.02734375
1 0.0390625 0.47890625 0.01796875 0.05546875
15 0.39296875 0.48046875 0.009375 0.0140625
1 0.24765625 0.48203125 0.02578125 0.0578125
1 0.21484375 0.48203125 0.01875 0.05625
1 0.13515625 0.48359375 0.0234375 0.05859375
1 0.42734375 0.48515625 0.01796875 0.053125
9 0.875 0.49140625 0.021875 0.0515625
15 0.83046875 0.50703125 0.00703125 0.02734375
15 0.85234375 0.50703125 0.00703125 0.025
15 0.9046875 0.51328125 0.00703125 0.02421875
15 0.13046875 0.53671875 0.00625 0.0265625
15 0.096875 0.53671875 0.00625 0.0265625
15 0.20703125 0.53828125 0.00625 0.02734375
15 0.1625 0.5375 0.00625 0.02734375
15 0.821875 0.55625 0.0046875 0.02578125
15 0.82734375 0.55703125 0.0046875 0.025
15 0.815625 0.55703125 0.0046875 0.02578125
15 0.8328125 0.55703125 0.0046875 0.02578125
9 0.2765625 0.56875 0.01875 0.06484375
15 0.3109375 0.57109375 0.00546875 0.02421875
15 0.29921875 0.57109375 0.0046875 0.02578125
15 0.30546875 0.57109375 0.0046875 0.0265625
15 0.3171875 0.571875 0.0046875 0.02578125
9 0.79609375 0.584375 0.02734375 0.05390625
15 0.9046875 0.58984375 0.0078125 0.0265625
9 0.875 0.60234375 0.021875 0.05078125
9 0.33515625 0.609375 0.0265625 0.053125
9 0.50390625 0.61640625 0.01875 0.0640625
9 0.37109375 0.61640625 0.01875 0.06484375
9 0.5578125 0.6171875 0.01953125 0.06171875
9 0.61015625 0.6171875 0.01875 0.06171875
9 0.4515625 0.61796875 0.01796875 0.06484375
9 0.6375 0.61796875 0.01875 0.06328125
9 0.42421875 0.6171875 0.01796875 0.0625
9 0.478125 0.6171875 0.01953125 0.0625
9 0.3984375 0.61796875 0.01875 0.06171875
9 0.53125 0.61875 0.01953125 0.0640625
9 0.58359375 0.61796875 0.01796875 0.06328125
15 0.8328125 0.61953125 0.0046875 0.0296875
15 0.81640625 0.61875 0.00546875 0.02734375
15 0.82734375 0.61953125 0.0046875 0.028125
15 0.821875 0.61953125 0.00546875 0.028125
15 0.75 0.62109375 0.00625 0.028125
15 0.69453125 0.621875 0.00546875 0.025
15 0.90546875 0.625 0.00703125 0.02578125
15 0.2703125 0.6296875 0.01015625 0.0171875
15 0.2578125 0.63046875 0.009375 0.01953125
15 0.2828125 0.63046875 0.01015625 0.01875
15 0.31171875 0.6359375 0.0046875 0.02578125
15 0.29921875 0.63671875 0.0046875 0.025
15 0.31640625 0.6359375 0.00390625 0.025
15 0.30546875 0.63671875 0.0046875 0.02578125
15 0.75078125 0.0640625 0.00859375 0.01171875
15 0.35546875 0.66015625 0.0109375 0.01875
4 0.0421875 0.69140625 0.025 0.2375
4 0.97578125 0.70078125 0.02265625 0.2453125
4 0.10546875 0.075 0.08828125 0.0625
15 0.29453125 0.75703125 0.00078125 0.00234375
15 0.29296875 0.76875 0.00546875 0.028125
15 0.096875 0.76875 0.01015625 0.0234375
15 0.29765625 0.76875 0.0046875 0.0265625
15 0.14609375 0.76953125 0.009375 0.01953125
15 0.12109375 0.7703125 0.01015625 0.02109375
15 0.89609375 0.771875 0.01015625 0.01953125
15 0.48515625 0.771875 0.0109375 0.02109375
15 0.509375 0.771875 0.01171875 0.02421875
15 0.92109375 0.771875 0.0109375 0.0203125
15 0.87265625 0.77265625 0.01015625 0.02109375
15 0.53359375 0.77265625 0.01171875 0.021875
1 0.44375 0.775 0.0203125 0.065625
15 0.75078125 0.078125 0.00859375 0.01171875
1 0.83203125 0.77734375 0.02109375 0.06953125
1 0.84765625 0.78046875 0.00390625 0.02890625
1 0.1828125 0.7828125 0.00625 0.07578125
15 0.35546875 0.78359375 0.01015625 0.01484375
1 0.4625 0.784375 0.00625 0.02890625
15 0.7640625 0.78671875 0.021875 0.03046875
1 0.1609375 0.78828125 0.00625 0.0296875
1 0.54921875 0.7890625 0.00546875 0.02734375
1 0.93671875 0.790625 0.0046875 0.02578125
15 0.4046875 0.79140625 0.021875 0.02734375
15 0.35546875 0.79921875 0.01015625 0.01328125
15 0.78203125 0.08125 0.00859375 0.01640625
15 0.3015625 0.809375 0.009375 0.0140625
15 0.35546875 0.815625 0.01015625 0.01484375
1 0.62890625 0.815625 0.00703125 0.10078125
9 0.32578125 0.8171875 0.02578125 0.0515625
1 0.66640625 0.81875 0.00546875 0.10703125
1 0.703125 0.81953125 0.0078125 0.10859375
15 0.7640625 0.82265625 0.021875 0.02890625
15 0.40546875 0.82734375 0.021875 0.0296875
15 0.3015625 0.828125 0.009375 0.01484375
15 0.35546875 0.83125 0.01015625 0.0125
15 0.5890625 0.8359375 0.00625 0.02734375
15 0.596875 0.8359375 0.00625 0.028125
15 0.6046875 0.8359375 0.00625 0.028125
15 0.58046875 0.83515625 0.00546875 0.02734375
15 0.35546875 0.846875 0.009375 0.0125
15 0.77578125 0.85703125 0.02109375 0.03125
4 0.50859375 0.86015625 0.10703125 0.1078125
15 0.40546875 0.8625 0.02109375 0.02734375
15 0.35546875 0.8625 0.01015625 0.01484375
4 0.1234375 0.86328125 0.10625 0.09375
4 0.89609375 0.86484375 0.103125 0.09140625
1 0.44375 0.884375 0.01015625 0.034375
1 0.828125 0.88828125 0.009375 0.0328125
4 0.97734375 0.8890625 0.021875 0.09453125
15 0.77578125 0.89140625 0.02109375 0.0296875
1 0.19296875 0.89296875 0.01015625 0.03828125
15 0.40546875 0.89765625 0.02109375 0.02890625