4 0.3421875 0.10078125 0.22734375 0.15625
2 0.17578125 0.7703125 0.034375 0.05
4 0.57265625 0.0640625 0.23359375 0.128125
2 0.34375 0.74453125 0.02421875 0.04140625
2 0.3453125 0.746875 0.025 0.0390625
2 0.24296875 0.771875 0.0125 0.01484375
2 0.4078125 0.73359375 0.03203125 0.04765625
2 0.26953125 0.76796875 0.01796875 0.034375
2 0.409375 0.73515625 0.028125 0.04140625
2 0.37890625 0.7546875 0.015625 0.02578125
2 0.3796875 0.7546875 0.02578125 0.03203125
2 0.31796875 0.7953125 0.00703125 0.01640625
2 0.26640625 0.81015625 0.009375 0.01953125
2 0.1390625 0.8609375 0.03359375 0.05390625
2 0.1359375 0.8640625 0.02421875 0.040625
2 0.42109375 0.803125 0.0265625 0.0421875
2 0.428125 0.8640625 0.0265625 0.040625
4 0.7421875 0.059375 0.084375 0.11875
2 0.67578125 0.1 0.0046875 0.0125
9 0.62265625 0.1328125 0.0359375 0.071875
2 0.87578125 0.08828125 0.009375 0.009375
2 0.60078125 0.15859375 0.00546875 0.01484375
2 0.6703125 0.14140625 0.0109375 0.0078125
4 0.1515625 0.30234375 0.23359375 0.4625
2 0.540625 0.23203125 0.00546875 0.0171875
2 0.49296875 0.24765625 0.00703125 0.01796875
2 0.4984375 0.246875 0.0078125 0.01875
2 0.55078125 0.23515625 0.00859375 0.015625
2 0.496875 0.26484375 0.009375 0.0078125
2 0.62109375 0.23515625 0.009375 0.01015625
9 0.52109375 0.265625 0.0296875 0.0390625
2 0.665625 0.23515625 0.0453125 0.05703125
2 0.4875 0.28046875 0.0078125 0.01484375
2 0.55390625 0.271875 0.0078125 0.01640625
9 0.5875 0.26796875 0.0546875 0.12265625
2 0.5203125 0.2875 0.01171875 0.01171875
2 0.50859375 0.31171875 0.00703125 0.015625
2 0.64140625 0.28203125 0.0234375 0.03671875
9 0.53515625 0.31484375 0.025 0.0328125
2 0.7015625 0.27734375 0.0296875 0.05703125
2 0.55234375 0.31640625 0.00703125 0.0140625
2 0.7359375 0.278125 0.034375 0.0703125
2 0.67578125 0.29296875 0.025 0.05859375
2 0.509375 0.33359375 0.00703125 0.0140625
2 0.559375 0.3703125 0.03203125 0.0484375
2 0.465625 0.421875 0.03515625 0.05078125
2 0.48046875 0.46796875 0.0421875 0.04921875
9 0.315625 0.51015625 0.03984375 0.071875
2 0.95546875 0.36328125 0.03046875 0.05234375
2 0.92890625 0.37578125 0.02734375 0.040625
2 0.59921875 0.4546875 0.021875 0.0421875
9 0.7046875 0.44375 0.16484375 0.24140625
2 0.41015625 0.5375 0.01484375 0.0328125
2 0.3890625 0.546875 0.02734375 0.040625
2 0.4875 0.52421875 0.05 0.06328125
2 0.93046875 0.42265625 0.0328125 0.0453125
9 0.871875 0.4546875 0.08828125 0.171875
2 0.26484375 0.61328125 0.02578125 0.03359375
2 0.45234375 0.56953125 0.025 0.0390625
2 0.42578125 0.578125 0.0203125 0.03125
2 0.2 0.63828125 0.03515625 0.0484375
9 0.57734375 0.55 0.078125 0.109375
2 0.26796875 0.640625 0.01484375 0.02890625
2 0.49140625 0.590625 0.0359375 0.05859375
2 0.3984375 0.6140625 0.03359375 0.0625
2 0.4296875 0.62265625 0.01875 0.03828125
2 0.29609375 0.6578125 0.02265625 0.034375
2 0.46796875 0.621875 0.0328125 0.0453125
4 0.85703125 0.02421875 0.13359375 0.04765625
2 0.23828125 0.69765625 0.021875 0.02734375
2 0.21796875 0.7140625 0.00703125 0.0171875
2 0.203125 0.72890625 0.009375 0.00703125
2 0.20546875 0.73828125 0.0109375 0.009375
2 0.2359375 0.73515625 0.021875 0.02890625