16 0.6703125 0.75234375 0.0703125 0.096875
2 0.13828125 0.85078125 0.05859375 0.08125
16 0.81328125 0.74921875 0.04609375 0.13203125
2 0.4328125 0.04375 0.07265625 0.08046875
4 0.05234375 0.89375 0.0625 0.2109375
2 0.5875 0.85625 0.09140625 0.0703125
9 0.475 0.88671875 0.06640625 0.09609375
2 0.13828125 0.946875 0.08203125 0.10546875
9 0.28359375 0.94140625 0.053125 0.0578125
2 0.765625 0.8859375 0.034375 0.0625
2 0.2921875 0.99375 0.06171875 0.01171875
2 0.646875 0.025 0.05625 0.05
2 0.5078125 0.0578125 0.084375 0.115625
2 0.46640625 0.11015625 0.046875 0.06796875
2 0.95234375 0.06953125 0.034375 0.071875
9 0.521875 0.1578125 0.02421875 0.04609375
2 0.2375 0.2203125 0.07421875 0.11640625
2 0.884375 0.11796875 0.06484375 0.1
2 0.2984375 0.240625 0.06796875 0.1109375
9 0.73046875 0.18046875 0.06015625 0.075
2 0.82890625 0.2046875 0.0765625 0.12109375
2 0.18125 0.33359375 0.05390625 0.09296875
2 0.76875 0.246875 0.04921875 0.0828125
2 0.37734375 0.32265625 0.0390625 0.053125
16 0.1 0.40703125 0.084375 0.07734375
20 0.75234375 0.30234375 0.0265625 0.07109375
9 0.61640625 0.3296875 0.05859375 0.0453125
2 0.790625 0.30234375 0.03984375 0.06328125
20 0.340625 0.41171875 0.0671875 0.0484375
20 0.44765625 0.3953125 0.05546875 0.040625
20 0.20859375 0.43984375 0.05859375 0.0421875
9 0.6171875 0.36953125 0.06015625 0.04921875
2 0.06484375 0.56328125 0.06484375 0.07890625
2 0.16875 0.55390625 0.06015625 0.0796875
2 0.74765625 0.475 0.1984375 0.24140625
2 0.909375 0.46796875 0.05390625 0.0921875
2 0.2859375 0.5859375 0.0859375 0.10703125
2 0.20078125 0.65 0.090625 0.12109375
2 0.65546875 0.671875 0.04296875 0.08046875
2 0.17734375 0.803125 0.05859375 0.0921875
2 0.86796875 0.6953125 0.09453125 0.12421875
2 0.95703125 0.678125 0.084375 0.13125