4 0.85625 0.0203125 0.07890625 0.03984375
16 0.30234375 0.12890625 0.009375 0.01328125
9 0.334375 0.1328125 0.04140625 0.11953125
16 0.303125 0.1421875 0.01015625 0.0140625
16 0.37421875 0.13046875 0.009375 0.02890625
9 0.78359375 0.053125 0.02578125 0.06015625
16 0.0421875 0.203125 0.01015625 0.021875
16 0.08046875 0.19453125 0.01015625 0.021875
16 0.09296875 0.19296875 0.01015625 0.01875
16 0.0546875 0.20078125 0.01171875 0.0203125
16 0.06796875 0.19921875 0.01015625 0.021875
16 0.0265625 0.209375 0.00625 0.02734375
16 0.20390625 0.17578125 0.01171875 0.021875
16 0.17578125 0.18203125 0.01171875 0.02421875
16 0.30390625 0.1578125 0.0109375 0.0140625
16 0.18984375 0.18046875 0.01015625 0.021875
16 0.30390625 0.17421875 0.01171875 0.0140625
2 0.58515625 0.1265625 0.02890625 0.06640625
16 0.81484375 0.08359375 0.0078125 0.02890625
16 0.36640625 0.178125 0.01015625 0.0140625
16 0.8515625 0.09375 0.0109375 0.015625
16 0.86171875 0.09296875 0.01015625 0.015625
16 0.840625 0.09609375 0.01015625 0.0140625
16 0.2046875 0.21875 0.0109375 0.02265625
16 0.8828125 0.08828125 0.01015625 0.015625
16 0.83046875 0.0984375 0.01015625 0.015625
16 0.87265625 0.090625 0.01015625 0.0140625
16 0.1765625 0.22734375 0.0109375 0.0203125
16 0.190625 0.225 0.01015625 0.021875
9 0.7859375 0.125 0.02421875 0.0578125
4 0.01796875 0.296875 0.0359375 0.196875
2 0.97109375 0.1203125 0.02890625 0.0359375
2 0.88515625 0.1390625 0.01015625 0.0140625
9 0.68984375 0.2046875 0.06875 0.11953125
2 0.325 0.27421875 0.0046875 0.02578125
2 0.31171875 0.2796875 0.00546875 0.03046875
2 0.31875 0.27734375 0.00546875 0.02890625
16 0.303125 0.28046875 0.00546875 0.02890625
16 0.78515625 0.19375 0.00703125 0.03125
16 0.6421875 0.225 0.01015625 0.01328125
9 0.84609375 0.1921875 0.046875 0.0921875
9 0.390625 0.2859375 0.0265625 0.0578125
9 0.28828125 0.325 0.01640625 0.04296875
16 0.7859375 0.22890625 0.00703125 0.03046875
16 0.3359375 0.31640625 0.00390625 0.02578125
22 0.34921875 0.315625 0.01484375 0.0390625
2 0.31640625 0.33046875 0.02890625 0.0203125
2 0.05546875 0.38984375 0.02578125 0.06171875
16 0.87421875 0.24453125 0.00703125 0.03125
16 0.64296875 0.29140625 0.01015625 0.0140625
16 0.41640625 0.3359375 0.00859375 0.0140625
16 0.78671875 0.26640625 0.00703125 0.03046875
9 0.515625 0.321875 0.11328125 0.31015625
16 0.4171875 0.3515625 0.01015625 0.01328125
9 0.2046875 0.40078125 0.03984375 0.16953125
9 0.12421875 0.41484375 0.03984375 0.17265625
16 0.4171875 0.3671875 0.01015625 0.015625
9 0.3921875 0.378125 0.02421875 0.0578125
16 0.58046875 0.340625 0.00703125 0.02890625
9 0.64375 0.3296875 0.0265625 0.06171875
16 0.7875 0.3015625 0.00703125 0.02890625
22 0.35546875 0.3875 0.02421875 0.04453125
16 0.61953125 0.33671875 0.01015625 0.01328125
9 0.303125 0.39765625 0.02421875 0.04609375
16 0.4171875 0.3828125 0.01015625 0.01328125
2 0.01484375 0.46796875 0.02265625 0.06171875
16 0.41796875 0.39609375 0.009375 0.01328125
2 0.059375 0.47265625 0.02109375 0.06015625
16 0.7890625 0.3390625 0.0078125 0.02890625
16 0.95390625 0.3109375 0.0078125 0.0328125
16 0.32421875 0.43359375 0.00546875 0.02890625
16 0.87890625 0.328125 0.00625 0.03046875
9 0.30390625 0.465625 0.02421875 0.04296875
16 0.78984375 0.375 0.00703125 0.02890625
16 0.4171875 0.44921875 0.01015625 0.01328125
22 0.39375 0.45390625 0.02578125 0.06015625
16 0.2828125 0.47890625 0.00546875 0.02734375
16 0.3390625 0.4890625 0.00546875 0.03046875
16 0.88359375 0.3953125 0.00703125 0.03125
16 0.86015625 0.39921875 0.0078125 0.02890625
4 0.6359375 0.44921875 0.06484375 0.06484375
2 0.06171875 0.5609375 0.02109375 0.06171875
16 0.93984375 0.39140625 0.00703125 0.03046875
2 0.01796875 0.56796875 0.02109375 0.06171875
16 0.39453125 0.49765625 0.01015625 0.015625
2 0.23984375 0.52890625 0.02890625 0.06640625
2 0.20546875 0.5359375 0.02109375 0.06328125
2 0.1203125 0.553125 0.02578125 0.06640625
2 0.43125 0.4953125 0.0203125 0.05859375
9 0.9078125 0.41171875 0.025 0.05859375
16 0.8609375 0.434375 0.00859375 0.03046875
16 0.884375 0.43046875 0.0078125 0.02734375
16 0.940625 0.428125 0.0078125 0.02578125
16 0.1171875 0.61171875 0.00703125 0.02890625
16 0.08125 0.61953125 0.00703125 0.02890625
16 0.1984375 0.596875 0.00703125 0.03046875
16 0.15078125 0.60703125 0.00703125 0.03046875
16 0.853125 0.48984375 0.00546875 0.02890625
16 0.859375 0.490625 0.00546875 0.02734375
16 0.846875 0.49296875 0.00546875 0.02890625
16 0.86484375 0.48828125 0.0046875 0.02890625
9 0.2734375 0.61640625 0.02109375 0.071875
16 0.31015625 0.6109375 0.00546875 0.02578125
16 0.29765625 0.61328125 0.00546875 0.02890625
16 0.30390625 0.61328125 0.00546875 0.02890625
16 0.315625 0.61171875 0.00546875 0.02734375
9 0.82578125 0.52578125 0.03046875 0.06328125
16 0.94296875 0.50859375 0.00859375 0.02890625
9 0.9109375 0.52890625 0.02421875 0.0578125
9 0.33671875 0.64765625 0.0296875 0.06171875
9 0.51640625 0.6203125 0.02109375 0.0703125
9 0.375 0.646875 0.02109375 0.071875
9 0.57421875 0.609375 0.021875 0.06875
9 0.6296875 0.59765625 0.02109375 0.06875
9 0.4609375 0.63203125 0.0203125 0.071875
9 0.65859375 0.59375 0.021875 0.0703125
9 0.43203125 0.63828125 0.0203125 0.06875
9 0.48828125 0.62578125 0.021875 0.0703125
9 0.40390625 0.6421875 0.02109375 0.06875
9 0.5453125 0.61484375 0.021875 0.071875
9 0.6015625 0.60390625 0.02109375 0.0703125
16 0.86640625 0.5546875 0.00546875 0.03125
16 0.8484375 0.5578125 0.00546875 0.03046875
16 0.8609375 0.55625 0.00546875 0.03125
16 0.8546875 0.5578125 0.00546875 0.03125
16 0.77890625 0.57578125 0.00703125 0.03046875
16 0.71953125 0.58515625 0.00625 0.02734375
16 0.94375 0.54609375 0.0078125 0.02890625
16 0.26875 0.6828125 0.0109375 0.0203125
16 0.2546875 0.684375 0.01015625 0.021875
16 0.28125 0.68125 0.01171875 0.0203125
16 0.31171875 0.6796875 0.00546875 0.02890625
16 0.29921875 0.68203125 0.00546875 0.02734375
16 0.31796875 0.67890625 0.0046875 0.02734375
16 0.30546875 0.6828125 0.00546875 0.02890625
16 0.359375 0.69765625 0.01171875 0.021875
4 0.0265625 0.7953125 0.03203125 0.25703125
4 0.078125 0.12734375 0.09609375 0.08515625
16 0.296875 0.8109375 0.00078125 0.0015625
16 0.29609375 0.82578125 0.00625 0.03046875
16 0.08828125 0.86484375 0.0109375 0.02578125
16 0.3015625 0.8234375 0.00546875 0.02890625
16 0.13984375 0.85703125 0.01015625 0.021875
16 0.11328125 0.86171875 0.0109375 0.02265625
16 0.93828125 0.703125 0.0109375 0.021875
16 0.50078125 0.78828125 0.0125 0.02421875
16 0.5265625 0.7828125 0.0125 0.02890625
16 0.9640625 0.7 0.01171875 0.02265625
16 0.9125 0.71015625 0.01171875 0.02265625
16 0.55234375 0.78046875 0.0125 0.02578125
2 0.45703125 0.80078125 0.02265625 0.0734375
16 0.76484375 0.00234375 0.01015625 0.0046875
2 0.86953125 0.72265625 0.02421875 0.07734375
2 0.88671875 0.7234375 0.00390625 0.03046875
2 0.17890625 0.86171875 0.00859375 0.08203125
16 0.3625 0.82734375 0.0109375 0.0171875
2 0.4765625 0.80625 0.00703125 0.03125
16 0.7984375 0.74609375 0.0234375 0.0359375
2 0.15703125 0.87265625 0.00703125 0.0328125
2 0.56875 0.79375 0.00546875 0.03046875
2 0.98125 0.715625 0.00546875 0.02890625
16 0.415625 0.8265625 0.0234375 0.0328125
16 0.36328125 0.84375 0.0109375 0.0140625
16 0.7984375 0.00234375 0.01015625 0.0046875
16 0.30703125 0.865625 0.01015625 0.015625
16 0.3640625 0.8625 0.0109375 0.015625
2 0.6546875 0.80703125 0.01015625 0.1078125
9 0.3328125 0.86953125 0.02890625 0.06015625
2 0.69453125 0.8015625 0.00859375 0.11484375
2 0.73359375 0.7953125 0.01171875 0.11640625
16 0.79921875 0.7859375 0.0234375 0.034375
16 0.4171875 0.86484375 0.02421875 0.034375
16 0.30703125 0.88671875 0.01015625 0.0171875
16 0.3640625 0.878125 0.0109375 0.0140625
16 0.6125 0.834375 0.00703125 0.03046875
16 0.621875 0.834375 0.00703125 0.03046875
16 0.6296875 0.8328125 0.00703125 0.03046875
16 0.60390625 0.83671875 0.00625 0.03046875
16 0.36484375 0.8953125 0.01015625 0.0140625
16 0.81171875 0.81875 0.02265625 0.0375
4 0.528125 0.878125 0.11640625 0.13515625
16 0.41796875 0.9015625 0.02265625 0.0328125
16 0.36484375 0.9125 0.0109375 0.0171875
4 0.11875 0.94921875 0.11640625 0.09921875
4 0.940625 0.80234375 0.11171875 0.11640625
2 0.46015625 0.91640625 0.01171875 0.0375
2 0.86875 0.84296875 0.0109375 0.0359375
16 0.81328125 0.85625 0.02265625 0.034375
2 0.19375 0.97890625 0.01171875 0.04140625
16 0.41953125 0.93828125 0.02265625 0.034375