16 0.5859375 0.196875 0.0125 0.0234375
16 0.60078125 0.203125 0.0140625 0.02734375
4 0.96953125 0.32890625 0.05859375 0.209375
9 0.15 0.1 0.134375 0.19921875
2 0.5640625 0.2234375 0.00546875 0.0375
2 0.571875 0.22734375 0.00703125 0.0328125
2 0.58828125 0.23359375 0.00703125 0.0375
2 0.55703125 0.2234375 0.00625 0.0375
2 0.58046875 0.23046875 0.00703125 0.03515625
2 0.52109375 0.2125 0.0125 0.0625
2 0.603125 0.2390625 0.00859375 0.040625
2 0.54609375 0.2203125 0.0125 0.0546875
2 0.59609375 0.23828125 0.00703125 0.0390625
2 0.62109375 0.246875 0.0078125 0.040625
16 0.61171875 0.2453125 0.0078125 0.040625
16 0.4515625 0.30859375 0.01328125 0.0234375
16 0.465625 0.321875 0.0125 0.0234375
2 0.50546875 0.33671875 0.01484375 0.025
16 0.1515625 0.24296875 0.0078125 0.0453125
16 0.225 0.27734375 0.00625 0.0390625
16 0.44921875 0.353125 0.0140625 0.0234375
2 0.484375 0.37578125 0.02578125 0.0375
16 0.503125 0.38671875 0.0140625 0.0234375
16 0.4484375 0.37890625 0.01171875 0.01953125
16 0.446875 0.41328125 0.0125 0.025
16 0.46015625 0.41796875 0.01328125 0.0234375
9 0.575 0.4578125 0.09375 0.2984375
16 0.20234375 0.34453125 0.01484375 0.025
16 0.70234375 0.51484375 0.0125 0.021875
16 0.50078125 0.4625 0.0140625 0.0234375
16 0.20078125 0.36796875 0.015625 0.025
2 0.4640625 0.4546875 0.02265625 0.0390625
16 0.7015625 0.53828125 0.01484375 0.021875
2 0.65078125 0.52734375 0.00625 0.0390625
16 0.64375 0.525 0.0078125 0.04296875
16 0.5 0.48515625 0.0140625 0.025
2 0.44375 0.46875 0.01328125 0.06640625
16 0.48515625 0.484375 0.0125 0.0234375
16 0.6453125 0.5625 0.01484375 0.0234375
16 0.48359375 0.51171875 0.0140625 0.0234375
9 0.3265625 0.471875 0.19140625 0.6
16 0.64453125 0.584375 0.01484375 0.0234375
4 0.1390625 0.5125 0.03984375 0.428125
20 0.4765625 0.74609375 0.1015625 0.2109375
2 0.2390625 0.771875 0.01171875 0.0234375
2 0.2234375 0.7671875 0.0125 0.0234375
2 0.24921875 0.7828125 0.0078125 0.0390625
2 0.2703125 0.790625 0.00625 0.0390625
2 0.2796875 0.8125 0.0125 0.0703125
2 0.29140625 0.81875 0.0109375 0.0703125
2 0.5671875 0.9078125 0.02109375 0.0390625
2 0.23203125 0.8015625 0.02421875 0.0375
2 0.4234375 0.86640625 0.00703125 0.040625
4 0.49453125 0.90703125 0.10078125 0.1421875
2 0.26796875 0.8359375 0.00703125 0.0390625
2 0.4328125 0.9046875 0.01328125 0.02734375
2 0.28984375 0.87421875 0.02421875 0.0375
4 0.47578125 0.08515625 0.0765625 0.115625
4 0.584375 0.1234375 0.1421875 0.125
2 0.7484375 0.18046875 0.00703125 0.0484375
9 0.71640625 0.1984375 0.04765625 0.1109375