1 0.52265625 0.57890625 0.00859375 0.01796875
1 0.56640625 0.58125 0.00625 0.01640625
1 0.57421875 0.5828125 0.009375 0.01328125
1 0.478125 0.58515625 0.01640625 0.0109375
1 0.4359375 0.6421875 0.04140625 0.0609375
1 0.93828125 0.66953125 0.0359375 0.0390625
20 0.4375 0.66953125 0.01640625 0.01953125
1 0.91328125 0.6765625 0.03046875 0.03515625
1 0.41796875 0.68671875 0.0140625 0.01015625
1 0.490625 0.6875 0.02421875 0.02890625
15 0.1921875 0.69140625 0.00703125 0.01875
15 0.2859375 0.69140625 0.00546875 0.0140625
15 0.2015625 0.6921875 0.00625 0.01875
15 0.26171875 0.6953125 0.0125 0.009375
15 0.21171875 0.70859375 0.00625 0.015625
15 0.2046875 0.709375 0.00703125 0.01484375
15 0.26328125 0.71015625 0.00703125 0.01484375
15 0.2703125 0.71015625 0.00546875 0.01640625
1 0.91171875 0.7171875 0.0125 0.0109375
20 0.928125 0.7203125 0.01484375 0.01953125
15 0.471875 0.72265625 0.00546875 0.01328125
15 0.46484375 0.7234375 0.00703125 0.01640625
15 0.44921875 0.72578125 0.00625 0.01640625
15 0.45703125 0.728125 0.0078125 0.01953125
1 0.3953125 0.73671875 0.04453125 0.0484375
1 0.52265625 0.74609375 0.00703125 0.01328125
1 0.4640625 0.74609375 0.00546875 0.01640625
1 0.45703125 0.746875 0.00703125 0.0171875
1 0.50859375 0.746875 0.00625 0.01640625
1 0.515625 0.746875 0.00625 0.01328125
1 0.44921875 0.746875 0.00859375 0.01875
1 0.471875 0.746875 0.0078125 0.01875
1 0.5 0.74765625 0.00703125 0.0171875
9 0.9484375 0.75 0.01796875 0.01953125
20 0.92734375 0.75 0.02109375 0.02734375
15 0.9671875 0.7546875 0.0109375 0.00859375
15 0.95625 0.765625 0.0125 0.009375
1 0.40859375 0.775 0.0203125 0.0203125
1 0.3765625 0.7859375 0.021875 0.0265625
1 0.403125 0.80234375 0.02421875 0.0328125
1 0.37109375 0.8140625 0.02109375 0.03046875
9 0.48203125 0.81875 0.053125 0.06484375
1 0.340625 0.84765625 0.02265625 0.03125
1 0.4 0.85 0.0109375 0.02109375
9 0.4015625 0.85703125 0.02578125 0.04765625
9 0.36640625 0.8625 0.0234375 0.03984375
1 0.340625 0.88125 0.025 0.025
1 0.49375 0.88671875 0.00703125 0.0171875
1 0.52890625 0.8875 0.009375 0.01796875
1 0.51953125 0.8875 0.00859375 0.02109375
1 0.46328125 0.88828125 0.0078125 0.0234375
1 0.51171875 0.88828125 0.01171875 0.01875
1 0.4859375 0.88828125 0.009375 0.0140625
1 0.5375 0.88828125 0.009375 0.02265625
1 0.50234375 0.8890625 0.01015625 0.0171875
1 0.4765625 0.8890625 0.00859375 0.0234375
1 0.4453125 0.8890625 0.00859375 0.02109375
1 0.4359375 0.88984375 0.00625 0.01953125
1 0.45390625 0.88984375 0.00859375 0.01953125
15 0.3859375 0.9125 0.0078125 0.015625
15 0.37265625 0.9140625 0.00625 0.0125
1 0.53125 0.9234375 0.025 0.05546875
1 0.4953125 0.9453125 0.04453125 0.06015625
4 0.44453125 0.95703125 0.0546875 0.0328125
1 0.16171875 0.09609375 0.0265625 0.03984375
1 0.10625 0.09921875 0.0203125 0.0375
1 0.08359375 0.109375 0.0296875 0.04921875
15 0.59609375 0.25390625 0.01328125 0.00859375
20 0.621875 0.26015625 0.015625 0.0171875
1 0.66484375 0.27578125 0.03359375 0.05859375
1 0.70859375 0.28203125 0.034375 0.06171875
1 0.31484375 0.28359375 0.04453125 0.03515625
20 0.621875 0.28671875 0.02265625 0.00859375
15 0.58125 0.28671875 0.00546875 0.01171875
15 0.59140625 0.29296875 0.00859375 0.015625
15 0.59921875 0.29375 0.00703125 0.01796875
20 0.428125 0.30078125 0.0140625 0.02421875
1 0.91484375 0.309375 0.04609375 0.04296875
20 0.62109375 0.3140625 0.015625 0.02109375
9 0.840625 0.31953125 0.03515625 0.0296875
1 0.55078125 0.321875 0.046875 0.03984375
20 0.4265625 0.32265625 0.0171875 0.01875
20 0.45859375 0.32265625 0.01484375 0.0203125
1 0.4984375 0.325 0.05078125 0.03671875
1 0.86953125 0.32734375 0.00859375 0.0171875
20 0.6046875 0.334375 0.015625 0.02265625
20 0.6203125 0.334375 0.0140625 0.01875
1 0.94453125 0.3375 0.040625 0.0484375
1 0.8484375 0.340625 0.01171875 0.009375
1 0.83359375 0.340625 0.01640625 0.01171875
1 0.5125 0.3546875 0.0078125 0.01796875
1 0.45859375 0.35703125 0.0078125 0.01640625
1 0.465625 0.35703125 0.00625 0.01640625
1 0.5578125 0.35859375 0.0125 0.01015625
20 0.62421875 0.3609375 0.01484375 0.02109375
20 0.6453125 0.36953125 0.01640625 0.01953125
20 0.4859375 0.396875 0.0171875 0.0234375
20 0.56484375 0.39765625 0.01171875 0.01953125
20 0.4703125 0.3984375 0.0171875 0.01796875
20 0.50078125 0.3984375 0.01484375 0.0203125
1 0.43828125 0.42734375 0.034375 0.04375
20 0.928125 0.453125 0.01796875 0.021875
1 0.56953125 0.46328125 0.03046875 0.06171875
20 0.928125 0.47421875 0.01484375 0.02265625
1 0.59609375 0.47578125 0.0140625 0.0125
1 0.59609375 0.4859375 0.01640625 0.01015625
1 0.59609375 0.49609375 0.01171875 0.009375
4 0.065625 0.49921875 0.034375 0.096875
1 0.43359375 0.50078125 0.03125 0.06484375
9 0.53828125 0.51171875 0.0703125 0.09140625
20 0.92734375 0.52109375 0.02265625 0.02578125
1 0.48515625 0.52734375 0.0125 0.0109375
1 0.60625 0.53359375 0.00703125 0.02265625
1 0.5890625 0.534375 0.01171875 0.0171875
1 0.59921875 0.534375 0.00859375 0.01953125
1 0.484375 0.53984375 0.0125 0.0078125
20 0.43828125 0.55078125 0.01484375 0.02109375
15 0.225 0.56015625 0.0046875 0.0140625
1 0.48515625 0.5609375 0.0140625 0.00859375
15 0.21875 0.56015625 0.00703125 0.0140625
1 0.49765625 0.5765625 0.0078125 0.01640625
1 0.50625 0.578125 0.00625 0.01640625