15 0.06875 0.5546875 0.003125 0.03515625
15 0.053125 0.55625 0.003125 0.0296875
15 0.18125 0.55703125 0.00390625 0.03125
15 0.1484375 0.55859375 0.003125 0.0296875
1 0.15390625 0.55859375 0.00390625 0.03203125
1 0.04765625 0.55859375 0.00390625 0.03515625
15 0.47421875 0.559375 0.00390625 0.028125
1 0.075 0.559375 0.003125 0.03671875
15 0.3171875 0.559375 0.00390625 0.0359375
15 0.46953125 0.56015625 0.00390625 0.0265625
15 0.0421875 0.56015625 0.003125 0.0296875
15 0.296875 0.56015625 0.00390625 0.0328125
1 0.1859375 0.56015625 0.00390625 0.03359375
15 0.034375 0.56171875 0.003125 0.03203125
15 0.03828125 0.56171875 0.00390625 0.03203125
15 0.08359375 0.56171875 0.003125 0.03046875
15 0.08828125 0.5625 0.0046875 0.03125
15 0.1671875 0.5625 0.0046875 0.02890625
15 0.396875 0.56171875 0.00390625 0.02734375
15 0.15859375 0.56328125 0.00390625 0.028125
1 0.29140625 0.5625 0.0046875 0.03671875
15 0.0796875 0.56328125 0.003125 0.02890625
15 0.1625 0.56328125 0.00390625 0.03046875
1 0.32265625 0.56328125 0.0046875 0.03359375
15 0.51953125 0.56328125 0.00390625 0.028125
15 0.190625 0.5640625 0.003125 0.0296875
15 0.2 0.56328125 0.00390625 0.0328125
15 0.1953125 0.5640625 0.00390625 0.03203125
15 0.4328125 0.5640625 0.00390625 0.02734375
15 0.28203125 0.5640625 0.00390625 0.03046875
1 0.4375 0.565625 0.0046875 0.0328125
15 0.28671875 0.56484375 0.00390625 0.03125
15 0.55234375 0.56640625 0.0046875 0.03125
15 0.32734375 0.56640625 0.003125 0.0265625
15 0.65390625 0.565625 0.00390625 0.028125
15 0.33125 0.56640625 0.00390625 0.02578125
1 0.4015625 0.565625 0.0046875 0.0359375
1 0.52421875 0.5671875 0.00390625 0.03359375
15 0.27734375 0.56640625 0.00390625 0.03203125
15 0.68359375 0.56640625 0.00390625 0.02734375
15 0.3359375 0.56640625 0.003125 0.025
1 0.55703125 0.5671875 0.0046875 0.03671875
15 0.44609375 0.56796875 0.003125 0.0265625
15 0.44296875 0.56796875 0.00390625 0.0265625
15 0.45078125 0.56875 0.003125 0.02578125
1 0.659375 0.56875 0.00390625 0.034375
15 0.42265625 0.56953125 0.003125 0.02578125
15 0.5375 0.56875 0.003125 0.02890625
15 0.41796875 0.56875 0.003125 0.0265625
15 0.5421875 0.56953125 0.0046875 0.028125
15 0.5625 0.56953125 0.003125 0.0296875
15 0.41328125 0.5703125 0.003125 0.0265625
15 0.53359375 0.5703125 0.003125 0.02890625
15 0.57109375 0.5703125 0.003125 0.0265625
15 0.77109375 0.5703125 0.00390625 0.03125
15 0.56640625 0.5703125 0.003125 0.0265625
1 0.68828125 0.56953125 0.0046875 0.03359375
15 0.6765625 0.5703125 0.00390625 0.0265625
15 0.8390625 0.571875 0.003125 0.02890625
15 0.66796875 0.57109375 0.003125 0.0265625
1 0.7765625 0.57109375 0.00390625 0.0359375
15 0.93984375 0.57109375 0.00390625 0.02890625
15 0.70234375 0.57109375 0.003125 0.02578125
1 0.834375 0.571875 0.00390625 0.03671875
15 0.671875 0.571875 0.00390625 0.0265625
15 0.69765625 0.57265625 0.003125 0.0234375
15 0.92421875 0.5734375 0.003125 0.02734375
15 0.70625 0.57421875 0.003125 0.0265625
15 0.81640625 0.57421875 0.00390625 0.0265625
15 0.82109375 0.57421875 0.00390625 0.02734375
1 0.91953125 0.575 0.0046875 0.03828125
15 0.790625 0.57578125 0.00390625 0.02890625
1 0.94453125 0.57578125 0.0046875 0.0375
1 0.128125 0.575 0.0046875 0.04921875
15 0.7859375 0.57578125 0.0046875 0.02734375
15 0.79453125 0.57578125 0.00390625 0.02890625
15 0.825 0.5765625 0.003125 0.025
15 0.90625 0.5765625 0.003125 0.0265625
1 0.13671875 0.57734375 0.0046875 0.04765625
15 0.90234375 0.5765625 0.003125 0.0234375
1 0.46328125 0.57734375 0.003125 0.02578125
15 0.9578125 0.57734375 0.003125 0.028125
15 0.9109375 0.578125 0.003125 0.02734375
15 0.95390625 0.57734375 0.003125 0.025
1 0.1203125 0.578125 0.0046875 0.05234375
15 0.9625 0.5796875 0.003125 0.02734375
15 0.51015625 0.5828125 0.00390625 0.03046875
1 0.62421875 0.58359375 0.00546875 0.053125
1 0.63515625 0.584375 0.0046875 0.05234375
15 0.409375 0.584375 0.003125 0.028125
1 0.646875 0.584375 0.0046875 0.05234375
15 0.5296875 0.5859375 0.00390625 0.02890625
15 0.6640625 0.58828125 0.00390625 0.02890625
15 0.69296875 0.5890625 0.003125 0.0296875
1 0.47421875 0.58984375 0.003125 0.0234375
15 0.78125 0.58984375 0.00390625 0.03203125
15 0.82890625 0.59140625 0.003125 0.0265625
15 0.95 0.59453125 0.00390625 0.028125
15 0.04765625 0.5953125 0.003125 0.02890625
15 0.07421875 0.5953125 0.00390625 0.02890625
15 0.91484375 0.59453125 0.00390625 0.02578125
15 0.15390625 0.5953125 0.003125 0.02421875
15 0.1859375 0.59609375 0.0046875 0.0328125
15 0.5015625 0.59765625 0.00390625 0.028125
15 0.49765625 0.59765625 0.00390625 0.0265625
15 0.29140625 0.5984375 0.00390625 0.0296875
15 0.4375 0.60078125 0.003125 0.02734375
15 0.3265625 0.6 0.00390625 0.028125
15 0.5625 0.6015625 0.00390625 0.02890625
1 0.46328125 0.6078125 0.00390625 0.02734375
15 0.45859375 0.6078125 0.003125 0.0265625
15 0.4546875 0.60859375 0.003125 0.02734375
1 0.4796875 0.60859375 0.00390625 0.0296875
15 0.21015625 0.621875 0.00390625 0.03046875
15 0.20078125 0.6234375 0.00390625 0.03046875
15 0.215625 0.62578125 0.00390625 0.03203125
15 0.39765625 0.62578125 0.003125 0.0296875
15 0.41484375 0.62578125 0.00390625 0.02578125
15 0.41015625 0.62734375 0.003125 0.02734375
15 0.2984375 0.63671875 0.00390625 0.02890625
1 0.20625 0.6390625 0.003125 0.02578125
15 0.303125 0.63984375 0.00390625 0.02421875
1 0.4890625 0.64609375 0.0046875 0.03359375
15 0.346875 0.64921875 0.00390625 0.0328125
15 0.3328125 0.6484375 0.00390625 0.03125
15 0.31640625 0.6515625 0.003125 0.02890625
15 0.32109375 0.6515625 0.0046875 0.0296875
15 0.396875 0.65546875 0.00390625 0.02578125
15 0.4015625 0.65546875 0.00390625 0.0265625
15 0.4140625 0.65625 0.003125 0.025
15 0.41015625 0.65625 0.003125 0.025
1 0.39296875 0.65703125 0.003125 0.0265625
15 0.40625 0.65625 0.003125 0.02578125
15 0.421875 0.65859375 0.003125 0.0265625
1 0.44609375 0.6625 0.003125 0.02578125
1 0.36484375 0.6640625 0.00390625 0.02734375
1 0.45078125 0.6640625 0.00390625 0.028125
15 0.5421875 0.66484375 0.003125 0.0265625
1 0.45546875 0.66484375 0.003125 0.0265625
15 0.55078125 0.66484375 0.00390625 0.0296875
15 0.54609375 0.6671875 0.00390625 0.028125
15 0.65859375 0.66875 0.00390625 0.02734375
15 0.30703125 0.671875 0.003125 0.02421875
15 0.30234375 0.67265625 0.003125 0.02734375
15 0.66328125 0.684375 0.003125 0.02890625
15 0.50859375 0.68515625 0.003125 0.0234375
15 0.4171875 0.68671875 0.00390625 0.028125
1 0.66796875 0.68671875 0.003125 0.02890625
1 0.421875 0.68671875 0.003125 0.0296875
1 0.49453125 0.68984375 0.0046875 0.03203125
1 0.32421875 0.6921875 0.00390625 0.0265625
15 0.31953125 0.69296875 0.00390625 0.0328125
1 0.53203125 0.6953125 0.003125 0.02734375
15 0.5359375 0.6953125 0.003125 0.028125
15 0.54609375 0.69609375 0.003125 0.0265625
15 0.54140625 0.696875 0.00390625 0.028125
15 0.65859375 0.70078125 0.00390625 0.02578125
15 0.29453125 0.70234375 0.003125 0.0328125
1 0.45546875 0.70625 0.00390625 0.025
15 0.271875 0.70625 0.0078125 0.0203125
15 0.4515625 0.70625 0.00390625 0.02890625
15 0.1515625 0.7109375 0.00390625 0.03515625
15 0.3328125 0.71171875 0.00390625 0.03203125
15 0.34765625 0.7125 0.00390625 0.03046875
15 0.6265625 0.7140625 0.00625 0.0171875
1 0.52265625 0.71484375 0.00390625 0.0265625
15 0.840625 0.71640625 0.00625 0.015625
15 0.37421875 0.71796875 0.003125 0.0265625
15 0.4265625 0.7234375 0.003125 0.0265625
15 0.43203125 0.73984375 0.00390625 0.025
15 0.4265625 0.75390625 0.00390625 0.02890625
15 0.42265625 0.7546875 0.00390625 0.0265625
15 0.90859375 0.7578125 0.00390625 0.02578125
1 0.17578125 0.7625 0.00390625 0.025
1 0.171875 0.7625 0.00390625 0.02578125
15 0.1265625 0.76484375 0.0078125 0.02265625
15 0.5921875 0.7671875 0.00390625 0.02890625
1 0.1828125 0.76875 0.00859375 0.05078125
15 0.228125 0.76875 0.00703125 0.0171875
1 0.29765625 0.775 0.0078125 0.05234375
1 0.82890625 0.77890625 0.00390625 0.02734375
1 0.83359375 0.7796875 0.0046875 0.02578125
1 0.25703125 0.7796875 0.00390625 0.02578125
1 0.253125 0.78046875 0.003125 0.025
15 0.38046875 0.7828125 0.00390625 0.02734375
1 0.42734375 0.78359375 0.003125 0.028125
1 0.6234375 0.7859375 0.003125 0.02578125
1 0.628125 0.7875 0.003125 0.025
1 0.84140625 0.7890625 0.0078125 0.053125
1 0.40078125 0.79140625 0.003125 0.03046875
1 0.653125 0.7921875 0.00859375 0.05078125
15 0.7796875 0.79453125 0.00390625 0.025
1 0.809375 0.796875 0.00390625 0.0375
15 0.8046875 0.7984375 0.00390625 0.0328125
1 0.4875 0.80390625 0.00390625 0.03515625
1 0.453125 0.80546875 0.00390625 0.02734375
1 0.465625 0.80625 0.00390625 0.02890625
15 0.4828125 0.80703125 0.003125 0.02578125
1 0.45703125 0.80625 0.00390625 0.0296875
15 0.4609375 0.8078125 0.003125 0.02734375
1 0.4734375 0.80859375 0.00390625 0.02890625
1 0.47890625 0.80859375 0.00390625 0.02578125
15 0.41015625 0.81015625 0.003125 0.02578125
15 0.41875 0.8109375 0.00390625 0.025
15 0.40625 0.81171875 0.003125 0.025
15 0.41484375 0.8125 0.00390625 0.02578125
1 0.4234375 0.81171875 0.003125 0.02734375