16 0.67578125 0.0890625 0.0078125 0.0234375
16 0.6828125 0.08984375 0.0078125 0.01953125
16 0.7078125 0.090625 0.009375 0.021875
16 0.7203125 0.0921875 0.01015625 0.025
16 0.6421875 0.10625 0.01328125 0.02890625
16 0.84453125 0.07734375 0.0109375 0.0234375
2 0.878125 0.0921875 0.04296875 0.07421875
16 0.74609375 0.1171875 0.01015625 0.01171875
16 0.75078125 0.13125 0.01171875 0.015625
16 0.06875 0.2484375 0.0078125 0.0234375
16 0.0625 0.2515625 0.01015625 0.02890625
16 0.1890625 0.23515625 0.0125 0.03046875
16 0.2015625 0.23515625 0.01015625 0.02734375
2 0.72265625 0.15703125 0.05078125 0.0890625
2 0.559375 0.1875 0.01796875 0.040625
2 0.69453125 0.17734375 0.015625 0.021875
2 0.87890625 0.18828125 0.03984375 0.07890625
2 0.78828125 0.21171875 0.04765625 0.0875
2 0.8328125 0.2046875 0.04765625 0.090625
4 0.02265625 0.34375 0.040625 0.2234375
16 0.36328125 0.2921875 0.0125 0.02734375
2 0.3734375 0.29296875 0.01015625 0.0265625
2 0.07578125 0.35390625 0.01328125 0.01953125
2 0.078125 0.3984375 0.04453125 0.0828125
2 0.10859375 0.3984375 0.009375 0.025
16 0.15078125 0.4109375 0.0078125 0.0234375
16 0.15625 0.41171875 0.0078125 0.025
16 0.14765625 0.43125 0.0171875 0.0171875
16 0.2109375 0.43359375 0.01171875 0.03125
16 0.1484375 0.4453125 0.0140625 0.0140625
4 0.0984375 0.6109375 0.0484375 0.1953125
16 0.4359375 0.07890625 0.01171875 0.0234375
16 0.446875 0.07890625 0.0125 0.01796875
16 0.496875 0.0703125 0.0125 0.015625
16 0.47109375 0.07421875 0.01015625 0.01796875
16 0.46328125 0.07890625 0.0109375 0.01171875
16 0.49921875 0.08359375 0.0140625 0.015625
16 0.4203125 0.96640625 0.009375 0.025
16 0.42734375 0.965625 0.009375 0.02109375
16 0.43828125 0.96796875 0.0109375 0.0171875
16 0.78046875 0.06171875 0.01171875 0.03671875
16 0.825 0.0546875 0.0109375 0.03125
2 0.553125 0.103125 0.021875 0.03125
9 0.75078125 0.075 0.04140625 0.0875
20 0.690625 0.08515625 0.0125 0.015625