9 0.78515625 0.23828125 0.02578125 0.06484375
2 0.82578125 0.27421875 0.01796875 0.025
16 0.88203125 0.29296875 0.00859375 0.0390625
16 0.86953125 0.29375 0.0078125 0.0375
16 0.9140625 0.3015625 0.0078125 0.03125
2 0.20703125 0.21640625 0.009375 0.05546875
2 0.22265625 0.2203125 0.0109375 0.05390625
2 0.14765625 0.2171875 0.01171875 0.06328125
2 0.13125 0.21484375 0.01328125 0.06171875
16 0.828125 0.30703125 0.01171875 0.0171875
16 0.765625 0.30546875 0.0125 0.0171875
16 0.50703125 0.2734375 0.00625 0.0296875
2 0.79765625 0.31484375 0.00859375 0.0359375
16 0.51640625 0.2859375 0.0078125 0.0328125
16 0.87734375 0.34453125 0.01015625 0.0140625
16 0.6078125 0.3125 0.00859375 0.015625
16 0.76796875 0.33515625 0.0109375 0.0140625
16 0.546875 0.30703125 0.00546875 0.0359375
16 0.55625 0.3078125 0.0046875 0.034375
16 0.5875 0.3125 0.01015625 0.0125
16 0.6265625 0.31796875 0.0109375 0.0171875
16 0.6671875 0.33359375 0.0140625 0.0140625
2 0.6859375 0.3375 0.015625 0.021875
16 0.87890625 0.37109375 0.01171875 0.0171875
16 0.63671875 0.3390625 0.01328125 0.015625
16 0.48046875 0.321875 0.0140625 0.021875
16 0.578125 0.3359375 0.01015625 0.015625
16 0.59453125 0.340625 0.01015625 0.009375
16 0.61796875 0.34375 0.0140625 0.01875
9 0.91640625 0.3859375 0.021875 0.06953125
9 0.359375 0.32265625 0.12265625 0.184375
16 0.87734375 0.39375 0.0140625 0.0109375
9 0.1578125 0.30546875 0.03125 0.07578125
16 0.13671875 0.309375 0.00703125 0.04296875
2 0.87734375 0.41640625 0.00859375 0.0125
16 0.69609375 0.39453125 0.0125 0.015625
16 0.45703125 0.3828125 0.0140625 0.0234375
16 0.72109375 0.42109375 0.0140625 0.028125
16 0.69609375 0.4203125 0.01015625 0.0078125
2 0.740625 0.4265625 0.0140625 0.0234375
16 0.13515625 0.3734375 0.009375 0.04296875
16 0.16171875 0.378125 0.0078125 0.0359375
16 0.15 0.37734375 0.01015625 0.04296875
16 0.45546875 0.425 0.01171875 0.0203125
16 0.45625 0.45078125 0.0140625 0.01875
16 0.6734375 0.47890625 0.0078125 0.0328125
2 0.18203125 0.4375 0.0109375 0.06015625
2 0.20546875 0.44296875 0.0109375 0.05859375
2 0.22109375 0.46015625 0.00625 0.0390625
16 0.43203125 0.49609375 0.01015625 0.0109375
16 0.44765625 0.49921875 0.0109375 0.0171875
16 0.43203125 0.52109375 0.01171875 0.0171875
16 0.44765625 0.52578125 0.009375 0.0078125
16 0.0984375 0.484375 0.01171875 0.015625
16 0.1171875 0.48671875 0.01328125 0.0109375
16 0.21953125 0.5046875 0.00703125 0.03125
16 0.43125 0.54609375 0.0109375 0.015625
16 0.11640625 0.50625 0.01328125 0.021875
16 0.44765625 0.5484375 0.0078125 0.0109375
16 0.09921875 0.50625 0.01640625 0.01875
9 0.19921875 0.528125 0.02734375 0.06796875
16 0.44921875 0.5671875 0.01015625 0.0140625
9 0.7234375 0.60546875 0.071875 0.29140625
9 0.55859375 0.5859375 0.1578125 0.38828125
16 0.43125 0.5703125 0.009375 0.0140625
16 0.44765625 0.59375 0.00859375 0.0140625
16 0.43203125 0.59296875 0.0109375 0.009375
9 0.36640625 0.58828125 0.06875 0.1796875
16 0.4296875 0.61484375 0.0078125 0.009375
16 0.44609375 0.61796875 0.009375 0.015625
9 0.2796875 0.5953125 0.03984375 0.140625
16 0.09609375 0.575 0.0140625 0.0171875
2 0.1140625 0.57734375 0.0140625 0.015625
16 0.1890625 0.5875 0.01015625 0.04765625
2 0.17578125 0.59453125 0.0078125 0.05234375
2 0.159375 0.59375 0.01328125 0.06015625
16 0.428125 0.640625 0.01015625 0.0125
16 0.4453125 0.64296875 0.01015625 0.0140625
16 0.66328125 0.67265625 0.0125 0.0203125
16 0.4296875 0.65859375 0.0078125 0.0109375
16 0.44453125 0.66640625 0.00859375 0.0140625
16 0.42734375 0.68515625 0.0109375 0.0140625
16 0.44453125 0.690625 0.0078125 0.015625
16 0.440625 0.71171875 0.0078125 0.015625
16 0.290625 0.76171875 0.009375 0.05546875
16 0.30546875 0.765625 0.01015625 0.05703125
2 0.27578125 0.76328125 0.0109375 0.05546875
16 0.0546875 0.75546875 0.00859375 0.04921875
2 0.01953125 0.76875 0.0109375 0.04453125
16 0.765625 0.121875 0.0203125 0.0296875
2 0.46171875 0.1 0.0171875 0.0265625
9 0.82265625 0.15625 0.0171875 0.06171875
16 0.7640625 0.1546875 0.01875 0.021875
16 0.31171875 0.1 0.01015625 0.04453125