2 0.9828125 0.33828125 0.00390625 0.0078125
4 0.61484375 0.475 0.13671875 0.46875
2 0.2625 0.0859375 0.0109375 0.009375
2 0.18203125 0.1125 0.01171875 0.01015625
2 0.028125 0.67578125 0.02109375 0.03203125
2 0.9875 0.36015625 0.00390625 0.00859375
2 0.05625 0.6765625 0.0484375 0.06171875
16 0.4703125 0.55546875 0.00546875 0.01328125
16 0.44140625 0.565625 0.00703125 0.01484375
16 0.43125 0.5703125 0.00625 0.01484375
9 0.053125 0.159375 0.025 0.03984375
2 0.58828125 0.51953125 0.0125 0.0265625
16 0.93359375 0.40703125 0.0125 0.009375
16 0.93515625 0.415625 0.01171875 0.009375
2 0.03359375 0.7171875 0.025 0.05546875
16 0.43984375 0.5859375 0.00703125 0.015625
16 0.45078125 0.58125 0.00703125 0.01484375
16 0.44453125 0.58359375 0.00625 0.015625
16 0.434375 0.58828125 0.00859375 0.01796875
2 0.065625 0.72265625 0.05 0.0625
2 0.1703125 0.125 0.0109375 0.009375
2 0.9421875 0.45625 0.0109375 0.01015625
2 0.8734375 0.47890625 0.0125 0.009375
16 0.18984375 0.7109375 0.00703125 0.015625
16 0.184375 0.71328125 0.00703125 0.01484375
16 0.19609375 0.709375 0.00703125 0.015625
16 0.17890625 0.715625 0.00625 0.0140625
16 0.17265625 0.71796875 0.0078125 0.01640625
4 0.9578125 0.45 0.0828125 0.40234375
2 0.04375 0.7625 0.028125 0.0515625
4 0.696875 0.54453125 0.115625 0.40703125
4 0.79921875 0.5109375 0.034375 0.04375
4 0.76796875 0.52265625 0.1140625 0.40546875
4 0.90625 0.4765625 0.11796875 0.41015625
4 0.83671875 0.5015625 0.115625 0.40546875
16 0.18203125 0.73046875 0.00703125 0.015625
16 0.1875 0.7296875 0.00703125 0.015625
2 0.0765625 0.7671875 0.04921875 0.06015625
16 0.1984375 0.7265625 0.00625 0.01484375
16 0.19375 0.728125 0.00625 0.01484375
2 0.6 0.59296875 0.00546875 0.01328125
16 0.5546875 0.609375 0.00625 0.01328125
16 0.5375 0.61484375 0.00625 0.01484375
16 0.5421875 0.61328125 0.00703125 0.01328125
2 0.5875 0.5984375 0.00625 0.01484375
2 0.5953125 0.5953125 0.00703125 0.0140625
2 0.58359375 0.6 0.00546875 0.0109375
16 0.55 0.61171875 0.00625 0.0140625
16 0.0078125 0.18203125 0.0078125 0.015625
20 0.1515625 0.134375 0.0328125 0.046875
16 0.8 0.53359375 0.01171875 0.01015625
16 0.9484375 0.4859375 0.0125 0.009375
2 0.003125 0.184375 0.00625 0.015625
16 0.01328125 0.18125 0.00625 0.01328125
16 0.60390625 0.61015625 0.00703125 0.0140625
16 0.5578125 0.6265625 0.00703125 0.015625
16 0.59921875 0.61171875 0.00703125 0.01484375
16 0.540625 0.6328125 0.00625 0.0140625
16 0.553125 0.628125 0.00625 0.01328125
16 0.57734375 0.6203125 0.00546875 0.0140625
16 0.56171875 0.62578125 0.00703125 0.015625
16 0.57265625 0.621875 0.00625 0.01328125
16 0.59140625 0.615625 0.00625 0.0125
16 0.54453125 0.63203125 0.00625 0.01328125
16 0.5359375 0.634375 0.00703125 0.015625
16 0.5875 0.61796875 0.00703125 0.0140625
16 0.8671875 0.528125 0.01171875 0.01015625
2 0.025 0.17890625 0.021875 0.028125
2 0.1828125 0.765625 0.00546875 0.01484375
16 0.17890625 0.7671875 0.00703125 0.01484375
2 0.05546875 0.81171875 0.0328125 0.05546875
2 0.2203125 0.75703125 0.01171875 0.009375
16 0.53828125 0.6578125 0.01171875 0.009375
16 0.2234375 0.76328125 0.01328125 0.0109375
9 0.2015625 0.7734375 0.034375 0.0453125
2 0.184375 0.12734375 0.0125 0.0109375
9 0.22734375 0.11484375 0.0546875 0.08671875
16 0.60546875 0.64140625 0.0109375 0.00859375
16 0.53984375 0.66484375 0.01328125 0.009375
16 0.25234375 0.10546875 0.0125 0.009375
16 0.60703125 0.6484375 0.01171875 0.0109375
16 0.540625 0.671875 0.0125 0.009375
2 0.52890625 0.67578125 0.01171875 0.009375
9 0.57578125 0.66484375 0.06484375 0.06875
16 0.6078125 0.6546875 0.009375 0.00703125
16 0.8890625 0.56171875 0.0125 0.01015625
16 0.54296875 0.67890625 0.0109375 0.009375
16 0.46875 0.7046875 0.00703125 0.01484375
16 0.4796875 0.7015625 0.00703125 0.01484375
16 0.45859375 0.70859375 0.00703125 0.01640625
16 0.4640625 0.70703125 0.00625 0.0140625
16 0.47421875 0.70390625 0.00703125 0.01484375
16 0.8734375 0.5703125 0.009375 0.009375
16 0.484375 0.70078125 0.00703125 0.015625
16 0.95859375 0.54296875 0.01171875 0.01015625
2 0.53125 0.68984375 0.01171875 0.009375
16 0.54296875 0.68671875 0.0109375 0.009375
16 0.6109375 0.66953125 0.009375 0.0078125
16 0.54453125 0.69453125 0.01015625 0.00859375
2 0.39921875 0.74296875 0.0328125 0.0421875
2 0.45625 0.72578125 0.00703125 0.01484375
2 0.44609375 0.7296875 0.00703125 0.015625
16 0.6125 0.67578125 0.01171875 0.009375
16 0.62265625 0.6734375 0.01171875 0.009375
16 0.434375 0.73828125 0.0109375 0.009375
16 0.534375 0.7046875 0.0125 0.009375
16 0.54609375 0.70078125 0.01015625 0.0078125
2 0.1734375 0.13515625 0.01171875 0.009375
2 0.82421875 0.61171875 0.01015625 0.01953125
16 0.4234375 0.74921875 0.0109375 0.009375
16 0.43515625 0.74609375 0.01171875 0.01015625
16 0.546875 0.70859375 0.009375 0.0078125
16 0.5359375 0.71328125 0.01171875 0.009375
16 0.425 0.75703125 0.01171875 0.00859375
16 0.4265625 0.765625 0.01015625 0.00859375
2 0.60625 0.7078125 0.00546875 0.01484375
2 0.5890625 0.7140625 0.00703125 0.01484375
2 0.60234375 0.71015625 0.00859375 0.01640625
20 0.1515625 0.8609375 0.06171875 0.06640625
2 0.59453125 0.71328125 0.00859375 0.015625
20 0.2125 0.8421875 0.06796875 0.0703125
16 0.19921875 0.13046875 0.01015625 0.0078125
20 0.27578125 0.821875 0.0671875 0.07109375
2 0.334375 0.80546875 0.059375 0.08125
16 0.4296875 0.78203125 0.01015625 0.009375
16 0.4421875 0.78359375 0.01171875 0.009375
4 0.4125 0.06171875 0.20625 0.10546875
16 0.4328125 0.79765625 0.01171875 0.009375
16 0.434375 0.8046875 0.01171875 0.0109375
2 0.0515625 0.18359375 0.0125 0.009375
2 0.7609375 0.7125 0.0234375 0.03203125
20 0.290625 0.88125 0.05390625 0.0640625
20 0.15859375 0.92578125 0.0671875 0.07109375
2 0.18671875 0.14140625 0.01015625 0.01015625
20 0.22578125 0.90390625 0.0703125 0.07109375
2 0.39375 0.8515625 0.06015625 0.0796875
16 0.8953125 0.6875 0.00625 0.01484375
2 0.91484375 0.68046875 0.00625 0.01328125
16 0.91015625 0.6828125 0.00546875 0.01328125
16 0.9 0.68671875 0.00546875 0.01328125
2 0.90546875 0.68515625 0.00546875 0.01171875
16 0.2 0.13671875 0.01171875 0.009375
2 0.3484375 0.87578125 0.05859375 0.08984375
16 0.48984375 0.834375 0.01015625 0.00859375
16 0.59140625 0.80234375 0.00625 0.01484375
16 0.12265625 0.959375 0.00859375 0.01640625
16 0.5859375 0.8046875 0.00703125 0.0140625
2 0.54296875 0.8203125 0.028125 0.03828125
2 0.5796875 0.80703125 0.00546875 0.0140625
2 0.596875 0.8015625 0.00703125 0.01484375
2 0.26875 0.115625 0.0125 0.01015625
2 0.13046875 0.95859375 0.00703125 0.015625
16 0.88984375 0.70859375 0.00546875 0.0125
16 0.9046875 0.70390625 0.00625 0.015625
16 0.8859375 0.7109375 0.00625 0.01484375
16 0.89453125 0.70859375 0.00546875 0.01328125
16 0.25625 0.1203125 0.01328125 0.0109375
16 0.87109375 0.715625 0.00703125 0.015625
16 0.88125 0.7125 0.00546875 0.0140625
16 0.9109375 0.70234375 0.00703125 0.015625
16 0.8765625 0.7140625 0.00625 0.01484375
16 0.865625 0.71796875 0.00625 0.01328125
16 0.89921875 0.70703125 0.00546875 0.0140625
16 0.78515625 0.75234375 0.00703125 0.01640625
2 0.7890625 0.75078125 0.00703125 0.015625
16 0.79453125 0.75 0.00703125 0.015625
16 0.5015625 0.8484375 0.01015625 0.00859375
16 0.51328125 0.84453125 0.01015625 0.0078125
16 0.490625 0.8515625 0.01015625 0.0078125
16 0.8515625 0.7328125 0.0109375 0.009375
16 0.628125 0.81328125 0.00625 0.01484375
16 0.6234375 0.81484375 0.00703125 0.01484375
16 0.634375 0.81171875 0.00703125 0.015625
2 0.934375 0.71171875 0.00859375 0.01796875
16 0.903125 0.72265625 0.00546875 0.01171875
2 0.6609375 0.80390625 0.00703125 0.01484375
2 0.66875 0.8015625 0.00546875 0.01328125
16 0.9453125 0.70859375 0.00625 0.0140625
2 0.89921875 0.72421875 0.00625 0.01328125
2 0.115625 0.98671875 0.00703125 0.01640625
16 0.91328125 0.7203125 0.00703125 0.015625
2 0.8734375 0.73359375 0.00546875 0.01328125
2 0.92890625 0.715625 0.00625 0.01484375
16 0.890625 0.728125 0.00625 0.01328125
16 0.940625 0.7109375 0.00625 0.01484375
2 0.87734375 0.73203125 0.00703125 0.01484375
2 0.8859375 0.7296875 0.00546875 0.0140625
2 0.9171875 0.71875 0.00546875 0.0140625
2 0.88203125 0.73046875 0.00546875 0.01328125
2 0.8953125 0.72578125 0.00625 0.0125
2 0.9078125 0.72265625 0.00546875 0.01171875
16 0.68046875 0.803125 0.00703125 0.01484375
16 0.815625 0.7609375 0.0125 0.01015625
16 0.7609375 0.7828125 0.01171875 0.01015625
16 0.190625 0.975 0.00703125 0.015625
9 0.9796875 0.7078125 0.0390625 0.10234375
16 0.81796875 0.77109375 0.01171875 0.01171875
2 0.7328125 0.8015625 0.00703125 0.015625
16 0.72734375 0.80390625 0.0078125 0.01640625
9 0.134375 0.98828125 0.03203125 0.021875
16 0.7109375 0.81015625 0.01171875 0.009375
2 0.6734375 0.82265625 0.00546875 0.01328125
16 0.56015625 0.86171875 0.01015625 0.0078125
2 0.54921875 0.865625 0.01015625 0.00859375
16 0.57109375 0.8578125 0.0109375 0.009375
16 0.59921875 0.85078125 0.01171875 0.009375
16 0.6109375 0.846875 0.01015625 0.00859375
16 0.81953125 0.778125 0.01171875 0.01015625
2 0.35859375 0.93359375 0.028125 0.0390625
16 0.7125 0.8171875 0.01015625 0.0078125
2 0.61171875 0.8546875 0.0109375 0.00859375
2 0.17109375 0.1546875 0.0296875 0.03984375
16 0.20078125 0.14375 0.01171875 0.009375
2 0.10625 0.17578125 0.02890625 0.040625
16 0.765625 0.80703125 0.01171875 0.01015625
16 0.71328125 0.825 0.0109375 0.009375
2 0.75234375 0.81171875 0.01171875 0.01015625
2 0.0140625 0.20859375 0.028125 0.0515625
2 0.18828125 0.1484375 0.01015625 0.009375
2 0.61328125 0.8625 0.0109375 0.009375
16 0.7671875 0.81484375 0.0109375 0.009375
16 0.7140625 0.83203125 0.01015625 0.00859375
2 0.7546875 0.81953125 0.01171875 0.01015625
2 0.603125 0.87421875 0.01015625 0.0078125
16 0.61484375 0.8703125 0.0109375 0.009375
16 0.71640625 0.8390625 0.0109375 0.009375
16 0.82734375 0.80234375 0.00625 0.01328125
2 0.2703125 0.12265625 0.0125 0.01015625
16 0.25703125 0.1265625 0.01328125 0.01015625
16 0.821875 0.803125 0.0078125 0.01328125
2 0.75546875 0.82734375 0.01171875 0.009375
16 0.61640625 0.87734375 0.01171875 0.01015625
2 0.6046875 0.88125 0.01015625 0.0078125
16 0.03984375 0.2 0.00625 0.01328125
16 0.04609375 0.1984375 0.00859375 0.015625
9 0.69296875 0.853125 0.0453125 0.06015625
2 0.71796875 0.8453125 0.0109375 0.01015625
9 0.91796875 0.778125 0.1015625 0.1171875
16 0.83046875 0.815625 0.00703125 0.015625
16 0.71796875 0.853125 0.01171875 0.009375
16 0.82421875 0.81796875 0.00859375 0.01640625
2 0.75078125 0.85703125 0.01171875 0.009375
16 0.9984375 0.78671875 0.00234375 0.01484375
16 0.9953125 0.78828125 0.0078125 0.015625
16 0.6703125 0.8984375 0.01015625 0.0078125
2 0.7234375 0.88203125 0.00546875 0.01328125
2 0.6796875 0.896875 0.00546875 0.01328125
2 0.71875 0.88359375 0.00546875 0.0140625
2 0.728125 0.88046875 0.00625 0.0140625
2 0.71015625 0.88671875 0.00546875 0.0140625
2 0.71484375 0.88515625 0.00625 0.01484375
2 0.68671875 0.89453125 0.009375 0.01875
2 0.70625 0.88828125 0.00625 0.0125
2 0.69296875 0.8921875 0.00625 0.0140625
2 0.696875 0.89140625 0.00546875 0.0125
2 0.70078125 0.8890625 0.00546875 0.01171875
16 0.6484375 0.91328125 0.01015625 0.009375
2 0.9515625 0.8171875 0.01015625 0.0078125
2 0.8953125 0.83671875 0.01171875 0.0109375
16 0.65 0.9203125 0.01015625 0.00859375
16 0.63984375 0.9234375 0.01171875 0.009375
16 0.20234375 0.1515625 0.0109375 0.009375
2 0.18984375 0.15546875 0.0125 0.01171875
16 0.52109375 0.046875 0.01328125 0.01171875
2 0.27109375 0.1296875 0.01328125 0.01015625
16 0.25859375 0.134375 0.01328125 0.0109375
2 0.27265625 0.1375 0.0109375 0.00859375
16 0.26015625 0.14140625 0.01328125 0.0109375
2 0.4234375 0.1015625 0.03984375 0.05390625
16 0.21484375 0.184375 0.00859375 0.01796875
16 0.20859375 0.1875 0.0078125 0.015625
16 0.6328125 0.05859375 0.00859375 0.01796875
2 0.65625 0.0515625 0.00625 0.0140625
16 0.63359375 0.06015625 0.00703125 0.01484375
2 0.65 0.05390625 0.00703125 0.01640625
16 0.57421875 0.0796875 0.00859375 0.015625
4 0.25 0.20703125 0.5 0.22421875
2 0.6890625 0.0515625 0.01015625 0.009375
2 0.67578125 0.05625 0.01171875 0.00859375
16 0.84453125 0.00390625 0.00703125 0.0078125
16 0.67734375 0.06328125 0.01171875 0.009375
2 0.69140625 0.065625 0.0109375 0.009375
16 0.678125 0.0703125 0.01171875 0.009375
2 0.5453125 0.115625 0.0109375 0.009375
16 0.6921875 0.07265625 0.01015625 0.0078125
16 0.6796875 0.07734375 0.0125 0.0109375
2 0.559375 0.11875 0.0125 0.009375
2 0.69375 0.08046875 0.01171875 0.01015625
16 0.8484375 0.0390625 0.0078125 0.01640625
16 0.83984375 0.0421875 0.00703125 0.015625
4 0.25859375 0.246875 0.5171875 0.2296875
16 0.8921875 0.0296875 0.01171875 0.009375
16 0.903125 0.0265625 0.0109375 0.009375
2 0.55 0.1453125 0.01015625 0.00859375
2 0.5515625 0.15234375 0.01171875 0.009375
9 0.628125 0.1453125 0.1203125 0.159375
2 0.5203125 0.18984375 0.0171875 0.01484375
4 0.2609375 0.2921875 0.52109375 0.23671875
16 0.69375 0.1546875 0.01015625 0.00859375
16 0.69453125 0.1609375 0.01171875 0.00859375
2 0.6953125 0.16640625 0.0109375 0.009375
2 0.696875 0.17265625 0.01171875 0.01015625
16 0.36328125 0.28828125 0.00703125 0.01484375
16 0.36875 0.2875 0.00703125 0.015625
16 0.6984375 0.1796875 0.01328125 0.0109375
16 0.3375 0.3 0.00703125 0.01484375
16 0.34765625 0.29609375 0.00703125 0.015625
16 0.33359375 0.30234375 0.00625 0.01328125
16 0.34375 0.29921875 0.00546875 0.0140625
20 0.53984375 0.23515625 0.01640625 0.021875
2 0.4625 0.2625 0.02578125 0.0359375
2 0.015625 0.4125 0.03125 0.05078125
2 0.69921875 0.18671875 0.01015625 0.00859375
2 0.6 0.22734375 0.0109375 0.009375
2 0.6125 0.221875 0.01015625 0.009375
16 0.33671875 0.3171875 0.0078125 0.01484375
16 0.3328125 0.31875 0.00703125 0.01484375
2 0.5515625 0.246875 0.01171875 0.009375
16 0.34140625 0.3171875 0.00703125 0.015625
16 0.34609375 0.315625 0.00703125 0.015625
16 0.34921875 0.31484375 0.00703125 0.015625
16 0.67109375 0.21015625 0.00703125 0.01484375
16 0.665625 0.2125 0.0078125 0.01484375
16 0.67578125 0.209375 0.00546875 0.0140625
16 0.68125 0.2078125 0.0078125 0.01484375
16 0.65234375 0.2171875 0.00546875 0.015625
16 0.640625 0.221875 0.00703125 0.015625
16 0.659375 0.215625 0.00859375 0.0171875
16 0.61484375 0.23046875 0.01171875 0.00859375
16 0.60234375 0.234375 0.01171875 0.00859375
16 0.69296875 0.20390625 0.0078125 0.015625
16 0.6859375 0.20703125 0.0078125 0.01640625
2 0.64609375 0.21953125 0.00703125 0.015625
16 0.6359375 0.22421875 0.00703125 0.01640625
2 0.603125 0.240625 0.009375 0.00859375
2 0.45625 0.28984375 0.00625 0.01328125
2 0.615625 0.2375 0.01015625 0.0078125
2 0.4171875 0.30390625 0.0375 0.05078125
2 0.00625 0.44921875 0.01171875 0.0296875
2 0.6171875 0.24375 0.01171875 0.01015625
16 0.259375 0.0671875 0.01171875 0.00625
16 0.67421875 0.22734375 0.00625 0.01328125
2 0.67890625 0.22578125 0.00625 0.015625
2 0.65390625 0.23359375 0.00703125 0.015625
16 0.66875 0.22890625 0.00703125 0.015625
16 0.68984375 0.22265625 0.0078125 0.015625
16 0.6625 0.23125 0.00703125 0.015625
16 0.6953125 0.2203125 0.00859375 0.015625
16 0.684375 0.225 0.00859375 0.01640625
16 0.19140625 0.0890625 0.0109375 0.00546875
2 0.5375 0.278125 0.0375 0.04921875
2 0.46015625 0.30625 0.00546875 0.0125
4 0.4078125 0.0359375 0.20390625 0.071875
2 0.178125 0.09375 0.01015625 0.00625
20 0.5015625 0.3015625 0.034375 0.05703125
2 0.6921875 0.23828125 0.00703125 0.01484375
2 0.69765625 0.23671875 0.00703125 0.015625
2 0.68125 0.2421875 0.00703125 0.015625
16 0.46796875 0.31875 0.01171875 0.009375
16 0.46953125 0.32578125 0.01015625 0.00859375
2 0.4515625 0.3328125 0.0125 0.025
2 0.671875 0.259375 0.0078125 0.015625
2 0.52734375 0.3109375 0.01953125 0.01796875
2 0.471875 0.34140625 0.01171875 0.00859375
20 0.00859375 0.16171875 0.0171875 0.0296875
2 0.67578125 0.27578125 0.00703125 0.01484375
16 0.70546875 0.26640625 0.01171875 0.009375
16 0.72265625 0.26171875 0.01171875 0.009375
16 0.14921875 0.1078125 0.00625 0.0125
16 0.15546875 0.10625 0.00703125 0.01328125
2 0.13828125 0.11171875 0.00703125 0.0125
2 0.4859375 0.35 0.0109375 0.009375
2 0.13203125 0.1140625 0.00703125 0.01328125
2 0.14375 0.11015625 0.00625 0.0125
16 0.2484375 0.075 0.0140625 0.01171875
9 0.5203125 0.359375 0.03359375 0.03671875
2 0.16796875 0.103125 0.01171875 0.01015625
16 0.26015625 0.071875 0.01328125 0.0109375
2 0.490625 0.37265625 0.01015625 0.0078125
2 0.271875 0.06796875 0.01171875 0.009375
16 0.1921875 0.09453125 0.0125 0.01015625
2 0.49296875 0.3796875 0.01015625 0.009375
16 0.5296875 0.3828125 0.00703125 0.015625
2 0.53515625 0.38203125 0.00625 0.0140625
2 0.51875 0.3875 0.00546875 0.015625
16 0.52421875 0.3859375 0.00703125 0.0140625
9 0.0453125 0.5484375 0.04375 0.053125
16 0.49609375 0.396875 0.0109375 0.009375
2 0.509375 0.40078125 0.01015625 0.00859375
16 0.49765625 0.4046875 0.01171875 0.009375
2 0.03046875 0.15546875 0.028125 0.03359375
2 0.4984375 0.4109375 0.01171875 0.009375
2 0.51015625 0.4078125 0.01171875 0.01015625
2 0.55234375 0.39921875 0.03828125 0.0515625
2 0.9109375 0.28828125 0.01171875 0.009375
2 0.57109375 0.40703125 0.01015625 0.00859375
16 0.50234375 0.43203125 0.009375 0.00625
16 0.91328125 0.2953125 0.01171875 0.009375
16 0.503125 0.43984375 0.01171875 0.0109375
2 0.515625 0.4359375 0.01328125 0.01171875
16 0.9140625 0.30234375 0.0109375 0.00859375
2 0.18046875 0.10625 0.01015625 0.00859375
16 0.2625 0.0796875 0.01171875 0.01015625
2 0.27421875 0.075 0.0109375 0.009375
16 0.19375 0.10234375 0.01171875 0.01015625
16 0.30078125 0.52734375 0.00703125 0.01484375
16 0.29453125 0.53046875 0.00546875 0.01484375
16 0.284375 0.53359375 0.00703125 0.01484375
16 0.28984375 0.5328125 0.00703125 0.0140625
2 0.02265625 0.62734375 0.0203125 0.02734375
2 0.0484375 0.62578125 0.046875 0.05859375
20 0.56171875 0.4546875 0.0375 0.05390625
2 0.921875 0.3421875 0.0109375 0.009375
2 0.853125 0.3671875 0.0109375 0.009375
2 0.021875 0.6515625 0.02109375 0.0265625