15 0.79921875 0.15859375 0.01328125 0.03125
2 0.2890625 0.0109375 0.01796875 0.02109375
16 0.784375 0.1625 0.02421875 0.0296875
9 0.42421875 0.05390625 0.0265625 0.046875
16 0.403125 0.0515625 0.01796875 0.01875
2 0.9234375 0.21875 0.01484375 0.028125
16 0.746875 0.1734375 0.0125 0.025
16 0.71796875 0.16484375 0.015625 0.01953125
2 0.69375 0.1640625 0.015625 0.02890625
9 0.89375 0.2265625 0.05234375 0.0671875
2 0.93203125 0.23984375 0.02265625 0.1171875
2 0.70546875 0.1828125 0.01953125 0.0234375
9 0.8390625 0.2265625 0.065625 0.12890625
16 0.14453125 0.0171875 0.0109375 0.0203125
16 0.6890625 0.1828125 0.0125 0.01484375
9 0.2140625 0.040625 0.01640625 0.0328125
16 0.91796875 0.2546875 0.01640625 0.03125
22 0.64609375 0.1828125 0.09140625 0.18046875
2 0.6875 0.20625 0.015625 0.0390625
2 0.60625 0.18359375 0.01171875 0.0109375
9 0.28515625 0.0875 0.02421875 0.04140625
2 0.2203125 0.071875 0.009375 0.02578125
2 0.5859375 0.18359375 0.02265625 0.04921875
2 0.98203125 0.303125 0.01640625 0.0234375
2 0.209375 0.06953125 0.0140625 0.02578125
16 0.71796875 0.23046875 0.0140625 0.028125
2 0.55078125 0.1796875 0.01953125 0.0359375
2 0.696875 0.225 0.0125 0.0296875
2 0.903125 0.2890625 0.02421875 0.0578125
16 0.94296875 0.30234375 0.00859375 0.015625
2 0.959375 0.30703125 0.01328125 0.015625
2 0.60390625 0.20078125 0.0078125 0.0125
2 0.56640625 0.19140625 0.01328125 0.01875
2 0.8140625 0.27578125 0.06015625 0.03203125
2 0.15859375 0.078125 0.01484375 0.01875
2 0.27734375 0.11875 0.01484375 0.0203125
2 0.55078125 0.20390625 0.01171875 0.0203125
2 0.69375 0.2484375 0.00703125 0.0171875
2 0.70625 0.253125 0.01796875 0.02734375
16 0.9296875 0.3234375 0.0140625 0.02578125
2 0.57109375 0.21484375 0.01328125 0.03359375
16 0.97734375 0.3390625 0.01953125 0.0578125
2 0.6015625 0.2265625 0.0171875 0.02578125
16 0.2453125 0.1203125 0.0515625 0.0390625
16 0.13125 0.08828125 0.0078125 0.01640625
16 0.4890625 0.20078125 0.0109375 0.0234375
2 0.5828125 0.23046875 0.01953125 0.05625
16 0.1 0.08515625 0.0078125 0.02265625
15 0.73046875 0.27578125 0.021875 0.0234375
2 0.06796875 0.078125 0.00859375 0.01875
16 0.5484375 0.22421875 0.0125 0.02265625
2 0.49921875 0.21171875 0.0171875 0.0375
2 0.9453125 0.34765625 0.03125 0.02421875
2 0.51171875 0.2171875 0.0171875 0.03125
2 0.1890625 0.11875 0.0234375 0.05546875
16 0.1296875 0.1015625 0.0078125 0.01171875
2 0.596875 0.25234375 0.01875 0.04375
16 0.71640625 0.29140625 0.01015625 0.0171875
16 0.06796875 0.0953125 0.009375 0.0203125
15 0.74375 0.3015625 0.01640625 0.02421875
2 0.97421875 0.3734375 0.0171875 0.02109375
2 0.12421875 0.11875 0.0171875 0.02578125
16 0.88828125 0.35078125 0.034375 0.06796875
16 0.97109375 0.3921875 0.01875 0.0296875
16 0.81484375 0.34765625 0.03515625 0.0390625
16 0.125 0.13984375 0.00703125 0.01640625
2 0.59375 0.28359375 0.00859375 0.0125
2 0.29375 0.1984375 0.0078125 0.0203125
16 0.309375 0.203125 0.01953125 0.02265625
16 0.48515625 0.25703125 0.01171875 0.01328125
2 0.49765625 0.2609375 0.01328125 0.01640625
2 0.365625 0.22265625 0.009375 0.0203125
16 0.1046875 0.14375 0.01015625 0.0234375
16 0.50859375 0.265625 0.009375 0.01484375
16 0.06796875 0.13359375 0.00703125 0.01875
16 0.37890625 0.22890625 0.01953125 0.02265625
16 0.59140625 0.29609375 0.0109375 0.0203125
2 0.48515625 0.2671875 0.0140625 0.01328125
2 0.96484375 0.41640625 0.01171875 0.02421875
16 0.49609375 0.27578125 0.01015625 0.02109375
2 0.5890625 0.31484375 0.0109375 0.02109375
2 0.60078125 0.32265625 0.0109375 0.01171875
2 0.12265625 0.18125 0.02578125 0.03125
16 0.48125 0.290625 0.0171875 0.04453125
16 0.51796875 0.3109375 0.0203125 0.028125
16 0.503125 0.30703125 0.01328125 0.04453125
9 0.44296875 0.29296875 0.065625 0.07578125
16 0.37890625 0.30859375 0.01640625 0.0203125
16 0.51796875 0.35234375 0.0140625 0.02421875
16 0.53203125 0.35859375 0.0109375 0.02109375
2 0.3765625 0.32421875 0.0171875 0.02421875
16 0.5140625 0.371875 0.01328125 0.02109375
16 0.53359375 0.37890625 0.01328125 0.02109375
2 0.52265625 0.3765625 0.0046875 0.01953125
16 0.55 0.40078125 0.03203125 0.025
16 0.5265625 0.39453125 0.0125 0.02109375
2 0.515625 0.3921875 0.01640625 0.01875
2 0.51015625 0.40390625 0.01328125 0.02109375
16 0.78671875 0.48984375 0.0125 0.01640625
16 0.81328125 0.4984375 0.00859375 0.01875
2 0.525 0.4109375 0.0078125 0.01953125
2 0.8 0.49453125 0.01328125 0.0203125
16 0.5171875 0.40859375 0.0046875 0.015625
16 0.5421875 0.41640625 0.03515625 0.02578125
22 0.44375 0.3875 0.14375 0.175
16 0.834375 0.5296875 0.01171875 0.03671875
16 0.81953125 0.52734375 0.01328125 0.02421875
16 0.7921875 0.51953125 0.0171875 0.01875
2 0.77890625 0.51640625 0.0046875 0.015625
9 0.15703125 0.32890625 0.0546875 0.04921875
2 0.78984375 0.53515625 0.03515625 0.02734375
9 0.8625 0.571875 0.04609375 0.0640625
16 0.78359375 0.55078125 0.01484375 0.0203125
2 0.7984375 0.55703125 0.01640625 0.03125
2 0.2 0.375 0.0203125 0.02734375
16 0.8140625 0.56640625 0.01875 0.04375
2 0.11484375 0.35546875 0.0203125 0.02265625
2 0.68359375 0.5375 0.01640625 0.02109375
2 0.19609375 0.3953125 0.01640625 0.01953125
16 0.15859375 0.3859375 0.01015625 0.0203125
2 0.1125 0.3734375 0.01875 0.01953125
16 0.146875 0.38359375 0.00625 0.01953125
16 0.15234375 0.38515625 0.00546875 0.01640625
2 0.1734375 0.3921875 0.00703125 0.0171875
2 0.134375 0.38125 0.00703125 0.01875
16 0.1671875 0.3921875 0.00859375 0.01875
15 0.6765625 0.55 0.02109375 0.02265625
2 0.7 0.55703125 0.01796875 0.02890625
2 0.7203125 0.56328125 0.0109375 0.02890625
2 0.11171875 0.3875 0.01484375 0.01640625
2 0.7375 0.58125 0.01640625 0.02578125
16 0.6421875 0.55546875 0.01328125 0.04375
9 0.58515625 0.5390625 0.02578125 0.04140625
15 0.70234375 0.57578125 0.025 0.0203125
2 0.17578125 0.41875 0.00625 0.01484375
2 0.18359375 0.4234375 0.00625 0.0171875
2 0.1875 0.4265625 0.0046875 0.015625
2 0.68046875 0.57578125 0.00703125 0.015625
2 0.76953125 0.6078125 0.02578125 0.0578125
2 0.75234375 0.609375 0.0109375 0.0203125
2 0.7234375 0.60234375 0.01328125 0.0234375
16 0.7953125 0.625 0.0109375 0.02734375
2 0.17734375 0.440625 0.01328125 0.0203125
15 0.6796875 0.59375 0.01015625 0.025
2 0.8 0.63203125 0.009375 0.02109375
16 0.10078125 0.421875 0.01015625 0.02578125
2 0.11015625 0.4265625 0.01015625 0.0234375
16 0.65234375 0.59375 0.03125 0.0375
9 0.85625 0.65546875 0.05703125 0.0671875
2 0.1734375 0.4609375 0.015625 0.0203125
9 0.1921875 0.4765625 0.0203125 0.040625
2 0.103125 0.45 0.01953125 0.0203125
2 0.73046875 0.6515625 0.0484375 0.04765625
2 0.1703125 0.4890625 0.00859375 0.01875
2 0.1015625 0.46796875 0.0171875 0.01953125
16 0.63828125 0.6328125 0.02578125 0.02890625
2 0.771875 0.675 0.015625 0.0484375
2 0.15390625 0.49140625 0.01953125 0.02265625
2 0.11953125 0.48359375 0.01484375 0.01953125
2 0.71484375 0.6671875 0.0078125 0.00859375
16 0.72890625 0.671875 0.015625 0.015625
2 0.74375 0.68671875 0.01640625 0.0375
2 0.16640625 0.5125 0.01171875 0.0296875
16 0.71328125 0.67890625 0.015625 0.01875
2 0.72734375 0.68828125 0.0140625 0.02109375
2 0.09375 0.49765625 0.0109375 0.02421875
16 0.146875 0.51484375 0.0125 0.02734375
16 0.134375 0.5109375 0.0109375 0.02734375
16 0.11015625 0.50390625 0.01015625 0.0234375
2 0.57109375 0.6453125 0.0375 0.05234375
9 0.803125 0.73125 0.05546875 0.0859375
22 0.66796875 0.69453125 0.0359375 0.05390625
16 0.93828125 0.7875 0.01484375 0.02109375
16 0.74609375 0.7296875 0.0140625 0.03515625
2 0.959375 0.7953125 0.0265625 0.02734375
2 0.91484375 0.78359375 0.03203125 0.03125
22 0.61875 0.703125 0.0296875 0.0484375
22 0.71953125 0.7375 0.03984375 0.0640625
16 0.63828125 0.71875 0.01328125 0.01875
22 0.665625 0.728125 0.028125 0.03359375
9 0.16796875 0.578125 0.028125 0.04921875
2 0.74375 0.7578125 0.01328125 0.025
2 0.10859375 0.58125 0.009375 0.02578125
2 0.08359375 0.57421875 0.009375 0.02578125
2 0.11796875 0.58515625 0.0125 0.02734375
2 0.0953125 0.57890625 0.015625 0.0359375
2 0.13046875 0.5890625 0.01328125 0.02734375
2 0.1421875 0.5953125 0.0125 0.025
22 0.66484375 0.75859375 0.02578125 0.03984375
22 0.61484375 0.74453125 0.03203125 0.05
2 0.6375 0.7515625 0.02578125 0.05234375
9 0.90546875 0.83359375 0.05703125 0.1
22 0.95 0.85078125 0.0421875 0.10234375
2 0.5671875 0.74140625 0.04375 0.06015625
9 0.859375 0.83515625 0.04609375 0.08203125
2 0.78203125 0.81171875 0.01171875 0.01328125
15 0.675 0.78515625 0.0265625 0.03359375
2 0.15078125 0.63046875 0.0078125 0.0203125
16 0.15703125 0.63359375 0.0078125 0.02109375
2 0.1625 0.63515625 0.00625 0.01640625
2 0.65625 0.78515625 0.0171875 0.02890625
15 0.78125 0.828125 0.0109375 0.0203125
2 0.753125 0.821875 0.01875 0.0203125
2 0.64453125 0.80390625 0.02109375 0.02734375
15 0.7640625 0.84140625 0.04375 0.02890625
2 0.153125 0.6609375 0.02265625 0.03515625
2 0.56796875 0.7875 0.03828125 0.04296875
2 0.91328125 0.9 0.0171875 0.02734375
16 0.89765625 0.8984375 0.0109375 0.025
2 0.95390625 0.915625 0.00859375 0.02890625
16 0.946875 0.9140625 0.0109375 0.0203125
16 0.1234375 0.6921875 0.01015625 0.025
16 0.1375 0.696875 0.01015625 0.02578125
16 0.1484375 0.70078125 0.0109375 0.02421875
16 0.07890625 0.68203125 0.01015625 0.025
16 0.0890625 0.68515625 0.0125 0.02734375
16 0.11484375 0.69453125 0.00703125 0.01875
16 0.06953125 0.68203125 0.01328125 0.02265625
2 0.875 0.16875 0.01328125 0.03515625
2 0.9015625 0.18125 0.0078125 0.0171875
2 0.71015625 0.128125 0.04921875 0.05