4 0.09140625 0.23125 0.1828125 0.221875
4 0.21484375 0.18515625 0.06953125 0.18125
4 0.70390625 0.03125 0.07578125 0.0625
16 0.66484375 0.015625 0.00625 0.02421875
16 0.66953125 0.0140625 0.00703125 0.02421875
16 0.74921875 0.003125 0.00625 0.00546875
16 0.74609375 0.0125 0.00625 0.01875
16 0.75234375 0.01015625 0.00546875 0.01875
16 0.65390625 0.05625 0.00859375 0.01484375
16 0.6359375 0.06328125 0.01015625 0.01484375
16 0.625 0.0671875 0.00859375 0.01484375
16 0.61484375 0.07421875 0.009375 0.0125
16 0.5890625 0.08984375 0.00625 0.021875
2 0.584375 0.0921875 0.00546875 0.0234375
16 0.83125 0.003125 0.0125 0.00625
16 0.74765625 0.03125 0.0046875 0.01875
16 0.646875 0.06953125 0.0078125 0.01015625
16 0.6265625 0.08046875 0.01015625 0.0140625
16 0.63828125 0.0765625 0.009375 0.01640625
16 0.721875 0.04453125 0.009375 0.0125
16 0.75390625 0.0328125 0.00546875 0.0171875
16 0.61484375 0.0859375 0.01015625 0.01484375
2 0.7625 0.02890625 0.009375 0.01171875
16 0.81171875 0.01015625 0.0078125 0.0203125
16 0.8171875 0.01015625 0.00703125 0.01953125
16 0.60625 0.09140625 0.00703125 0.0140625
16 0.740625 0.0390625 0.0078125 0.01015625
16 0.59921875 0.09609375 0.01015625 0.0171875
16 0.64765625 0.0828125 0.00625 0.0140625
16 0.62734375 0.0921875 0.01015625 0.0125
2 0.77578125 0.034375 0.01328125 0.0390625
2 0.78984375 0.03203125 0.00703125 0.02109375
9 0.67109375 0.08125 0.034375 0.05390625
2 0.64140625 0.09296875 0.00703125 0.021875
2 0.6359375 0.09453125 0.00703125 0.02109375
16 0.64921875 0.09375 0.0078125 0.009375
2 0.59921875 0.11796875 0.01171875 0.01640625
16 0.4515625 0.18046875 0.01015625 0.009375
16 0.4421875 0.18515625 0.00703125 0.01015625
16 0.43125 0.1890625 0.01015625 0.0125
16 0.42109375 0.19375 0.00859375 0.01171875
2 0.65078125 0.10546875 0.01015625 0.0125
16 0.4609375 0.18046875 0.0109375 0.01171875
9 0.75390625 0.065625 0.03359375 0.05546875
16 0.4109375 0.2 0.009375 0.01875
16 0.38125 0.21171875 0.00859375 0.01484375
16 0.390625 0.209375 0.01015625 0.0140625
16 0.4015625 0.20625 0.00859375 0.0125
2 0.83046875 0.0390625 0.01796875 0.0265625
2 0.3109375 0.24296875 0.01328125 0.01484375
2 0.3359375 0.234375 0.01484375 0.01875
2 0.365625 0.22421875 0.015625 0.02421875
16 0.48515625 0.17890625 0.00859375 0.0140625
16 0.453125 0.19375 0.00859375 0.01015625
16 0.4625 0.190625 0.00859375 0.01171875
16 0.44296875 0.19765625 0.00859375 0.01015625
16 0.43359375 0.20234375 0.009375 0.0125
16 0.4921875 0.18046875 0.00546875 0.01875
16 0.959375 0.00390625 0.00625 0.0078125
16 0.96484375 0.0046875 0.00703125 0.009375
16 0.3828125 0.2234375 0.009375 0.01484375
16 0.41171875 0.2125 0.009375 0.0140625
2 0.40234375 0.215625 0.009375 0.0140625
16 0.159375 0.3109375 0.01328125 0.01953125
16 0.20859375 0.29296875 0.00625 0.01953125
2 0.35078125 0.2375 0.01015625 0.01171875
16 0.42578125 0.2109375 0.00546875 0.01953125
2 0.5890625 0.146875 0.0078125 0.02421875
2 0.4203125 0.21328125 0.00546875 0.02109375
2 0.59921875 0.14453125 0.00703125 0.02578125
16 0.4859375 0.190625 0.00703125 0.01171875
16 0.44375 0.209375 0.01015625 0.0125
2 0.51171875 0.18515625 0.02578125 0.05
2 0.159375 0.321875 0.01171875 0.01640625
16 0.41328125 0.22421875 0.009375 0.01171875
16 0.10546875 0.34453125 0.01171875 0.0171875
2 0.3625 0.2453125 0.01015625 0.0125
16 0.37421875 0.240625 0.009375 0.0125
16 0.35234375 0.24921875 0.01015625 0.0125
20 0.32578125 0.26015625 0.01328125 0.01875
20 0.33984375 0.25546875 0.01484375 0.0171875
2 0.828125 0.065625 0.01015625 0.0140625
2 0.45234375 0.2125 0.00703125 0.02578125
2 0.31328125 0.26796875 0.01171875 0.0140625
2 0.43203125 0.22265625 0.00546875 0.01953125
16 0.46171875 0.21015625 0.0078125 0.02109375
16 0.4375 0.2203125 0.0046875 0.01875
20 0.471875 0.20703125 0.0125 0.01484375
16 0.49453125 0.2 0.00546875 0.01875
2 0.10625 0.3515625 0.009375 0.01015625
2 0.76875 0.09609375 0.0125 0.0140625
2 0.4140625 0.23359375 0.01015625 0.0140625
16 0.425 0.23046875 0.00859375 0.01484375
16 0.125 0.3484375 0.01015625 0.01484375
16 0.37421875 0.2515625 0.00859375 0.01171875
16 0.36328125 0.25625 0.0109375 0.01171875
16 0.35234375 0.2609375 0.01015625 0.0140625
20 0.4875 0.21171875 0.01015625 0.02890625
16 0.9078125 0.053125 0.01015625 0.0140625
16 0.10703125 0.3640625 0.01015625 0.0171875
2 0.88984375 0.06015625 0.00625 0.02109375
16 0.90078125 0.05703125 0.00703125 0.021875
9 0.80234375 0.0953125 0.0515625 0.1140625
16 0.4609375 0.22890625 0.01015625 0.01640625
16 0.49765625 0.215625 0.009375 0.01015625
16 0.37578125 0.2640625 0.00859375 0.01484375
16 0.33671875 0.2796875 0.01015625 0.01484375
16 0.3265625 0.28671875 0.01015625 0.01640625
16 0.6921875 0.15078125 0.00859375 0.0125
16 0.70234375 0.146875 0.00859375 0.01015625
16 0.6828125 0.1546875 0.01015625 0.01171875
16 0.37578125 0.27578125 0.01015625 0.0140625
16 0.71171875 0.14609375 0.00625 0.01953125
9 0.3984375 0.26796875 0.028125 0.07421875
16 0.70390625 0.15859375 0.009375 0.01484375
16 0.69375 0.16328125 0.00859375 0.01015625
16 0.68515625 0.16875 0.01015625 0.01171875
16 0.378125 0.2890625 0.00859375 0.01171875
16 0.77890625 0.1328125 0.0109375 0.01640625
16 0.6671875 0.1828125 0.00546875 0.0234375
16 0.65703125 0.1875 0.00546875 0.0171875
16 0.67265625 0.18203125 0.00546875 0.0171875
16 0.6625 0.18671875 0.00625 0.021875
16 0.7328125 0.159375 0.00859375 0.0140625
16 0.65234375 0.190625 0.00546875 0.01875
16 0.67734375 0.18046875 0.0046875 0.01875
16 0.60625 0.209375 0.00625 0.01875
16 0.71875 0.165625 0.00546875 0.01953125
16 0.625 0.2046875 0.00625 0.01875
16 0.6171875 0.20703125 0.009375 0.0125
16 0.8828125 0.10546875 0.009375 0.0125
16 0.69296875 0.17890625 0.00625 0.01875
16 0.37890625 0.30078125 0.00859375 0.0125
16 0.696875 0.178125 0.00546875 0.01484375
16 0.6828125 0.184375 0.00546875 0.01484375
16 0.703125 0.17578125 0.00703125 0.0171875
16 0.6875 0.1828125 0.00546875 0.0171875
16 0.63125 0.21015625 0.00546875 0.01875
9 0.90078125 0.10546875 0.0234375 0.071875
16 0.73515625 0.171875 0.0078125 0.01171875
16 0.6359375 0.21171875 0.00625 0.01953125
16 0.88359375 0.1171875 0.0109375 0.0125
9 0.7578125 0.16484375 0.03046875 0.06484375
16 0.6484375 0.20859375 0.0046875 0.0171875
16 0.64140625 0.21015625 0.00546875 0.0140625
16 0.38125 0.31328125 0.009375 0.0125
2 0.61484375 0.225 0.0078125 0.02109375
16 0.84296875 0.13828125 0.00859375 0.01484375
16 0.83359375 0.14296875 0.009375 0.01484375
2 0.659375 0.209375 0.00546875 0.01953125
16 0.78515625 0.1625 0.00546875 0.0171875
2 0.6546875 0.21328125 0.00703125 0.021875
2 0.6640625 0.209375 0.00546875 0.021875
2 0.67421875 0.20546875 0.0046875 0.01875
2 0.62265625 0.225 0.00546875 0.02109375
16 0.77890625 0.16484375 0.00546875 0.01953125
2 0.67890625 0.2046875 0.00625 0.02109375
2 0.66953125 0.209375 0.0046875 0.01875
2 0.80234375 0.1578125 0.00625 0.0234375
16 0.790625 0.1640625 0.00625 0.02109375
16 0.79609375 0.1609375 0.00546875 0.021875
2 0.69921875 0.2 0.00703125 0.02109375
2 0.684375 0.20703125 0.00546875 0.01875
2 0.62734375 0.22890625 0.00546875 0.021875
2 0.68984375 0.20703125 0.00546875 0.01875
2 0.69453125 0.2046875 0.00625 0.01640625
2 0.7046875 0.2 0.00625 0.02109375
2 0.73515625 0.18984375 0.0109375 0.01484375
2 0.6328125 0.23203125 0.00546875 0.02109375
16 0.88515625 0.1359375 0.01015625 0.0125
16 0.82578125 0.16015625 0.009375 0.0140625
2 0.94765625 0.1140625 0.00703125 0.02578125
2 0.63828125 0.234375 0.0046875 0.02109375
16 0.834375 0.15859375 0.0046875 0.0171875
2 0.64375 0.23359375 0.00546875 0.021875
2 0.6484375 0.2328125 0.00546875 0.0171875
16 0.84375 0.1578125 0.00546875 0.01875
16 0.8390625 0.16015625 0.00703125 0.02109375
16 0.88671875 0.14609375 0.01015625 0.0125
2 0.865625 0.1546875 0.0125 0.0390625
2 0.8546875 0.16015625 0.01171875 0.040625
16 0.92578125 0.1328125 0.00703125 0.02109375
16 0.92109375 0.13515625 0.00703125 0.0234375
16 0.65625 0.23828125 0.00546875 0.021875
2 0.62109375 0.25625 0.0078125 0.02109375
16 0.828125 0.1765625 0.00546875 0.02109375
16 0.8421875 0.1734375 0.01015625 0.01015625
16 0.9625 0.13125 0.009375 0.0171875
16 0.971875 0.128125 0.01015625 0.0140625
2 0.69296875 0.2390625 0.00546875 0.02109375
2 0.6984375 0.23671875 0.00390625 0.02109375
2 0.5828125 0.28359375 0.015625 0.0171875
2 0.68515625 0.2453125 0.01015625 0.0125
2 0.5671875 0.29296875 0.015625 0.01875
2 0.6578125 0.2609375 0.0046875 0.01875
16 0.64921875 0.26484375 0.00703125 0.01953125
2 0.95234375 0.1484375 0.015625 0.04296875
9 0.17890625 0.45078125 0.06328125 0.09140625
2 0.53515625 0.31484375 0.01328125 0.0171875
2 0.52109375 0.3234375 0.01484375 0.01875
9 0.9671875 0.1515625 0.01796875 0.02890625
2 0.6109375 0.2921875 0.0109375 0.02578125
2 0.128125 0.47890625 0.0109375 0.0140625
2 0.6921875 0.26171875 0.00703125 0.021875
16 0.51015625 0.33359375 0.00625 0.02109375
16 0.5 0.3375 0.00546875 0.0234375
2 0.50546875 0.33515625 0.00546875 0.021875
16 0.68671875 0.265625 0.00859375 0.0234375
20 0.8515625 0.2046875 0.0140625 0.0171875
20 0.828125 0.215625 0.01015625 0.02890625
2 0.7 0.26640625 0.00625 0.02109375
2 0.6515625 0.28671875 0.00703125 0.02578125
2 0.659375 0.28359375 0.0046875 0.0171875
16 0.83671875 0.21640625 0.00703125 0.021875
2 0.521875 0.3390625 0.01328125 0.01484375
2 0.59375 0.31171875 0.00859375 0.02109375
16 0.84140625 0.215625 0.00625 0.01953125
2 0.56875 0.321875 0.00546875 0.02109375
16 0.9546875 0.17265625 0.01171875 0.0171875
2 0.5796875 0.321875 0.01015625 0.01015625
4 0.0671875 0.5296875 0.134375 0.746875
2 0.14375 0.4921875 0.01640625 0.02734375
16 0.86484375 0.2125 0.01015625 0.01640625
16 0.87421875 0.209375 0.01015625 0.01640625
16 0.3828125 0.403125 0.0109375 0.01875
2 0.39609375 0.396875 0.01328125 0.01640625
2 0.56171875 0.3328125 0.00703125 0.03359375
16 0.37265625 0.40625 0.0109375 0.01875
16 0.50234375 0.3609375 0.00546875 0.01953125
16 0.5125 0.35703125 0.00625 0.0234375
16 0.109375 0.51484375 0.00625 0.0234375
2 0.5078125 0.359375 0.00546875 0.02421875
16 0.4421875 0.3890625 0.00625 0.02109375
16 0.4375 0.39140625 0.00703125 0.02109375
2 0.43203125 0.39453125 0.00546875 0.01953125
2 0.9796875 0.1828125 0.00625 0.02421875
2 0.4265625 0.39921875 0.00859375 0.03203125
16 0.228125 0.47890625 0.00625 0.01953125
16 0.22421875 0.48046875 0.00546875 0.0234375
16 0.1125 0.5296875 0.009375 0.01171875
16 0.42109375 0.4125 0.00625 0.0234375
2 0.37734375 0.43046875 0.00859375 0.03671875
2 0.20390625 0.5015625 0.01171875 0.01484375
16 0.43828125 0.4125 0.00703125 0.01953125
16 0.44375 0.41015625 0.00625 0.01953125
2 0.434375 0.41484375 0.00703125 0.01953125
2 0.2046875 0.51015625 0.01171875 0.0171875
16 0.11328125 0.5453125 0.01015625 0.0125
20 0.971875 0.21328125 0.0171875 0.0484375
16 0.865625 0.25546875 0.009375 0.0125
16 0.85703125 0.2609375 0.01015625 0.0140625
16 0.428125 0.43203125 0.0046875 0.02109375
2 0.42265625 0.434375 0.00625 0.0234375
16 0.85859375 0.27109375 0.01015625 0.0125
16 0.11328125 0.5609375 0.00703125 0.01953125
16 0.86796875 0.26953125 0.01015625 0.01484375
2 0.37734375 0.46015625 0.0109375 0.0125
9 0.925 0.25234375 0.0453125 0.0796875
2 0.56796875 0.39140625 0.01015625 0.01640625
2 0.25625 0.51484375 0.0078125 0.02109375
2 0.44140625 0.44453125 0.00859375 0.034375
2 0.2515625 0.51875 0.00546875 0.02109375
2 0.26328125 0.51484375 0.00859375 0.0234375
2 0.2671875 0.5125 0.009375 0.0234375
2 0.23671875 0.52734375 0.015625 0.01953125
16 0.48828125 0.42890625 0.00859375 0.0125
16 0.4296875 0.4515625 0.00546875 0.01875
2 0.425 0.4546875 0.0046875 0.02109375
16 0.43515625 0.45 0.00546875 0.02109375
16 0.11640625 0.5765625 0.00859375 0.0140625
2 0.2078125 0.54296875 0.01171875 0.01875
2 0.97578125 0.24609375 0.01484375 0.01640625
16 0.4890625 0.43984375 0.00859375 0.0140625
2 0.2375 0.5421875 0.01171875 0.01484375
2 0.209375 0.5546875 0.01171875 0.01484375
2 0.87578125 0.29765625 0.00703125 0.021875
16 0.253125 0.5390625 0.00546875 0.01953125
16 0.2578125 0.5375 0.00625 0.02421875
2 0.88125 0.2953125 0.00703125 0.02109375
16 0.2625 0.5359375 0.00625 0.02109375
16 0.2734375 0.53203125 0.0078125 0.021875
16 0.26796875 0.5359375 0.00625 0.01875
2 0.2484375 0.54375 0.00703125 0.0234375
16 0.97890625 0.26015625 0.01015625 0.01484375
16 0.96953125 0.26640625 0.0109375 0.0140625
16 0.2671875 0.54921875 0.01171875 0.01484375
2 0.953125 0.2828125 0.01328125 0.0140625
2 0.440625 0.48203125 0.00546875 0.021875
16 0.25546875 0.55703125 0.01015625 0.01484375
2 0.434375 0.4921875 0.00859375 0.03203125
16 0.37734375 0.51484375 0.00859375 0.02578125
9 0.1984375 0.5875 0.03671875 0.16953125
16 0.95390625 0.2953125 0.01015625 0.01484375
2 0.9828125 0.2828125 0.00859375 0.0140625
9 0.17265625 0.6 0.03359375 0.1625
2 0.36640625 0.5296875 0.01015625 0.03203125
16 0.140625 0.61953125 0.01171875 0.01484375
2 0.290625 0.56171875 0.01015625 0.02890625
16 0.44765625 0.50078125 0.00390625 0.02109375
16 0.44296875 0.50390625 0.00390625 0.0171875
2 0.4296875 0.509375 0.00546875 0.02109375
2 0.41875 0.5140625 0.0046875 0.0171875
2 0.984375 0.29609375 0.01015625 0.0125
16 0.95390625 0.3078125 0.00859375 0.01015625
16 0.42421875 0.51328125 0.0078125 0.021875
16 0.82578125 0.359375 0.00625 0.021875
2 0.22578125 0.59609375 0.0078125 0.02578125
16 0.13359375 0.63125 0.00859375 0.0234375
16 0.12734375 0.6375 0.01015625 0.0140625
16 0.82109375 0.36875 0.00703125 0.02421875
16 0.95546875 0.315625 0.0109375 0.01015625
16 0.1421875 0.63359375 0.0109375 0.0125
2 0.98515625 0.30625 0.01171875 0.01640625
2 0.3796875 0.5453125 0.00546875 0.0234375
9 0.93359375 0.32890625 0.0296875 0.0578125
16 0.21484375 0.609375 0.0109375 0.0125
2 0.29453125 0.57890625 0.0109375 0.01484375
16 0.3734375 0.55 0.00546875 0.0234375
16 0.44453125 0.521875 0.00625 0.01875
2 0.4390625 0.525 0.00546875 0.02421875
16 0.45 0.521875 0.00625 0.01875
2 0.1328125 0.64921875 0.0125 0.01875
16 0.14375 0.64453125 0.009375 0.01640625
2 0.2234375 0.61328125 0.0078125 0.02578125
16 0.8296875 0.3796875 0.00625 0.021875
16 0.215625 0.6203125 0.01015625 0.0140625
16 0.12109375 0.65859375 0.00703125 0.01953125
2 0.9546875 0.33359375 0.00625 0.0234375
2 0.43359375 0.5375 0.0078125 0.03125
2 0.42109375 0.54296875 0.00390625 0.0171875
16 0.4265625 0.5421875 0.00546875 0.0171875
16 0.9765625 0.33515625 0.01171875 0.01640625
2 0.2296875 0.62578125 0.00546875 0.01875
2 0.3828125 0.56953125 0.00625 0.0234375
2 0.78203125 0.415625 0.01171875 0.03671875
2 0.81640625 0.40390625 0.01171875 0.01484375
16 0.21953125 0.6359375 0.01328125 0.01640625
2 0.75859375 0.428125 0.01015625 0.01484375
2 0.7671875 0.4265625 0.00703125 0.0265625
2 0.80703125 0.4125 0.01171875 0.03828125
16 0.42421875 0.5640625 0.00625 0.01953125
2 0.428125 0.56171875 0.00703125 0.01953125
9 0.2640625 0.62734375 0.065625 0.14296875
2 0.7984375 0.42109375 0.00625 0.02421875
2 0.8546875 0.3984375 0.01171875 0.01640625
16 0.2171875 0.64765625 0.009375 0.01640625
2 0.2265625 0.646875 0.009375 0.0140625
16 0.121875 0.69140625 0.00625 0.01953125
9 0.66796875 0.48203125 0.1921875 0.4171875
16 0.21796875 0.6578125 0.0109375 0.01484375
2 0.22890625 0.65625 0.01015625 0.01875
16 0.30859375 0.6296875 0.01015625 0.01171875
2 0.1953125 0.67734375 0.01015625 0.0125
2 0.9828125 0.37109375 0.0328125 0.06328125
16 0.3 0.63828125 0.009375 0.0140625
2 0.58125 0.53046875 0.01015625 0.0125
2 0.2203125 0.67109375 0.01328125 0.01640625
16 0.2296875 0.66875 0.0109375 0.0140625
16 0.45546875 0.58046875 0.01171875 0.02578125
16 0.4453125 0.58671875 0.01171875 0.02578125
16 0.31015625 0.6421875 0.009375 0.01171875
2 0.1484375 0.70625 0.009375 0.02890625
16 0.4359375 0.59375 0.0078125 0.02890625
2 0.19609375 0.6875 0.00859375 0.01015625
2 0.86875 0.42890625 0.01328125 0.04296875
16 0.1859375 0.69375 0.01015625 0.01484375
2 0.9328125 0.40625 0.0109375 0.01484375
2 0.22109375 0.68359375 0.0109375 0.01171875
16 0.82421875 0.45 0.0109375 0.0125
16 0.30078125 0.65390625 0.0109375 0.0234375
16 0.23203125 0.68046875 0.01171875 0.0125
16 0.178125 0.70234375 0.00703125 0.01953125
16 0.1734375 0.70625 0.00703125 0.021875
2 0.79765625 0.46484375 0.00546875 0.01953125
2 0.1875 0.7046875 0.01015625 0.01484375
16 0.30234375 0.6625 0.00859375 0.0140625
2 0.80234375 0.4703125 0.00546875 0.01484375
2 0.584375 0.56328125 0.01171875 0.01640625
2 0.8078125 0.4765625 0.00859375 0.0359375
16 0.18828125 0.7171875 0.0109375 0.01171875
2 0.30390625 0.67421875 0.01015625 0.01640625
9 0.41328125 0.63984375 0.04765625 0.10390625
2 0.22734375 0.7109375 0.0109375 0.01171875
2 0.2078125 0.71875 0.009375 0.01484375
16 0.2171875 0.715625 0.00859375 0.01171875
2 0.9875 0.41796875 0.01328125 0.03671875
16 0.240625 0.70703125 0.00859375 0.01484375
16 0.2671875 0.70078125 0.00546875 0.02578125
16 0.278125 0.69765625 0.00625 0.02109375
2 0.96015625 0.4328125 0.0375 0.07890625
16 0.28359375 0.69609375 0.00546875 0.0234375
2 0.8171875 0.48984375 0.00859375 0.02421875
2 0.26171875 0.70703125 0.00703125 0.02578125
2 0.25546875 0.71015625 0.00703125 0.02578125
16 0.26328125 0.72890625 0.00625 0.0265625
2 0.2578125 0.73515625 0.00859375 0.02890625
16 0.79140625 0.5296875 0.00703125 0.021875
16 0.7984375 0.54296875 0.00625 0.0171875
2 0.9625 0.496875 0.0328125 0.05234375
16 0.78046875 0.57421875 0.00703125 0.02421875
16 0.8015625 0.565625 0.00703125 0.02578125
16 0.77578125 0.5765625 0.0046875 0.01953125
16 0.8109375 0.56328125 0.00703125 0.0265625
16 0.79375 0.56953125 0.00625 0.0234375
2 0.7703125 0.58046875 0.00625 0.021875
2 0.99375 0.4953125 0.0109375 0.0140625
2 0.99375 0.50546875 0.0109375 0.01875
16 0.78046875 0.59921875 0.00625 0.0234375
2 0.9515625 0.5328125 0.00703125 0.01953125
2 0.76796875 0.6046875 0.00546875 0.021875
16 0.7984375 0.59375 0.00703125 0.02578125
16 0.77578125 0.603125 0.00703125 0.021875
9 0.91171875 0.5515625 0.08515625 0.1328125
2 0.99453125 0.51875 0.009375 0.0140625
2 0.99453125 0.528125 0.009375 0.0171875
16 0.2828125 0.81328125 0.01328125 0.0171875
16 0.77265625 0.6265625 0.00859375 0.0125
16 0.953125 0.55703125 0.00703125 0.021875
2 0.7375 0.65390625 0.00546875 0.021875
2 0.70078125 0.67109375 0.00625 0.01953125
2 0.72109375 0.66328125 0.00703125 0.021875
2 0.6890625 0.67578125 0.00703125 0.01953125
2 0.72734375 0.66171875 0.00625 0.02578125
2 0.2484375 0.8484375 0.01484375 0.01953125
2 0.6140625 0.70546875 0.00703125 0.0234375
2 0.2203125 0.86015625 0.01796875 0.02578125
2 0.7109375 0.66953125 0.00859375 0.0234375
2 0.684375 0.68046875 0.00625 0.0234375
16 0.9546875 0.575 0.00859375 0.02109375
16 0.66171875 0.68828125 0.0046875 0.01875
16 0.67890625 0.6828125 0.00625 0.021875
16 0.66640625 0.68671875 0.00625 0.02109375
16 0.65703125 0.69140625 0.00546875 0.01953125
2 0.646875 0.696875 0.00703125 0.02421875
2 0.65234375 0.6953125 0.00625 0.0234375
16 0.671875 0.68671875 0.00546875 0.02421875
2 0.984375 0.575 0.03125 0.07421875
2 0.25 0.86171875 0.015625 0.021875
2 0.19609375 0.8859375 0.01015625 0.03203125
16 0.6796875 0.70390625 0.00703125 0.021875
2 0.76328125 0.678125 0.00546875 0.02421875
2 0.79765625 0.66640625 0.00703125 0.0234375
2 0.25234375 0.87734375 0.01328125 0.01640625
16 0.7859375 0.67265625 0.01171875 0.01484375
16 0.19609375 0.9078125 0.01328125 0.01875
2 0.25234375 0.89375 0.01484375 0.02109375
16 0.96015625 0.62265625 0.0078125 0.02421875
9 0.2234375 0.91015625 0.03984375 0.08671875
2 0.7515625 0.70703125 0.0109375 0.01171875
16 0.19765625 0.92109375 0.01328125 0.01875
2 0.90859375 0.65234375 0.0359375 0.0671875
20 0.97734375 0.628125 0.021875 0.0390625
16 0.99765625 0.61953125 0.00390625 0.02421875
2 0.2546875 0.91015625 0.01640625 0.021875
2 0.1953125 0.93515625 0.0125 0.01640625
2 0.753125 0.71875 0.00859375 0.01484375
9 0.9421875 0.6515625 0.03671875 0.0765625
16 0.96171875 0.64453125 0.00546875 0.01875
2 0.25546875 0.925 0.015625 0.02109375
16 0.9984375 0.63984375 0.00234375 0.0234375
2 0.19609375 0.95703125 0.0140625 0.021875
2 0.25859375 0.94140625 0.015625 0.021875
9 0.7859375 0.73671875 0.05859375 0.09921875
16 0.74609375 0.75546875 0.009375 0.01484375
16 0.73671875 0.7671875 0.01171875 0.01484375
2 0.7546875 0.76640625 0.00703125 0.01875
16 0.87890625 0.7203125 0.0109375 0.0140625
2 0.821875 0.74296875 0.009375 0.01015625
2 0.759375 0.76875 0.00703125 0.0265625
2 0.64921875 0.8171875 0.00546875 0.0234375
2 0.6421875 0.821875 0.00703125 0.02421875
2 0.5921875 0.84375 0.00625 0.0234375
16 0.959375 0.70234375 0.00859375 0.01171875
2 0.59921875 0.84140625 0.00703125 0.0265625
16 0.88671875 0.73125 0.00546875 0.01875
16 0.89140625 0.73125 0.00546875 0.02109375
20 0.87109375 0.74453125 0.01640625 0.0265625
16 0.9609375 0.71484375 0.009375 0.01640625
16 0.98125 0.7078125 0.0109375 0.01640625
16 0.9921875 0.70390625 0.0109375 0.0171875
2 0.775 0.790625 0.01328125 0.02109375
2 0.47578125 0.9078125 0.009375 0.03359375
16 0.890625 0.7484375 0.00859375 0.009375
16 0.5125 0.896875 0.00703125 0.0234375
20 0.85859375 0.7625 0.01484375 0.021875
2 0.81796875 0.77890625 0.00703125 0.0265625
16 0.48203125 0.9125 0.00625 0.0234375
16 0.92734375 0.73828125 0.00625 0.01953125
16 0.81171875 0.78515625 0.00546875 0.01875
16 0.80625 0.78671875 0.00625 0.01953125
16 0.90390625 0.74921875 0.00625 0.01875
16 0.91015625 0.746875 0.00625 0.01875
16 0.93671875 0.73671875 0.00625 0.01875
16 0.94296875 0.734375 0.00859375 0.02109375
16 0.3953125 0.946875 0.00703125 0.02109375
16 0.38359375 0.95234375 0.0078125 0.02421875
16 0.3890625 0.95 0.00703125 0.021875
16 0.98203125 0.7203125 0.0125 0.01484375
16 0.89921875 0.75234375 0.0078125 0.0171875
2 0.93203125 0.73984375 0.00546875 0.01953125
16 0.40546875 0.9453125 0.00859375 0.021875
16 0.40078125 0.946875 0.00546875 0.01875
16 0.8484375 0.77265625 0.0078125 0.0234375
20 0.9609375 0.73046875 0.01484375 0.01953125
16 0.89140625 0.75859375 0.01015625 0.0140625
16 0.87109375 0.76796875 0.009375 0.0140625
2 0.790625 0.8046875 0.00703125 0.02734375
2 0.80234375 0.80078125 0.00859375 0.02890625
2 0.7953125 0.80234375 0.00625 0.0234375
20 0.99453125 0.72890625 0.01015625 0.040625
2 0.90859375 0.7640625 0.0078125 0.0125
16 0.871875 0.77890625 0.0078125 0.0125
16 0.8875 0.77265625 0.009375 0.01171875
16 0.86171875 0.7828125 0.00859375 0.01171875
2 0.8984375 0.76953125 0.00859375 0.01015625
16 0.85234375 0.7890625 0.0109375 0.0125
16 0.484375 0.9328125 0.00703125 0.021875
16 0.546875 0.9078125 0.00625 0.021875
2 0.88046875 0.7796875 0.00546875 0.021875
2 0.9765625 0.7421875 0.00546875 0.01953125
2 0.97109375 0.74375 0.00703125 0.02109375
16 0.528125 0.9171875 0.00703125 0.021875
16 0.98671875 0.7390625 0.00703125 0.0234375
16 0.4609375 0.94375 0.00546875 0.0234375
16 0.93828125 0.7578125 0.00546875 0.0171875
2 0.98203125 0.7421875 0.00703125 0.02109375
2 0.95390625 0.753125 0.00703125 0.02109375
2 0.9234375 0.76484375 0.00703125 0.01953125
2 0.8453125 0.7953125 0.00703125 0.021875
16 0.94296875 0.75703125 0.00546875 0.01953125
2 0.94921875 0.7546875 0.00546875 0.01953125
16 0.92890625 0.7640625 0.00625 0.02109375
2 0.9328125 0.7625 0.00625 0.02109375
16 0.83984375 0.8 0.00703125 0.01953125
16 0.88828125 0.7828125 0.009375 0.0140625
2 0.8734375 0.790625 0.01171875 0.01484375
2 0.909375 0.77578125 0.00859375 0.01171875
2 0.8625 0.7953125 0.009375 0.0125
2 0.89921875 0.78203125 0.01015625 0.0140625
16 0.85234375 0.79921875 0.00859375 0.01171875
16 0.496875 0.94140625 0.00859375 0.01015625
16 0.4890625 0.94609375 0.01015625 0.01171875
16 0.52734375 0.934375 0.0109375 0.01640625
2 0.82109375 0.8328125 0.01796875 0.0265625
4 0.5953125 0.053125 0.134375 0.10625
4 0.41875 0.99140625 0.06484375 0.01484375