1 0.12578125 0.56640625 0.01640625 0.00859375
4 0.8375 0.57109375 0.03828125 0.4140625
4 0.753125 0.571875 0.04375 0.4171875
4 0.921875 0.571875 0.03671875 0.41953125
1 0.125 0.5765625 0.015625 0.00859375
1 0.82421875 0.05859375 0.01171875 0.00625
15 0.14375 0.59140625 0.0109375 0.00546875
1 0.1546875 0.59609375 0.0046875 0.0125
15 0.31875 0.06015625 0.00546875 0.0140625
15 0.13984375 0.6109375 0.01640625 0.009375
1 0.86796875 0.61484375 0.0140625 0.00703125
15 0.1734375 0.6234375 0.00546875 0.01328125
15 0.1796875 0.6234375 0.0046875 0.0140625
1 0.1234375 0.62421875 0.00703125 0.01875
1 0.56640625 0.62890625 0.0046875 0.0125
15 0.553125 0.64453125 0.009375 0.0078125
15 0.48828125 0.64921875 0.01015625 0.00625
15 0.55390625 0.65 0.01015625 0.00546875
15 0.2015625 0.653125 0.0109375 0.00546875
15 0.553125 0.65625 0.0109375 0.00625
15 0.475 0.65625 0.01171875 0.00625
15 0.2015625 0.66015625 0.01171875 0.0046875
15 0.4890625 0.66171875 0.0125 0.00703125
15 0.6234375 0.66484375 0.0046875 0.0125
1 0.553125 0.66796875 0.0109375 0.00625
1 0.634375 0.66953125 0.01015625 0.00546875
15 0.48828125 0.6703125 0.01015625 0.00546875
15 0.475 0.67578125 0.0125 0.00703125
1 0.4890625 0.6765625 0.01015625 0.00546875
1 0.88984375 0.68125 0.00625 0.01328125
15 0.4890625 0.6828125 0.009375 0.00625
15 0.47421875 0.684375 0.01171875 0.0078125
15 0.46015625 0.68515625 0.0109375 0.00625
1 0.553125 0.6859375 0.0109375 0.0078125
15 0.48828125 0.68828125 0.01015625 0.00625
15 0.4609375 0.69375 0.01171875 0.00625
1 0.4890625 0.69609375 0.0109375 0.00703125
1 0.61640625 0.7 0.01015625 0.00703125
1 0.553125 0.70390625 0.01015625 0.00546875
15 0.56640625 0.70390625 0.0109375 0.00625
1 0.61484375 0.70625 0.01015625 0.00546875
15 0.30703125 0.07109375 0.01015625 0.00546875
4 0.98125 0.7078125 0.0375 0.1875
15 0.553125 0.709375 0.01015625 0.00546875
15 0.475 0.71015625 0.0125 0.0078125
15 0.4640625 0.7109375 0.00546875 0.01328125
15 0.45625 0.7109375 0.0046875 0.01328125
15 0.56640625 0.7109375 0.0109375 0.00625
1 0.615625 0.71171875 0.01015625 0.0046875
15 0.55390625 0.71640625 0.0109375 0.0046875
15 0.56640625 0.71640625 0.0109375 0.0046875
15 0.61640625 0.71875 0.01015625 0.0046875
1 0.53984375 0.721875 0.0109375 0.00546875
15 0.56640625 0.721875 0.01171875 0.00703125
1 0.52734375 0.72265625 0.0109375 0.0046875
15 0.503125 0.7328125 0.0046875 0.0125
15 0.49296875 0.7328125 0.00546875 0.0125
1 0.61484375 0.7328125 0.01015625 0.00625
15 0.4984375 0.7328125 0.0046875 0.01328125
15 0.61484375 0.7390625 0.009375 0.00625
15 0.09765625 0.740625 0.0109375 0.00625
1 0.41015625 0.75546875 0.0109375 0.00703125
1 0.725 0.75703125 0.00546875 0.01328125
1 0.68125 0.7609375 0.01171875 0.00625
15 0.63359375 0.7625 0.01015625 0.00703125
1 0.625 0.765625 0.00390625 0.0125
1 0.81171875 0.78046875 0.01171875 0.00625
15 0.36484375 0.07890625 0.01015625 0.00546875
1 0.49140625 0.784375 0.0109375 0.00546875
15 0.49140625 0.79140625 0.009375 0.00546875
15 0.371875 0.79296875 0.0046875 0.0125
20 0.13203125 0.796875 0.0296875 0.05546875
20 0.096875 0.79765625 0.03125 0.05390625
15 0.39140625 0.79921875 0.0046875 0.01328125
15 0.49140625 0.79921875 0.009375 0.0046875
15 0.3390625 0.08046875 0.0109375 0.00546875
1 0.903125 0.8046875 0.00390625 0.01171875
20 0.31015625 0.80546875 0.0296875 0.053125
20 0.35234375 0.80625 0.03125 0.053125
1 0.49140625 0.80625 0.01015625 0.00546875
1 0.371875 0.80703125 0.0046875 0.0140625
15 0.3921875 0.81484375 0.0046875 0.0125
15 0.82421875 0.08203125 0.0109375 0.00546875
1 0.77734375 0.825 0.0109375 0.0046875
1 0.05390625 0.0828125 0.01171875 0.00625
1 0.13046875 0.82890625 0.01171875 0.00703125
15 0.33515625 0.82890625 0.0046875 0.01171875
1 0.1421875 0.82890625 0.01015625 0.00625
1 0.14140625 0.82890625 0.01015625 0.00546875
15 0.1171875 0.8296875 0.01171875 0.00625
1 0.08828125 0.83046875 0.01015625 0.00546875
1 0.10078125 0.83046875 0.0109375 0.00390625
9 0.8359375 0.83203125 0.10078125 0.08984375
1 0.89453125 0.83203125 0.0109375 0.00546875
15 0.50234375 0.8328125 0.009375 0.00546875
1 0.21640625 0.08359375 0.01015625 0.00625
15 0.9765625 0.8359375 0.01171875 0.00625
15 0.89453125 0.8390625 0.0125 0.00703125
15 0.50703125 0.8390625 0.009375 0.00546875
1 0.23828125 0.8421875 0.01015625 0.00703125
1 0.11796875 0.8421875 0.01171875 0.00703125
1 0.2390625 0.84921875 0.0109375 0.0046875
15 0.35390625 0.08515625 0.00546875 0.01171875
1 0.77890625 0.853125 0.01015625 0.00625
15 0.90234375 0.8578125 0.00546875 0.01328125
1 0.22265625 0.85859375 0.00546875 0.01328125
1 0.22734375 0.859375 0.00546875 0.01328125
1 0.2 0.859375 0.0046875 0.01328125
1 0.1953125 0.859375 0.00546875 0.0125
1 0.1515625 0.86015625 0.0046875 0.0125
1 0.30625 0.859375 0.00546875 0.0125
1 0.184375 0.859375 0.00390625 0.0125
1 0.109375 0.859375 0.00390625 0.01171875
1 0.1890625 0.859375 0.00546875 0.0125
1 0.0328125 0.859375 0.00625 0.015625
1 0.11484375 0.86015625 0.0046875 0.0140625
1 0.15625 0.86015625 0.00546875 0.0125
1 0.146875 0.86015625 0.00546875 0.01328125
1 0.29296875 0.86015625 0.00625 0.01328125
1 0.16171875 0.8609375 0.00546875 0.01171875
1 0.125 0.86015625 0.0046875 0.01328125
1 0.0875 0.8609375 0.00546875 0.01328125
1 0.1203125 0.8609375 0.0046875 0.01328125
1 0.08203125 0.8609375 0.00546875 0.0125
15 0.76796875 0.8625 0.00390625 0.0109375
1 0.76171875 0.8625 0.0046875 0.01171875
1 0.7546875 0.86328125 0.00546875 0.01171875
1 0.78046875 0.86328125 0.0046875 0.0109375
15 0.89296875 0.86796875 0.0109375 0.00546875
1 0.79375 0.88125 0.01171875 0.00625
1 0.86796875 0.88203125 0.0109375 0.00625
1 0.8296875 0.88203125 0.01015625 0.00546875
15 0.85625 0.8828125 0.0125 0.00703125
15 0.84296875 0.88359375 0.01171875 0.0078125
1 0.3953125 0.884375 0.0046875 0.0125
15 0.81328125 0.88515625 0.0046875 0.01328125
15 0.80546875 0.88515625 0.00625 0.0125
15 0.8203125 0.8859375 0.00703125 0.01328125
1 0.79296875 0.8875 0.01171875 0.00625
1 0.03671875 0.89453125 0.0046875 0.01171875
1 0.0421875 0.8953125 0.00390625 0.0125
15 0.80859375 0.8953125 0.01171875 0.00703125
1 0.05390625 0.89609375 0.00625 0.0125
1 0.79375 0.89609375 0.01171875 0.00625
1 0.0484375 0.89609375 0.0046875 0.0125
9 0.76484375 0.89765625 0.04296875 0.0515625
1 0.0265625 0.89921875 0.0109375 0.00546875
15 0.821875 0.90234375 0.0046875 0.0140625
15 0.79296875 0.903125 0.01015625 0.0078125
1 0.7921875 0.91484375 0.00546875 0.01328125
15 0.63828125 0.0921875 0.009375 0.00703125
1 0.81484375 0.92734375 0.0046875 0.0109375
1 0.7828125 0.93125 0.0046875 0.0109375
1 0.7734375 0.93203125 0.0046875 0.0125
1 0.778125 0.93203125 0.00625 0.01171875
1 0.78828125 0.9328125 0.0046875 0.0125
1 0.309375 0.9328125 0.0046875 0.0140625
15 0.8015625 0.93515625 0.01015625 0.00546875
15 0.6390625 0.1234375 0.01015625 0.00546875
15 0.9203125 0.13671875 0.00546875 0.01171875
1 0.97578125 0.14140625 0.01015625 0.00703125
1 0.76953125 0.15234375 0.01015625 0.00546875
15 0.7578125 0.15234375 0.01015625 0.00546875
1 0.884375 0.1578125 0.0109375 0.00546875
1 0.73359375 0.159375 0.0046875 0.01328125
1 0.8390625 0.1625 0.0046875 0.0125
1 0.75703125 0.16171875 0.01015625 0.00546875
1 0.88671875 0.16484375 0.01015625 0.00546875
1 0.84765625 0.165625 0.01015625 0.00546875
4 0.33359375 0.16953125 0.590625 0.084375
15 0.89765625 0.1796875 0.00546875 0.0125
1 0.68125 0.1859375 0.0109375 0.00703125
15 0.8734375 0.19609375 0.01015625 0.00546875
15 0.871875 0.20234375 0.01015625 0.0046875
15 0.95 0.2140625 0.01171875 0.00703125
15 0.87265625 0.215625 0.01015625 0.00703125
15 0.696875 0.22421875 0.01015625 0.00546875
15 0.871875 0.225 0.009375 0.00703125
15 0.87265625 0.23203125 0.01015625 0.0046875
1 0.71171875 0.2328125 0.009375 0.00546875
15 0.69609375 0.2328125 0.01015625 0.00546875
15 0.30390625 0.025 0.0109375 0.00546875
15 0.91328125 0.25078125 0.0046875 0.01171875
1 0.86953125 0.25234375 0.00390625 0.0125
9 0.79375 0.25546875 0.12734375 0.153125
15 0.71171875 0.26171875 0.01171875 0.00546875
15 0.9109375 0.2625 0.0046875 0.0109375
1 0.71328125 0.26875 0.009375 0.00546875
1 0.71328125 0.2765625 0.0109375 0.00703125
15 0.9109375 0.278125 0.0046875 0.01328125
1 0.71328125 0.284375 0.0109375 0.0046875
15 0.3546875 0.02890625 0.00546875 0.01328125
15 0.34921875 0.02890625 0.00546875 0.0140625
1 0.86953125 0.2875 0.00546875 0.01328125
1 0.7125 0.29140625 0.009375 0.00625
15 0.38359375 0.02890625 0.0109375 0.00546875
1 0.7140625 0.29765625 0.00859375 0.0046875
15 0.36171875 0.03046875 0.0046875 0.01171875
1 0.45859375 0.30078125 0.0140625 0.0171875
1 0.7125 0.30859375 0.0125 0.00703125
1 0.71328125 0.3140625 0.01171875 0.00546875
1 0.89453125 0.3140625 0.00546875 0.0125
1 0.71328125 0.32890625 0.01015625 0.00546875
1 0.93046875 0.34453125 0.0046875 0.0125
15 0.828125 0.34609375 0.0109375 0.00625
1 0.84453125 0.34609375 0.0109375 0.00546875
15 0.7328125 0.34765625 0.01171875 0.00625
1 0.63671875 0.34921875 0.01015625 0.0046875
1 0.76484375 0.34921875 0.00703125 0.01328125
1 0.77109375 0.34921875 0.0046875 0.0140625
1 0.7765625 0.35 0.00546875 0.0125
15 0.80546875 0.35 0.0046875 0.0125
15 0.7890625 0.35 0.0046875 0.01171875
15 0.80078125 0.35078125 0.0046875 0.0125
1 0.63671875 0.35703125 0.00859375 0.00546875
15 0.62578125 0.36015625 0.00546875 0.01328125
15 0.38359375 0.03671875 0.0109375 0.00546875
20 0.12421875 0.3671875 0.0171875 0.01484375
15 0.10859375 0.3703125 0.01171875 0.00625
1 0.11171875 0.38359375 0.0046875 0.0125
20 0.12421875 0.384375 0.01640625 0.01484375
15 0.10546875 0.384375 0.0046875 0.0109375
1 0.3453125 0.3921875 0.009375 0.01171875
1 0.3546875 0.40234375 0.0109375 0.0125
1 0.121875 0.40625 0.009375 0.00546875
15 0.13125 0.41015625 0.0046875 0.0140625
15 0.63828125 0.0421875 0.00859375 0.00546875
15 0.62734375 0.42109375 0.00546875 0.01328125
15 0.38359375 0.04453125 0.0109375 0.00546875
15 0.63671875 0.44765625 0.00546875 0.0125
1 0.3578125 0.45 0.00859375 0.00625
15 0.81015625 0.046875 0.0046875 0.01484375
15 0.3484375 0.50546875 0.0109375 0.00703125