9 0.7328125 0.065625 0.03046875 0.0765625
2 0.77734375 0.0734375 0.0203125 0.03203125
16 0.8359375 0.0578125 0.0109375 0.04140625
16 0.8234375 0.065625 0.0109375 0.04140625
16 0.86796875 0.04453125 0.01015625 0.03515625
2 0.15234375 0.42734375 0.01328125 0.059375
2 0.16875 0.4203125 0.0140625 0.059375
2 0.09296875 0.465625 0.01640625 0.06875
2 0.0765625 0.47578125 0.0171875 0.0671875
16 0.7828125 0.10703125 0.01328125 0.02265625
16 0.72109375 0.1453125 0.0140625 0.02109375
16 0.4578125 0.28359375 0.00859375 0.03203125
2 0.75390625 0.13359375 0.0109375 0.03984375
16 0.46953125 0.290625 0.009375 0.03671875
16 0.83671875 0.1109375 0.0109375 0.01953125
16 0.56328125 0.25625 0.009375 0.01953125
16 0.7265625 0.1734375 0.0125 0.01953125
16 0.5015625 0.29296875 0.0078125 0.03828125
16 0.51171875 0.2875 0.00703125 0.03671875
16 0.5421875 0.27265625 0.0109375 0.01640625
16 0.5828125 0.25078125 0.01171875 0.02109375
16 0.625 0.23828125 0.015625 0.02109375
2 0.64453125 0.23046875 0.0171875 0.02890625
16 0.84140625 0.13515625 0.01328125 0.02109375
16 0.59609375 0.26484375 0.0140625 0.02109375
16 0.43671875 0.3515625 0.015625 0.02734375
16 0.5359375 0.3 0.0109375 0.01953125
16 0.55390625 0.29296875 0.01015625 0.0125
16 0.5765625 0.28125 0.01484375 0.02421875
9 0.88046875 0.12734375 0.0265625 0.07890625
9 0.315625 0.43125 0.1359375 0.23359375
16 0.84140625 0.16015625 0.0140625 0.01640625
9 0.11328125 0.54765625 0.03671875 0.08828125
16 0.0921875 0.56640625 0.009375 0.04609375
2 0.84453125 0.1828125 0.009375 0.01640625
16 0.6609375 0.28125 0.01328125 0.02109375
16 0.4203125 0.428125 0.015625 0.02890625
16 0.68828125 0.290625 0.01640625 0.03359375
16 0.66328125 0.30546875 0.01015625 0.0109375
2 0.70859375 0.28359375 0.015625 0.02890625
16 0.09765625 0.6296875 0.0125 0.0484375
16 0.125 0.6171875 0.009375 0.03828125
16 0.11328125 0.625 0.01328125 0.0484375
16 0.42265625 0.46953125 0.01328125 0.02578125
16 0.42734375 0.49609375 0.015625 0.02421875
16 0.64765625 0.38125 0.009375 0.03515625
2 0.1515625 0.6640625 0.0140625 0.065625
2 0.17578125 0.65390625 0.015625 0.0640625
2 0.1921875 0.66015625 0.00859375 0.04140625
16 0.4078125 0.5578125 0.0109375 0.01640625
16 0.42421875 0.54921875 0.01328125 0.02109375
16 0.41015625 0.58203125 0.01328125 0.02265625
16 0.4265625 0.57578125 0.009375 0.0109375
16 0.0734375 0.76484375 0.01328125 0.02109375
16 0.0921875 0.75625 0.01328125 0.01640625
16 0.19609375 0.70625 0.009375 0.03359375
16 0.4125 0.60703125 0.01171875 0.01953125
16 0.09296875 0.775 0.01484375 0.02734375
16 0.42890625 0.6 0.00859375 0.0140625
16 0.07578125 0.78828125 0.0171875 0.02578125
9 0.17890625 0.7421875 0.0328125 0.08046875
16 0.43203125 0.6171875 0.0109375 0.01953125
9 0.7109375 0.4734375 0.09140625 0.321875
9 0.54453125 0.5625 0.184375 0.45546875
16 0.41484375 0.63203125 0.01015625 0.01796875
16 0.43359375 0.6453125 0.009375 0.01796875
16 0.41796875 0.65390625 0.0109375 0.0125
9 0.35234375 0.6921875 0.08125 0.20859375
16 0.41796875 0.6765625 0.00859375 0.0125
16 0.434375 0.66796875 0.01015625 0.01953125
9 0.26640625 0.75703125 0.04921875 0.15859375
16 0.08046875 0.85703125 0.015625 0.02265625
2 0.0984375 0.8484375 0.01484375 0.02109375
16 0.175 0.809375 0.01328125 0.0515625
2 0.16171875 0.82421875 0.0109375 0.05625
2 0.14609375 0.834375 0.0171875 0.065625
16 0.41953125 0.70390625 0.01015625 0.01640625
16 0.4375 0.69453125 0.0109375 0.01796875
16 0.6578125 0.5796875 0.0140625 0.02421875
16 0.4234375 0.721875 0.00859375 0.0140625
16 0.43828125 0.7203125 0.009375 0.01796875
16 0.4234375 0.74921875 0.0125 0.01796875
16 0.440625 0.74296875 0.00859375 0.01796875
16 0.4390625 0.76640625 0.00859375 0.01953125
16 0.2953125 0.91484375 0.01328125 0.0609375
16 0.3109375 0.909375 0.01328125 0.0625
2 0.28046875 0.928125 0.0140625 0.0609375
2 0.3953125 0.13984375 0.01875 0.03359375
16 0.70234375 0.00546875 0.02109375 0.0109375
16 0.24453125 0.23984375 0.01328125 0.05