2 0.3515625 0.73515625 0.009375 0.04921875
2 0.37109375 0.73203125 0.01015625 0.04921875
2 0.34140625 0.73671875 0.009375 0.04921875
2 0.36171875 0.73515625 0.009375 0.04921875
20 0.59921875 0.70703125 0.0171875 0.06640625
2 0.5875 0.7125 0.00625 0.03046875
2 0.17734375 0.77578125 0.00546875 0.03203125
2 0.6109375 0.7109375 0.00546875 0.03046875
2 0.9203125 0.66484375 0.00859375 0.04921875
2 0.93046875 0.6625 0.00859375 0.04765625
2 0.940625 0.6625 0.00859375 0.05078125
16 0.7078125 0.69921875 0.00625 0.03203125
2 0.95078125 0.66328125 0.009375 0.04921875
2 0.64296875 0.7125 0.00625 0.03046875
20 0.0984375 0.79609375 0.01875 0.08125
2 0.08515625 0.7984375 0.00625 0.03046875
2 0.6234375 0.7171875 0.00625 0.03359375
16 0.6984375 0.70703125 0.00390625 0.02890625
2 0.77109375 0.696875 0.00703125 0.03046875
16 0.6625 0.71484375 0.00546875 0.02890625
16 0.6890625 0.7125 0.00546875 0.03046875
20 0.6328125 0.7203125 0.0140625 0.04921875
2 0.1125 0.8078125 0.00703125 0.03359375
20 0.671875 0.72421875 0.00859375 0.03828125
2 0.74921875 0.71328125 0.00546875 0.03203125
9 0.73671875 0.715625 0.0171875 0.06484375
16 0.68203125 0.7265625 0.00625 0.03203125
20 0.32734375 0.78125 0.01875 0.0796875
20 0.190625 0.803125 0.0171875 0.07421875
16 0.2046875 0.803125 0.00859375 0.03984375
2 0.11875 0.81640625 0.00546875 0.03203125
16 0.796875 0.71328125 0.0078125 0.03828125
2 0.725 0.7265625 0.0046875 0.02890625
20 0.3875 0.77734375 0.01953125 0.075
16 0.70859375 0.73359375 0.00625 0.03046875
20 0.78359375 0.72421875 0.01875 0.078125
20 0.8375 0.715625 0.0171875 0.0765625
2 0.8234375 0.71953125 0.00546875 0.02890625
16 0.85078125 0.71796875 0.0078125 0.03515625
20 0.90625 0.7109375 0.0171875 0.0765625
2 0.61328125 0.75859375 0.00703125 0.03671875
20 0.9671875 0.7078125 0.01875 0.07421875
16 0.98046875 0.7078125 0.00703125 0.03671875
16 0.63671875 0.765625 0.00625 0.03203125
16 0.62265625 0.76875 0.00546875 0.03203125
16 0.6296875 0.76796875 0.00625 0.03359375
16 0.6640625 0.76328125 0.00703125 0.03359375
2 0.69921875 0.75859375 0.00546875 0.03046875
16 0.690625 0.76015625 0.00546875 0.03046875
2 0.67890625 0.76640625 0.00546875 0.03046875
2 0.5875 0.7796875 0.00546875 0.02734375
2 0.6453125 0.77421875 0.00546875 0.02734375
16 0.67265625 0.771875 0.00625 0.02890625
16 0.65234375 0.775 0.00546875 0.02890625
16 0.7171875 0.765625 0.0046875 0.02890625
16 0.709375 0.771875 0.00546875 0.02890625
16 0.75234375 0.76640625 0.00546875 0.03046875
16 0.34609375 0.828125 0.00859375 0.04140625
16 0.75859375 0.76640625 0.00546875 0.03046875
16 0.73203125 0.77578125 0.00546875 0.02890625
2 0.603125 0.803125 0.00390625 0.025
2 0.5953125 0.80625 0.00546875 0.03046875
16 0.4015625 0.83828125 0.00859375 0.03671875
16 0.76640625 0.78984375 0.0046875 0.02890625
2 0.63125 0.8109375 0.00859375 0.03984375
16 0.92890625 0.76796875 0.00703125 0.03984375
2 0.3953125 0.8484375 0.00625 0.03203125
2 0.61953125 0.8171875 0.00859375 0.04921875
2 0.98046875 0.7609375 0.00546875 0.03203125
16 0.6546875 0.81328125 0.00546875 0.02890625
2 0.70625 0.8078125 0.00703125 0.03046875
16 0.92265625 0.77578125 0.00625 0.03203125
16 0.66796875 0.821875 0.00546875 0.03046875
16 0.64765625 0.8265625 0.00546875 0.02890625
2 0.640625 0.83046875 0.00546875 0.02734375
2 0.60703125 0.8359375 0.00546875 0.02890625
9 0.69375 0.8265625 0.0203125 0.078125
2 0.48046875 0.8671875 0.00546875 0.03203125
2 0.1125 0.92578125 0.0078125 0.13203125
2 0.26328125 0.90546875 0.01015625 0.13359375
2 0.71328125 0.8359375 0.00546875 0.03203125
2 0.30078125 0.90078125 0.03515625 0.109375
2 0.14921875 0.925 0.0359375 0.1109375
2 0.70625 0.840625 0.00546875 0.02890625
16 0.66328125 0.85390625 0.0046875 0.02734375
2 0.50546875 0.8796875 0.00546875 0.02734375
2 0.51953125 0.878125 0.00546875 0.03046875
2 0.52578125 0.87890625 0.00625 0.02890625
9 0.73828125 0.84765625 0.0125 0.07421875
16 0.65 0.8625 0.00546875 0.02890625
16 0.72734375 0.859375 0.00625 0.03203125
2 0.83828125 0.8421875 0.03515625 0.109375
2 0.80078125 0.84921875 0.0375 0.1078125
20 0.175 0.9515625 0.009375 0.04140625
20 0.2203125 0.94765625 0.00859375 0.04296875
20 0.3953125 0.9234375 0.01484375 0.04921875
16 0.71015625 0.875 0.00625 0.03046875
20 0.3359375 0.93359375 0.009375 0.03984375
9 0.62890625 0.8921875 0.03359375 0.06796875
16 0.7171875 0.884375 0.00546875 0.02734375
20 0.6640625 0.90078125 0.01171875 0.04140625
20 0.89140625 0.86953125 0.01015625 0.04296875
20 0.67421875 0.90234375 0.01015625 0.04140625
2 0.6484375 0.90625 0.0046875 0.02734375
20 0.909375 0.86640625 0.01015625 0.03984375
20 0.9703125 0.86015625 0.01015625 0.04296875
16 0.18515625 0.98125 0.00546875 0.03046875
16 0.65625 0.91171875 0.00546875 0.02890625
16 0.6890625 0.90703125 0.00546875 0.03203125
2 0.32421875 0.965625 0.00703125 0.03203125
2 0.3546875 0.96171875 0.00546875 0.03046875
2 0.38515625 0.9578125 0.00703125 0.03203125
16 0.71015625 0.9109375 0.00546875 0.02734375
16 0.175 0.98671875 0.00703125 0.0234375
16 0.20234375 0.9859375 0.00703125 0.025
16 0.20859375 0.9859375 0.00625 0.025
16 0.23046875 0.9828125 0.00703125 0.03046875
16 0.340625 0.971875 0.00546875 0.03203125
16 0.31796875 0.97578125 0.00625 0.03203125
16 0.3484375 0.971875 0.00625 0.03203125
16 0.37109375 0.96875 0.00546875 0.03203125
16 0.378125 0.96875 0.00625 0.03203125
16 0.4015625 0.96640625 0.00703125 0.03046875
2 0.759375 0.9125 0.00625 0.03359375
16 0.6046875 0.9359375 0.00703125 0.02890625
16 0.71875 0.92265625 0.00546875 0.02890625
16 0.73125 0.921875 0.00546875 0.02734375
4 0.47109375 0.95078125 0.1109375 0.0953125
16 0.72421875 0.92421875 0.00546875 0.02890625
16 0.7765625 0.915625 0.00546875 0.03046875
2 0.9296875 0.8953125 0.00625 0.03359375
2 0.959375 0.890625 0.00625 0.03046875
2 0.9890625 0.88828125 0.00546875 0.03203125
16 0.753125 0.92421875 0.00625 0.03203125
16 0.76796875 0.921875 0.00625 0.03359375
16 0.88359375 0.90859375 0.00546875 0.03203125
16 0.95234375 0.89921875 0.00625 0.03203125
16 0.915625 0.90546875 0.00546875 0.02890625
16 0.92265625 0.90390625 0.00546875 0.02890625
16 0.94609375 0.9 0.00703125 0.03046875
16 0.97578125 0.89765625 0.00625 0.03203125
16 0.9828125 0.89765625 0.00546875 0.02890625
16 0.2828125 0.9953125 0.00546875 0.00625
2 0.2765625 0.9953125 0.00546875 0.00625
16 0.28984375 0.99453125 0.00625 0.0078125
16 0.68671875 0.9515625 0.00546875 0.02890625
16 0.69296875 0.9515625 0.00625 0.03203125
2 0.365625 0.99296875 0.00546875 0.0109375
16 0.34921875 0.99375 0.00703125 0.009375
16 0.3421875 0.9953125 0.00625 0.00625
16 0.371875 0.9921875 0.00625 0.0125
2 0.33515625 0.9953125 0.00625 0.00625
16 0.3796875 0.9921875 0.00625 0.0125
16 0.6609375 0.959375 0.00625 0.02890625
2 0.3953125 0.99140625 0.00703125 0.0140625
16 0.64765625 0.9625 0.0046875 0.03203125
16 0.7 0.953125 0.0046875 0.02890625
16 0.40234375 0.99140625 0.00625 0.0140625
16 0.675 0.95859375 0.00703125 0.03046875
2 0.71171875 0.953125 0.00546875 0.02890625
2 0.890625 0.92578125 0.00625 0.03046875
16 0.61796875 0.9671875 0.0046875 0.02890625
2 0.6109375 0.96796875 0.00625 0.03046875
16 0.6046875 0.96875 0.00546875 0.02890625
16 0.64140625 0.965625 0.00546875 0.02578125
16 0.71875 0.953125 0.00546875 0.02578125
2 0.73203125 0.9515625 0.00625 0.02578125
16 0.72578125 0.953125 0.00703125 0.02578125
2 0.628125 0.96796875 0.00703125 0.025
2 0.74609375 0.95078125 0.0078125 0.025
16 0.82109375 0.9390625 0.00625 0.0234375
16 0.8140625 0.94140625 0.00625 0.021875
2 0.84921875 0.93515625 0.00703125 0.021875
16 0.8578125 0.93671875 0.00546875 0.01875
16 0.75390625 0.95234375 0.00625 0.01875
16 0.784375 0.94765625 0.00703125 0.01875
16 0.7765625 0.9484375 0.00703125 0.0203125
2 0.7703125 0.94921875 0.00703125 0.01875
2 0.80078125 0.94453125 0.00546875 0.01875
16 0.80703125 0.94453125 0.00546875 0.015625
2 0.8265625 0.9421875 0.00703125 0.0171875
16 0.834375 0.94140625 0.00625 0.015625
16 0.884375 0.93359375 0.00546875 0.015625
16 0.8640625 0.93671875 0.00546875 0.015625
2 0.909375 0.93203125 0.00546875 0.0125
16 0.9234375 0.928125 0.00625 0.0140625
16 0.91640625 0.93046875 0.00546875 0.0125
2 0.93984375 0.92578125 0.00546875 0.0125
16 0.95234375 0.925 0.00546875 0.0109375
16 0.946875 0.92578125 0.00546875 0.0125
2 0.96953125 0.921875 0.00546875 0.0125
16 0.98359375 0.92109375 0.00703125 0.0109375
16 0.97734375 0.9234375 0.00703125 0.009375