15 0.53046875 0.46640625 0.01484375 0.01015625
15 0.5296875 0.47734375 0.0140625 0.0109375
1 0.85 0.47734375 0.015625 0.01640625
1 0.76640625 0.4796875 0.01796875 0.01015625
1 0.16328125 0.0484375 0.01640625 0.01484375
1 0.12265625 0.0484375 0.00703125 0.01953125
9 0.68671875 0.5109375 0.03515625 0.05234375
9 0.10078125 0.51171875 0.03359375 0.1109375
1 0.85546875 0.5125 0.00859375 0.02265625
9 0.75546875 0.51484375 0.03671875 0.05625
9 0.82421875 0.51640625 0.034375 0.05390625
1 0.5921875 0.5171875 0.015625 0.01171875
9 0.8859375 0.5171875 0.03515625 0.05234375
1 0.3421875 0.51953125 0.0140625 0.015625
1 0.396875 0.51953125 0.01484375 0.01171875
9 0.0640625 0.5203125 0.03046875 0.09453125
1 0.65546875 0.52265625 0.0109375 0.02421875
9 0.2109375 0.52265625 0.028125 0.0953125
1 0.79921875 0.5234375 0.00703125 0.01953125
9 0.175 0.5234375 0.0328125 0.10078125
9 0.1390625 0.52421875 0.03046875 0.10390625
9 0.25078125 0.52734375 0.0296875 0.1
1 0.50390625 0.0546875 0.0140625 0.00859375
1 0.1296875 0.0578125 0.00703125 0.01796875
1 0.90546875 0.05859375 0.0171875 0.0109375
9 0.44140625 0.59453125 0.03359375 0.05859375
9 0.33359375 0.5984375 0.034375 0.0265625
1 0.35859375 0.61171875 0.015625 0.0140625
1 0.4296875 0.63046875 0.0171875 0.015625
1 0.159375 0.0640625 0.02421875 0.03046875
9 0.09921875 0.64140625 0.02734375 0.059375
9 0.06796875 0.6421875 0.021875 0.059375
9 0.1375 0.64296875 0.028125 0.071875
9 0.175 0.64453125 0.025 0.0671875
9 0.39375 0.64453125 0.0515625 0.159375
9 0.21171875 0.646875 0.025 0.0765625
9 0.25078125 0.64921875 0.0296875 0.08203125
9 0.3328125 0.65234375 0.0234375 0.03125
1 0.45703125 0.65703125 0.0171875 0.0171875
1 0.35703125 0.66640625 0.0140625 0.015625
1 0.09609375 0.6796875 0.01484375 0.01171875
9 0.48984375 0.68046875 0.07109375 0.04375
1 0.0640625 0.6828125 0.02109375 0.0125
1 0.2109375 0.6859375 0.015625 0.0125
1 0.171875 0.68671875 0.01875 0.0109375
1 0.1359375 0.68671875 0.0140625 0.01640625
9 0.56875 0.68671875 0.071875 0.0453125
1 0.2484375 0.68828125 0.0203125 0.0125
1 0.90703125 0.06953125 0.015625 0.0109375
1 0.06328125 0.0703125 0.0140625 0.009375
1 0.31484375 0.6953125 0.0078125 0.02421875
9 0.33203125 0.69765625 0.03203125 0.025
1 0.24375 0.0703125 0.0140625 0.0109375
9 0.73203125 0.70546875 0.10859375 0.07109375
20 0.884375 0.07109375 0.0078125 0.025
1 0.09765625 0.07109375 0.01484375 0.02421875
20 0.8921875 0.07265625 0.0046875 0.02265625
9 0.48984375 0.73046875 0.07265625 0.05078125
1 0.07421875 0.0734375 0.00703125 0.01875
1 0.08203125 0.07421875 0.00625 0.01640625
9 0.56953125 0.73359375 0.071875 0.04296875
15 0.3828125 0.73984375 0.0125 0.01171875
1 0.0890625 0.740625 0.09296875 0.053125
1 0.503125 0.075 0.01484375 0.009375
15 0.3828125 0.75 0.01484375 0.01171875
1 0.4546875 0.7546875 0.0125 0.02578125
15 0.384375 0.7609375 0.0140625 0.0140625
1 0.31328125 0.765625 0.02109375 0.0140625
9 0.56953125 0.7765625 0.075 0.04453125
1 0.11796875 0.078125 0.01875 0.02578125
1 0.3703125 0.078125 0.015625 0.01015625
1 0.06328125 0.07890625 0.015625 0.00859375
15 0.0578125 0.78828125 0.01484375 0.0078125
1 0.31484375 0.78984375 0.01796875 0.02734375
15 0.0578125 0.796875 0.01328125 0.0109375
15 0.24296875 0.08046875 0.0140625 0.0125
1 0.0921875 0.8015625 0.015625 0.00546875
1 0.90625 0.08046875 0.0125 0.01015625
1 0.453125 0.803125 0.00859375 0.0234375
1 0.0734375 0.803125 0.0140625 0.00859375
1 0.309375 0.80703125 0.01015625 0.0140625
1 0.05703125 0.809375 0.01640625 0.01328125
15 0.2734375 0.08203125 0.0140625 0.0125
15 0.0578125 0.81875 0.015625 0.01015625
9 0.56640625 0.8234375 0.07421875 0.04765625
9 0.48984375 0.825 0.075 0.046875
1 0.3140625 0.8296875 0.01796875 0.02421875
15 0.0578125 0.8296875 0.01328125 0.00859375
15 0.0578125 0.83984375 0.01640625 0.00625
9 0.2609375 0.84296875 0.03359375 0.0328125
15 0.503125 0.084375 0.0140625 0.00859375
1 0.23515625 0.8453125 0.0078125 0.02109375
9 0.1796875 0.84609375 0.0515625 0.2203125
15 0.05703125 0.85078125 0.0140625 0.0125
1 0.3375 0.0859375 0.01875 0.01015625
1 0.4515625 0.85546875 0.01328125 0.0140625
9 0.87421875 0.86171875 0.0296875 0.0828125
1 0.05703125 0.86171875 0.01484375 0.01171875
9 0.7296875 0.86953125 0.1109375 0.1578125
9 0.83046875 0.87734375 0.04921875 0.1609375
9 0.09453125 0.878125 0.05546875 0.1390625
15 0.1296875 0.89140625 0.01484375 0.01015625
1 0.90546875 0.090625 0.01484375 0.0109375
9 0.25703125 0.8984375 0.03671875 0.04140625
1 0.0640625 0.090625 0.015625 0.01015625
1 0.31328125 0.90546875 0.02265625 0.02421875
1 0.22890625 0.91484375 0.009375 0.02734375
1 0.3703125 0.0921875 0.0140625 0.0125
1 0.31015625 0.921875 0.01484375 0.0109375
15 0.12578125 0.92578125 0.00625 0.021875
1 0.134375 0.9265625 0.0109375 0.02421875
15 0.1453125 0.92734375 0.009375 0.0203125
15 0.45859375 0.928125 0.0125 0.00859375
15 0.45703125 0.9359375 0.01328125 0.0078125
1 0.1296875 0.09453125 0.00703125 0.01640625
15 0.43984375 0.9484375 0.00859375 0.01328125
1 0.159375 0.09609375 0.01796875 0.04453125
1 0.08203125 0.09765625 0.0078125 0.02109375
1 0.90625 0.10078125 0.01171875 0.0109375
1 0.0625 0.1015625 0.0140625 0.00859375
1 0.096875 0.1046875 0.01796875 0.02265625
9 0.78046875 0.10625 0.1546875 0.07578125
1 0.12890625 0.10859375 0.03125 0.02109375
1 0.3703125 0.10859375 0.01484375 0.0125
1 0.0625 0.11015625 0.01328125 0.009375
1 0.86328125 0.1109375 0.00703125 0.02890625
15 0.8890625 0.11328125 0.01796875 0.01015625
15 0.07734375 0.11796875 0.01640625 0.009375
15 0.8890625 0.121875 0.01640625 0.00859375
1 0.13125 0.125 0.00859375 0.01640625
1 0.93828125 0.13125 0.01796875 0.01171875
9 0.4265625 0.1328125 0.028125 0.02421875
15 0.68984375 0.13359375 0.01328125 0.00859375
1 0.45078125 0.13515625 0.0234375 0.0125
15 0.378125 0.140625 0.00703125 0.01796875
1 0.3875 0.140625 0.0078125 0.01953125
15 0.3984375 0.140625 0.00546875 0.0171875
15 0.371875 0.14140625 0.00703125 0.01640625
1 0.690625 0.14375 0.0125 0.009375
15 0.57265625 0.1453125 0.015625 0.01015625
15 0.60625 0.146875 0.01640625 0.0125
1 0.5546875 0.146875 0.015625 0.01484375
1 0.690625 0.15234375 0.01328125 0.0125
20 0.571875 0.1578125 0.0171875 0.0171875
15 0.0578125 0.1609375 0.00625 0.0171875
15 0.0734375 0.16171875 0.00703125 0.015625
15 0.06640625 0.1625 0.0078125 0.015625
15 0.0546875 0.16328125 0.015625 0.025
15 0.55234375 0.16796875 0.0125 0.009375
15 0.60625 0.16796875 0.01484375 0.01328125
15 0.63671875 0.16875 0.01015625 0.025
1 0.62109375 0.16953125 0.00703125 0.01953125
15 0.69453125 0.1703125 0.0078125 0.01875
15 0.6859375 0.17109375 0.00546875 0.025
15 0.5734375 0.1734375 0.01484375 0.0109375
15 0.03984375 0.17578125 0.01484375 0.01171875
15 0.584375 0.17890625 0.0078125 0.01953125
1 0.5078125 0.17890625 0.01640625 0.009375
15 0.4953125 0.18515625 0.00546875 0.01484375
15 0.04140625 0.1875 0.015625 0.0109375
1 0.50859375 0.18984375 0.0125 0.01171875
15 0.04140625 0.19765625 0.01640625 0.00859375
1 0.140625 0.2046875 0.0140625 0.01015625
9 0.2390625 0.2046875 0.0546875 0.215625
9 0.30390625 0.20703125 0.05234375 0.21640625
15 0.0421875 0.20703125 0.01796875 0.009375
1 0.3328125 0.225 0.00625 0.01796875
9 0.39765625 0.23359375 0.08984375 0.12890625
15 0.04453125 0.23671875 0.01328125 0.00859375
1 0.459375 0.23671875 0.00859375 0.025
1 0.8640625 0.24140625 0.01328125 0.01171875
1 0.90625 0.2421875 0.015625 0.0078125
15 0.04375 0.246875 0.0125 0.0140625
1 0.87421875 0.25703125 0.0078125 0.0171875
9 0.653125 0.26328125 0.08359375 0.10078125
1 0.59921875 0.2640625 0.01015625 0.0265625
9 0.89453125 0.26640625 0.02890625 0.0328125
1 0.70625 0.2671875 0.00859375 0.02109375
1 0.86484375 0.27421875 0.0140625 0.01328125
1 0.775 0.28671875 0.01484375 0.01328125
9 0.14140625 0.2859375 0.09296875 0.1296875
9 0.140625 0.28671875 0.09296875 0.13046875
1 0.91484375 0.28828125 0.015625 0.01328125
1 0.20625 0.29140625 0.00859375 0.01796875
1 0.0484375 0.29140625 0.01015625 0.01875
9 0.803125 0.2953125 0.03359375 0.03671875
9 0.8953125 0.30234375 0.02734375 0.0328125
1 0.91875 0.303125 0.0203125 0.0109375
1 0.871875 0.30390625 0.01171875 0.025
1 0.3015625 0.32109375 0.01328125 0.01015625
1 0.23828125 0.32109375 0.01484375 0.00859375
1 0.6 0.32109375 0.01640625 0.01171875
1 0.91640625 0.321875 0.0125 0.0125
15 0.35 0.321875 0.00625 0.01875
15 0.371875 0.32265625 0.00703125 0.01875
15 0.3859375 0.32265625 0.00703125 0.02265625
15 0.39375 0.3234375 0.009375 0.01953125
15 0.428125 0.32421875 0.0078125 0.021875
1 0.775 0.33671875 0.01484375 0.01484375
9 0.8015625 0.3390625 0.0265625 0.03515625
1 0.87109375 0.340625 0.0109375 0.025
1 0.91796875 0.340625 0.01953125 0.009375
1 0.37109375 0.3421875 0.01796875 0.0140625
9 0.89375 0.3421875 0.02890625 0.028125
15 0.66015625 0.34921875 0.0171875 0.01171875
15 0.06953125 0.3609375 0.01484375 0.009375
15 0.915625 0.36484375 0.0125 0.0125
15 0.0703125 0.3765625 0.01640625 0.01328125
1 0.91484375 0.38046875 0.01484375 0.01015625
15 0.53046875 0.38046875 0.01484375 0.00859375
15 0.21640625 0.3828125 0.00625 0.0203125
15 0.2390625 0.3828125 0.00625 0.021875
15 0.23203125 0.3828125 0.00546875 0.02265625
15 0.246875 0.38359375 0.00625 0.02109375
15 0.22421875 0.38359375 0.00625 0.02109375
1 0.1140625 0.38515625 0.00859375 0.0203125
15 0.26953125 0.3875 0.01484375 0.00859375
9 0.0953125 0.3890625 0.028125 0.0390625
15 0.52890625 0.39140625 0.01171875 0.00703125
9 0.8859375 0.39453125 0.03828125 0.05
15 0.1859375 0.396875 0.0078125 0.01875
15 0.16484375 0.39765625 0.00625 0.01953125
15 0.17890625 0.39765625 0.00546875 0.0203125
15 0.171875 0.39765625 0.00625 0.01875
15 0.20859375 0.3984375 0.00625 0.021875
15 0.19453125 0.3984375 0.00625 0.02265625
15 0.20234375 0.3984375 0.00546875 0.0203125
15 0.53046875 0.409375 0.01328125 0.0078125
1 0.715625 0.41953125 0.01484375 0.015625
15 0.52890625 0.42109375 0.0140625 0.00625
9 0.59375 0.43203125 0.0921875 0.13203125
15 0.5296875 0.43203125 0.0140625 0.00625
9 0.396875 0.4359375 0.05390625 0.1578125
9 0.3421875 0.43671875 0.0484375 0.16171875
1 0.50390625 0.04453125 0.0140625 0.0125
9 0.6875 0.440625 0.04296875 0.0515625
15 0.5296875 0.44375 0.01328125 0.00859375
1 0.85625 0.44921875 0.0140625 0.01328125
9 0.8234375 0.45234375 0.03125 0.05234375
15 0.5296875 0.45546875 0.01484375 0.01015625
9 0.8875 0.45546875 0.0375 0.0484375