9 0.56328125 0.5 0.15 0.1953125
16 0.034375 0.6609375 0.015625 0.01484375
2 0.6390625 0.48515625 0.01796875 0.01171875
2 0.7140625 0.465625 0.02265625 0.028125
16 0.728125 0.4625 0.00859375 0.0203125
16 0.696875 0.47265625 0.01015625 0.0203125
2 0.68828125 0.47734375 0.01171875 0.0265625
2 0.67890625 0.48125 0.01328125 0.0234375
2 0.90390625 0.41484375 0.0140625 0.0328125
2 0.9234375 0.409375 0.01171875 0.02578125
2 0.86796875 0.42734375 0.01015625 0.02734375
2 0.88515625 0.421875 0.01171875 0.025
2 0.9421875 0.4046875 0.01484375 0.02890625
2 0.9609375 0.4 0.01328125 0.028125
4 0.31015625 0.590625 0.334375 0.14296875
16 0.6390625 0.4953125 0.01640625 0.01171875
16 0.03671875 0.671875 0.01640625 0.01171875
16 0.7390625 0.4875 0.01015625 0.0203125
2 0.721875 0.4921875 0.01015625 0.0234375
16 0.73046875 0.490625 0.009375 0.0203125
16 0.746875 0.4859375 0.009375 0.0203125
16 0.71171875 0.49609375 0.01015625 0.0203125
2 0.684375 0.5046875 0.01171875 0.02421875
2 0.69453125 0.5015625 0.01015625 0.0234375
16 0.0109375 0.15234375 0.01796875 0.015625
16 0.6453125 0.52421875 0.015625 0.0125
16 0.446875 0.5828125 0.01796875 0.01640625
16 0.21640625 0.65234375 0.0109375 0.02265625
16 0.20625 0.65625 0.0109375 0.02109375
2 0.22578125 0.65078125 0.009375 0.02109375
2 0.23515625 0.6484375 0.0109375 0.021875
2 0.93046875 0.4453125 0.01484375 0.03046875
2 0.9484375 0.440625 0.0171875 0.0328125
16 0.1984375 0.66171875 0.01015625 0.02265625
16 0.0859375 0.69453125 0.0171875 0.01484375
2 0.875 0.4625 0.009375 0.02578125
2 0.9109375 0.45234375 0.01484375 0.0296875
2 0.9671875 0.4359375 0.01640625 0.0296875
2 0.89296875 0.459375 0.01328125 0.028125
16 0.64609375 0.53671875 0.01796875 0.015625
2 0.0828125 0.71328125 0.01328125 0.02421875
2 0.09296875 0.7109375 0.0109375 0.02421875
22 0.4171875 0.6171875 0.0671875 0.07734375
16 0.64921875 0.54921875 0.01796875 0.01328125
9 0.35625 0.6359375 0.0625 0.07578125
16 0.7796875 0.5140625 0.00859375 0.0203125
16 0.6515625 0.5609375 0.01640625 0.0125
2 0.975 0.46953125 0.0140625 0.0296875
2 0.91796875 0.48671875 0.01796875 0.03203125
2 0.89921875 0.49296875 0.01640625 0.0296875
2 0.88125 0.4984375 0.0125 0.02734375
2 0.28046875 0.675 0.0125 0.02578125
9 0.72265625 0.5453125 0.08828125 0.084375
2 0.93671875 0.4828125 0.01171875 0.0296875
2 0.271875 0.678125 0.01171875 0.025
2 0.95546875 0.47734375 0.0140625 0.02890625
2 0.23359375 0.690625 0.01328125 0.02578125
16 0.4515625 0.62734375 0.01171875 0.021875
2 0.25234375 0.68515625 0.01171875 0.02734375
2 0.225 0.69375 0.0125 0.02578125
2 0.2140625 0.696875 0.01171875 0.02734375
2 0.1875 0.7046875 0.01015625 0.025
2 0.17734375 0.7078125 0.01015625 0.02421875
2 0.2421875 0.6890625 0.01015625 0.02578125
2 0.38984375 0.6453125 0.01171875 0.0265625
2 0.19609375 0.703125 0.01015625 0.02421875
2 0.3 0.67265625 0.0109375 0.02734375
2 0.20546875 0.7015625 0.01015625 0.02265625
2 0.309375 0.6703125 0.0109375 0.02421875
2 0.26171875 0.684375 0.0109375 0.02578125
2 0.2890625 0.6765625 0.01328125 0.02421875
2 0.1578125 0.71484375 0.01015625 0.02421875
2 0.1671875 0.7125 0.01015625 0.02421875
16 0.4609375 0.62734375 0.01171875 0.021875
16 0.48046875 0.62109375 0.01015625 0.02109375
16 0.47109375 0.625 0.0140625 0.025
2 0.48828125 0.6203125 0.0125 0.02890625
16 0.65390625 0.57265625 0.0171875 0.01328125
16 0.78359375 0.5359375 0.01328125 0.0203125
16 0.640625 0.58671875 0.0125 0.02265625
16 0.7875 0.5578125 0.01015625 0.01875
16 0.1046875 0.76171875 0.01015625 0.0203125
16 0.11171875 0.76015625 0.01171875 0.021875
2 0.98046875 0.50703125 0.015625 0.03203125
2 0.92265625 0.5234375 0.01171875 0.028125
2 0.90546875 0.52890625 0.01328125 0.0265625
2 0.88828125 0.534375 0.01171875 0.025
2 0.96171875 0.5125 0.015625 0.03046875
2 0.9421875 0.51953125 0.0125 0.0265625
4 0.34921875 0.69453125 0.353125 0.14296875
2 0.6890625 0.61171875 0.0109375 0.02734375
16 0.715625 0.60390625 0.00859375 0.0203125
16 0.725 0.6015625 0.009375 0.0203125
16 0.70703125 0.60703125 0.01015625 0.0203125
2 0.75703125 0.5921875 0.01015625 0.0234375
16 0.76875 0.5890625 0.009375 0.02109375
16 0.7359375 0.6 0.01015625 0.0203125
16 0.74453125 0.59765625 0.01015625 0.01875
2 0.784375 0.5875 0.0109375 0.021875
2 0.79375 0.58515625 0.0125 0.02734375
16 0.67890625 0.61953125 0.01015625 0.0203125
16 0.64921875 0.6515625 0.0109375 0.0203125
16 0.6578125 0.64921875 0.01015625 0.02265625
4 0.3796875 0.74453125 0.53125 0.1953125
16 0.69921875 0.65390625 0.01796875 0.015625
16 0.74140625 0.659375 0.01015625 0.0171875
16 0.75 0.65625 0.01015625 0.0203125
16 0.759375 0.65546875 0.01171875 0.02265625
9 0.7140625 0.678125 0.0421875 0.0484375
16 0.75859375 0.6796875 0.01875 0.01328125
2 0.78203125 0.6734375 0.01171875 0.025
2 0.73984375 0.6859375 0.0125 0.02734375
16 0.684375 0.703125 0.01171875 0.02109375
16 0.65625 0.71171875 0.01015625 0.0203125
16 0.66484375 0.709375 0.0125 0.02265625
16 0.675 0.70703125 0.01015625 0.0203125
2 0.34375 0.809375 0.01484375 0.02734375
2 0.5265625 0.759375 0.01015625 0.02890625
9 0.08984375 0.8765625 0.1078125 0.24609375
2 0.75703125 0.6921875 0.01953125 0.0140625
9 0.675 0.74375 0.04453125 0.0515625
9 0.771875 0.7171875 0.0421875 0.046875
9 0.72265625 0.73203125 0.0390625 0.04609375
2 0.7015625 0.7484375 0.01328125 0.02734375
2 0.75 0.73359375 0.01171875 0.025
4 0.396875 0.84296875 0.53125 0.2015625
4 0.25859375 0.1046875 0.434375 0.16328125
16 0.68203125 0.7734375 0.01796875 0.015625
16 0.9484375 0.6953125 0.01640625 0.01328125
16 0.78203125 0.75 0.01015625 0.01875
16 0.74375 0.7609375 0.0125 0.02421875
2 0.771875 0.753125 0.01015625 0.0234375
2 0.79140625 0.74765625 0.01171875 0.025
2 0.75390625 0.759375 0.01015625 0.021875
16 0.76328125 0.75703125 0.01171875 0.021875
16 0.80078125 0.7453125 0.0109375 0.021875
16 0.8109375 0.74296875 0.01015625 0.0203125
2 0.81953125 0.740625 0.009375 0.0234375
9 0.903125 0.725 0.07265625 0.05859375
16 0.3796875 0.89453125 0.01171875 0.0234375
16 0.59609375 0.83046875 0.01328125 0.02265625
16 0.3703125 0.89765625 0.00859375 0.02109375
16 0.30390625 0.9171875 0.01171875 0.021875
16 0.38984375 0.8921875 0.0109375 0.02265625
16 0.35078125 0.903125 0.00859375 0.0203125
16 0.28515625 0.9234375 0.009375 0.0203125
16 0.32265625 0.9125 0.01171875 0.01953125
16 0.57890625 0.8375 0.01640625 0.03125
2 0.21953125 0.94296875 0.01015625 0.02421875
16 0.3625 0.9015625 0.009375 0.02421875
16 0.21015625 0.9453125 0.01328125 0.0234375
2 0.9515625 0.728125 0.01171875 0.02421875
16 0.9421875 0.7515625 0.009375 0.0203125
16 0.95546875 0.74921875 0.00859375 0.0171875
9 0.77265625 0.80703125 0.1765625 0.1375
2 0.93359375 0.77265625 0.01328125 0.02734375
2 0.85625 0.7984375 0.00859375 0.02109375
16 0.9453125 0.77265625 0.01328125 0.0234375
16 0.95859375 0.76796875 0.0125 0.0234375
2 0.86953125 0.79453125 0.01015625 0.02265625
4 0.41484375 0.91640625 0.53828125 0.165625
2 0.859375 0.8234375 0.01015625 0.025
16 0.86953125 0.8203125 0.009375 0.0203125
16 0.91953125 0.81171875 0.01015625 0.0203125
16 0.90703125 0.815625 0.01015625 0.0203125
2 0.8734375 0.84453125 0.0125 0.0234375
16 0.92265625 0.83203125 0.01015625 0.01875
16 0.53984375 0.9546875 0.01015625 0.01875
16 0.53125 0.9578125 0.00859375 0.01953125
16 0.503125 0.96640625 0.01171875 0.02109375
16 0.66328125 0.9203125 0.01328125 0.02421875
16 0.55078125 0.953125 0.01328125 0.025
16 0.5609375 0.95 0.01015625 0.0203125
16 0.5125 0.96484375 0.009375 0.021875
16 0.578125 0.9453125 0.01015625 0.021875
16 0.63515625 0.9296875 0.01171875 0.02109375
2 0.97578125 0.8296875 0.01171875 0.02578125
16 0.5234375 0.9625 0.0109375 0.02421875
16 0.95546875 0.8375 0.01015625 0.02109375
16 0.965625 0.834375 0.01015625 0.0203125
2 0.98515625 0.8296875 0.0125 0.0265625
16 0.99375 0.82734375 0.01171875 0.025
2 0.86875 0.87421875 0.01171875 0.025
2 0.89765625 0.8671875 0.01171875 0.025
9 0.803125 0.8890625 0.14296875 0.10390625
9 0.5828125 0.0515625 0.09921875 0.103125
4 0.42734375 0.96875 0.51796875 0.06171875
2 0.87421875 0.9 0.00546875 0.00703125
2 0.00703125 0.20859375 0.0140625 0.015625
16 0.03359375 0.20234375 0.0171875 0.0140625
2 0.68125 0.0171875 0.02109375 0.01328125
2 0.03515625 0.2140625 0.01796875 0.0140625
2 0.009375 0.22109375 0.01875 0.0171875
2 0.803125 0.00234375 0.0125 0.0046875
4 0.26875 0.15 0.4484375 0.17734375
2 0.54296875 0.08671875 0.01171875 0.02421875
4 0.278125 0.19921875 0.4359375 0.165625
2 0.64296875 0.10390625 0.01171875 0.02421875
2 0.55078125 0.13984375 0.01328125 0.02265625
9 0.7421875 0.096875 0.15625 0.19296875
4 0.28515625 0.24765625 0.5703125 0.2140625
2 0.67421875 0.15546875 0.0109375 0.02265625
2 0.68515625 0.15234375 0.01015625 0.025
9 0.60703125 0.175 0.1 0.13828125
2 0.8609375 0.1046875 0.015625 0.034375
9 0.9140625 0.09140625 0.06875 0.13828125
16 0.1 0.33359375 0.01171875 0.0203125
16 0.54296875 0.203125 0.01171875 0.02421875
2 0.11015625 0.33125 0.01328125 0.025
4 0.05703125 0.3546875 0.084375 0.065625
4 0.41328125 0.253125 0.23046875 0.1078125
16 0.68671875 0.17578125 0.01015625 0.01875
16 0.54765625 0.228125 0.01171875 0.02109375
16 0.55703125 0.22578125 0.00859375 0.0203125
16 0.528125 0.2359375 0.01640625 0.01484375
2 0.0171875 0.390625 0.01171875 0.02578125
2 0.0078125 0.39453125 0.01171875 0.025
2 0.56796875 0.2296875 0.0109375 0.025
16 0.2953125 0.3125 0.01796875 0.015625
4 0.196875 0.34296875 0.18828125 0.1
16 0.5328125 0.24609375 0.01484375 0.0125
2 0.809375 0.1703125 0.01328125 0.021875
16 0.69765625 0.203125 0.01015625 0.0203125
16 0.2953125 0.3265625 0.01015625 0.01875
16 0.53671875 0.2578125 0.0140625 0.0125
16 0.8859375 0.15703125 0.00859375 0.01796875
4 0.0640625 0.40078125 0.08671875 0.05703125
16 0.0203125 0.4140625 0.01015625 0.0203125
16 0.53359375 0.26484375 0.01953125 0.021875
4 0.41953125 0.3 0.228125 0.1046875
4 0.253125 0.07109375 0.43671875 0.1421875
16 0.29921875 0.34765625 0.00859375 0.0203125
16 0.7546875 0.21328125 0.01015625 0.0203125
9 0.5640625 0.26875 0.04140625 0.05
16 0.74453125 0.21640625 0.01171875 0.0203125
16 0.28828125 0.359375 0.015625 0.01171875
16 0.128125 0.40703125 0.01640625 0.015625
16 0.27109375 0.365625 0.0140625 0.01171875
16 0.16328125 0.396875 0.01796875 0.0140625
16 0.1453125 0.403125 0.01640625 0.0125
2 0.0046875 0.446875 0.009375 0.025
2 0.028125 0.43984375 0.01015625 0.0203125
16 0.9453125 0.171875 0.00859375 0.01953125
2 0.01171875 0.44609375 0.01171875 0.025
16 0.82421875 0.2078125 0.01640625 0.015625
16 0.91953125 0.18046875 0.0109375 0.021875
16 0.9375 0.17578125 0.0109375 0.02109375
16 0.9296875 0.1796875 0.01328125 0.02265625
16 0.74921875 0.23828125 0.01171875 0.025
16 0.7578125 0.2359375 0.0109375 0.02109375
9 0.63125 0.2734375 0.0390625 0.04609375
16 0.52890625 0.3046875 0.0109375 0.0203125
2 0.65390625 0.271875 0.01171875 0.025
16 0.8171875 0.228125 0.0171875 0.01640625
16 0.90625 0.2078125 0.01796875 0.0140625
4 0.27421875 0.3953125 0.3265625 0.1328125
16 0.5671875 0.3125 0.00859375 0.0171875
16 0.56015625 0.315625 0.0078125 0.01796875
16 0.809375 0.24296875 0.01796875 0.01640625
16 0.5515625 0.3203125 0.0125 0.01796875
16 0.64453125 0.2953125 0.01953125 0.015625
16 0.53515625 0.32890625 0.01015625 0.01875
16 0.509375 0.3375 0.00859375 0.01796875
16 0.51796875 0.3359375 0.009375 0.0234375
16 0.52578125 0.334375 0.00859375 0.0203125
16 0.803125 0.2546875 0.01640625 0.0125
9 0.0734375 0.46953125 0.07890625 0.10078125
16 0.02734375 0.50859375 0.0171875 0.0140625
16 0.153125 0.475 0.01015625 0.02109375
16 0.14296875 0.47734375 0.0125 0.02109375
16 0.0296875 0.5203125 0.01640625 0.01328125
2 0.21171875 0.47265625 0.01015625 0.02265625
16 0.24453125 0.46328125 0.01015625 0.01953125
16 0.22578125 0.4703125 0.01015625 0.0203125
16 0.234375 0.46796875 0.0109375 0.0203125
16 0.15 0.49609375 0.0125 0.02265625
2 0.17265625 0.490625 0.009375 0.021875
16 0.15859375 0.4953125 0.01015625 0.0203125
2 0.184375 0.48828125 0.01171875 0.02578125
2 0.19375 0.4859375 0.0109375 0.0234375
16 0.13984375 0.5015625 0.0125 0.02109375
16 0.10546875 0.51796875 0.01015625 0.021875
16 0.08671875 0.525 0.0109375 0.0203125
16 0.61015625 0.39609375 0.01875 0.01484375
4 0.29375 0.49296875 0.32734375 0.14140625
2 0.4796875 0.4546875 0.01015625 0.02109375
2 0.021875 0.590625 0.0171875 0.01328125
2 0.47109375 0.46015625 0.01328125 0.025
16 0.02421875 0.603125 0.01640625 0.0125
16 0.6640625 0.4265625 0.00859375 0.01953125
16 0.02578125 0.61484375 0.01640625 0.0140625
16 0.64765625 0.43515625 0.01015625 0.02109375
16 0.63984375 0.43828125 0.00859375 0.0203125
16 0.6296875 0.44140625 0.00859375 0.01796875
16 0.2109375 0.56875 0.01015625 0.0234375
9 0.69375 0.4296875 0.040625 0.0421875
16 0.028125 0.62578125 0.015625 0.01328125
2 0.71875 0.4265625 0.01015625 0.021875
9 0.090625 0.61171875 0.11640625 0.12734375
16 0.18125 0.5890625 0.009375 0.0203125
16 0.16484375 0.59453125 0.01015625 0.01875
16 0.15546875 0.59765625 0.01015625 0.01875
16 0.17265625 0.59296875 0.00859375 0.01953125
16 0.63828125 0.45625 0.01640625 0.0109375
16 0.14765625 0.60078125 0.00859375 0.0203125
16 0.03046875 0.63828125 0.015625 0.01171875
16 0.03203125 0.64921875 0.0171875 0.01328125