20 0.71796875 0.50390625 0.01484375 0.01484375
1 0.79765625 0.5078125 0.06171875 0.0375
15 0.321875 0.509375 0.0140625 0.040625
15 0.30859375 0.509375 0.01328125 0.03828125
15 0.3484375 0.51015625 0.01328125 0.03671875
15 0.33515625 0.51015625 0.0109375 0.04140625
15 0.70546875 0.5171875 0.009375 0.00703125
20 0.7546875 0.5234375 0.0125 0.02109375
1 0.74140625 0.52421875 0.0109375 0.01796875
15 0.70625 0.52421875 0.00859375 0.00703125
1 0.225 0.525 0.1078125 0.153125
15 0.10390625 0.53984375 0.0046875 0.01171875
20 0.70859375 0.5421875 0.0140625 0.0125
20 0.7453125 0.54453125 0.01328125 0.02578125
15 0.7734375 0.5484375 0.00625 0.015625
1 0.4515625 0.5609375 0.04375 0.059375
15 0.74765625 0.56484375 0.01953125 0.01328125
15 0.771875 0.56875 0.021875 0.0171875
15 0.72421875 0.5703125 0.02109375 0.01328125
15 0.62890625 0.5703125 0.0109375 0.03671875
15 0.56484375 0.5703125 0.0140625 0.03046875
15 0.603125 0.571875 0.0125 0.0359375
15 0.578125 0.571875 0.015625 0.0375
15 0.61640625 0.57265625 0.01171875 0.034375
15 0.590625 0.57421875 0.01328125 0.040625
1 0.665625 0.58125 0.0421875 0.0625
1 0.309375 0.5859375 0.05 0.06875
1 0.49921875 0.5875 0.0390625 0.05234375
1 0.73203125 0.60234375 0.0234375 0.03203125
1 0.425 0.60390625 0.03671875 0.046875
1 0.54296875 0.60546875 0.04296875 0.0609375
15 0.45234375 0.60625 0.025 0.01953125
9 0.76015625 0.6171875 0.0328125 0.05
15 0.4515625 0.6234375 0.025 0.01953125
1 0.85234375 0.6234375 0.03203125 0.03125
1 0.80390625 0.63203125 0.01484375 0.040625
1 0.1328125 0.646875 0.11015625 0.15390625
15 0.5375 0.6515625 0.02421875 0.01875
1 0.42109375 0.65234375 0.03515625 0.05390625
1 0.26171875 0.65859375 0.01640625 0.01796875
1 0.31171875 0.66015625 0.05546875 0.07734375
1 0.85234375 0.66171875 0.03515625 0.02734375
15 0.53984375 0.66796875 0.02734375 0.01796875
15 0.79453125 0.6734375 0.01953125 0.01640625
1 0.75 0.67421875 0.02421875 0.03125
15 0.53828125 0.68671875 0.0234375 0.02109375
1 0.71953125 0.68984375 0.009375 0.0171875
1 0.1953125 0.70078125 0.01640625 0.021875
1 0.721875 0.70234375 0.0109375 0.01171875
15 0.94765625 0.703125 0.034375 0.01484375
1 0.4234375 0.70625 0.03125 0.0546875
15 0.196875 0.728125 0.01640625 0.0328125
1 0.95 0.74921875 0.09375 0.0578125
15 0.12578125 0.76015625 0.0109375 0.0296875
15 0.10703125 0.7609375 0.0125 0.03203125
15 0.07734375 0.76953125 0.0296875 0.021875
20 0.7140625 0.078125 0.03125 0.09765625
9 0.240625 0.78203125 0.0359375 0.08671875
9 0.27734375 0.78828125 0.03671875 0.10859375
15 0.7390625 0.7890625 0.0125 0.0375
20 0.65 0.07890625 0.0359375 0.09921875
15 0.07578125 0.79296875 0.02421875 0.01875
15 0.7265625 0.7984375 0.0109375 0.03828125
15 0.109375 0.80390625 0.0234375 0.0203125
20 0.78515625 0.08125 0.0328125 0.11015625
9 0.63671875 0.81015625 0.03515625 0.0375
1 0.04609375 0.8109375 0.0203125 0.03125
20 0.7453125 0.0828125 0.03125 0.10390625
20 0.39609375 0.0828125 0.0359375 0.0921875
15 0.02890625 0.0828125 0.0078125 0.02578125
15 0.03515625 0.08359375 0.00703125 0.01875
15 0.021875 0.08359375 0.009375 0.02421875
15 0.05 0.08359375 0.0125 0.028125
9 0.33984375 0.834375 0.03359375 0.090625
9 0.37578125 0.8390625 0.03125 0.0984375
20 0.68359375 0.084375 0.03125 0.10703125
1 0.7171875 0.8484375 0.0234375 0.05390625
9 0.5 0.84921875 0.0375 0.10390625
1 0.425 0.85078125 0.025 0.0578125
9 0.534375 0.85546875 0.03828125 0.1078125
1 0.04296875 0.85859375 0.03515625 0.0515625
1 0.23046875 0.85859375 0.0109375 0.0078125
20 0.278125 0.0859375 0.05234375 0.1125
15 0.065625 0.08671875 0.00859375 0.0296875
1 0.759375 0.8765625 0.04140625 0.04375
1 0.71953125 0.8921875 0.03828125 0.04140625
20 0.3296875 0.08984375 0.05234375 0.11640625
1 0.64921875 0.8984375 0.02421875 0.05625
15 0.0546875 0.90859375 0.01328125 0.0375
1 0.2390625 0.91171875 0.028125 0.0359375
1 0.73125 0.9203125 0.01953125 0.02421875
1 0.27109375 0.92109375 0.03359375 0.05234375
1 0.48671875 0.92265625 0.01953125 0.04140625
1 0.54453125 0.92734375 0.02890625 0.03125
1 0.321875 0.93203125 0.03203125 0.03046875
20 0.75546875 0.934375 0.02265625 0.03515625
20 0.53359375 0.09375 0.0328125 0.07890625
15 0.40078125 0.9375 0.0140625 0.040625
1 0.71796875 0.93828125 0.034375 0.03203125
15 0.05078125 0.94453125 0.01328125 0.03125
1 0.365625 0.95078125 0.03515625 0.03828125
15 0.06875 0.9515625 0.0234375 0.0171875
1 0.59921875 0.134375 0.0578125 0.03828125
15 0.73203125 0.14453125 0.0109375 0.02890625
15 0.64609375 0.1453125 0.01796875 0.0234375
15 0.671875 0.14765625 0.0140625 0.03828125
15 0.69921875 0.14765625 0.0125 0.03359375
15 0.77578125 0.14921875 0.01328125 0.03515625
15 0.25 0.15703125 0.015625 0.03984375
15 0.315625 0.1703125 0.0125 0.03515625
1 0.478125 0.18125 0.1015625 0.134375
15 0.28984375 0.18515625 0.00703125 0.01796875
15 0.303125 0.1859375 0.0078125 0.01953125
15 0.296875 0.1859375 0.00703125 0.01953125
1 0.403125 0.1875 0.02890625 0.08671875
1 0.86875 0.18984375 0.03046875 0.08046875
15 0.775 0.196875 0.0140625 0.01484375
1 0.175 0.19765625 0.05859375 0.0828125
1 0.84765625 0.2015625 0.0328125 0.07734375
20 0.25390625 0.2046875 0.015625 0.02265625
1 0.7265625 0.2109375 0.03515625 0.04140625
1 0.57421875 0.234375 0.0859375 0.1328125
15 0.41484375 0.25234375 0.0265625 0.0234375
15 0.3421875 0.26640625 0.00703125 0.0203125
15 0.3484375 0.26640625 0.0078125 0.021875
15 0.41484375 0.26953125 0.03046875 0.01796875
15 0.4546875 0.278125 0.01484375 0.03671875
9 0.275 0.3 0.01953125 0.03203125
1 0.2875 0.30234375 0.009375 0.02734375
15 0.1609375 0.30234375 0.0234375 0.01796875
15 0.184375 0.30234375 0.021875 0.01796875
1 0.4796875 0.31640625 0.01328125 0.0234375
9 0.49453125 0.31640625 0.0171875 0.02890625
15 0.66796875 0.31796875 0.009375 0.02265625
15 0.659375 0.31875 0.00859375 0.0203125
15 0.18515625 0.31953125 0.02109375 0.01796875
15 0.16171875 0.3203125 0.0234375 0.01875
15 0.6453125 0.32578125 0.0234375 0.01875
1 0.86484375 0.3265625 0.04921875 0.1203125
15 0.6203125 0.3265625 0.0234375 0.021875
1 0.4453125 0.334375 0.01171875 0.01875
9 0.4578125 0.33828125 0.01875 0.03359375
20 0.4703125 0.36640625 0.0125 0.01875
15 0.690625 0.3671875 0.00546875 0.015625
20 0.490625 0.36796875 0.0140625 0.0203125
15 0.69765625 0.37734375 0.00546875 0.015625
15 0.69140625 0.3890625 0.00625 0.0171875
15 0.85078125 0.4046875 0.02734375 0.0171875
15 0.82890625 0.40546875 0.02421875 0.01796875
15 0.803125 0.41015625 0.028125 0.0171875
1 0.27265625 0.41796875 0.009375 0.01875
15 0.86953125 0.4234375 0.0234375 0.0171875
1 0.78984375 0.4265625 0.01015625 0.01796875
1 0.834375 0.4296875 0.01015625 0.01640625
1 0.69140625 0.4359375 0.0078125 0.01015625
15 0.81328125 0.453125 0.01171875 0.00859375
15 0.671875 0.45859375 0.01015625 0.01015625
15 0.821875 0.459375 0.01328125 0.0078125
15 0.80703125 0.4609375 0.0078125 0.009375
15 0.67109375 0.46484375 0.00859375 0.00703125
15 0.82265625 0.46875 0.01171875 0.009375
15 0.8078125 0.46953125 0.009375 0.00703125
15 0.81484375 0.4765625 0.01171875 0.00859375
15 0.80234375 0.47890625 0.01171875 0.009375
9 0.49140625 0.48125 0.0125 0.025
9 0.67421875 0.4828125 0.01875 0.02578125
9 0.4578125 0.4828125 0.0109375 0.02734375
9 0.70234375 0.48984375 0.0203125 0.03203125