15 0.603125 0.775 0.05859375 0.07890625
1 0.11171875 0.7765625 0.0484375 0.065625
1 0.96171875 0.7890625 0.071875 0.10546875
15 0.734375 0.79609375 0.0328125 0.115625
1 0.440625 0.08125 0.0609375 0.08359375
4 0.0265625 0.81328125 0.0453125 0.209375
1 0.5203125 0.85625 0.08046875 0.05078125
9 0.41640625 0.865625 0.0546875 0.07890625
1 0.1046875 0.8734375 0.0671875 0.10234375
9 0.2375 0.88359375 0.0453125 0.0453125
1 0.68046875 0.91328125 0.02734375 0.05234375
1 0.23984375 0.965625 0.0515625 0.06875
1 0.6390625 0.1015625 0.04609375 0.05703125
1 0.50859375 0.1140625 0.06875 0.10078125
1 0.97265625 0.11796875 0.02890625 0.071875
1 0.94140625 0.12578125 0.02890625 0.06796875
1 0.46640625 0.15859375 0.03828125 0.05546875
1 0.92109375 0.2015625 0.04453125 0.06015625
9 0.51328125 0.21015625 0.01875 0.0390625
1 0.25 0.2203125 0.06015625 0.09609375
1 0.84609375 0.234375 0.053125 0.0828125
1 0.30390625 0.24921875 0.0546875 0.0921875
9 0.7015625 0.26640625 0.05 0.059375
1 0.7890625 0.303125 0.0625 0.10078125
1 0.18984375 0.3140625 0.04296875 0.078125
1 0.73125 0.3328125 0.03984375 0.06953125
1 0.36953125 0.3359375 0.03203125 0.04375
15 0.1109375 0.3671875 0.07265625 0.05859375
20 0.7125 0.38046875 0.01953125 0.0625
9 0.58671875 0.3828125 0.05078125 0.0328125
1 0.746875 0.38671875 0.03203125 0.05234375
20 0.3296875 0.4125 0.059375 0.03359375
20 0.42734375 0.4140625 0.04921875 0.02890625
20 0.20703125 0.41484375 0.0515625 0.0296875
9 0.584375 0.41796875 0.05234375 0.0359375
1 0.71328125 0.046875 0.0578125 0.07421875
1 0.0671875 0.50390625 0.05390625 0.06328125
1 0.1625 0.5125 0.05 0.0640625
1 0.69453125 0.5359375 0.1671875 0.19296875
1 0.8421875 0.55703125 0.04375 0.0765625
1 0.26640625 0.5609375 0.071875 0.0859375
1 0.184375 0.60546875 0.075 0.0984375
1 0.59609375 0.7 0.03359375 0.06796875
1 0.1515625 0.73984375 0.0484375 0.07578125
1 0.7875 0.75703125 0.07890625 0.10078125
1 0.87734375 0.75703125 0.0828125 0.1046875