2 0.665625 0.3734375 0.00546875 0.07421875
2 0.99765625 0.42734375 0.0046875 0.0890625
2 0.9921875 0.428125 0.00546875 0.07421875
20 0.65546875 0.3828125 0.0109375 0.09375
20 0.64140625 0.37890625 0.0125 0.09375
2 0.56640625 0.40625 0.00390625 0.0546875
16 0.63046875 0.4125 0.0046875 0.07421875
2 0.58203125 0.41015625 0.00390625 0.0546875
2 0.18515625 0.3734375 0.0125 0.13671875
2 0.940625 0.48828125 0.0046875 0.0703125
2 0.6109375 0.44921875 0.0046875 0.078125
2 0.62265625 0.44921875 0.00546875 0.078125
16 0.0109375 0.3765625 0.0046875 0.07421875
2 0.14921875 0.4140625 0.00546875 0.0703125
2 0.14296875 0.415625 0.0046875 0.07421875
2 0.86171875 0.515625 0.00546875 0.0703125
2 0.15625 0.4203125 0.0046875 0.08203125
2 0.1625 0.421875 0.00546875 0.0703125
2 0.84140625 0.51171875 0.0046875 0.0703125
2 0.1234375 0.4140625 0.00546875 0.0703125
2 0.16953125 0.421875 0.00546875 0.0703125
16 0.13046875 0.41796875 0.00546875 0.078125
16 0.03515625 0.4046875 0.0046875 0.07421875
2 0.13671875 0.415625 0.00546875 0.07421875
16 0.0171875 0.4046875 0.0046875 0.06640625
16 0.02890625 0.40625 0.0046875 0.0703125
16 0.0234375 0.4046875 0.0046875 0.07421875
16 0.04140625 0.41015625 0.0046875 0.0703125
16 0.0484375 0.4078125 0.00546875 0.08203125
16 0.6375 0.4984375 0.0046875 0.06640625
16 0.64375 0.5 0.0046875 0.0703125
16 0.63046875 0.4984375 0.00546875 0.07421875
2 0.99765625 0.56640625 0.003125 0.078125
2 0.98671875 0.56875 0.00625 0.08203125
16 0.99296875 0.58203125 0.00390625 0.0546875
2 0.528125 0.5453125 0.00390625 0.05078125
2 0.534375 0.54296875 0.003125 0.0546875
2 0.5234375 0.5453125 0.00390625 0.05078125
2 0.54140625 0.55078125 0.00390625 0.0546875
2 0.828125 0.6 0.00390625 0.07421875
2 0.8546875 0.603125 0.0046875 0.06640625
16 0.821875 0.59765625 0.0046875 0.0703125
16 0.840625 0.6015625 0.00546875 0.0703125
16 0.846875 0.6078125 0.00546875 0.07421875
16 0.834375 0.60546875 0.0046875 0.0703125
16 0.65 0.6171875 0.0046875 0.0703125
2 0.60234375 0.61328125 0.00390625 0.046875
2 0.52890625 0.615625 0.00390625 0.05078125
2 0.52421875 0.6171875 0.00390625 0.0546875
2 0.534375 0.6234375 0.00546875 0.06640625
2 0.540625 0.6265625 0.00546875 0.07421875
2 0.90078125 0.678125 0.0046875 0.06640625
2 0.91796875 0.68125 0.00390625 0.06640625
2 0.91171875 0.6859375 0.00390625 0.06640625
20 0.940625 0.69140625 0.0125 0.1015625
9 0.6375 0.65 0.0109375 0.07421875
2 0.55078125 0.6625 0.00390625 0.05859375
2 0.54609375 0.66015625 0.00234375 0.046875
2 0.62421875 0.6859375 0.00859375 0.13671875
2 0.6578125 0.6953125 0.00390625 0.046875
16 0.6671875 0.69375 0.003125 0.05078125
16 0.66171875 0.69375 0.003125 0.05078125
16 0.65 0.703125 0.0046875 0.0703125
2 0.60078125 0.7015625 0.00390625 0.05078125
2 0.93046875 0.759375 0.0046875 0.06640625
2 0.5328125 0.70703125 0.00390625 0.0703125
2 0.91015625 0.765625 0.00390625 0.0703125
2 0.5515625 0.7265625 0.00390625 0.0546875
9 0.85 0.771875 0.01953125 0.14453125
16 0.94296875 0.79296875 0.00546875 0.0625
16 0.93671875 0.79296875 0.00546875 0.0703125
2 0.95234375 0.83203125 0.009375 0.1328125
2 0.63046875 0.803125 0.00390625 0.06640625
16 0.64921875 0.8109375 0.0046875 0.06640625
2 0.5671875 0.8265625 0.00390625 0.05078125
16 0.5609375 0.8359375 0.0046875 0.0703125
9 0.6609375 0.896875 0.0109375 0.11328125
9 0.5921875 0.90625 0.0109375 0.1171875
9 0.6375 0.93359375 0.01015625 0.0859375
2 0.9578125 0.9625 0.00703125 0.06640625
2 0.603125 0.9359375 0.00234375 0.05078125
16 0.64921875 0.95703125 0.00546875 0.0703125
2 0.83125 0.978125 0.00546875 0.03515625
2 0.825 0.9765625 0.00546875 0.0390625
2 0.46328125 0.25625 0.00390625 0.05078125
2 0.48359375 0.26171875 0.003125 0.0546875
16 0.47890625 0.259375 0.00390625 0.05859375
16 0.4734375 0.2578125 0.00390625 0.0546875
2 0.153125 0.24609375 0.00625 0.0859375
2 0.14453125 0.2515625 0.00625 0.08984375
16 0.0296875 0.234375 0.00546875 0.078125