2 0.8296875 0.2390625 0.021875 0.07578125
2 0.31328125 0.0390625 0.0359375 0.07734375
2 0.390625 0.08984375 0.01796875 0.07109375
2 0.11953125 0.009375 0.021875 0.01875
4 0.6015625 0.2171875 0.05390625 0.36015625
2 0.08125 0.0078125 0.025 0.01484375
2 0.14453125 0.0296875 0.01796875 0.059375
2 0.34921875 0.14609375 0.0265625 0.07578125
9 0.4734375 0.21015625 0.08984375 0.21796875
2 0.378125 0.16796875 0.0234375 0.0828125
2 0.82421875 0.375 0.025 0.07421875
9 0.2453125 0.1828125 0.0921875 0.25
2 0.1578125 0.14921875 0.01640625 0.05546875
4 0.68671875 0.45390625 0.08515625 0.75859375
4 0.871875 0.5375 0.08046875 0.7125
4 0.76875 0.5046875 0.0828125 0.746875
2 0.45 0.38515625 0.0296875 0.09140625
2 0.153125 0.25234375 0.01953125 0.05546875
2 0.17265625 0.29296875 0.01796875 0.05546875
2 0.296875 0.3625 0.0265625 0.0859375
2 0.1921875 0.315625 0.01640625 0.0578125
2 0.49765625 0.48046875 0.025 0.0796875
2 0.13359375 0.34609375 0.0265625 0.07109375
2 0.10625 0.34296875 0.02734375 0.09140625
2 0.25625 0.41640625 0.01640625 0.0421875
2 0.06875 0.33359375 0.02421875 0.0796875
2 0.22265625 0.40546875 0.01484375 0.05078125
2 0.18671875 0.3984375 0.028125 0.07734375
2 0.9359375 0.7640625 0.0359375 0.09609375
2 0.2734375 0.49375 0.02421875 0.0796875
2 0.09375 0.440625 0.02890625 0.084375
4 0.43984375 0.01796875 0.06171875 0.03515625
2 0.840625 0.95703125 0.02890625 0.0828125
4 0.61640625 0.95703125 0.09609375 0.0828125
2 0.703125 0.98359375 0.0203125 0.02890625