2 0.9703125 0.53515625 0.040625 0.0203125
2 0.95859375 0.5703125 0.05234375 0.021875
2 0.60546875 0.7734375 0.07265625 0.03125
16 0.68046875 0.83359375 0.05078125 0.0640625
16 0.5625 0.82265625 0.05234375 0.06640625
16 0.5296875 0.82109375 0.05390625 0.06484375
4 0.01953125 0.8125 0.0390625 0.21484375
4 0.82421875 0.90234375 0.09921875 0.1328125
2 0.96484375 0.09375 0.0390625 0.02421875
16 0.6953125 0.0703125 0.01875 0.01328125
16 0.71171875 0.07265625 0.02109375 0.01484375
16 0.5875 0.07109375 0.01953125 0.0140625
9 0.71875 0.10078125 0.10390625 0.046875
2 0.92421875 0.1265625 0.02734375 0.009375
2 0.58046875 0.09609375 0.021875 0.01796875
20 0.52421875 0.09609375 0.06640625 0.04140625
16 0.76875 0.121875 0.01796875 0.0140625
2 0.628125 0.109375 0.0484375 0.03125
9 0.9171875 0.14921875 0.07265625 0.03828125
4 0.23203125 0.10703125 0.17265625 0.2140625
16 0.52890625 0.14296875 0.01796875 0.01328125
16 0.49921875 0.14296875 0.02578125 0.00859375
16 0.415625 0.18671875 0.05234375 0.05
16 0.45078125 0.190625 0.04765625 0.05