15 0.753125 0.52734375 0.03515625 0.01484375
15 0.75546875 0.53984375 0.03671875 0.02109375
9 0.525 0.54453125 0.08671875 0.03359375
9 0.6375 0.546875 0.084375 0.03671875
4 0.909375 0.05625 0.1453125 0.01875
4 0.41640625 0.05859375 0.415625 0.03046875
4 0.56640625 0.596875 0.21953125 0.0359375
4 0.271875 0.59765625 0.35546875 0.0375
1 0.98046875 0.5984375 0.01328125 0.034375
15 0.96875 0.60546875 0.01484375 0.03984375
1 0.153125 0.6453125 0.0140625 0.03203125
1 0.5578125 0.6453125 0.0140625 0.03828125
9 0.60703125 0.6453125 0.0890625 0.040625
1 0.17421875 0.6484375 0.01484375 0.03515625
4 0.2171875 0.64921875 0.01484375 0.03515625
1 0.21796875 0.65 0.01640625 0.0375
1 0.196875 0.65234375 0.01484375 0.0390625
1 0.94765625 0.65234375 0.01328125 0.040625
1 0.715625 0.65703125 0.01484375 0.04453125
15 0.96875 0.66484375 0.0203125 0.0390625
4 0.57109375 0.69453125 0.22578125 0.03984375
4 0.2734375 0.69609375 0.36484375 0.03671875
9 0.740625 0.06953125 0.15625 0.03671875
1 0.82421875 0.07109375 0.01484375 0.03515625
1 0.96875 0.71171875 0.0109375 0.03125
15 0.9796875 0.7140625 0.01640625 0.0375
9 0.50546875 0.73828125 0.109375 0.04375
1 0.4328125 0.73828125 0.02109375 0.0265625
1 0.97109375 0.7625 0.01328125 0.03671875
1 0.6546875 0.0765625 0.01171875 0.03359375
15 0.80859375 0.76640625 0.03203125 0.01640625
15 0.74921875 0.7671875 0.03671875 0.0203125
1 0.8375 0.784375 0.03671875 0.0125
4 0.5703125 0.7875 0.21796875 0.04375
4 0.271875 0.7890625 0.3640625 0.04296875
1 0.959375 0.80625 0.01328125 0.040625
15 0.9703125 0.81484375 0.01328125 0.0375
9 0.27578125 0.83515625 0.1046875 0.03984375
1 0.21171875 0.83671875 0.0171875 0.03359375
1 0.17734375 0.8375 0.01796875 0.03515625
1 0.15546875 0.8375 0.015625 0.03125
1 0.196875 0.8375 0.0171875 0.03671875
4 0.91015625 0.084375 0.15078125 0.0140625
1 0.97109375 0.86953125 0.015625 0.040625
4 0.5734375 0.8828125 0.22265625 0.04375
4 0.27421875 0.88359375 0.37265625 0.0390625
1 0.9390625 0.8859375 0.0140625 0.03671875
9 0.84453125 0.88984375 0.13046875 0.14453125
1 0.76640625 0.909375 0.01328125 0.03125
9 0.29140625 0.9265625 0.109375 0.034375
1 0.21875 0.92890625 0.0140625 0.0296875
4 0.41875 0.09375 0.41640625 0.03046875
4 0.56953125 0.975 0.21953125 0.03671875
4 0.2734375 0.97734375 0.36484375 0.0421875
1 0.83515625 0.984375 0.0375 0.01484375
4 0.91015625 0.10390625 0.15 0.01953125
4 0.909375 0.01015625 0.1484375 0.01953125
9 0.74375 0.11796875 0.15703125 0.04296875
1 0.65625 0.11953125 0.0125 0.0421875
1 0.82578125 0.11953125 0.01171875 0.028125
4 0.10703125 0.128125 0.04375 0.21796875
4 0.415625 0.13046875 0.41953125 0.02890625
4 0.03515625 0.1328125 0.06953125 0.1
4 0.9125 0.1328125 0.153125 0.01796875
15 0.0765625 0.13828125 0.01796875 0.0375
9 0.16875 0.13984375 0.06953125 0.2390625
4 0.91015625 0.15234375 0.14921875 0.01796875
4 0.41796875 0.1640625 0.41875 0.034375
1 0.825 0.1640625 0.0125 0.02578125
1 0.6546875 0.16640625 0.0125 0.0203125
9 0.73828125 0.16640625 0.1515625 0.04375
4 0.91171875 0.18046875 0.15078125 0.01875
4 0.9109375 0.19921875 0.14921875 0.0140625
4 0.415625 0.2 0.41484375 0.03046875
1 0.0765625 0.2109375 0.0125 0.02890625
1 0.6578125 0.21171875 0.01953125 0.03359375
1 0.82578125 0.21328125 0.01171875 0.02578125
9 0.74375 0.21640625 0.15078125 0.03046875
4 0.41484375 0.02265625 0.41484375 0.0296875
4 0.91171875 0.2296875 0.15078125 0.01484375
4 0.41875 0.23515625 0.41953125 0.03046875
9 0.7421875 0.0234375 0.15703125 0.04296875
1 0.0921875 0.24453125 0.025 0.0125
1 0.6546875 0.259375 0.0171875 0.028125
9 0.8875 0.2609375 0.1171875 0.03671875
9 0.7203125 0.2625 0.10703125 0.03828125
1 0.17734375 0.26953125 0.03046875 0.02109375
1 0.140625 0.26953125 0.0234375 0.02109375
4 0.41640625 0.27109375 0.41484375 0.03203125
15 0.81484375 0.2703125 0.01328125 0.04453125
15 0.8015625 0.27109375 0.01875 0.0453125
1 0.82578125 0.02734375 0.0109375 0.028125
1 0.3515625 0.296875 0.0421875 0.015625
15 0.084375 0.31171875 0.03515625 0.01953125
1 0.5875 0.315625 0.03203125 0.01875
1 0.06875 0.340625 0.01328125 0.01953125
9 0.5015625 0.346875 0.1125 0.0390625
9 0.61953125 0.3484375 0.11015625 0.0390625
9 0.14609375 0.3625 0.1484375 0.07421875
15 0.22734375 0.3671875 0.01796875 0.04453125
4 0.91015625 0.0375 0.15078125 0.01796875
1 0.43984375 0.378125 0.0171875 0.04296875
1 0.2484375 0.3796875 0.0171875 0.03984375
1 0.7015625 0.3796875 0.0359375 0.01953125
9 0.346875 0.38515625 0.1484375 0.15859375
9 0.87109375 0.3921875 0.1515625 0.15859375
1 0.9671875 0.39765625 0.0125 0.03125
1 0.778125 0.403125 0.0203125 0.03828125
1 0.5875 0.4078125 0.02890625 0.01484375
1 0.06171875 0.42421875 0.01171875 0.0265625
15 0.2390625 0.4375 0.015625 0.04375
9 0.5046875 0.43984375 0.1109375 0.040625
9 0.15 0.43984375 0.15390625 0.078125
9 0.61953125 0.44140625 0.1078125 0.04375
15 0.046875 0.45546875 0.03125 0.01796875
15 0.246875 0.46875 0.03046875 0.0203125
15 0.04453125 0.4734375 0.028125 0.01953125
1 0.35 0.47890625 0.025 0.01640625
15 0.77734375 0.48125 0.0125 0.0359375
15 0.76484375 0.48203125 0.0125 0.0375
15 0.82265625 0.4859375 0.02890625 0.01640625
1 0.034375 0.48984375 0.02421875 0.02265625
4 0.56796875 0.503125 0.21875 0.0390625
4 0.27265625 0.50390625 0.3671875 0.03671875
1 0.87578125 0.51171875 0.025 0.0171875
15 0.75 0.51171875 0.03359375 0.02109375