4 0.41484375 0.0515625 0.23125 0.10234375
2 0.13125 0.62578125 0.034375 0.04921875
4 0.65234375 0.0734375 0.23671875 0.1390625
2 0.30234375 0.66796875 0.0234375 0.040625
2 0.30390625 0.6703125 0.025 0.03828125
2 0.19765625 0.65390625 0.01328125 0.01328125
2 0.36875 0.68203125 0.03203125 0.04765625
2 0.225 0.6609375 0.0171875 0.034375
2 0.36875 0.684375 0.028125 0.040625
2 0.3359375 0.69140625 0.01484375 0.02578125
2 0.3359375 0.6921875 0.02578125 0.03203125
2 0.26796875 0.70703125 0.00703125 0.015625
2 0.2140625 0.7015625 0.009375 0.0203125
2 0.07890625 0.7015625 0.0328125 0.053125
2 0.07578125 0.70390625 0.02421875 0.03984375
2 0.36875 0.75625 0.02578125 0.04140625
2 0.36484375 0.81953125 0.02578125 0.03984375
4 0.82109375 0.13046875 0.08203125 0.15390625
2 0.7453125 0.1609375 0.0046875 0.0125
9 0.6859375 0.1734375 0.034375 0.07265625
2 0.9453125 0.23125 0.01015625 0.009375
2 0.66015625 0.18984375 0.0046875 0.01484375
2 0.7328125 0.2015625 0.01171875 0.0078125
4 0.18984375 0.19296875 0.22578125 0.38515625
2 0.5875 0.2390625 0.0046875 0.0171875
2 0.5375 0.2359375 0.00703125 0.0171875
2 0.54375 0.23671875 0.0078125 0.01796875
2 0.596875 0.24609375 0.0078125 0.01484375
2 0.5390625 0.25390625 0.01015625 0.0078125
2 0.6671875 0.27421875 0.01015625 0.01015625
9 0.5625 0.26328125 0.0296875 0.03828125
2 0.7109375 0.2921875 0.04453125 0.05625
2 0.5265625 0.265625 0.0078125 0.0140625
2 0.59375 0.2828125 0.0078125 0.015625
9 0.628125 0.29375 0.05234375 0.1234375
2 0.5578125 0.28515625 0.01171875 0.01171875
2 0.5421875 0.3046875 0.00625 0.015625
2 0.6796875 0.328125 0.02265625 0.0359375
9 0.56796875 0.31796875 0.025 0.0328125
2 0.73984375 0.34765625 0.02890625 0.05703125
2 0.584375 0.3265625 0.00703125 0.01328125
2 0.7734375 0.3625 0.03359375 0.07109375
2 0.7109375 0.353125 0.02421875 0.059375
2 0.5390625 0.3265625 0.0078125 0.01328125
2 0.58203125 0.3828125 0.03203125 0.0484375
2 0.48046875 0.396875 0.034375 0.05
2 0.48671875 0.4484375 0.04140625 0.04765625
9 0.31640625 0.42421875 0.0390625 0.071875
2 0.97578125 0.534375 0.0296875 0.0515625
2 0.94765625 0.5359375 0.02734375 0.03984375
2 0.60625 0.48203125 0.0203125 0.04140625
9 0.71328125 0.5140625 0.1625 0.2375
2 0.4046875 0.48828125 0.0140625 0.03359375
2 0.38203125 0.48984375 0.02734375 0.03984375
2 0.484375 0.50703125 0.04921875 0.06171875
2 0.940625 0.5828125 0.0328125 0.04453125
9 0.87734375 0.5921875 0.0859375 0.171875
2 0.246875 0.50625 0.02578125 0.03359375
2 0.440625 0.5375 0.025 0.03828125
2 0.41328125 0.5359375 0.0203125 0.03125
2 0.17890625 0.5046875 0.03515625 0.04765625
9 0.56875 0.56875 0.07734375 0.10703125
2 0.2453125 0.534375 0.01484375 0.02890625
2 0.47578125 0.57421875 0.03515625 0.0578125
2 0.3796875 0.56015625 0.0328125 0.0625
2 0.409375 0.58125 0.01875 0.03828125
2 0.2703125 0.5625 0.021875 0.034375
2 0.44765625 0.5953125 0.0328125 0.04453125
4 0.93984375 0.1203125 0.11953125 0.1234375
2 0.20625 0.57890625 0.021875 0.0265625
2 0.18359375 0.5875 0.00703125 0.01640625
2 0.165625 0.59609375 0.01015625 0.00703125
2 0.1671875 0.60546875 0.0109375 0.009375
2 0.196875 0.61484375 0.02109375 0.028125