2 0.9203125 0.70859375 0.0078125 0.01640625
4 0.9765625 0.71796875 0.0359375 0.10859375
2 0.9203125 0.7265625 0.00703125 0.015625
2 0.93359375 0.74296875 0.01328125 0.02265625
2 0.91875 0.7578125 0.0125 0.01640625
16 0.1109375 0.7359375 0.021875 0.009375
2 0.178125 0.74375 0.09609375 0.046875
16 0.5140625 0.77421875 0.009375 0.02109375
16 0.5 0.77421875 0.0109375 0.01875
2 0.040625 0.01796875 0.05 0.0359375
16 0.5578125 0.78671875 0.00859375 0.01953125
16 0.5703125 0.78671875 0.0078125 0.0203125
2 0.38515625 0.78359375 0.01875 0.00859375
20 0.42421875 0.78984375 0.021875 0.02734375
2 0.58515625 0.79609375 0.01171875 0.0203125
2 0.61484375 0.79765625 0.01015625 0.021875
16 0.1875 0.78515625 0.01015625 0.01796875
16 0.27890625 0.7890625 0.021875 0.01328125
16 0.46796875 0.79609375 0.0171875 0.00859375
2 0.4875 0.80078125 0.0109375 0.02109375
2 0.528125 0.8046875 0.0140625 0.02578125
16 0.4703125 0.80546875 0.0171875 0.00859375
16 0.27578125 0.8 0.01953125 0.009375
16 0.3078125 0.8015625 0.01796875 0.01015625
2 0.54140625 0.81015625 0.01171875 0.01796875
16 0.20390625 0.01953125 0.009375 0.01796875
2 0.6859375 0.8234375 0.075 0.06875
4 0.05078125 0.80234375 0.053125 0.32421875
2 0.4828125 0.81796875 0.01875 0.01171875
2 0.2484375 0.81015625 0.0078125 0.015625
16 0.08984375 0.01640625 0.0078125 0.0171875
16 0.3890625 0.02734375 0.01796875 0.0078125
20 0.18046875 0.02109375 0.01875 0.02265625
2 0.30703125 0.82890625 0.01640625 0.0125
2 0.62109375 0.84140625 0.01015625 0.02265625
2 0.65 0.8484375 0.01953125 0.0125
9 0.27421875 0.83671875 0.0359375 0.0515625
9 0.58515625 0.85 0.05234375 0.05390625
16 0.8828125 0.0484375 0.0078125 0.01875
16 0.15390625 0.8421875 0.01953125 0.01015625
2 0.653125 0.8609375 0.0234375 0.01328125
2 0.4796875 0.8625 0.01875 0.0125
16 0.5171875 0.8671875 0.01640625 0.009375
2 0.61953125 0.871875 0.0109375 0.021875
16 0.1484375 0.85703125 0.02578125 0.01171875
2 0.78125 0.88671875 0.07421875 0.071875
16 0.46640625 0.8765625 0.0171875 0.00859375
16 0.515625 0.8796875 0.0171875 0.00859375
16 0.30703125 0.875 0.01875 0.009375
2 0.38046875 0.87734375 0.02109375 0.01171875
2 0.484375 0.88203125 0.0125 0.021875
16 0.2640625 0.87421875 0.01953125 0.00859375
16 0.46484375 0.88671875 0.0171875 0.00859375
20 0.42421875 0.8859375 0.025 0.02890625
16 0.5140625 0.89296875 0.01953125 0.00859375
16 0.26484375 0.884375 0.02265625 0.01015625
2 0.6953125 0.90078125 0.07109375 0.071875
2 0.30625 0.890625 0.01640625 0.009375
2 0.6078125 0.90859375 0.01484375 0.02265625
2 0.56640625 0.90703125 0.01015625 0.0234375
2 0.5796875 0.9078125 0.0125 0.0234375
2 0.5515625 0.90703125 0.01328125 0.0234375
16 0.53671875 0.92109375 0.0171875 0.009375
16 0.34375 0.0359375 0.0171875 0.0078125
16 0.36484375 0.03671875 0.01875 0.00859375
16 0.325 0.91640625 0.01640625 0.00859375
16 0.45703125 0.92109375 0.0203125 0.01015625
16 0.34765625 0.91640625 0.0171875 0.009375
2 0.40234375 0.92265625 0.00703125 0.0171875
20 0.3828125 0.925 0.02734375 0.0265625
4 0.85 0.94609375 0.17109375 0.034375
16 0.2921875 0.93515625 0.00703125 0.0171875
2 0.3046875 0.9359375 0.0078125 0.0171875
20 0.32265625 0.9375 0.02109375 0.02578125
16 0.38359375 0.9453125 0.01953125 0.0078125
16 0.296875 0.95 0.01796875 0.00859375
16 0.38125 0.95390625 0.01875 0.009375
20 0.125 0.05546875 0.0203125 0.0234375
2 0.61015625 0.1078125 0.06640625 0.06796875
16 0.85703125 0.140625 0.02109375 0.009375
2 0.246875 0.134375 0.06171875 0.075
2 0.6625 0.171875 0.04609375 0.05234375
2 0.7265625 0.1796875 0.06171875 0.05546875
2 0.54296875 0.17421875 0.05859375 0.06015625
2 0.4875 0.17265625 0.0234375 0.05703125
2 0.2875 0.19140625 0.06796875 0.06953125
2 0.13984375 0.196875 0.1265625 0.065625
2 0.3640625 0.20625 0.03203125 0.05859375
2 0.825 0.28671875 0.06015625 0.03828125
2 0.875 0.30390625 0.046875 0.075
16 0.55625 0.29296875 0.0078125 0.01953125
2 0.15234375 0.3078125 0.05859375 0.07734375
16 0.33984375 0.31640625 0.00859375 0.0171875
16 0.38828125 0.325 0.01875 0.01015625
2 0.2296875 0.32421875 0.0890625 0.034375
16 0.36796875 0.34375 0.01171875 0.01953125
16 0.3546875 0.34375 0.0125 0.01796875
16 0.50703125 0.35 0.01640625 0.00859375
2 0.8609375 0.36328125 0.0328125 0.01640625
16 0.42109375 0.3578125 0.01796875 0.0109375
2 0.32265625 0.36796875 0.009375 0.01953125
4 0.9859375 0.39765625 0.02734375 0.09140625
16 0.4015625 0.384375 0.01015625 0.02109375
16 0.36171875 0.38359375 0.0140625 0.02265625
16 0.54453125 0.39296875 0.0171875 0.00859375
2 0.80234375 0.40234375 0.05859375 0.0828125
16 0.3390625 0.38984375 0.01796875 0.009375
16 0.26171875 0.3875 0.01953125 0.01015625
4 0.06328125 0.3890625 0.065625 0.096875
16 0.3203125 0.3984375 0.0078125 0.01484375
16 0.26015625 0.40078125 0.01875 0.01015625
16 0.3953125 0.40546875 0.02109375 0.0125
16 0.48203125 0.4140625 0.00625 0.01640625
16 0.4703125 0.4140625 0.00859375 0.01640625
16 0.5703125 0.4203125 0.01484375 0.00859375
2 0.93125 0.45234375 0.05078125 0.071875
16 0.4078125 0.0078125 0.0125 0.01484375
16 0.18125 0.00078125 0.01875 0.0015625
20 0.3875 0.00859375 0.0234375 0.0171875
20 0.3609375 0.00859375 0.021875 0.0171875
2 0.921875 0.67734375 0.0078125 0.01796875
2 0.93515625 0.69296875 0.009375 0.01953125