15 0.73984375 0.07578125 0.0109375 0.02890625
2 0.22578125 0.0640625 0.01484375 0.02578125
16 0.725 0.0828125 0.021875 0.02421875
9 0.36328125 0.07421875 0.02265625 0.04140625
16 0.34296875 0.078125 0.01640625 0.01328125
2 0.86796875 0.10078125 0.0125 0.025
16 0.68984375 0.10390625 0.01015625 0.021875
16 0.66171875 0.10390625 0.01328125 0.01640625
2 0.6375 0.10859375 0.0125 0.02578125
9 0.83984375 0.115625 0.046875 0.0546875
2 0.878125 0.11953125 0.01015625 0.11640625
2 0.6515625 0.125 0.01796875 0.01953125
9 0.78671875 0.13046875 0.053125 0.11484375
16 0.0859375 0.11328125 0.009375 0.0171875
16 0.63515625 0.1296875 0.01171875 0.01171875
9 0.15625 0.11796875 0.01328125 0.02890625
16 0.86640625 0.1375 0.01328125 0.028125
22 0.59375 0.14140625 0.0734375 0.1609375
2 0.63515625 0.15234375 0.01171875 0.03515625
2 0.55390625 0.1515625 0.0109375 0.0078125
9 0.23125 0.14453125 0.02109375 0.03515625
2 0.16640625 0.146875 0.00703125 0.025
2 0.534375 0.15703125 0.0171875 0.0453125
2 0.93359375 0.16796875 0.01484375 0.01953125
2 0.15546875 0.146875 0.01171875 0.02265625
16 0.66875 0.1671875 0.01171875 0.02578125
2 0.5 0.16328125 0.015625 0.03203125
2 0.646875 0.16875 0.009375 0.028125
2 0.8546875 0.17578125 0.01875 0.05390625
16 0.8953125 0.17734375 0.00703125 0.01328125
2 0.91171875 0.178125 0.0125 0.0125
2 0.55390625 0.1703125 0.00703125 0.0109375
2 0.51640625 0.16953125 0.0125 0.015625
2 0.7671875 0.18671875 0.059375 0.01640625
2 0.10703125 0.16953125 0.01328125 0.015625
2 0.22734375 0.1765625 0.01328125 0.0171875
2 0.50234375 0.1859375 0.01015625 0.0171875
2 0.64609375 0.19140625 0.0046875 0.01640625
2 0.66015625 0.19296875 0.015625 0.02265625
16 0.88515625 0.20078125 0.0125 0.02421875
2 0.52421875 0.1921875 0.01015625 0.03203125
16 0.93359375 0.2046875 0.0140625 0.05546875
2 0.5546875 0.19453125 0.01484375 0.021875
16 0.19609375 0.18671875 0.04921875 0.02578125
16 0.08203125 0.18671875 0.00625 0.0140625
16 0.44296875 0.2 0.00859375 0.02109375
2 0.5375 0.20390625 0.0140625 0.053125
16 0.05078125 0.19140625 0.00625 0.0203125
15 0.68515625 0.209375 0.01953125 0.0171875
2 0.01953125 0.19375 0.00703125 0.01640625
16 0.503125 0.20703125 0.01015625 0.01953125
2 0.45390625 0.20859375 0.0140625 0.034375
2 0.903125 0.22109375 0.0296875 0.01640625
2 0.46640625 0.209375 0.01484375 0.028125
2 0.140625 0.2015625 0.01875 0.05
16 0.08203125 0.2 0.00625 0.0109375
2 0.553125 0.221875 0.01484375 0.0390625
16 0.6734375 0.228125 0.00859375 0.015625
16 0.02109375 0.2109375 0.00703125 0.01796875
15 0.70234375 0.23046875 0.01328125 0.0203125
2 0.93359375 0.2390625 0.015625 0.0171875
2 0.078125 0.21796875 0.015625 0.02265625
16 0.84765625 0.23984375 0.02734375 0.06171875
16 0.93359375 0.2578125 0.015625 0.02578125
16 0.7765625 0.25625 0.0328125 0.03046875
16 0.08125 0.2390625 0.0046875 0.015625
2 0.553125 0.253125 0.00703125 0.0109375
2 0.25234375 0.24921875 0.00625 0.01796875
16 0.2671875 0.2515625 0.0171875 0.0171875
16 0.44453125 0.25546875 0.01015625 0.0109375
2 0.45703125 0.25625 0.01171875 0.01328125
2 0.32421875 0.2546875 0.00703125 0.01953125
16 0.06171875 0.24765625 0.0078125 0.02109375
16 0.46875 0.25859375 0.0078125 0.0125
16 0.02421875 0.24765625 0.0046875 0.0171875
16 0.33828125 0.2578125 0.0171875 0.0171875
16 0.553125 0.26640625 0.00859375 0.01796875
2 0.44609375 0.265625 0.01328125 0.009375
2 0.92890625 0.2828125 0.009375 0.021875
16 0.4578125 0.271875 0.0078125 0.01953125
2 0.553125 0.28515625 0.00859375 0.01953125
2 0.56484375 0.2890625 0.01015625 0.00859375
2 0.08359375 0.27890625 0.0234375 0.025
16 0.44453125 0.290625 0.01328125 0.04140625
16 0.4828125 0.29921875 0.01796875 0.02421875
16 0.46875 0.3 0.00859375 0.0421875
9 0.4078125 0.30234375 0.06015625 0.059375
16 0.346875 0.33515625 0.01484375 0.01640625
16 0.4875 0.33984375 0.0125 0.02109375
16 0.5015625 0.34296875 0.009375 0.01953125
2 0.34609375 0.35078125 0.015625 0.0203125
16 0.4859375 0.36015625 0.01171875 0.01796875
16 0.50546875 0.3625 0.0109375 0.01796875
2 0.49453125 0.3625 0.003125 0.01796875
16 0.5234375 0.37890625 0.03046875 0.0171875
16 0.5 0.37890625 0.01015625 0.01953125
2 0.48984375 0.3796875 0.01484375 0.0140625
2 0.48515625 0.39375 0.01171875 0.01953125
16 0.76328125 0.40234375 0.0109375 0.01328125
16 0.79140625 0.40390625 0.00703125 0.01640625
2 0.50078125 0.39453125 0.00625 0.01796875
2 0.77734375 0.403125 0.0109375 0.0171875
16 0.49296875 0.39609375 0.00390625 0.0140625
16 0.51796875 0.39609375 0.03359375 0.01640625
22 0.41875 0.39375 0.1296875 0.1421875
16 0.815625 0.428125 0.0078125 0.03515625
16 0.8 0.4296875 0.01171875 0.02109375
16 0.7734375 0.43046875 0.015625 0.0140625
2 0.759375 0.43046875 0.00390625 0.0140625
9 0.13359375 0.41328125 0.05078125 0.03671875
2 0.77265625 0.44609375 0.03359375 0.01796875
9 0.846875 0.46171875 0.040625 0.05390625
16 0.7671875 0.4625 0.01328125 0.0171875
2 0.7828125 0.46484375 0.0140625 0.0265625
2 0.1796875 0.4484375 0.01875 0.02265625
16 0.79921875 0.4703125 0.0140625 0.040625
2 0.09453125 0.45078125 0.01875 0.0171875
2 0.66875 0.47734375 0.0140625 0.0171875
2 0.17890625 0.46875 0.01484375 0.01640625
16 0.140625 0.46953125 0.0078125 0.01796875
2 0.09453125 0.46953125 0.0171875 0.0140625
16 0.12890625 0.47109375 0.0046875 0.01796875
16 0.13515625 0.4703125 0.00390625 0.015625
2 0.15625 0.471875 0.0046875 0.01640625
2 0.11640625 0.47109375 0.0046875 0.0171875
16 0.15 0.4734375 0.00703125 0.0171875
15 0.66328125 0.490625 0.01953125 0.0171875
2 0.68671875 0.49140625 0.015625 0.025
2 0.70703125 0.4921875 0.0078125 0.028125
2 0.09609375 0.48359375 0.01328125 0.01328125
2 0.7265625 0.503125 0.01328125 0.021875
16 0.63046875 0.50546875 0.00859375 0.04140625
9 0.57265625 0.50390625 0.021875 0.03671875
15 0.69140625 0.509375 0.0234375 0.0140625
2 0.16171875 0.496875 0.0046875 0.01328125
2 0.16875 0.49921875 0.0046875 0.01640625
2 0.17421875 0.50078125 0.00390625 0.015625
2 0.6703125 0.5140625 0.00546875 0.01328125
2 0.76015625 0.521875 0.01953125 0.05390625
2 0.74375 0.528125 0.00859375 0.01796875
2 0.71484375 0.52890625 0.01015625 0.0203125
16 0.7875 0.53203125 0.0078125 0.02578125
2 0.16484375 0.5171875 0.0125 0.0171875
15 0.67109375 0.5328125 0.00703125 0.02265625
2 0.7921875 0.5375 0.00703125 0.01953125
16 0.08828125 0.5203125 0.00703125 0.02421875
2 0.09765625 0.521875 0.00703125 0.021875
16 0.64453125 0.5390625 0.02734375 0.03046875
9 0.85 0.5453125 0.0515625 0.05390625
2 0.1640625 0.53828125 0.0140625 0.01640625
9 0.18359375 0.5484375 0.01640625 0.0375
2 0.09375 0.54765625 0.0171875 0.01640625
2 0.72734375 0.575 0.04453125 0.03515625
2 0.16328125 0.56640625 0.00703125 0.01640625
2 0.09375 0.56484375 0.015625 0.0140625
16 0.63515625 0.58125 0.02265625 0.02265625
2 0.7703125 0.5875 0.01015625 0.04609375
2 0.14765625 0.57421875 0.0171875 0.0171875
2 0.1140625 0.575 0.01328125 0.015625
2 0.7140625 0.59453125 0.00703125 0.00703125
16 0.72734375 0.5953125 0.01484375 0.01171875
2 0.74375 0.60546875 0.0125 0.034375
2 0.1625 0.59140625 0.00859375 0.02890625
16 0.71328125 0.60625 0.0140625 0.0140625
2 0.728125 0.61171875 0.0125 0.01796875
2 0.08984375 0.5953125 0.0078125 0.021875
16 0.14375 0.59765625 0.009375 0.025
16 0.13125 0.59765625 0.0078125 0.025
16 0.10703125 0.596875 0.00703125 0.02109375
2 0.571875 0.61171875 0.0328125 0.04296875
9 0.80703125 0.6328125 0.04765625 0.07421875
22 0.6703125 0.63359375 0.03125 0.04609375
16 0.9453125 0.65234375 0.01328125 0.01796875
16 0.7515625 0.646875 0.0109375 0.0328125
2 0.96875 0.65390625 0.02890625 0.0203125
2 0.92109375 0.6546875 0.0296875 0.02265625
22 0.62421875 0.65546875 0.025 0.0421875
22 0.72578125 0.6625 0.03359375 0.05546875
16 0.6453125 0.66484375 0.0125 0.015625
22 0.67265625 0.6671875 0.025 0.028125
9 0.17109375 0.6546875 0.0234375 0.04453125
2 0.75234375 0.67578125 0.01015625 0.02265625
2 0.11328125 0.6734375 0.00703125 0.02421875
2 0.08828125 0.6734375 0.00625 0.025
2 0.12265625 0.675 0.01015625 0.025
2 0.10078125 0.67421875 0.01171875 0.03359375
2 0.13515625 0.67578125 0.01015625 0.02421875
2 0.14765625 0.678125 0.01015625 0.021875
22 0.675 0.696875 0.02265625 0.034375
22 0.625 0.69609375 0.02734375 0.04296875
2 0.64765625 0.6984375 0.0203125 0.046875
9 0.91796875 0.70703125 0.04765625 0.0875
22 0.96796875 0.71015625 0.0421875 0.09375
2 0.57734375 0.70703125 0.0390625 0.05078125
9 0.871875 0.71875 0.0390625 0.07265625
2 0.7953125 0.71796875 0.01015625 0.01171875
15 0.68828125 0.7203125 0.0234375 0.028125
2 0.16015625 0.71015625 0.00625 0.01953125
16 0.1671875 0.71171875 0.0046875 0.0203125
2 0.171875 0.7109375 0.0046875 0.015625
2 0.66875 0.72578125 0.01484375 0.025
15 0.79609375 0.73359375 0.009375 0.01796875
2 0.7671875 0.7359375 0.01640625 0.01640625
2 0.6609375 0.746875 0.01875 0.021875
15 0.78046875 0.7515625 0.04140625 0.0171875
2 0.165625 0.7390625 0.01953125 0.0296875
2 0.584375 0.7515625 0.0359375 0.03359375
2 0.93203125 0.76796875 0.015625 0.02421875
16 0.9171875 0.77109375 0.0078125 0.02421875
2 0.98359375 0.77265625 0.025 0.028125
16 0.96640625 0.77265625 0.009375 0.01796875
16 0.140625 0.778125 0.00703125 0.02421875
16 0.1546875 0.77890625 0.00703125 0.02421875
16 0.165625 0.7796875 0.0078125 0.021875
16 0.09609375 0.7796875 0.00703125 0.02421875
16 0.10546875 0.78046875 0.01015625 0.025
16 0.13203125 0.78203125 0.0046875 0.0171875
16 0.08671875 0.78203125 0.0109375 0.01953125
2 0.81484375 0.065625 0.01015625 0.0328125
2 0.8421875 0.0703125 0.00546875 0.01640625
2 0.65 0.0703125 0.0453125 0.03828125