15 0.73203125 0.07890625 0.0109375 0.02890625
2 0.221875 0.10859375 0.015625 0.02578125
16 0.71796875 0.0875 0.021875 0.02421875
9 0.35859375 0.10859375 0.02265625 0.04140625
16 0.33828125 0.11328125 0.01640625 0.0140625
2 0.8609375 0.09375 0.0125 0.025
16 0.684375 0.1109375 0.01015625 0.021875
16 0.65546875 0.11328125 0.0140625 0.01640625
2 0.63203125 0.11953125 0.0125 0.02578125
9 0.8328125 0.1109375 0.046875 0.05546875
2 0.871875 0.1109375 0.0109375 0.115625
2 0.64609375 0.134375 0.01796875 0.01875
9 0.78046875 0.13046875 0.0546875 0.115625
16 0.084375 0.16953125 0.009375 0.01796875
16 0.63046875 0.140625 0.01171875 0.0125
9 0.1546875 0.16875 0.0140625 0.0296875
16 0.86015625 0.12890625 0.0140625 0.02734375
22 0.58984375 0.15546875 0.075 0.1625
2 0.63125 0.16328125 0.0125 0.0359375
2 0.55078125 0.16953125 0.0109375 0.0078125
9 0.22890625 0.18828125 0.02109375 0.0359375
2 0.165625 0.196875 0.00703125 0.025
2 0.53125 0.17734375 0.01796875 0.04453125
2 0.928125 0.1546875 0.015625 0.01875
2 0.1546875 0.19765625 0.01171875 0.02265625
16 0.665625 0.175 0.01171875 0.02578125
2 0.496875 0.18515625 0.01640625 0.0328125
2 0.64375 0.178125 0.01015625 0.02734375
2 0.85078125 0.16875 0.01875 0.0546875
16 0.890625 0.16640625 0.00703125 0.0140625
2 0.90625 0.16640625 0.0125 0.01328125
2 0.5515625 0.1875 0.00703125 0.01015625
2 0.5140625 0.190625 0.0125 0.015625
2 0.7640625 0.1859375 0.059375 0.0171875
2 0.10625 0.2234375 0.01328125 0.015625
2 0.2265625 0.2203125 0.0125 0.0171875
2 0.5 0.20859375 0.01015625 0.01796875
2 0.64375 0.2015625 0.0046875 0.01640625
2 0.65703125 0.2015625 0.015625 0.02265625
16 0.88046875 0.1921875 0.0125 0.02421875
2 0.521875 0.2125 0.01015625 0.03125
16 0.9296875 0.190625 0.01484375 0.05546875
2 0.553125 0.21171875 0.015625 0.021875
16 0.19609375 0.2328125 0.04921875 0.0265625
16 0.0828125 0.2421875 0.00625 0.0140625
16 0.44140625 0.22578125 0.009375 0.02109375
2 0.53515625 0.22265625 0.01484375 0.05234375
16 0.05234375 0.25 0.00625 0.02109375
15 0.6828125 0.21640625 0.0203125 0.01796875
2 0.0203125 0.25390625 0.00703125 0.01640625
16 0.5015625 0.22890625 0.01015625 0.0203125
2 0.45234375 0.23359375 0.0140625 0.034375
2 0.89921875 0.21015625 0.0296875 0.01640625
2 0.46484375 0.234375 0.01484375 0.02734375
2 0.14140625 0.25234375 0.01796875 0.05078125
16 0.0828125 0.25546875 0.00625 0.01015625
2 0.55234375 0.23984375 0.01484375 0.03984375
16 0.671875 0.2359375 0.00859375 0.015625
16 0.02265625 0.27109375 0.00703125 0.01796875
15 0.7 0.23515625 0.0140625 0.0203125
2 0.93046875 0.225 0.015625 0.0171875
2 0.0796875 0.27421875 0.015625 0.02265625
16 0.84609375 0.2328125 0.028125 0.0609375
16 0.93125 0.24375 0.015625 0.02578125
16 0.775 0.25546875 0.03203125 0.03125
16 0.08359375 0.29453125 0.00546875 0.01640625
2 0.553125 0.26953125 0.00703125 0.01015625
2 0.25390625 0.29140625 0.00703125 0.01875
16 0.26875 0.29140625 0.01796875 0.01796875
16 0.4453125 0.28125 0.01015625 0.01171875
2 0.4578125 0.28125 0.01171875 0.01328125
2 0.32578125 0.28984375 0.0078125 0.01875
16 0.06484375 0.3046875 0.0078125 0.02109375
16 0.46875 0.2828125 0.0078125 0.0125
16 0.02734375 0.30703125 0.0046875 0.0171875
16 0.33984375 0.2921875 0.01796875 0.01796875
16 0.553125 0.2828125 0.009375 0.01796875
2 0.446875 0.2921875 0.01328125 0.009375
2 0.928125 0.26953125 0.01015625 0.021875
16 0.45859375 0.296875 0.00859375 0.01875
2 0.553125 0.3015625 0.00859375 0.01875
2 0.565625 0.3046875 0.01015625 0.009375
2 0.0875 0.334375 0.0234375 0.02578125
16 0.446875 0.315625 0.0125 0.04140625
16 0.48515625 0.321875 0.01796875 0.02421875
16 0.4703125 0.3234375 0.00859375 0.0421875
9 0.41015625 0.33125 0.06015625 0.0609375
16 0.35078125 0.36875 0.01484375 0.01640625
16 0.490625 0.3609375 0.0125 0.021875
16 0.5046875 0.36328125 0.01015625 0.01875
2 0.35078125 0.384375 0.015625 0.02109375
16 0.48984375 0.38203125 0.01171875 0.01796875
16 0.509375 0.38203125 0.0109375 0.01796875
2 0.4984375 0.384375 0.003125 0.01796875
16 0.528125 0.3984375 0.0296875 0.01796875
16 0.5046875 0.4 0.0109375 0.01875
2 0.49375 0.4015625 0.015625 0.0140625
2 0.48984375 0.41484375 0.01171875 0.01875
16 0.7671875 0.40078125 0.0109375 0.01328125
16 0.79375 0.4 0.00703125 0.0171875
2 0.50546875 0.415625 0.00625 0.01796875
2 0.78125 0.40078125 0.0109375 0.0171875
16 0.4984375 0.41640625 0.00390625 0.0140625
16 0.52265625 0.41484375 0.03359375 0.0171875
22 0.42421875 0.4203125 0.13046875 0.14375
16 0.81875 0.4234375 0.00859375 0.03515625
16 0.80390625 0.42578125 0.01171875 0.02109375
16 0.77734375 0.428125 0.015625 0.0140625
2 0.7640625 0.42890625 0.00390625 0.0140625
9 0.14140625 0.4640625 0.0515625 0.0375
2 0.7765625 0.44375 0.034375 0.01875
9 0.8515625 0.453125 0.040625 0.0546875
16 0.77265625 0.4609375 0.01328125 0.0171875
2 0.78828125 0.46171875 0.0140625 0.02734375
2 0.18828125 0.49453125 0.01796875 0.02265625
16 0.8046875 0.465625 0.01484375 0.03984375
2 0.10390625 0.503125 0.01875 0.01796875
2 0.675 0.48359375 0.0140625 0.01796875
2 0.18828125 0.51484375 0.01484375 0.01640625
16 0.15 0.51875 0.00859375 0.01796875
2 0.1046875 0.521875 0.0171875 0.015625
16 0.13828125 0.5203125 0.00390625 0.01796875
16 0.14453125 0.5203125 0.00390625 0.015625
2 0.165625 0.51953125 0.00546875 0.01640625
2 0.1265625 0.521875 0.00546875 0.0171875
16 0.159375 0.52109375 0.00703125 0.0171875
15 0.6703125 0.496875 0.01953125 0.0171875
2 0.69375 0.49609375 0.015625 0.02578125
2 0.7140625 0.49453125 0.00859375 0.02734375
2 0.10546875 0.5359375 0.01328125 0.01328125
2 0.73359375 0.5046875 0.0140625 0.02265625
16 0.6375 0.5140625 0.00859375 0.04140625
9 0.58046875 0.51796875 0.021875 0.0359375
15 0.69921875 0.5125 0.0234375 0.015625
2 0.171875 0.54375 0.0046875 0.01328125
2 0.1796875 0.54609375 0.00390625 0.01640625
2 0.184375 0.546875 0.00390625 0.015625
2 0.678125 0.5203125 0.00546875 0.0140625
2 0.76796875 0.5203125 0.0203125 0.053125
2 0.7515625 0.528125 0.00859375 0.01796875
2 0.72265625 0.53125 0.0109375 0.0203125
16 0.7953125 0.528125 0.00859375 0.02578125
2 0.17578125 0.56328125 0.0125 0.01796875
15 0.67890625 0.5375 0.00703125 0.02421875
2 0.8 0.5328125 0.00703125 0.01875
16 0.1 0.57265625 0.00703125 0.02421875
2 0.109375 0.57421875 0.0078125 0.021875
16 0.653125 0.546875 0.028125 0.03125
9 0.8578125 0.5359375 0.05234375 0.0546875
2 0.17578125 0.58515625 0.0140625 0.0171875
9 0.1953125 0.59375 0.01640625 0.0375
2 0.10625 0.6 0.01796875 0.01640625
2 0.7359375 0.575 0.04453125 0.0359375
2 0.17578125 0.61328125 0.00703125 0.01640625
2 0.10703125 0.6171875 0.015625 0.015625
16 0.64453125 0.58984375 0.0234375 0.02265625
2 0.7796875 0.58515625 0.0109375 0.04609375
2 0.16015625 0.621875 0.01796875 0.0171875
2 0.128125 0.62578125 0.01328125 0.015625
2 0.7234375 0.59609375 0.00703125 0.0078125
16 0.7375 0.5953125 0.01484375 0.01171875
2 0.75390625 0.6046875 0.0125 0.034375
2 0.17578125 0.6375 0.009375 0.02890625
16 0.72421875 0.6078125 0.0140625 0.015625
2 0.73828125 0.6125 0.0125 0.01796875
2 0.1046875 0.64765625 0.00859375 0.02265625
16 0.1578125 0.6453125 0.01015625 0.025
16 0.14453125 0.64609375 0.00859375 0.02578125
16 0.12109375 0.64765625 0.0078125 0.02109375
2 0.58359375 0.625 0.0328125 0.04375
9 0.81796875 0.62578125 0.0484375 0.07421875
22 0.6828125 0.6390625 0.03203125 0.046875
16 0.95546875 0.63515625 0.0125 0.01796875
16 0.7625 0.6453125 0.0109375 0.0328125
2 0.97890625 0.634375 0.0296875 0.02109375
2 0.93203125 0.6390625 0.0296875 0.02421875
22 0.63671875 0.6640625 0.02578125 0.0421875
22 0.7375 0.66171875 0.034375 0.05625
16 0.65859375 0.67109375 0.0125 0.015625
22 0.68515625 0.67109375 0.02578125 0.02734375
9 0.1875 0.69921875 0.02421875 0.04375
2 0.76484375 0.6734375 0.0109375 0.02265625
2 0.1296875 0.72265625 0.00703125 0.02421875
2 0.1046875 0.725 0.00703125 0.025
2 0.1390625 0.7234375 0.01015625 0.025
2 0.11640625 0.72578125 0.0125 0.03359375
2 0.1515625 0.7234375 0.0109375 0.025
2 0.1640625 0.725 0.01015625 0.02265625
22 0.68828125 0.7 0.0234375 0.034375
22 0.6390625 0.70390625 0.028125 0.04375
2 0.66171875 0.70390625 0.02109375 0.04765625
9 0.9296875 0.690625 0.0484375 0.0890625
22 0.97890625 0.690625 0.040625 0.0953125
2 0.59296875 0.71875 0.0390625 0.0515625
9 0.8859375 0.70625 0.0390625 0.0734375
2 0.80859375 0.71171875 0.01015625 0.01171875
15 0.70234375 0.7234375 0.02421875 0.02890625
2 0.17734375 0.75546875 0.00703125 0.01875
16 0.184375 0.75703125 0.00546875 0.02109375
2 0.18984375 0.75703125 0.0046875 0.015625
2 0.684375 0.7296875 0.01484375 0.02578125
15 0.809375 0.72734375 0.009375 0.01796875
2 0.78203125 0.73125 0.0171875 0.01640625
2 0.6765625 0.7515625 0.01875 0.02265625
15 0.79609375 0.746875 0.04140625 0.01796875
2 0.184375 0.78515625 0.0203125 0.0296875
2 0.6 0.7625 0.03515625 0.034375
2 0.946875 0.7515625 0.015625 0.02421875
16 0.93203125 0.75390625 0.00859375 0.02421875
2 0.9921875 0.7515625 0.0140625 0.0296875
16 0.98046875 0.753125 0.009375 0.01796875
16 0.16015625 0.82421875 0.00703125 0.02421875
16 0.17421875 0.825 0.0078125 0.02421875
16 0.18515625 0.82421875 0.00859375 0.02265625
16 0.115625 0.83046875 0.0078125 0.02421875
16 0.12578125 0.83046875 0.01015625 0.025
16 0.1515625 0.82890625 0.00546875 0.0171875
16 0.10703125 0.8328125 0.0109375 0.0203125
2 0.80703125 0.06328125 0.01015625 0.0328125
2 0.834375 0.065625 0.00546875 0.01640625
2 0.64296875 0.0796875 0.04609375 0.0390625