2 0.5125 0.58359375 0.01171875 0.0203125
2 0.55546875 0.6015625 0.009375 0.01796875
2 0.5625 0.60625 0.01171875 0.01640625
2 0.4671875 0.575 0.01796875 0.01640625
2 0.4140625 0.6171875 0.053125 0.07421875
2 0.90625 0.81875 0.04296875 0.05078125
20 0.41015625 0.64453125 0.0203125 0.025
2 0.88046875 0.8171875 0.03671875 0.0453125
2 0.3875 0.6546875 0.01640625 0.0140625
2 0.459375 0.68203125 0.0296875 0.03671875
16 0.1625 0.58125 0.0109375 0.02109375
16 0.2546875 0.6140625 0.0078125 0.015625
16 0.171875 0.5859375 0.009375 0.01953125
16 0.23046875 0.609375 0.0140625 0.01328125
16 0.178125 0.60546875 0.009375 0.0171875
16 0.17109375 0.6046875 0.009375 0.0171875
16 0.22890625 0.625 0.01015625 0.0171875
16 0.2359375 0.62734375 0.0078125 0.01796875
2 0.8703125 0.85625 0.01484375 0.01484375
20 0.88515625 0.86484375 0.01875 0.02421875
16 0.43359375 0.709375 0.0078125 0.01484375
16 0.4265625 0.70859375 0.01015625 0.01796875
16 0.41015625 0.70546875 0.009375 0.01796875
16 0.4171875 0.71015625 0.0109375 0.021875
2 0.3546875 0.69765625 0.05390625 0.06328125
2 0.47890625 0.75 0.009375 0.01484375
2 0.4203125 0.73046875 0.00859375 0.01796875
2 0.4140625 0.728125 0.01015625 0.01875
2 0.4640625 0.74609375 0.009375 0.01796875
2 0.47109375 0.74921875 0.00859375 0.01484375
2 0.40546875 0.72578125 0.01171875 0.02109375
2 0.428125 0.73359375 0.01171875 0.02109375
2 0.45546875 0.74375 0.01015625 0.01953125
9 0.9 0.90078125 0.021875 0.02578125
20 0.87890625 0.89375 0.0265625 0.034375
16 0.91796875 0.91171875 0.0125 0.01171875
16 0.9046875 0.91953125 0.0140625 0.01328125
2 0.359375 0.73984375 0.02421875 0.02734375
2 0.32578125 0.7390625 0.0265625 0.03359375
2 0.3484375 0.76484375 0.03046875 0.040625
2 0.31484375 0.765625 0.02734375 0.0375
9 0.42421875 0.8078125 0.06640625 0.0828125
2 0.278125 0.78828125 0.02890625 0.0375
2 0.3359375 0.8109375 0.01484375 0.025
9 0.3359375 0.81875 0.03515625 0.05625
9 0.3 0.81171875 0.03046875 0.046875
2 0.27109375 0.82109375 0.0296875 0.0328125
2 0.421875 0.8796875 0.009375 0.01796875
2 0.45625 0.8921875 0.0125 0.02109375
2 0.446875 0.88984375 0.01328125 0.0234375
2 0.39140625 0.8703125 0.0125 0.02578125
2 0.43828125 0.8875 0.015625 0.021875
2 0.41328125 0.87890625 0.01171875 0.01640625
2 0.46484375 0.896875 0.01328125 0.02578125
2 0.4296875 0.88515625 0.01328125 0.0203125
2 0.40390625 0.8765625 0.0125 0.02578125
2 0.37265625 0.86484375 0.0125 0.0234375
2 0.3640625 0.8625 0.009375 0.02109375
2 0.38125 0.86875 0.01171875 0.021875
16 0.30859375 0.86796875 0.0109375 0.01796875
16 0.29609375 0.86484375 0.00859375 0.0140625
2 0.45078125 0.9296875 0.0359375 0.06328125
2 0.4109375 0.93828125 0.05546875 0.07421875
4 0.35859375 0.9328125 0.06015625 0.05078125
16 0.6515625 0.2875 0.01484375 0.01328125
20 0.67578125 0.303125 0.01875 0.021875
2 0.715625 0.33359375 0.0453125 0.06953125
2 0.75703125 0.3546875 0.046875 0.0734375
2 0.36640625 0.2203125 0.05078125 0.04921875
20 0.67109375 0.32890625 0.02421875 0.015625
16 0.63046875 0.31484375 0.0078125 0.01328125
16 0.6390625 0.32421875 0.01171875 0.01796875
16 0.64765625 0.32734375 0.01015625 0.01953125
20 0.47578125 0.27578125 0.01875 0.028125
2 0.95625 0.45234375 0.05390625 0.0578125
20 0.66484375 0.35546875 0.01875 0.02578125
9 0.88046875 0.4375 0.04140625 0.04140625
2 0.59296875 0.3390625 0.05390625 0.0546875
20 0.46953125 0.296875 0.0203125 0.02421875
20 0.5015625 0.3078125 0.01875 0.02578125
2 0.540625 0.32421875 0.0578125 0.05390625
2 0.9078125 0.4546875 0.01171875 0.01953125
20 0.64453125 0.3703125 0.0203125 0.02734375
20 0.659375 0.3765625 0.0171875 0.02265625
2 0.97734375 0.49140625 0.04453125 0.0625
2 0.884375 0.4609375 0.01328125 0.01328125
2 0.86953125 0.45546875 0.01796875 0.01640625
2 0.54765625 0.35859375 0.01171875 0.0203125
2 0.4953125 0.3421875 0.0109375 0.01796875
2 0.50234375 0.3453125 0.009375 0.01796875
2 0.59375 0.378125 0.01484375 0.0140625
20 0.65859375 0.40390625 0.01875 0.02578125
20 0.6765625 0.41875 0.0203125 0.025
20 0.51328125 0.39140625 0.021875 0.0296875
20 0.59140625 0.41953125 0.015625 0.02265625
20 0.49765625 0.38671875 0.0203125 0.02265625
20 0.528125 0.3984375 0.01875 0.025
2 0.46015625 0.4046875 0.0421875 0.0546875
20 0.940625 0.6 0.021875 0.02734375
2 0.5828125 0.4859375 0.04296875 0.071875
20 0.93515625 0.6203125 0.01875 0.02734375
2 0.60703125 0.5078125 0.01640625 0.0171875
2 0.60390625 0.51796875 0.01796875 0.01484375
2 0.603125 0.52734375 0.01328125 0.0140625
4 0.0765625 0.346875 0.05390625 0.1078125
2 0.440625 0.4765625 0.04375 0.075
9 0.5421875 0.52265625 0.08828125 0.11484375
20 0.92578125 0.66640625 0.02734375 0.03203125
2 0.4859375 0.5203125 0.01484375 0.01484375
2 0.6046875 0.56796875 0.01171875 0.02421875
2 0.5875 0.56328125 0.01484375 0.0203125
2 0.59765625 0.5671875 0.01171875 0.021875
2 0.48359375 0.5328125 0.01328125 0.01171875
20 0.434375 0.5265625 0.01875 0.02578125
16 0.221875 0.46328125 0.00703125 0.01484375
2 0.47890625 0.553125 0.015625 0.01328125
16 0.215625 0.46171875 0.009375 0.01640625
2 0.48828125 0.5734375 0.0109375 0.01796875
2 0.496875 0.57734375 0.009375 0.01796875