15 0.259375 0.16796875 0.0046875 0.04296875
15 0.28046875 0.16953125 0.0046875 0.04609375
15 0.35390625 0.1703125 0.00390625 0.05390625
15 0.17734375 0.17265625 0.00546875 0.0484375
1 0.20859375 0.17265625 0.00625 0.0484375
15 0.22265625 0.17265625 0.003125 0.0484375
1 0.22734375 0.17421875 0.0046875 0.0453125
15 0.2171875 0.17421875 0.00546875 0.0453125
15 0.17109375 0.1765625 0.00546875 0.05078125
20 0.11875 0.17734375 0.00625 0.06171875
1 0.59609375 0.178125 0.0046875 0.059375
15 0.12734375 0.17890625 0.0046875 0.04453125
1 0.140625 0.18046875 0.003125 0.04140625
15 0.13359375 0.18125 0.0046875 0.04296875
20 0.14921875 0.18203125 0.01171875 0.08359375
15 0.590625 0.1828125 0.0046875 0.0625
1 0.64375 0.184375 0.00625 0.0390625
20 0.23515625 0.18515625 0.009375 0.0765625
15 0.58515625 0.18515625 0.0046875 0.05703125
9 0.30234375 0.1859375 0.021875 0.15859375
15 0.65 0.19140625 0.0046875 0.03984375
15 0.63828125 0.19140625 0.00546875 0.0359375
20 0.1609375 0.1921875 0.01171875 0.0875
15 0.321875 0.1921875 0.00546875 0.04453125
15 0.33828125 0.1953125 0.00390625 0.04296875
15 0.8625 0.1984375 0.00703125 0.0671875
1 0.6296875 0.2015625 0.0046875 0.046875
1 0.55390625 0.2046875 0.00546875 0.059375
15 0.559375 0.20625 0.0046875 0.0625
1 0.6625 0.2109375 0.00546875 0.05859375
15 0.27265625 0.21796875 0.00390625 0.04609375
15 0.26015625 0.21953125 0.00546875 0.04609375
15 0.265625 0.221875 0.00390625 0.05078125
1 0.85625 0.22578125 0.0046875 0.06171875
1 0.80078125 0.22734375 0.00390625 0.0609375
20 0.5703125 0.2265625 0.0109375 0.065625
20 0.25078125 0.22734375 0.0109375 0.0640625
1 0.59765625 0.2296875 0.0046875 0.03984375
15 0.2046875 0.2296875 0.00390625 0.046875
15 0.209375 0.2296875 0.00390625 0.04921875
1 0.64453125 0.23046875 0.00625 0.040625
1 0.634375 0.23125 0.0046875 0.04140625
1 0.63828125 0.23125 0.003125 0.04296875
1 0.59296875 0.2328125 0.00390625 0.0421875
15 0.32734375 0.2359375 0.00390625 0.0421875
20 0.0984375 0.23671875 0.0109375 0.0734375
1 0.31875 0.23828125 0.0046875 0.04609375
20 0.13203125 0.23984375 0.0109375 0.06640625
1 0.08984375 0.2390625 0.00390625 0.0515625
20 0.11015625 0.23984375 0.01171875 0.06640625
1 0.11796875 0.240625 0.003125 0.0515625
15 0.0828125 0.240625 0.00546875 0.04765625
1 0.58671875 0.24140625 0.00234375 0.0359375
9 0.615625 0.24296875 0.02109375 0.128125
15 0.3359375 0.24296875 0.0046875 0.04296875
20 0.2203125 0.24609375 0.01015625 0.07890625
1 0.7953125 0.24765625 0.00703125 0.05234375
1 0.5828125 0.246875 0.003125 0.03984375
15 0.57890625 0.25546875 0.0046875 0.040625
15 0.2828125 0.25703125 0.003125 0.04375
1 0.14921875 0.2578125 0.00625 0.0625
1 0.28671875 0.25859375 0.00390625 0.05390625
15 0.78984375 0.26640625 0.00546875 0.04921875
15 0.3546875 0.26875 0.0046875 0.05
15 0.6609375 0.271875 0.0046875 0.046875
15 0.64921875 0.27421875 0.00390625 0.0390625
15 0.65390625 0.275 0.00390625 0.03671875
15 0.64453125 0.275 0.0046875 0.03671875
15 0.846875 0.27734375 0.00390625 0.0453125
1 0.4359375 0.2796875 0.00546875 0.0625
1 0.42890625 0.2796875 0.00625 0.06328125
15 0.715625 0.28125 0.00546875 0.04609375
15 0.92890625 0.28125 0.00546875 0.04609375
1 0.6390625 0.28125 0.00546875 0.04296875
1 0.60390625 0.2875 0.0046875 0.0515625
1 0.59921875 0.28828125 0.0046875 0.04609375
20 0.3421875 0.28828125 0.009375 0.0734375
20 0.27109375 0.28984375 0.0109375 0.0828125
15 0.08359375 0.290625 0.00546875 0.04765625
15 0.3015625 0.290625 0.003125 0.05078125
15 0.77890625 0.290625 0.00546875 0.0515625
20 0.33125 0.290625 0.01015625 0.071875
1 0.58125 0.290625 0.003125 0.03515625
15 0.296875 0.290625 0.003125 0.0515625
15 0.30625 0.2921875 0.00390625 0.0546875
15 0.58515625 0.2921875 0.00390625 0.0375
1 0.2921875 0.2921875 0.0046875 0.0484375
15 0.23671875 0.29375 0.00390625 0.0578125
20 0.54921875 0.2984375 0.0109375 0.06953125
15 0.2578125 0.296875 0.00546875 0.06328125
1 0.32265625 0.2984375 0.00546875 0.05390625
1 0.24375 0.2984375 0.00625 0.0703125
1 0.3171875 0.2984375 0.00390625 0.06015625
15 0.2515625 0.3 0.00546875 0.06640625
15 0.559375 0.3 0.00625 0.07265625
15 0.13125 0.30078125 0.003125 0.05078125
1 0.12265625 0.3015625 0.0046875 0.046875
15 0.12734375 0.3015625 0.003125 0.046875
1 0.2296875 0.3015625 0.00703125 0.07734375
15 0.1390625 0.303125 0.0046875 0.046875
15 0.94921875 0.303125 0.00625 0.059375
1 0.10234375 0.30390625 0.0046875 0.0515625
15 0.91953125 0.30859375 0.0046875 0.046875
15 0.8546875 0.30859375 0.00625 0.06328125
15 0.72421875 0.309375 0.00546875 0.05859375
15 0.92578125 0.31171875 0.00390625 0.04296875
20 0.57109375 0.3125 0.009375 0.07421875
20 0.1109375 0.3140625 0.0109375 0.07890625
15 0.221875 0.31640625 0.0046875 0.053125
15 0.1796875 0.31953125 0.00390625 0.053125
15 0.2078125 0.3203125 0.00390625 0.0578125
1 0.18671875 0.321875 0.0078125 0.0640625
1 0.20078125 0.32265625 0.0078125 0.0625
1 0.659375 0.32265625 0.00390625 0.0484375
15 0.19453125 0.3234375 0.00390625 0.0546875
1 0.21484375 0.32421875 0.0078125 0.07109375
1 0.65234375 0.32421875 0.0078125 0.04921875
15 0.79609375 0.32421875 0.00625 0.071875
1 0.64453125 0.32421875 0.00703125 0.0453125
1 0.1734375 0.325 0.0078125 0.0703125
15 0.6765625 0.32734375 0.0078125 0.09140625
15 0.846875 0.328125 0.00390625 0.053125
15 0.715625 0.32890625 0.00546875 0.0515625
20 0.59296875 0.32890625 0.00859375 0.07109375
15 0.78984375 0.33046875 0.00390625 0.05
15 0.58125 0.3296875 0.003125 0.0390625
15 0.58515625 0.33046875 0.00390625 0.0375
1 0.63203125 0.340625 0.00390625 0.05390625
15 0.60859375 0.34140625 0.00546875 0.046875
15 0.63828125 0.34453125 0.00390625 0.05234375
1 0.6140625 0.3453125 0.0046875 0.05390625
20 0.625 0.35078125 0.009375 0.07421875
15 0.04453125 0.35234375 0.0046875 0.0453125
15 0.05 0.353125 0.00546875 0.04609375
1 0.94921875 0.37109375 0.0046875 0.05859375
1 0.684375 0.37109375 0.00625 0.04921875
1 0.94296875 0.378125 0.00546875 0.0671875
20 0.27578125 0.3890625 0.0109375 0.0640625
15 0.265625 0.39140625 0.00703125 0.06328125
15 0.28515625 0.3953125 0.00625 0.06015625
1 0.93515625 0.4109375 0.0078125 0.07890625
1 0.534375 0.42265625 0.0078125 0.078125
1 0.06484375 0.4296875 0.00703125 0.08984375
1 0.46328125 0.43515625 0.0078125 0.08984375
1 0.015625 0.46015625 0.00546875 0.04453125
1 0.025 0.4625 0.00546875 0.05546875
20 0.03359375 0.4640625 0.0109375 0.06484375
20 0.04765625 0.4640625 0.01171875 0.07109375
20 0.246875 0.4828125 0.0109375 0.06875
15 0.25546875 0.48515625 0.0046875 0.05
20 0.946875 0.49453125 0.0109375 0.06875
15 0.93046875 0.5 0.00390625 0.04375
1 0.93515625 0.503125 0.00390625 0.046875
20 0.015625 0.52265625 0.0109375 0.075
15 0.05078125 0.5234375 0.00390625 0.05078125
1 0.23125 0.5234375 0.00625 0.05625
1 0.03515625 0.52578125 0.0046875 0.0484375
15 0.0453125 0.52578125 0.00546875 0.0484375
20 0.48828125 0.53125 0.0109375 0.0734375
20 0.5078125 0.53515625 0.0109375 0.0734375
1 0.7578125 0.5359375 0.0046875 0.05078125
20 0.73046875 0.53671875 0.00859375 0.05390625
1 0.72265625 0.5375 0.00546875 0.0578125
15 0.5265625 0.53828125 0.00703125 0.0671875
15 0.7625 0.53984375 0.00546875 0.05625
20 0.7421875 0.540625 0.01015625 0.06484375
1 0.51796875 0.5421875 0.00546875 0.0515625
1 0.4796875 0.54375 0.0046875 0.05078125
15 0.02421875 0.54609375 0.00546875 0.0453125
15 0.71015625 0.5484375 0.00546875 0.05703125
20 0.2515625 0.54921875 0.00859375 0.06875
20 0.240625 0.55234375 0.01015625 0.06875
15 0.475 0.55390625 0.00546875 0.0515625
20 0.73125 0.609375 0.00859375 0.07265625
20 0.71953125 0.609375 0.01171875 0.07578125
1 0.25078125 0.62421875 0.00390625 0.05078125
15 0.2453125 0.62734375 0.0046875 0.0546875
1 0.64375 0.13984375 0.00703125 0.03984375
1 0.60078125 0.14375 0.003125 0.0484375
15 0.61640625 0.146875 0.0046875 0.0578125
1 0.6046875 0.14765625 0.003125 0.0484375
20 0.34453125 0.14921875 0.0109375 0.07109375
15 0.65 0.15 0.00390625 0.04609375
15 0.61015625 0.1515625 0.00546875 0.05625
1 0.6546875 0.15078125 0.00390625 0.0484375
15 0.5640625 0.1515625 0.0078125 0.059375
1 0.63828125 0.15234375 0.0046875 0.040625
1 0.63125 0.15390625 0.00625 0.0453125
4 0.403125 0.16171875 0.0875 0.153125
15 0.27265625 0.1640625 0.00390625 0.04140625