15 0.68671875 0.12578125 0.00625 0.02265625
15 0.69375 0.128125 0.00625 0.0171875
15 0.71796875 0.13359375 0.0078125 0.0203125
15 0.7296875 0.13671875 0.00859375 0.021875
15 0.65390625 0.1375 0.01171875 0.025
15 0.8484375 0.14296875 0.009375 0.021875
1 0.88046875 0.1625 0.0390625 0.065625
15 0.753125 0.16484375 0.009375 0.01015625
15 0.75703125 0.178125 0.01015625 0.0140625
15 0.096875 0.18203125 0.00625 0.02109375
15 0.090625 0.1828125 0.00859375 0.02578125
15 0.21328125 0.1875 0.0109375 0.02734375
15 0.225 0.190625 0.00859375 0.02578125
1 0.72890625 0.19921875 0.0453125 0.07890625
1 0.57109375 0.20234375 0.015625 0.0359375
1 0.7015625 0.21328125 0.0140625 0.01875
1 0.87734375 0.25390625 0.03515625 0.0703125
1 0.78984375 0.26171875 0.04296875 0.07734375
1 0.83203125 0.2625 0.04296875 0.0796875
4 0.0484375 0.2640625 0.0296875 0.2109375
15 0.378125 0.271875 0.0109375 0.02421875
1 0.3875 0.2734375 0.00859375 0.0234375
1 0.09921875 0.28359375 0.01171875 0.0171875
1 0.1 0.3265625 0.03984375 0.0734375
1 0.12890625 0.33125 0.00859375 0.02265625
15 0.16875 0.35078125 0.00703125 0.021875
15 0.17421875 0.3515625 0.00625 0.02265625
15 0.16484375 0.36953125 0.015625 0.0140625
15 0.22578125 0.38046875 0.01015625 0.028125
15 0.16484375 0.38359375 0.01328125 0.01171875
4 0.11015625 0.5328125 0.0390625 0.18125
15 0.45703125 0.078125 0.01015625 0.02109375
15 0.4671875 0.0796875 0.01171875 0.015625
15 0.515625 0.0796875 0.0125 0.01328125
15 0.49140625 0.0796875 0.00859375 0.015625
15 0.48359375 0.08203125 0.009375 0.01015625
15 0.5171875 0.0921875 0.01328125 0.01328125
15 0.403125 0.92578125 0.0078125 0.021875
15 0.41015625 0.92734375 0.0078125 0.01875
15 0.42109375 0.93046875 0.009375 0.01484375
15 0.78828125 0.11796875 0.01015625 0.034375
15 0.83203125 0.1171875 0.009375 0.028125
1 0.56796875 0.1203125 0.01953125 0.0265625
9 0.76015625 0.125 0.03671875 0.078125
20 0.7015625 0.1265625 0.01171875 0.01328125