20 0.79453125 0.3171875 0.0140625 0.0109375
15 0.78828125 0.31875 0.0078125 0.00625
20 0.75546875 0.32109375 0.0109375 0.009375
1 0.78671875 0.32421875 0.00859375 0.00703125
9 0.77109375 0.3296875 0.0234375 0.02890625
20 0.7171875 0.33046875 0.01328125 0.0109375
15 0.70625 0.33203125 0.00546875 0.00859375
15 0.703125 0.33515625 0.00703125 0.00546875
15 0.71171875 0.3390625 0.00703125 0.0078125
15 0.7515625 0.33984375 0.01171875 0.00703125
15 0.70078125 0.34140625 0.0078125 0.00625
15 0.70859375 0.34140625 0.00546875 0.00546875
15 0.746875 0.34453125 0.00859375 0.0078125
15 0.69765625 0.34453125 0.00703125 0.00703125
15 0.69296875 0.346875 0.00859375 0.00546875
20 0.71640625 0.346875 0.0125 0.0109375
15 0.7421875 0.346875 0.00859375 0.00703125
15 0.70546875 0.34921875 0.00859375 0.00546875
15 0.6890625 0.35 0.00703125 0.00546875
15 0.73828125 0.35078125 0.00703125 0.00703125
15 0.70234375 0.35234375 0.00703125 0.00703125
15 0.6984375 0.35546875 0.00703125 0.00703125
15 0.6828125 0.35859375 0.00703125 0.0078125
15 0.69453125 0.35859375 0.0078125 0.00703125
15 0.71015625 0.36015625 0.00859375 0.00546875
20 0.67734375 0.3625 0.01328125 0.01015625
15 0.70625 0.36328125 0.00703125 0.0046875
15 0.703125 0.365625 0.00703125 0.00546875
20 0.66953125 0.3671875 0.009375 0.0125
15 0.690625 0.36796875 0.00859375 0.00625
15 0.7 0.36796875 0.00703125 0.00625
15 0.7140625 0.36796875 0.0078125 0.00625
15 0.71171875 0.37109375 0.00859375 0.0078125
15 0.6640625 0.371875 0.00859375 0.0078125
20 0.68515625 0.37265625 0.0109375 0.009375
15 0.7078125 0.37421875 0.0078125 0.00625
15 0.70390625 0.3765625 0.0078125 0.00625
15 0.7 0.3796875 0.00859375 0.00703125
20 0.67734375 0.38046875 0.01171875 0.01328125
15 0.69765625 0.38359375 0.00859375 0.00625
15 0.65625 0.38359375 0.00859375 0.00703125
15 0.69453125 0.3859375 0.00859375 0.0078125
15 0.67109375 0.38671875 0.00625 0.00625
20 0.68984375 0.38984375 0.0125 0.01015625
15 0.71015625 0.390625 0.00703125 0.01015625
15 0.70625 0.39375 0.009375 0.00703125
20 0.68125 0.3953125 0.01171875 0.009375
15 0.66171875 0.39609375 0.01015625 0.00625
15 0.7015625 0.3984375 0.00703125 0.0078125
15 0.67578125 0.39921875 0.01015625 0.00703125
20 0.69921875 0.403125 0.01328125 0.01171875
15 0.66953125 0.4046875 0.0078125 0.0078125
20 0.68984375 0.41015625 0.0140625 0.01171875
15 0.6828125 0.415625 0.01015625 0.0078125
15 0.67890625 0.41875 0.00859375 0.00625
20 0.615625 0.428125 0.03046875 0.03046875
1 0.659375 0.44140625 0.0140625 0.0125
20 0.5734375 0.46796875 0.03203125 0.03125
1 0.57578125 0.4890625 0.0109375 0.015625
1 0.5703125 0.49140625 0.00859375 0.01015625
1 0.55078125 0.5015625 0.00703125 0.01171875
1 0.546875 0.50546875 0.009375 0.0125
20 0.53046875 0.5078125 0.03046875 0.03984375
1 0.50625 0.54609375 0.01015625 0.009375
20 0.4828125 0.55078125 0.02890625 0.028125
1 0.5015625 0.5515625 0.01171875 0.0109375
20 0.4390625 0.5984375 0.028125 0.03046875
1 0.47265625 0.61640625 0.015625 0.01171875
20 0.3953125 0.6375 0.03203125 0.03125
1 0.40234375 0.665625 0.0125 0.0109375
1 0.3734375 0.6734375 0.009375 0.015625
1 0.37109375 0.6765625 0.009375 0.01015625
20 0.3546875 0.67890625 0.0265625 0.03046875
1 0.3859375 0.68203125 0.01171875 0.01015625
1 0.33203125 0.71171875 0.0078125 0.0140625
20 0.31328125 0.7140625 0.02578125 0.03515625
1 0.328125 0.715625 0.00859375 0.01015625
1 0.28046875 0.73828125 0.06640625 0.07578125
1 0.23125 0.77890625 0.06328125 0.0640625
15 0.94609375 0.09765625 0.00625 0.00625
15 0.94375 0.10078125 0.00703125 0.00703125
15 0.928125 0.10078125 0.00625 0.0078125
15 0.925 0.103125 0.00703125 0.00703125
15 0.92109375 0.10546875 0.00703125 0.00625
15 0.91875 0.109375 0.00703125 0.00703125
1 0.915625 0.1125 0.0078125 0.0078125
1 0.91171875 0.11484375 0.0078125 0.0078125
15 0.909375 0.1171875 0.00703125 0.00625
15 0.90625 0.1203125 0.00703125 0.00703125
15 0.92265625 0.1203125 0.00703125 0.00546875
15 0.9015625 0.12109375 0.00625 0.00703125
15 0.9 0.125 0.00625 0.00703125
15 0.9078125 0.134375 0.0078125 0.00625
15 0.88828125 0.13828125 0.00546875 0.00546875
20 0.9171875 0.13828125 0.0140625 0.0125
1 0.88515625 0.13984375 0.00546875 0.00625
20 0.88125 0.14375 0.01171875 0.01015625
15 0.89375 0.14765625 0.0078125 0.00703125
15 0.875 0.14921875 0.00703125 0.00625
15 0.88984375 0.15 0.00546875 0.00546875
15 0.88671875 0.1515625 0.00546875 0.0046875
15 0.91328125 0.15390625 0.0078125 0.0078125
1 0.90390625 0.1546875 0.00625 0.00703125
1 0.88125 0.1578125 0.00859375 0.00625
1 0.89921875 0.159375 0.00546875 0.0046875
15 0.91171875 0.16171875 0.0078125 0.0046875
15 0.87734375 0.16171875 0.00625 0.00625
1 0.89453125 0.1640625 0.00625 0.00546875
15 0.88828125 0.16875 0.00625 0.00703125
9 0.9046875 0.17578125 0.02734375 0.021875
15 0.8734375 0.1765625 0.0078125 0.00703125
15 0.89453125 0.184375 0.0078125 0.00703125
1 0.921875 0.18515625 0.01015625 0.00703125
15 0.91796875 0.18828125 0.0078125 0.00703125
15 0.859375 0.1890625 0.0078125 0.00703125
1 0.91484375 0.190625 0.0046875 0.00546875
15 0.86953125 0.190625 0.0078125 0.00625
15 0.9125 0.19140625 0.00546875 0.00625
15 0.865625 0.19296875 0.0078125 0.00625
1 0.853125 0.19296875 0.00859375 0.00859375
15 0.91015625 0.19453125 0.0078125 0.00703125
15 0.8765625 0.19453125 0.00703125 0.00859375
15 0.90703125 0.196875 0.00703125 0.00703125
15 0.85 0.196875 0.0078125 0.00703125
15 0.90390625 0.19921875 0.00625 0.00703125
1 0.846875 0.2 0.00859375 0.00703125
15 0.87109375 0.20078125 0.0078125 0.00546875
15 0.8421875 0.2015625 0.00546875 0.00703125
15 0.88046875 0.203125 0.00703125 0.00546875
15 0.840625 0.2046875 0.00625 0.009375
15 0.92578125 0.20703125 0.00859375 0.0078125
15 0.87421875 0.2078125 0.00703125 0.00625
9 0.8609375 0.20859375 0.02734375 0.021875
15 0.83828125 0.20859375 0.00546875 0.00546875
15 0.8484375 0.215625 0.00546875 0.00546875
15 0.915625 0.215625 0.00703125 0.00703125
15 0.8296875 0.2171875 0.00625 0.0046875
15 0.8421875 0.22109375 0.00703125 0.00546875
15 0.89140625 0.22109375 0.009375 0.009375
15 0.86953125 0.22265625 0.009375 0.0078125
15 0.8328125 0.2234375 0.00546875 0.00546875
15 0.828125 0.22421875 0.0078125 0.00703125
15 0.85078125 0.22578125 0.00546875 0.00546875
15 0.86328125 0.22890625 0.00625 0.00703125
20 0.846875 0.23125 0.01328125 0.01171875
20 0.8359375 0.23203125 0.0140625 0.0109375
15 0.89765625 0.2328125 0.00859375 0.00703125
15 0.8171875 0.23359375 0.00859375 0.00703125
15 0.83046875 0.2359375 0.009375 0.0078125
15 0.8046875 0.23671875 0.00703125 0.00625
15 0.81328125 0.2375 0.00703125 0.0078125
15 0.8015625 0.240625 0.00625 0.00625
15 0.82421875 0.24296875 0.009375 0.0078125
15 0.7984375 0.24609375 0.00859375 0.00703125
15 0.8171875 0.24921875 0.0078125 0.00703125
15 0.79296875 0.25 0.0078125 0.00625
15 0.7890625 0.253125 0.00859375 0.00703125
20 0.8109375 0.25390625 0.0125 0.01171875
15 0.784375 0.25703125 0.00859375 0.00625
1 0.821875 0.2578125 0.0078125 0.00625
1 0.80625 0.2578125 0.0078125 0.00625
15 0.78125 0.26015625 0.00703125 0.00625
15 0.80234375 0.26171875 0.00625 0.00625
1 0.8 0.26328125 0.00703125 0.0078125
1 0.7765625 0.26484375 0.00546875 0.00546875
15 0.78984375 0.2703125 0.00625 0.00546875
20 0.796875 0.2703125 0.015625 0.0109375
1 0.77265625 0.27109375 0.00703125 0.00703125
1 0.7859375 0.2734375 0.00625 0.00625
1 0.76953125 0.27421875 0.00625 0.00625
1 0.78125 0.275 0.00703125 0.00703125
1 0.7796875 0.27890625 0.00625 0.00546875
15 0.7921875 0.27890625 0.00703125 0.00625
1 0.77578125 0.28203125 0.00703125 0.0046875
1 0.7734375 0.28359375 0.00625 0.00546875
1 0.78984375 0.28515625 0.00703125 0.00703125
1 0.78671875 0.28828125 0.00703125 0.00546875
9 0.7640625 0.290625 0.01953125 0.02421875
20 0.746875 0.29140625 0.01328125 0.01171875
15 0.78359375 0.2921875 0.009375 0.00703125
15 0.79375 0.29296875 0.00703125 0.00703125
15 0.7890625 0.29765625 0.0078125 0.00625
20 0.7390625 0.30078125 0.015625 0.0109375
15 0.7859375 0.30078125 0.0078125 0.00703125
20 0.7796875 0.30390625 0.0125 0.00859375
1 0.75234375 0.30390625 0.00625 0.00546875
1 0.8078125 0.3046875 0.00859375 0.00625
1 0.746875 0.30703125 0.00546875 0.0046875
1 0.8046875 0.3078125 0.00703125 0.00625
15 0.74140625 0.309375 0.00703125 0.00703125
15 0.8015625 0.31015625 0.00703125 0.00703125
1 0.7734375 0.3109375 0.00625 0.00546875
15 0.8 0.31171875 0.00625 0.00625
15 0.7390625 0.31328125 0.0078125 0.00703125
20 0.7640625 0.3140625 0.0125 0.01015625
1 0.78203125 0.31484375 0.00625 0.00859375