2 0.39921875 0.53984375 0.0359375 0.0546875
2 0.09765625 0.43671875 0.046875 0.0546875
2 0.85 0.703125 0.0296875 0.05546875
2 0.90703125 0.72578125 0.04453125 0.06953125
2 0.95078125 0.7421875 0.0421875 0.065625
2 0.38125 0.015625 0.04921875 0.03046875
2 0.01484375 0.48828125 0.0296875 0.0484375
2 0.0953125 0.52734375 0.03125 0.0421875
2 0.0046875 0.4984375 0.00859375 0.046875
2 0.29296875 0.6625 0.03125 0.04375
2 0.0109375 0.5625 0.02109375 0.0609375
2 0.07734375 0.5890625 0.03515625 0.059375
2 0.22734375 0.64375 0.0328125 0.0453125
2 0.25546875 0.6546875 0.0328125 0.03828125
2 0.32265625 0.6796875 0.02890625 0.040625
2 0.60390625 0.78359375 0.0265625 0.040625
2 0.68515625 0.81328125 0.03515625 0.05625
2 0.521875 0.75625 0.034375 0.05
2 0.36015625 0.7015625 0.02734375 0.04296875
2 0.559375 0.77265625 0.0328125 0.0515625
2 0.7171875 0.8296875 0.02890625 0.04921875
2 0.4046875 0.725 0.04296875 0.05625
2 0.49375 0.76171875 0.04296875 0.0546875
2 0.78359375 0.1515625 0.0359375 0.04296875
2 0.275 0.7234375 0.03828125 0.04609375
2 0.221875 0.70703125 0.02890625 0.0421875
2 0.5125 0.8234375 0.0296875 0.046875
2 0.31171875 0.75703125 0.0296875 0.05390625
2 0.54453125 0.84375 0.0203125 0.03046875
2 0.58203125 0.8578125 0.03203125 0.04921875
2 0.3453125 0.77734375 0.0265625 0.0390625
4 0.1375 0.70546875 0.040625 0.1140625
2 0.39375 0.79609375 0.02421875 0.04375
2 0.66640625 0.89296875 0.0453125 0.05390625
2 0.7046875 0.90859375 0.02890625 0.04765625
2 0.73203125 0.91953125 0.03125 0.05
2 0.4671875 0.83359375 0.034375 0.05546875
20 0.93984375 0.2140625 0.02109375 0.0328125
2 0.21484375 0.7640625 0.0296875 0.04375
2 0.56015625 0.0828125 0.04296875 0.05703125
2 0.49921875 0.88125 0.02578125 0.0453125
20 0.97890625 0.23046875 0.01796875 0.040625
2 0.7234375 0.96953125 0.0234375 0.03828125
2 0.7 0.9671875 0.0375 0.053125
2 0.74609375 0.97890625 0.028125 0.040625
2 0.29921875 0.83046875 0.02734375 0.040625
2 0.6734375 0.96171875 0.034375 0.05390625
4 0.09765625 0.765625 0.0375 0.04375
2 0.57734375 0.93671875 0.03203125 0.0515625
2 0.728125 0.14609375 0.04375 0.0453125
2 0.33671875 0.859375 0.0390625 0.05078125
2 0.53828125 0.93046875 0.03984375 0.06171875
2 0.38359375 0.878125 0.04609375 0.0640625
2 0.20859375 0.81953125 0.0328125 0.04296875
2 0.4609375 0.909375 0.0375 0.0546875
20 0.8984375 0.21015625 0.0140625 0.03828125
2 0.0578125 0.81484375 0.04921875 0.05234375
2 0.85390625 0.19921875 0.03984375 0.06875
2 0.99375 0.253125 0.01171875 0.0703125
2 0.36484375 0.03984375 0.03671875 0.03984375
2 0.9203125 0.240625 0.03671875 0.075
2 0.27421875 0.02734375 0.040625 0.05390625
2 0.16484375 0.009375 0.0375 0.01796875
2 0.975 0.271875 0.02890625 0.05
2 0.9515625 0.26484375 0.03515625 0.05703125
2 0.33984375 0.06796875 0.025 0.04375
2 0.1953125 0.03203125 0.03125 0.0515625
9 0.14765625 0.03515625 0.075 0.0703125
2 0.5125 0.17109375 0.0328125 0.0578125
2 0.34609375 0.1125 0.0296875 0.04453125
2 0.68671875 0.24453125 0.05859375 0.07109375
9 0.9328125 0.340625 0.1328125 0.1421875
2 0.76875 0.2875 0.0484375 0.05234375
2 0.1125 0.06875 0.03203125 0.040625
2 0.08515625 0.0640625 0.02734375 0.04375
2 0.3046875 0.14140625 0.0390625 0.0515625
2 0.51328125 0.22421875 0.034375 0.0515625
2 0.3390625 0.1640625 0.03671875 0.04296875
2 0.2359375 0.14609375 0.021875 0.04375
2 0.6609375 0.30546875 0.059375 0.059375
2 0.21484375 0.153125 0.028125 0.03359375
2 0.8765625 0.41328125 0.0375 0.0671875
9 0.35703125 0.2375 0.2109375 0.18125
2 0.221875 0.1921875 0.05078125 0.0625
2 0.96796875 0.4546875 0.0265625 0.05234375
2 0.92578125 0.43984375 0.04296875 0.06953125
2 0.69921875 0.3640625 0.0546875 0.05625
2 0.81796875 0.42421875 0.04921875 0.0546875
2 0.75859375 0.40546875 0.06328125 0.05546875
2 0.925 0.46953125 0.034375 0.05
2 0.9703125 0.490625 0.0296875 0.0484375
2 0.8796875 0.4671875 0.0296875 0.05703125
2 0.18515625 0.24609375 0.0328125 0.0546875
2 0.46015625 0.378125 0.0421875 0.0828125
2 0.2046875 0.28984375 0.02890625 0.03515625
2 0.39140625 0.359375 0.034375 0.04453125
2 0.31640625 0.33984375 0.0359375 0.04765625
2 0.41171875 0.375 0.03515625 0.04765625
2 0.19453125 0.31640625 0.03984375 0.0640625
2 0.81015625 0.53515625 0.0609375 0.07109375
2 0.03984375 0.2765625 0.0421875 0.05234375
2 0.984375 0.63046875 0.02421875 0.05625
2 0.42109375 0.453125 0.04375 0.04375
2 0.20546875 0.38203125 0.028125 0.04296875
2 0.2390625 0.39765625 0.0390625 0.05234375
2 0.01796875 0.328125 0.01640625 0.05
2 0.0359375 0.3375 0.0375 0.0625
2 0.3265625 0.4421875 0.0359375 0.06796875
2 0.06953125 0.3578125 0.05546875 0.05625
16 0.28515625 0.43359375 0.04375 0.03203125
2 0.9734375 0.69453125 0.02578125 0.05703125
2 0.25234375 0.45 0.02890625 0.04375
2 0.521875 0.553125 0.0578125 0.07578125
2 0.78203125 0.6546875 0.0328125 0.053125
2 0.75546875 0.646875 0.0328125 0.0515625
2 0.72265625 0.63984375 0.04296875 0.0484375
9 0.04609375 0.40703125 0.09140625 0.084375
2 0.31875 0.50234375 0.03125 0.06015625
2 0.2203125 0.471875 0.03203125 0.04140625