4 0.52578125 0.08046875 0.1328125 0.1609375
2 0.0046875 0.60859375 0.009375 0.0390625
20 0.0078125 0.6375 0.01484375 0.0515625
16 0.0328125 0.61640625 0.015625 0.046875
16 0.0015625 0.65078125 0.003125 0.04140625
16 0.41796875 0.26875 0.0171875 0.0453125
16 0.3 0.38984375 0.0140625 0.04296875
2 0.45 0.26640625 0.0171875 0.06875
2 0.246875 0.46953125 0.015625 0.08046875
2 0.06484375 0.64296875 0.01015625 0.0296875
20 0.3390625 0.40390625 0.04140625 0.1734375
20 0.2796875 0.46953125 0.04453125 0.1984375
20 0.39453125 0.36875 0.0515625 0.19453125
2 0.1546875 0.59375 0.00859375 0.0375
20 0.21640625 0.56015625 0.0140625 0.04921875
20 0.20078125 0.5765625 0.01171875 0.0390625
20 0.76953125 0.09921875 0.03828125 0.14765625
2 0.2203125 0.62578125 0.0296875 0.09453125
16 0.2046875 0.65078125 0.0078125 0.021875
2 0.90546875 0.0140625 0.0140625 0.02734375
2 0.81015625 0.103125 0.0140625 0.06875
16 0.93046875 0.0046875 0.0109375 0.009375
16 0.91875 0.01484375 0.0046875 0.021875
16 0.93359375 0.0125 0.0109375 0.025
16 0.20078125 0.69375 0.0078125 0.0375
16 0.2234375 0.67734375 0.00625 0.03125
16 0.215625 0.68828125 0.00625 0.03359375
16 0.93984375 0.05234375 0.0140625 0.053125
16 0.7640625 0.22109375 0.01484375 0.06875
20 0.209375 0.7390625 0.0109375 0.053125
20 0.22734375 0.72265625 0.0125 0.05546875
2 0.21953125 0.73984375 0.00859375 0.046875
2 0.203125 0.7609375 0.009375 0.0453125
20 0.70546875 0.30234375 0.034375 0.1203125
16 0.91015625 0.11875 0.00625 0.01796875
16 0.225 0.77890625 0.00390625 0.0296875
16 0.9359375 0.12265625 0.0125 0.0453125
16 0.21953125 0.78359375 0.0046875 0.02734375
2 0.67578125 0.3640625 0.0171875 0.0828125
2 0.59609375 0.43984375 0.01484375 0.08046875
9 0.90703125 0.18125 0.015625 0.059375
2 0.40625 0.659375 0.0546875 0.2125
2 0.35703125 0.71328125 0.0625 0.20703125
20 0.26171875 0.8015625 0.0625 0.21640625
2 0.3078125 0.76484375 0.04921875 0.21875
2 0.9046875 0.2203125 0.0078125 0.015625
9 0.8890625 0.2421875 0.01875 0.046875
16 0.70625 0.4171875 0.009375 0.046875
2 0.9046875 0.2375 0.0078125 0.02578125
16 0.7171875 0.4265625 0.0109375 0.021875
16 0.7484375 0.396875 0.0125 0.0375
16 0.771875 0.3828125 0.00625 0.02578125
16 0.934375 0.23515625 0.0046875 0.02578125
2 0.93125 0.2421875 0.0046875 0.02734375
2 0.6328125 0.52265625 0.01875 0.08046875
9 0.7625 0.41015625 0.015625 0.04921875
16 0.7859375 0.39296875 0.0078125 0.021875
20 0.7234375 0.4515625 0.0140625 0.05703125
2 0.7421875 0.43828125 0.01484375 0.0609375
9 0.8984375 0.296875 0.0171875 0.0671875
16 0.23359375 0.92734375 0.0140625 0.03515625
16 0.5203125 0.66796875 0.009375 0.02578125
16 0.50625 0.68125 0.009375 0.0234375
16 0.540625 0.659375 0.009375 0.02734375
2 0.50703125 0.70078125 0.01171875 0.02734375
16 0.521875 0.68828125 0.00859375 0.021875
2 0.38984375 0.81171875 0.05 0.14765625
2 0.3921875 0.81875 0.05625 0.1578125
16 0.52578125 0.70703125 0.00625 0.0234375
16 0.53125 0.70546875 0.00859375 0.021875
16 0.58359375 0.66171875 0.0140625 0.03515625
16 0.4296875 0.80625 0.02421875 0.14375
16 0.5421875 0.703125 0.0125 0.03515625
16 0.51171875 0.74296875 0.0078125 0.021875
16 0.59921875 0.6703125 0.0078125 0.03359375
9 0.484375 0.7875 0.03515625 0.09453125
2 0.53125 0.7546875 0.0078125 0.0453125
2 0.6140625 0.69765625 0.0109375 0.04921875
16 0.6015625 0.7234375 0.0078125 0.0375
20 0.58046875 0.74609375 0.04375 0.1453125
2 0.50390625 0.82109375 0.0078125 0.01953125
2 0.48515625 0.84140625 0.0078125 0.021875
16 0.4703125 0.85703125 0.0109375 0.02578125
2 0.3671875 0.94296875 0.03671875 0.11015625
20 0.6796875 0.6671875 0.04296875 0.165625
16 0.62421875 0.7234375 0.00859375 0.021875
16 0.50625 0.84140625 0.0125 0.03359375
2 0.4953125 0.85546875 0.00703125 0.0375
16 0.61171875 0.7578125 0.0078125 0.03515625
16 0.6203125 0.7640625 0.0078125 0.0390625
2 0.4 0.934375 0.05234375 0.128125
16 0.625 0.765625 0.00625 0.0390625
2 0.6296875 0.7640625 0.00546875 0.02734375
16 0.6625 0.746875 0.01171875 0.0296875
16 0.446875 0.9484375 0.0265625 0.0984375
16 0.46171875 0.946875 0.02421875 0.10234375
16 0.63515625 0.8421875 0.00625 0.03125
16 0.61484375 0.88203125 0.00859375 0.046875
2 0.6234375 0.8875 0.0125 0.03515625