16 0.7046875 0.06171875 0.015625 0.0125
9 0.4171875 0.1234375 0.01640625 0.03046875
2 0.43125 0.1234375 0.009375 0.02421875
16 0.38515625 0.1484375 0.0078125 0.025
16 0.40625 0.15625 0.01015625 0.01875
9 0.0359375 0.27421875 0.05 0.05546875
16 0.25859375 0.271875 0.015625 0.0109375
16 0.0796875 0.31875 0.00625 0.01875
16 0.08671875 0.3171875 0.00625 0.02109375
16 0.09296875 0.31640625 0.00625 0.02265625
16 0.1 0.3171875 0.00625 0.02421875
16 0.34140625 0.26953125 0.01015625 0.0109375
16 0.08203125 0.34296875 0.00625 0.02265625
16 0.08984375 0.34296875 0.0078125 0.02265625
16 0.09609375 0.34140625 0.00546875 0.0203125
16 0.10234375 0.34140625 0.00625 0.02109375
16 0.34296875 0.30078125 0.0109375 0.0109375
2 0.025 0.39453125 0.05 0.08828125
16 0.3453125 0.33203125 0.0125 0.0125
9 0.39453125 0.3234375 0.09765625 0.24765625
16 0.26171875 0.3640625 0.00703125 0.01796875
2 0.1953125 0.38125 0.0078125 0.02421875
2 0.17578125 0.3875 0.0078125 0.02109375
16 0.3484375 0.359375 0.009375 0.01015625
2 0.19765625 0.41328125 0.01015625 0.0125
16 0.2703125 0.39765625 0.0140625 0.01640625
16 0.21015625 0.41015625 0.0109375 0.0109375
2 0.02734375 0.44921875 0.01328125 0.01875
2 0.00234375 0.46015625 0.0046875 0.0203125
2 0.01015625 0.459375 0.0078125 0.02109375
2 0.26640625 0.415625 0.00546875 0.01484375
2 0.27890625 0.4140625 0.00703125 0.01875
16 0.27265625 0.415625 0.00625 0.01796875
16 0.21484375 0.42890625 0.00625 0.02109375
2 0.221875 0.428125 0.00703125 0.02265625
16 0.2046875 0.440625 0.009375 0.02265625
16 0.2875 0.4328125 0.00625 0.02109375
16 0.26875 0.4390625 0.00625 0.02421875
16 0.27421875 0.4375 0.00546875 0.01875
16 0.28125 0.4375 0.00546875 0.0203125
16 0.1828125 0.459375 0.00859375 0.02109375
16 0.215625 0.45234375 0.00625 0.01796875
2 0.1359375 0.46953125 0.0296875 0.06015625
16 0.22265625 0.45078125 0.00546875 0.01796875
16 0.025 0.49765625 0.00625 0.0203125
2 0.03203125 0.496875 0.00546875 0.02109375
16 0.20625 0.46015625 0.01328125 0.0140625
9 0.01015625 0.50546875 0.01953125 0.04375
16 0.2171875 0.4703125 0.00546875 0.01640625
16 0.22421875 0.471875 0.00546875 0.01875
16 0.28984375 0.459375 0.00546875 0.01875
16 0.28359375 0.46015625 0.00546875 0.02109375
16 0.26953125 0.46484375 0.00546875 0.01796875
16 0.2765625 0.46328125 0.00546875 0.01875
16 0.15859375 0.48828125 0.00625 0.02109375
16 0.1796875 0.484375 0.0078125 0.02109375
16 0.296875 0.459375 0.0078125 0.01875
2 0.19921875 0.48125 0.0171875 0.01796875
16 0.1875 0.484375 0.00703125 0.01875
16 0.0265625 0.5265625 0.00859375 0.0125
16 0.43671875 0.45546875 0.01171875 0.0109375
2 0.396875 0.46484375 0.00859375 0.025
16 0.440625 0.471875 0.00859375 0.02421875
16 0.39921875 0.48671875 0.01015625 0.01875
2 0.43203125 0.5078125 0.015625 0.01484375
4 0.025 0.62890625 0.04375 0.1671875
9 0.4203125 0.559375 0.0515625 0.08828125
16 0.0921875 0.6296875 0.01171875 0.0125
16 0.11796875 0.63515625 0.01015625 0.0109375
16 0.09296875 0.6421875 0.01484375 0.0125
16 0.11953125 0.6515625 0.00859375 0.00859375
9 0.234375 0.66640625 0.17109375 0.27734375
2 0.41875 0.65234375 0.0171875 0.0125
16 0.06015625 0.73515625 0.00546875 0.01796875
16 0.05234375 0.7375 0.00546875 0.0203125
16 0.07578125 0.73515625 0.00625 0.02265625
16 0.06875 0.7359375 0.00625 0.02421875
2 0.41875 0.66328125 0.01484375 0.0125
16 0.09296875 0.74765625 0.00546875 0.0203125
16 0.0875 0.7515625 0.00625 0.02265625
16 0.08046875 0.7546875 0.00625 0.01875
16 0.07421875 0.75703125 0.00625 0.01640625
2 0.11484375 0.7703125 0.0328125 0.065625
2 0.08984375 0.77578125 0.01796875 0.02421875
9 0.4140625 0.7171875 0.06171875 0.09765625
2 0.06953125 0.79453125 0.01484375 0.01640625
4 0.03515625 0.8109375 0.0421875 0.146875
2 0.090625 0.80078125 0.01953125 0.02109375
16 0.084375 0.13203125 0.00625 0.0203125
16 0.06953125 0.8109375 0.0140625 0.0140625
2 0.0703125 0.825 0.0140625 0.01796875
16 0.07265625 0.840625 0.0171875 0.0125
16 0.56796875 0.7765625 0.0078125 0.025
16 0.575 0.775 0.0078125 0.02734375
16 0.24453125 0.84453125 0.01015625 0.0265625
16 0.19921875 0.115625 0.01171875 0.0125
16 0.25390625 0.84453125 0.0078125 0.025
16 0.26875 0.84140625 0.01015625 0.03046875
16 0.2609375 0.84453125 0.00546875 0.02734375
16 0.234375 0.85078125 0.0078125 0.02109375
9 0.8625 0.725 0.040625 0.05546875
2 0.15234375 0.875 0.01796875 0.02109375
16 0.125 0.8828125 0.00546875 0.01796875
16 0.07109375 0.14296875 0.00625 0.01875
2 0.11796875 0.88515625 0.00546875 0.01640625
16 0.59140625 0.7921875 0.00625 0.02109375
2 0.18671875 0.87890625 0.009375 0.03359375
16 0.61328125 0.78828125 0.00625 0.02109375
16 0.60625 0.790625 0.0078125 0.02109375
16 0.528125 0.8078125 0.00703125 0.0203125
16 0.58359375 0.79609375 0.00625 0.02265625
16 0.59921875 0.79296875 0.00546875 0.02265625
16 0.62421875 0.7875 0.009375 0.0203125
16 0.07890625 0.14296875 0.00625 0.0203125
16 0.51796875 0.81328125 0.01171875 0.0140625
9 0.0890625 0.90625 0.04921875 0.0640625
9 0.08828125 0.90703125 0.05078125 0.065625
2 0.47421875 0.83046875 0.01171875 0.01015625
16 0.33828125 0.090625 0.00625 0.0203125
2 0.24921875 0.88515625 0.0078125 0.02421875
16 0.51953125 0.83203125 0.01484375 0.01640625
16 0.90546875 0.75390625 0.00546875 0.02265625
2 0.546875 0.83046875 0.03046875 0.0375
2 0.2390625 0.89765625 0.009375 0.0265625
16 0.51484375 0.85078125 0.00625 0.02421875
16 0.36640625 0.08515625 0.009375 0.02265625
16 0.390625 0.08125 0.00703125 0.02109375
16 0.50859375 0.85390625 0.00546875 0.02109375
16 0.52265625 0.85078125 0.00546875 0.01875
16 0.50078125 0.85625 0.00859375 0.01875
16 0.475 0.86328125 0.00546875 0.01484375
16 0.48203125 0.8625 0.00625 0.02109375
16 0.49375 0.8609375 0.00625 0.01484375
2 0.12421875 0.94296875 0.00703125 0.02109375
16 0.2453125 0.9234375 0.0078125 0.02265625
2 0.1671875 0.940625 0.05 0.08671875
16 0.23828125 0.9265625 0.0078125 0.02421875
2 0.2578125 0.925 0.015625 0.0375
16 0.375 0.0859375 0.00625 0.0265625
16 0.20078125 0.1265625 0.0140625 0.0109375
2 0.3953125 0.93671875 0.0203125 0.02890625
16 0.20078125 0.1359375 0.01796875 0.0125
2 0.4265625 0.09140625 0.0140625 0.03671875
16 0.20234375 0.14609375 0.0171875 0.0109375
16 0.384375 0.1078125 0.00625 0.02265625
16 0.0875 0.17109375 0.0078125 0.0203125
16 0.0734375 0.17421875 0.00546875 0.02109375
16 0.35 0.115625 0.00703125 0.02265625
16 0.08046875 0.17265625 0.00625 0.01875
16 0.3984375 0.10625 0.00546875 0.02109375
16 0.36015625 0.11640625 0.00546875 0.01875
16 0.70234375 0.04765625 0.01328125 0.01484375