15 0.021875 0.26640625 0.00390625 0.025
1 0.9640625 0.265625 0.003125 0.04375
15 0.95625 0.265625 0.00234375 0.04453125
15 0.953125 0.26640625 0.003125 0.04609375
15 0.9609375 0.26640625 0.00234375 0.04609375
1 0.51640625 0.26875 0.0078125 0.04453125
15 0.9109375 0.27421875 0.0046875 0.01875
15 0.91953125 0.2796875 0.00390625 0.0203125
15 0.934375 0.28046875 0.0046875 0.0203125
15 0.0609375 0.2828125 0.00703125 0.03125
15 0.92734375 0.2859375 0.00390625 0.02109375
15 0.04921875 0.28515625 0.00546875 0.03046875
15 0.05546875 0.2859375 0.0046875 0.03125
15 0.94296875 0.28984375 0.00390625 0.0234375
15 0.7875 0.29609375 0.00234375 0.03671875
15 0.78984375 0.29453125 0.00234375 0.0390625
15 0.025 0.31171875 0.003125 0.05234375
15 0.94296875 0.315625 0.00546875 0.02265625
15 0.02578125 0.36953125 0.00390625 0.0625
1 0.01953125 0.3828125 0.00625 0.040625
15 0.0328125 0.3875 0.00703125 0.0390625
1 0.834375 0.45234375 0.009375 0.04296875
15 0.06171875 0.4609375 0.00234375 0.05390625
15 0.06953125 0.46015625 0.003125 0.0578125
15 0.065625 0.4609375 0.00234375 0.0546875
15 0.0734375 0.4625 0.00234375 0.0578125
15 0.0515625 0.46328125 0.00234375 0.04765625
15 0.0546875 0.46171875 0.003125 0.06171875
15 0.05859375 0.46484375 0.003125 0.05625
15 0.04375 0.4640625 0.003125 0.0546875
15 0.040625 0.465625 0.003125 0.05234375
15 0.04765625 0.46484375 0.00234375 0.05703125
15 0.07734375 0.47265625 0.00234375 0.040625
1 0.0171875 0.50859375 0.00546875 0.02734375
1 0.5765625 0.50703125 0.003125 0.04609375
1 0.06953125 0.5171875 0.003125 0.05625
1 0.065625 0.5171875 0.00234375 0.05625
1 0.0734375 0.51796875 0.003125 0.05234375
1 0.0625 0.5203125 0.003125 0.05078125
1 0.9796875 0.51875 0.00625 0.02734375
1 0.04375 0.51953125 0.003125 0.05390625
1 0.0515625 0.51953125 0.00234375 0.05
1 0.05546875 0.52109375 0.003125 0.0484375
1 0.04765625 0.52265625 0.003125 0.05078125
1 0.07734375 0.521875 0.003125 0.0546875
1 0.05859375 0.521875 0.003125 0.0484375
1 0.55 0.5265625 0.0109375 0.046875
1 0.73515625 0.53984375 0.009375 0.03671875
15 0.0171875 0.54609375 0.00625 0.03359375
15 0.98046875 0.5515625 0.00625 0.02890625
1 0.9078125 0.55546875 0.00625 0.1046875
1 0.9015625 0.5578125 0.0046875 0.09375
1 0.91328125 0.55703125 0.0046875 0.1078125
15 0.54375 0.56484375 0.00625 0.034375
1 0.7578125 0.56796875 0.009375 0.0453125
1 0.80390625 0.5765625 0.003125 0.05859375
1 0.79375 0.578125 0.00390625 0.05625
1 0.89453125 0.6015625 0.00625 0.02890625
1 0.54375 0.603125 0.00625 0.03203125
1 0.75 0.6078125 0.003125 0.05625
1 0.559375 0.61171875 0.00390625 0.0171875
1 0.7578125 0.61328125 0.0109375 0.04140625
1 0.559375 0.64765625 0.0046875 0.025
1 0.79140625 0.6484375 0.00234375 0.03671875
1 0.81640625 0.6609375 0.00390625 0.02578125
1 0.678125 0.6703125 0.00546875 0.028125
1 0.7578125 0.68125 0.01015625 0.03984375
1 0.55546875 0.6890625 0.00546875 0.0296875
1 0.81640625 0.690625 0.00390625 0.02734375
1 0.82109375 0.69140625 0.00625 0.02265625
1 0.734375 0.7015625 0.01015625 0.04296875
1 0.7453125 0.728125 0.00546875 0.0328125
1 0.590625 0.7265625 0.00390625 0.025
1 0.7578125 0.73046875 0.01015625 0.04765625
1 0.7375 0.7765625 0.0046875 0.0828125
1 0.73125 0.778125 0.00546875 0.08515625
1 0.80546875 0.784375 0.00390625 0.01875
1 0.6703125 0.8109375 0.0046875 0.05078125
1 0.80546875 0.8109375 0.0046875 0.0234375
1 0.571875 0.815625 0.00234375 0.03828125
1 0.56953125 0.81796875 0.00234375 0.0375
1 0.7421875 0.8359375 0.00390625 0.0578125
1 0.75546875 0.8453125 0.00625 0.0296875
1 0.81796875 0.8703125 0.00546875 0.08984375
1 0.75546875 0.88046875 0.00625 0.02578125
1 0.81328125 0.8828125 0.003125 0.071875
1 0.74140625 0.88671875 0.00625 0.028125
1 0.89296875 0.89765625 0.003125 0.04921875
1 0.83984375 0.9 0.00546875 0.08515625
1 0.8453125 0.9015625 0.0046875 0.09375
1 0.85 0.91953125 0.00390625 0.065625
15 0.02890625 0.1921875 0.00390625 0.02421875
15 0.01953125 0.1921875 0.00234375 0.03515625
1 0.078125 0.19453125 0.00234375 0.03515625
15 0.021875 0.1953125 0.00234375 0.0359375
1 0.2796875 0.20234375 0.0015625 0.0390625
1 0.15546875 0.20234375 0.00234375 0.04453125
1 0.14609375 0.20234375 0.00390625 0.01875
1 0.56640625 0.20234375 0.003125 0.05
1 0.2828125 0.2046875 0.00234375 0.03359375
1 0.1578125 0.20390625 0.00234375 0.0375
1 0.4046875 0.20546875 0.00234375 0.04140625
1 0.40703125 0.20703125 0.00234375 0.03828125
1 0.8921875 0.2078125 0.0046875 0.02421875
1 0.7015625 0.2078125 0.00234375 0.03984375
1 0.9 0.20859375 0.003125 0.03671875
1 0.39453125 0.20859375 0.00546875 0.02578125
1 0.77734375 0.209375 0.00234375 0.0328125
1 0.7796875 0.21171875 0.00234375 0.04296875
1 0.90234375 0.21328125 0.00234375 0.03515625
1 0.0671875 0.2125 0.0015625 0.03828125
1 0.2765625 0.2140625 0.003125 0.08359375
15 0.009375 0.2140625 0.00546875 0.03125
1 0.01484375 0.2296875 0.00625 0.03671875
15 0.2921875 0.23203125 0.00390625 0.01953125
15 0.00546875 0.23984375 0.00546875 0.01875
1 0.146875 0.240625 0.00703125 0.0421875
1 0.89375 0.2453125 0.00625 0.03515625
1 0.39609375 0.24765625 0.0078125 0.04453125
15 0.9109375 0.24921875 0.00390625 0.021875
15 0.0640625 0.2515625 0.00546875 0.04296875
1 0.16953125 0.2515625 0.00234375 0.03671875
15 0.05234375 0.25234375 0.0046875 0.034375
15 0.0578125 0.25390625 0.00546875 0.03671875
15 0.046875 0.2546875 0.00625 0.0375
15 0.790625 0.2546875 0.0015625 0.03828125
15 0.78828125 0.25625 0.00234375 0.0359375
15 0.93125 0.2578125 0.003125 0.0234375
15 0.29296875 0.2578125 0.00390625 0.01796875
15 0.9234375 0.2578125 0.00390625 0.02421875
15 0.9375 0.2578125 0.00390625 0.01875
15 0.9171875 0.259375 0.003125 0.021875
1 0.015625 0.2625 0.00703125 0.0375