16 0.578125 0.10859375 0.0125 0.01171875
16 0.1359375 0.02421875 0.01015625 0.03125
16 0.1203125 0.02109375 0.00625 0.03125
9 0.62109375 0.1328125 0.04765625 0.0828125
16 0.5578125 0.1203125 0.01484375 0.0203125
16 0.5796875 0.1265625 0.009375 0.01015625
16 0.98359375 0.2109375 0.00546875 0.0328125
2 0.9640625 0.21796875 0.015625 0.01875
16 0.55625 0.13671875 0.01328125 0.015625
16 0.578125 0.140625 0.01015625 0.0125
2 0.1171875 0.05625 0.0109375 0.0125
2 0.059375 0.04609375 0.00625 0.02421875
16 0.55625 0.15625 0.01015625 0.01015625
16 0.5765625 0.16171875 0.00859375 0.01171875
9 0.46953125 0.14140625 0.125 0.17109375
2 0.1171875 0.07421875 0.0140625 0.0140625
16 0.55546875 0.17265625 0.0109375 0.0140625
2 0.11484375 0.09140625 0.009375 0.0140625
2 0.346875 0.14375 0.01015625 0.0359375
16 0.55390625 0.1953125 0.01171875 0.015625
2 0.11328125 0.11171875 0.009375 0.0140625
9 0.175 0.12578125 0.059375 0.12578125
16 0.340625 0.1734375 0.0140625 0.01875
2 0.11328125 0.12890625 0.009375 0.01171875
16 0.55078125 0.22109375 0.01328125 0.01015625
16 0.26875 0.171875 0.009375 0.0296875
16 0.33671875 0.19296875 0.0140625 0.01171875
2 0.11171875 0.14765625 0.01015625 0.015625
4 0.04296875 0.14140625 0.0546875 0.165625
2 0.1265625 0.17734375 0.01171875 0.0140625
16 0.215625 0.203125 0.0140625 0.0171875
2 0.31953125 0.22578125 0.01171875 0.0203125
2 0.3359375 0.2296875 0.0125 0.0484375
16 0.24765625 0.225 0.0046875 0.02109375
16 0.2375 0.225 0.00625 0.02421875
16 0.2171875 0.225 0.01171875 0.01015625
16 0.2140625 0.246875 0.0125 0.0140625
16 0.33828125 0.275 0.0078125 0.0328125
2 0.25390625 0.25859375 0.0203125 0.02265625
2 0.28203125 0.265625 0.01640625 0.0203125
16 0.2140625 0.27109375 0.0140625 0.0125
16 0.26875 0.29140625 0.0078125 0.02890625
2 0.25 0.2875 0.025 0.02109375
9 0.31484375 0.303125 0.03046875 0.05703125
16 0.27734375 0.29609375 0.00703125 0.0296875
9 0.98515625 0.4453125 0.028125 0.14140625
16 0.2890625 0.30078125 0.009375 0.0296875
16 0.3421875 0.3125 0.0109375 0.01171875
16 0.3609375 0.31796875 0.01171875 0.015625
2 0.56953125 0.36640625 0.00859375 0.02109375
16 0.2140625 0.29296875 0.01171875 0.0171875
16 0.590625 0.38203125 0.01015625 0.0125
16 0.36484375 0.3359375 0.00859375 0.01171875
16 0.33984375 0.33203125 0.0109375 0.01015625
16 0.76328125 0.428125 0.01484375 0.015625
16 0.34140625 0.34609375 0.0140625 0.015625
16 0.3625 0.35390625 0.0125 0.01171875
16 0.590625 0.40390625 0.0125 0.015625
2 0.56953125 0.3984375 0.0140625 0.0203125
16 0.8109375 0.45 0.00625 0.02578125
2 0.17265625 0.32421875 0.00703125 0.03125
2 0.76640625 0.4484375 0.01953125 0.0203125
16 0.36328125 0.371875 0.0109375 0.015625
16 0.33828125 0.36953125 0.015625 0.015625
2 0.5625 0.415625 0.0125 0.0171875
2 0.278125 0.371875 0.01796875 0.01875
16 0.29453125 0.3765625 0.00625 0.02421875
16 0.80703125 0.48515625 0.00859375 0.0296875
2 0.31171875 0.38203125 0.00703125 0.0296875
2 0.303125 0.38203125 0.00625 0.0296875
2 0.32109375 0.38515625 0.00859375 0.03828125
2 0.7640625 0.48515625 0.01484375 0.02109375
16 0.58828125 0.459375 0.0125 0.0125
16 0.23203125 0.3953125 0.0125 0.0125
16 0.30703125 0.4140625 0.0109375 0.01171875
2 0.56484375 0.47265625 0.015625 0.0140625
16 0.58828125 0.48046875 0.01171875 0.01015625
16 0.33515625 0.42890625 0.01015625 0.01171875
16 0.35625 0.434375 0.01328125 0.0171875
16 0.3078125 0.42890625 0.0078125 0.01015625
9 0.26875 0.4234375 0.03203125 0.06171875
2 0.60234375 0.4953125 0.00859375 0.0296875
16 0.23046875 0.41875 0.0109375 0.01171875
2 0.80234375 0.540625 0.01484375 0.015625
16 0.5625 0.49140625 0.01171875 0.0140625
16 0.30625 0.4421875 0.0140625 0.015625
9 0.4640625 0.4796875 0.14609375 0.3171875
16 0.3515625 0.46015625 0.01171875 0.01171875
9 0.67109375 0.53046875 0.12578125 0.15
16 0.22890625 0.43984375 0.0125 0.0140625
2 0.8 0.56171875 0.0140625 0.0203125
16 0.30625 0.46015625 0.0140625 0.01171875
2 0.56015625 0.52109375 0.01328125 0.0140625
16 0.22890625 0.45546875 0.01171875 0.0171875
4 0.02890625 0.42265625 0.0578125 0.4078125
2 0.2890625 0.48203125 0.0140625 0.015625
9 0.13203125 0.4671875 0.015625 0.07421875
2 0.953125 0.103125 0.009375 0.02265625
9 0.97734375 0.64609375 0.0421875 0.15390625
2 0.56171875 0.5609375 0.0140625 0.01875
16 0.7984375 0.61640625 0.0140625 0.0125
16 0.3515625 0.52890625 0.01015625 0.0140625
2 0.559375 0.58046875 0.0140625 0.015625
2 0.9046875 0.08984375 0.0171875 0.0203125
16 0.3515625 0.546875 0.0109375 0.01171875
16 0.58359375 0.61171875 0.01015625 0.01171875
2 0.70546875 0.6421875 0.0140625 0.02109375
16 0.32890625 0.5640625 0.0078125 0.01171875
2 0.55859375 0.6125 0.0140625 0.0140625
16 0.35 0.57109375 0.0109375 0.0125
16 0.3015625 0.56171875 0.01171875 0.0140625
2 0.68515625 0.64609375 0.0109375 0.03828125
2 0.121875 0.53671875 0.01796875 0.02421875
16 0.58203125 0.63125 0.01328125 0.0140625
16 0.328125 0.584375 0.0078125 0.01171875
16 0.303125 0.57890625 0.0140625 0.0140625
2 0.55625 0.63203125 0.0140625 0.0125
16 0.3484375 0.5953125 0.0140625 0.01875
16 0.325 0.59609375 0.009375 0.01171875
16 0.5828125 0.6484375 0.0140625 0.0171875
2 0.55546875 0.64921875 0.0140625 0.015625
2 0.13203125 0.5625 0.0203125 0.0203125
2 0.11015625 0.5578125 0.02109375 0.02109375
16 0.346875 0.6078125 0.01328125 0.015625
16 0.646875 0.671875 0.0078125 0.03828125
16 0.30234375 0.60390625 0.0140625 0.0140625
16 0.57890625 0.66640625 0.01171875 0.01015625
16 0.3265625 0.6140625 0.0109375 0.0171875
2 0.53359375 0.6578125 0.01640625 0.015625
16 0.37109375 0.625 0.01015625 0.0125
16 0.58125 0.6875 0.01640625 0.0140625
16 0.79140625 0.7328125 0.0140625 0.0171875
2 0.12578125 0.6125 0.01953125 0.053125
2 0.52109375 0.70078125 0.00703125 0.0328125
2 0.509375 0.7 0.00859375 0.03125
16 0.790625 0.7609375 0.01328125 0.0125
16 0.44296875 0.68984375 0.0078125 0.02578125
2 0.45390625 0.69453125 0.00859375 0.02890625
16 0.471875 0.696875 0.00625 0.02265625
16 0.4625 0.69609375 0.00625 0.02890625
16 0.48125 0.703125 0.0078125 0.034375
2 0.4328125 0.6953125 0.00625 0.0296875
2 0.98125 0.12109375 0.01484375 0.015625
2 0.10546875 0.6390625 0.00859375 0.03828125
9 0.05546875 0.6453125 0.03828125 0.0984375
2 0.7421875 0.79609375 0.01875 0.0171875
16 0.3421875 0.7125 0.009375 0.034375
16 0.33203125 0.71171875 0.0046875 0.034375
16 0.32265625 0.7109375 0.00703125 0.02734375
16 0.35234375 0.71953125 0.0078125 0.0296875
16 0.3609375 0.721875 0.00625 0.02734375
16 0.4984375 0.75234375 0.00546875 0.02734375
16 0.509375 0.75703125 0.00390625 0.02265625
16 0.5171875 0.75859375 0.0046875 0.02890625
16 0.5265625 0.76015625 0.00703125 0.02890625
9 0.46328125 0.75703125 0.03125 0.0625
2 0.115625 0.6859375 0.02421875 0.03984375
2 0.74140625 0.82109375 0.021875 0.02265625
16 0.140625 0.703125 0.01484375 0.0203125
2 0.30078125 0.73671875 0.0203125 0.06171875
2 0.28125 0.7328125 0.0171875 0.06015625
2 0.18125 0.7140625 0.01640625 0.0171875
2 0.1609375 0.71171875 0.0171875 0.0171875
16 0.215625 0.725 0.015625 0.01875
2 0.50234375 0.79140625 0.01328125 0.01171875
16 0.3203125 0.75390625 0.00859375 0.02890625
16 0.2 0.73515625 0.0078125 0.02734375
16 0.21484375 0.74296875 0.0109375 0.0171875
16 0.78515625 0.86484375 0.01640625 0.015625
2 0.14140625 0.73359375 0.01875 0.01875
16 0.18984375 0.74453125 0.0078125 0.02578125
16 0.525 0.81953125 0.00546875 0.02734375
16 0.51640625 0.81953125 0.01015625 0.0328125
16 0.5359375 0.82265625 0.0078125 0.03125
2 0.4296875 0.8015625 0.0078125 0.02578125
16 0.5453125 0.8265625 0.00703125 0.02421875
16 0.5546875 0.82890625 0.00703125 0.0328125
16 0.5875 0.846875 0.00625 0.02265625
4 0.02421875 0.75078125 0.0484375 0.25859375
9 0.16640625 0.7859375 0.02734375 0.05390625
2 0.63984375 0.89609375 0.02109375 0.02421875
2 0.47890625 0.86875 0.01484375 0.0171875
2 0.46015625 0.865625 0.01015625 0.0171875
16 0.775 0.94375 0.00546875 0.0296875
16 0.784375 0.94609375 0.0078125 0.0359375
2 0.63203125 0.93203125 0.009375 0.0328125
16 0.65078125 0.946875 0.0140625 0.0140625
16 0.81953125 0.9859375 0.00859375 0.02578125
2 0.00390625 0.82890625 0.0078125 0.02421875
2 0.78203125 0.984375 0.01796875 0.02890625
16 0.56328125 0.9578125 0.0078125 0.0328125
16 0.596875 0.0625 0.01484375 0.0203125
9 0.54296875 0.96015625 0.01015625 0.0375
2 0.11875 0.89609375 0.009375 0.02578125
2 0.98359375 0.14765625 0.015625 0.0125
9 0.865625 0.128125 0.03125 0.10703125
9 0.7796875 0.11484375 0.078125 0.115625
16 0.18828125 0.00703125 0.0078125 0.0140625
16 0.21484375 0.009375 0.009375 0.01875
16 0.9828125 0.165625 0.01328125 0.0171875
16 0.196875 0.01015625 0.0078125 0.0203125
16 0.20625 0.01015625 0.00859375 0.0203125
16 0.559375 0.0796875 0.0125 0.0140625
16 0.5828125 0.08828125 0.009375 0.0140625
9 0.709375 0.11875 0.04140625 0.13984375
16 0.5609375 0.09609375 0.0140625 0.015625