2 0.071875 0.453125 0.03828125 0.1703125
2 0.440625 0.20625 0.01640625 0.0796875
20 0.46796875 0.18984375 0.03203125 0.096875
16 0.39765625 0.23828125 0.01484375 0.065625
16 0.51171875 0.16171875 0.015625 0.06796875
16 0.453125 0.20078125 0.0171875 0.071875
2 0.596875 0.1046875 0.021875 0.08515625
20 0.49375 0.175 0.0265625 0.0796875
16 0.5546875 0.13359375 0.0140625 0.065625
16 0.5671875 0.128125 0.01640625 0.065625
2 0.52265625 0.15859375 0.0140625 0.065625
16 0.409375 0.23828125 0.015625 0.07734375
9 0.64140625 0.096875 0.05703125 0.14765625
20 0.47421875 0.26875 0.0296875 0.08359375
20 0.49921875 0.253125 0.028125 0.07578125
16 0.45859375 0.28203125 0.0171875 0.07578125
16 0.40546875 0.31875 0.01484375 0.071875
2 0.52890625 0.234375 0.0171875 0.065625
2 0.4484375 0.290625 0.01796875 0.08125
16 0.56171875 0.21328125 0.01640625 0.06953125
16 0.51796875 0.24453125 0.015625 0.06953125
16 0.415625 0.31484375 0.0140625 0.071875
2 0.3640625 0.35078125 0.025 0.09296875
16 0.5734375 0.20703125 0.01796875 0.0734375
9 0.33125 0.39140625 0.05859375 0.15859375
4 0.03515625 0.609375 0.0703125 0.24609375
16 0.48359375 0.35546875 0.01875 0.0796875
16 0.42265625 0.3984375 0.01796875 0.07578125
16 0.46953125 0.3671875 0.0171875 0.07578125
2 0.459375 0.37421875 0.01953125 0.07734375
16 0.53046875 0.32734375 0.015625 0.065625
2 0.54375 0.31796875 0.015625 0.06953125
16 0.5109375 0.3421875 0.01640625 0.071875
16 0.49921875 0.35234375 0.01796875 0.07734375
2 0.521875 0.33828125 0.01640625 0.06796875
2 0.52421875 0.4265625 0.0171875 0.0734375
16 0.44140625 0.4875 0.021875 0.08359375
16 0.5140625 0.43984375 0.0171875 0.0734375
2 0.53515625 0.43046875 0.01796875 0.06953125
4 0.9640625 0.1453125 0.053125 0.2015625
2 0.09609375 0.7578125 0.0359375 0.1546875
9 0.48203125 0.49921875 0.06640625 0.15703125
2 0.915625 0.2046875 0.03515625 0.1453125
4 0.046875 0.83359375 0.07890625 0.225
16 0.45 0.56953125 0.01640625 0.0734375
16 0.440625 0.5765625 0.01875 0.07578125
16 0.53046875 0.51484375 0.015625 0.071875
16 0.53984375 0.51171875 0.01484375 0.0734375
2 0.521875 0.52890625 0.015625 0.0734375
9 0.61484375 0.46796875 0.059375 0.1375
2 0.67578125 0.43046875 0.0234375 0.1046875
2 0.65703125 0.446875 0.0265625 0.11015625
2 0.69375 0.4265625 0.0265625 0.1125
9 0.39296875 0.7015625 0.0546875 0.14375
2 0.33203125 0.74453125 0.0265625 0.1203125
2 0.34921875 0.73828125 0.02890625 0.1046875
16 0.46953125 0.65625 0.01796875 0.0796875
16 0.5203125 0.621875 0.01796875 0.08125
2 0.31484375 0.76328125 0.02578125 0.1125
2 0.4796875 0.65078125 0.01640625 0.06953125
16 0.46015625 0.66484375 0.0171875 0.0734375
2 0.48984375 0.6453125 0.0171875 0.07734375
2 0.5 0.63984375 0.01484375 0.0734375
16 0.53203125 0.61796875 0.01796875 0.06953125
2 0.57109375 0.59296875 0.02421875 0.09296875
16 0.51171875 0.6359375 0.015625 0.06953125
4 0.971875 0.37109375 0.0546875 0.20703125
4 0.059375 0.97109375 0.0703125 0.05390625
2 0.94140625 0.5 0.03515625 0.1359375
4 0.5453125 0.88359375 0.16328125 0.22890625
16 0.4015625 0.14609375 0.0171875 0.07578125
16 0.5609375 0.0375 0.01796875 0.071875
16 0.36015625 0.17421875 0.01640625 0.06953125
2 0.434375 0.12421875 0.0140625 0.06953125
16 0.371875 0.16640625 0.01796875 0.07734375
16 0.50546875 0.0765625 0.01796875 0.0796875
16 0.5484375 0.046875 0.0140625 0.065625
20 0.48828125 0.0890625 0.02734375 0.08515625
16 0.39140625 0.15625 0.01640625 0.07578125
2 0.51640625 0.071875 0.01640625 0.065625
20 0.4625 0.10859375 0.03125 0.096875
16 0.4453125 0.12109375 0.01640625 0.07578125