9 0.52578125 0.50859375 0.1421875 0.18515625
16 0.01953125 0.6515625 0.01171875 0.01328125
2 0.5984375 0.496875 0.0171875 0.01171875
2 0.67109375 0.4796875 0.02109375 0.0265625
16 0.684375 0.47734375 0.00859375 0.01953125
16 0.6546875 0.4859375 0.009375 0.01953125
2 0.58828125 0.00703125 0.0109375 0.0140625
2 0.64609375 0.48984375 0.0109375 0.02578125
2 0.63671875 0.49375 0.01171875 0.02265625
2 0.853125 0.43515625 0.01328125 0.03125
2 0.871875 0.43046875 0.0109375 0.025
2 0.81796875 0.44609375 0.01015625 0.02578125
2 0.83515625 0.44140625 0.01015625 0.0234375
2 0.88984375 0.4265625 0.01328125 0.02734375
2 0.90703125 0.421875 0.01328125 0.0265625
4 0.2828125 0.59140625 0.3203125 0.13046875
16 0.5984375 0.50625 0.015625 0.0109375
16 0.021875 0.6625 0.0125 0.0109375
16 0.69453125 0.50078125 0.009375 0.01953125
2 0.678125 0.50546875 0.009375 0.02265625
16 0.68671875 0.50390625 0.009375 0.01875
16 0.7015625 0.5 0.009375 0.01875
16 0.66875 0.509375 0.01015625 0.01953125
2 0.6421875 0.51640625 0.01171875 0.02265625
2 0.6515625 0.5140625 0.009375 0.02265625
16 0.984375 0.425 0.01640625 0.0140625
16 0.00546875 0.1640625 0.0109375 0.015625
16 0.60390625 0.534375 0.01484375 0.0125
16 0.41328125 0.58671875 0.0171875 0.015625
16 0.1921875 0.64765625 0.01015625 0.021875
16 0.1828125 0.6515625 0.01015625 0.01953125
2 0.20078125 0.64609375 0.009375 0.0203125
2 0.21015625 0.64453125 0.01015625 0.02109375
2 0.878125 0.46484375 0.0140625 0.0296875
2 0.89609375 0.46015625 0.01640625 0.03125
16 0.17421875 0.65625 0.009375 0.021875
16 0.98515625 0.43671875 0.0171875 0.0125
16 0.0671875 0.68515625 0.01640625 0.0140625
2 0.825 0.4796875 0.009375 0.025
2 0.85859375 0.471875 0.01484375 0.02734375
2 0.9125 0.45625 0.01640625 0.028125
2 0.8421875 0.47734375 0.0125 0.0265625
16 0.6046875 0.54609375 0.0171875 0.01484375
2 0.06328125 0.703125 0.01171875 0.02265625
2 0.0734375 0.70078125 0.01015625 0.02265625
22 0.38515625 0.61875 0.0640625 0.07265625
16 0.6078125 0.55859375 0.0171875 0.0125
9 0.32578125 0.63515625 0.059375 0.071875
16 0.7328125 0.528125 0.00859375 0.01953125
16 0.609375 0.56953125 0.015625 0.0125
2 0.9203125 0.4890625 0.01328125 0.02890625
2 0.865625 0.5046875 0.0171875 0.03046875
2 0.84765625 0.509375 0.015625 0.028125
2 0.83046875 0.51484375 0.01171875 0.02578125
2 0.253125 0.6703125 0.01171875 0.025
9 0.678125 0.55625 0.084375 0.0796875
2 0.88359375 0.50078125 0.0109375 0.028125
2 0.24453125 0.6734375 0.01015625 0.02421875
2 0.9015625 0.496875 0.01328125 0.02734375
2 0.2078125 0.684375 0.01171875 0.025
16 0.4171875 0.628125 0.0109375 0.02109375
2 0.22578125 0.68046875 0.01171875 0.02578125
2 0.2 0.6875 0.01171875 0.025
2 0.1890625 0.690625 0.01171875 0.02578125
2 0.16328125 0.69765625 0.009375 0.0234375
2 0.153125 0.7 0.01015625 0.02265625
2 0.21640625 0.68359375 0.009375 0.025
2 0.35859375 0.64453125 0.01171875 0.02578125
2 0.171875 0.69609375 0.01015625 0.02265625
2 0.271875 0.66875 0.01015625 0.02578125
2 0.18125 0.69375 0.009375 0.021875
2 0.28046875 0.6671875 0.01015625 0.02265625
2 0.23515625 0.6796875 0.01015625 0.025
2 0.2609375 0.671875 0.0125 0.02265625
2 0.1359375 0.70625 0.01015625 0.02265625
2 0.14453125 0.7046875 0.01015625 0.02265625
16 0.4265625 0.62890625 0.0109375 0.02109375
16 0.4453125 0.6234375 0.01015625 0.0203125
16 0.43671875 0.6265625 0.01328125 0.02265625
2 0.453125 0.6234375 0.01171875 0.02734375
16 0.61171875 0.58046875 0.01640625 0.0125
16 0.7359375 0.5484375 0.01171875 0.01875
16 0.59921875 0.59453125 0.01171875 0.021875
16 0.73984375 0.56953125 0.009375 0.01796875
16 0.08359375 0.75 0.01015625 0.01875
16 0.090625 0.7484375 0.01171875 0.02109375
2 0.925 0.52421875 0.01484375 0.0296875
2 0.86953125 0.53984375 0.0109375 0.0265625
2 0.853125 0.54375 0.01171875 0.02578125
16 0.9921875 0.50703125 0.0078125 0.0171875
2 0.8359375 0.54921875 0.01015625 0.0234375
2 0.90703125 0.53046875 0.01484375 0.02890625
2 0.88828125 0.5359375 0.01171875 0.02578125
4 0.31796875 0.690625 0.3390625 0.13046875
2 0.64453125 0.61875 0.01015625 0.02578125
16 0.67109375 0.61171875 0.00859375 0.01953125
16 0.6796875 0.61015625 0.009375 0.01953125
16 0.6625 0.61484375 0.01015625 0.01875
2 0.7109375 0.6015625 0.009375 0.02265625
16 0.72109375 0.59921875 0.009375 0.0203125
16 0.68984375 0.60859375 0.009375 0.01953125
16 0.69765625 0.60625 0.009375 0.01796875
2 0.7359375 0.59765625 0.01015625 0.02109375
2 0.7453125 0.5953125 0.01171875 0.02578125
16 0.63515625 0.62578125 0.01015625 0.01953125
16 0.99765625 0.5484375 0.00390625 0.01953125
16 0.60703125 0.65625 0.01015625 0.01953125
16 0.61484375 0.6546875 0.009375 0.021875
4 0.346875 0.7390625 0.509375 0.17578125
16 0.65390625 0.659375 0.0171875 0.0140625
16 0.69453125 0.665625 0.009375 0.015625
16 0.703125 0.66328125 0.01015625 0.01953125
16 0.7125 0.66171875 0.01015625 0.02109375
9 0.66796875 0.6828125 0.03984375 0.04609375
16 0.7109375 0.68515625 0.01796875 0.0125
2 0.73359375 0.6796875 0.01015625 0.02421875
2 0.6921875 0.690625 0.01171875 0.02578125
16 0.6390625 0.70625 0.0109375 0.0203125
16 0.6125 0.71328125 0.01015625 0.01953125
16 0.6203125 0.7125 0.01171875 0.021875
16 0.63046875 0.71015625 0.009375 0.01953125
2 0.3125 0.80078125 0.0140625 0.02578125
2 0.4875 0.75625 0.009375 0.02734375
9 0.075 0.86796875 0.08671875 0.2515625
2 0.70859375 0.696875 0.01875 0.0125
9 0.63046875 0.74453125 0.0421875 0.0484375
9 0.72265625 0.721875 0.03984375 0.04375
9 0.67578125 0.734375 0.03671875 0.04375
16 0.99609375 0.64921875 0.00703125 0.02109375
16 0.98046875 0.65546875 0.009375 0.01953125
16 0.97109375 0.6578125 0.01015625 0.01875
16 0.98984375 0.65390625 0.01015625 0.01875
2 0.6546875 0.75 0.01328125 0.02578125
2 0.7015625 0.73671875 0.01171875 0.0234375
4 0.36171875 0.83359375 0.509375 0.18203125
4 0.23984375 0.125 0.4171875 0.14765625
16 0.99765625 0.66953125 0.003125 0.01796875
16 0.99296875 0.671875 0.0078125 0.01796875
16 0.95625 0.6859375 0.0078125 0.0171875
16 0.9484375 0.6890625 0.00859375 0.01875
16 0.96484375 0.684375 0.009375 0.01796875
16 0.6359375 0.7734375 0.0171875 0.0140625
16 0.89140625 0.7046875 0.01640625 0.0125
16 0.975 0.68203125 0.009375 0.01953125
16 0.73203125 0.753125 0.009375 0.01796875
16 0.6953125 0.7625 0.01171875 0.02265625
2 0.72265625 0.75546875 0.009375 0.02265625
2 0.74140625 0.75078125 0.01015625 0.0234375
2 0.70546875 0.76171875 0.009375 0.02109375
16 0.7140625 0.759375 0.0109375 0.02109375
16 0.75 0.75 0.01015625 0.02109375
16 0.759375 0.746875 0.009375 0.01953125
2 0.76875 0.7453125 0.009375 0.02265625
9 0.8484375 0.73203125 0.06953125 0.0546875
16 0.3453125 0.88203125 0.0109375 0.02265625
16 0.553125 0.82578125 0.01171875 0.021875
16 0.33671875 0.88515625 0.0078125 0.0203125
16 0.27265625 0.903125 0.0109375 0.02109375
16 0.35546875 0.88046875 0.01015625 0.021875
16 0.3171875 0.890625 0.0078125 0.01953125
16 0.2546875 0.9078125 0.009375 0.01875
16 0.290625 0.8984375 0.0109375 0.01875
16 0.53671875 0.8328125 0.015625 0.0296875
2 0.19140625 0.92578125 0.01015625 0.02265625
16 0.32890625 0.8890625 0.009375 0.02265625
16 0.1828125 0.928125 0.0125 0.02265625
2 0.89453125 0.7359375 0.0109375 0.02265625
16 0.88515625 0.7578125 0.009375 0.01875
16 0.8984375 0.75625 0.00859375 0.01640625
9 0.72265625 0.8078125 0.16796875 0.128125
16 0.9765625 0.74609375 0.015625 0.01171875
16 0.99296875 0.7421875 0.01328125 0.0125
2 0.87734375 0.778125 0.0125 0.02578125
2 0.80234375 0.80078125 0.0078125 0.0203125
16 0.8875 0.778125 0.0125 0.02265625
16 0.90078125 0.77421875 0.01171875 0.02265625
2 0.81484375 0.79765625 0.009375 0.021875
2 0.0890625 0.99453125 0.01171875 0.00859375
4 0.378125 0.91484375 0.51640625 0.16875
16 0.99375 0.7609375 0.01015625 0.02109375
2 0.98359375 0.7640625 0.01171875 0.025
16 0.97578125 0.76640625 0.01171875 0.0203125
2 0.80546875 0.825 0.009375 0.0234375
16 0.81484375 0.82265625 0.009375 0.01875
16 0.8625 0.81484375 0.01015625 0.01875
16 0.85078125 0.81875 0.01015625 0.01875
2 0.81875 0.84453125 0.01171875 0.02265625
16 0.865625 0.83515625 0.009375 0.01796875
16 0.49765625 0.94296875 0.009375 0.01796875
16 0.4890625 0.946875 0.0078125 0.01875
16 0.4625 0.95390625 0.01171875 0.0203125
9 0.85 0.01953125 0.09375 0.0390625
16 0.61640625 0.91328125 0.0125 0.02265625
16 0.50859375 0.9421875 0.0125 0.0234375
16 0.5171875 0.93984375 0.01015625 0.01875
16 0.47109375 0.953125 0.00859375 0.02109375
16 0.534375 0.9359375 0.009375 0.02109375
16 0.5890625 0.921875 0.01171875 0.0203125
16 0.315625 0.990625 0.01328125 0.0171875
2 0.91640625 0.83359375 0.01015625 0.025
16 0.48203125 0.95078125 0.01015625 0.02265625
16 0.896875 0.83984375 0.009375 0.0203125
16 0.90625 0.83828125 0.01015625 0.01875
2 0.925 0.8328125 0.01171875 0.02578125
16 0.934375 0.83125 0.01171875 0.02265625
2 0.81328125 0.8734375 0.01171875 0.02421875
2 0.840625 0.86796875 0.01171875 0.0234375
9 0.75234375 0.89765625 0.1390625 0.11796875
9 0.55 0.06484375 0.09296875 0.1296875
4 0.390625 0.965625 0.5 0.06796875
2 0.81953125 0.9046875 0.00703125 0.0203125
16 0.6890625 0.94765625 0.00859375 0.02109375
2 0.00234375 0.21875 0.00390625 0.0140625
16 0.0234375 0.21328125 0.01640625 0.0125
2 0.6453125 0.05 0.0203125 0.0125
2 0.02421875 0.225 0.0171875 0.01328125
2 0.0046875 0.23125 0.009375 0.01640625
2 0.7625 0.0296875 0.01171875 0.02265625
4 0.24921875 0.16875 0.4296875 0.16015625
2 0.79921875 0.02109375 0.0171875 0.01484375
2 0.9078125 0.00390625 0.01875 0.0078125
2 0.51171875 0.11328125 0.01171875 0.02265625
16 0.9140625 0.034375 0.015625 0.01640625
4 0.25703125 0.215625 0.41796875 0.14921875
16 0.91484375 0.04609375 0.0171875 0.0109375
2 0.60703125 0.13203125 0.01171875 0.02265625
2 0.51796875 0.16484375 0.0125 0.021875
16 0.9171875 0.0578125 0.01484375 0.009375
9 0.7015625 0.1234375 0.14765625 0.18984375
16 0.91796875 0.06796875 0.015625 0.015625
16 0.92421875 0.078125 0.0171875 0.01328125
4 0.26875 0.26171875 0.5375 0.1921875
16 0.9265625 0.09375 0.01875 0.0125
2 0.63671875 0.18203125 0.01015625 0.021875
2 0.64765625 0.1796875 0.009375 0.0234375
9 0.571875 0.19921875 0.09453125 0.13046875
16 0.928125 0.1046875 0.01796875 0.01015625
2 0.81640625 0.13828125 0.01484375 0.0328125
9 0.878125 0.12265625 0.0859375 0.13671875
16 0.084375 0.33984375 0.0109375 0.01875
16 0.51015625 0.22578125 0.0109375 0.02265625
2 0.09453125 0.33828125 0.0125 0.0234375
16 0.93125 0.11484375 0.01875 0.0125
4 0.04375 0.359375 0.08046875 0.0609375
4 0.38515625 0.2703125 0.2203125 0.09921875
16 0.6484375 0.2015625 0.009375 0.01796875
16 0.51484375 0.24921875 0.0109375 0.0203125
16 0.5234375 0.246875 0.00859375 0.01953125
16 0.496875 0.25546875 0.01640625 0.0140625
2 0.00546875 0.39296875 0.01015625 0.02578125
2 0.534375 0.25078125 0.01015625 0.0234375
16 0.271875 0.32421875 0.0171875 0.0140625
4 0.17734375 0.3515625 0.1796875 0.0921875
16 0.50078125 0.265625 0.0140625 0.01171875
2 0.76640625 0.19921875 0.01328125 0.02109375
16 0.65859375 0.22890625 0.009375 0.01953125
16 0.27265625 0.33828125 0.009375 0.01796875
16 0.503125 0.27734375 0.01328125 0.0125
16 0.8390625 0.1875 0.00859375 0.0171875
4 0.04921875 0.4046875 0.0828125 0.053125
16 0.00859375 0.41640625 0.009375 0.01953125
16 0.50078125 0.284375 0.01875 0.0203125
4 0.39140625 0.3140625 0.21875 0.0953125
16 0.94375 0.175 0.01015625 0.0203125
4 0.2328125 0.08046875 0.421875 0.15
16 0.275 0.3578125 0.00859375 0.01875
16 0.7125 0.2390625 0.01015625 0.01875
9 0.5296875 0.2890625 0.0390625 0.046875
16 0.703125 0.2421875 0.0109375 0.01875
2 0.915625 0.1890625 0.0109375 0.02265625
16 0.26484375 0.36875 0.01484375 0.0109375
16 0.11015625 0.4109375 0.01640625 0.01484375
16 0.2484375 0.375 0.01328125 0.01171875
16 0.14453125 0.403125 0.0171875 0.01328125
16 0.12734375 0.40703125 0.01640625 0.0125
2 0.01484375 0.440625 0.009375 0.01953125
16 0.89609375 0.203125 0.0078125 0.01875
2 0.00234375 0.44609375 0.0046875 0.0234375
16 0.7796875 0.23515625 0.01640625 0.015625
16 0.87109375 0.21171875 0.01015625 0.02109375
16 0.88828125 0.2078125 0.01015625 0.01953125
16 0.88046875 0.2109375 0.0125 0.021875
16 0.70703125 0.26328125 0.01171875 0.0234375
16 0.715625 0.2609375 0.01015625 0.01953125
9 0.59375 0.29375 0.03671875 0.04375
16 0.4953125 0.32265625 0.01015625 0.01953125
2 0.615625 0.29296875 0.01171875 0.0234375
16 0.771875 0.2546875 0.01640625 0.015625
16 0.85859375 0.23671875 0.0171875 0.01328125
4 0.25078125 0.403125 0.31328125 0.1203125
16 0.5328125 0.33046875 0.0078125 0.01640625
16 0.525 0.33359375 0.0078125 0.0171875
16 0.76484375 0.26875 0.01640625 0.015625
16 0.5171875 0.33671875 0.01171875 0.01640625
16 0.60703125 0.315625 0.01875 0.015625
16 0.5015625 0.34453125 0.01015625 0.01796875
16 0.4765625 0.35234375 0.0078125 0.0171875
16 0.48515625 0.35078125 0.009375 0.02265625
16 0.4921875 0.34921875 0.00859375 0.01875
16 0.75859375 0.28046875 0.015625 0.0125
9 0.0578125 0.46953125 0.07421875 0.0953125
16 0.01328125 0.50625 0.01640625 0.01328125
16 0.13359375 0.4765625 0.01015625 0.0203125
16 0.12421875 0.47890625 0.01171875 0.0203125
16 0.01484375 0.51796875 0.01640625 0.0125
2 0.190625 0.47578125 0.009375 0.021875
16 0.221875 0.46796875 0.009375 0.01875
16 0.203125 0.4734375 0.009375 0.01953125
16 0.21171875 0.471875 0.01015625 0.01875
16 0.13125 0.496875 0.01171875 0.021875
2 0.15234375 0.4921875 0.00859375 0.02109375
16 0.1390625 0.496875 0.01015625 0.01953125
2 0.16328125 0.48984375 0.0109375 0.025
2 0.17265625 0.4875 0.01015625 0.02265625
16 0.12109375 0.5015625 0.01171875 0.0203125
16 0.08828125 0.51640625 0.009375 0.02109375
16 0.06953125 0.52265625 0.01015625 0.01875
16 0.571875 0.4109375 0.0171875 0.0140625
4 0.26796875 0.49609375 0.31328125 0.12890625
2 0.446875 0.4640625 0.009375 0.0203125
2 0.00859375 0.584375 0.0125 0.01171875
2 0.43828125 0.46953125 0.0125 0.02421875
2 0.496875 0.0203125 0.01015625 0.0203125
16 0.0109375 0.59609375 0.0125 0.01171875
16 0.6234375 0.44140625 0.0078125 0.01796875
16 0.01171875 0.60703125 0.01171875 0.0125
16 0.6078125 0.45 0.009375 0.0203125
16 0.59921875 0.4515625 0.00859375 0.01875
16 0.58984375 0.4546875 0.0078125 0.0171875
16 0.18828125 0.56796875 0.009375 0.02265625
9 0.65234375 0.44453125 0.03828125 0.03984375
16 0.0140625 0.61796875 0.0125 0.0125
16 0.9640625 0.3640625 0.009375 0.01875
2 0.67578125 0.4421875 0.009375 0.02109375
9 0.07265625 0.60625 0.1109375 0.11953125
16 0.159375 0.58671875 0.009375 0.01875
16 0.14375 0.59140625 0.009375 0.01796875
16 0.134375 0.59453125 0.009375 0.01796875
16 0.1515625 0.590625 0.0078125 0.01875
16 0.5984375 0.46875 0.01484375 0.01015625
16 0.12734375 0.596875 0.0078125 0.01953125
16 0.01640625 0.6296875 0.01171875 0.0109375
16 0.01796875 0.640625 0.01171875 0.01171875
16 0.9671875 0.384375 0.00859375 0.02109375