16 0.575 0.11171875 0.01328125 0.02734375
16 0.5890625 0.10390625 0.01484375 0.03125
9 0.14921875 0.3515625 0.1359375 0.28203125
2 0.55546875 0.1546875 0.00625 0.03828125
2 0.5640625 0.15078125 0.0078125 0.034375
2 0.5796875 0.14296875 0.0078125 0.03828125
2 0.55 0.159375 0.00703125 0.03671875
2 0.571875 0.146875 0.0078125 0.034375
2 0.5140625 0.1796875 0.0140625 0.06171875
2 0.59453125 0.13671875 0.009375 0.0421875
2 0.53828125 0.1671875 0.01328125 0.05625
2 0.5875 0.13984375 0.0078125 0.040625
2 0.61171875 0.12734375 0.00859375 0.0421875
16 0.60390625 0.13515625 0.00859375 0.0421875
16 0.45703125 0.328125 0.01328125 0.02734375
16 0.47109375 0.32890625 0.01328125 0.025
2 0.51015625 0.31015625 0.01484375 0.02890625
16 0.165625 0.51484375 0.00859375 0.04453125
16 0.2390625 0.48671875 0.0078125 0.03828125
16 0.459375 0.3734375 0.0140625 0.025
2 0.49375 0.36484375 0.02578125 0.0421875
16 0.51328125 0.36015625 0.01484375 0.025
16 0.46015625 0.4 0.01171875 0.0234375
16 0.46171875 0.43046875 0.01171875 0.02734375
16 0.475 0.4234375 0.0140625 0.025
9 0.5875 0.36796875 0.0984375 0.3109375
16 0.2234375 0.56875 0.01484375 0.02890625
16 0.7140625 0.315625 0.0125 0.025
16 0.51796875 0.43515625 0.0140625 0.025
16 0.225 0.59375 0.01484375 0.02890625
2 0.48203125 0.45546875 0.02265625 0.0421875
16 0.7140625 0.3390625 0.01484375 0.025
2 0.66640625 0.36875 0.00703125 0.03828125
16 0.65859375 0.37421875 0.00859375 0.0421875
16 0.51875 0.4578125 0.01484375 0.02734375
2 0.46328125 0.48671875 0.01484375 0.065625
16 0.5046875 0.46796875 0.0125 0.025
16 0.66328125 0.40859375 0.01484375 0.025
16 0.5046875 0.49296875 0.0140625 0.025
9 0.3515625 0.5875 0.2 0.6234375
16 0.66484375 0.4296875 0.01484375 0.025
4 0.178125 0.78125 0.0484375 0.42265625
20 0.51953125 0.72265625 0.10390625 0.22578125
2 0.29609375 0.9453125 0.01171875 0.025
2 0.28125 0.9546875 0.0125 0.025
2 0.30703125 0.94765625 0.00859375 0.03828125
2 0.328125 0.93828125 0.00703125 0.03828125
2 0.33828125 0.95078125 0.01328125 0.07109375
2 0.35 0.94375 0.01171875 0.06953125
2 0.62109375 0.80078125 0.021875 0.0421875
2 0.2921875 0.97890625 0.025 0.0421875
2 0.4796875 0.88125 0.00859375 0.040625
4 0.55078125 0.86171875 0.1015625 0.16015625
2 0.3296875 0.9796875 0.00859375 0.03671875
2 0.4921875 0.91015625 0.0140625 0.02890625
2 0.3546875 0.9875 0.025 0.02109375
4 0.46015625 0.0953125 0.07734375 0.1296875
4 0.56640625 0.05859375 0.1421875 0.1171875
9 0.6984375 0.03125 0.04921875 0.06171875