2 0.08984375 0.66640625 0.01875 0.01328125
4 0.83046875 0.46875 0.12421875 0.440625
4 0.7421875 0.49296875 0.1296875 0.4453125
4 0.91875 0.44609375 0.1234375 0.44609375
2 0.090625 0.6765625 0.0171875 0.01328125
16 0.1140625 0.68671875 0.01171875 0.00859375
2 0.12578125 0.68828125 0.00703125 0.01328125
16 0.1875 0.084375 0.00859375 0.015625
16 0.11328125 0.70859375 0.01875 0.0140625
2 0.87109375 0.50625 0.015625 0.0109375
16 0.15078125 0.71171875 0.00859375 0.01484375
16 0.15703125 0.71015625 0.00703125 0.015625
2 0.0984375 0.7265625 0.0109375 0.02109375
2 0.56015625 0.60625 0.0078125 0.01484375
16 0.54921875 0.62578125 0.0109375 0.01015625
16 0.4828125 0.64921875 0.01171875 0.00859375
16 0.55078125 0.63125 0.01171875 0.0078125
16 0.1859375 0.73515625 0.01171875 0.00859375
16 0.55078125 0.6375 0.0125 0.009375
16 0.47109375 0.66015625 0.01328125 0.01015625
16 0.18671875 0.7421875 0.0125 0.0078125
16 0.4859375 0.66171875 0.0140625 0.01015625
16 0.6265625 0.628125 0.00703125 0.01328125
2 0.55390625 0.65 0.0125 0.009375
2 0.6390625 0.62890625 0.01171875 0.0078125
16 0.4875 0.6703125 0.01171875 0.0078125
16 0.475 0.68046875 0.0140625 0.01015625
2 0.48984375 0.678125 0.01171875 0.0078125
2 0.90703125 0.56953125 0.00859375 0.015625
16 0.48984375 0.68359375 0.0109375 0.00859375
16 0.47578125 0.6890625 0.01328125 0.0109375
16 0.4609375 0.69453125 0.01171875 0.009375
2 0.5578125 0.66875 0.01171875 0.01015625
16 0.49140625 0.68984375 0.01171875 0.00859375
16 0.4625 0.703125 0.01328125 0.009375
2 0.49296875 0.6984375 0.0125 0.01015625
2 0.62578125 0.665625 0.01171875 0.01015625
2 0.56171875 0.6875 0.01171875 0.0078125
16 0.575 0.68359375 0.0125 0.01015625
2 0.6265625 0.671875 0.0109375 0.00703125
16 0.17734375 0.09921875 0.01171875 0.0078125
4 0.984375 0.5703125 0.03046875 0.20625
16 0.5625 0.6921875 0.0109375 0.00703125
16 0.48125 0.715625 0.0140625 0.0109375
16 0.4703125 0.71953125 0.00859375 0.015625
16 0.4625 0.72265625 0.00703125 0.0140625
16 0.57734375 0.69140625 0.0125 0.01015625
2 0.628125 0.678125 0.0109375 0.00703125
16 0.5640625 0.69921875 0.01171875 0.0078125
16 0.578125 0.696875 0.01171875 0.0078125
16 0.6296875 0.68515625 0.0109375 0.00703125
2 0.5515625 0.71015625 0.01171875 0.00859375
16 0.57890625 0.70390625 0.01328125 0.01015625
2 0.5390625 0.7140625 0.01171875 0.0078125
16 0.515625 0.73125 0.00703125 0.01328125
16 0.50546875 0.734375 0.00859375 0.01484375
2 0.63125 0.70078125 0.01171875 0.00859375
16 0.51015625 0.73359375 0.00703125 0.0140625
16 0.6328125 0.70703125 0.0109375 0.00859375
16 0.0953125 0.8546875 0.01171875 0.00859375
2 0.4234375 0.78125 0.0125 0.01015625
2 0.7515625 0.69375 0.00859375 0.015625
2 0.70625 0.7109375 0.01328125 0.01015625
16 0.65703125 0.72578125 0.01171875 0.009375
2 0.64921875 0.73203125 0.00703125 0.01328125
2 0.84609375 0.69375 0.01328125 0.009375
16 0.2390625 0.09140625 0.0109375 0.00703125
2 0.51328125 0.7890625 0.01171875 0.0078125
16 0.51484375 0.79609375 0.0109375 0.0078125
16 0.390625 0.83125 0.00703125 0.0140625
20 0.14296875 0.903125 0.0421875 0.06484375
20 0.10625 0.9140625 0.04296875 0.06484375
16 0.41328125 0.83203125 0.00703125 0.01484375
16 0.51640625 0.8046875 0.01015625 0.00703125
16 0.2125 0.1 0.01171875 0.00859375
2 0.94609375 0.69296875 0.00625 0.0125
20 0.32890625 0.8625 0.04140625 0.06328125
20 0.37421875 0.85078125 0.04296875 0.0640625
2 0.51796875 0.8109375 0.01171875 0.00859375
2 0.39375 0.84609375 0.0078125 0.015625
16 0.4171875 0.8484375 0.00703125 0.01328125
2 0.81953125 0.75 0.01171875 0.0078125
2 0.146875 0.9375 0.01328125 0.01015625
16 0.36015625 0.87890625 0.00703125 0.01328125
2 0.16015625 0.934375 0.01171875 0.00859375
2 0.159375 0.934375 0.01171875 0.0078125
16 0.13359375 0.9421875 0.01328125 0.009375
2 0.10390625 0.95078125 0.01171875 0.0078125
2 0.1171875 0.946875 0.01171875 0.00703125
9 0.88203125 0.73984375 0.12265625 0.121875
2 0.9421875 0.72421875 0.01171875 0.0078125
16 0.534375 0.8359375 0.0109375 0.0078125
2 0.0859375 0.13828125 0.01171875 0.00859375
16 0.94375 0.73125 0.01328125 0.01015625
16 0.54140625 0.84140625 0.0109375 0.0078125
2 0.2625 0.9203125 0.01171875 0.009375
2 0.1375 0.9546875 0.01328125 0.01015625
2 0.26484375 0.928125 0.01171875 0.0078125
16 0.2296875 0.10078125 0.0078125 0.01328125
2 0.8265625 0.77890625 0.01171875 0.00859375
16 0.95546875 0.7484375 0.00859375 0.01484375
2 0.24921875 0.9421875 0.00859375 0.015625
2 0.2546875 0.94140625 0.0078125 0.01484375
2 0.22578125 0.94921875 0.00703125 0.01484375
2 0.22109375 0.95078125 0.00703125 0.0140625
2 0.17578125 0.96328125 0.00703125 0.0140625
2 0.3359375 0.9203125 0.0078125 0.01484375
2 0.21015625 0.9546875 0.00703125 0.01328125
2 0.13203125 0.975 0.00625 0.01328125
2 0.21484375 0.953125 0.00703125 0.0140625
2 0.13828125 0.97421875 0.00703125 0.015625
2 0.18125 0.9625 0.00703125 0.0140625
2 0.171875 0.965625 0.0078125 0.01484375
2 0.32265625 0.92421875 0.00859375 0.015625
2 0.18671875 0.9609375 0.0078125 0.01328125
2 0.1484375 0.971875 0.00703125 0.01484375
2 0.109375 0.98203125 0.00859375 0.01484375
2 0.14375 0.97265625 0.00703125 0.0140625
2 0.10390625 0.984375 0.0078125 0.01484375
16 0.81640625 0.79140625 0.00625 0.0125
2 0.8109375 0.79296875 0.00703125 0.01328125
2 0.803125 0.79609375 0.0078125 0.01328125
2 0.83046875 0.7890625 0.00703125 0.01328125
16 0.9484375 0.76171875 0.01171875 0.00859375
2 0.84765625 0.8046875 0.01328125 0.009375
2 0.925 0.78359375 0.0125 0.009375
2 0.88515625 0.79453125 0.01171875 0.00859375
16 0.9125 0.7875 0.0140625 0.01015625
16 0.89921875 0.7921875 0.01328125 0.01015625
2 0.43359375 0.91953125 0.00703125 0.0140625
16 0.86875 0.80234375 0.0078125 0.015625
16 0.8609375 0.8046875 0.009375 0.01484375
16 0.8765625 0.8015625 0.01015625 0.015625
2 0.8484375 0.81015625 0.01328125 0.009375
16 0.86640625 0.8140625 0.01328125 0.01015625
2 0.85078125 0.81953125 0.01328125 0.01015625
9 0.82109375 0.82890625 0.05546875 0.065625
16 0.88125 0.81796875 0.0078125 0.015625
16 0.8515625 0.8265625 0.01171875 0.01015625
2 0.85234375 0.8390625 0.0078125 0.01484375
16 0.52578125 0.02734375 0.0109375 0.01015625
2 0.8796875 0.84609375 0.00703125 0.01328125
2 0.846875 0.859375 0.00703125 0.01328125
2 0.83671875 0.8625 0.0078125 0.01484375
2 0.8421875 0.86171875 0.00859375 0.01328125
2 0.85234375 0.85859375 0.00703125 0.0140625
2 0.3546875 0.99296875 0.0078125 0.0125
16 0.86640625 0.8578125 0.01171875 0.0078125
16 0.5328125 0.06015625 0.01171875 0.0078125
2 0.67421875 0.053125 0.01171875 0.0078125
16 0.66171875 0.05625 0.0109375 0.00703125
2 0.7953125 0.02578125 0.01171875 0.00859375
2 0.63828125 0.0703125 0.0078125 0.015625
2 0.74921875 0.04375 0.00703125 0.01328125
2 0.6640625 0.06640625 0.01171875 0.00859375
2 0.7984375 0.03203125 0.01171875 0.0078125
2 0.75859375 0.04453125 0.01171875 0.0078125
4 0.2703125 0.190625 0.540625 0.25
16 0.8140625 0.04453125 0.0078125 0.01484375
2 0.5890625 0.1125 0.01171875 0.009375
16 0.790625 0.06953125 0.01171875 0.0078125
16 0.79140625 0.07578125 0.01171875 0.0078125
16 0.875 0.06640625 0.01328125 0.01015625
16 0.79375 0.08984375 0.01171875 0.01015625
16 0.61328125 0.1484375 0.01171875 0.0078125
16 0.7953125 0.1 0.0109375 0.01015625
16 0.79765625 0.10703125 0.01171875 0.0078125
2 0.6296875 0.153125 0.0109375 0.0078125
16 0.6140625 0.1578125 0.0109375 0.00703125
16 0.84375 0.11484375 0.00703125 0.01328125
2 0.7984375 0.12890625 0.00703125 0.01328125
9 0.7203125 0.153125 0.16328125 0.1953125
16 0.63671875 0.1828125 0.0125 0.00859375
16 0.84375 0.12734375 0.00703125 0.0125
2 0.6390625 0.190625 0.0109375 0.0078125
2 0.64140625 0.19765625 0.0125 0.01015625
16 0.846875 0.14375 0.00703125 0.0140625
2 0.64296875 0.20546875 0.01171875 0.0078125
2 0.80546875 0.16484375 0.0078125 0.01484375
2 0.64296875 0.2125 0.01015625 0.00859375
2 0.64609375 0.2203125 0.009375 0.00703125
2 0.38203125 0.2953125 0.01796875 0.021875
2 0.646875 0.23125 0.0140625 0.01015625
2 0.64921875 0.23671875 0.0125 0.00859375
2 0.83671875 0.18671875 0.0078125 0.01484375
2 0.6515625 0.25234375 0.01171875 0.0078125
2 0.88046875 0.20703125 0.00703125 0.0140625
16 0.775 0.2375 0.01328125 0.009375
2 0.79140625 0.23359375 0.01171875 0.0078125
16 0.675 0.26640625 0.01328125 0.01015625
2 0.5765625 0.29453125 0.01171875 0.0078125
2 0.709375 0.259375 0.009375 0.015625
2 0.715625 0.2578125 0.0078125 0.015625
2 0.72265625 0.25703125 0.0078125 0.0140625
16 0.75234375 0.2484375 0.00703125 0.0140625
16 0.734375 0.253125 0.00625 0.01328125
16 0.746875 0.25 0.00703125 0.01328125
2 0.578125 0.303125 0.01015625 0.0078125
16 0.5671875 0.309375 0.00859375 0.015625
20 0.04765625 0.459375 0.02109375 0.01953125
16 0.03203125 0.4671875 0.01328125 0.009375
2 0.0375 0.4796875 0.00703125 0.0140625
20 0.05078125 0.4765625 0.01953125 0.01953125
16 0.03125 0.48203125 0.00703125 0.01328125
2 0.28203125 0.421875 0.01171875 0.01484375
2 0.29375 0.43046875 0.01328125 0.015625
2 0.053125 0.5 0.0109375 0.0078125
16 0.06328125 0.5015625 0.00703125 0.015625
16 0.58046875 0.371875 0.00859375 0.01484375
16 0.59609375 0.39765625 0.0078125 0.0140625
2 0.3078125 0.4796875 0.01015625 0.009375
16 0.30859375 0.5390625 0.0125 0.01015625