2 0.365625 0.8078125 0.01171875 0.05
2 0.384375 0.79453125 0.0125 0.05
2 0.35625 0.81484375 0.01171875 0.05
2 0.375 0.803125 0.01171875 0.05
20 0.59765625 0.6484375 0.01953125 0.06953125
2 0.58671875 0.66015625 0.0078125 0.03125
2 0.20390625 0.93984375 0.00703125 0.034375
2 0.609375 0.64609375 0.0078125 0.0328125
2 0.8984375 0.43671875 0.0109375 0.05
2 0.9078125 0.4296875 0.0109375 0.0484375
2 0.9171875 0.4234375 0.0109375 0.0515625
16 0.7 0.584375 0.0078125 0.0328125
2 0.9265625 0.41875 0.01171875 0.05
2 0.6390625 0.63125 0.0078125 0.03125
20 0.13046875 0.97890625 0.02265625 0.03984375
2 0.62109375 0.64609375 0.0078125 0.034375
16 0.69140625 0.59609375 0.00546875 0.0296875
2 0.759375 0.54765625 0.00859375 0.0328125
16 0.65859375 0.621875 0.00625 0.03125
16 0.68359375 0.6046875 0.0078125 0.0328125
20 0.63046875 0.64375 0.015625 0.053125
2 0.14453125 0.99296875 0.009375 0.01171875
20 0.6671875 0.625 0.0109375 0.03984375
2 0.7390625 0.575 0.0078125 0.034375
9 0.728125 0.5828125 0.01953125 0.06796875
16 0.67734375 0.62265625 0.0078125 0.0328125
20 0.34609375 0.8640625 0.02265625 0.0828125
20 0.21796875 0.95859375 0.02109375 0.0765625
16 0.23203125 0.9515625 0.0109375 0.04140625
2 0.1515625 0.99453125 0.0078125 0.00703125
16 0.784375 0.54921875 0.009375 0.03984375
2 0.71796875 0.59921875 0.00625 0.0296875
20 0.40234375 0.8296875 0.02265625 0.0796875
16 0.70234375 0.61484375 0.0078125 0.03125
20 0.77265625 0.565625 0.021875 0.08125
20 0.8234375 0.5296875 0.02109375 0.0796875
2 0.81015625 0.5390625 0.00703125 0.03125
16 0.8359375 0.52421875 0.009375 0.03671875
20 0.8875 0.48828125 0.02109375 0.0796875
2 0.6140625 0.68984375 0.00859375 0.03671875
20 0.94453125 0.4515625 0.02265625 0.078125
16 0.9578125 0.44453125 0.009375 0.03671875
16 0.63671875 0.68515625 0.0078125 0.0328125
16 0.62421875 0.69296875 0.0078125 0.034375
16 0.63046875 0.68828125 0.0078125 0.034375
16 0.6625 0.66640625 0.00859375 0.034375
2 0.6953125 0.64375 0.0078125 0.0328125
16 0.6875 0.64921875 0.0078125 0.0328125
2 0.6765625 0.6609375 0.00703125 0.0328125
2 0.59140625 0.7234375 0.00703125 0.0296875
2 0.6453125 0.6875 0.00703125 0.028125
16 0.67109375 0.6703125 0.0078125 0.0296875
16 0.65234375 0.684375 0.00625 0.03125
16 0.7125 0.6421875 0.00625 0.0296875
16 0.70546875 0.6515625 0.00625 0.03125
16 0.74609375 0.62265625 0.0078125 0.0328125
16 0.36640625 0.9 0.0109375 0.04296875
16 0.75234375 0.61796875 0.0078125 0.0328125
16 0.72734375 0.64296875 0.00625 0.03125
2 0.60703125 0.7375 0.00546875 0.025
2 0.60078125 0.74375 0.0078125 0.0328125
16 0.41875 0.88046875 0.01015625 0.03828125
16 0.7609375 0.6359375 0.00625 0.0296875
2 0.634375 0.72890625 0.0109375 0.04140625
16 0.9125 0.52890625 0.009375 0.03984375
2 0.4140625 0.8921875 0.0078125 0.0328125
2 0.62421875 0.74140625 0.0109375 0.05
2 0.9609375 0.49453125 0.0078125 0.034375
16 0.65625 0.71796875 0.00703125 0.03125
2 0.70546875 0.6875 0.0078125 0.03125
16 0.90703125 0.54140625 0.0078125 0.0328125
16 0.6703125 0.7203125 0.0078125 0.0328125
16 0.6515625 0.7359375 0.00703125 0.03125
2 0.64453125 0.74296875 0.00625 0.0296875
2 0.61328125 0.7671875 0.00625 0.03125
16 0.990625 0.4921875 0.0078125 0.034375
16 0.99609375 0.4875 0.00703125 0.034375
9 0.69375 0.71171875 0.0234375 0.0828125
2 0.4953125 0.86328125 0.0078125 0.034375
2 0.29375 0.97421875 0.01875 0.0484375
2 0.71328125 0.709375 0.0078125 0.034375
2 0.328125 0.96484375 0.040625 0.06796875
2 0.70703125 0.71640625 0.00703125 0.03125
16 0.6671875 0.75390625 0.00625 0.028125
2 0.5203125 0.8625 0.00625 0.0296875
2 0.5328125 0.85234375 0.0078125 0.0328125
2 0.5390625 0.85078125 0.0078125 0.0296875
9 0.73828125 0.70625 0.01640625 0.07578125
16 0.65546875 0.76875 0.00703125 0.03125
2 0.9875 0.5296875 0.0078125 0.0328125
16 0.99296875 0.525 0.0078125 0.0328125
16 0.99765625 0.52109375 0.00390625 0.03125
16 0.728125 0.7234375 0.0078125 0.0328125
2 0.83203125 0.6484375 0.03984375 0.11953125
2 0.79765625 0.6734375 0.04140625 0.11953125
20 0.41953125 0.96171875 0.01640625 0.053125
16 0.71328125 0.74765625 0.0078125 0.03125
20 0.3640625 0.990625 0.0125 0.01640625
9 0.6375 0.80703125 0.03515625 0.08125
16 0.7203125 0.753125 0.00703125 0.0296875
20 0.67109375 0.79765625 0.0140625 0.04453125
20 0.88359375 0.64453125 0.0125 0.04609375
20 0.68046875 0.79296875 0.0125 0.04453125
2 0.65625 0.81015625 0.00625 0.028125
20 0.90078125 0.63203125 0.0125 0.04296875
20 0.9578125 0.59375 0.0125 0.04609375
16 0.6640625 0.81171875 0.00625 0.03125
16 0.69609375 0.7890625 0.0078125 0.034375
2 0.4109375 0.990625 0.00859375 0.01640625
16 0.715625 0.78125 0.00703125 0.0296875
16 0.428125 0.99140625 0.00859375 0.01484375
2 0.76171875 0.75703125 0.0078125 0.034375
16 0.6171875 0.86171875 0.00859375 0.03125
16 0.72421875 0.7890625 0.00703125 0.03125
16 0.7359375 0.7796875 0.00703125 0.0296875
4 0.49296875 0.93671875 0.109375 0.12421875
16 0.7296875 0.7859375 0.00625 0.03125
16 0.778125 0.75 0.0078125 0.0328125
2 0.92109375 0.65 0.0078125 0.034375
2 0.94921875 0.6296875 0.0078125 0.03125
2 0.97734375 0.61015625 0.0078125 0.034375
16 0.75703125 0.77109375 0.0078125 0.0328125
16 0.77109375 0.7609375 0.0078125 0.034375
16 0.87890625 0.6875 0.0078125 0.034375
16 0.94296875 0.6421875 0.0078125 0.0328125
16 0.90859375 0.66640625 0.00703125 0.03125
16 0.91484375 0.66171875 0.00703125 0.03125
16 0.9375 0.64609375 0.0078125 0.03125
16 0.96484375 0.62734375 0.0078125 0.0328125
16 0.971875 0.6234375 0.00625 0.03125
16 0.6953125 0.83203125 0.00703125 0.03125
16 0.7015625 0.8296875 0.0078125 0.0328125
16 0.67265625 0.85390625 0.0078125 0.0296875
16 0.659375 0.8625 0.00625 0.0328125
16 0.70859375 0.8265625 0.00625 0.0296875
16 0.68515625 0.84609375 0.0078125 0.0328125
2 0.71953125 0.82109375 0.00703125 0.0328125
2 0.88671875 0.69921875 0.0078125 0.03125
16 0.63203125 0.884375 0.00625 0.0296875
2 0.625 0.89140625 0.0078125 0.034375
16 0.61953125 0.89609375 0.00703125 0.034375
16 0.65390625 0.87109375 0.00625 0.0296875
16 0.72578125 0.8203125 0.00625 0.03125
2 0.73828125 0.8125 0.0078125 0.0328125
16 0.73203125 0.8171875 0.00859375 0.034375
2 0.64140625 0.88359375 0.0078125 0.03125
2 0.7515625 0.803125 0.00859375 0.0328125
16 0.821875 0.75390625 0.00703125 0.03125
16 0.815625 0.76015625 0.0078125 0.0328125
2 0.84921875 0.73515625 0.0078125 0.0328125
16 0.85625 0.73203125 0.00625 0.0296875
16 0.759375 0.80234375 0.00703125 0.028125
16 0.78828125 0.78359375 0.0078125 0.03125
16 0.78125 0.7875 0.0078125 0.034375
2 0.775 0.7921875 0.0078125 0.03125
2 0.803125 0.771875 0.00703125 0.0328125
16 0.809375 0.7703125 0.00625 0.03125
2 0.828125 0.75546875 0.0078125 0.03125
16 0.83515625 0.7515625 0.0078125 0.0328125
16 0.88125 0.71796875 0.00703125 0.03125
16 0.8625 0.73125 0.00703125 0.03125
2 0.9046875 0.70234375 0.00703125 0.0296875
16 0.91796875 0.69296875 0.0078125 0.03125
16 0.91171875 0.69921875 0.00703125 0.03125
2 0.934375 0.6828125 0.00703125 0.03125
16 0.9453125 0.67421875 0.00703125 0.0296875
16 0.93984375 0.678125 0.00703125 0.03125
2 0.96171875 0.66328125 0.00703125 0.03125
16 0.97421875 0.65390625 0.0078125 0.0296875
16 0.96875 0.659375 0.0078125 0.0296875