2 0.89609375 0.7140625 0.00703125 0.015625
4 0.9515625 0.72265625 0.0375 0.10234375
2 0.89609375 0.73125 0.00625 0.01484375
2 0.90859375 0.74609375 0.01171875 0.02109375
2 0.8953125 0.7609375 0.0109375 0.015625
16 0.12890625 0.75390625 0.02109375 0.00859375
2 0.1921875 0.759375 0.090625 0.04296875
16 0.5109375 0.7828125 0.00859375 0.01953125
16 0.4984375 0.78359375 0.01015625 0.01796875
2 0.040625 0.0671875 0.06640625 0.04765625
16 0.553125 0.79375 0.00859375 0.01875
16 0.56484375 0.79453125 0.00703125 0.01875
2 0.3890625 0.79453125 0.0171875 0.0078125
20 0.42734375 0.79921875 0.0203125 0.0265625
2 0.5796875 0.803125 0.01015625 0.01875
2 0.6078125 0.80390625 0.01015625 0.01953125
16 0.20234375 0.79921875 0.01015625 0.0171875
16 0.2890625 0.80078125 0.02109375 0.0125
16 0.46875 0.8046875 0.01640625 0.0078125
2 0.4875 0.80859375 0.01015625 0.01875
2 0.52578125 0.8125 0.01328125 0.025
16 0.47109375 0.8140625 0.01640625 0.00859375
16 0.2859375 0.81171875 0.0171875 0.009375
16 0.31640625 0.81328125 0.0171875 0.01015625
2 0.53828125 0.81640625 0.0109375 0.0171875
16 0.20546875 0.07265625 0.009375 0.01640625
2 0.6765625 0.82734375 0.0703125 0.0640625
4 0.0734375 0.81796875 0.0453125 0.30703125
2 0.4828125 0.825 0.0171875 0.01171875
2 0.26015625 0.82109375 0.00703125 0.01484375
16 0.096875 0.071875 0.0078125 0.01640625
16 0.38046875 0.07734375 0.0171875 0.00703125
20 0.1828125 0.0734375 0.0171875 0.02109375
2 0.31640625 0.83828125 0.01484375 0.01171875
2 0.6140625 0.84453125 0.009375 0.02109375
2 0.6421875 0.8515625 0.01796875 0.01171875
9 0.28515625 0.84609375 0.0328125 0.0484375
9 0.58046875 0.8546875 0.04921875 0.05
16 0.84921875 0.0875 0.0078125 0.0171875
16 0.171875 0.85390625 0.01796875 0.01015625
2 0.6453125 0.86328125 0.021875 0.01171875
2 0.48046875 0.86796875 0.0171875 0.01171875
16 0.51640625 0.871875 0.015625 0.00859375
2 0.6140625 0.87421875 0.01015625 0.0203125
16 0.16640625 0.8671875 0.02421875 0.01171875
2 0.7671875 0.88515625 0.06875 0.06640625
16 0.46796875 0.88125 0.01640625 0.0078125
16 0.515625 0.88359375 0.01640625 0.00859375
16 0.3171875 0.8828125 0.0171875 0.00859375
2 0.3875 0.88359375 0.01953125 0.01171875
2 0.48515625 0.8859375 0.0109375 0.01953125
16 0.2765625 0.8828125 0.01796875 0.00859375
16 0.4671875 0.890625 0.01640625 0.0078125
20 0.42890625 0.890625 0.0234375 0.0265625
16 0.5140625 0.896875 0.0171875 0.00859375
16 0.27734375 0.8921875 0.021875 0.009375
2 0.6859375 0.9 0.06640625 0.06640625
2 0.315625 0.896875 0.015625 0.009375
2 0.603125 0.90859375 0.01328125 0.02109375
2 0.5640625 0.90859375 0.01015625 0.02109375
2 0.5765625 0.909375 0.01171875 0.021875
2 0.54921875 0.909375 0.01171875 0.021875
16 0.53515625 0.921875 0.01640625 0.009375
16 0.3390625 0.08515625 0.01640625 0.00703125
16 0.3578125 0.0859375 0.0171875 0.00859375
16 0.33515625 0.9203125 0.015625 0.00859375
16 0.46015625 0.9234375 0.01875 0.009375
16 0.35625 0.921875 0.01640625 0.009375
2 0.40859375 0.92578125 0.00625 0.01640625
20 0.38984375 0.928125 0.025 0.025
4 0.8328125 0.940625 0.16171875 0.0296875
16 0.30390625 0.9390625 0.00703125 0.01640625
2 0.315625 0.93984375 0.0078125 0.01640625
20 0.3328125 0.94140625 0.01953125 0.025
16 0.39140625 0.94765625 0.01796875 0.00625
16 0.309375 0.95390625 0.0171875 0.00703125
16 0.3890625 0.95546875 0.0171875 0.009375
20 0.13125 0.1078125 0.01875 0.021875
2 0.5921875 0.14921875 0.06171875 0.0640625
16 0.82578125 0.1765625 0.01953125 0.00859375
2 0.2484375 0.18046875 0.05703125 0.07109375
2 0.64296875 0.20859375 0.04296875 0.04921875
2 0.703125 0.215625 0.0578125 0.0515625
2 0.5296875 0.2140625 0.0546875 0.05703125
2 0.47734375 0.2125 0.021875 0.053125
2 0.28828125 0.234375 0.06328125 0.06484375
2 0.14765625 0.2421875 0.11953125 0.06015625
2 0.36015625 0.24609375 0.0296875 0.0546875
2 0.7984375 0.315625 0.05625 0.03515625
2 0.84609375 0.33125 0.04375 0.07109375
16 0.54296875 0.3265625 0.0078125 0.01875
2 0.1609375 0.34609375 0.05390625 0.071875
16 0.33984375 0.35234375 0.00859375 0.015625
16 0.3859375 0.359375 0.0171875 0.009375
2 0.234375 0.36015625 0.08359375 0.03125
16 0.36640625 0.37734375 0.0109375 0.01875
16 0.35390625 0.378125 0.01171875 0.0171875
16 0.49765625 0.38125 0.015625 0.00703125
2 0.83359375 0.38671875 0.03046875 0.01484375
16 0.4171875 0.38984375 0.01640625 0.0109375
2 0.32421875 0.40078125 0.009375 0.01875
4 0.95703125 0.41796875 0.03359375 0.08515625
16 0.3984375 0.41484375 0.009375 0.01953125
16 0.3609375 0.41484375 0.0125 0.02109375
16 0.534375 0.4203125 0.01640625 0.00703125
2 0.77890625 0.42578125 0.05390625 0.078125
16 0.33984375 0.421875 0.0171875 0.009375
16 0.265625 0.4203125 0.01796875 0.01015625
4 0.07890625 0.425 0.06015625 0.09140625
16 0.321875 0.4296875 0.0078125 0.0140625
16 0.26484375 0.4328125 0.0171875 0.009375
16 0.39296875 0.4359375 0.01953125 0.01171875
16 0.47578125 0.4421875 0.00546875 0.015625
16 0.4640625 0.4421875 0.00859375 0.015625
16 0.559375 0.44609375 0.0140625 0.00859375
2 0.90234375 0.4703125 0.046875 0.0671875
20 0.09921875 0.03671875 0.02578125 0.0171875
16 0.39921875 0.0546875 0.01015625 0.01875
16 0.184375 0.05078125 0.0171875 0.01015625
20 0.37890625 0.0546875 0.02109375 0.021875
20 0.35390625 0.05546875 0.01875 0.021875
2 0.89609375 0.68515625 0.0078125 0.0171875
2 0.909375 0.7 0.009375 0.01796875