20 0.70078125 0.5875 0.03046875 0.02109375
2 0.11015625 0.56953125 0.0453125 0.0421875
2 0.75703125 0.60078125 0.03828125 0.03515625
20 0.89921875 0.69375 0.01953125 0.02734375
20 0.94296875 0.709375 0.02265625 0.02421875
20 0.9109375 0.715625 0.02578125 0.02421875
9 0.78515625 0.0484375 0.0515625 0.0359375
9 0.840625 0.75703125 0.053125 0.028125
9 0.5796875 0.77265625 0.1875 0.1546875
20 0.7953125 0.803125 0.0296875 0.02421875
9 0.3921875 0.79140625 0.090625 0.12578125
9 0.83359375 0.834375 0.03828125 0.04453125
20 0.784375 0.83828125 0.02421875 0.021875
2 0.32734375 0.85546875 0.02421875 0.01171875
2 0.1375 0.85078125 0.0328125 0.03046875
2 0.325 0.86640625 0.01875 0.0140625
2 0.36796875 0.87421875 0.03984375 0.034375
20 0.8703125 0.91796875 0.02421875 0.02421875
20 0.8359375 0.91875 0.0265625 0.025
20 0.80859375 0.91796875 0.02421875 0.0234375
9 0.24453125 0.8921875 0.0890625 0.07265625
2 0.1578125 0.90859375 0.0328125 0.028125
2 0.74921875 0.93984375 0.03671875 0.0359375
20 0.8265625 0.946875 0.02265625 0.02265625
9 0.66640625 0.96640625 0.05390625 0.03359375
20 0.82578125 0.9765625 0.02734375 0.021875
9 0.73515625 0.97734375 0.03125 0.021875
20 0.24453125 0.05859375 0.025 0.02421875
2 0.125 0.06328125 0.04375 0.03671875
2 0.38125 0.07578125 0.03125 0.015625
2 0.4140625 0.078125 0.03125 0.0140625
20 0.24453125 0.0828125 0.02578125 0.02109375
20 0.271875 0.084375 0.02421875 0.0203125
20 0.2125 0.08203125 0.02421875 0.01953125
20 0.3 0.0859375 0.0265625 0.02421875
2 0.61328125 0.1125 0.03125 0.02421875
16 0.2109375 0.096875 0.02421875 0.01015625
2 0.86484375 0.1265625 0.0203125 0.01015625
16 0.24375 0.1 0.02421875 0.0125
16 0.2703125 0.11015625 0.02265625 0.01171875
16 0.21015625 0.10703125 0.0234375 0.009375
16 0.2421875 0.10859375 0.025 0.00859375
16 0.29921875 0.1109375 0.021875 0.0109375
9 0.94765625 0.140625 0.05 0.03046875
2 0.453125 0.11875 0.021875 0.00859375
2 0.58125 0.13203125 0.01484375 0.01875
9 0.54140625 0.1421875 0.03828125 0.0390625
9 0.61640625 0.1546875 0.053125 0.03359375
2 0.5796875 0.16484375 0.0140625 0.0203125
2 0.95 0.1828125 0.03125 0.0234375
9 0.7734375 0.18515625 0.15859375 0.13515625
2 0.53984375 0.17578125 0.02265625 0.00625
2 0.565625 0.18203125 0.009375 0.01484375
9 0.39453125 0.1765625 0.11640625 0.09765625
9 0.2578125 0.20703125 0.05625 0.03359375
9 0.55078125 0.24453125 0.0578125 0.034375
9 0.890625 0.26875 0.0515625 0.02890625
2 0.27578125 0.25078125 0.04375 0.0328125
2 0.5484375 0.2921875 0.040625 0.03515625
9 0.28828125 0.35234375 0.08515625 0.0703125
2 0.165625 0.39453125 0.0390625 0.0390625
2 0.11640625 0.39453125 0.04765625 0.040625
9 0.48828125 0.44375 0.215625 0.18046875
20 0.8234375 0.465625 0.02734375 0.01796875
2 0.1140625 0.44140625 0.0421875 0.046875
9 0.209375 0.44921875 0.0453125 0.04765625
20 0.8265625 0.48671875 0.02890625 0.025
2 0.26484375 0.4828125 0.034375 0.03125
20 0.825 0.50859375 0.028125 0.021875
2 0.11875 0.4859375 0.04765625 0.0359375
2 0.19140625 0.48984375 0.02421875 0.01328125
20 0.834375 0.55859375 0.0265625 0.0234375
2 0.1125 0.5265625 0.04375 0.04296875
9 0.73984375 0.5546875 0.03515625 0.040625
20 0.79296875 0.5578125 0.02734375 0.025