1 0.96953125 0.50234375 0.01015625 0.00625
4 0.6046875 0.515625 0.0515625 0.4390625
1 0.3484375 0.05234375 0.01015625 0.00546875
1 0.26953125 0.05234375 0.01015625 0.00703125
1 0.03359375 0.51953125 0.01640625 0.02578125
1 0.96953125 0.52421875 0.01015625 0.00703125
1 0.059375 0.52890625 0.0390625 0.046875
15 0.45859375 0.54453125 0.00390625 0.0125
15 0.43046875 0.5453125 0.00390625 0.01328125
15 0.4203125 0.546875 0.003125 0.01328125
9 0.14453125 0.0546875 0.01875 0.0328125
1 0.57265625 0.54765625 0.0078125 0.0234375
15 0.9078125 0.55078125 0.0109375 0.00546875
15 0.64765625 0.05625 0.00703125 0.015625
15 0.9078125 0.55859375 0.01015625 0.00625
1 0.02265625 0.559375 0.03203125 0.0484375
15 0.42578125 0.56328125 0.0046875 0.01484375
15 0.4359375 0.56328125 0.0046875 0.01328125
15 0.43046875 0.56328125 0.00390625 0.01484375
15 0.4203125 0.5640625 0.00546875 0.015625
20 0.65859375 0.05703125 0.009375 0.015625
15 0.66796875 0.0578125 0.00625 0.01484375
1 0.06015625 0.57421875 0.03984375 0.04765625
15 0.690625 0.05859375 0.00625 0.015625
20 0.6796875 0.05859375 0.0109375 0.0140625
1 0.2578125 0.059375 0.01015625 0.00546875
1 0.9078125 0.5984375 0.009375 0.00703125
1 0.840625 0.5984375 0.0109375 0.00625
15 0.17578125 0.6015625 0.00390625 0.0140625
15 0.1703125 0.6015625 0.0046875 0.0125
15 0.18125 0.60234375 0.0046875 0.01328125
15 0.16484375 0.60234375 0.00390625 0.0125
15 0.15859375 0.60234375 0.00546875 0.01484375
4 0.9375 0.60234375 0.040625 0.3765625
1 0.02421875 0.60390625 0.0375 0.04296875
4 0.66796875 0.60390625 0.04140625 0.38203125
4 0.7671875 0.60546875 0.02734375 0.03359375
4 0.73671875 0.60546875 0.040625 0.38125
4 0.87109375 0.60625 0.04375 0.384375
4 0.803125 0.6078125 0.0421875 0.3796875
15 0.16484375 0.6171875 0.0046875 0.0140625
15 0.1703125 0.61796875 0.0046875 0.01328125
1 0.0625 0.61875 0.0390625 0.04609375
15 0.18125 0.61875 0.00390625 0.01328125
15 0.17578125 0.61875 0.00390625 0.01328125
1 0.57109375 0.61953125 0.00390625 0.0125
15 0.5265625 0.61953125 0.00390625 0.01171875
15 0.51015625 0.6203125 0.00390625 0.01328125
15 0.51484375 0.61953125 0.0046875 0.01171875
1 0.55859375 0.6203125 0.00390625 0.01328125
1 0.56640625 0.61953125 0.0046875 0.0125
1 0.5546875 0.6203125 0.00390625 0.01015625
15 0.521875 0.6203125 0.00390625 0.0125
15 0.0984375 0.0625 0.0046875 0.01328125
20 0.23828125 0.0625 0.025 0.0375
15 0.7640625 0.62578125 0.01015625 0.00703125
15 0.9078125 0.628125 0.0109375 0.00625
1 0.09296875 0.06328125 0.00546875 0.0125
15 0.10390625 0.0625 0.0046875 0.0125
15 0.57109375 0.63671875 0.0046875 0.0125
15 0.5265625 0.63671875 0.00390625 0.0140625
15 0.5671875 0.63671875 0.0046875 0.0125
15 0.509375 0.63671875 0.00390625 0.0125
15 0.52265625 0.6375 0.00390625 0.01171875
15 0.54609375 0.63671875 0.00390625 0.0125
15 0.53046875 0.6375 0.00390625 0.0140625
15 0.540625 0.6375 0.00390625 0.0125
15 0.559375 0.63671875 0.00390625 0.01171875
15 0.51328125 0.6375 0.00390625 0.01171875
15 0.50546875 0.6375 0.0046875 0.01328125
15 0.5546875 0.6375 0.0046875 0.0125
15 0.82578125 0.64140625 0.01015625 0.00703125
1 0.11484375 0.06484375 0.0171875 0.02265625
1 0.16015625 0.65 0.003125 0.01328125
15 0.15546875 0.65 0.0046875 0.01328125
1 0.0296875 0.6515625 0.03359375 0.04609375
1 0.1953125 0.653125 0.01015625 0.00546875
15 0.503125 0.66015625 0.01015625 0.00625
15 0.196875 0.66015625 0.01171875 0.0078125
9 0.17578125 0.6625 0.02734375 0.034375
1 0.26953125 0.06640625 0.0109375 0.0078125
9 0.31015625 0.06640625 0.0390625 0.0734375
20 0.07265625 0.06640625 0.0109375 0.01640625
15 0.56796875 0.66484375 0.01015625 0.00546875
15 0.503125 0.66640625 0.01171875 0.00546875
15 0.33671875 0.0671875 0.01171875 0.00625
15 0.56796875 0.671875 0.01015625 0.00703125
15 0.503125 0.6734375 0.0109375 0.00625
1 0.4921875 0.6734375 0.01015625 0.00625
9 0.53671875 0.67734375 0.0546875 0.0484375
15 0.56796875 0.678125 0.00859375 0.00390625
15 0.06171875 0.06796875 0.00625 0.01796875
15 0.84140625 0.6796875 0.0109375 0.00703125
15 0.50390625 0.6796875 0.009375 0.00703125
15 0.43203125 0.68125 0.0046875 0.01328125
15 0.44140625 0.68125 0.0046875 0.01328125
15 0.421875 0.68125 0.0046875 0.01484375
15 0.42734375 0.68203125 0.00390625 0.01328125
15 0.4375 0.68125 0.00390625 0.01328125
15 0.825 0.68203125 0.00859375 0.00625
15 0.446875 0.68203125 0.0046875 0.01328125
15 0.9078125 0.6828125 0.01015625 0.00703125
15 0.984375 0.68359375 0.01015625 0.00546875
1 0.49140625 0.68671875 0.01015625 0.00625
15 0.503125 0.6875 0.01015625 0.00546875
15 0.959375 0.06953125 0.01015625 0.00625
1 0.984375 0.68984375 0.0109375 0.0046875
15 0.97265625 0.690625 0.0109375 0.00546875
15 0.56796875 0.6921875 0.00859375 0.0046875
15 0.503125 0.69375 0.009375 0.00546875
1 0.36171875 0.6953125 0.02578125 0.0328125
1 0.984375 0.696875 0.0109375 0.00625
1 0.4171875 0.696875 0.0046875 0.01328125
1 0.40703125 0.696875 0.0046875 0.01328125
15 0.97265625 0.69765625 0.0109375 0.00625
15 0.05625 0.0703125 0.00546875 0.01484375
15 0.56796875 0.69921875 0.01015625 0.00625
15 0.578125 0.7 0.0109375 0.00625
15 0.39453125 0.70078125 0.009375 0.00625
15 0.49140625 0.7015625 0.0109375 0.00546875
15 0.503125 0.7015625 0.009375 0.0046875
1 0.25859375 0.0703125 0.0109375 0.00625
1 0.984375 0.7046875 0.01015625 0.0078125
1 0.77265625 0.7046875 0.00703125 0.01640625
15 0.97265625 0.70546875 0.01015625 0.00703125
15 0.38359375 0.7078125 0.01015625 0.00546875
15 0.39375 0.7078125 0.0109375 0.00703125
15 0.503125 0.7078125 0.00859375 0.0046875
15 0.4921875 0.70859375 0.0109375 0.00625
15 0.984375 0.7109375 0.0109375 0.00703125
15 0.3828125 0.71640625 0.0109375 0.00546875
15 0.98359375 0.71796875 0.0109375 0.00546875
15 0.97265625 0.71953125 0.0109375 0.00625
15 0.3828125 0.7234375 0.009375 0.00546875
1 0.984375 0.725 0.01015625 0.00703125
1 0.5578125 0.72578125 0.003125 0.01328125
1 0.53984375 0.7265625 0.00546875 0.01328125
1 0.553125 0.7265625 0.00625 0.01484375
20 0.115625 0.7265625 0.0515625 0.0484375
1 0.54453125 0.72734375 0.00546875 0.0140625
20 0.17421875 0.728125 0.0578125 0.04921875
15 0.2828125 0.0734375 0.009375 0.0046875
20 0.23515625 0.7296875 0.05625 0.05
1 0.984375 0.73203125 0.009375 0.00703125
1 0.29140625 0.73203125 0.04609375 0.06328125
15 0.97265625 0.73359375 0.0109375 0.00703125
1 0.98359375 0.73828125 0.01015625 0.00625
15 0.3828125 0.7390625 0.00859375 0.00625
1 0.984375 0.74453125 0.009375 0.00546875
15 0.39453125 0.7453125 0.01015625 0.00625
15 0.97265625 0.753125 0.01015625 0.0046875
4 0.48984375 0.075 0.19375 0.03828125
15 0.38359375 0.7546875 0.01015625 0.00625
15 0.971875 0.76015625 0.01015625 0.00546875
1 0.984375 0.7609375 0.01015625 0.00625
15 0.3828125 0.76171875 0.0109375 0.00703125
1 0.1390625 0.07734375 0.01171875 0.00625
15 0.971875 0.7734375 0.01015625 0.00625
1 0.69765625 0.77734375 0.01875 0.025
1 0.02890625 0.078125 0.0265625 0.03203125
15 0.959375 0.07890625 0.01015625 0.0046875
20 0.2390625 0.7890625 0.04375 0.04765625
20 0.11015625 0.7890625 0.05625 0.05078125
1 0.26953125 0.0796875 0.009375 0.0078125
20 0.17578125 0.78984375 0.059375 0.05
1 0.33828125 0.79140625 0.046875 0.0625
15 0.82578125 0.7953125 0.00390625 0.01328125
1 0.84375 0.79609375 0.00390625 0.01171875
15 0.83984375 0.79609375 0.003125 0.01171875
15 0.82890625 0.796875 0.00390625 0.01171875
1 0.83515625 0.79609375 0.003125 0.0109375
15 0.28203125 0.0796875 0.01015625 0.00546875
1 0.2921875 0.80078125 0.04375 0.0734375
15 0.42890625 0.80625 0.009375 0.00546875
15 0.52734375 0.80859375 0.00390625 0.01328125
15 0.071875 0.80859375 0.00546875 0.01484375
15 0.521875 0.80859375 0.0046875 0.01171875
1 0.4796875 0.80859375 0.02265625 0.0296875
1 0.51640625 0.80859375 0.00390625 0.0125
1 0.53203125 0.809375 0.0046875 0.01328125
1 0.34921875 0.08046875 0.0109375 0.00703125
20 0.9421875 0.08125 0.0125 0.01640625
1 0.078125 0.809375 0.0046875 0.01328125
15 0.81640625 0.81328125 0.00390625 0.0109375
15 0.83125 0.81328125 0.00390625 0.0140625
15 0.8125 0.8140625 0.00390625 0.01328125
15 0.8203125 0.8140625 0.00390625 0.0125
15 0.33671875 0.08125 0.01171875 0.00703125
15 0.7984375 0.8140625 0.00390625 0.0140625
15 0.8078125 0.8140625 0.00390625 0.0125
15 0.83671875 0.8140625 0.0046875 0.0140625
15 0.80390625 0.8140625 0.00390625 0.01328125
15 0.79296875 0.81484375 0.00390625 0.0125
15 0.825 0.81484375 0.003125 0.01328125
15 0.71328125 0.82109375 0.0046875 0.01484375
1 0.7171875 0.82109375 0.00390625 0.0140625
15 0.721875 0.82109375 0.00390625 0.0140625
15 0.4375 0.821875 0.00859375 0.00546875
15 0.4484375 0.82265625 0.009375 0.0046875
15 0.42734375 0.82265625 0.009375 0.0046875
15 0.77734375 0.82421875 0.009375 0.00625
15 0.559375 0.8296875 0.00390625 0.01328125
15 0.55390625 0.8296875 0.00390625 0.01328125
15 0.56484375 0.8296875 0.0046875 0.0140625
1 0.85703125 0.8296875 0.00546875 0.015625
15 0.8265625 0.83046875 0.00390625 0.0109375
1 0.590625 0.83046875 0.00390625 0.01328125
1 0.5984375 0.83046875 0.00390625 0.01171875
15 0.8671875 0.83046875 0.00390625 0.01328125
1 0.82265625 0.83046875 0.0046875 0.01171875
1 0.0609375 0.83046875 0.0046875 0.01484375
15 0.8359375 0.83046875 0.0046875 0.0140625
1 0.79765625 0.83046875 0.003125 0.0125
1 0.85078125 0.83046875 0.00390625 0.01328125
15 0.81328125 0.83046875 0.00390625 0.0125
15 0.86328125 0.83125 0.00390625 0.01328125
1 0.8015625 0.83046875 0.0046875 0.0125
1 0.81015625 0.83046875 0.003125 0.0125
1 0.83984375 0.83125 0.003125 0.01328125
1 0.80546875 0.83125 0.00390625 0.0125
1 0.81796875 0.83125 0.00390625 0.01171875
1 0.83125 0.83125 0.003125 0.0109375
15 0.95546875 0.83203125 0.0046875 0.01328125
1 0.9609375 0.83203125 0.00546875 0.0140625
15 0.609375 0.8359375 0.00390625 0.01328125
15 0.73984375 0.8390625 0.0109375 0.00703125
15 0.6859375 0.84140625 0.0109375 0.00703125
15 0.13125 0.84375 0.0046875 0.01328125
9 0.91953125 0.846875 0.065625 0.07734375
15 0.73984375 0.84765625 0.01015625 0.0078125
1 0.95625 0.84765625 0.00390625 0.0125
1 0.65703125 0.85078125 0.0046875 0.01328125
15 0.65234375 0.85078125 0.00546875 0.01484375
9 0.075 0.85078125 0.0234375 0.0390625
15 0.63515625 0.8515625 0.01015625 0.00625
1 0.5984375 0.8515625 0.003125 0.01171875
15 0.48828125 0.85234375 0.009375 0.00546875
1 0.478125 0.853125 0.009375 0.00546875
15 0.49921875 0.853125 0.009375 0.00625
15 0.52578125 0.8546875 0.0109375 0.00546875
15 0.53671875 0.8546875 0.009375 0.00546875
15 0.740625 0.85546875 0.01015625 0.00703125
1 0.2921875 0.85625 0.02265625 0.03046875
15 0.63515625 0.85859375 0.009375 0.0046875
15 0.959375 0.08671875 0.01015625 0.00625
1 0.5375 0.8625 0.01015625 0.00546875
1 0.253125 0.08671875 0.0234375 0.03125
15 0.28203125 0.08671875 0.01015625 0.00546875
1 0.18984375 0.08671875 0.02265625 0.03203125
15 0.68671875 0.86484375 0.01015625 0.00703125
15 0.63515625 0.865625 0.009375 0.00703125
1 0.67421875 0.865625 0.01015625 0.00703125
1 0.096875 0.08671875 0.02890625 0.03984375
1 0.26953125 0.0875 0.00859375 0.00625
1 0.03046875 0.86953125 0.01015625 0.0078125
1 0.5375 0.8703125 0.009375 0.00625
15 0.6859375 0.871875 0.01015625 0.00546875
15 0.63515625 0.87265625 0.009375 0.00546875
1 0.67421875 0.87421875 0.01015625 0.00703125
1 0.52578125 0.8765625 0.009375 0.00546875
15 0.5375 0.8765625 0.01015625 0.00546875
15 0.63515625 0.8796875 0.009375 0.00625
15 0.74375 0.8796875 0.00390625 0.01171875
1 0.34921875 0.0875 0.0109375 0.00703125
15 0.33671875 0.08828125 0.0125 0.00625
15 0.9171875 0.08828125 0.01015625 0.00546875
15 0.73828125 0.8796875 0.00546875 0.01171875
1 0.6734375 0.88046875 0.01015625 0.00625
15 0.5375 0.88359375 0.01015625 0.00703125
1 0.52578125 0.88359375 0.009375 0.00546875
15 0.125 0.08828125 0.00390625 0.0125
15 0.9296875 0.0890625 0.0109375 0.00546875
15 0.13046875 0.0890625 0.00546875 0.01328125
9 0.6125 0.88515625 0.03515625 0.04765625
1 0.63515625 0.8859375 0.009375 0.00703125
9 0.83046875 0.8859375 0.0828125 0.08671875
15 0.74375 0.89296875 0.0046875 0.01328125
15 0.63515625 0.89296875 0.0109375 0.00625
15 0.73828125 0.89296875 0.00625 0.01484375
1 0.6640625 0.90625 0.0109375 0.00546875
15 0.9046875 0.91875 0.00390625 0.01328125
15 0.89921875 0.91875 0.0046875 0.01328125
15 0.9234375 0.91875 0.0046875 0.0140625
15 0.5828125 0.9203125 0.009375 0.0046875
1 0.634375 0.92109375 0.00390625 0.0125
1 0.5921875 0.92109375 0.00390625 0.01171875
1 0.63046875 0.92109375 0.00390625 0.0125
1 0.6390625 0.92109375 0.00390625 0.0125
1 0.621875 0.92109375 0.00390625 0.01328125
1 0.6265625 0.92109375 0.003125 0.01328125
1 0.5984375 0.92109375 0.00625 0.01640625
1 0.61796875 0.92109375 0.00390625 0.0109375
1 0.60546875 0.92109375 0.00390625 0.0125
1 0.609375 0.92109375 0.003125 0.01171875
1 0.61328125 0.921875 0.00390625 0.0109375
15 0.95859375 0.09296875 0.009375 0.0046875
15 0.5609375 0.92734375 0.009375 0.00625
1 0.8546875 0.93125 0.009375 0.0046875
1 0.8 0.9328125 0.01015625 0.00703125
15 0.5609375 0.93359375 0.009375 0.00546875
15 0.55078125 0.934375 0.01015625 0.00625
15 0.2828125 0.09375 0.009375 0.00625
1 0.2703125 0.09375 0.0109375 0.00859375
15 0.59140625 0.0953125 0.01171875 0.0078125
1 0.34921875 0.0953125 0.01171875 0.00625
15 0.3359375 0.0953125 0.01171875 0.00703125
1 0.91640625 0.09609375 0.009375 0.00625
15 0.92890625 0.0984375 0.0109375 0.00703125
15 0.959375 0.1 0.01015625 0.00546875
1 0.34921875 0.10234375 0.01015625 0.0046875
15 0.33671875 0.10234375 0.01171875 0.00703125
20 0.94140625 0.103125 0.01328125 0.01640625
15 0.959375 0.10703125 0.0109375 0.00546875
20 0.9171875 0.11015625 0.0109375 0.01328125
20 0.040625 0.11171875 0.0390625 0.03125
20 0.9296875 0.11328125 0.01015625 0.01796875
15 0.959375 0.1140625 0.01015625 0.0046875
1 0.49296875 0.11484375 0.03125 0.04296875
15 0.940625 0.1171875 0.01015625 0.00625
15 0.9171875 0.12265625 0.0109375 0.00625
15 0.2875 0.128125 0.00546875 0.015625
15 0.28125 0.128125 0.00546875 0.0140625
1 0.91796875 0.12890625 0.01015625 0.00625
20 0.9296875 0.1328125 0.0109375 0.01484375
15 0.91796875 0.1359375 0.01015625 0.00546875
15 0.6921875 0.140625 0.00546875 0.015625
1 0.71484375 0.14140625 0.00390625 0.01328125
15 0.6921875 0.14140625 0.0046875 0.01328125
1 0.70859375 0.14140625 0.0046875 0.01484375
15 0.63515625 0.14140625 0.00546875 0.0140625
1 0.9171875 0.14296875 0.01015625 0.00703125
15 0.91796875 0.15078125 0.0109375 0.0078125
4 0.28359375 0.15078125 0.5453125 0.0390625
1 0.7453125 0.15078125 0.00859375 0.00703125
1 0.73125 0.15078125 0.01015625 0.00546875
15 0.896875 0.1515625 0.00390625 0.0140625
15 0.73203125 0.1578125 0.0109375 0.00546875
1 0.74453125 0.16484375 0.009375 0.00625
15 0.73203125 0.16484375 0.0109375 0.00546875
1 0.60234375 0.165625 0.01015625 0.00546875
15 0.74453125 0.17109375 0.009375 0.0046875
15 0.73125 0.171875 0.0109375 0.00703125
1 0.6140625 0.1734375 0.0109375 0.00546875
1 0.74375 0.17890625 0.01015625 0.00703125
15 0.89296875 0.1875 0.00546875 0.01484375
15 0.884375 0.1890625 0.00390625 0.0140625
4 0.28828125 0.18984375 0.55390625 0.04140625
15 0.934375 0.19296875 0.01015625 0.00625
15 0.9453125 0.19375 0.01015625 0.00546875
1 0.6015625 0.19453125 0.00859375 0.00546875
1 0.6015625 0.20078125 0.0109375 0.00546875
9 0.6734375 0.21796875 0.09375 0.1234375
1 0.9875 0.21953125 0.00390625 0.0109375
1 0.56640625 0.22578125 0.015625 0.009375
4 0.28671875 0.234375 0.54921875 0.04921875
1 0.98125 0.23828125 0.02578125 0.028125
1 0.2703125 0.02421875 0.009375 0.00625
15 0.1640625 0.02421875 0.003125 0.01328125
15 0.1796875 0.02421875 0.0046875 0.01484375
15 0.28203125 0.02421875 0.01171875 0.00625
15 0.175 0.02421875 0.00390625 0.01328125
1 0.159375 0.025 0.0046875 0.01328125
15 0.73125 0.246875 0.009375 0.00625
15 0.16953125 0.02578125 0.00546875 0.01328125
15 0.73125 0.25234375 0.0109375 0.0046875
1 0.73125 0.2578125 0.009375 0.00625
1 0.73203125 0.2640625 0.01015625 0.00703125
15 0.40625 0.26796875 0.0046875 0.0125
15 0.4109375 0.26875 0.0046875 0.01328125
15 0.73203125 0.27109375 0.01171875 0.0078125
15 0.38046875 0.27109375 0.00390625 0.01328125
15 0.390625 0.27109375 0.0046875 0.0140625
15 0.3765625 0.271875 0.00390625 0.0125
15 0.3859375 0.27109375 0.00390625 0.01328125
20 0.57578125 0.2734375 0.0125 0.0171875
1 0.5015625 0.2734375 0.0203125 0.02890625
1 0.0640625 0.27421875 0.02890625 0.0390625
1 0.73125 0.27734375 0.009375 0.00546875
15 0.5921875 0.02890625 0.01015625 0.00703125
1 0.63359375 0.284375 0.009375 0.00625
1 0.64609375 0.28359375 0.00859375 0.00625
15 0.3765625 0.28671875 0.00546875 0.0125
15 0.3734375 0.28671875 0.00390625 0.01328125
1 0.5859375 0.28671875 0.0109375 0.00546875
15 0.38046875 0.2875 0.0046875 0.01328125
15 0.38515625 0.2875 0.0046875 0.0140625
15 0.3890625 0.28828125 0.00390625 0.0140625
15 0.70078125 0.290625 0.00546875 0.01328125
15 0.69609375 0.29140625 0.00546875 0.0125
15 0.70546875 0.29140625 0.00390625 0.0125
15 0.7109375 0.29140625 0.00546875 0.0125
15 0.6828125 0.29140625 0.003125 0.0140625
15 0.671875 0.29140625 0.0046875 0.01328125
15 0.68984375 0.29140625 0.00546875 0.015625
15 0.646875 0.2921875 0.0109375 0.0046875
15 0.63359375 0.2921875 0.01015625 0.00546875
15 0.721875 0.2921875 0.00546875 0.0140625
15 0.715625 0.2921875 0.0046875 0.01484375
1 0.67734375 0.2921875 0.0046875 0.0140625
15 0.6671875 0.2921875 0.0046875 0.01484375
1 0.63359375 0.29765625 0.00859375 0.00546875
1 0.49140625 0.2984375 0.00390625 0.0125
1 0.64609375 0.29921875 0.009375 0.0046875
1 0.453125 0.29921875 0.0296875 0.03984375
1 0.046875 0.3046875 0.0171875 0.0234375
1 0.64609375 0.3046875 0.01015625 0.00703125
15 0.3484375 0.03125 0.0109375 0.0078125
15 0.70078125 0.30703125 0.00390625 0.0125
1 0.70546875 0.30703125 0.00390625 0.01484375
1 0.68125 0.30703125 0.0046875 0.01328125
15 0.69609375 0.30703125 0.0046875 0.0140625
15 0.715625 0.3078125 0.00546875 0.01328125
15 0.68984375 0.3078125 0.0046875 0.0140625
15 0.72109375 0.3078125 0.00546875 0.01328125
15 0.71015625 0.3078125 0.00546875 0.01484375
15 0.28203125 0.03125 0.01015625 0.00625
1 0.56796875 0.31171875 0.0296875 0.03828125
1 0.49140625 0.3140625 0.00390625 0.01171875
4 0.490625 0.03203125 0.19375 0.04375
1 0.26953125 0.03203125 0.009375 0.00625
20 0.53046875 0.321875 0.02421875 0.04765625
1 0.715625 0.32265625 0.00390625 0.01328125
1 0.72109375 0.3234375 0.00390625 0.0140625
1 0.70546875 0.3234375 0.00390625 0.01484375
15 0.496875 0.328125 0.01015625 0.00546875
15 0.496875 0.33515625 0.009375 0.00546875
1 0.4796875 0.3359375 0.0078125 0.021875
1 0.69375 0.3359375 0.00546875 0.0140625
1 0.078125 0.03359375 0.00859375 0.02421875
1 0.553125 0.33828125 0.0171875 0.01171875
1 0.496875 0.34921875 0.0109375 0.0046875
20 0.09765625 0.03515625 0.0234375 0.03515625
1 0.69375 0.35234375 0.00390625 0.0140625
15 0.72265625 0.35234375 0.01015625 0.00625
15 0.73984375 0.35390625 0.0109375 0.00546875
15 0.240625 0.0359375 0.00390625 0.0140625
15 0.246875 0.0359375 0.0046875 0.0140625
1 0.2296875 0.0359375 0.0046875 0.0125
1 0.50859375 0.36171875 0.01015625 0.00546875
1 0.225 0.03671875 0.00390625 0.01328125
1 0.23515625 0.03671875 0.00390625 0.0125
15 0.33671875 0.03828125 0.0125 0.0078125
9 0.53828125 0.38203125 0.028125 0.0265625
1 0.25859375 0.0390625 0.01015625 0.00703125
15 0.34921875 0.03828125 0.01171875 0.00703125
1 0.50859375 0.38359375 0.009375 0.0046875
1 0.36015625 0.0390625 0.01015625 0.00625
15 0.2828125 0.0390625 0.0109375 0.00625
1 0.50859375 0.39140625 0.00859375 0.00625
15 0.5421875 0.40546875 0.0046875 0.0140625
1 0.54765625 0.40625 0.00390625 0.0125
1 0.53203125 0.40625 0.003125 0.0140625
15 0.5375 0.40625 0.0046875 0.0125
1 0.06015625 0.040625 0.02109375 0.03046875
9 0.07109375 0.40859375 0.03515625 0.040625
15 0.50859375 0.40859375 0.01015625 0.00546875
1 0.5203125 0.415625 0.009375 0.00546875
15 0.509375 0.41484375 0.0109375 0.00625
1 0.12421875 0.0421875 0.02265625 0.0296875
1 0.50859375 0.421875 0.01015625 0.00625
1 0.5203125 0.421875 0.01015625 0.00703125
1 0.56015625 0.42734375 0.0296875 0.040625
1 0.9078125 0.4359375 0.0109375 0.00625
1 0.5765625 0.440625 0.009375 0.00546875
15 0.50859375 0.44140625 0.00859375 0.00390625
15 0.90859375 0.44296875 0.01015625 0.00625
15 0.50859375 0.44921875 0.01015625 0.00703125
1 0.5203125 0.44921875 0.0109375 0.0078125
15 0.9078125 0.45 0.01015625 0.0046875
1 0.2703125 0.0453125 0.009375 0.00546875
15 0.34921875 0.0453125 0.0109375 0.00703125
1 0.3609375 0.04609375 0.01015625 0.00546875
15 0.2828125 0.04609375 0.01015625 0.00703125
15 0.3078125 0.46796875 0.0046875 0.01328125
15 0.30234375 0.46796875 0.003125 0.01328125
15 0.2921875 0.46796875 0.00546875 0.01328125
15 0.29765625 0.46875 0.0046875 0.0125
1 0.03671875 0.47421875 0.015625 0.02109375
1 0.0609375 0.4796875 0.0375 0.04453125
20 0.559375 0.48046875 0.028125 0.04375
1 0.9078125 0.4875 0.009375 0.00703125
1 0.84140625 0.4890625 0.009375 0.00703125
1 0.03203125 0.496875 0.0171875 0.0203125