9 0.67109375 0.44609375 0.03046875 0.05703125
2 0.1703125 0.59609375 0.03046875 0.04765625
9 0.06796875 0.621875 0.0328125 0.04375
9 0.75 0.4640625 0.03984375 0.05078125
2 0.03515625 0.15546875 0.02578125 0.03515625
2 0.87109375 0.44296875 0.02578125 0.04140625
4 0.80546875 0.46171875 0.04609375 0.15234375
16 0.3421875 0.58125 0.0375 0.02890625
9 0.91328125 0.4546875 0.04453125 0.07578125
2 0.10234375 0.14140625 0.03046875 0.05
2 0.13515625 0.13515625 0.03984375 0.05234375
2 0.8765625 0.48359375 0.03046875 0.0390625
4 0.5515625 0.5859375 0.03828125 0.10390625
9 0.37578125 0.653125 0.02578125 0.0328125
16 0.1796875 0.71640625 0.01484375 0.03828125
16 0.1890625 0.71640625 0.01328125 0.0421875
16 0.1984375 0.71484375 0.0125 0.0421875
2 0.290625 0.70546875 0.05390625 0.03359375
4 0.75703125 0.61796875 0.03671875 0.10234375
2 0.34296875 0.73515625 0.03984375 0.034375
4 0.53828125 0.05078125 0.0734375 0.0515625
2 0.4234375 0.72265625 0.025 0.0375
2 0.2046875 0.79765625 0.1421875 0.15703125
16 0.31015625 0.78125 0.0578125 0.0375
9 0.57578125 0.71796875 0.0765625 0.0578125
2 0.0890625 0.83828125 0.0140625 0.0359375
2 0.10234375 0.8375 0.02109375 0.03203125
2 0.1203125 0.8375 0.0203125 0.03125
2 0.521875 0.74375 0.03125 0.04453125
9 0.97421875 0.65546875 0.02265625 0.0359375
16 0.95078125 0.66171875 0.01796875 0.02890625
2 0.3140625 0.821875 0.05390625 0.05
2 0.9375 0.675 0.025 0.04765625
2 0.2625 0.8484375 0.03046875 0.04609375
2 0.36875 0.825 0.03828125 0.03046875
4 0.48984375 0.81015625 0.08203125 0.0546875
2 0.41328125 0.8296875 0.02265625 0.03515625
16 0.1359375 0.89609375 0.04609375 0.040625
4 0.66015625 0.7703125 0.06484375 0.04921875
2 0.43359375 0.82578125 0.02265625 0.03046875
4 0.57890625 0.7921875 0.0828125 0.05859375
16 0.10234375 0.91796875 0.025 0.06953125
2 0.95 0.71484375 0.03984375 0.05078125
9 0.98203125 0.72421875 0.03125 0.0515625
2 0.39609375 0.88828125 0.03984375 0.03203125
9 0.65546875 0.828125 0.03359375 0.053125
16 0.14296875 0.95234375 0.03515625 0.075
2 0.43203125 0.88359375 0.0328125 0.04765625
9 0.5484375 0.85546875 0.03125 0.0546875
9 0.578125 0.85 0.03046875 0.053125
9 0.9859375 0.7578125 0.0234375 0.0296875
2 0.30625 0.93515625 0.025 0.03515625
2 0.35546875 0.92421875 0.025 0.0546875
2 0.95078125 0.7953125 0.0234375 0.03828125
2 0.49375 0.90859375 0.021875 0.0484375
2 0.97421875 0.79609375 0.02578125 0.04609375
2 0.4765625 0.92109375 0.02265625 0.040625
2 0.62421875 0.9046875 0.03125 0.0328125
2 0.596875 0.06171875 0.021875 0.02890625
2 0.08671875 0.18671875 0.03515625 0.0453125
2 0.1390625 0.1765625 0.03359375 0.04453125
2 0.8515625 0.01875 0.03828125 0.0375
2 0.89140625 0.01640625 0.0390625 0.0328125
2 0.04296875 0.215625 0.02734375 0.04921875
9 0.92421875 0.01484375 0.0359375 0.0296875
2 0.115625 0.20546875 0.02734375 0.04375
16 0.89375 0.0484375 0.0234375 0.021875
2 0.915625 0.05078125 0.02265625 0.03203125
9 0.58203125 0.1359375 0.05625 0.05234375
2 0.69609375 0.11484375 0.0203125 0.0328125
2 0.7234375 0.11171875 0.03359375 0.0484375
2 0.675 0.13515625 0.0234375 0.034375
2 0.896875 0.0984375 0.04140625 0.04921875
2 0.69296875 0.15 0.0203125 0.04140625
2 0.51875 0.2046875 0.02421875 0.04609375
2 0.72265625 0.16015625 0.03515625 0.0515625
2 0.53515625 0.23828125 0.0234375 0.04609375
9 0.615625 0.22109375 0.0796875 0.09765625
9 0.26015625 0.325 0.02734375 0.04140625
16 0.8203125 0.19296875 0.0125 0.03125
2 0.5546875 0.2625 0.0359375 0.05703125
2 0.72265625 0.22890625 0.04296875 0.03125
2 0.8109375 0.21875 0.03046875 0.034375
2 0.77890625 0.24453125 0.03046875 0.046875
2 0.796875 0.24140625 0.02109375 0.03125
2 0.74765625 0.2546875 0.03125 0.03828125
2 0.92578125 0.22421875 0.03671875 0.05
2 0.5234375 0.32265625 0.02265625 0.04921875
2 0.49609375 0.3421875 0.02734375 0.03984375
2 0.54140625 0.3359375 0.021875 0.0484375
2 0.35546875 0.390625 0.0203125 0.02890625
2 0.37890625 0.39140625 0.01640625 0.0265625
4 0.6296875 0.34609375 0.0734375 0.05234375
2 0.05 0.48828125 0.01953125 0.02890625
16 0.2546875 0.4578125 0.0484375 0.03125
2 0.03984375 0.52578125 0.03203125 0.04296875
16 0.88359375 0.33984375 0.025 0.0328125
2 0.3140625 0.49921875 0.02734375 0.0640625