16 0.30234375 0.0390625 0.015625 0.00703125
9 0.7890625 0.546875 0.059375 0.0609375
9 0.853125 0.54765625 0.05703125 0.0578125
2 0.6125 0.54453125 0.00859375 0.0203125
2 0.68046875 0.54609375 0.0078125 0.0171875
16 0.7015625 0.546875 0.00703125 0.01484375
2 0.64375 0.54609375 0.0078125 0.01796875
16 0.66953125 0.546875 0.00859375 0.0171875
2 0.53984375 0.5453125 0.00859375 0.01640625
2 0.52890625 0.54453125 0.00546875 0.015625
16 0.69140625 0.54765625 0.00859375 0.0203125
2 0.60390625 0.546875 0.00703125 0.0171875
2 0.5515625 0.54609375 0.00625 0.01640625
16 0.50703125 0.5453125 0.00546875 0.01796875
2 0.57578125 0.546875 0.00703125 0.0171875
2 0.5859375 0.546875 0.00859375 0.0203125
2 0.4703125 0.54453125 0.00546875 0.015625
16 0.515625 0.54609375 0.00703125 0.01875
2 0.65546875 0.5484375 0.01015625 0.0171875
2 0.48125 0.5453125 0.00859375 0.01875
16 0.52265625 0.54765625 0.00703125 0.01875
16 0.2078125 0.553125 0.00703125 0.0140625
16 0.2234375 0.55390625 0.00625 0.01328125
16 0.2390625 0.55390625 0.00859375 0.01328125
16 0.25546875 0.55390625 0.00859375 0.01484375
16 0.2640625 0.5546875 0.00859375 0.01484375
16 0.21484375 0.55390625 0.00703125 0.0140625
16 0.23125 0.5546875 0.00703125 0.01484375
16 0.09140625 0.55234375 0.01875 0.00703125
16 0.24765625 0.55546875 0.00859375 0.01484375
2 0.09140625 0.5640625 0.01640625 0.00859375
2 0.99296875 0.58125 0.0109375 0.0078125
4 0.584375 0.57578125 0.33671875 0.0421875
16 0.265625 0.5703125 0.00546875 0.01328125
16 0.22890625 0.5703125 0.0046875 0.01328125
16 0.23671875 0.5703125 0.01015625 0.01015625
16 0.259375 0.57109375 0.00546875 0.01171875
16 0.24453125 0.57109375 0.00390625 0.0140625
16 0.22265625 0.5703125 0.00703125 0.01171875
16 0.253125 0.571875 0.00703125 0.0109375
16 0.2484375 0.571875 0.00390625 0.01328125
16 0.209375 0.57109375 0.00625 0.0125
16 0.21640625 0.571875 0.00546875 0.01171875
2 0.090625 0.575 0.0140625 0.00703125
16 0.21328125 0.04375 0.00546875 0.01875
16 0.228125 0.04375 0.00703125 0.0171875
2 0.22109375 0.04453125 0.00703125 0.015625
2 0.24140625 0.04453125 0.00859375 0.015625
16 0.2515625 0.04453125 0.00703125 0.015625
16 0.234375 0.04453125 0.0046875 0.0171875
16 0.14609375 0.6078125 0.0078125 0.0171875
9 0.22265625 0.6109375 0.071875 0.05390625
9 0.0703125 0.6265625 0.05 0.09375
4 0.7203125 0.64296875 0.2703125 0.0484375
2 0.2640625 0.64296875 0.0171875 0.0078125
2 0.55703125 0.6515625 0.00703125 0.015625
16 0.54375 0.65234375 0.00703125 0.01640625
2 0.54921875 0.65234375 0.00546875 0.01640625
16 0.10625 0.6546875 0.01328125 0.00546875
16 0.19140625 0.65625 0.0046875 0.01328125
16 0.22734375 0.65703125 0.0046875 0.015625
16 0.51328125 0.6625 0.00546875 0.015625
2 0.5203125 0.6625 0.00703125 0.015625
16 0.2421875 0.6578125 0.00546875 0.01328125
16 0.221875 0.6578125 0.00625 0.01484375
16 0.5265625 0.66328125 0.0046875 0.01484375
16 0.196875 0.65703125 0.00546875 0.01484375
16 0.209375 0.6578125 0.00546875 0.01484375
16 0.215625 0.6578125 0.00546875 0.0140625
16 0.2359375 0.6578125 0.00546875 0.01328125
2 0.53359375 0.6640625 0.00625 0.01640625
16 0.2609375 0.659375 0.00625 0.01328125
16 0.2484375 0.65859375 0.00546875 0.015625
16 0.25390625 0.65859375 0.0046875 0.01328125
16 0.20234375 0.65859375 0.00546875 0.01328125
16 0.52265625 0.67734375 0.00625 0.01640625
16 0.2125 0.6734375 0.00546875 0.01484375
16 0.22734375 0.6734375 0.00703125 0.0140625
16 0.2546875 0.67421875 0.00546875 0.015625
16 0.1796875 0.6734375 0.00703125 0.0140625
16 0.24140625 0.67421875 0.00625 0.01171875
16 0.203125 0.67421875 0.0078125 0.01484375
16 0.26171875 0.675 0.0078125 0.01484375
16 0.1953125 0.67421875 0.00546875 0.0171875
16 0.2359375 0.675 0.00546875 0.0140625
16 0.2484375 0.675 0.00703125 0.01328125
16 0.1875 0.6734375 0.00703125 0.01640625
16 0.21953125 0.67421875 0.00859375 0.015625
4 0.72109375 0.69140625 0.26171875 0.05390625
2 0.9890625 0.69609375 0.01640625 0.009375
16 0.578125 0.69765625 0.0171875 0.0078125
2 0.54609375 0.69765625 0.0125 0.00703125
2 0.559375 0.6984375 0.0125 0.00625
9 0.4109375 0.70234375 0.16640625 0.16953125
2 0.9640625 0.721875 0.0140625 0.0078125
4 0.92890625 0.72109375 0.0546875 0.246875
16 0.98046875 0.72265625 0.0140625 0.00703125
2 0.0828125 0.709375 0.00859375 0.015625
16 0.625 0.7203125 0.0140625 0.0046875
16 0.96484375 0.73046875 0.0140625 0.00546875
2 0.98125 0.73125 0.015625 0.00703125
16 0.6234375 0.7265625 0.01328125 0.00625
2 0.31640625 0.7265625 0.01328125 0.00625
2 0.0765625 0.0546875 0.02734375 0.0328125
2 0.6234375 0.7359375 0.01640625 0.0078125
4 0.734375 0.740625 0.20390625 0.0453125
4 0.875 0.74296875 0.05 0.19453125
16 0.60234375 0.7421875 0.0078125 0.0171875
2 0.6109375 0.74140625 0.00546875 0.01484375
2 0.59453125 0.7421875 0.00703125 0.01640625
2 0.51015625 0.74140625 0.0140625 0.00859375
16 0.76171875 0.06796875 0.00703125 0.01484375
2 0.14765625 0.73671875 0.0078125 0.015625
2 0.03671875 0.05546875 0.025 0.02890625
16 0.7734375 0.06953125 0.00546875 0.01484375
16 0.7875 0.06953125 0.0046875 0.01484375
2 0.5984375 0.75546875 0.015625 0.0078125
16 0.8 0.07109375 0.00546875 0.0171875
16 0.8125 0.071875 0.00703125 0.01796875
2 0.04609375 0.7625 0.0140625 0.00859375
2 0.14765625 0.7671875 0.0078125 0.01484375
2 0.31484375 0.78125 0.0171875 0.009375
9 0.09609375 0.778125 0.0828125 0.1171875
4 0.725 0.80234375 0.2296875 0.06171875
9 0.56875 0.0703125 0.04375 0.03828125
2 0.04609375 0.79375 0.015625 0.0078125
2 0.49453125 0.80546875 0.01640625 0.009375
16 0.40703125 0.80703125 0.00625 0.01875
2 0.6796875 0.075 0.01015625 0.01328125
16 0.7421875 0.0765625 0.00546875 0.01875
2 0.64453125 0.075 0.0078125 0.0171875
2 0.65625 0.07578125 0.00703125 0.01640625
2 0.05 0.82890625 0.00703125 0.01640625
2 0.6671875 0.07578125 0.00859375 0.01484375
16 0.71171875 0.0765625 0.00703125 0.01484375
16 0.72421875 0.07734375 0.00703125 0.01875
2 0.690625 0.0765625 0.00703125 0.01484375
16 0.50625 0.0734375 0.00625 0.01484375
16 0.60859375 0.07578125 0.00703125 0.0171875
2 0.62578125 0.0765625 0.00546875 0.0171875
16 0.61875 0.07578125 0.00703125 0.01875
16 0.41640625 0.071875 0.00703125 0.01875
16 0.33984375 0.07109375 0.00703125 0.01640625
16 0.40625 0.07265625 0.00859375 0.015625
16 0.440625 0.07265625 0.00703125 0.015625
16 0.4578125 0.0734375 0.00546875 0.015625
16 0.47578125 0.07421875 0.00703125 0.01484375
16 0.49375 0.07421875 0.00859375 0.01484375
2 0.1296875 0.84609375 0.0140625 0.0078125
16 0.51796875 0.075 0.00703125 0.01484375
16 0.53046875 0.075 0.00859375 0.01484375
16 0.42421875 0.07265625 0.00703125 0.01484375
16 0.446875 0.0734375 0.00625 0.0171875
16 0.43203125 0.0734375 0.00859375 0.015625
16 0.3921875 0.07265625 0.00703125 0.0171875
16 0.48515625 0.075 0.0078125 0.015625
2 0.07890625 0.8515625 0.00703125 0.0171875
16 0.08828125 0.8515625 0.00546875 0.01484375
16 0.09375 0.8515625 0.0046875 0.01328125
16 0.0703125 0.8515625 0.00703125 0.01484375
16 0.11484375 0.85234375 0.00703125 0.01640625
16 0.0625 0.8515625 0.00546875 0.01640625
16 0.05625 0.8515625 0.00703125 0.01484375
16 0.1015625 0.85390625 0.0078125 0.015625
16 0.34609375 0.071875 0.00546875 0.01640625
2 0.02265625 0.853125 0.02578125 0.02734375
9 0.8984375 0.8734375 0.0578125 0.05703125
16 0.3703125 0.0734375 0.00703125 0.01875
4 0.53828125 0.8796875 0.63359375 0.053125
16 0.93359375 0.890625 0.0078125 0.0171875
2 0.940625 0.890625 0.00703125 0.0171875
16 0.9203125 0.08515625 0.0078125 0.015625
4 0.97109375 0.896875 0.04453125 0.08984375
16 0.78671875 0.084375 0.00546875 0.01484375
16 0.77421875 0.084375 0.00390625 0.01328125
16 0.7625 0.084375 0.00625 0.01171875
16 0.8953125 0.08671875 0.00546875 0.0171875
16 0.79921875 0.0859375 0.00390625 0.01171875
16 0.81171875 0.0859375 0.0046875 0.01171875
2 0.0328125 0.90859375 0.03515625 0.03984375
4 0.540625 0.92265625 0.6421875 0.05546875
2 0.1546875 0.91640625 0.03984375 0.0453125
9 0.9328125 0.9328125 0.00703125 0.0171875
16 0.94140625 0.934375 0.0078125 0.015625
9 0.89609375 0.9421875 0.059375 0.059375
2 0.0453125 0.0765625 0.0078125 0.015625
16 0.20234375 0.95546875 0.00546875 0.01484375
16 0.84140625 0.96953125 0.0140625 0.00703125
16 0.18828125 0.96484375 0.00390625 0.01484375
16 0.83984375 0.978125 0.0140625 0.0078125
2 0.18125 0.965625 0.0078125 0.01484375
2 0.19453125 0.96640625 0.0078125 0.01640625
4 0.48046875 0.971875 0.52421875 0.04921875
2 0.2640625 0.08203125 0.00625 0.01484375
16 0.80703125 0.9828125 0.00546875 0.0140625
16 0.8125 0.9828125 0.00546875 0.0140625
16 0.90078125 0.98515625 0.00703125 0.01328125
16 0.79921875 0.9828125 0.00703125 0.0171875
16 0.82734375 0.984375 0.00703125 0.015625
16 0.8203125 0.98359375 0.00703125 0.01484375
2 0.9109375 0.9859375 0.00703125 0.015625
16 0.87421875 0.9859375 0.00703125 0.01484375
2 0.89296875 0.9859375 0.00625 0.01484375
2 0.17578125 0.9828125 0.03984375 0.021875
2 0.065625 0.1015625 0.0421875 0.0421875
16 0.2390625 0.10703125 0.00859375 0.015625
16 0.2625 0.10703125 0.00703125 0.015625
16 0.27109375 0.10703125 0.00703125 0.01484375
16 0.278125 0.10703125 0.00703125 0.01796875
16 0.25 0.10703125 0.00703125 0.01484375
16 0.228125 0.10703125 0.00625 0.01484375
2 0.2140625 0.1078125 0.00546875 0.01875
4 0.62890625 0.11640625 0.63046875 0.0546875
16 0.22109375 0.109375 0.0078125 0.01875
2 0.21796875 0.12890625 0.03359375 0.0421875
2 0.1734375 0.12890625 0.0328125 0.03671875
9 0.98203125 0.14921875 0.03515625 0.06328125
9 0.2734375 0.15546875 0.04375 0.0421875
2 0.3015625 0.16484375 0.00703125 0.01640625
2 0.08203125 0.16640625 0.04296875 0.04375
2 0.16640625 0.16875 0.03515625 0.04765625
2 0.20859375 0.171875 0.03984375 0.04375
4 0.671875 0.18515625 0.39375 0.05625
16 0.05 0.17421875 0.00625 0.0171875
16 0.03828125 0.17421875 0.00546875 0.01484375
16 0.25234375 0.18515625 0.00625 0.01484375
16 0.24375 0.18515625 0.00625 0.01484375
2 0.28671875 0.19765625 0.00859375 0.01875
16 0.30390625 0.19765625 0.0078125 0.01875
16 0.29609375 0.1984375 0.00625 0.0203125
16 0.109375 0.20859375 0.00703125 0.015625
16 0.1171875 0.2109375 0.00703125 0.0171875
16 0.34453125 0.21953125 0.00859375 0.01328125
16 0.35234375 0.21953125 0.00859375 0.015625
16 0.36953125 0.2203125 0.0078125 0.015625
16 0.36015625 0.2203125 0.00546875 0.01484375
16 0.7484375 0.22890625 0.0078125 0.01640625
16 0.815625 0.23046875 0.00703125 0.01875
16 0.82578125 0.23125 0.01015625 0.02109375
16 0.3609375 0.234375 0.00703125 0.0140625
16 0.36796875 0.23515625 0.00859375 0.0140625
16 0.38046875 0.23671875 0.00625 0.0171875
16 0.3453125 0.23671875 0.0078125 0.01484375
16 0.35234375 0.23671875 0.0078125 0.0140625
16 0.38671875 0.2375 0.00859375 0.01484375
16 0.225 0.00859375 0.01484375 0.0078125
16 0.7484375 0.24921875 0.0078125 0.01484375
9 0.909375 0.2609375 0.08359375 0.20390625
9 0.9796875 0.2640625 0.0390625 0.06328125
16 0.4328125 0.26171875 0.00859375 0.01953125
2 0.3296875 0.27109375 0.00703125 0.0171875
2 0.31484375 0.275 0.00546875 0.01171875
4 0.67265625 0.28515625 0.3890625 0.05234375
2 0.44765625 0.2828125 0.01484375 0.0078125
16 0.46875 0.284375 0.015625 0.0078125
4 0.62734375 0.02421875 0.6359375 0.0484375
16 0.46953125 0.2921875 0.0171875 0.00703125
16 0.46953125 0.30078125 0.015625 0.00625
16 0.30234375 0.015625 0.01484375 0.0078125
16 0.47109375 0.30625 0.01875 0.00390625
4 0.16015625 0.0140625 0.11640625 0.02734375
16 0.46875 0.31171875 0.015625 0.0078125
16 0.50546875 0.315625 0.01953125 0.01015625
16 0.46875 0.3203125 0.0140625 0.00703125
16 0.828125 0.32734375 0.00703125 0.01484375
16 0.50546875 0.3234375 0.015625 0.00625
16 0.48515625 0.32734375 0.0203125 0.00703125
2 0.10078125 0.3234375 0.0046875 0.0140625
2 0.07578125 0.32265625 0.00625 0.0140625
2 0.1796875 0.325 0.00625 0.01328125
2 0.1109375 0.32421875 0.00546875 0.01328125
2 0.08828125 0.3234375 0.00703125 0.0171875
2 0.15234375 0.325 0.00703125 0.01171875
2 0.1296875 0.325 0.00546875 0.01328125
2 0.16328125 0.32578125 0.00703125 0.01328125
2 0.1390625 0.325 0.00703125 0.01328125
16 0.06796875 0.32421875 0.00703125 0.0125
2 0.1921875 0.33203125 0.01328125 0.0078125
16 0.484375 0.3375 0.01875 0.0078125
16 0.74609375 0.34375 0.0078125 0.01640625
2 0.828125 0.34609375 0.00859375 0.01640625
16 0.096875 0.01484375 0.00625 0.0171875
2 0.090625 0.015625 0.00703125 0.015625
2 0.19140625 0.3421875 0.01484375 0.0078125
2 0.07109375 0.34765625 0.0140625 0.00625
2 0.459375 0.35859375 0.00703125 0.01796875
2 0.07265625 0.3578125 0.015625 0.0078125
2 0.9703125 0.37890625 0.00703125 0.01484375
9 0.375 0.36953125 0.15625 0.1671875
2 0.19296875 0.3671875 0.0125 0.00546875
4 0.66953125 0.384375 0.38515625 0.0453125
16 0.19140625 0.3765625 0.0125 0.00703125
2 0.07109375 0.3765625 0.0140625 0.00703125
2 0.190625 0.38671875 0.0140625 0.00703125
9 0.059375 0.0203125 0.04765625 0.040625
2 0.071875 0.3890625 0.01484375 0.00859375
16 0.45859375 0.40078125 0.00703125 0.0171875
2 0.07109375 0.40234375 0.01484375 0.00625
2 0.1921875 0.4046875 0.0125 0.00625
2 0.19140625 0.41484375 0.0125 0.00703125
2 0.07265625 0.41484375 0.01484375 0.0078125
16 0.8078125 0.43359375 0.00703125 0.01640625
2 0.1921875 0.42578125 0.0109375 0.00546875
16 0.30234375 0.02890625 0.015625 0.0078125
9 0.93984375 0.4421875 0.11953125 0.11015625
16 0.06953125 0.42734375 0.0140625 0.00703125
16 0.74453125 0.44140625 0.00703125 0.01484375
2 0.190625 0.43828125 0.0140625 0.00625
2 0.071875 0.4375 0.015625 0.00703125
2 0.17265625 0.446875 0.00625 0.01484375
2 0.15 0.446875 0.00546875 0.0140625
2 0.11796875 0.446875 0.00703125 0.015625
2 0.19140625 0.44765625 0.0125 0.00546875
2 0.1609375 0.44765625 0.00546875 0.01328125
2 0.140625 0.44765625 0.0046875 0.0140625
2 0.08984375 0.446875 0.00703125 0.01484375
2 0.13046875 0.44765625 0.00546875 0.01640625
2 0.10390625 0.44765625 0.0046875 0.0140625
16 0.0703125 0.44921875 0.015625 0.00703125
2 0.41015625 0.46171875 0.00703125 0.0171875
2 0.38515625 0.46640625 0.0078125 0.0171875
4 0.66875 0.47734375 0.39375 0.046875