16 0.34921875 0.0140625 0.00625 0.028125
2 0.59609375 0.2515625 0.00625 0.0625
16 0.590625 0.2515625 0.00625 0.06796875
2 0.64453125 0.3078125 0.0078125 0.0453125
16 0.58515625 0.2484375 0.00625 0.0625
9 0.29609375 0.028125 0.02734375 0.05625
16 0.65 0.31796875 0.00546875 0.0421875
16 0.6390625 0.30625 0.00625 0.0421875
16 0.31640625 0.00703125 0.00703125 0.0140625
16 0.33125 0.0171875 0.0046875 0.03359375
16 0.8671875 0.53984375 0.00859375 0.0734375
2 0.6296875 0.3109375 0.00625 0.05078125
2 0.55234375 0.2375 0.00625 0.0625
16 0.5578125 0.24140625 0.00703125 0.06484375
2 0.6625 0.35 0.00625 0.0625
2 0.8609375 0.56328125 0.00703125 0.06484375
2 0.803125 0.50703125 0.00625 0.06484375
20 0.56796875 0.27421875 0.0140625 0.07890625
2 0.59609375 0.30546875 0.00625 0.0453125
2 0.64375 0.3546875 0.0078125 0.04765625
2 0.6328125 0.34453125 0.00546875 0.0453125
2 0.6375 0.35 0.0046875 0.0453125
2 0.590625 0.30234375 0.0046875 0.0453125
16 0.31953125 0.03984375 0.0046875 0.0453125
2 0.31015625 0.03359375 0.00625 0.05078125
2 0.584375 0.3078125 0.00390625 0.03984375
9 0.6140625 0.3359375 0.02578125 0.15234375
16 0.328125 0.05625 0.0046875 0.0453125
2 0.79765625 0.52109375 0.0078125 0.059375
2 0.5796875 0.309375 0.00390625 0.0421875
16 0.57578125 0.3125 0.0046875 0.0421875
16 0.2734375 0.02109375 0.0046875 0.0421875
2 0.2765625 0.0265625 0.00625 0.053125
16 0.79140625 0.53828125 0.00625 0.05390625
16 0.346875 0.103125 0.00625 0.05390625
16 0.659375 0.409375 0.00625 0.05078125
16 0.64765625 0.40234375 0.0046875 0.0421875
16 0.6515625 0.409375 0.0046875 0.03984375
16 0.64296875 0.4 0.00625 0.0421875
16 0.84921875 0.60625 0.0046875 0.04765625
2 0.42890625 0.19609375 0.00703125 0.06484375
2 0.421875 0.1875 0.00859375 0.0703125
16 0.71484375 0.47578125 0.00703125 0.05390625
16 0.9328125 0.690625 0.00625 0.04765625
2 0.6375 0.4 0.00625 0.04765625
2 0.6 0.3703125 0.00625 0.05625
2 0.5953125 0.365625 0.00625 0.04765625
20 0.33359375 0.11015625 0.01171875 0.084375
20 0.26015625 0.04375 0.0140625 0.0875
16 0.29140625 0.06953125 0.0046875 0.05390625
16 0.7796875 0.54765625 0.00625 0.05625
20 0.321875 0.103125 0.0125 0.08203125
2 0.57734375 0.3515625 0.00390625 0.03671875
16 0.28671875 0.06796875 0.0046875 0.05625
16 0.29609375 0.07734375 0.0046875 0.059375
16 0.58125 0.35625 0.0046875 0.03984375
2 0.28203125 0.0625 0.00625 0.05078125
16 0.225 0.02109375 0.00625 0.0421875
20 0.54453125 0.32734375 0.01328125 0.07890625
16 0.246875 0.03515625 0.0078125 0.0703125
2 0.3125 0.09921875 0.00625 0.05625
2 0.23203125 0.0296875 0.00859375 0.059375
2 0.3078125 0.09453125 0.00546875 0.06484375
16 0.23984375 0.0328125 0.0078125 0.06484375
16 0.55390625 0.3390625 0.0078125 0.07890625
2 0.21796875 0.028125 0.01015625 0.05625
16 0.953125 0.7328125 0.0078125 0.06484375
16 0.92265625 0.709375 0.00625 0.05078125
16 0.85625 0.6453125 0.0078125 0.0703125
16 0.72265625 0.5171875 0.00625 0.0625
16 0.928125 0.7171875 0.0046875 0.0453125
20 0.565625 0.3640625 0.01171875 0.084375
16 0.209375 0.02265625 0.00625 0.0453125
16 0.19375 0.01953125 0.00625 0.0390625
2 0.17421875 0.0125 0.0109375 0.025
2 0.1875 0.01875 0.0109375 0.03671875
2 0.65625 0.46640625 0.00546875 0.05078125
16 0.18046875 0.0140625 0.00625 0.028125
2 0.2015625 0.0296875 0.01015625 0.059375
2 0.6484375 0.45625 0.009375 0.059375
16 0.7953125 0.6015625 0.0078125 0.07890625
2 0.640625 0.44921875 0.0078125 0.05078125
2 0.159375 0.00859375 0.01015625 0.0171875
16 0.67421875 0.484375 0.0109375 0.09921875
16 0.84765625 0.65546875 0.00546875 0.05625
16 0.7140625 0.5265625 0.00625 0.05390625
20 0.58828125 0.40234375 0.0109375 0.08203125
16 0.7890625 0.6 0.0046875 0.05390625
16 0.57578125 0.39140625 0.00390625 0.0421875
16 0.58046875 0.3953125 0.0046875 0.03984375
2 0.62734375 0.4546875 0.0046875 0.05625
16 0.60390625 0.43203125 0.00625 0.05078125
16 0.63359375 0.46328125 0.00546875 0.05625
2 0.60859375 0.440625 0.00625 0.05625
20 0.6203125 0.4578125 0.0109375 0.084375
2 0.95078125 0.80234375 0.00625 0.0625
2 0.68046875 0.53671875 0.0078125 0.05625
2 0.94453125 0.80625 0.00703125 0.0703125
20 0.26171875 0.146875 0.0125 0.0734375
16 0.2515625 0.13984375 0.009375 0.0703125
16 0.271875 0.1609375 0.0078125 0.06796875
2 0.93515625 0.83046875 0.01015625 0.084375
2 0.52421875 0.4375 0.0109375 0.084375
2 0.0453125 0.0140625 0.0109375 0.028125
2 0.45234375 0.3828125 0.0109375 0.09921875
20 0.0140625 0.01015625 0.0125 0.01953125
20 0.0265625 0.01875 0.0140625 0.03671875
20 0.22890625 0.21171875 0.0125 0.07890625
16 0.2375 0.221875 0.00625 0.05390625
20 0.94375 0.9296875 0.0125 0.07890625
16 0.92734375 0.91796875 0.0046875 0.0453125
2 0.93203125 0.9265625 0.0046875 0.05078125
16 0.02734375 0.05546875 0.00546875 0.05390625
2 0.21171875 0.23984375 0.0078125 0.0625
2 0.01171875 0.0421875 0.00625 0.05078125
16 0.021875 0.05234375 0.00703125 0.05390625
20 0.47421875 0.50703125 0.01328125 0.08203125
20 0.49453125 0.528125 0.0125 0.084375
2 0.75 0.78125 0.00625 0.05390625
20 0.721875 0.75390625 0.0109375 0.0625
2 0.71328125 0.74609375 0.00625 0.0625
16 0.5140625 0.55078125 0.009375 0.0734375
16 0.7546875 0.78828125 0.00703125 0.0625
20 0.7328125 0.76875 0.0125 0.0734375
2 0.5046875 0.54375 0.00625 0.05390625
2 0.465625 0.51015625 0.00625 0.05390625
16 0.70078125 0.74453125 0.00703125 0.06484375
20 0.23203125 0.28515625 0.0109375 0.07890625
20 0.22109375 0.2765625 0.0125 0.07890625
16 0.46015625 0.5171875 0.00625 0.05625
20 0.7203125 0.82890625 0.0109375 0.08203125
20 0.70859375 0.81640625 0.0140625 0.090625
2 0.22890625 0.36015625 0.00546875 0.05390625
16 0.22265625 0.36015625 0.00625 0.059375
2 0.64609375 0.26015625 0.0078125 0.0453125
2 0.6015625 0.2234375 0.0046875 0.05078125
16 0.61796875 0.23984375 0.00625 0.0625
2 0.60625 0.22890625 0.0046875 0.05078125
16 0.6515625 0.27578125 0.00546875 0.04765625
16 0.61171875 0.2375 0.00703125 0.0625
2 0.65703125 0.2828125 0.00546875 0.05078125
16 0.5640625 0.190625 0.009375 0.06484375
2 0.63984375 0.2671875 0.00546875 0.0421875
2 0.6328125 0.2625 0.0078125 0.05078125
4 0.39921875 0.08203125 0.09453125 0.1640625