9 0.69765625 0.50390625 0.0328125 0.0625
2 0.1515625 0.38828125 0.0328125 0.0515625
9 0.04140625 0.36015625 0.0359375 0.04765625
9 0.775 0.56484375 0.04296875 0.05546875
2 0.90234375 0.60859375 0.028125 0.0453125
4 0.83203125 0.5921875 0.0515625 0.16484375
16 0.33125 0.46640625 0.04140625 0.03203125
9 0.94296875 0.6421875 0.04921875 0.0828125
2 0.89921875 0.65234375 0.03359375 0.04296875
4 0.54453125 0.58359375 0.04296875 0.11328125
9 0.34921875 0.55703125 0.028125 0.03671875
16 0.134375 0.51640625 0.01640625 0.04140625
16 0.14375 0.521875 0.01484375 0.0453125
16 0.15390625 0.525 0.0140625 0.0453125
2 0.24921875 0.5640625 0.05859375 0.03828125
4 0.74609375 0.7265625 0.040625 0.1109375
2 0.29609375 0.62265625 0.04296875 0.0390625
4 0.6515625 0.040625 0.07734375 0.034375
2 0.38125 0.6546875 0.02734375 0.04140625
2 0.13984375 0.61328125 0.1546875 0.1734375
16 0.25234375 0.653125 0.0625 0.0421875
9 0.53828125 0.73125 0.0828125 0.06484375
2 0.98515625 0.1296875 0.025 0.01953125
2 0.0140625 0.59296875 0.01484375 0.0390625
2 0.02734375 0.59921875 0.02265625 0.0359375
2 0.04609375 0.609375 0.02265625 0.034375
2 0.47734375 0.728125 0.034375 0.04921875
9 0.95625 0.88046875 0.01796875 0.03828125
16 0.93359375 0.875 0.01953125 0.03203125
2 0.246875 0.6953125 0.0578125 0.05546875
2 0.91796875 0.88125 0.02734375 0.0515625
2 0.18828125 0.69609375 0.0328125 0.05
2 0.30234375 0.7296875 0.04140625 0.03359375
4 0.4296875 0.778125 0.08828125 0.06171875
2 0.346875 0.7578125 0.025 0.03828125
16 0.04765625 0.6765625 0.05 0.0453125
4 0.6125 0.8296875 0.06953125 0.0546875
2 0.36796875 0.76484375 0.02421875 0.03359375
4 0.52421875 0.80859375 0.08984375 0.06484375
16 0.0109375 0.68046875 0.021875 0.0765625
2 0.92109375 0.928125 0.04296875 0.05546875
9 0.94609375 0.9546875 0.02265625 0.05390625
2 0.31484375 0.80859375 0.04296875 0.0359375
9 0.59375 0.8859375 0.03671875 0.05859375
16 0.0421875 0.73828125 0.0390625 0.08203125
2 0.353125 0.82265625 0.0359375 0.0515625
9 0.478125 0.8578125 0.034375 0.06015625
9 0.51015625 0.86640625 0.0328125 0.05859375
9 0.94296875 0.98671875 0.01796875 0.02421875
2 0.2125 0.8078125 0.0265625 0.0390625
2 0.26484375 0.8234375 0.02734375 0.06015625
2 0.903125 0.99453125 0.02578125 0.00859375
2 0.4109375 0.88203125 0.02421875 0.05234375
2 0.38984375 0.88515625 0.025 0.04453125
2 0.54453125 0.9484375 0.034375 0.03671875
2 0.71015625 0.07109375 0.02421875 0.03125
2 0.9796875 0.159375 0.0390625 0.0515625
9 0.678125 0.1390625 0.0609375 0.0578125
2 0.8 0.178125 0.021875 0.0359375
2 0.828125 0.18984375 0.03671875 0.053125
2 0.7734375 0.18828125 0.02578125 0.03828125
2 0.99296875 0.26875 0.01328125 0.0546875
2 0.7890625 0.21328125 0.02265625 0.04453125
2 0.59765625 0.175 0.0265625 0.05
2 0.81640625 0.23984375 0.0390625 0.05625
2 0.60625 0.21875 0.02578125 0.05078125
9 0.69296875 0.24453125 0.08671875 0.1078125
9 0.30625 0.159375 0.0296875 0.0453125
16 0.90859375 0.325 0.0140625 0.03515625
2 0.62109375 0.2546875 0.0390625 0.0625
2 0.80078125 0.31015625 0.04609375 0.03515625
2 0.89375 0.346875 0.0328125 0.03828125
2 0.85390625 0.35625 0.0328125 0.05078125
2 0.8734375 0.3625 0.0234375 0.034375
2 0.8203125 0.35 0.034375 0.0421875
2 0.99375 0.41328125 0.0109375 0.053125
2 0.57578125 0.29765625 0.025 0.05390625
2 0.54296875 0.3046875 0.0296875 0.04375
2 0.590625 0.32265625 0.02421875 0.05234375
2 0.3890625 0.278125 0.021875 0.03203125
2 0.41171875 0.29140625 0.01796875 0.0296875
4 0.67890625 0.3796875 0.07890625 0.0578125
2 0.0546875 0.21328125 0.02109375 0.03203125
16 0.2703125 0.29140625 0.05234375 0.034375
2 0.03671875 0.246875 0.03359375 0.04765625
16 0.93984375 0.51015625 0.02734375 0.0359375
2 0.32109375 0.36640625 0.0296875 0.06953125