2 0.86640625 0.81328125 0.10859375 0.1171875
16 0.32734375 0.63359375 0.0140625 0.04296875
16 0.33828125 0.6390625 0.0171875 0.04453125
16 0.3140625 0.63125 0.01640625 0.04296875
16 0.30078125 0.63046875 0.015625 0.05234375
16 0.646875 0.76484375 0.0125 0.04296875
16 0.6203125 0.75546875 0.0109375 0.03046875
16 0.6328125 0.7625 0.0109375 0.0375
16 0.60703125 0.753125 0.0140625 0.03671875
2 0.1890625 0.6109375 0.090625 0.12265625
2 0.50625 0.7359375 0.0984375 0.1328125
16 0.76953125 0.859375 0.0125 0.01875
2 0.86796875 0.90859375 0.059375 0.11015625
2 0.6578125 0.8359375 0.01484375 0.03359375
2 0.71328125 0.85859375 0.01640625 0.03046875
9 0.76015625 0.896875 0.02578125 0.05546875
2 0.74765625 0.9296875 0.0078125 0.02421875
2 0.71171875 0.91796875 0.03984375 0.078125
2 0.65625 0.89765625 0.0375 0.07109375
16 0.62734375 0.89296875 0.028125 0.11796875
2 0.7359375 0.93515625 0.01953125 0.04609375
2 0.8640625 0.97578125 0.02265625 0.04609375
16 0.6 0.8953125 0.04296875 0.140625
16 0.84609375 0.98046875 0.0171875 0.03671875
2 0.27265625 0.7796875 0.10390625 0.21953125
2 0.521875 0.88515625 0.11328125 0.22578125
2 0.39296875 0.83984375 0.115625 0.23828125
16 0.75078125 0.9953125 0.0109375 0.0078125
22 0.190625 0.7921875 0.00078125 0.00078125
16 0.7234375 0.996875 0.01484375 0.0046875
4 0.146875 0.81875 0.1140625 0.10078125
2 0.93359375 0.33828125 0.03671875 0.08203125
2 0.5109375 0.215625 0.02109375 0.07265625
2 0.52734375 0.22265625 0.02421875 0.07265625
2 0.25703125 0.13359375 0.04921875 0.16328125
2 0.21953125 0.1265625 0.05234375 0.16015625
2 0.18203125 0.11171875 0.03828125 0.08203125
2 0.296875 0.1578125 0.05703125 0.16796875
2 0.60234375 0.27890625 0.05 0.16953125
2 0.64140625 0.29375 0.04921875 0.1703125
2 0.5640625 0.26640625 0.053125 0.16953125
2 0.3265625 0.22421875 0.01953125 0.040625
2 0.665625 0.35703125 0.01640625 0.040625
16 0.8125 0.4609375 0.01484375 0.01640625
2 0.46328125 0.33203125 0.0171875 0.0328125
16 0.83671875 0.4875 0.009375 0.0328125
16 0.81484375 0.48515625 0.01015625 0.02734375
16 0.88125 0.5203125 0.065625 0.0640625
2 0.8 0.51328125 0.01953125 0.0265625
2 0.75703125 0.50859375 0.0203125 0.02890625
16 0.88046875 0.55859375 0.06640625 0.06171875
9 0.80078125 0.55078125 0.02421875 0.05
16 0.87734375 0.5921875 0.06640625 0.05546875
16 0.778125 0.571875 0.00703125 0.0234375
2 0.7953125 0.5875 0.021875 0.03125
16 0.87265625 0.62265625 0.06484375 0.05703125
16 0.79921875 0.6109375 0.015625 0.0203125
16 0.7875 0.6125 0.0078125 0.02578125
16 0.86875 0.65859375 0.0640625 0.0609375
2 0.87421875 0.73046875 0.109375 0.12265625