1 0.7203125 0.12890625 0.00703125 0.02890625
1 0.73515625 0.13046875 0.00625 0.03515625
15 0.90546875 0.13359375 0.0078125 0.03203125
1 0.8984375 0.134375 0.00625 0.03125
15 0.26640625 0.134375 0.00703125 0.03125
1 0.8265625 0.1359375 0.0078125 0.02578125
1 0.88828125 0.1359375 0.0078125 0.02890625
1 0.8203125 0.1359375 0.0078125 0.0265625
15 0.28984375 0.13671875 0.0078125 0.0296875
15 0.68046875 0.1359375 0.0078125 0.03203125
1 0.8609375 0.13671875 0.00703125 0.02734375
1 0.86796875 0.13671875 0.00703125 0.03046875
1 0.88203125 0.13671875 0.00703125 0.03046875
1 0.8546875 0.1359375 0.00703125 0.0265625
15 0.6734375 0.1375 0.00625 0.03203125
1 0.875 0.1375 0.00625 0.0296875
1 0.77890625 0.1375 0.00703125 0.02734375
1 0.78515625 0.1375 0.00703125 0.02890625
1 0.79921875 0.13828125 0.00703125 0.02578125
1 0.834375 0.1375 0.00703125 0.02890625
1 0.84765625 0.1375 0.00703125 0.02734375
1 0.80625 0.13828125 0.00703125 0.028125
1 0.81328125 0.13828125 0.00625 0.028125
1 0.840625 0.13828125 0.00625 0.028125
1 0.79296875 0.1390625 0.00625 0.02734375
1 0.75859375 0.1390625 0.00625 0.0328125
1 0.765625 0.1390625 0.00703125 0.0328125
1 0.77265625 0.1390625 0.00546875 0.03203125
1 0.74453125 0.13984375 0.00703125 0.03359375
1 0.7515625 0.13984375 0.00546875 0.03203125
1 0.9171875 0.15703125 0.0078125 0.0453125
15 0.74375 0.175 0.00703125 0.03046875
15 0.7515625 0.17421875 0.00625 0.02890625
15 0.09609375 0.17421875 0.00703125 0.03359375
1 0.0859375 0.1765625 0.01015625 0.03984375
15 0.73125 0.18984375 0.01484375 0.01484375
1 0.89765625 0.20234375 0.00625 0.034375
15 0.73125 0.20859375 0.0140625 0.015625
1 0.74609375 0.209375 0.015625 0.02734375
1 0.3671875 0.22265625 0.01328125 0.01875
15 0.73125 0.22890625 0.01328125 0.0140625
15 0.89296875 0.23515625 0.01484375 0.015625
15 0.3671875 0.24140625 0.0140625 0.01796875
15 0.73046875 0.24765625 0.01484375 0.01640625
1 0.746875 0.24921875 0.01484375 0.01953125
15 0.89296875 0.25546875 0.01328125 0.01875
15 0.73046875 0.26640625 0.01484375 0.01640625
9 0.83828125 0.2703125 0.0453125 0.11875
15 0.93046875 0.27109375 0.015625 0.01875
15 0.9453125 0.271875 0.01484375 0.0171875
1 0.89375 0.2734375 0.01328125 0.01640625
1 0.8734375 0.2828125 0.01328125 0.0140625
1 0.746875 0.284375 0.0140625 0.01796875
15 0.73125 0.2859375 0.01328125 0.015625
15 0.9453125 0.28984375 0.0125 0.01640625
1 0.93125 0.29140625 0.0140625 0.01953125
15 0.73125 0.3046875 0.01328125 0.01640625
15 0.94609375 0.309375 0.01484375 0.01875
15 0.6796875 0.31640625 0.01328125 0.0234375
15 0.6640625 0.31796875 0.01875 0.0234375
15 0.6921875 0.321875 0.00625 0.028125
1 0.746875 0.3234375 0.01484375 0.021875
15 0.73125 0.325 0.0140625 0.0171875
1 0.93203125 0.3296875 0.01328125 0.02109375
15 0.94609375 0.3296875 0.0140625 0.01953125
15 0.73203125 0.34296875 0.01484375 0.02109375
15 0.94609375 0.34921875 0.01328125 0.01875
15 0.6703125 0.35 0.00703125 0.03203125
1 0.66328125 0.35 0.0078125 0.03046875
1 0.55 0.35234375 0.01328125 0.01953125
15 0.5359375 0.353125 0.01484375 0.01875
15 0.3515625 0.3625 0.01015625 0.015625
1 0.93125 0.36796875 0.01328125 0.01875
15 0.94609375 0.3671875 0.01484375 0.01796875
15 0.7 0.371875 0.00625 0.03125
1 0.68046875 0.37109375 0.009375 0.03984375
15 0.6921875 0.371875 0.0078125 0.03125
1 0.91875 0.3765625 0.0078125 0.03125
1 0.87109375 0.3765625 0.00859375 0.03203125
1 0.8875 0.3765625 0.0078125 0.0328125
1 0.8390625 0.3765625 0.0078125 0.03125
1 0.903125 0.37734375 0.0078125 0.0328125
1 0.8546875 0.378125 0.00859375 0.03359375
1 0.75703125 0.37890625 0.009375 0.0359375
1 0.7734375 0.37890625 0.009375 0.03359375
1 0.78984375 0.37890625 0.0078125 0.03125
1 0.74140625 0.37890625 0.009375 0.0359375
1 0.8078125 0.3796875 0.00703125 0.03203125
1 0.64765625 0.3828125 0.00703125 0.03125
15 0.67109375 0.38359375 0.0078125 0.03125
15 0.66328125 0.38359375 0.0078125 0.03359375
15 0.63125 0.384375 0.00859375 0.034375
15 0.640625 0.384375 0.00625 0.03515625
15 0.5328125 0.38828125 0.00703125 0.0296875
15 0.52421875 0.40546875 0.00859375 0.03203125
15 0.87890625 0.41015625 0.00703125 0.028125
15 0.91015625 0.41015625 0.00859375 0.03203125
15 0.9265625 0.4109375 0.00859375 0.03046875
15 0.88671875 0.4109375 0.00703125 0.028125
15 0.89453125 0.41171875 0.0078125 0.03125
15 0.8625 0.41171875 0.0078125 0.0296875
15 0.87109375 0.41171875 0.0078125 0.03125
15 0.90234375 0.41171875 0.00859375 0.03125
15 0.91875 0.41171875 0.0078125 0.03671875
15 0.85546875 0.4125 0.00703125 0.03046875
15 0.84765625 0.41171875 0.0078125 0.0296875
15 0.8390625 0.41328125 0.0078125 0.03046875
15 0.3515625 0.4140625 0.01015625 0.0140625
15 0.7734375 0.41328125 0.00703125 0.0296875
15 0.79921875 0.4140625 0.00625 0.03125
15 0.8234375 0.41328125 0.0078125 0.0296875
15 0.78984375 0.41328125 0.0078125 0.0328125
15 0.81484375 0.41328125 0.00703125 0.03046875
15 0.74921875 0.4140625 0.00703125 0.03203125
15 0.83046875 0.41484375 0.00625 0.03046875
15 0.740625 0.41484375 0.00625 0.03125
15 0.76484375 0.41484375 0.00625 0.028125
1 0.67890625 0.415625 0.00625 0.03046875
15 0.75703125 0.41484375 0.00703125 0.03125
15 0.6625 0.415625 0.0078125 0.028125
15 0.67109375 0.41640625 0.0078125 0.03125
15 0.68671875 0.4171875 0.0078125 0.03046875
15 0.6953125 0.4171875 0.00859375 0.03125
15 0.6546875 0.41796875 0.00546875 0.02890625
15 0.6484375 0.41796875 0.00703125 0.03046875
15 0.5328125 0.42265625 0.00703125 0.02890625
15 0.525 0.43828125 0.00703125 0.0296875
9 0.4390625 0.43828125 0.159375 0.3703125
15 0.5328125 0.45234375 0.00703125 0.02890625
15 0.353125 0.4546875 0.0109375 0.0109375
1 0.6484375 0.4546875 0.00625 0.03046875
15 0.525 0.4703125 0.00546875 0.03046875
15 0.86171875 0.47109375 0.0078125 0.02734375
15 0.8703125 0.471875 0.0078125 0.03125
9 0.27109375 0.47421875 0.08984375 0.215625
15 0.85390625 0.47421875 0.0078125 0.0296875
15 0.53359375 0.48359375 0.00625 0.02734375
1 0.73046875 0.48984375 0.0125 0.0515625
1 0.74609375 0.48984375 0.01171875 0.0515625
15 0.353125 0.4953125 0.01015625 0.01484375
4 0.33203125 0.05 0.14375 0.07578125
1 0.8296875 0.4984375 0.0125 0.053125
15 0.92109375 0.5 0.009375 0.05
1 0.94140625 0.503125 0.009375 0.04140625
1 0.88671875 0.503125 0.00703125 0.03046875
15 0.52578125 0.50390625 0.00625 0.028125
1 0.9515625 0.50546875 0.01015625 0.03828125
1 0.85234375 0.5078125 0.00703125 0.03046875
1 0.84296875 0.5078125 0.009375 0.03828125
15 0.86015625 0.50859375 0.00703125 0.0296875
4 0.13984375 0.0515625 0.14296875 0.07578125
1 0.86796875 0.50859375 0.00703125 0.03203125
1 0.87734375 0.51015625 0.009375 0.03984375
15 0.91015625 0.51015625 0.0078125 0.0296875
15 0.53359375 0.51640625 0.00546875 0.0296875
1 0.809375 0.5328125 0.0140625 0.01796875
15 0.52578125 0.534375 0.00625 0.02734375
1 0.9375 0.54296875 0.00703125 0.0296875
15 0.93046875 0.54453125 0.00625 0.03203125
15 0.92265625 0.54453125 0.0078125 0.02890625
1 0.91484375 0.546875 0.00703125 0.03125
15 0.90703125 0.54609375 0.0078125 0.0296875
15 0.35625 0.546875 0.01015625 0.0140625
15 0.78125 0.55546875 0.009375 0.0390625
15 0.35546875 0.56171875 0.01015625 0.01171875
15 0.646875 0.58203125 0.009375 0.03984375
15 0.21484375 0.5859375 0.00859375 0.028125
15 0.1984375 0.58671875 0.0078125 0.03203125
15 0.20625 0.5875 0.00703125 0.03046875
1 0.9109375 0.596875 0.0171875 0.0234375
9 0.85703125 0.6015625 0.06796875 0.10390625
15 0.3390625 0.60546875 0.01484375 0.0171875
1 0.35390625 0.60625 0.0125 0.01640625
15 0.79375 0.61171875 0.00625 0.03203125
15 0.80234375 0.61328125 0.00703125 0.0328125
1 0.53515625 0.615625 0.00703125 0.0328125
1 0.52734375 0.61640625 0.0078125 0.0328125
1 0.228125 0.62109375 0.00703125 0.02890625
1 0.23671875 0.62265625 0.00703125 0.03203125
15 0.2140625 0.62265625 0.00703125 0.0359375
15 0.9109375 0.62265625 0.0171875 0.02421875
1 0.353125 0.6234375 0.01171875 0.0140625
15 0.3390625 0.6234375 0.01328125 0.01640625
1 0.95859375 0.634375 0.021875 0.025
1 0.9203125 0.65078125 0.0140625 0.01796875
1 0.959375 0.665625 0.021875 0.028125
1 0.4 0.6734375 0.0078125 0.03359375
15 0.3921875 0.67421875 0.00703125 0.03125
15 0.38359375 0.675 0.00703125 0.02890625
1 0.92109375 0.675 0.01328125 0.0171875
1 0.35390625 0.67734375 0.00625 0.02421875
20 0.75625 0.67734375 0.0375 0.06015625
1 0.3609375 0.67734375 0.00546875 0.0265625
1 0.82578125 0.69140625 0.0078125 0.0359375
1 0.83359375 0.69375 0.0078125 0.0328125
15 0.85234375 0.69375 0.0078125 0.03046875
15 0.8703125 0.69453125 0.0078125 0.03125
1 0.8609375 0.69453125 0.0078125 0.03671875
1 0.84296875 0.69453125 0.00703125 0.03203125
1 0.8796875 0.69609375 0.009375 0.04296875
1 0.91796875 0.69609375 0.0140625 0.01484375
1 0.95 0.69609375 0.00703125 0.0328125
15 0.93359375 0.69765625 0.0078125 0.03125
15 0.9 0.70078125 0.02265625 0.02734375
1 0.47734375 0.703125 0.009375 0.03359375
15 0.36875 0.70625 0.00625 0.0296875
15 0.36171875 0.7078125 0.00625 0.028125
15 0.384375 0.70859375 0.0078125 0.0328125
15 0.91953125 0.72265625 0.01484375 0.01640625
1 0.46796875 0.7234375 0.009375 0.0375
15 0.9 0.73125 0.02265625 0.025
15 0.8265625 0.7328125 0.0078125 0.02890625
15 0.85234375 0.7328125 0.0078125 0.03203125
15 0.834375 0.73359375 0.00703125 0.03125
1 0.84296875 0.734375 0.0078125 0.0328125
1 0.359375 0.73671875 0.0140625 0.01640625
1 0.478125 0.7390625 0.0078125 0.03203125
15 0.6140625 0.7421875 0.0140625 0.0203125
1 0.359375 0.75546875 0.01328125 0.0140625
1 0.6015625 0.759375 0.00703125 0.03984375
1 0.61796875 0.77109375 0.021875 0.02578125
15 0.4265625 0.778125 0.00625 0.0296875
15 0.43515625 0.77734375 0.00625 0.02890625
15 0.63359375 0.81015625 0.0078125 0.03515625
20 0.61796875 0.8109375 0.01796875 0.0359375
1 0.67734375 0.8109375 0.0109375 0.0515625
1 0.4265625 0.81328125 0.00625 0.02890625
15 0.3671875 0.81328125 0.00703125 0.0265625
15 0.37421875 0.81328125 0.00703125 0.028125
1 0.66171875 0.8140625 0.01328125 0.0546875
15 0.36015625 0.81484375 0.00625 0.0296875
1 0.88828125 0.8265625 0.01015625 0.03984375
15 0.4265625 0.84453125 0.0078125 0.03203125
15 0.434375 0.84609375 0.00703125 0.02734375
15 0.4484375 0.846875 0.00703125 0.03125
15 0.44140625 0.846875 0.0046875 0.028125
15 0.41875 0.84765625 0.00703125 0.0328125
1 0.603125 0.85859375 0.0109375 0.04375
15 0.721875 0.86171875 0.009375 0.0390625
15 0.78515625 0.8625 0.01015625 0.0375
1 0.6875 0.86328125 0.01640625 0.0171875
9 0.36328125 0.9015625 0.028125 0.09375
20 0.68203125 0.9171875 0.05625 0.08203125
1 0.84140625 0.91953125 0.01015625 0.04296875
1 0.85234375 0.91875 0.009375 0.04140625
1 0.75390625 0.91953125 0.009375 0.04296875
1 0.7421875 0.92109375 0.0109375 0.040625
20 0.79765625 0.925 0.0390625 0.078125
15 0.7703125 0.9546875 0.01640625 0.0234375