2 0.45703125 0.53125 0.03515625 0.053125
2 0.1390625 0.5921875 0.04609375 0.05
2 0.934375 0.44921875 0.02734375 0.05546875
2 0.98671875 0.44140625 0.02578125 0.065625
2 0.07109375 0.68671875 0.02890625 0.04609375
2 0.15859375 0.68203125 0.03125 0.03984375
2 0.05390625 0.7078125 0.025 0.0453125
2 0.3828125 0.70625 0.03046875 0.04140625
2 0.06953125 0.76875 0.05078125 0.05703125
2 0.15546875 0.75234375 0.03359375 0.0578125
2 0.3140625 0.72421875 0.03203125 0.04296875
2 0.34453125 0.7203125 0.03203125 0.0359375
2 0.415625 0.7078125 0.028125 0.0390625
2 0.71328125 0.659375 0.02578125 0.0390625
2 0.8 0.64375 0.03359375 0.0546875
2 0.62734375 0.67578125 0.0328125 0.04765625
2 0.4578125 0.709375 0.0265625 0.04140625
2 0.66796875 0.671875 0.03203125 0.04921875
2 0.83515625 0.6421875 0.02734375 0.04765625
2 0.50625 0.7078125 0.0421875 0.053125
2 0.6015625 0.696875 0.0421875 0.05078125
2 0.3796875 0.77734375 0.03828125 0.04296875
2 0.3234375 0.7890625 0.028125 0.040625
2 0.634375 0.746875 0.02890625 0.04453125
2 0.42265625 0.7890625 0.028125 0.053125
2 0.6703125 0.7484375 0.01953125 0.0296875
2 0.71015625 0.7421875 0.03046875 0.04765625
2 0.4609375 0.79140625 0.0265625 0.0375
4 0.24140625 0.8328125 0.03515625 0.1171875
2 0.51171875 0.78359375 0.0234375 0.04296875
2 0.80078125 0.73125 0.04453125 0.05
2 0.84140625 0.72578125 0.02734375 0.04609375
2 0.86953125 0.721875 0.0296875 0.0484375
2 0.59296875 0.78046875 0.03359375 0.05390625
2 0.33046875 0.8484375 0.028125 0.0421875
2 0.5078125 0.0140625 0.0421875 0.028125
2 0.634375 0.809375 0.025 0.04453125
2 0.8734375 0.77578125 0.021875 0.0375
2 0.85078125 0.7859375 0.0359375 0.05078125
2 0.89921875 0.77734375 0.0265625 0.05
2 0.428125 0.86796875 0.0265625 0.0390625
2 0.8234375 0.79453125 0.03359375 0.0515625
4 0.21640625 0.91328125 0.0375 0.040625
2 0.72421875 0.82109375 0.03046875 0.05
2 0.471875 0.87578125 0.03828125 0.04765625
2 0.684375 0.83671875 0.03828125 0.059375
2 0.52109375 0.86875 0.0453125 0.06171875
2 0.33671875 0.90546875 0.03203125 0.040625
2 0.6046875 0.85703125 0.0359375 0.053125
2 0.01484375 0.103125 0.02890625 0.03828125
2 0.90546875 0.828125 0.03203125 0.0453125
2 0.1890625 0.978125 0.04921875 0.0421875
2 0.0375 0.10078125 0.03359375 0.0421875
2 0.0703125 0.09921875 0.03671875 0.05
2 0.30703125 0.0625 0.03671875 0.0375
2 0.21484375 0.096875 0.03828125 0.05625
2 0.09921875 0.11875 0.03515625 0.059375
2 0.2890625 0.1046875 0.02421875 0.0421875
2 0.140625 0.14609375 0.0296875 0.05
9 0.09453125 0.17265625 0.075 0.06640625
2 0.48125 0.1109375 0.03046875 0.05703125
2 0.30546875 0.14375 0.02890625 0.04296875
2 0.66875 0.0890625 0.0578125 0.06640625
9 0.9171875 0.05625 0.10703125 0.11171875
2 0.75859375 0.08671875 0.04765625 0.04765625
2 0.06796875 0.22578125 0.03203125 0.03828125
2 0.040625 0.23671875 0.0265625 0.04296875
2 0.271875 0.19296875 0.03828125 0.0484375
2 0.49375 0.1625 0.03359375 0.04921875
2 0.3109375 0.19765625 0.03671875 0.03984375
2 0.20625 0.23515625 0.02109375 0.04375
2 0.6578125 0.1625 0.06015625 0.0546875
2 0.18671875 0.2546875 0.028125 0.03203125
2 0.89296875 0.1515625 0.03515625 0.065625
9 0.34609375 0.259375 0.2140625 0.1578125
2 0.203125 0.28828125 0.05 0.05859375
2 0.946875 0.1515625 0.04140625 0.06796875
2 0.70859375 0.2 0.0546875 0.05078125
2 0.83828125 0.19375 0.04921875 0.05
2 0.77578125 0.20703125 0.0640625 0.04921875
2 0.953125 0.18046875 0.0328125 0.04765625
2 0.909375 0.203125 0.028125 0.05703125
2 0.1796875 0.36015625 0.03203125 0.05390625
4 0.0109375 0.4171875 0.021875 0.075
2 0.47890625 0.340625 0.03828125 0.0828125
2 0.209375 0.39140625 0.028125 0.03359375
2 0.4078125 0.359375 0.03359375 0.0421875
2 0.3296875 0.38046875 0.0359375 0.0453125
2 0.43125 0.3640625 0.034375 0.0453125
2 0.20625 0.4234375 0.03828125 0.0625
2 0.85625 0.30546875 0.06015625 0.065625
2 0.04375 0.46796875 0.0453125 0.0484375
2 0.45859375 0.43515625 0.04375 0.03984375
2 0.23125 0.48203125 0.02734375 0.04140625
2 0.26796875 0.47890625 0.03828125 0.05
2 0.0234375 0.53203125 0.03984375 0.05546875
2 0.05625 0.5296875 0.0359375 0.0609375
2 0.3640625 0.47578125 0.03359375 0.0671875
2 0.09453125 0.53046875 0.05546875 0.05078125
16 0.321875 0.4890625 0.04453125 0.0265625
2 0.29375 0.521875 0.028125 0.0421875
2 0.58046875 0.478125 0.05703125 0.07109375
2 0.8578125 0.43671875 0.03125 0.0515625
2 0.8296875 0.44375 0.03203125 0.05
2 0.7953125 0.45390625 0.04296875 0.04453125
9 0.08203125 0.59140625 0.09296875 0.07578125
2 0.3703125 0.5375 0.0296875 0.059375
2 0.26796875 0.56171875 0.03203125 0.0390625