2 0.034375 0.403125 0.03671875 0.1734375
2 0.41953125 0.23046875 0.015625 0.08203125
2 0.8953125 0.040625 0.034375 0.08125
20 0.44765625 0.21875 0.03203125 0.0953125
16 0.37421875 0.25390625 0.0140625 0.065625
16 0.49296875 0.196875 0.01484375 0.06796875
16 0.43125 0.22734375 0.015625 0.071875
2 0.58203125 0.15859375 0.02109375 0.0859375
20 0.47421875 0.2078125 0.02578125 0.07734375
16 0.5375 0.18046875 0.01328125 0.065625
16 0.55078125 0.175 0.015625 0.06796875
2 0.5046875 0.1984375 0.01328125 0.065625
16 0.38671875 0.2546875 0.01484375 0.0796875
9 0.62890625 0.159375 0.05625 0.14375
4 0.95234375 0.06875 0.06640625 0.1375
20 0.4515625 0.3 0.02890625 0.08203125
20 0.478125 0.2890625 0.02734375 0.071875
16 0.4359375 0.30859375 0.01640625 0.07578125
16 0.3796875 0.33828125 0.0140625 0.071875
2 0.50859375 0.278125 0.01640625 0.065625
2 0.42421875 0.31796875 0.0171875 0.08203125
16 0.54375 0.26171875 0.015625 0.06953125
16 0.49765625 0.2859375 0.01484375 0.06953125
16 0.39140625 0.3359375 0.0125 0.0734375
2 0.33671875 0.36171875 0.0234375 0.09375
16 0.55546875 0.2578125 0.0171875 0.0734375
9 0.303125 0.3953125 0.05703125 0.153125
4 0.01328125 0.54375 0.0265625 0.221875
16 0.459375 0.390625 0.0171875 0.0796875
16 0.39609375 0.4203125 0.0171875 0.07578125
16 0.4453125 0.39921875 0.015625 0.07734375
2 0.434375 0.40546875 0.01875 0.07734375
16 0.50859375 0.37265625 0.01484375 0.06796875
2 0.521875 0.365625 0.01484375 0.06953125
16 0.48828125 0.3828125 0.015625 0.071875
16 0.47578125 0.39140625 0.01640625 0.07734375
2 0.49921875 0.3828125 0.015625 0.06796875
2 0.5 0.4734375 0.015625 0.0734375
16 0.4140625 0.5171875 0.021875 0.08203125
16 0.4890625 0.4828125 0.01640625 0.0734375
2 0.5109375 0.478125 0.0171875 0.071875
4 0.965625 0.275 0.06484375 0.20703125
2 0.0515625 0.72109375 0.03359375 0.15546875
9 0.45390625 0.5390625 0.06640625 0.14921875
2 0.90703125 0.32890625 0.03359375 0.14765625
4 0.02109375 0.77890625 0.034375 0.19921875
16 0.4203125 0.60234375 0.015625 0.0734375
16 0.41015625 0.6078125 0.0171875 0.07578125
16 0.5046875 0.565625 0.0140625 0.071875
16 0.5140625 0.56484375 0.0140625 0.0734375
2 0.49453125 0.5765625 0.01484375 0.0734375
9 0.5921875 0.53359375 0.059375 0.13125
2 0.6546875 0.50859375 0.021875 0.10546875
2 0.63515625 0.521875 0.02578125 0.11171875
2 0.6734375 0.50859375 0.02578125 0.11328125
9 0.3578125 0.728125 0.05390625 0.1375
2 0.29453125 0.75859375 0.025 0.11953125
2 0.3125 0.75390625 0.02734375 0.10546875
16 0.43828125 0.696875 0.0171875 0.0796875
16 0.49140625 0.67265625 0.0171875 0.08203125
2 0.27734375 0.77421875 0.02421875 0.11328125
2 0.4484375 0.69453125 0.015625 0.06953125
16 0.428125 0.703125 0.01640625 0.07578125
2 0.459375 0.690625 0.015625 0.07734375
2 0.46875 0.6859375 0.0140625 0.0734375
16 0.503125 0.67265625 0.0171875 0.06953125
2 0.54375 0.6546875 0.02265625 0.09375
16 0.48203125 0.684375 0.01484375 0.06953125
4 0.9671875 0.5078125 0.06484375 0.2109375
2 0.06875 0.98046875 0.034375 0.0359375
2 0.92578125 0.6375 0.03359375 0.13515625
4 0.5078125 0.92109375 0.1640625 0.153125
16 0.3796875 0.159375 0.01640625 0.07578125
16 0.546875 0.08203125 0.0171875 0.071875
16 0.3375 0.17890625 0.015625 0.071875
2 0.41484375 0.14453125 0.0125 0.06953125
16 0.34921875 0.17421875 0.0171875 0.07734375
16 0.4890625 0.109375 0.01640625 0.0796875
16 0.534375 0.08828125 0.0125 0.065625
20 0.47109375 0.11953125 0.02734375 0.08359375
16 0.36875 0.16796875 0.015625 0.07734375
2 0.5 0.10625 0.015625 0.065625
20 0.44375 0.13359375 0.03125 0.0953125
16 0.4265625 0.14453125 0.015625 0.07734375