1 0.41875 0.55390625 0.02890625 0.04296875
1 0.12734375 0.55625 0.03984375 0.03984375
1 0.85625 0.56015625 0.021875 0.046875
1 0.9125 0.56171875 0.03515625 0.05625
1 0.95546875 0.5625 0.03359375 0.05234375
1 0.26171875 0.059375 0.04140625 0.03125
1 0.3265625 0.0625 0.03984375 0.04921875
1 0.05859375 0.63046875 0.0234375 0.0390625
1 0.13828125 0.640625 0.02578125 0.03203125
1 0.0421875 0.6453125 0.0203125 0.03828125
1 0.3390625 0.7 0.02578125 0.03359375
1 0.05078125 0.703125 0.04296875 0.0453125
1 0.13046875 0.703125 0.0265625 0.0484375
1 0.27578125 0.7046875 0.0265625 0.03515625
1 0.303125 0.70546875 0.028125 0.02734375
1 0.36875 0.70703125 0.0234375 0.03125
1 0.64140625 0.7125 0.02109375 0.03203125
1 0.7203125 0.71328125 0.02734375 0.04609375
1 0.5625 0.71328125 0.02734375 0.03984375
1 0.40703125 0.715625 0.021875 0.034375
1 0.59921875 0.71640625 0.0265625 0.040625
1 0.75234375 0.71796875 0.02265625 0.03984375
1 0.45 0.72265625 0.03515625 0.04296875
1 0.5375 0.72734375 0.03515625 0.040625
1 0.71875 0.07421875 0.03046875 0.03125
1 0.33046875 0.76328125 0.0328125 0.03359375
1 0.2796875 0.76484375 0.0234375 0.03359375
1 0.56328125 0.778125 0.02421875 0.0375
1 0.36875 0.78125 0.021875 0.0453125
1 0.59609375 0.78671875 0.015625 0.025
1 0.63203125 0.7875 0.025 0.03984375
1 0.403125 0.78984375 0.021875 0.03125
4 0.20234375 0.790625 0.0234375 0.103125
1 0.45 0.79140625 0.01796875 0.03671875
1 0.71484375 0.79296875 0.03828125 0.0390625
1 0.75234375 0.79453125 0.021875 0.0390625
1 0.778125 0.7953125 0.02421875 0.03984375
1 0.5234375 0.8015625 0.02734375 0.04453125
20 0.8703125 0.08125 0.0171875 0.02578125
1 0.28203125 0.81875 0.0234375 0.034375
1 0.50234375 0.08359375 0.03515625 0.04296875
1 0.55859375 0.8359375 0.01953125 0.0375
20 0.90859375 0.084375 0.0125 0.0359375
1 0.778125 0.8453125 0.01796875 0.03203125
1 0.75546875 0.85 0.03046875 0.0421875
1 0.80078125 0.85078125 0.02109375 0.04296875
1 0.36796875 0.853125 0.021875 0.03203125
1 0.73125 0.85390625 0.02734375 0.04296875
4 0.1734375 0.85859375 0.03203125 0.03125
1 0.6390625 0.8609375 0.025 0.0421875
1 0.6671875 0.08671875 0.0375 0.03125
1 0.40703125 0.8671875 0.0328125 0.03828125
1 0.60234375 0.86796875 0.03125 0.04921875
1 0.4515625 0.86953125 0.0375 0.05
1 0.28359375 0.871875 0.0265625 0.0328125
1 0.528125 0.87265625 0.0296875 0.04375
1 0.0453125 0.08984375 0.034375 0.0328125
1 0.80234375 0.89765625 0.0265625 0.0375
20 0.83203125 0.09140625 0.00859375 0.034375
1 0.14375 0.915625 0.0421875 0.03671875
1 0.071875 0.09296875 0.028125 0.03671875
1 0.78984375 0.0953125 0.03046875 0.05703125
1 0.93203125 0.09765625 0.0171875 0.06171875
1 0.10078125 0.0984375 0.03046875 0.0421875
1 0.3171875 0.10546875 0.03203125 0.028125
1 0.85703125 0.11328125 0.02578125 0.0640625
1 0.23203125 0.121875 0.03203125 0.04609375
1 0.1265625 0.121875 0.02890625 0.04921875
1 0.91171875 0.1234375 0.02265625 0.04140625
1 0.88828125 0.12421875 0.02734375 0.04609375
1 0.025 0.134375 0.02578125 0.0390625
1 0.2984375 0.140625 0.01953125 0.0359375
1 0.1609375 0.153125 0.0234375 0.0421875
1 0.9546875 0.1671875 0.02265625 0.05078125
9 0.1171875 0.1703125 0.06484375 0.04921875
1 0.471875 0.17890625 0.02421875 0.04765625
1 0.31015625 0.1796875 0.02421875 0.03515625
1 0.6421875 0.190625 0.04921875 0.05234375
9 0.88828125 0.19765625 0.1265625 0.09296875
1 0.72421875 0.20390625 0.04140625 0.0359375
1 0.0890625 0.2140625 0.0265625 0.03125
1 0.0640625 0.21796875 0.02109375 0.0359375
1 0.2765625 0.21796875 0.0328125 0.03828125
1 0.4796875 0.228125 0.028125 0.04140625
1 0.31171875 0.228125 0.03125 0.03125
1 0.2140625 0.2453125 0.01640625 0.03671875
1 0.62734375 0.25546875 0.0515625 0.03984375
1 0.1953125 0.25859375 0.02421875 0.025
1 0.840625 0.28515625 0.028125 0.05546875
9 0.33828125 0.28984375 0.1875 0.11015625
1 0.20703125 0.29296875 0.0421875 0.046875
1 0.93046875 0.29375 0.01875 0.04453125
1 0.88984375 0.29375 0.03359375 0.05703125
1 0.6703125 0.296875 0.046875 0.0390625
1 0.78828125 0.31328125 0.0421875 0.03828125
1 0.73046875 0.31640625 0.05625 0.03515625
1 0.8921875 0.32109375 0.0265625 0.0390625
1 0.9375 0.3265625 0.02265625 0.0390625
1 0.8515625 0.33359375 0.02265625 0.0484375
1 0.18125 0.35390625 0.02578125 0.0453125
4 0.02109375 0.37578125 0.02265625 0.0640625
1 0.45234375 0.3859375 0.0296875 0.0703125
1 0.20625 0.3859375 0.02421875 0.0265625
1 0.38671875 0.390625 0.028125 0.03359375
1 0.31484375 0.396875 0.03046875 0.03671875
1 0.4078125 0.39921875 0.02890625 0.03671875
1 0.20078125 0.41484375 0.03125 0.0515625
1 0.79609375 0.41796875 0.05078125 0.05078125
1 0.05 0.428125 0.03828125 0.0375
1 0.9796875 0.44921875 0.0359375 0.0484375
1 0.42734375 0.46796875 0.03828125 0.03046875
1 0.21875 0.471875 0.02265625 0.034375
1 0.2515625 0.475 0.0328125 0.040625
1 0.02734375 0.48203125 0.0328125 0.0453125
1 0.05703125 0.48515625 0.02890625 0.05078125
1 0.3390625 0.4890625 0.0265625 0.05703125
1 0.090625 0.49296875 0.04765625 0.03828125
15 0.3 0.49375 0.03984375 0.0171875
1 0.97890625 0.51171875 0.03828125 0.04921875
1 0.271875 0.51875 0.0234375 0.034375
1 0.534375 0.5265625 0.04765625 0.05703125
1 0.7875 0.5359375 0.025 0.04296875
1 0.76171875 0.53828125 0.02578125 0.04140625
1 0.73125 0.54140625 0.03671875 0.034375
9 0.07578125 0.5453125 0.08046875 0.05390625
1 0.33984375 0.5453125 0.0234375 0.05078125
1 0.24609375 0.55 0.0265625 0.03203125