16 0.75 0.1390625 0.0078125 0.02421875
16 0.75703125 0.1421875 0.00703125 0.01875
16 0.78203125 0.15078125 0.009375 0.02265625
16 0.7953125 0.15625 0.01015625 0.02578125
16 0.7140625 0.1453125 0.01328125 0.028125
16 0.92265625 0.1796875 0.01015625 0.02421875
2 0.95625 0.20546875 0.04375 0.07578125
16 0.81875 0.18984375 0.01015625 0.0125
16 0.8234375 0.20546875 0.01171875 0.01640625
16 0.115625 0.1125 0.0078125 0.02421875
16 0.109375 0.1125 0.01015625 0.028125
16 0.240625 0.1359375 0.0125 0.03125
16 0.25234375 0.13984375 0.01015625 0.028125
2 0.7921875 0.2234375 0.0515625 0.090625
2 0.6234375 0.20390625 0.01796875 0.040625
2 0.76171875 0.234375 0.01640625 0.02265625
2 0.94921875 0.303125 0.040625 0.0796875
2 0.8546875 0.2984375 0.04921875 0.0890625
2 0.9 0.30546875 0.04921875 0.0921875
4 0.0609375 0.19453125 0.03984375 0.2296875
16 0.41328125 0.2484375 0.0125 0.02734375
2 0.4234375 0.253125 0.01015625 0.02578125
2 0.11484375 0.22265625 0.01328125 0.0203125
2 0.1140625 0.2671875 0.0453125 0.08359375
2 0.14453125 0.27734375 0.01015625 0.02578125
16 0.1859375 0.30390625 0.00859375 0.02421875
16 0.1921875 0.30625 0.00703125 0.02578125
16 0.18203125 0.3234375 0.0171875 0.0171875
16 0.2453125 0.34453125 0.01171875 0.0328125
16 0.18125 0.33828125 0.01484375 0.01484375
4 0.11640625 0.490625 0.0484375 0.2
16 0.50546875 0.05390625 0.0109375 0.02421875
16 0.5171875 0.0578125 0.0125 0.0171875
16 0.56796875 0.06484375 0.01328125 0.01640625
16 0.5421875 0.0609375 0.01015625 0.01875
16 0.53359375 0.0625 0.01015625 0.0125
16 0.56953125 0.078125 0.01484375 0.01640625
16 0.41484375 0.95390625 0.009375 0.02421875
16 0.42265625 0.95703125 0.01015625 0.021875
16 0.43359375 0.96171875 0.0109375 0.0171875
16 0.85859375 0.14453125 0.01171875 0.0375
16 0.90546875 0.15078125 0.01015625 0.03125
2 0.62265625 0.115625 0.021875 0.03125
9 0.82734375 0.1484375 0.0421875 0.0890625
20 0.765625 0.140625 0.0125 0.01640625