4 0.21328125 0.38359375 0.27265625 0.16171875
2 0.46953125 0.5046875 0.009375 0.02109375
16 0.68671875 0.60625 0.00859375 0.01875
16 0.67734375 0.603125 0.009375 0.02265625
16 0.6953125 0.6109375 0.0078125 0.01875
16 0.70390625 0.61484375 0.01015625 0.01953125
16 0.71171875 0.61953125 0.01171875 0.0203125
2 0.5203125 0.5390625 0.01484375 0.015625
16 0.12578125 0.38125 0.01796875 0.01796875
16 0.14140625 0.3890625 0.015625 0.01796875
2 0.61328125 0.5953125 0.0140625 0.0125
16 0.91328125 0.7296875 0.009375 0.01953125
2 0.92109375 0.73359375 0.009375 0.02109375
16 0.57578125 0.5859375 0.0140625 0.0140625
16 0.59140625 0.59375 0.0125 0.0125
2 0.70625 0.66015625 0.00859375 0.0203125
2 0.74921875 0.68515625 0.009375 0.0203125
4 0.23203125 0.4703125 0.4390625 0.23515625
16 0.90703125 0.76171875 0.009375 0.0203125
2 0.6546875 0.6546875 0.009375 0.0203125
2 0.91640625 0.76640625 0.009375 0.02109375
2 0.6359375 0.6515625 0.0140625 0.015625
16 0.5 0.60859375 0.009375 0.01640625
16 0.65078125 0.678125 0.0078125 0.02265625
16 0.66796875 0.6875 0.0125 0.01484375
16 0.90859375 0.79609375 0.01328125 0.015625
2 0.46015625 0.6125 0.0140625 0.0140625
2 0.90625 0.80859375 0.0125 0.0140625
16 0.084375 0.45703125 0.01640625 0.01484375
16 0.6546875 0.70546875 0.009375 0.02109375
16 0.4921875 0.6359375 0.00859375 0.01796875
16 0.66171875 0.709375 0.009375 0.0203125
16 0.81171875 0.77421875 0.0140625 0.0140625
16 0.5078125 0.64375 0.009375 0.01796875
2 0.67734375 0.7171875 0.00859375 0.0203125
16 0.66953125 0.7140625 0.00703125 0.01796875
16 0.5 0.64140625 0.00703125 0.01484375
2 0.9046875 0.82109375 0.0125 0.01484375
2 0.04921875 0.4546875 0.009375 0.0203125
16 0.30625 0.56640625 0.01171875 0.0109375
16 0.284375 0.559375 0.01484375 0.01484375
2 0.809375 0.79140625 0.0140625 0.01640625
2 0.1625 0.5125 0.01328125 0.0140625
16 0.17734375 0.5203125 0.015625 0.01640625
16 0.903125 0.83203125 0.01171875 0.0125
16 0.65 0.7296875 0.009375 0.02265625
16 0.665625 0.73671875 0.009375 0.02265625
16 0.6578125 0.734375 0.009375 0.01953125
16 0.6734375 0.74140625 0.0109375 0.01953125
9 0.5640625 0.696875 0.125 0.20078125
16 0.90078125 0.8453125 0.0140625 0.0171875
2 0.62109375 0.73125 0.01015625 0.02265625
16 0.628125 0.73515625 0.01015625 0.01953125
2 0.80546875 0.81484375 0.0171875 0.01796875
16 0.8984375 0.85625 0.0125 0.0125
16 0.48203125 0.68125 0.00859375 0.01796875
16 0.47421875 0.67890625 0.00859375 0.01875
2 0.64453125 0.753125 0.01171875 0.0125
16 0.46640625 0.6765625 0.0078125 0.01875
16 0.49140625 0.68828125 0.0078125 0.01796875
4 0.2171875 0.57265625 0.434375 0.2390625
9 0.834375 0.84140625 0.0328125 0.0359375
4 0.59140625 0.0625 0.3640625 0.125
9 0.7546875 0.809375 0.0375 0.04453125
2 0.89609375 0.87109375 0.0140625 0.0140625
2 0.796875 0.1140625 0.01328125 0.01171875
2 0.7203125 0.80859375 0.0109375 0.0140625
16 0.89453125 0.884375 0.01328125 0.015625
16 0.471875 0.70546875 0.0078125 0.02109375
16 0.49609375 0.715625 0.0078125 0.01796875
16 0.47890625 0.71015625 0.0078125 0.015625
16 0.4859375 0.71328125 0.0109375 0.01953125
16 0.00390625 0.5109375 0.0078125 0.01875
16 0.68046875 0.8046875 0.01015625 0.01953125
16 0.690625 0.80859375 0.0078125 0.0203125
2 0.88359375 0.8984375 0.00859375 0.01953125
16 0.9140625 0.91484375 0.0125 0.0171875
2 0.10703125 0.56875 0.0140625 0.0125
2 0.39609375 0.69375 0.01328125 0.015625
16 0.00234375 0.5234375 0.0046875 0.015625
16 0.48359375 0.7375 0.0078125 0.01796875
16 0.490625 0.7421875 0.00859375 0.01796875
2 0.73046875 0.84765625 0.0140625 0.01484375
2 0.1046875 0.5828125 0.01171875 0.01484375
16 0.6859375 0.83828125 0.01015625 0.02265625
16 0.67578125 0.834375 0.009375 0.0203125
16 0.5390625 0.78828125 0.00859375 0.02265625
2 0.45078125 0.7515625 0.0125 0.015625
2 0.88671875 0.9484375 0.0125 0.01171875
4 0.21015625 0.6671875 0.4203125 0.2296875
2 0.67109375 0.87578125 0.01640625 0.01484375
2 0.64609375 0.86640625 0.015625 0.0171875
2 0.88671875 0.96953125 0.015625 0.01484375
16 0.58125 0.8453125 0.01171875 0.0203125
16 0.6015625 0.85390625 0.0109375 0.0171875
16 0.59140625 0.8515625 0.01015625 0.01953125
16 0.4296875 0.79921875 0.01328125 0.01796875
2 0.88203125 0.99453125 0.01484375 0.009375
16 0.6671875 0.9078125 0.0125 0.01484375
2 0.63515625 0.9046875 0.01171875 0.01484375
16 0.64921875 0.91171875 0.01328125 0.015625
16 0.66484375 0.91953125 0.0140625 0.01640625
2 0.4109375 0.81328125 0.0125 0.01484375
2 0.05703125 0.66328125 0.0140625 0.0171875
16 0.11796875 0.68984375 0.0109375 0.02265625
2 0.02421875 0.65 0.0140625 0.01640625
16 0.06875 0.66953125 0.009375 0.0203125
16 0.140625 0.709375 0.01015625 0.0203125
2 0.13125 0.70546875 0.0109375 0.02421875
2 0.5390625 0.88671875 0.01171875 0.0125
2 0.59375 0.9109375 0.01015625 0.02109375
9 0.61875 0.9421875 0.0484375 0.06796875
9 0.6640625 0.9625 0.0515625 0.0734375
9 0.56484375 0.92265625 0.05078125 0.07265625
4 0.20234375 0.76796875 0.4046875 0.2453125
2 0.69296875 0.99453125 0.0140625 0.00859375
2 0.2140625 0.81796875 0.01484375 0.015625
16 0.334375 0.8828125 0.009375 0.01796875
2 0.3796875 0.90234375 0.0140625 0.01640625
16 0.31953125 0.87734375 0.0078125 0.0203125
16 0.3109375 0.87421875 0.009375 0.0203125
16 0.35078125 0.89140625 0.009375 0.02109375
16 0.3046875 0.87109375 0.0109375 0.0203125
16 0.2890625 0.86484375 0.009375 0.01953125
16 0.32734375 0.88125 0.01015625 0.02109375
2 0.24140625 0.84453125 0.01015625 0.02265625
2 0.25703125 0.85234375 0.00859375 0.01796875
2 0.05 0.7625 0.00859375 0.02109375
16 0.2640625 0.8546875 0.009375 0.0203125
2 0.271875 0.8578125 0.0078125 0.01953125
2 0.21171875 0.8328125 0.01328125 0.015625
16 0.23359375 0.84140625 0.00859375 0.01875
16 0.24921875 0.8484375 0.009375 0.0234375
2 0.1203125 0.7921875 0.00859375 0.0203125
16 0.1359375 0.79921875 0.0078125 0.0203125
16 0.08125 0.77578125 0.00859375 0.02265625
16 0.18125 0.81875 0.009375 0.02265625
2 0.165625 0.81328125 0.0078125 0.01640625
16 0.11171875 0.790625 0.009375 0.01953125
2 0.17265625 0.8171875 0.009375 0.02109375
16 0.02421875 0.75234375 0.0078125 0.01953125
2 0.2953125 0.86953125 0.0078125 0.01953125
16 0.34296875 0.8890625 0.0109375 0.0203125
2 0.003125 0.7421875 0.00625 0.0234375
16 0.05703125 0.76640625 0.01015625 0.01953125
16 0.15859375 0.8109375 0.00859375 0.02109375
16 0.0890625 0.78125 0.0078125 0.01953125
2 0.14296875 0.8046875 0.009375 0.01875
2 0.28125 0.86328125 0.00859375 0.0203125
16 0.15 0.80703125 0.00703125 0.0171875
2 0.128125 0.79765625 0.009375 0.02265625
16 0.0171875 0.75 0.01015625 0.0234375
16 0.10390625 0.7875 0.01015625 0.0203125
16 0.0953125 0.78515625 0.009375 0.01953125
2 0.009375 0.74765625 0.0078125 0.01953125
16 0.56171875 0.99375 0.0140625 0.01015625
2 0.86640625 0.175 0.0140625 0.01484375
4 0.58515625 0.0890625 0.36796875 0.17734375
4 0.3265625 0.01640625 0.14375 0.0328125
4 0.578125 0.125 0.36796875 0.20703125
2 0.2890625 0.00703125 0.009375 0.0140625
16 0.2796875 0.0046875 0.0109375 0.009375
2 0.34375 0.0296875 0.01015625 0.0234375
16 0.26796875 0.00546875 0.0109375 0.0109375
16 0.259375 0.00390625 0.009375 0.0078125
4 0.90703125 0.2890625 0.18515625 0.115625
9 0.31171875 0.03671875 0.04765625 0.0640625
2 0.26640625 0.01796875 0.0140625 0.01640625
2 0.25 0.0109375 0.0140625 0.015625
9 0.3671875 0.0640625 0.05 0.06953125
2 0.4265625 0.10625 0.0125 0.015625
16 0.95390625 0.34609375 0.01484375 0.01953125
9 0.6515625 0.253125 0.04765625 0.0625
9 0.74453125 0.29453125 0.04765625 0.06171875
9 0.69765625 0.27421875 0.0515625 0.06328125
16 0.121875 0.02734375 0.0109375 0.0265625
16 0.0765625 0.009375 0.009375 0.01796875
16 0.09140625 0.01484375 0.0109375 0.025
16 0.09921875 0.01953125 0.0109375 0.02578125
16 0.915625 0.39375 0.0125 0.01640625
2 0.92890625 0.40078125 0.0140625 0.015625
16 0.90078125 0.3890625 0.0125 0.0125
2 0.9421875 0.40625 0.0140625 0.0140625
2 0.8875 0.38359375 0.01328125 0.0140625
2 0.1171875 0.05234375 0.009375 0.02265625
16 0.54375 0.2390625 0.01328125 0.01484375
16 0.55703125 0.24609375 0.015625 0.0171875
2 0.5921875 0.27578125 0.0140625 0.01484375
16 0.1234375 0.075 0.009375 0.02421875
2 0.13515625 0.08125 0.0109375 0.0234375
16 0.6375 0.3 0.0125 0.01171875
16 0.575 0.2734375 0.01171875 0.0125
16 0.2453125 0.14140625 0.01015625 0.0203125
16 0.29296875 0.1625 0.009375 0.02109375
16 0.31640625 0.17265625 0.0109375 0.0234375
2 0.16484375 0.1078125 0.009375 0.01875
16 0.35625 0.190625 0.00859375 0.0203125
16 0.2109375 0.12890625 0.0078125 0.01953125
16 0.3640625 0.19453125 0.009375 0.0203125
16 0.2609375 0.15 0.009375 0.02109375
2 0.32578125 0.178125 0.01015625 0.02265625
16 0.18046875 0.115625 0.01015625 0.02265625
16 0.284375 0.16015625 0.00859375 0.01640625
16 0.30703125 0.1703125 0.01015625 0.0203125
16 0.63515625 0.3125 0.0125 0.0140625
16 0.253125 0.14765625 0.01015625 0.02265625
2 0.171875 0.1125 0.009375 0.0234375
16 0.3 0.16796875 0.00859375 0.0203125
16 0.19609375 0.1234375 0.0109375 0.0234375
16 0.21953125 0.13359375 0.0109375 0.02109375
16 0.18828125 0.12109375 0.00859375 0.0203125
16 0.26875 0.15546875 0.01015625 0.02109375
9 0.54765625 0.27578125 0.03359375 0.040625
16 0.203125 0.12734375 0.009375 0.01953125
16 0.2765625 0.15859375 0.01015625 0.02265625
16 0.571875 0.28671875 0.0109375 0.0109375
16 0.5890625 0.29375 0.01328125 0.0125
9 0.6125 0.3046875 0.0296875 0.04296875
9 0.6640625 0.33203125 0.04765625 0.06875
9 0.6640625 0.33359375 0.04453125 0.06015625
16 0.6328125 0.325 0.0109375 0.0125
16 0.409375 0.228125 0.009375 0.0203125
16 0.41875 0.23203125 0.00859375 0.02265625
16 0.4 0.22421875 0.0109375 0.02109375
16 0.44296875 0.24453125 0.0109375 0.02265625
16 0.43515625 0.24140625 0.01015625 0.02109375
16 0.58515625 0.3078125 0.0140625 0.01484375
16 0.06640625 0.0890625 0.01328125 0.015625
16 0.63125 0.33828125 0.01171875 0.0109375
16 0.92109375 0.465625 0.01328125 0.0125
4 0.24609375 0.178125 0.271875 0.1578125
2 0.065625 0.11015625 0.01328125 0.015625
16 0.46171875 0.2890625 0.009375 0.02265625
2 0.47265625 0.29375 0.009375 0.02109375
2 0.67265625 0.38046875 0.01484375 0.01484375
16 0.6859375 0.390625 0.01328125 0.01484375
16 0.653125 0.37578125 0.009375 0.02109375
2 0.66015625 0.38125 0.009375 0.02109375
16 0.6703125 0.3921875 0.01328125 0.01484375
2 0.728125 0.4171875 0.01328125 0.0125
16 0.1796875 0.19453125 0.01015625 0.0234375
2 0.76875 0.44921875 0.0140625 0.01484375
2 0.47578125 0.325 0.0125 0.0125
2 0.5015625 0.3359375 0.0125 0.0125
16 0.51796875 0.34609375 0.009375 0.02109375
2 0.525 0.35 0.009375 0.01953125
9 0.41640625 0.30546875 0.04765625 0.0578125
16 0.33828125 0.275 0.0140625 0.015625
16 0.3515625 0.28125 0.0140625 0.0140625
16 0.14296875 0.19375 0.00703125 0.01875
16 0.13515625 0.18984375 0.009375 0.02109375
2 0.15859375 0.20078125 0.009375 0.0203125
16 0.11796875 0.18359375 0.009375 0.0203125
2 0.15078125 0.19765625 0.01015625 0.02109375
16 0.1265625 0.18828125 0.00859375 0.01953125
2 0.63203125 0.40703125 0.01328125 0.015625
16 0.66015625 0.4203125 0.015625 0.0171875
2 0.70703125 0.44375 0.0125 0.0140625
16 0.9265625 0.5390625 0.0140625 0.01484375
2 0.64453125 0.4203125 0.01015625 0.02265625
16 0.6296875 0.41953125 0.0140625 0.015625
16 0.6578125 0.43203125 0.0140625 0.0140625
16 0.7265625 0.46484375 0.0125 0.0140625
16 0.925 0.5515625 0.01171875 0.0140625
16 0.05 0.17578125 0.0140625 0.0171875
2 0.03828125 0.171875 0.00390625 0.0125
16 0.84609375 0.52265625 0.01015625 0.0234375
2 0.859375 0.528125 0.0109375 0.02578125
2 0.76796875 0.48828125 0.0109375 0.0234375
16 0.83046875 0.515625 0.01015625 0.0234375
2 0.82265625 0.5125 0.0109375 0.02265625
16 0.8375 0.51953125 0.009375 0.0203125
16 0.81484375 0.5109375 0.009375 0.02109375
16 0.56484375 0.40234375 0.0125 0.01484375
16 0.5796875 0.409375 0.0125 0.01484375
16 0.70390625 0.46796875 0.01171875 0.0140625
16 0.72421875 0.47734375 0.0140625 0.01015625
9 0.790625 0.5078125 0.03125 0.04140625
16 0.590625 0.4234375 0.0140625 0.01484375
16 0.38046875 0.33359375 0.01171875 0.00859375
9 0.8828125 0.55 0.03125 0.0375
16 0.39921875 0.34375 0.00859375 0.01796875
16 0.39140625 0.33984375 0.009375 0.01875
16 0.4140625 0.3515625 0.0078125 0.01796875
16 0.421875 0.35390625 0.009375 0.01875
16 0.40703125 0.34765625 0.0109375 0.02109375
16 0.9578125 0.5859375 0.0078125 0.01953125
2 0.94921875 0.5828125 0.0125 0.025
16 0.5703125 0.421875 0.01484375 0.01640625
16 0.7015625 0.48046875 0.01171875 0.0109375
16 0.721875 0.490625 0.01328125 0.0140625
4 0.2296875 0.2828125 0.27578125 0.165625
16 0.75390625 0.509375 0.01015625 0.01953125
16 0.7625 0.5125 0.009375 0.0203125
2 0.0703125 0.21640625 0.01015625 0.0234375
9 0.04296875 0.20625 0.02265625 0.046875
16 0.7 0.49375 0.0125 0.01484375
16 0.7203125 0.50234375 0.01171875 0.01171875
2 0.3671875 0.3625 0.0125 0.0140625
16 0.69765625 0.50546875 0.0109375 0.01015625
16 0.71875 0.5171875 0.0125 0.0140625
16 0.94609375 0.61875 0.009375 0.0234375
9 0.4875 0.42265625 0.075 0.1453125
2 0.52890625 0.440625 0.0140625 0.015625
16 0.16015625 0.2859375 0.01484375 0.01484375
2 0.1765625 0.29296875 0.01328125 0.015625
2 0.6953125 0.5203125 0.0140625 0.015625
16 0.715625 0.52890625 0.01171875 0.0109375
2 0.03125 0.23984375 0.0109375 0.0125
2 0.09140625 0.2703125 0.009375 0.02109375
16 0.7140625 0.54140625 0.0125 0.01484375
16 0.69296875 0.5328125 0.0125 0.0125
2 0.7984375 0.58046875 0.009375 0.02109375
2 0.85078125 0.603125 0.0078125 0.0203125
16 0.8421875 0.6 0.01015625 0.0234375
2 0.7546875 0.56328125 0.009375 0.0234375
2 0.43828125 0.4265625 0.015625 0.0171875
2 0.134375 0.2953125 0.009375 0.02265625
2 0.115625 0.2890625 0.01015625 0.02265625
2 0.1421875 0.30078125 0.009375 0.02109375
16 0.1578125 0.3078125 0.009375 0.01875
16 0.04765625 0.2609375 0.01328125 0.01484375
2 0.14921875 0.3046875 0.009375 0.01953125
16 0.028125 0.253125 0.0109375 0.0125
16 0.190625 0.32578125 0.0125 0.015625
16 0.71171875 0.553125 0.0109375 0.01171875
16 0.69140625 0.54453125 0.0140625 0.015625
9 0.8703125 0.62109375 0.0328125 0.03828125
9 0.81875 0.6 0.0296875 0.0359375
16 0.1765625 0.3234375 0.01328125 0.015625
9 0.77421875 0.58359375 0.034375 0.03828125
16 0.0265625 0.26640625 0.0109375 0.0125
16 0.51796875 0.48359375 0.00859375 0.01953125
2 0.53359375 0.48984375 0.00859375 0.01875
16 0.71015625 0.56640625 0.0125 0.01484375
2 0.525 0.4875 0.01015625 0.0203125
2 0.0734375 0.29609375 0.01015625 0.02265625
2 0.025 0.278125 0.01171875 0.01484375
16 0.68828125 0.56953125 0.01328125 0.01484375
2 0.42890625 0.45859375 0.01328125 0.0140625
16 0.56015625 0.515625 0.015625 0.01640625
16 0.93671875 0.6796875 0.01171875 0.0234375
9 0.0421875 0.29609375 0.02578125 0.04765625
2 0.37265625 0.44140625 0.01328125 0.015625
16 0.82734375 0.6421875 0.01015625 0.02109375
16 0.70546875 0.590625 0.015625 0.01640625
16 0.6859375 0.58203125 0.0125 0.0125
16 0.7703125 0.61953125 0.009375 0.0203125
2 0.7875 0.6265625 0.009375 0.0203125
16 0.803125 0.63359375 0.009375 0.02265625
16 0.81875 0.63984375 0.01015625 0.01953125
16 0.84609375 0.65234375 0.009375 0.01953125
16 0.7625 0.615625 0.009375 0.02421875
16 0.8109375 0.6375 0.009375 0.0203125
16 0.7953125 0.63125 0.00859375 0.0203125
16 0.83828125 0.64921875 0.00859375 0.0203125
16 0.778125 0.625 0.0078125 0.01640625