16 0.6953125 0.025 0.015625 0.0140625
9 0.4046875 0.10625 0.0171875 0.03203125
2 0.41796875 0.10546875 0.009375 0.02421875
16 0.371875 0.13359375 0.00859375 0.02578125
16 0.39453125 0.140625 0.01015625 0.0203125
9 0.02265625 0.28125 0.0453125 0.06015625
16 0.2453125 0.265625 0.015625 0.0125
16 0.06484375 0.325 0.00703125 0.01875
16 0.071875 0.3234375 0.0078125 0.021875
16 0.078125 0.321875 0.00703125 0.02421875
16 0.0859375 0.32109375 0.0078125 0.02421875
16 0.33046875 0.25859375 0.01015625 0.01171875
16 0.06796875 0.34921875 0.0078125 0.02265625
16 0.075 0.3484375 0.0078125 0.02265625
16 0.08203125 0.346875 0.00703125 0.0203125
16 0.08828125 0.34609375 0.00703125 0.021875
16 0.33203125 0.290625 0.0109375 0.0125
2 0.01796875 0.40546875 0.0359375 0.0921875
16 0.3359375 0.32109375 0.0125 0.0140625
9 0.38515625 0.31015625 0.10390625 0.25546875
16 0.25078125 0.359375 0.0078125 0.01796875
2 0.18359375 0.38046875 0.00859375 0.02421875
2 0.1640625 0.38828125 0.00859375 0.021875
16 0.3390625 0.34921875 0.009375 0.01015625
2 0.18671875 0.4125 0.01015625 0.0140625
16 0.26015625 0.39296875 0.0140625 0.01796875
16 0.2 0.41015625 0.0109375 0.01171875
2 0.0140625 0.46015625 0.01328125 0.0203125
2 0.25703125 0.41171875 0.00625 0.01640625
2 0.2703125 0.40859375 0.0078125 0.01875
16 0.26328125 0.4109375 0.00703125 0.01796875
16 0.2046875 0.428125 0.0078125 0.021875
2 0.21171875 0.42734375 0.0078125 0.02265625
16 0.19453125 0.4421875 0.01015625 0.02421875
16 0.27890625 0.42890625 0.00703125 0.02265625
16 0.25859375 0.4359375 0.0078125 0.02421875
16 0.265625 0.4328125 0.00625 0.01875
16 0.27265625 0.43203125 0.00703125 0.0203125
16 0.171875 0.4609375 0.009375 0.021875
16 0.20546875 0.4515625 0.00703125 0.01796875
2 0.12421875 0.47421875 0.03125 0.0625
16 0.2125 0.45 0.00625 0.01796875
16 0.0125 0.509375 0.0078125 0.021875
2 0.01953125 0.50859375 0.00625 0.021875
16 0.19609375 0.4609375 0.01328125 0.0140625
9 0.0046875 0.5171875 0.00859375 0.04453125
16 0.20859375 0.4703125 0.00625 0.01796875
16 0.21484375 0.47109375 0.00625 0.01875
16 0.28125 0.4546875 0.00625 0.01875
16 0.275 0.45625 0.00703125 0.021875
16 0.2609375 0.46015625 0.00703125 0.01796875
16 0.26796875 0.45859375 0.00625 0.01875
16 0.1484375 0.49140625 0.0078125 0.021875
16 0.16953125 0.48671875 0.00859375 0.021875
16 0.2890625 0.453125 0.0078125 0.01875
2 0.190625 0.48125 0.01796875 0.01875
16 0.17734375 0.48515625 0.0078125 0.01875
16 0.01484375 0.53984375 0.00859375 0.0125
16 0.43046875 0.440625 0.01171875 0.01171875
2 0.390625 0.453125 0.00859375 0.0265625
16 0.4359375 0.45703125 0.009375 0.02421875
16 0.39296875 0.47578125 0.01015625 0.0203125
2 0.428125 0.49453125 0.015625 0.01640625
4 0.0203125 0.64140625 0.03984375 0.17109375
9 0.41640625 0.546875 0.0546875 0.0921875
16 0.084375 0.640625 0.01171875 0.0125
16 0.11015625 0.64375 0.01015625 0.01171875
16 0.08515625 0.65234375 0.01484375 0.0140625
16 0.1125 0.659375 0.009375 0.01015625
9 0.2296875 0.66796875 0.17890625 0.28984375
2 0.4171875 0.64296875 0.0171875 0.0125
16 0.053125 0.7484375 0.00703125 0.01796875
16 0.046875 0.7515625 0.00703125 0.0203125
16 0.06953125 0.74609375 0.0078125 0.02265625
16 0.0625 0.74921875 0.0078125 0.02421875
2 0.41640625 0.65390625 0.01484375 0.0140625
16 0.0875 0.75859375 0.00703125 0.0203125
16 0.08125 0.7625 0.00703125 0.02265625
16 0.075 0.7671875 0.0078125 0.01875
16 0.06796875 0.76953125 0.00703125 0.01640625
2 0.109375 0.7796875 0.03515625 0.06796875
2 0.084375 0.7875 0.01875 0.02421875
9 0.41328125 0.7078125 0.0640625 0.10234375
2 0.0640625 0.80859375 0.01484375 0.01796875
4 0.03515625 0.82578125 0.03515625 0.146875
2 0.08671875 0.8140625 0.0203125 0.02265625
16 0.065625 0.13359375 0.0078125 0.0203125
16 0.06484375 0.82421875 0.0140625 0.015625
2 0.065625 0.8390625 0.0140625 0.01796875
16 0.06796875 0.85390625 0.0171875 0.0140625
16 0.5703125 0.75859375 0.0078125 0.02578125
16 0.578125 0.7578125 0.00859375 0.028125
16 0.24375 0.84921875 0.0109375 0.0265625
16 0.1828125 0.1109375 0.01171875 0.0125
16 0.253125 0.84609375 0.00859375 0.0265625
16 0.26796875 0.84296875 0.0109375 0.03046875
16 0.26015625 0.846875 0.00625 0.028125
16 0.2328125 0.85546875 0.00859375 0.021875
9 0.86953125 0.6890625 0.0421875 0.05703125
2 0.15078125 0.88515625 0.01875 0.02265625
16 0.121875 0.89375 0.00625 0.01796875
16 0.05234375 0.14765625 0.00703125 0.01875
2 0.115625 0.896875 0.00625 0.01796875
16 0.5953125 0.7734375 0.0078125 0.021875
2 0.18515625 0.8859375 0.01015625 0.034375
16 0.61796875 0.76875 0.00703125 0.021875
16 0.61015625 0.77109375 0.0078125 0.021875
16 0.53125 0.79375 0.0078125 0.0203125
16 0.58671875 0.77890625 0.0078125 0.02421875
16 0.603125 0.77421875 0.00625 0.02265625
16 0.62734375 0.7671875 0.009375 0.021875
16 0.06015625 0.146875 0.00703125 0.0203125
16 0.521875 0.8 0.01171875 0.015625
9 0.0859375 0.9203125 0.05078125 0.06796875
9 0.0859375 0.92109375 0.05390625 0.06875
2 0.4765625 0.81953125 0.01171875 0.01171875
16 0.3234375 0.0765625 0.00703125 0.0203125
2 0.2484375 0.8890625 0.00859375 0.02578125
16 0.5234375 0.81796875 0.01484375 0.01640625
16 0.9140625 0.715625 0.00625 0.02265625
2 0.55078125 0.815625 0.03203125 0.03984375
2 0.2390625 0.90234375 0.01015625 0.0265625
16 0.51875 0.83828125 0.00703125 0.02421875
16 0.3515625 0.0703125 0.009375 0.02265625
16 0.37578125 0.0640625 0.0078125 0.021875
16 0.5125 0.84140625 0.00703125 0.021875
16 0.5265625 0.8375 0.00625 0.01875
16 0.50390625 0.84453125 0.009375 0.0203125
16 0.47734375 0.85234375 0.00625 0.01640625
16 0.48515625 0.8515625 0.0078125 0.021875
16 0.49765625 0.84921875 0.00703125 0.015625
2 0.1234375 0.9546875 0.0078125 0.021875
16 0.24609375 0.92890625 0.00859375 0.02265625
2 0.16640625 0.95 0.05234375 0.090625
16 0.23828125 0.93203125 0.0078125 0.02421875
2 0.2578125 0.92890625 0.01640625 0.03828125
16 0.3609375 0.07109375 0.0078125 0.0265625
16 0.184375 0.12109375 0.0140625 0.0125
2 0.3984375 0.93203125 0.02109375 0.03046875
16 0.184375 0.13125 0.01875 0.0125
2 0.41328125 0.071875 0.01484375 0.03671875
16 0.1859375 0.14140625 0.01796875 0.0125
16 0.3703125 0.0921875 0.00703125 0.02265625
16 0.06953125 0.1734375 0.0078125 0.0203125
16 0.05546875 0.178125 0.00625 0.021875
16 0.33515625 0.10234375 0.0078125 0.02265625
16 0.0625 0.1765625 0.00703125 0.01875
16 0.38515625 0.08984375 0.00703125 0.021875
16 0.3453125 0.10234375 0.00703125 0.0203125
16 0.69296875 0.01171875 0.01328125 0.015625