2 0.5375 0.58203125 0.0109375 0.0203125
2 0.58203125 0.5734375 0.00859375 0.01796875
2 0.58984375 0.57265625 0.0109375 0.015625
2 0.49375 0.59921875 0.01796875 0.01484375
2 0.46015625 0.6671875 0.05 0.07109375
2 0.96796875 0.5671875 0.04140625 0.0484375
20 0.46640625 0.69453125 0.01875 0.0234375
2 0.94453125 0.58046875 0.03515625 0.04296875
2 0.44921875 0.71640625 0.015625 0.01328125
2 0.52265625 0.69921875 0.028125 0.03515625
16 0.22421875 0.778125 0.01015625 0.0203125
16 0.31796875 0.7546875 0.0078125 0.015625
16 0.23359375 0.77734375 0.00859375 0.01953125
16 0.29375 0.76484375 0.01328125 0.0125
16 0.24609375 0.790625 0.0078125 0.0171875
16 0.2390625 0.79375 0.00859375 0.01640625
16 0.29765625 0.7796875 0.009375 0.01640625
16 0.3046875 0.77734375 0.0078125 0.0171875
2 0.9484375 0.62109375 0.0140625 0.01328125
20 0.965625 0.62109375 0.0171875 0.02265625
16 0.50859375 0.73828125 0.0078125 0.01484375
16 0.50234375 0.7421875 0.009375 0.0171875
16 0.48671875 0.7484375 0.00859375 0.0171875
16 0.4953125 0.7484375 0.01015625 0.02109375
2 0.434375 0.77265625 0.0515625 0.059375
2 0.56328125 0.74921875 0.00859375 0.0140625
2 0.5046875 0.76484375 0.0078125 0.0171875
2 0.49765625 0.7671875 0.009375 0.01796875
2 0.5484375 0.75390625 0.00859375 0.0171875
2 0.55546875 0.75234375 0.0078125 0.01484375
2 0.48984375 0.76953125 0.0109375 0.02109375
2 0.5125 0.76328125 0.01015625 0.02109375
2 0.540625 0.7578125 0.009375 0.01875
9 0.98984375 0.6453125 0.0203125 0.025
20 0.96953125 0.65078125 0.025 0.0328125
16 0.996875 0.659375 0.00546875 0.01328125
2 0.453125 0.8078125 0.02265625 0.025
2 0.42265625 0.8265625 0.02578125 0.0328125
2 0.4515625 0.83671875 0.02890625 0.03828125
2 0.42109375 0.85625 0.02578125 0.0359375
9 0.53359375 0.83203125 0.0625 0.07890625
2 0.39609375 0.89765625 0.0265625 0.03671875
2 0.45625 0.884375 0.0140625 0.02421875
9 0.45859375 0.89140625 0.03203125 0.0546875
9 0.42421875 0.90546875 0.02890625 0.0453125
2 0.40078125 0.93046875 0.028125 0.03046875
2 0.55546875 0.8984375 0.00859375 0.01796875
2 0.590625 0.8890625 0.01171875 0.0203125
2 0.58125 0.8921875 0.01171875 0.02265625
2 0.525 0.90625 0.01171875 0.025
2 0.57265625 0.8953125 0.01484375 0.02109375
2 0.54765625 0.9015625 0.0109375 0.015625
2 0.59921875 0.88828125 0.0125 0.025
2 0.56484375 0.89765625 0.0125 0.01953125
2 0.53828125 0.9046875 0.01171875 0.025
2 0.50703125 0.9125 0.01171875 0.0234375
2 0.49765625 0.91484375 0.00859375 0.02109375
2 0.515625 0.9109375 0.01171875 0.021875
16 0.45078125 0.95078125 0.01015625 0.0171875
16 0.43828125 0.95546875 0.0078125 0.01328125
2 0.59765625 0.92578125 0.03359375 0.06171875
2 0.565625 0.95625 0.053125 0.07109375
4 0.51640625 0.97890625 0.06015625 0.04140625
2 0.1046875 0.1890625 0.03203125 0.04609375
2 0.04921875 0.20625 0.02578125 0.04296875
2 0.028125 0.22265625 0.03671875 0.05625
16 0.56328125 0.23828125 0.01484375 0.01171875
20 0.58984375 0.2375 0.01875 0.02109375
2 0.6359375 0.2421875 0.0421875 0.0671875
2 0.6796875 0.2375 0.04375 0.07109375
2 0.28515625 0.33828125 0.04921875 0.04609375
20 0.59453125 0.26328125 0.02421875 0.0140625
16 0.553125 0.27421875 0.00703125 0.01328125
16 0.5640625 0.27734375 0.01015625 0.0171875
16 0.57265625 0.27578125 0.00859375 0.01953125
20 0.4015625 0.32734375 0.0171875 0.02734375
2 0.890625 0.2125 0.05234375 0.0546875
20 0.59765625 0.290625 0.01875 0.025
9 0.81796875 0.240625 0.03984375 0.0390625
2 0.52734375 0.3171875 0.05234375 0.0515625
20 0.403125 0.34921875 0.0203125 0.02265625
20 0.43515625 0.34140625 0.01796875 0.02421875
2 0.47578125 0.33359375 0.05546875 0.05
2 0.84765625 0.24140625 0.0109375 0.01875
20 0.58359375 0.315625 0.01875 0.02578125
20 0.59921875 0.3125 0.01640625 0.021875
2 0.925 0.2328125 0.04765625 0.05859375
2 0.82890625 0.26015625 0.01328125 0.01171875
2 0.8140625 0.2640625 0.01796875 0.01484375
2 0.49375 0.36015625 0.01015625 0.0203125
2 0.440625 0.375 0.01015625 0.01796875
2 0.4484375 0.375 0.00859375 0.01796875
2 0.54140625 0.3515625 0.01484375 0.01328125
20 0.6078125 0.3375 0.01796875 0.025
20 0.6296875 0.34140625 0.01875 0.02421875
20 0.47421875 0.40859375 0.0203125 0.028125
20 0.553125 0.38984375 0.01484375 0.021875
20 0.45859375 0.4140625 0.01953125 0.02109375
20 0.4890625 0.40703125 0.01796875 0.0234375
2 0.43125 0.45078125 0.040625 0.0515625
20 0.9265625 0.35234375 0.02109375 0.02578125
2 0.56796875 0.45390625 0.0390625 0.06953125
20 0.928125 0.37421875 0.01796875 0.02578125
2 0.59609375 0.459375 0.015625 0.015625
2 0.59765625 0.4703125 0.0171875 0.01328125
2 0.6 0.4796875 0.01328125 0.0125
4 0.06796875 0.6171875 0.04921875 0.10546875
2 0.4375 0.52578125 0.040625 0.07265625
9 0.54375 0.51015625 0.084375 0.109375
20 0.93515625 0.42109375 0.02578125 0.03046875
2 0.49296875 0.53984375 0.0140625 0.01328125
2 0.61484375 0.515625 0.01015625 0.02421875
2 0.59765625 0.52109375 0.01484375 0.01953125
2 0.6078125 0.51796875 0.01015625 0.02109375
2 0.49453125 0.55234375 0.01328125 0.0109375
20 0.4484375 0.575 0.01796875 0.02421875
16 0.2375 0.6390625 0.00625 0.0140625
2 0.49765625 0.57265625 0.015625 0.01171875
16 0.23125 0.640625 0.00859375 0.015625
2 0.51328125 0.58671875 0.01015625 0.01796875
2 0.52109375 0.58515625 0.00859375 0.01796875