2 0.4703125 0.396875 0.0140625 0.02265625
2 0.4875 0.40390625 0.01953125 0.02265625
2 0.5703125 0.4421875 0.009375 0.01484375
2 0.58046875 0.44765625 0.0125 0.0171875
2 0.58984375 0.45 0.0109375 0.0171875
2 0.56640625 0.4625 0.01015625 0.0171875
2 0.6 0.4546875 0.0125 0.0171875
2 0.59921875 0.45546875 0.0140625 0.01640625
2 0.58125 0.47109375 0.0109375 0.01484375
2 0.53828125 0.4859375 0.0109375 0.01640625
2 0.58984375 0.47421875 0.0109375 0.0140625
16 0.525 0.4984375 0.0109375 0.015625
2 0.6 0.4796875 0.00859375 0.0140625
16 0.53046875 0.50234375 0.0078125 0.0125
2 0.6046875 0.48125 0.009375 0.015625
2 0.5359375 0.5046875 0.01015625 0.01484375
2 0.6109375 0.484375 0.009375 0.015625
2 0.6171875 0.4859375 0.009375 0.0140625
16 0.621875 0.48828125 0.0109375 0.0171875
16 0.62734375 0.490625 0.009375 0.015625
9 0.50390625 0.52890625 0.02109375 0.03828125
16 0.6328125 0.49140625 0.0125 0.015625
2 0.53046875 0.5296875 0.01171875 0.01484375
2 0.6546875 0.50546875 0.009375 0.01328125
16 0.4953125 0.5546875 0.01015625 0.0140625
2 0.6921875 0.49765625 0.01328125 0.01875
16 0.5 0.55546875 0.009375 0.0140625
2 0.52734375 0.5484375 0.009375 0.01328125
2 0.6625 0.50859375 0.0109375 0.0140625
16 0.50546875 0.5578125 0.01015625 0.0125
2 0.6234375 0.525 0.0078125 0.0125
16 0.4921875 0.565625 0.00859375 0.01328125
9 0.57265625 0.5421875 0.13125 0.1859375
2 0.628125 0.52734375 0.01015625 0.0125
16 0.49765625 0.56796875 0.009375 0.0125
2 0.71171875 0.50625 0.01796875 0.02265625
16 0.50234375 0.5703125 0.00859375 0.01328125
2 0.5078125 0.571875 0.0078125 0.0125
2 0.684375 0.51875 0.0140625 0.01796875
16 0.490625 0.57890625 0.00859375 0.01328125
16 0.51171875 0.575 0.0078125 0.01171875
16 0.4953125 0.58125 0.0078125 0.0125
2 0.61875 0.54609375 0.009375 0.015625
16 0.5171875 0.5765625 0.01015625 0.01328125
16 0.49921875 0.58203125 0.0078125 0.0125
2 0.625 0.5453125 0.009375 0.0125
16 0.4859375 0.590625 0.01171875 0.01796875
16 0.50390625 0.58515625 0.01015625 0.01484375
16 0.49296875 0.59375 0.01015625 0.01484375
9 0.6671875 0.54375 0.07578125 0.11328125
16 0.49765625 0.59609375 0.0109375 0.01484375
2 0.52734375 0.59375 0.0109375 0.01328125
2 0.61484375 0.56875 0.0078125 0.0140625
2 0.53671875 0.59609375 0.0078125 0.01328125
16 0.61953125 0.571875 0.009375 0.0140625
2 0.6375 0.56796875 0.00859375 0.01328125
16 0.625 0.57421875 0.01015625 0.0140625
2 0.5421875 0.60078125 0.00859375 0.0140625
2 0.640625 0.57109375 0.0078125 0.01328125
16 0.6296875 0.57578125 0.0109375 0.015625
16 0.5453125 0.60078125 0.0109375 0.01640625
2 0.6453125 0.57421875 0.0078125 0.0109375
16 0.5515625 0.60234375 0.0109375 0.01484375
2 0.65078125 0.5765625 0.00859375 0.0140625
16 0.55546875 0.60546875 0.009375 0.0140625
2 0.609375 0.5921875 0.0078125 0.015625
16 0.5609375 0.60703125 0.009375 0.0140625
2 0.61484375 0.59375 0.009375 0.01796875
2 0.63984375 0.58671875 0.01171875 0.01640625
16 0.56484375 0.609375 0.0109375 0.0140625
2 0.56953125 0.6125 0.009375 0.0140625
2 0.66875 0.58515625 0.009375 0.0171875
2 0.64609375 0.59140625 0.00859375 0.01484375
2 0.57421875 0.6140625 0.00859375 0.01328125
16 0.65 0.59375 0.0109375 0.015625
2 0.57890625 0.615625 0.009375 0.0140625
2 0.675 0.5875 0.01015625 0.0140625
2 0.803125 0.55078125 0.01484375 0.01796875
16 0.6546875 0.5953125 0.009375 0.01328125
2 0.5828125 0.6171875 0.009375 0.01484375
2 0.6796875 0.58984375 0.009375 0.015625
16 0.66015625 0.59765625 0.0109375 0.0140625
2 0.73984375 0.57421875 0.01875 0.02890625
2 0.6859375 0.59140625 0.0109375 0.0140625
2 0.58984375 0.62109375 0.0125 0.01875
2 0.66796875 0.60234375 0.0109375 0.0140625
2 0.746875 0.5796875 0.015625 0.0296875
2 0.71015625 0.5921875 0.01640625 0.0265625
2 0.82578125 0.55703125 0.01171875 0.021875
2 0.6765625 0.6046875 0.0109375 0.0140625
16 0.7328125 0.59921875 0.0125 0.01640625
2 0.6 0.6390625 0.01640625 0.0234375
16 0.73828125 0.6015625 0.0109375 0.0125
9 0.72109375 0.60703125 0.025 0.04453125
9 0.65078125 0.6296875 0.078125 0.09453125
2 0.60859375 0.64296875 0.01640625 0.02734375
2 0.73359375 0.615625 0.0171875 0.02578125
2 0.62109375 0.65234375 0.009375 0.01484375
2 0.625 0.65390625 0.009375 0.01484375
2 0.63046875 0.65703125 0.009375 0.0125
2 0.634375 0.66015625 0.0109375 0.01484375
16 0.71328125 0.6390625 0.0109375 0.0140625
16 0.71953125 0.63984375 0.0109375 0.01640625
2 0.7296875 0.63828125 0.015625 0.021875
2 0.6984375 0.6515625 0.01796875 0.02734375
2 0.6515625 0.6671875 0.0109375 0.01875
2 0.65859375 0.67109375 0.009375 0.01640625
2 0.6640625 0.6734375 0.00859375 0.01328125
2 0.66953125 0.67421875 0.009375 0.0140625
2 0.725 0.66328125 0.01953125 0.03359375
2 0.734375 0.66796875 0.01953125 0.03046875
16 0.83984375 0.6484375 0.01171875 0.01484375
2 0.84765625 0.64609375 0.01640625 0.0234375
2 0.821875 0.65703125 0.0109375 0.01796875
16 0.82734375 0.659375 0.009375 0.01328125
16 0.83203125 0.66171875 0.009375 0.0125
16 0.83671875 0.66484375 0.0078125 0.0125
16 0.84140625 0.66640625 0.009375 0.01484375
2 0.8828125 0.65390625 0.01875 0.02890625
16 0.8453125 0.66640625 0.01171875 0.01484375
9 0.82109375 0.6765625 0.01796875 0.021875
2 0.89296875 0.6578125 0.0203125 0.02890625
2 0.83046875 0.68125 0.0171875 0.02734375
16 0.803125 0.6921875 0.0109375 0.01953125
16 0.8078125 0.69453125 0.01015625 0.015625
2 0.81484375 0.69921875 0.015625 0.02265625
2 0.984375 0.6484375 0.01328125 0.01796875
2 0.878125 0.68203125 0.01953125 0.03046875
16 0.9890625 0.6515625 0.0125 0.01640625
16 0.99375 0.65390625 0.01171875 0.01796875
2 0.8890625 0.6875 0.0171875 0.02890625
9 0.828125 0.70546875 0.01953125 0.02890625
16 0.99609375 0.65546875 0.00625 0.01484375
2 0.8984375 0.6890625 0.01796875 0.0265625
16 0.99765625 0.65859375 0.003125 0.01640625
2 0.9875 0.66796875 0.0109375 0.01484375
2 0.9078125 0.6921875 0.02109375 0.02734375
2 0.80703125 0.72421875 0.01328125 0.02109375
2 0.8734375 0.70625 0.01640625 0.0234375
2 0.99140625 0.67109375 0.0109375 0.01484375
16 0.8125 0.72734375 0.0125 0.015625
2 0.9953125 0.67265625 0.00859375 0.015625
2 0.81796875 0.7296875 0.0109375 0.015625
2 0.9984375 0.675 0.00234375 0.01328125
16 0.82265625 0.73046875 0.01171875 0.01484375
16 0.8265625 0.73359375 0.0125 0.015625
2 0.890625 0.7140625 0.01796875 0.025
2 0.83203125 0.734375 0.009375 0.01640625
16 0.91875 0.7109375 0.01171875 0.015625
2 0.8359375 0.73671875 0.009375 0.0125
16 0.95078125 0.703125 0.009375 0.0140625
16 0.95625 0.70390625 0.01015625 0.01640625
2 0.86953125 0.7296875 0.01875 0.021875
16 0.840625 0.7390625 0.01015625 0.0140625
16 0.96015625 0.70625 0.009375 0.015625
16 0.8453125 0.74140625 0.0109375 0.01484375
2 0.9109375 0.7234375 0.01171875 0.01484375
16 0.965625 0.70859375 0.0109375 0.015625
16 0.85 0.74375 0.01171875 0.0171875
2 0.9484375 0.71640625 0.0125 0.01796875
16 0.9703125 0.7109375 0.01015625 0.01796875
2 0.85546875 0.7453125 0.01171875 0.01796875
2 0.88671875 0.73671875 0.01875 0.02734375
16 0.953125 0.7171875 0.01015625 0.01484375
16 0.97421875 0.7109375 0.0109375 0.01484375
9 0.91640625 0.72890625 0.01640625 0.02265625
16 0.89296875 0.7390625 0.0109375 0.015625
16 0.9578125 0.7203125 0.00859375 0.01328125
2 0.925 0.73046875 0.0109375 0.02109375
16 0.97890625 0.715625 0.01171875 0.01484375
16 0.93046875 0.7328125 0.0125 0.01640625
16 0.9625 0.7234375 0.009375 0.0140625
16 0.00234375 0.19609375 0.0046875 0.015625
16 0.93515625 0.734375 0.01171875 0.01875
16 0.96640625 0.72578125 0.01015625 0.01328125
2 0.903125 0.74609375 0.0109375 0.0203125
2 0.90859375 0.746875 0.0109375 0.01875
16 0.971875 0.7296875 0.01171875 0.01640625
2 0.94453125 0.73828125 0.0125 0.0171875
2 0.91328125 0.7484375 0.009375 0.01640625
16 0.97578125 0.73046875 0.0078125 0.0125
16 0.91953125 0.75 0.0109375 0.01875
16 0.9796875 0.7328125 0.01015625 0.0125
16 0.98515625 0.734375 0.00859375 0.015625
2 0.95390625 0.74375 0.0109375 0.01953125
16 0.9234375 0.7546875 0.0125 0.01640625
2 0.99140625 0.73671875 0.01484375 0.0171875
2 0.94140625 0.75703125 0.0109375 0.015625
9 0.96171875 0.753125 0.02734375 0.0421875
16 0.971875 0.753125 0.0109375 0.015625
2 0.9515625 0.7609375 0.009375 0.0140625
16 0.97734375 0.75390625 0.009375 0.0140625
2 0.98203125 0.75546875 0.01015625 0.0140625
16 0.0046875 0.19921875 0.009375 0.015625
16 0.98671875 0.7578125 0.0109375 0.01640625
2 0.99140625 0.7609375 0.0109375 0.0171875
16 0.96796875 0.76953125 0.009375 0.0125
2 0.9953125 0.76484375 0.00859375 0.01640625
16 0.9734375 0.77109375 0.01015625 0.015625
16 0.9984375 0.765625 0.00234375 0.015625
2 0.978125 0.77265625 0.01015625 0.01484375
16 0.9828125 0.775 0.009375 0.015625
2 0.9875 0.7765625 0.01015625 0.01484375
2 0.9921875 0.77890625 0.009375 0.01796875
2 0.009375 0.19921875 0.009375 0.01796875
16 0.99609375 0.7828125 0.00625 0.01484375
2 0.99765625 0.7859375 0.003125 0.01640625
16 0.01484375 0.203125 0.009375 0.01484375
2 0.00078125 0.2109375 0.0015625 0.01875
16 0.0203125 0.20625 0.01171875 0.01484375
2 0.003125 0.2140625 0.00625 0.01875
16 0.0234375 0.2078125 0.01015625 0.0140625
16 0.028125 0.209375 0.009375 0.01328125
2 0.0109375 0.21875 0.009375 0.01953125
16 0.0328125 0.2125 0.009375 0.015625
16 0.0375 0.2140625 0.0109375 0.0125
2 0.01484375 0.221875 0.01171875 0.015625
16 0.0421875 0.215625 0.00859375 0.0140625
2 0.0203125 0.2234375 0.0109375 0.0140625
16 0.046875 0.21875 0.01015625 0.0125
2 0.02421875 0.22578125 0.0125 0.01328125
2 0.0515625 0.21953125 0.009375 0.01953125
2 0.0296875 0.22890625 0.01328125 0.01796875
2 0.03515625 0.23125 0.0125 0.0140625
2 0.03984375 0.23203125 0.0109375 0.0140625
2 0.0453125 0.2328125 0.01171875 0.01640625
2 0.13046875 0.2375 0.0125 0.021875
2 0.09453125 0.25546875 0.01015625 0.01796875
16 0.10078125 0.2578125 0.0109375 0.01328125
2 0.1515625 0.24609375 0.0125 0.0296875
2 0.090625 0.26953125 0.01015625 0.0171875
16 0.11484375 0.2640625 0.01015625 0.01484375
9 0.10625 0.2671875 0.01953125 0.0328125
2 0.11953125 0.26640625 0.0109375 0.0171875
16 0.09765625 0.2734375 0.01015625 0.0140625
16 0.1109375 0.27890625 0.0078125 0.0109375
2 0.11640625 0.27890625 0.01171875 0.0171875
2 0.15234375 0.28203125 0.01796875 0.03359375
16 0.171875 0.28046875 0.0125 0.0203125
2 0.1609375 0.2875 0.0171875 0.03046875
16 0.17734375 0.28515625 0.0109375 0.0140625
16 0.18203125 0.28828125 0.01171875 0.01796875
16 0.1875 0.28828125 0.0125 0.0171875
2 0.16875 0.2953125 0.01015625 0.01796875
2 0.1734375 0.296875 0.0109375 0.01875
16 0.19375 0.2921875 0.0125 0.0171875
2 0.22890625 0.28125 0.01484375 0.025
16 0.1984375 0.29296875 0.0125 0.01875
2 0.1796875 0.3 0.01171875 0.01953125
16 0.20390625 0.296875 0.0109375 0.0171875
2 0.18515625 0.30390625 0.009375 0.01796875
16 0.20859375 0.3 0.0109375 0.01640625
2 0.24609375 0.290625 0.01640625 0.02265625
2 0.1953125 0.3078125 0.009375 0.0171875
16 0.2140625 0.303125 0.0109375 0.01640625
2 0.2 0.31015625 0.009375 0.01953125
16 0.21875 0.3046875 0.0109375 0.015625
2 0.22421875 0.30703125 0.01015625 0.01484375
16 0.23046875 0.309375 0.009375 0.01328125
2 0.209375 0.315625 0.01171875 0.01875
2 0.215625 0.3171875 0.0078125 0.0203125
16 0.23515625 0.31171875 0.0109375 0.01640625
2 0.22265625 0.31875 0.0109375 0.0171875
16 0.240625 0.3140625 0.009375 0.01640625
16 0.246875 0.3171875 0.0109375 0.015625
2 0.22734375 0.3234375 0.0109375 0.0140625
16 0.2515625 0.31953125 0.0109375 0.01640625
2 0.23203125 0.3265625 0.01171875 0.01484375
16 0.25703125 0.32109375 0.009375 0.015625
2 0.23828125 0.32890625 0.01328125 0.01875
16 0.2625 0.325 0.0109375 0.01640625
2 0.24765625 0.3328125 0.0125 0.01953125
16 0.26796875 0.3265625 0.0109375 0.01640625
2 0.2546875 0.334375 0.0109375 0.01796875
16 0.27265625 0.328125 0.0109375 0.01640625
16 0.278125 0.3296875 0.01015625 0.01484375
2 0.26328125 0.340625 0.01171875 0.01484375
2 0.26953125 0.34296875 0.0109375 0.015625
2 0.2765625 0.3453125 0.01171875 0.015625
2 0.35625 0.34375 0.01328125 0.0171875
2 0.37578125 0.35234375 0.01484375 0.0203125
2 0.45703125 0.39140625 0.01484375 0.01796875
16 0.4640625 0.3921875 0.0125 0.01640625