4 0.596875 0.14140625 0.13125 0.215625
16 0.95234375 0.446875 0.0078125 0.04375
16 0.946875 0.4453125 0.0046875 0.0453125
16 0.940625 0.44375 0.0078125 0.04140625
20 0.0515625 0.0046875 0.015625 0.009375
16 0.07734375 0.0125 0.0140625 0.025
16 0.47265625 0.21328125 0.01640625 0.03984375
16 0.35 0.16171875 0.0140625 0.03984375
2 0.50234375 0.25625 0.015625 0.06484375
2 0.29296875 0.1640625 0.01484375 0.07890625
2 0.9421875 0.503125 0.0046875 0.0296875
2 0.1046875 0.071875 0.009375 0.02578125
2 0.94609375 0.5109375 0.00625 0.02578125
2 0.95 0.51171875 0.00390625 0.0234375
20 0.384375 0.22890625 0.0375 0.165625
20 0.3234375 0.209375 0.04140625 0.18984375
20 0.440625 0.2734375 0.04765625 0.18359375
2 0.19375 0.15 0.0078125 0.0359375
16 0.9453125 0.54375 0.0171875 0.04765625
16 0.98046875 0.58203125 0.00390625 0.021875
20 0.2546875 0.20625 0.0140625 0.0453125
20 0.23828125 0.19921875 0.0109375 0.0359375
16 0.9859375 0.61875 0.00625 0.02734375
20 0.81796875 0.5421875 0.0359375 0.140625
16 0.9625 0.6234375 0.0078125 0.0140625
2 0.9765625 0.63671875 0.0125 0.03125
16 0.9625 0.6375 0.00859375 0.01796875
2 0.2515625 0.271875 0.028125 0.08515625
16 0.234375 0.27265625 0.00703125 0.01953125
2 0.95390625 0.6484375 0.0125 0.0359375
2 0.85546875 0.60546875 0.0125 0.06484375
16 0.9796875 0.67109375 0.01015625 0.02578125
16 0.965625 0.67265625 0.00390625 0.021875
16 0.98125 0.69296875 0.0109375 0.021875
16 0.2265625 0.30859375 0.00625 0.0359375
16 0.24921875 0.32421875 0.00546875 0.03125
16 0.24140625 0.3234375 0.0046875 0.03359375
16 0.98125 0.7359375 0.01328125 0.04921875
16 0.80078125 0.65 0.01328125 0.0671875
20 0.23046875 0.36328125 0.01015625 0.0515625
20 0.2484375 0.371875 0.01171875 0.0515625
2 0.2390625 0.3765625 0.0078125 0.0453125
2 0.221875 0.371875 0.00859375 0.04375
20 0.7375 0.64453125 0.0328125 0.1109375
16 0.946875 0.75703125 0.00625 0.015625
16 0.240625 0.4203125 0.00390625 0.0296875
16 0.97109375 0.7984375 0.01171875 0.04375
16 0.234375 0.4171875 0.00390625 0.02734375
2 0.70390625 0.66171875 0.015625 0.07890625
2 0.62109375 0.6203125 0.0125 0.07890625
9 0.9375 0.81015625 0.01484375 0.05546875
2 0.421875 0.5625 0.0515625 0.19921875
2 0.3703125 0.54375 0.059375 0.18984375
20 0.27265625 0.4921875 0.05859375 0.2015625
2 0.31953125 0.521875 0.0453125 0.209375
2 0.93125 0.84296875 0.0078125 0.0140625
9 0.915625 0.84296875 0.01796875 0.04140625
16 0.7265625 0.75390625 0.0078125 0.0453125
2 0.9296875 0.859375 0.0078125 0.0234375
16 0.73515625 0.7765625 0.0109375 0.01953125
16 0.76796875 0.7921875 0.01171875 0.0359375
16 0.79140625 0.81015625 0.00546875 0.0234375
16 0.9578125 0.90234375 0.00390625 0.02578125
2 0.9546875 0.9015625 0.00390625 0.02734375
2 0.64609375 0.74765625 0.0171875 0.07734375
9 0.7796875 0.825 0.01484375 0.0453125
16 0.803125 0.83984375 0.00703125 0.01953125
20 0.7390625 0.80703125 0.01328125 0.053125
2 0.7578125 0.82109375 0.01328125 0.05703125
9 0.91796875 0.909375 0.01640625 0.06328125
16 0.23359375 0.5703125 0.0140625 0.0296875
16 0.52734375 0.728125 0.009375 0.021875
16 0.5125 0.72109375 0.009375 0.01953125
16 0.546875 0.74921875 0.009375 0.0234375
2 0.51171875 0.7390625 0.0109375 0.0234375
16 0.52734375 0.746875 0.0078125 0.01953125
2 0.39140625 0.68203125 0.0484375 0.134375
2 0.39296875 0.68984375 0.0546875 0.1421875
16 0.175 0.5859375 0.0109375 0.0296875
16 0.52890625 0.771875 0.00625 0.021875
16 0.53359375 0.7765625 0.00859375 0.01953125
16 0.15703125 0.584375 0.01640625 0.03359375
16 0.58671875 0.809375 0.0140625 0.0296875
16 0.42890625 0.73046875 0.02109375 0.140625
16 0.54375 0.79140625 0.01171875 0.03359375
16 0.51171875 0.78671875 0.0078125 0.01953125
16 0.60078125 0.83984375 0.00703125 0.03125
9 0.48125 0.7875 0.03359375 0.08515625
2 0.52890625 0.82421875 0.00625 0.04375
16 0.23046875 0.6703125 0.00859375 0.04375
2 0.61171875 0.88515625 0.01015625 0.04765625
16 0.596875 0.89140625 0.00625 0.0359375
20 0.57578125 0.88515625 0.0421875 0.134375
2 0.496875 0.8484375 0.0078125 0.01796875
2 0.4765625 0.83984375 0.00703125 0.01953125
16 0.46171875 0.834375 0.0109375 0.0234375
2 0.35546875 0.77890625 0.034375 0.11484375
20 0.67578125 0.93359375 0.040625 0.128125
16 0.20390625 0.7078125 0.00625 0.03984375
16 0.61796875 0.92265625 0.0078125 0.01953125
16 0.209375 0.71953125 0.00546875 0.03125
16 0.496875 0.8703125 0.0125 0.0296875
16 0.22734375 0.7328125 0.0109375 0.04765625
2 0.48515625 0.86796875 0.00625 0.0359375
16 0.603125 0.9375 0.00625 0.03359375
16 0.6109375 0.95546875 0.00703125 0.0375
2 0.384375 0.8390625 0.0484375 0.1796875
16 0.61484375 0.9625 0.00625 0.03984375
2 0.61953125 0.9703125 0.0046875 0.02734375
16 0.6515625 0.99140625 0.01171875 0.0140625
2 0.009375 0.65625 0.01875 0.1875
2 0.04765625 0.67890625 0.04609375 0.1953125
16 0.428125 0.90625 0.0234375 0.128125
16 0.44296875 0.915625 0.02109375 0.1203125
4 0.95703125 0.3203125 0.084375 0.20546875