1 0.3390625 0.68515625 0.0078125 0.0453125
1 0.35703125 0.68515625 0.00859375 0.0453125
1 0.32890625 0.68515625 0.00859375 0.04453125
1 0.346875 0.6859375 0.0078125 0.04375
20 0.56796875 0.69375 0.01484375 0.05859375
1 0.55703125 0.69609375 0.00546875 0.028125
1 0.1765625 0.696875 0.0046875 0.03046875
1 0.57890625 0.6984375 0.00546875 0.02890625
1 0.865625 0.69921875 0.0078125 0.0453125
1 0.875 0.69921875 0.00703125 0.04296875
1 0.88515625 0.70078125 0.0078125 0.04609375
15 0.66875 0.7015625 0.00546875 0.02890625
1 0.89375 0.70234375 0.0078125 0.04453125
1 0.6078125 0.70390625 0.00546875 0.028125
20 0.103125 0.70390625 0.015625 0.0734375
1 0.09140625 0.70546875 0.00546875 0.028125
1 0.58984375 0.70625 0.00546875 0.03046875
15 0.659375 0.7078125 0.00390625 0.02734375
1 0.72734375 0.7078125 0.00625 0.02734375
15 0.6265625 0.70859375 0.0046875 0.028125
15 0.6515625 0.7109375 0.00546875 0.02890625
20 0.59921875 0.71015625 0.01171875 0.04453125
1 0.115625 0.71796875 0.00625 0.03125
20 0.634375 0.71796875 0.00859375 0.03515625
1 0.70625 0.7203125 0.0046875 0.03046875
9 0.6953125 0.71953125 0.01484375 0.05703125
15 0.64453125 0.72421875 0.00546875 0.0296875
20 0.31484375 0.72421875 0.01640625 0.071875
20 0.18828125 0.725 0.015625 0.065625
15 0.2015625 0.72578125 0.0078125 0.0359375
1 0.121875 0.72578125 0.0046875 0.03046875
15 0.75078125 0.7265625 0.00703125 0.03515625
1 0.684375 0.728125 0.0046875 0.02734375
20 0.37109375 0.72890625 0.0171875 0.0671875
15 0.66875 0.7328125 0.00546875 0.02734375
20 0.7390625 0.734375 0.015625 0.07109375
20 0.78828125 0.734375 0.015625 0.06953125
1 0.77578125 0.73671875 0.0046875 0.028125
15 0.80078125 0.73828125 0.00703125 0.03203125
20 0.85234375 0.73984375 0.01484375 0.06875
1 0.58046875 0.74375 0.00625 0.03359375
20 0.90859375 0.746875 0.0171875 0.065625
15 0.92109375 0.746875 0.00625 0.034375
15 0.60234375 0.753125 0.00546875 0.0296875
15 0.5890625 0.753125 0.0046875 0.03046875
15 0.5953125 0.753125 0.00546875 0.03046875
15 0.62734375 0.7546875 0.00625 0.03046875
1 0.659375 0.7546875 0.0046875 0.02890625
15 0.6515625 0.75546875 0.00546875 0.02890625
1 0.640625 0.759375 0.0046875 0.0296875
1 0.55703125 0.75859375 0.0046875 0.0265625
1 0.609375 0.7609375 0.0046875 0.02578125
15 0.634375 0.7625 0.00546875 0.0265625
15 0.615625 0.76328125 0.0046875 0.02734375
15 0.67578125 0.76484375 0.0046875 0.028125
15 0.66875 0.76875 0.0046875 0.028125
15 0.70859375 0.7703125 0.0046875 0.0296875
15 0.33125 0.7703125 0.0078125 0.03828125
15 0.715625 0.7703125 0.00546875 0.0296875
15 0.690625 0.775 0.0046875 0.028125
20 0.96953125 0.78046875 0.00859375 0.03828125
1 0.56953125 0.78203125 0.003125 0.0234375
1 0.5625 0.784375 0.0046875 0.02890625
15 0.3828125 0.7875 0.0078125 0.03359375
15 0.72109375 0.7921875 0.00390625 0.02734375
1 0.5953125 0.79375 0.0078125 0.03671875
15 0.871875 0.7953125 0.00625 0.0359375
1 0.3765625 0.79609375 0.00546875 0.02890625
1 0.58515625 0.79765625 0.0078125 0.04375
1 0.91953125 0.796875 0.00546875 0.03046875
15 0.6171875 0.79921875 0.00546875 0.028125
1 0.66484375 0.8015625 0.00625 0.02734375
15 0.865625 0.803125 0.00546875 0.028125
1 0.9609375 0.80625 0.00546875 0.028125
15 0.6296875 0.80859375 0.00546875 0.02890625
15 0.6109375 0.81171875 0.00546875 0.02734375
1 0.6046875 0.8125 0.0046875 0.0265625
1 0.5734375 0.81328125 0.0046875 0.02734375
15 0.9484375 0.8140625 0.00546875 0.0296875
15 0.95390625 0.81484375 0.00546875 0.02890625
15 0.97578125 0.81640625 0.0046875 0.02734375
9 0.653125 0.8171875 0.0171875 0.07109375
1 0.45546875 0.8234375 0.0046875 0.0296875
1 0.1140625 0.8265625 0.00546875 0.1234375
1 0.25390625 0.828125 0.0078125 0.1234375
1 0.67109375 0.828125 0.00546875 0.03046875
1 0.28828125 0.8296875 0.03125 0.0984375
1 0.14765625 0.83046875 0.03125 0.09921875
1 0.66484375 0.83125 0.00546875 0.028125
15 0.625 0.83828125 0.00390625 0.02578125
1 0.478125 0.8390625 0.0046875 0.0265625
1 0.49140625 0.83984375 0.00546875 0.02890625
1 0.49765625 0.840625 0.00546875 0.02734375
9 0.69453125 0.84375 0.0109375 0.0671875
15 0.6125 0.84453125 0.00546875 0.02734375
1 0.9421875 0.846875 0.00546875 0.02890625
15 0.94765625 0.846875 0.0046875 0.02890625
15 0.95390625 0.84765625 0.0046875 0.02578125
15 0.97578125 0.846875 0.00546875 0.02734375
1 0.96953125 0.8484375 0.0046875 0.0265625
15 0.68359375 0.85078125 0.00546875 0.02890625
1 0.78671875 0.8515625 0.03203125 0.096875
1 0.75234375 0.85234375 0.03359375 0.0953125
20 0.17109375 0.86015625 0.00859375 0.03828125
20 0.21328125 0.86328125 0.00859375 0.0390625
20 0.3765625 0.86484375 0.01328125 0.0453125
15 0.66796875 0.86484375 0.00546875 0.02734375
20 0.32109375 0.86484375 0.00859375 0.03671875
9 0.5921875 0.86875 0.03046875 0.059375
15 0.67421875 0.87421875 0.0046875 0.0265625
20 0.625 0.88125 0.01015625 0.0375
20 0.8359375 0.8828125 0.00859375 0.03828125
20 0.63359375 0.88359375 0.009375 0.0375
1 0.61015625 0.884375 0.00390625 0.0265625
20 0.853125 0.884375 0.009375 0.03671875
20 0.90859375 0.8875 0.009375 0.03828125
15 0.18046875 0.8890625 0.0046875 0.02890625
15 0.6171875 0.8890625 0.0046875 0.02734375
15 0.6484375 0.890625 0.00546875 0.03046875
1 0.309375 0.8921875 0.00625 0.0296875
1 0.3375 0.89296875 0.0046875 0.02890625
1 0.365625 0.89453125 0.00625 0.0296875
15 0.66796875 0.89609375 0.0046875 0.02734375
15 0.17109375 0.89765625 0.00546875 0.0296875
15 0.19609375 0.89765625 0.00625 0.028125
15 0.20234375 0.896875 0.0046875 0.02734375
15 0.22265625 0.8984375 0.00625 0.03203125
15 0.32421875 0.9015625 0.00546875 0.03046875
15 0.303125 0.9015625 0.00546875 0.0296875
15 0.33125 0.90234375 0.00546875 0.02890625
15 0.353125 0.90234375 0.0046875 0.0296875
15 0.359375 0.903125 0.00546875 0.02890625
15 0.38125 0.9046875 0.00625 0.028125
1 0.71328125 0.9046875 0.00546875 0.03046875
15 0.56953125 0.90625 0.00625 0.0265625
15 0.13828125 0.90859375 0.00625 0.03046875
15 0.67421875 0.909375 0.00546875 0.028125
15 0.68671875 0.909375 0.00546875 0.0265625
4 0.4453125 0.91015625 0.10078125 0.090625
15 0.68046875 0.91015625 0.0046875 0.028125
15 0.72890625 0.91171875 0.00546875 0.02890625
1 0.08359375 0.91171875 0.0046875 0.0296875
15 0.07734375 0.91171875 0.00625 0.028125
1 0.8703125 0.91328125 0.00546875 0.03046875
1 0.89765625 0.9140625 0.00546875 0.028125
1 0.92578125 0.9140625 0.0046875 0.03046875
15 0.70625 0.91484375 0.00546875 0.02890625
15 0.72109375 0.915625 0.00546875 0.03046875
15 0.828125 0.91953125 0.00546875 0.03046875
15 0.89140625 0.92109375 0.00546875 0.02890625
15 0.85703125 0.921875 0.00546875 0.028125
15 0.8640625 0.921875 0.00546875 0.028125
15 0.88515625 0.92109375 0.00625 0.02734375
15 0.91328125 0.92265625 0.00546875 0.02890625
15 0.11953125 0.92265625 0.00546875 0.02890625
15 0.13203125 0.92265625 0.0046875 0.02890625
15 0.91953125 0.9234375 0.0046875 0.028125
1 0.10703125 0.925 0.0046875 0.02890625
15 0.0921875 0.92578125 0.00546875 0.028125
15 0.240625 0.9265625 0.00546875 0.0296875
1 0.24765625 0.9265625 0.0046875 0.0296875
15 0.27109375 0.9265625 0.0046875 0.02734375
1 0.2640625 0.92734375 0.0046875 0.03046875
15 0.2765625 0.92734375 0.0046875 0.0296875
1 0.16171875 0.92734375 0.00546875 0.02890625
15 0.17421875 0.928125 0.00546875 0.0265625
15 0.1671875 0.92890625 0.00546875 0.0296875
1 0.1890625 0.92890625 0.00625 0.028125
15 0.228125 0.9296875 0.00546875 0.03046875
15 0.64453125 0.93046875 0.0046875 0.02734375
15 0.234375 0.93046875 0.00546875 0.02890625
1 0.221875 0.93046875 0.00546875 0.028125
15 0.65078125 0.93203125 0.00546875 0.02890625
1 0.346875 0.9328125 0.00390625 0.025
15 0.303125 0.93359375 0.00546875 0.02890625
15 0.33125 0.93359375 0.00546875 0.02734375
15 0.325 0.93359375 0.0046875 0.0265625
15 0.353125 0.93359375 0.00546875 0.02734375
1 0.31875 0.93359375 0.00546875 0.028125
15 0.359375 0.934375 0.00546875 0.028125
15 0.62109375 0.93515625 0.00546875 0.0265625
1 0.37421875 0.93515625 0.00546875 0.028125
15 0.60859375 0.93515625 0.00390625 0.0296875
15 0.65703125 0.9359375 0.00390625 0.02734375
15 0.38046875 0.93671875 0.0046875 0.02890625
15 0.63359375 0.93671875 0.00546875 0.02890625
1 0.66796875 0.93671875 0.0046875 0.02890625
1 0.83359375 0.9359375 0.00546875 0.028125
15 0.58125 0.93671875 0.00390625 0.02734375
1 0.575 0.93671875 0.00546875 0.03046875
15 0.56875 0.93828125 0.0046875 0.0296875
15 0.60234375 0.9390625 0.0046875 0.028125
15 0.67421875 0.940625 0.0046875 0.02734375
1 0.68671875 0.94140625 0.00546875 0.02890625
15 0.68046875 0.9421875 0.00625 0.03046875
1 0.58984375 0.9421875 0.00546875 0.02734375
1 0.69921875 0.9421875 0.00625 0.02734375
15 0.76875 0.94453125 0.00546875 0.028125
15 0.7625 0.9453125 0.00546875 0.02890625
1 0.79609375 0.9453125 0.00546875 0.0296875
15 0.803125 0.94609375 0.0046875 0.0265625
15 0.70703125 0.946875 0.0046875 0.025
15 0.73515625 0.946875 0.00546875 0.02734375
15 0.728125 0.94765625 0.00546875 0.03046875
1 0.72265625 0.94765625 0.00546875 0.028125
1 0.75 0.9484375 0.0046875 0.0296875
15 0.75625 0.9484375 0.00390625 0.0296875
1 0.775 0.9484375 0.00546875 0.028125
15 0.78125 0.95 0.00546875 0.0296875
15 0.828125 0.9515625 0.00546875 0.02734375
15 0.809375 0.95078125 0.00546875 0.028125
1 0.85078125 0.95234375 0.00546875 0.0265625
15 0.8640625 0.9515625 0.00546875 0.028125
15 0.8578125 0.95234375 0.0046875 0.028125
1 0.8796875 0.953125 0.00546875 0.02734375
15 0.890625 0.95234375 0.00546875 0.02578125
15 0.8859375 0.95390625 0.00546875 0.028125
1 0.90703125 0.953125 0.00546875 0.02734375
15 0.91953125 0.95390625 0.00625 0.0265625
15 0.9140625 0.9546875 0.00625 0.0265625