16 0.73125 0.52578125 0.0125 0.00859375
2 0.71171875 0.52890625 0.0046875 0.0109375
20 0.59375 0.53671875 0.0203125 0.028125
2 0.7484375 0.534375 0.0046875 0.01328125
2 0.6296875 0.5484375 0.00546875 0.0125
2 0.51328125 0.571875 0.0109375 0.0078125
2 0.4328125 0.578125 0.00625 0.01484375
2 0.40546875 0.58515625 0.01015625 0.0078125
20 0.125 0.5921875 0.0109375 0.01875
9 0.0703125 0.60234375 0.0140625 0.0171875
2 0.40703125 0.6109375 0.01171875 0.0078125
2 0.5171875 0.609375 0.0109375 0.009375
9 0.02578125 0.62109375 0.02265625 0.034375
16 0.121875 0.06484375 0.00703125 0.01875
2 0.51796875 0.61953125 0.01015625 0.00859375
20 0.70703125 0.6171875 0.0140625 0.01328125
9 0.90078125 0.6171875 0.03515625 0.0515625
20 0.70703125 0.653125 0.01015625 0.01328125
4 0.05078125 0.7125 0.02890625 0.09921875
20 0.9 0.73359375 0.01328125 0.0140625
4 0.73515625 0.74375 0.04140625 0.30703125
20 0.69609375 0.81640625 0.0140625 0.015625
16 0.3609375 0.8265625 0.01015625 0.00859375
16 0.4015625 0.82578125 0.0109375 0.00859375
16 0.50390625 0.825 0.01171875 0.0078125
16 0.44140625 0.8265625 0.01015625 0.01171875
16 0.465625 0.8265625 0.009375 0.01328125
16 0.378125 0.828125 0.01015625 0.009375
16 0.415625 0.8265625 0.0109375 0.009375
16 0.55859375 0.825 0.01015625 0.0078125
16 0.54609375 0.8265625 0.00703125 0.00703125
16 0.51953125 0.82734375 0.01015625 0.00703125
9 0.0390625 0.846875 0.0296875 0.028125
16 0.378125 0.859375 0.009375 0.00703125
16 0.4015625 0.85859375 0.0109375 0.00859375
16 0.41953125 0.859375 0.0125 0.00859375
16 0.46640625 0.85859375 0.0125 0.00859375
16 0.36171875 0.8609375 0.0109375 0.009375
16 0.44296875 0.859375 0.0125 0.00859375
16 0.56015625 0.85703125 0.00703125 0.00859375
16 0.50546875 0.8578125 0.01015625 0.00703125
16 0.51953125 0.8578125 0.0109375 0.0078125
16 0.54609375 0.85859375 0.0125 0.00625
9 0.75234375 0.9203125 0.02421875 0.03359375
20 0.878125 0.92734375 0.07890625 0.084375
16 0.359375 0.965625 0.00859375 0.00625
16 0.50546875 0.96328125 0.0078125 0.00703125
16 0.37421875 0.96640625 0.00859375 0.0078125
16 0.3890625 0.96640625 0.01015625 0.00625
16 0.403125 0.96640625 0.00703125 0.00625
16 0.51953125 0.96328125 0.0109375 0.00625
16 0.43125 0.965625 0.01015625 0.0078125
16 0.46796875 0.96484375 0.0125 0.00625
16 0.4484375 0.965625 0.00859375 0.00546875
16 0.45859375 0.965625 0.00703125 0.00703125
16 0.4125 0.96640625 0.00703125 0.00625
16 0.440625 0.965625 0.00703125 0.00546875
9 0.80625 0.959375 0.01640625 0.0203125
9 0.02265625 0.11484375 0.02734375 0.01875
20 0.1921875 0.1765625 0.02734375 0.0265625
20 0.23828125 0.18203125 0.01953125 0.03125
20 0.2578125 0.1828125 0.02109375 0.03203125
2 0.17421875 0.203125 0.0109375 0.01640625
2 0.1890625 0.20234375 0.0125 0.02109375
9 0.14453125 0.2046875 0.01484375 0.01875
2 0.23515625 0.21328125 0.01328125 0.01796875
2 0.25078125 0.2140625 0.01171875 0.01796875
20 0.8203125 0.20859375 0.00625 0.01328125
2 0.88671875 0.20703125 0.00703125 0.0140625
20 0.8359375 0.2171875 0.01328125 0.00859375
2 0.1875 0.2359375 0.003125 0.0109375
2 0.17734375 0.2375 0.0046875 0.01171875
2 0.1703125 0.2375 0.0046875 0.01328125
9 0.3171875 0.2359375 0.028125 0.05078125
2 0.16171875 0.240625 0.00390625 0.01015625
2 0.159375 0.25625 0.0046875 0.0125
9 0.87734375 0.24375 0.0359375 0.04453125
9 0.18359375 0.265625 0.0375 0.03359375
2 0.84921875 0.2546875 0.0109375 0.00703125
2 0.91015625 0.25546875 0.009375 0.00625
20 0.15 0.27578125 0.0125 0.01953125
9 0.23671875 0.27578125 0.04453125 0.05703125
20 0.58125 0.27109375 0.0125 0.0125
20 0.296875 0.28671875 0.0296875 0.02734375
2 0.3171875 0.28671875 0.00859375 0.01875
2 0.7421875 0.2859375 0.003125 0.0078125
20 0.7515625 0.2859375 0.0109375 0.00703125
20 0.65703125 0.30078125 0.00703125 0.01328125
2 0.740625 0.30546875 0.00546875 0.01328125
20 0.603125 0.309375 0.01015625 0.0140625
20 0.28515625 0.32109375 0.02421875 0.025
20 0.315625 0.32109375 0.02734375 0.02421875
20 0.209375 0.32421875 0.0296875 0.02578125
20 0.178125 0.32421875 0.03046875 0.02578125
20 0.65703125 0.31640625 0.0078125 0.015625
2 0.13984375 0.33046875 0.01171875 0.00859375
2 0.234375 0.33046875 0.0140625 0.00859375
2 0.25859375 0.33046875 0.01640625 0.0109375
20 0.8234375 0.32265625 0.01015625 0.01015625
20 0.76015625 0.3296875 0.00859375 0.00625
2 0.90859375 0.32734375 0.003125 0.003125
20 0.77734375 0.33046875 0.009375 0.0078125
2 0.2359375 0.34296875 0.01484375 0.01015625
2 0.87265625 0.33125 0.00625 0.00390625
20 0.60390625 0.3375 0.0078125 0.01328125
2 0.2609375 0.34453125 0.015625 0.01015625
2 0.90859375 0.3328125 0.0046875 0.003125
20 0.315625 0.34765625 0.02734375 0.0234375
2 0.7 0.33984375 0.00859375 0.01640625
20 0.28515625 0.34921875 0.02734375 0.02421875
20 0.21015625 0.3515625 0.03046875 0.02734375
20 0.17890625 0.35234375 0.03125 0.02578125
2 0.6859375 0.3421875 0.00703125 0.0125
2 0.8484375 0.340625 0.00390625 0.00859375
2 0.2359375 0.35625 0.01484375 0.00859375
2 0.26015625 0.35703125 0.01640625 0.00859375
9 0.87578125 0.3578125 0.0296875 0.0328125
2 0.8484375 0.35859375 0.0046875 0.0078125
20 0.8109375 0.359375 0.01015625 0.01328125
20 0.7953125 0.36015625 0.0109375 0.01328125
2 0.171875 0.37578125 0.00625 0.0109375
2 0.25703125 0.375 0.00703125 0.009375
2 0.2421875 0.375 0.0078125 0.0125
2 0.18046875 0.37734375 0.00390625 0.00859375
2 0.1953125 0.3765625 0.00625 0.0109375
2 0.271875 0.375 0.00859375 0.0109375
2 0.2265625 0.37578125 0.00546875 0.01015625
2 0.21875 0.3765625 0.00703125 0.0109375
2 0.24921875 0.37578125 0.00703125 0.01328125
2 0.2640625 0.375 0.00859375 0.0109375
2 0.2796875 0.37578125 0.009375 0.0109375
20 0.5875 0.36953125 0.0109375 0.01015625
2 0.18828125 0.37734375 0.0046875 0.0109375
2 0.203125 0.3765625 0.0046875 0.0125
2 0.234375 0.37734375 0.00625 0.01328125
2 0.2109375 0.378125 0.00625 0.01171875
2 0.85546875 0.36953125 0.00390625 0.00234375
2 0.8984375 0.3703125 0.00625 0.0109375
2 0.85546875 0.37421875 0.003125 0.003125
2 0.8671875 0.3796875 0.00546875 0.0015625
2 0.884375 0.3796875 0.0046875 0.003125
20 0.434375 0.39296875 0.0109375 0.0125
2 0.89921875 0.384375 0.00390625 0.0078125
2 0.8890625 0.3875 0.00625 0.003125
20 0.80390625 0.39453125 0.0109375 0.01484375
2 0.634375 0.403125 0.01015625 0.00625
20 0.4359375 0.40859375 0.01015625 0.0125
20 0.04921875 0.4546875 0.01015625 0.0109375
2 0.6046875 0.45703125 0.0125 0.00859375
2 0.24296875 0.46796875 0.0046875 0.01328125
2 0.2125 0.46875 0.00703125 0.0125
2 0.22578125 0.46953125 0.0078125 0.01328125
2 0.19609375 0.4703125 0.00625 0.0125
2 0.25703125 0.46875 0.00703125 0.01328125
2 0.20390625 0.4703125 0.00625 0.0109375
2 0.25 0.46953125 0.00703125 0.01328125
2 0.23359375 0.46953125 0.009375 0.01484375
2 0.21796875 0.4703125 0.00625 0.0109375
9 0.04296875 0.05234375 0.0203125 0.0171875
9 0.56484375 0.46640625 0.01015625 0.015625
9 0.57890625 0.4671875 0.0109375 0.0125
20 0.6046875 0.47265625 0.0140625 0.01484375
2 0.10078125 0.5046875 0.0125 0.0078125
2 0.634375 0.49609375 0.01015625 0.0078125
20 0.11875 0.51953125 0.01171875 0.02109375
2 0.24296875 0.528125 0.00625 0.0140625
2 0.2046875 0.5296875 0.00625 0.01328125
2 0.196875 0.53046875 0.00546875 0.01328125
2 0.25078125 0.52890625 0.01015625 0.01640625
2 0.21953125 0.5296875 0.0078125 0.0140625
2 0.22734375 0.5296875 0.0078125 0.01015625
2 0.2125 0.53046875 0.00546875 0.0109375
2 0.23515625 0.5296875 0.00546875 0.01484375
2 0.25859375 0.53046875 0.00859375 0.01328125