2 0.4296875 0.3703125 0.0125 0.02109375
2 0.44375 0.384375 0.01796875 0.0203125
2 0.5109375 0.4578125 0.0078125 0.0140625
2 0.5203125 0.46640625 0.0109375 0.01484375
2 0.528125 0.4734375 0.009375 0.015625
2 0.5046875 0.47421875 0.009375 0.015625
2 0.5359375 0.48125 0.01171875 0.01484375
2 0.5359375 0.48203125 0.0125 0.01484375
2 0.51640625 0.48828125 0.009375 0.01328125
2 0.47421875 0.48203125 0.01015625 0.01484375
2 0.5234375 0.4953125 0.01015625 0.0125
16 0.46015625 0.48828125 0.009375 0.0140625
2 0.53203125 0.5046875 0.0078125 0.0125
16 0.46484375 0.49375 0.00703125 0.0109375
2 0.53515625 0.50859375 0.0078125 0.01484375
2 0.46875 0.49765625 0.009375 0.01328125
2 0.540625 0.51328125 0.00859375 0.0140625
2 0.54609375 0.5171875 0.009375 0.0125
16 0.54921875 0.521875 0.009375 0.015625
16 0.5546875 0.5265625 0.00859375 0.0140625
9 0.434375 0.50625 0.01875 0.0359375
16 0.559375 0.53046875 0.01171875 0.01328125
2 0.45859375 0.51875 0.0109375 0.01328125
2 0.57578125 0.55234375 0.00859375 0.01171875
16 0.42265625 0.525 0.009375 0.0125
2 0.61171875 0.5625 0.0125 0.0171875
16 0.4265625 0.528125 0.0078125 0.01328125
2 0.4515625 0.534375 0.0078125 0.01171875
2 0.58359375 0.559375 0.0109375 0.0125
16 0.43046875 0.5328125 0.009375 0.0109375
2 0.54375 0.55625 0.00703125 0.0109375
16 0.4171875 0.534375 0.0078125 0.0125
9 0.49453125 0.54921875 0.11953125 0.1671875
2 0.5484375 0.56015625 0.009375 0.0109375
16 0.421875 0.53828125 0.0078125 0.0109375
2 0.62734375 0.57890625 0.01640625 0.0203125
16 0.42578125 0.54296875 0.0078125 0.0125
2 0.4296875 0.54609375 0.00703125 0.0109375
2 0.6 0.578125 0.0125 0.01640625
16 0.41328125 0.5453125 0.0078125 0.0125
16 0.4328125 0.55078125 0.00703125 0.01015625
16 0.41640625 0.54921875 0.00703125 0.0109375
2 0.5359375 0.57265625 0.00859375 0.0140625
16 0.4375 0.5546875 0.009375 0.01171875
16 0.4203125 0.5515625 0.00703125 0.0109375
2 0.54140625 0.57578125 0.00859375 0.0109375
16 0.40625 0.55390625 0.0109375 0.01640625
16 0.4234375 0.55703125 0.009375 0.01328125
16 0.4125 0.559375 0.009375 0.01328125
9 0.5796875 0.59296875 0.06875 0.103125
16 0.41640625 0.5640625 0.009375 0.01328125
2 0.44375 0.575 0.01015625 0.01171875
2 0.52734375 0.59296875 0.00703125 0.0125
2 0.4515625 0.58203125 0.0078125 0.01171875
16 0.53125 0.59765625 0.00859375 0.0125
2 0.5484375 0.60234375 0.0078125 0.0125
16 0.5359375 0.60234375 0.009375 0.0125
2 0.45546875 0.5890625 0.0078125 0.0125
2 0.55078125 0.60625 0.0078125 0.01171875
16 0.53984375 0.60625 0.009375 0.0140625
16 0.45859375 0.590625 0.009375 0.01484375
2 0.5546875 0.6109375 0.00703125 0.009375
16 0.4640625 0.59453125 0.009375 0.01328125
2 0.559375 0.615625 0.0078125 0.0125
16 0.4671875 0.59921875 0.00859375 0.0125
2 0.51875 0.61171875 0.00703125 0.0140625
16 0.47109375 0.60234375 0.00859375 0.0125
2 0.5234375 0.61484375 0.0078125 0.01640625
2 0.546875 0.61953125 0.0109375 0.01484375
16 0.475 0.60703125 0.0109375 0.0125
2 0.478125 0.61171875 0.009375 0.0125
2 0.5734375 0.63125 0.00859375 0.015625
2 0.55234375 0.6265625 0.0078125 0.01328125
2 0.48203125 0.615625 0.0078125 0.0125
16 0.5546875 0.63046875 0.009375 0.0140625
2 0.4859375 0.61875 0.00859375 0.0125
2 0.57890625 0.63671875 0.009375 0.0125
2 0.70234375 0.66015625 0.0140625 0.01640625
16 0.55859375 0.634375 0.0078125 0.01171875
2 0.48984375 0.621875 0.00859375 0.01328125
2 0.5828125 0.640625 0.00859375 0.0140625
16 0.56328125 0.6390625 0.01015625 0.0125
2 0.63984375 0.65390625 0.0171875 0.02578125
2 0.58828125 0.6453125 0.0109375 0.0125
2 0.4953125 0.628125 0.01171875 0.01640625
2 0.56953125 0.646875 0.0109375 0.0125
2 0.64609375 0.66171875 0.0140625 0.02734375
2 0.61015625 0.65546875 0.0140625 0.02421875
2 0.721875 0.67734375 0.0109375 0.0203125
2 0.57734375 0.653125 0.0109375 0.0125
16 0.62890625 0.6734375 0.0109375 0.0140625
2 0.50078125 0.64921875 0.01484375 0.02109375
16 0.63359375 0.678125 0.01015625 0.0109375
9 0.6171875 0.675 0.02265625 0.040625
9 0.5484375 0.66328125 0.071875 0.084375
2 0.5078125 0.6578125 0.0140625 0.025
2 0.6265625 0.6890625 0.015625 0.02265625
2 0.5171875 0.67109375 0.0078125 0.0140625
2 0.52109375 0.67421875 0.0078125 0.0140625
2 0.52421875 0.6796875 0.0078125 0.0109375
2 0.528125 0.684375 0.009375 0.01328125
16 0.603125 0.70078125 0.01015625 0.0125
16 0.609375 0.7046875 0.009375 0.01484375
2 0.61796875 0.70703125 0.0140625 0.0203125
2 0.58828125 0.70546875 0.01640625 0.02421875
2 0.5421875 0.6984375 0.009375 0.0171875
2 0.5484375 0.7046875 0.00859375 0.01484375
2 0.553125 0.709375 0.0078125 0.0125
2 0.55703125 0.71328125 0.00859375 0.0125
2 0.609375 0.728125 0.0171875 0.03046875
2 0.6171875 0.73671875 0.01875 0.02734375
16 0.71640625 0.76640625 0.0109375 0.0125
2 0.72421875 0.76796875 0.01484375 0.02109375
2 0.6984375 0.76640625 0.01015625 0.01640625
16 0.703125 0.77109375 0.0078125 0.01171875
16 0.70703125 0.775 0.0078125 0.0109375
16 0.71015625 0.7796875 0.00703125 0.0109375
16 0.7140625 0.7828125 0.00859375 0.01328125
2 0.7546875 0.790625 0.0171875 0.02578125
16 0.71875 0.78515625 0.0109375 0.01328125
9 0.69453125 0.78359375 0.01640625 0.01953125
2 0.76328125 0.7984375 0.01875 0.02578125
2 0.7015625 0.79140625 0.015625 0.02421875
16 0.675 0.7890625 0.009375 0.01796875
16 0.67890625 0.79375 0.009375 0.0140625
2 0.68359375 0.80078125 0.0140625 0.02109375
2 0.8484375 0.83203125 0.0125 0.01640625
2 0.7453125 0.8140625 0.01875 0.02734375
16 0.85234375 0.83671875 0.01171875 0.0140625
16 0.85625 0.84140625 0.01171875 0.01484375
2 0.75390625 0.8234375 0.015625 0.02578125
9 0.6953125 0.81328125 0.0171875 0.0265625
16 0.86015625 0.84453125 0.009375 0.0125
2 0.76171875 0.8296875 0.01640625 0.0234375
16 0.86328125 0.84921875 0.0125 0.0140625
16 0.86796875 0.85390625 0.00859375 0.01171875
2 0.846875 0.8515625 0.009375 0.01328125
2 0.7703125 0.8375 0.01953125 0.02421875
16 0.87109375 0.8578125 0.00859375 0.0109375
2 0.67265625 0.8203125 0.0125 0.01875
2 0.7359375 0.834375 0.01484375 0.02109375
2 0.85 0.85546875 0.01015625 0.01328125
16 0.875 0.86171875 0.0109375 0.0125
16 0.6765625 0.825 0.0125 0.0140625
2 0.8546875 0.86015625 0.0109375 0.01328125
2 0.88046875 0.865625 0.01015625 0.0125
2 0.68125 0.8296875 0.009375 0.0140625
2 0.8578125 0.86328125 0.00703125 0.0109375
16 0.68515625 0.8328125 0.0109375 0.0125
16 0.8828125 0.8703125 0.0078125 0.0109375
2 0.8625 0.8671875 0.009375 0.0140625
16 0.8875 0.8734375 0.009375 0.01015625
16 0.68828125 0.8375 0.0125 0.0140625
2 0.75078125 0.84921875 0.01640625 0.021875
2 0.69375 0.84140625 0.00859375 0.01484375
16 0.89140625 0.878125 0.0109375 0.0109375
16 0.7765625 0.8578125 0.0109375 0.0140625
2 0.696875 0.84453125 0.0078125 0.0109375
16 0.80703125 0.86640625 0.009375 0.0125
16 0.8953125 0.8828125 0.0109375 0.01328125
16 0.8984375 0.88515625 0.009375 0.01171875
16 0.81171875 0.86875 0.009375 0.01484375
2 0.728125 0.85390625 0.0171875 0.01953125
16 0.69921875 0.84921875 0.009375 0.0125
2 0.87734375 0.88515625 0.009375 0.015625
16 0.81484375 0.8734375 0.00859375 0.0140625
16 0.90234375 0.890625 0.0078125 0.01171875
2 0.9234375 0.89453125 0.0078125 0.0140625
16 0.70390625 0.85390625 0.009375 0.01328125
2 0.88125 0.88828125 0.009375 0.0140625
2 0.7671875 0.8671875 0.0109375 0.01328125
16 0.81953125 0.878125 0.009375 0.0140625
2 0.92734375 0.8984375 0.009375 0.0125
16 0.90625 0.89453125 0.009375 0.0109375
16 0.70703125 0.85703125 0.0109375 0.015625
2 0.80234375 0.87734375 0.0109375 0.01640625
2 0.884375 0.8921875 0.009375 0.015625
16 0.9109375 0.8984375 0.009375 0.0125
16 0.8234375 0.88203125 0.009375 0.01640625
2 0.7125 0.8625 0.0109375 0.01640625
2 0.8890625 0.89609375 0.009375 0.0140625
2 0.7421875 0.86875 0.0171875 0.02421875
16 0.80625 0.88046875 0.009375 0.01328125
16 0.8265625 0.884375 0.01015625 0.01328125
9 0.7703125 0.87421875 0.015625 0.0203125
2 0.9140625 0.90234375 0.00859375 0.01015625
2 0.89296875 0.89921875 0.00859375 0.0125
16 0.74765625 0.8734375 0.01015625 0.0140625
16 0.81015625 0.88515625 0.0078125 0.0125
2 0.77734375 0.8796875 0.01015625 0.01953125
16 0.83046875 0.890625 0.0109375 0.01328125
2 0.896875 0.90234375 0.01015625 0.0140625
16 0.7828125 0.884375 0.0109375 0.0140625
16 0.8140625 0.890625 0.00859375 0.0125
2 0.92265625 0.91171875 0.0109375 0.0140625
2 0.9 0.9078125 0.0109375 0.0125
16 0.78671875 0.8875 0.0109375 0.0171875
16 0.8171875 0.89453125 0.009375 0.01171875
2 0.75546875 0.88359375 0.009375 0.01875
2 0.9046875 0.9125 0.01015625 0.01171875
2 0.76015625 0.88671875 0.009375 0.0171875
16 0.8203125 0.9 0.0109375 0.01484375
2 0.79453125 0.8953125 0.0109375 0.015625
2 0.76484375 0.890625 0.00859375 0.01484375
16 0.825 0.9015625 0.00703125 0.0109375
16 0.76953125 0.89453125 0.009375 0.0171875
16 0.828125 0.90625 0.009375 0.0109375
16 0.83203125 0.909375 0.0078125 0.0140625
2 0.80234375 0.9046875 0.009375 0.01796875
16 0.77265625 0.90078125 0.01171875 0.0140625
2 0.8375 0.91484375 0.01328125 0.015625
2 0.78828125 0.9109375 0.01015625 0.0140625
9 0.8078125 0.9171875 0.025 0.0375
16 0.81640625 0.92109375 0.009375 0.0140625
2 0.796875 0.91953125 0.009375 0.0125
16 0.82109375 0.925 0.00859375 0.0125
2 0.825 0.92890625 0.009375 0.0125
16 0.82890625 0.93203125 0.009375 0.01484375
2 0.8328125 0.93671875 0.009375 0.015625
16 0.81015625 0.93515625 0.00859375 0.0109375
2 0.8359375 0.94296875 0.009375 0.0140625
16 0.81484375 0.9390625 0.009375 0.0140625
16 0.840625 0.9453125 0.00703125 0.01328125
2 0.81875 0.9421875 0.009375 0.01328125
16 0.821875 0.94609375 0.0078125 0.01484375
2 0.84375 0.95078125 0.0109375 0.0140625
2 0.82578125 0.95 0.009375 0.01328125
2 0.83046875 0.9546875 0.00859375 0.01640625
16 0.83515625 0.96015625 0.009375 0.0125
9 0.84921875 0.96328125 0.02890625 0.03828125
16 0.86015625 0.96640625 0.0109375 0.01484375
2 0.8390625 0.96484375 0.01328125 0.0140625
16 0.8640625 0.97109375 0.01015625 0.015625
16 0.853125 0.978125 0.0078125 0.01171875
16 0.8578125 0.9828125 0.0078125 0.01015625
16 0.06015625 0.0015625 0.01015625 0.003125
16 0.0640625 0.003125 0.00859375 0.00625
2 0.04765625 0.00546875 0.00859375 0.01015625
16 0.06796875 0.00625 0.009375 0.0125
16 0.071875 0.00859375 0.01015625 0.0109375
2 0.05 0.00703125 0.0109375 0.01328125
16 0.07578125 0.0125 0.0078125 0.0125
2 0.0546875 0.01015625 0.01015625 0.0125
16 0.0796875 0.0171875 0.009375 0.0109375
2 0.05703125 0.01328125 0.0109375 0.0109375
2 0.084375 0.0203125 0.0078125 0.01796875
2 0.06171875 0.01875 0.0125 0.01640625
2 0.06640625 0.0234375 0.01171875 0.0125
2 0.0703125 0.0265625 0.0109375 0.0125
2 0.07578125 0.0296875 0.0109375 0.01484375
2 0.15234375 0.071875 0.0109375 0.0203125
2 0.115625 0.071875 0.009375 0.01640625
16 0.1203125 0.0765625 0.01015625 0.01171875
2 0.16953125 0.0890625 0.0109375 0.02734375
2 0.109375 0.0828125 0.009375 0.015625
16 0.13203125 0.0890625 0.009375 0.01328125
9 0.12421875 0.0875 0.01796875 0.03046875
2 0.13671875 0.09375 0.009375 0.015625
16 0.115625 0.090625 0.009375 0.0125
16 0.1265625 0.10078125 0.00703125 0.01015625
2 0.13125 0.10390625 0.0109375 0.015625
2 0.16328125 0.121875 0.01640625 0.03046875
16 0.18125 0.13046875 0.01171875 0.01875
2 0.1703125 0.13125 0.015625 0.028125
16 0.18515625 0.13671875 0.01015625 0.0125
16 0.1890625 0.140625 0.0109375 0.01640625
16 0.19375 0.14453125 0.0109375 0.015625
2 0.175 0.14140625 0.009375 0.01640625
2 0.1796875 0.14609375 0.009375 0.0171875
16 0.1984375 0.15 0.0109375 0.01484375
2 0.2328125 0.15625 0.01328125 0.02265625
16 0.203125 0.153125 0.0109375 0.0171875
2 0.184375 0.15 0.01015625 0.01796875
16 0.20703125 0.15859375 0.01015625 0.015625
2 0.1890625 0.15625 0.00859375 0.01640625
16 0.2109375 0.1640625 0.009375 0.01484375
2 0.246875 0.17265625 0.01484375 0.0203125
2 0.196875 0.16484375 0.00859375 0.015625
16 0.21484375 0.16953125 0.009375 0.01484375
2 0.2015625 0.1703125 0.0078125 0.01796875
16 0.21875 0.1734375 0.009375 0.0140625
2 0.22421875 0.178125 0.009375 0.01328125
16 0.228125 0.1828125 0.00859375 0.01171875
2 0.20859375 0.17890625 0.0109375 0.0171875
2 0.2140625 0.1828125 0.00703125 0.01875
16 0.23203125 0.1875 0.009375 0.01484375
2 0.21953125 0.18828125 0.009375 0.015625
16 0.23671875 0.1921875 0.0078125 0.015625
16 0.2421875 0.196875 0.01015625 0.0140625
2 0.2234375 0.19296875 0.01015625 0.0125
16 0.24609375 0.20078125 0.009375 0.01484375
2 0.2265625 0.1984375 0.0109375 0.0125
16 0.25078125 0.20546875 0.00859375 0.0140625
2 0.23203125 0.20390625 0.0125 0.0171875
16 0.2546875 0.21171875 0.009375 0.01484375
2 0.23984375 0.21171875 0.01171875 0.0171875
16 0.25859375 0.215625 0.009375 0.01484375
2 0.24609375 0.21640625 0.01015625 0.01640625
16 0.26328125 0.21953125 0.01015625 0.01484375
16 0.26796875 0.2234375 0.009375 0.01328125
2 0.253125 0.22578125 0.0109375 0.01328125
2 0.2578125 0.23046875 0.01015625 0.0140625
2 0.26328125 0.23515625 0.0109375 0.0140625
2 0.3359375 0.27109375 0.0125 0.015625
2 0.35234375 0.2875 0.0125 0.01875
2 0.41875 0.36015625 0.01328125 0.01640625
16 0.425 0.36328125 0.0109375 0.0140625