9 0.6390625 0.51796875 0.1109375 0.1671875
15 0.803125 0.0515625 0.00625 0.0140625
1 0.75 0.05234375 0.00703125 0.0171875
15 0.7875 0.05234375 0.0015625 0.01328125
1 0.84453125 0.51875 0.00859375 0.0140625
15 0.7046875 0.52578125 0.00625 0.0140625
9 0.4859375 0.53203125 0.10703125 0.203125
1 0.375 0.5390625 0.01171875 0.01015625
15 0.846875 0.54296875 0.009375 0.021875
1 0.3140625 0.54375 0.00703125 0.0078125
15 0.91015625 0.05546875 0.0171875 0.01484375
9 0.8265625 0.5625 0.02265625 0.03984375
15 0.87109375 0.575 0.01953125 0.0203125
15 0.89921875 0.575 0.01328125 0.015625
1 0.57578125 0.578125 0.0046875 0.01015625
1 0.42265625 0.59296875 0.00546875 0.01328125
9 0.2984375 0.596875 0.0859375 0.09609375
1 0.66796875 0.6015625 0.00859375 0.0046875
1 0.34453125 0.6078125 0.00390625 0.01484375
1 0.68828125 0.60859375 0.0046875 0.01171875
15 0.93515625 0.06171875 0.00859375 0.00546875
1 0.25078125 0.615625 0.0046875 0.01328125
20 0.2265625 0.6265625 0.015625 0.01484375
9 0.87578125 0.63671875 0.025 0.03671875
9 0.82734375 0.640625 0.0265625 0.03984375
1 0.24453125 0.6421875 0.009375 0.00625
1 0.503125 0.64453125 0.009375 0.00546875
15 0.54140625 0.65 0.009375 0.00625
1 0.29765625 0.65 0.009375 0.00859375
15 0.646875 0.65078125 0.0109375 0.01015625
15 0.71171875 0.65078125 0.0140625 0.0109375
15 0.54140625 0.65859375 0.0078125 0.0078125
15 0.646875 0.65859375 0.01015625 0.00703125
9 0.56171875 0.6640625 0.028125 0.0359375
9 0.62734375 0.6640625 0.03515625 0.03671875
9 0.69140625 0.6671875 0.02734375 0.0328125
15 0.53984375 0.671875 0.00859375 0.00703125
15 0.53984375 0.6828125 0.00859375 0.00859375
1 0.62265625 0.6859375 0.00859375 0.00625
15 0.5953125 0.6875 0.00390625 0.01328125
1 0.559375 0.6875 0.009375 0.00703125
1 0.6875 0.68828125 0.00703125 0.0078125
1 0.3625 0.71328125 0.00546875 0.015625
15 0.35625 0.071875 0.01640625 0.015625
1 0.3546875 0.7140625 0.00390625 0.01484375
1 0.38125 0.721875 0.0078125 0.01640625
15 0.25 0.7375 0.0203125 0.01796875
15 0.228125 0.7390625 0.01875 0.015625
15 0.9359375 0.07578125 0.009375 0.00546875
1 0.71484375 0.76796875 0.00546875 0.01328125
20 0.2328125 0.77265625 0.01328125 0.0203125
20 0.2609375 0.7734375 0.01328125 0.02109375
9 0.7375 0.7796875 0.0296875 0.053125
15 0.91015625 0.078125 0.01796875 0.02109375
1 0.71484375 0.79453125 0.00390625 0.015625
15 0.7046875 0.79609375 0.01015625 0.00703125
1 0.2984375 0.809375 0.0578125 0.08984375
15 0.225 0.81953125 0.01796875 0.02265625
15 0.934375 0.084375 0.00703125 0.003125
1 0.71953125 0.8578125 0.021875 0.03671875
1 0.7578125 0.85859375 0.02734375 0.040625
1 0.34609375 0.89609375 0.02421875 0.03828125
1 0.3859375 0.90703125 0.040625 0.065625
1 0.20078125 0.9109375 0.02734375 0.0453125
15 0.35625 0.0921875 0.01484375 0.0140625
1 0.45390625 0.9265625 0.0265625 0.0359375
9 0.578125 0.9328125 0.02734375 0.05
9 0.53984375 0.93515625 0.02265625 0.0359375
9 0.4953125 0.9375 0.0265625 0.03984375
1 0.5546875 0.94921875 0.0046875 0.01171875
1 0.5953125 0.95078125 0.0046875 0.01328125
1 0.51484375 0.95078125 0.00234375 0.01484375
15 0.934375 0.09609375 0.00625 0.00859375
1 0.290625 0.0984375 0.02890625 0.03828125
1 0.83046875 0.10078125 0.0046875 0.0109375
1 0.8234375 0.1015625 0.00234375 0.01171875
1 0.8359375 0.1015625 0.003125 0.0125
1 0.81796875 0.10234375 0.0046875 0.0109375
15 0.934375 0.10859375 0.00859375 0.00703125
15 0.3578125 0.1109375 0.0203125 0.01484375
1 0.75234375 0.1171875 0.00546875 0.0171875
1 0.759375 0.1171875 0.00390625 0.01328125
1 0.7703125 0.11796875 0.003125 0.0140625
15 0.62578125 0.11796875 0.025 0.02421875
1 0.8296875 0.11875 0.00390625 0.0125
1 0.76640625 0.11875 0.00546875 0.01484375
1 0.8359375 0.11875 0.00390625 0.01328125
1 0.8171875 0.11953125 0.00546875 0.01484375
1 0.8234375 0.11953125 0.00546875 0.01171875
15 0.51484375 0.11953125 0.02265625 0.02734375
15 0.9359375 0.1203125 0.00625 0.0046875
1 0.909375 0.13046875 0.0046875 0.0140625
15 0.93359375 0.1328125 0.00703125 0.003125
15 0.93515625 0.140625 0.0078125 0.00390625
1 0.60234375 0.14375 0.0046875 0.01484375
1 0.5625 0.14453125 0.00625 0.01328125
15 0.065625 0.15 0.0109375 0.00625
1 0.2890625 0.15078125 0.0265625 0.040625
1 0.353125 0.1515625 0.028125 0.04140625
15 0.934375 0.15390625 0.0078125 0.00703125
15 0.06484375 0.16171875 0.00859375 0.00546875
1 0.84296875 0.16171875 0.00390625 0.0125
1 0.66015625 0.16328125 0.0109375 0.02421875
15 0.93359375 0.16484375 0.0078125 0.00625
1 0.7796875 0.1671875 0.00625 0.01640625
15 0.06484375 0.17265625 0.00859375 0.00703125
1 0.48203125 0.17265625 0.00546875 0.0140625
15 0.69296875 0.1734375 0.00625 0.0234375
1 0.39296875 0.17421875 0.00625 0.01484375
15 0.68125 0.17421875 0.0109375 0.01796875
15 0.7046875 0.17578125 0.009375 0.02265625
15 0.93359375 0.17578125 0.0078125 0.00625
1 0.8234375 0.18046875 0.0046875 0.0125
1 0.76953125 0.18046875 0.0046875 0.0125
1 0.83515625 0.18125 0.003125 0.009375
1 0.75 0.18125 0.00625 0.0109375
1 0.76328125 0.18125 0.00546875 0.01640625
1 0.8296875 0.18203125 0.00390625 0.01015625
1 0.75703125 0.18203125 0.0046875 0.0125
1 0.81796875 0.18359375 0.00546875 0.0140625
9 0.1046875 0.184375 0.025 0.03984375
15 0.065625 0.184375 0.01015625 0.00546875
1 0.31484375 0.1859375 0.00859375 0.0171875
15 0.93515625 0.1875 0.0078125 0.003125
1 0.534375 0.1875 0.00546875 0.0140625
15 0.58984375 0.19140625 0.0234375 0.0140625
15 0.065625 0.1953125 0.009375 0.00546875
1 0.12109375 0.1953125 0.00625 0.0140625
15 0.82890625 0.19765625 0.00390625 0.0125
15 0.93359375 0.19765625 0.0078125 0.0078125
15 0.82265625 0.1984375 0.0046875 0.01171875
15 0.8359375 0.19921875 0.00546875 0.01328125
1 0.909375 0.19921875 0.00390625 0.01953125
15 0.81796875 0.2 0.0046875 0.01640625
1 0.70625 0.203125 0.00859375 0.01328125
15 0.0640625 0.20625 0.009375 0.00625
15 0.93125 0.209375 0.01328125 0.0078125
15 0.065625 0.21796875 0.009375 0.00703125
15 0.5828125 0.2203125 0.0171875 0.0140625
15 0.9328125 0.22265625 0.01015625 0.00859375
1 0.39296875 0.22421875 0.0046875 0.0140625
15 0.0640625 0.22890625 0.0078125 0.00546875
15 0.93359375 0.2328125 0.00859375 0.0078125
15 0.6515625 0.2359375 0.0125 0.02265625
15 0.6421875 0.23671875 0.01171875 0.01953125
15 0.06484375 0.23984375 0.009375 0.00703125
1 0.60859375 0.24296875 0.00859375 0.01796875
1 0.61953125 0.2484375 0.009375 0.01796875
15 0.06484375 0.2515625 0.0078125 0.00625
9 0.10390625 0.25390625 0.025 0.0328125
15 0.93515625 0.25546875 0.009375 0.0109375
9 0.5875 0.2578125 0.02890625 0.03984375
9 0.47578125 0.25859375 0.1171875 0.15625
1 0.65859375 0.26328125 0.009375 0.0171875
1 0.121875 0.26328125 0.00390625 0.01640625
15 0.065625 0.2640625 0.0078125 0.00703125
1 0.33828125 0.26640625 0.00625 0.01328125
1 0.60859375 0.2671875 0.00625 0.0140625
1 0.9109375 0.2671875 0.0078125 0.0140625
9 0.2421875 0.2703125 0.075 0.1109375
15 0.06484375 0.27578125 0.0078125 0.00546875
15 0.93359375 0.278125 0.01171875 0.0046875
1 0.3921875 0.28125 0.0046875 0.01171875
9 0.77734375 0.28515625 0.07890625 0.10234375
15 0.06484375 0.28671875 0.009375 0.00703125
15 0.934375 0.29140625 0.009375 0.0046875
15 0.06484375 0.29765625 0.009375 0.00625
1 0.83046875 0.30078125 0.00390625 0.01328125
15 0.93515625 0.303125 0.0109375 0.00703125
15 0.0640625 0.309375 0.0078125 0.00546875
9 0.5875 0.31015625 0.02265625 0.03359375
1 0.41484375 0.31171875 0.00625 0.0109375
9 0.10625 0.32109375 0.0234375 0.0359375
15 0.0640625 0.321875 0.01015625 0.00703125
15 0.06484375 0.33203125 0.0078125 0.00625
1 0.1203125 0.3359375 0.0046875 0.0171875
15 0.0640625 0.34453125 0.009375 0.00625
15 0.06484375 0.35546875 0.0078125 0.009375
1 0.25234375 0.36328125 0.00703125 0.0125
15 0.0640625 0.36640625 0.009375 0.00625
15 0.06328125 0.378125 0.009375 0.00703125
1 0.71640625 0.38046875 0.0046875 0.01171875
1 0.30859375 0.384375 0.009375 0.0078125
9 0.1046875 0.3890625 0.0234375 0.0359375
15 0.0640625 0.38984375 0.01015625 0.00703125
1 0.375 0.39140625 0.00859375 0.00859375
9 0.83046875 0.39296875 0.0265625 0.03984375
1 0.121875 0.40078125 0.00546875 0.0171875
15 0.0640625 0.4015625 0.009375 0.00546875
1 0.59296875 0.4046875 0.00625 0.01484375
1 0.84453125 0.40625 0.00625 0.01171875
15 0.6921875 0.40625 0.0265625 0.025
15 0.06484375 0.4140625 0.00703125 0.0109375
1 0.50234375 0.4234375 0.00859375 0.01015625
15 0.0640625 0.42421875 0.0078125 0.00703125
1 0.6 0.43359375 0.00859375 0.00546875
15 0.06484375 0.43515625 0.00859375 0.00703125
9 0.30078125 0.43671875 0.0828125 0.09296875
9 0.10390625 0.4421875 0.0265625 0.03125
15 0.065625 0.446875 0.0078125 0.00703125
9 0.828125 0.4484375 0.01875 0.034375
1 0.34453125 0.44921875 0.0078125 0.0125
1 0.25078125 0.45703125 0.0046875 0.0125
1 0.6953125 0.4578125 0.0046875 0.01171875
15 0.06484375 0.45859375 0.00859375 0.00546875
1 0.84453125 0.46328125 0.0046875 0.0171875
15 0.821875 0.046875 0.00078125 0.0015625
15 0.05625 0.46953125 0.01484375 0.01171875
9 0.37890625 0.46953125 0.028125 0.03671875
1 0.54375 0.4734375 0.0046875 0.0109375
1 0.39453125 0.4859375 0.00546875 0.0140625
15 0.05546875 0.48671875 0.01484375 0.01328125
1 0.70625 0.48828125 0.00703125 0.021875
1 0.27890625 0.490625 0.01015625 0.00703125
1 0.7328125 0.05 0.00390625 0.0140625
1 0.78125 0.05078125 0.00625 0.0140625
1 0.425 0.5015625 0.00546875 0.01484375
1 0.79765625 0.05 0.00390625 0.0125
15 0.7390625 0.05078125 0.00546875 0.015625
15 0.934375 0.05078125 0.01015625 0.01015625
1 0.765625 0.05078125 0.00546875 0.0140625
9 0.8265625 0.50859375 0.025 0.03984375
15 0.81796875 0.05078125 0.003125 0.01328125
1 0.8140625 0.0515625 0.00703125 0.0140625
15 0.75546875 0.05078125 0.00546875 0.0125