16 0.52421875 0.4578125 0.015625 0.01171875
16 0.5234375 0.46796875 0.015625 0.01328125
2 0.85546875 0.51796875 0.0171875 0.01875
2 0.76875 0.50703125 0.01875 0.0125
9 0.68359375 0.528125 0.040625 0.06015625
9 0.07578125 0.43984375 0.04296875 0.11953125
2 0.85859375 0.55546875 0.01015625 0.025
9 0.75390625 0.5421875 0.0421875 0.06328125
9 0.82578125 0.553125 0.040625 0.0609375
2 0.584375 0.51953125 0.0171875 0.0140625
9 0.88984375 0.56484375 0.040625 0.06015625
2 0.325 0.48359375 0.015625 0.01796875
2 0.38203125 0.4921875 0.01640625 0.01328125
9 0.03671875 0.4421875 0.0390625 0.10234375
2 0.65 0.53515625 0.0125 0.0265625
9 0.1890625 0.4671875 0.0359375 0.10234375
2 0.79921875 0.5578125 0.009375 0.0203125
9 0.1515625 0.4625 0.04140625 0.10859375
9 0.1140625 0.4578125 0.0390625 0.1125
9 0.23046875 0.478125 0.03828125 0.1078125
2 0.5296875 0.02578125 0.01484375 0.0109375
2 0.94609375 0.09296875 0.01796875 0.0140625
9 0.4234375 0.57734375 0.0390625 0.06640625
9 0.31015625 0.56484375 0.0375 0.0328125
2 0.33515625 0.58203125 0.0171875 0.01640625
2 0.4078125 0.61171875 0.01875 0.01875
9 0.06328125 0.5734375 0.0328125 0.065625
9 0.03125 0.56953125 0.02734375 0.0640625
9 0.103125 0.58046875 0.034375 0.078125
9 0.14140625 0.58828125 0.03125 0.0734375
9 0.36875 0.62109375 0.06640625 0.1734375
9 0.18046875 0.59609375 0.03125 0.08359375
9 0.2203125 0.6046875 0.03671875 0.08984375
9 0.3046875 0.6203125 0.02734375 0.0359375
2 0.434375 0.64453125 0.01875 0.0203125
2 0.32890625 0.63828125 0.015625 0.01796875
2 0.05703125 0.6125 0.01640625 0.0140625
9 0.46640625 0.6734375 0.07734375 0.05625
2 0.0234375 0.61015625 0.02265625 0.015625
2 0.17578125 0.63671875 0.0171875 0.01484375
2 0.1359375 0.63046875 0.01953125 0.01328125
2 0.09765625 0.62578125 0.015625 0.01875
9 0.54765625 0.69296875 0.078125 0.0578125
2 0.2140625 0.6453125 0.021875 0.015625
2 0.94609375 0.103125 0.01640625 0.0125
2 0.2828125 0.66171875 0.01015625 0.02578125
9 0.30078125 0.6671875 0.03515625 0.03125
2 0.2578125 0.0046875 0.015625 0.009375
9 0.715625 0.7359375 0.11796875 0.08984375
20 0.92265625 0.10078125 0.01015625 0.0265625
20 0.93125 0.10546875 0.00625 0.02421875
9 0.46171875 0.72578125 0.07890625 0.06328125
9 0.54453125 0.740625 0.078125 0.0546875
16 0.35078125 0.71875 0.0140625 0.01328125
2 0.04765625 0.675 0.0953125 0.06875
2 0.52734375 0.04765625 0.015625 0.01171875
16 0.35 0.7296875 0.01640625 0.0140625
2 0.4234375 0.74453125 0.01484375 0.028125
16 0.35078125 0.74140625 0.015625 0.01640625
2 0.27578125 0.734375 0.02265625 0.0171875
9 0.54140625 0.784375 0.08125 0.0578125
2 0.1265625 0.00390625 0.02109375 0.00703125
2 0.38828125 0.03046875 0.0171875 0.0125
16 0.00859375 0.71953125 0.015625 0.01015625
2 0.27578125 0.7609375 0.02109375 0.03046875
16 0.00859375 0.72890625 0.01484375 0.01328125
16 0.25625 0.01328125 0.015625 0.01484375
2 0.04375 0.73828125 0.0171875 0.0078125
2 0.94453125 0.1140625 0.0140625 0.0125
2 0.41796875 0.79453125 0.01015625 0.02578125
2 0.02421875 0.7375 0.01484375 0.0109375
2 0.26875 0.778125 0.0109375 0.015625
2 0.0078125 0.740625 0.015625 0.01640625
16 0.2875 0.01953125 0.015625 0.0140625
16 0.00703125 0.7515625 0.0140625 0.0125
9 0.534375 0.8328125 0.0796875 0.06015625
9 0.45390625 0.8234375 0.08125 0.06015625
2 0.271875 0.80078125 0.0203125 0.028125
16 0.00625 0.76171875 0.0125 0.01171875
16 0.00703125 0.77265625 0.0140625 0.009375
9 0.215625 0.80703125 0.0375 0.0390625
16 0.5265625 0.05703125 0.01484375 0.01171875
2 0.1890625 0.80546875 0.009375 0.02265625
9 0.13046875 0.79765625 0.07109375 0.2359375
16 0.00546875 0.78359375 0.0109375 0.015625
2 0.3546875 0.0328125 0.01953125 0.01328125
2 0.4125 0.84765625 0.01484375 0.01640625
9 0.85078125 0.91953125 0.03671875 0.090625
2 0.00546875 0.7953125 0.0109375 0.0140625
9 0.7 0.90625 0.12734375 0.18046875
9 0.80390625 0.9203125 0.0640625 0.15703125
9 0.040625 0.81875 0.06796875 0.15234375
16 0.0765625 0.83671875 0.015625 0.01171875
2 0.94375 0.12421875 0.01640625 0.0125
9 0.2078125 0.86328125 0.040625 0.04765625
2 0.0703125 0.0015625 0.0171875 0.003125
2 0.265625 0.87890625 0.025 0.028125
2 0.1765625 0.8765625 0.0109375 0.02890625
2 0.3875 0.04453125 0.015625 0.01484375
2 0.2609375 0.89609375 0.015625 0.0125
16 0.06875 0.871875 0.0078125 0.0234375
2 0.078125 0.87421875 0.01328125 0.0265625
16 0.0890625 0.8765625 0.0109375 0.02265625
16 0.4140625 0.925 0.01328125 0.0109375
16 0.41171875 0.9328125 0.0140625 0.01015625
2 0.1375 0.0109375 0.00859375 0.01796875
16 0.39375 0.94375 0.009375 0.01484375
2 0.16796875 0.0203125 0.0234375 0.040625
2 0.0875 0.009375 0.009375 0.01875
2 0.94375 0.1359375 0.0125 0.01171875
2 0.0671875 0.0078125 0.01484375 0.0109375
2 0.10234375 0.01640625 0.01953125 0.0265625
9 0.8125 0.121875 0.16640625 0.1015625
2 0.13515625 0.02421875 0.034375 0.0265625
2 0.38671875 0.0625 0.015625 0.01484375
2 0.0671875 0.0171875 0.0140625 0.01171875
2 0.89765625 0.13984375 0.009375 0.03046875
16 0.92421875 0.14609375 0.01875 0.0125
16 0.08203125 0.0265625 0.0171875 0.01171875
16 0.9234375 0.1546875 0.0171875 0.01171875
2 0.13671875 0.0421875 0.009375 0.01875
2 0.97421875 0.171875 0.01875 0.0140625
9 0.44296875 0.0953125 0.03046875 0.02890625
16 0.715625 0.13671875 0.0140625 0.0109375
2 0.46796875 0.1015625 0.02578125 0.015625
16 0.3921875 0.09609375 0.0078125 0.01953125
2 0.4015625 0.096875 0.009375 0.0203125
16 0.41328125 0.1 0.00625 0.01796875
16 0.3859375 0.096875 0.0078125 0.01796875
2 0.71640625 0.146875 0.01328125 0.01171875
16 0.59375 0.13046875 0.0171875 0.01171875
16 0.62890625 0.1375 0.0171875 0.01484375
2 0.575 0.13046875 0.0171875 0.0171875
2 0.715625 0.15625 0.01484375 0.01484375
20 0.5921875 0.14375 0.01875 0.0203125
16 0.0578125 0.06875 0.0078125 0.01875
16 0.0734375 0.071875 0.00859375 0.01640625
16 0.06640625 0.071875 0.009375 0.01796875
16 0.0546875 0.07109375 0.01796875 0.028125
16 0.5703125 0.15078125 0.01328125 0.01171875
16 0.6265625 0.159375 0.01640625 0.015625
16 0.65859375 0.16484375 0.0125 0.02734375
2 0.6421875 0.1625 0.00859375 0.0203125
16 0.71796875 0.17578125 0.009375 0.0203125
16 0.709375 0.175 0.0078125 0.0265625
16 0.5921875 0.16015625 0.015625 0.01328125
16 0.03828125 0.08125 0.01640625 0.0140625
16 0.603125 0.1671875 0.009375 0.0203125
2 0.52421875 0.15546875 0.0171875 0.01171875
16 0.5109375 0.16015625 0.00625 0.01640625
16 0.03828125 0.09375 0.0171875 0.01328125
2 0.52421875 0.1671875 0.01328125 0.01328125
16 0.03828125 0.1046875 0.0171875 0.0109375
2 0.140625 0.1265625 0.01484375 0.0125
9 0.2421875 0.14140625 0.07265625 0.23203125
9 0.3109375 0.153125 0.07109375 0.23125
16 0.0375 0.1140625 0.01875 0.01171875
2 0.33828125 0.17734375 0.0078125 0.01953125
9 0.40546875 0.19609375 0.103125 0.146875
16 0.03828125 0.1453125 0.0140625 0.0109375
2 0.46875 0.20859375 0.0109375 0.02734375
2 0.88828125 0.275 0.01484375 0.01328125
2 0.93203125 0.28125 0.01640625 0.01015625
16 0.03671875 0.15546875 0.0140625 0.01640625
2 0.8984375 0.2921875 0.009375 0.01953125
9 0.66796875 0.265625 0.09453125 0.1171875
2 0.6125 0.25703125 0.0125 0.028125
9 0.91875 0.30625 0.03203125 0.0375
2 0.7234375 0.27734375 0.01015625 0.02265625
2 0.88671875 0.309375 0.015625 0.015625
2 0.79296875 0.30859375 0.015625 0.015625
9 0.134375 0.21171875 0.10625 0.14921875
9 0.13359375 0.21171875 0.10625 0.14921875
2 0.93828125 0.33125 0.0171875 0.015625
2 0.20234375 0.2265625 0.0109375 0.0203125
2 0.0375 0.203125 0.0125 0.0203125
9 0.821875 0.321875 0.0375 0.04296875
9 0.915625 0.34296875 0.03046875 0.03671875
2 0.94140625 0.34765625 0.021875 0.01328125
2 0.8921875 0.340625 0.0140625 0.02734375
2 0.2984375 0.271875 0.0140625 0.01171875
2 0.2328125 0.26171875 0.015625 0.0109375
2 0.60859375 0.3171875 0.01796875 0.01328125
2 0.93671875 0.36640625 0.0140625 0.01484375
16 0.34921875 0.28046875 0.0078125 0.0203125
16 0.371875 0.28359375 0.00859375 0.0203125
16 0.38671875 0.28671875 0.0078125 0.0234375
16 0.39453125 0.28828125 0.0109375 0.02109375
16 0.4296875 0.29453125 0.009375 0.0234375
2 0.78984375 0.36015625 0.01640625 0.0171875
9 0.81640625 0.3671875 0.0296875 0.03984375
2 0.88828125 0.37890625 0.01328125 0.02734375
2 0.9375 0.3859375 0.0203125 0.01171875
2 0.36875 0.30390625 0.01953125 0.0171875
9 0.91171875 0.384375 0.03203125 0.03359375
16 0.66875 0.35546875 0.01796875 0.0140625
16 0.0546875 0.278125 0.015625 0.01171875
16 0.93203125 0.41015625 0.01328125 0.0140625
16 0.05390625 0.29375 0.01796875 0.015625
2 0.93046875 0.42734375 0.015625 0.0125
16 0.53125 0.36875 0.01640625 0.0109375
16 0.20546875 0.321875 0.0078125 0.02109375
16 0.228125 0.3265625 0.0078125 0.02265625
16 0.22109375 0.32578125 0.00625 0.02421875
16 0.2375 0.32890625 0.0078125 0.021875
16 0.21328125 0.325 0.0078125 0.021875
2 0.09921875 0.31015625 0.01015625 0.021875
16 0.259375 0.3359375 0.015625 0.0109375
9 0.07890625 0.3109375 0.03203125 0.04453125
16 0.52890625 0.3796875 0.0125 0.00859375
9 0.9 0.4375 0.04375 0.05703125
16 0.17265625 0.3328125 0.009375 0.0203125
16 0.15 0.33046875 0.0078125 0.0203125
16 0.16484375 0.3328125 0.00703125 0.02109375
16 0.15859375 0.33203125 0.0078125 0.0203125
16 0.196875 0.3375 0.0078125 0.0234375
16 0.18046875 0.3359375 0.0078125 0.02421875
16 0.18984375 0.33671875 0.00703125 0.02109375
16 0.5296875 0.39765625 0.0140625 0.01015625
2 0.7203125 0.4359375 0.015625 0.01796875
16 0.5265625 0.41015625 0.01484375 0.00859375
9 0.59296875 0.43125 0.10546875 0.15078125
16 0.52734375 0.421875 0.01484375 0.00859375
9 0.38828125 0.40546875 0.06796875 0.171875
9 0.33203125 0.39765625 0.0625 0.175
2 0.53046875 0.015625 0.015625 0.01484375
9 0.68984375 0.45546875 0.04765625 0.06015625
16 0.52578125 0.43359375 0.0140625 0.0109375
2 0.86484375 0.4890625 0.015625 0.015625
9 0.8296875 0.4875 0.0359375 0.05859375
16 0.525 0.4453125 0.015625 0.01171875
9 0.89609375 0.50078125 0.0421875 0.05546875