1 0.8859375 0.6671875 0.10234375 0.0796875
15 0.34296875 0.696875 0.01015625 0.040625
15 0.3546875 0.696875 0.0140625 0.0390625
15 0.32890625 0.69921875 0.01328125 0.0390625
15 0.31640625 0.703125 0.01171875 0.04921875
15 0.6671875 0.70390625 0.009375 0.03984375
15 0.63984375 0.7046875 0.009375 0.02734375
15 0.653125 0.70625 0.0078125 0.03515625
15 0.6265625 0.7078125 0.0109375 0.0328125
1 0.20546875 0.7265625 0.0828125 0.0921875
1 0.52734375 0.728125 0.090625 0.1
15 0.7953125 0.75 0.0109375 0.01484375
1 0.896875 0.759375 0.0515625 0.0921875
1 0.684375 0.76796875 0.0125 0.0296875
1 0.740625 0.76953125 0.0140625 0.0265625
9 0.78984375 0.78828125 0.021875 0.04765625
1 0.78125 0.82578125 0.00625 0.0234375
1 0.74453125 0.82734375 0.034375 0.06640625
1 0.6890625 0.82890625 0.0328125 0.059375
15 0.659375 0.83515625 0.01796875 0.11328125
1 0.76953125 0.8359375 0.01640625 0.03984375
1 0.9015625 0.84375 0.015625 0.07734375
15 0.63359375 0.84765625 0.03046875 0.13046875
15 0.88359375 0.85546875 0.01015625 0.06796875
1 0.303125 0.8609375 0.08671875 0.1890625
1 0.55625 0.86875 0.096875 0.19140625
1 0.4265625 0.871875 0.09765625 0.20390625
15 0.790625 0.89296875 0.01015625 0.01171875
22 0.22421875 0.903125 0.00078125 0.0015625
15 0.76484375 0.90625 0.0140625 0.01328125
15 0.790625 0.90625 0.0078125 0.01328125
15 0.778125 0.90703125 0.01171875 0.0109375
15 0.7890625 0.9234375 0.00859375 0.00859375
15 0.778125 0.9359375 0.01015625 0.0140625
15 0.76796875 0.93671875 0.00859375 0.0109375
15 0.7890625 0.93671875 0.009375 0.0125
4 0.84609375 0.940625 0.06640625 0.03125
4 0.184375 0.9453125 0.11015625 0.059375
15 0.784375 0.9484375 0.0078125 0.0078125
15 0.77890625 0.9609375 0.0078125 0.01328125
15 0.7890625 0.9609375 0.0078125 0.01171875
15 0.76875 0.9625 0.0078125 0.01171875
1 0.90703125 0.178125 0.03046875 0.071875
1 0.48203125 0.21953125 0.01484375 0.06953125
1 0.49921875 0.21953125 0.01875 0.0671875
1 0.2265625 0.2359375 0.03515625 0.15234375
1 0.1890625 0.24296875 0.0390625 0.1484375
1 0.15078125 0.24296875 0.03203125 0.0703125
1 0.26875 0.24453125 0.04296875 0.15390625
1 0.578125 0.2453125 0.0359375 0.1578125
1 0.6171875 0.24609375 0.034375 0.16015625
1 0.53984375 0.2484375 0.03828125 0.15625
1 0.303125 0.29765625 0.01640625 0.034375
1 0.646875 0.29921875 0.01328125 0.0359375
15 0.79921875 0.34453125 0.01484375 0.01171875
1 0.44609375 0.3515625 0.01484375 0.028125
15 0.82578125 0.3609375 0.00703125 0.03046875
15 0.8046875 0.3671875 0.0078125 0.0265625
15 0.871875 0.375 0.0625 0.0421875
1 0.79296875 0.39921875 0.01796875 0.02109375
1 0.75078125 0.41171875 0.01953125 0.02265625
15 0.875 0.4140625 0.06328125 0.0390625
9 0.796875 0.4359375 0.0203125 0.04375
15 0.87578125 0.4484375 0.0640625 0.03203125
15 0.7765625 0.465625 0.00546875 0.02265625
1 0.79609375 0.47421875 0.0203125 0.025
15 0.87421875 0.47890625 0.0625 0.03359375
15 0.8015625 0.4953125 0.0140625 0.01640625
15 0.78984375 0.50078125 0.00625 0.02421875
15 0.8734375 0.5140625 0.06171875 0.03828125
1 0.26640625 0.05234375 0.03359375 0.06875
1 0.18828125 0.05703125 0.034375 0.06640625
1 0.8859375 0.584375 0.103125 0.0859375