2 0.68828125 0.5109375 0.01015625 0.02421875
2 0.4203125 0.49609375 0.00703125 0.0171875
2 0.37578125 0.490625 0.00859375 0.01875
2 0.94296875 0.61640625 0.0140625 0.01015625
2 0.7078125 0.5765625 0.02109375 0.01328125
2 0.8984375 0.628125 0.01796875 0.0109375
2 0.86796875 0.621875 0.01640625 0.01015625
16 0.6421875 0.5734375 0.00625 0.01640625
2 0.81171875 0.6125 0.01953125 0.01015625
2 0.7859375 0.61484375 0.00859375 0.02109375
2 0.459375 0.5546875 0.00703125 0.0140625
2 0.41875 0.54609375 0.0078125 0.01796875
16 0.64140625 0.5984375 0.00703125 0.015625
2 0.9390625 0.66484375 0.00390625 0.0125
2 0.71875 0.61796875 0.0171875 0.01171875
2 0.65859375 0.60390625 0.01953125 0.0125
2 0.93203125 0.6640625 0.00390625 0.0125
2 0.68984375 0.6109375 0.021875 0.01328125
2 0.9453125 0.6671875 0.00546875 0.0140625
2 0.384375 0.5453125 0.0078125 0.0171875
2 0.35859375 0.540625 0.00859375 0.01640625
2 0.81171875 0.6484375 0.00703125 0.00546875
2 0.821875 0.6546875 0.00546875 0.0109375
2 0.63671875 0.61796875 0.00625 0.0125
2 0.9390625 0.6859375 0.00546875 0.01328125
2 0.778125 0.6578125 0.01796875 0.01015625
2 0.6359375 0.63515625 0.009375 0.00703125
2 0.73203125 0.65546875 0.01015625 0.0078125
2 0.1859375 0.540625 0.00703125 0.01875
2 0.05078125 0.5125 0.0140625 0.01015625
2 0.79609375 0.6796875 0.009375 0.02421875
2 0.3359375 0.58359375 0.00625 0.015625
2 0.47265625 0.61640625 0.0078125 0.0171875
2 0.9453125 0.7296875 0.00859375 0.00703125
2 0.77890625 0.69765625 0.0171875 0.01171875
2 0.4453125 0.62578125 0.0125 0.0109375
2 0.33359375 0.60234375 0.00546875 0.01328125
2 0.39453125 0.62421875 0.00625 0.01796875
2 0.8125 0.7171875 0.00546875 0.0109375
2 0.3703125 0.61953125 0.00625 0.01796875
2 0.80546875 0.71484375 0.0046875 0.01015625
2 0.18515625 0.6 0.00703125 0.01875
2 0.07578125 0.5796875 0.0140625 0.01015625
2 0.1328125 0.5921875 0.0140625 0.01015625
2 0.7515625 0.75 0.0171875 0.01171875
2 0.35 0.690625 0.00703125 0.0171875
2 0.809375 0.79140625 0.00859375 0.00625
2 0.91171875 0.81484375 0.01328125 0.00859375
2 0.925 0.8203125 0.00703125 0.01484375
2 0.72890625 0.7796875 0.01015625 0.00625
2 0.39765625 0.70703125 0.01484375 0.01015625
2 0.840625 0.80546875 0.0078125 0.01796875
2 0.29453125 0.68515625 0.0140625 0.01015625
2 0.81796875 0.8046875 0.0140625 0.009375
2 0.45234375 0.74140625 0.0078125 0.02109375
2 0.1078125 0.66875 0.0046875 0.01171875
2 0.6625 0.7921875 0.0140625 0.00859375
2 0.86796875 0.84375 0.00703125 0.0171875
2 0.04375 0.66640625 0.01171875 0.0078125
2 0.86484375 0.865625 0.00703125 0.0171875
2 0.03203125 0.6859375 0.0109375 0.00703125
2 0.45625 0.78125 0.01484375 0.01171875
2 0.5203125 0.8015625 0.015625 0.01328125
2 0.846875 0.884375 0.00703125 0.01796875
16 0.76875 0.86953125 0.00703125 0.01640625
2 0.18671875 0.75390625 0.00703125 0.015625
2 0.15703125 0.75625 0.01015625 0.00703125
16 0.76484375 0.89296875 0.00625 0.01640625
2 0.271875 0.7890625 0.0078125 0.0171875
2 0.02578125 0.746875 0.01328125 0.0078125
16 0.76328125 0.91484375 0.0078125 0.021875
2 0.5015625 0.8640625 0.01171875 0.00859375
2 0.26796875 0.815625 0.00703125 0.0171875
2 0.8640625 0.9546875 0.015625 0.01171875
2 0.890625 0.96953125 0.0078125 0.01953125
2 0.8984375 0.97109375 0.00703125 0.01875
2 0.88359375 0.96796875 0.00703125 0.0171875
2 0.8765625 0.96875 0.00546875 0.0125
2 0.17734375 0.8203125 0.00703125 0.015625
2 0.37109375 0.8625 0.01328125 0.01015625
16 0.4296875 0.88359375 0.00625 0.015625
16 0.86640625 0.98203125 0.00859375 0.0203125
2 0.99453125 0.18515625 0.0046875 0.01171875
16 0.003125 0.803125 0.00625 0.01875
2 0.846875 0.99453125 0.01640625 0.009375
16 0.1296875 0.840625 0.00625 0.015625
2 0.9984375 0.1875 0.00234375 0.01484375
2 0.70078125 0.9765625 0.0125 0.009375
2 0.67890625 0.971875 0.0046875 0.01171875
2 0.596875 0.95390625 0.00625 0.01328125
2 0.6609375 0.96875 0.0046875 0.01328125
2 0.565625 0.9484375 0.00625 0.015625
2 0.609375 0.95703125 0.0046875 0.01015625
2 0.50390625 0.93515625 0.0046875 0.00859375
2 0.628125 0.9625 0.0046875 0.0109375
2 0.571875 0.95 0.0046875 0.009375
2 0.63359375 0.9640625 0.00390625 0.01015625
2 0.58359375 0.953125 0.00390625 0.009375
2 0.61484375 0.96015625 0.0046875 0.0109375
2 0.76484375 0.99453125 0.0140625 0.01015625
16 0.74453125 0.9921875 0.01640625 0.0109375
2 0.7109375 0.98828125 0.01015625 0.0109375
2 0.1125 0.859375 0.00625 0.015625
2 0.1984375 0.88203125 0.009375 0.00703125
2 0.03046875 0.8515625 0.0046875 0.01171875
2 0.184375 0.04296875 0.0140625 0.009375
2 0.12265625 0.034375 0.00859375 0.015625
2 0.44765625 0.11171875 0.0140625 0.009375
2 0.83359375 0.20546875 0.00703125 0.01875
2 0.8171875 0.2015625 0.00703125 0.0171875
2 0.82578125 0.20546875 0.00703125 0.01953125
2 0.66796875 0.17265625 0.00703125 0.01640625
2 0.85625 0.21953125 0.0109375 0.00859375
2 0.36328125 0.1109375 0.009375 0.00546875
2 0.17890625 0.0734375 0.01171875 0.00703125
2 0.42109375 0.13046875 0.02109375 0.01328125
2 0.5546875 0.16640625 0.01328125 0.009375
2 0.590625 0.17421875 0.0140625 0.01015625
2 0.2375 0.10234375 0.0140625 0.009375
2 0.41875 0.14296875 0.01640625 0.00859375
2 0.48203125 0.16484375 0.01484375 0.0109375
2 0.734375 0.228125 0.0125 0.00859375
2 0.41328125 0.15859375 0.01328125 0.00859375
2 0.16796875 0.11328125 0.01484375 0.00859375
2 0.73359375 0.240625 0.0140625 0.009375
2 0.35625 0.16796875 0.0109375 0.00703125
2 0.3359375 0.16953125 0.01015625 0.0078125
2 0.35390625 0.17890625 0.01015625 0.00703125
2 0.334375 0.1796875 0.0109375 0.00859375
2 0.87890625 0.303125 0.0125 0.01015625
2 0.8546875 0.296875 0.0109375 0.009375
2 0.9859375 0.33203125 0.01328125 0.00859375
2 0.33359375 0.18984375 0.0109375 0.0078125
2 0.35 0.19296875 0.01015625 0.00703125
2 0.9984375 0.33984375 0.00234375 0.01328125
2 0.840625 0.30859375 0.00625 0.01484375
2 0.83203125 0.30703125 0.00703125 0.01484375
2 0.984375 0.340625 0.0125 0.00703125
2 0.6078125 0.26015625 0.01171875 0.0078125
2 0.1703125 0.16640625 0.01015625 0.00625
2 0.984375 0.35 0.01171875 0.0078125
2 0.99765625 0.35390625 0.00390625 0.01328125
2 0.16796875 0.17734375 0.01015625 0.00703125
2 0.81875 0.3203125 0.00625 0.01328125
2 0.98203125 0.35859375 0.0109375 0.0078125
2 0.721875 0.30078125 0.0125 0.00859375
2 0.734375 0.3109375 0.00703125 0.01875
2 0.1671875 0.1875 0.01171875 0.00703125
2 0.8734375 0.3421875 0.00625 0.015625
2 0.8390625 0.33515625 0.00625 0.015625
2 0.84765625 0.33828125 0.00625 0.01484375
2 0.98125 0.36875 0.01171875 0.00703125
2 0.72109375 0.3125 0.0125 0.0078125
2 0.5234375 0.27265625 0.0046875 0.0125
2 0.16484375 0.19765625 0.00859375 0.00703125
2 0.71953125 0.32265625 0.01171875 0.00859375
2 0.81484375 0.34609375 0.00625 0.01328125
2 0.82578125 0.3484375 0.00703125 0.0125
2 0.4609375 0.27421875 0.01171875 0.0078125
2 0.98671875 0.40078125 0.01015625 0.021875
2 0.32734375 0.25859375 0.01640625 0.01015625
2 0.3921875 0.27265625 0.01640625 0.0109375
2 0.1609375 0.2296875 0.00859375 0.00703125
2 0.4578125 0.2953125 0.01484375 0.01015625
2 0.7109375 0.35625 0.00625 0.01015625
2 0.45625 0.3078125 0.01171875 0.00703125
2 0.32578125 0.28046875 0.0140625 0.01015625
2 0.84140625 0.39921875 0.00625 0.0140625
2 0.82421875 0.39609375 0.00625 0.01328125
2 0.1578125 0.25 0.01015625 0.00625
2 0.83203125 0.39765625 0.00703125 0.015625
2 0.84921875 0.4015625 0.00703125 0.015625
2 0.45546875 0.3171875 0.0140625 0.009375
2 0.69140625 0.37578125 0.0078125 0.00546875
2 0.98203125 0.440625 0.01015625 0.025
2 0.32578125 0.3 0.01953125 0.0109375
2 0.4578125 0.3296875 0.01484375 0.0109375
2 0.803125 0.40625 0.0078125 0.01796875
2 0.86640625 0.4203125 0.00625 0.015625
2 0.89296875 0.42578125 0.00546875 0.0140625
2 0.875 0.42265625 0.00625 0.01328125
2 0.70390625 0.39453125 0.00859375 0.02421875
2 0.515625 0.353125 0.01015625 0.00703125
2 0.8203125 0.425 0.00625 0.0140625
2 0.81171875 0.42265625 0.00625 0.0140625
2 0.8375 0.4296875 0.00703125 0.01484375
2 0.84453125 0.43125 0.00625 0.01484375
2 0.85390625 0.4328125 0.00625 0.0125
2 0.82890625 0.428125 0.00703125 0.0140625
2 0.384375 0.33359375 0.01640625 0.0109375
2 0.31875 0.3203125 0.0171875 0.01015625
2 0.871875 0.446875 0.00625 0.015625
2 0.88125 0.44921875 0.00625 0.01640625
2 0.86171875 0.4453125 0.00625 0.015625
2 0.99765625 0.47890625 0.0046875 0.0140625
2 0.97578125 0.4796875 0.01015625 0.02265625
2 0.67578125 0.41640625 0.00859375 0.00546875
2 0.79609375 0.4484375 0.0046875 0.01328125
2 0.8078125 0.45234375 0.00703125 0.01484375
2 0.815625 0.45625 0.00703125 0.01875
2 0.69921875 0.43203125 0.0078125 0.02109375
2 0.08203125 0.29609375 0.01328125 0.009375
2 0.21328125 0.32578125 0.01328125 0.00859375
2 0.87734375 0.47265625 0.00703125 0.01328125
2 0.86875 0.471875 0.00703125 0.0140625
2 0.859375 0.4703125 0.00625 0.0140625
2 0.99375 0.5109375 0.00625 0.0140625
2 0.8890625 0.4890625 0.0046875 0.0125
2 0.7921875 0.471875 0.0046875 0.0109375
2 0.815625 0.48359375 0.00703125 0.01640625
2 0.871875 0.496875 0.00625 0.0140625
2 0.8640625 0.49453125 0.00625 0.01484375
2 0.85625 0.49296875 0.00625 0.015625
2 0.9703125 0.51875 0.009375 0.0234375
2 0.846875 0.49140625 0.00703125 0.015625
2 0.8234375 0.4859375 0.00625 0.01640625
2 0.80546875 0.4828125 0.00625 0.015625
2 0.67109375 0.45546875 0.00703125 0.00625
2 0.50703125 0.42421875 0.00625 0.015625
2 0.69296875 0.47109375 0.0078125 0.021875
2 0.66484375 0.4875 0.00859375 0.00625