16 0.75546875 0.0875 0.01484375 0.01171875
9 0.4578125 0.115625 0.015625 0.0296875
2 0.47109375 0.11640625 0.009375 0.0234375
16 0.4234375 0.1375 0.0078125 0.02421875
16 0.4453125 0.14765625 0.01015625 0.01953125
9 0.059375 0.221875 0.05 0.0515625
16 0.2875 0.2484375 0.01484375 0.01015625
16 0.103125 0.27421875 0.00625 0.01796875
16 0.11015625 0.2734375 0.00625 0.021875
16 0.11640625 0.27421875 0.00546875 0.0234375
16 0.1234375 0.27421875 0.00625 0.02421875
16 0.3734375 0.25546875 0.01015625 0.01015625
16 0.10390625 0.2984375 0.00625 0.0234375
16 0.11171875 0.3 0.0078125 0.021875
16 0.11875 0.3 0.00546875 0.0203125
16 0.12421875 0.29921875 0.00625 0.021875
16 0.3734375 0.2890625 0.01015625 0.01171875
2 0.040625 0.3453125 0.0515625 0.08359375
16 0.375 0.31953125 0.01171875 0.01171875
9 0.42578125 0.3171875 0.0921875 0.246875
16 0.28828125 0.34375 0.00703125 0.01796875
2 0.21875 0.35234375 0.0078125 0.0234375
2 0.19765625 0.35625 0.0078125 0.0203125
16 0.37578125 0.34921875 0.01015625 0.009375
2 0.21953125 0.38515625 0.01015625 0.01328125
16 0.2953125 0.37890625 0.01328125 0.015625
16 0.2328125 0.38515625 0.01015625 0.01015625
2 0.0421875 0.4015625 0.0125 0.01796875
2 0.0125 0.40859375 0.0125 0.01640625
2 0.025 0.41015625 0.0078125 0.021875
2 0.290625 0.396875 0.00546875 0.015625
2 0.30390625 0.396875 0.00703125 0.01796875
16 0.296875 0.396875 0.00625 0.01796875
16 0.23671875 0.403125 0.00625 0.0203125
2 0.24375 0.4046875 0.00703125 0.021875
16 0.225 0.41484375 0.009375 0.0234375
16 0.3109375 0.41640625 0.00625 0.021875
16 0.29140625 0.41953125 0.00625 0.0234375
16 0.29765625 0.4203125 0.0046875 0.01953125
16 0.3046875 0.41953125 0.00546875 0.0203125
16 0.20234375 0.43046875 0.00859375 0.0203125
16 0.23671875 0.42734375 0.00625 0.01796875
2 0.15390625 0.43515625 0.02890625 0.059375
16 0.24375 0.42734375 0.00546875 0.01796875
16 0.03828125 0.45078125 0.00625 0.0203125
2 0.0453125 0.45 0.0046875 0.021875
16 0.2265625 0.43515625 0.0125 0.01328125
9 0.02109375 0.45703125 0.021875 0.04140625
16 0.2375 0.44765625 0.00546875 0.01640625
16 0.2453125 0.4484375 0.00546875 0.01796875
16 0.3125 0.44375 0.00546875 0.01953125
16 0.30625 0.4453125 0.00546875 0.021875
16 0.29140625 0.446875 0.00546875 0.01796875
16 0.2984375 0.44609375 0.00546875 0.01953125
16 0.1765625 0.45703125 0.00625 0.0203125
16 0.19765625 0.45546875 0.0078125 0.021875
16 0.3203125 0.44453125 0.0078125 0.01796875
2 0.21875 0.4546875 0.0171875 0.015625
16 0.20625 0.45625 0.00703125 0.01796875
16 0.0390625 0.48125 0.009375 0.01171875
16 0.46328125 0.45703125 0.0109375 0.01015625
2 0.421875 0.4640625 0.00859375 0.02578125
16 0.4671875 0.47578125 0.00859375 0.0234375
16 0.4234375 0.48671875 0.01015625 0.01953125
2 0.45703125 0.5109375 0.01484375 0.0140625
4 0.0328125 0.5859375 0.0390625 0.16953125
9 0.4421875 0.56171875 0.05078125 0.08515625
16 0.10234375 0.5953125 0.0109375 0.01171875
16 0.128125 0.603125 0.01015625 0.01015625
16 0.10234375 0.6078125 0.01484375 0.01171875
16 0.1296875 0.61953125 0.009375 0.009375
9 0.246875 0.64921875 0.1671875 0.2671875
2 0.43671875 0.6578125 0.01640625 0.01015625
16 0.0640625 0.6984375 0.00546875 0.01640625
16 0.0578125 0.70078125 0.00546875 0.01953125
16 0.08125 0.7 0.00625 0.0234375
16 0.0734375 0.7015625 0.00625 0.0234375
2 0.43671875 0.66953125 0.0140625 0.01171875
16 0.0984375 0.715625 0.00546875 0.0203125
16 0.09296875 0.71796875 0.00625 0.0234375
16 0.08515625 0.72109375 0.00703125 0.01796875
16 0.078125 0.72265625 0.00625 0.01640625
2 0.11953125 0.74140625 0.03125 0.06484375
2 0.09375 0.74375 0.01796875 0.021875
9 0.42890625 0.72421875 0.06015625 0.09453125
2 0.071875 0.7609375 0.0140625 0.015625
4 0.0359375 0.77421875 0.03984375 0.14609375
2 0.09375 0.7703125 0.01953125 0.0203125
16 0.11484375 0.08203125 0.00625 0.01953125
16 0.071875 0.778125 0.01328125 0.01328125
2 0.071875 0.79296875 0.01328125 0.01640625
16 0.0734375 0.8078125 0.0171875 0.01171875
16 0.584375 0.80390625 0.00703125 0.02578125
16 0.59296875 0.80390625 0.0078125 0.028125
16 0.25 0.834375 0.01015625 0.02578125
16 0.234375 0.0796875 0.01171875 0.01171875
16 0.259375 0.834375 0.0078125 0.02578125
16 0.275 0.83359375 0.009375 0.0296875
16 0.2671875 0.8359375 0.0046875 0.028125
16 0.2390625 0.8390625 0.0078125 0.021875
9 0.88984375 0.78671875 0.040625 0.0515625
2 0.15390625 0.85390625 0.01796875 0.0203125
16 0.125 0.85859375 0.0046875 0.01640625
16 0.10078125 0.0921875 0.00625 0.01953125
2 0.11796875 0.86015625 0.00546875 0.01640625
16 0.60859375 0.82265625 0.00625 0.021875
2 0.1890625 0.8609375 0.00859375 0.03515625
16 0.63203125 0.82109375 0.00625 0.021875
16 0.62421875 0.82265625 0.0078125 0.0203125
16 0.5421875 0.83046875 0.00703125 0.0203125
16 0.6 0.82578125 0.00625 0.0234375
16 0.61640625 0.82421875 0.0046875 0.0234375
16 0.64140625 0.821875 0.009375 0.0203125
16 0.10859375 0.09375 0.00625 0.01953125
16 0.5328125 0.8359375 0.0109375 0.01328125
9 0.08671875 0.878125 0.0484375 0.0609375
9 0.0875 0.878125 0.0515625 0.0609375
2 0.48671875 0.846875 0.0109375 0.009375
16 0.37734375 0.07109375 0.00625 0.0203125
2 0.25234375 0.875 0.0078125 0.02421875
16 0.5328125 0.85546875 0.0140625 0.015625
16 0.9328125 0.82265625 0.0046875 0.021875
2 0.5609375 0.85625 0.03046875 0.03515625
2 0.2421875 0.8875 0.009375 0.02578125
16 0.528125 0.87421875 0.00625 0.02421875
16 0.40625 0.0703125 0.009375 0.021875
16 0.43125 0.06796875 0.00703125 0.021875
16 0.52109375 0.875 0.00546875 0.021875
16 0.5359375 0.875 0.00546875 0.01796875
16 0.5125 0.8765625 0.00859375 0.01953125
16 0.4859375 0.88125 0.00546875 0.015625
16 0.49296875 0.88125 0.00625 0.0203125
16 0.50546875 0.88125 0.00625 0.015625
2 0.12265625 0.91953125 0.00703125 0.0203125
16 0.24765625 0.91484375 0.0078125 0.0234375
2 0.16640625 0.921875 0.0484375 0.08359375
16 0.2390625 0.9171875 0.00703125 0.0234375
2 0.259375 0.91640625 0.0140625 0.0375
16 0.415625 0.07265625 0.00625 0.02578125
16 0.234375 0.090625 0.0140625 0.01015625
2 0.40078125 0.946875 0.01953125 0.028125
16 0.234375 0.10234375 0.01796875 0.01015625
2 0.46796875 0.0828125 0.0125 0.0359375
16 0.2359375 0.11171875 0.01796875 0.009375
16 0.42421875 0.0953125 0.00546875 0.021875
16 0.115625 0.121875 0.0078125 0.01953125
16 0.10234375 0.125 0.0046875 0.021875
16 0.3890625 0.09921875 0.00703125 0.021875
16 0.109375 0.125 0.00625 0.01796875
16 0.4390625 0.0953125 0.00546875 0.021875
16 0.3984375 0.1015625 0.00546875 0.01953125
16 0.753125 0.07265625 0.0125 0.0140625