16 0.24375 0.31640625 0.00546875 0.04453125
16 0.26484375 0.30546875 0.00625 0.05
16 0.340625 0.2609375 0.0046875 0.05546875
16 0.1609375 0.36953125 0.00625 0.05
2 0.1921875 0.35 0.0078125 0.05
16 0.20703125 0.34140625 0.0046875 0.05
2 0.2109375 0.34296875 0.00546875 0.046875
16 0.2015625 0.3484375 0.00625 0.046875
16 0.15390625 0.37890625 0.00625 0.053125
20 0.10078125 0.409375 0.0078125 0.0640625
2 0.5859375 0.128125 0.00546875 0.0609375
16 0.109375 0.40390625 0.00625 0.046875
2 0.12265625 0.4 0.00390625 0.04453125
16 0.11640625 0.40859375 0.00546875 0.04453125
20 0.13203125 0.396875 0.01328125 0.0890625
16 0.58125 0.1359375 0.00546875 0.06640625
2 0.634375 0.10703125 0.00703125 0.04140625
20 0.21875 0.35 0.0109375 0.08359375
16 0.575 0.14140625 0.00546875 0.0609375
9 0.28828125 0.30859375 0.025 0.171875
16 0.640625 0.109375 0.0046875 0.04140625
16 0.6296875 0.1140625 0.00546875 0.0390625
20 0.14453125 0.4 0.01328125 0.09453125
16 0.30859375 0.30390625 0.00625 0.046875
16 0.3234375 0.3 0.0046875 0.04453125
16 0.85703125 0.0125 0.0078125 0.025
2 0.62109375 0.13046875 0.00625 0.05
2 0.54375 0.178125 0.00625 0.0609375
16 0.54921875 0.1765625 0.00625 0.0640625
2 0.65390625 0.11953125 0.00625 0.0609375
16 0.25859375 0.359375 0.0046875 0.046875
16 0.2453125 0.36640625 0.00625 0.05
16 0.25078125 0.36796875 0.0046875 0.053125
2 0.85234375 0.028125 0.00625 0.05546875
2 0.79453125 0.05390625 0.0046875 0.0640625
20 0.5609375 0.19140625 0.0125 0.071875
20 0.2359375 0.38203125 0.01171875 0.06953125
2 0.58828125 0.17890625 0.00546875 0.04140625
16 0.18828125 0.4109375 0.0046875 0.05
16 0.19375 0.409375 0.0046875 0.053125
2 0.6359375 0.153125 0.00703125 0.04453125
2 0.62578125 0.15859375 0.00546875 0.04453125
2 0.63046875 0.15546875 0.00390625 0.04453125
2 0.58359375 0.18359375 0.0046875 0.04453125
16 0.3140625 0.34453125 0.0046875 0.04453125
20 0.08125 0.48203125 0.01171875 0.08046875
2 0.30546875 0.353125 0.00546875 0.05
20 0.115625 0.46640625 0.01171875 0.071875
2 0.07265625 0.490625 0.0046875 0.053125
20 0.09296875 0.478125 0.0125 0.071875
2 0.1015625 0.475 0.0046875 0.05546875
16 0.065625 0.49453125 0.00625 0.05
2 0.578125 0.1984375 0.003125 0.0359375
9 0.60703125 0.18203125 0.02421875 0.14140625
16 0.3234375 0.346875 0.0046875 0.04453125
20 0.20546875 0.41796875 0.01171875 0.0859375
2 0.78984375 0.078125 0.0078125 0.05546875
2 0.5734375 0.20703125 0.003125 0.04140625
16 0.5703125 0.215625 0.0046875 0.04140625
16 0.26953125 0.39296875 0.00390625 0.046875
2 0.13359375 0.47109375 0.0078125 0.0640625
2 0.2734375 0.39453125 0.0046875 0.05546875
16 0.784375 0.1015625 0.00625 0.053125
16 0.3421875 0.3625 0.00625 0.053125
16 0.65390625 0.18046875 0.00625 0.05
16 0.6421875 0.190625 0.00390625 0.04140625
16 0.64609375 0.19140625 0.00390625 0.0390625
16 0.6375 0.196875 0.00546875 0.0390625
16 0.84296875 0.07890625 0.0046875 0.046875
2 0.425 0.3265625 0.00625 0.0640625
2 0.41796875 0.33046875 0.0078125 0.06640625
16 0.709375 0.1609375 0.00625 0.05
16 0.92578125 0.034375 0.00625 0.046875
2 0.63203125 0.20546875 0.00625 0.04453125
2 0.59609375 0.23359375 0.00546875 0.05546875
2 0.59140625 0.234375 0.00546875 0.046875
20 0.33046875 0.390625 0.0109375 0.08046875
20 0.25859375 0.43359375 0.0125 0.0890625
16 0.0671875 0.54453125 0.00625 0.05
16 0.2890625 0.415625 0.00390625 0.053125
16 0.77421875 0.13046875 0.00625 0.05546875
20 0.31875 0.4 0.01171875 0.078125
2 0.57265625 0.2515625 0.003125 0.0359375
16 0.284375 0.41953125 0.0046875 0.05546875
16 0.29375 0.415625 0.0046875 0.05859375
16 0.57734375 0.25 0.00390625 0.0390625
2 0.27890625 0.421875 0.00546875 0.05
16 0.2234375 0.45859375 0.0046875 0.0609375
20 0.540625 0.2765625 0.01171875 0.075
16 0.24453125 0.45 0.00625 0.06640625
2 0.31015625 0.4109375 0.00625 0.05546875
2 0.2296875 0.45859375 0.0078125 0.071875
2 0.30546875 0.4125 0.0046875 0.0640625
16 0.23828125 0.45703125 0.00625 0.06953125
16 0.55078125 0.2734375 0.0078125 0.075
16 0.11640625 0.5265625 0.0046875 0.053125
2 0.10703125 0.53359375 0.0046875 0.05
16 0.11171875 0.53046875 0.0046875 0.05
2 0.2171875 0.47109375 0.00859375 0.08046875
16 0.1234375 0.525 0.00546875 0.05
16 0.94765625 0.04453125 0.00703125 0.0609375
2 0.0859375 0.54609375 0.0046875 0.053125
16 0.9171875 0.06640625 0.00546875 0.05
16 0.8515625 0.10546875 0.00703125 0.06640625
16 0.71875 0.1859375 0.00625 0.0609375
16 0.9234375 0.06640625 0.0046875 0.04453125
20 0.5625 0.27890625 0.0109375 0.08046875
20 0.0953125 0.55546875 0.0125 0.08359375
16 0.20859375 0.4890625 0.0046875 0.05546875
16 0.165625 0.51640625 0.0046875 0.05546875
16 0.19375 0.503125 0.0046875 0.0609375
2 0.1734375 0.515625 0.00859375 0.06953125
2 0.1875 0.50703125 0.00859375 0.06953125
2 0.653125 0.2390625 0.0046875 0.05
16 0.18046875 0.515625 0.0046875 0.05859375
2 0.20078125 0.5015625 0.00859375 0.075
2 0.64609375 0.24140625 0.00859375 0.05546875
16 0.79140625 0.15703125 0.0078125 0.075
2 0.63828125 0.24609375 0.0078125 0.046875
2 0.15859375 0.528125 0.00859375 0.071875
16 0.67109375 0.23046875 0.009375 0.09453125
16 0.84375 0.13046875 0.0046875 0.05546875
16 0.7109375 0.209375 0.00625 0.053125
20 0.5859375 0.28359375 0.01015625 0.078125
16 0.7859375 0.165625 0.0046875 0.053125
16 0.57421875 0.290625 0.003125 0.04140625
16 0.578125 0.2890625 0.00390625 0.0390625
2 0.62578125 0.26953125 0.0046875 0.05546875
16 0.6015625 0.2859375 0.00625 0.05
16 0.63203125 0.26953125 0.0046875 0.05546875
2 0.60703125 0.2859375 0.00546875 0.05546875
20 0.61875 0.284375 0.01015625 0.08046875
16 0.028125 0.634375 0.00625 0.046875
16 0.034375 0.63046875 0.00625 0.05
2 0.94921875 0.1109375 0.00546875 0.0609375
2 0.6796875 0.27109375 0.00703125 0.053125
2 0.94296875 0.1234375 0.00625 0.06953125
20 0.2640625 0.53203125 0.01171875 0.06953125
16 0.2546875 0.54140625 0.0078125 0.06640625
16 0.27421875 0.53203125 0.00703125 0.0640625
2 0.93515625 0.1625 0.00859375 0.08046875
2 0.52734375 0.4109375 0.009375 0.08359375
2 0.05078125 0.7 0.00859375 0.09453125
2 0.45546875 0.46640625 0.009375 0.09453125
2 0.00390625 0.759375 0.003125 0.046875
2 0.0109375 0.75703125 0.00625 0.05859375
20 0.0203125 0.7515625 0.01171875 0.06953125
20 0.03359375 0.74140625 0.01328125 0.078125
20 0.23671875 0.64296875 0.01171875 0.075
16 0.2453125 0.640625 0.00625 0.053125
20 0.9484375 0.240625 0.01171875 0.075
16 0.9328125 0.25546875 0.0046875 0.04453125
2 0.93671875 0.25546875 0.0046875 0.05
20 0.00546875 0.82109375 0.00625 0.08046875
16 0.03828125 0.8015625 0.0046875 0.053125
2 0.221875 0.69609375 0.00703125 0.05859375
2 0.021875 0.8140625 0.00546875 0.05
16 0.0328125 0.80859375 0.00625 0.05
20 0.48359375 0.553125 0.0125 0.078125
20 0.503125 0.540625 0.01171875 0.08046875
2 0.75703125 0.39609375 0.00546875 0.053125
20 0.72890625 0.4125 0.01015625 0.05859375
2 0.72109375 0.41640625 0.00625 0.0609375
16 0.52265625 0.534375 0.0078125 0.06953125
16 0.7625 0.39609375 0.00625 0.05859375
20 0.740625 0.409375 0.0109375 0.06953125
2 0.51328125 0.54296875 0.00625 0.053125
2 0.475 0.56796875 0.00546875 0.053125
16 0.01171875 0.84296875 0.00625 0.046875
16 0.709375 0.43359375 0.00625 0.0609375
20 0.24296875 0.709375 0.01015625 0.075
20 0.23203125 0.71796875 0.01171875 0.075
16 0.4703125 0.58359375 0.00625 0.05546875
20 0.73125 0.4859375 0.01015625 0.078125
20 0.71953125 0.49140625 0.01328125 0.08359375
2 0.24375 0.784375 0.0046875 0.053125
16 0.2375 0.79296875 0.00546875 0.05859375
2 0.63359375 0.059375 0.00703125 0.04140625
2 0.58984375 0.09140625 0.00390625 0.05
16 0.60625 0.08359375 0.00625 0.0609375
2 0.59375 0.09140625 0.0046875 0.05
20 0.3296875 0.24453125 0.0125 0.078125
16 0.63984375 0.065625 0.0046875 0.046875
16 0.6 0.090625 0.00625 0.05859375
2 0.64453125 0.0640625 0.0046875 0.05
16 0.553125 0.11640625 0.00859375 0.0609375
2 0.628125 0.0765625 0.0046875 0.04140625
2 0.621875 0.07890625 0.00703125 0.046875
4 0.38984375 0.225 0.0921875 0.20546875
16 0.25703125 0.30546875 0.0046875 0.04453125