2 0.96328125 0.634375 0.0125 0.009375
2 0.38515625 0.5640625 0.01171875 0.0109375
2 0.96328125 0.6453125 0.0109375 0.01015625
2 0.31484375 0.56171875 0.01171875 0.0125
2 0.12890625 0.53828125 0.01171875 0.0109375
2 0.0921875 0.53359375 0.0125 0.01171875
2 0.75234375 0.6265625 0.01015625 0.0109375
4 0.246875 0.5828125 0.49375 0.1125
16 0.83671875 0.66640625 0.0140625 0.01015625
16 0.8359375 0.678125 0.0125 0.0109375
16 0.78984375 0.0453125 0.00703125 0.0171875
16 0.76796875 0.0421875 0.0078125 0.015625
16 0.76015625 0.040625 0.0078125 0.01640625
4 0.24296875 0.6375 0.4859375 0.1171875
2 0.69296875 0.69921875 0.00703125 0.01796875
16 0.74609375 0.0390625 0.00703125 0.015625
16 0.753125 0.040625 0.0078125 0.0171875
16 0.78125 0.04453125 0.00703125 0.01640625
2 0.61875 0.70078125 0.0109375 0.01484375
16 0.97109375 0.07109375 0.0125 0.01171875
20 0.92109375 0.065625 0.0171875 0.02265625
9 0.7546875 0.74453125 0.028125 0.05234375
16 0.95546875 0.77578125 0.0125 0.01328125
4 0.23828125 0.684375 0.47578125 0.115625
20 0.81484375 0.05234375 0.015625 0.0234375
16 0.36484375 0.725 0.0125 0.0078125
2 0.3484375 0.7234375 0.01328125 0.01171875
2 0.19375 0.70234375 0.01328125 0.0109375
16 0.74453125 0.7796875 0.0125 0.01484375
16 0.759375 0.78203125 0.0125 0.01484375
9 0.8859375 0.07578125 0.04296875 0.0546875
16 0.34765625 0.73671875 0.01171875 0.01171875
16 0.3640625 0.7390625 0.0109375 0.0140625
2 0.0421875 0.7015625 0.00703125 0.01953125
16 0.953125 0.82578125 0.01171875 0.01171875
16 0.3640625 0.753125 0.01171875 0.0140625
16 0.34609375 0.75078125 0.0125 0.01328125
16 0.36328125 0.7671875 0.01171875 0.0109375
20 0.24765625 0.77578125 0.0140625 0.0265625
16 0.26484375 0.78046875 0.01171875 0.0125
16 0.53046875 0.82265625 0.0125 0.01171875
9 0.73828125 0.85390625 0.15390625 0.11015625
4 0.0953125 0.7703125 0.1609375 0.07421875
2 0.253125 0.80234375 0.00546875 0.0171875
16 0.6296875 0.85390625 0.0125 0.01015625
16 0.81640625 0.8859375 0.0109375 0.01015625
16 0.62890625 0.86484375 0.01171875 0.0109375
16 0.42578125 0.83828125 0.01171875 0.0109375
16 0.43984375 0.84140625 0.0109375 0.01171875
16 0.353125 0.83046875 0.01015625 0.01171875
16 0.36484375 0.83203125 0.01328125 0.0109375
16 0.81640625 0.896875 0.0125 0.01015625
9 0.57890625 0.865625 0.07734375 0.15
16 0.2515625 0.82265625 0.00703125 0.01875
2 0.62890625 0.87578125 0.0125 0.0109375
16 0.43984375 0.8515625 0.01015625 0.009375
16 0.365625 0.8421875 0.01171875 0.009375
20 0.33125 0.840625 0.0140625 0.0265625
2 0.9 0.91875 0.0125 0.0109375
16 0.9125 0.91953125 0.01171875 0.01328125
20 0.42265625 0.85546875 0.0140625 0.02265625
20 0.34921875 0.84765625 0.01484375 0.025
16 0.36484375 0.853125 0.01171875 0.009375
16 0.4390625 0.8640625 0.0125 0.01171875
9 0.94609375 0.08515625 0.02734375 0.05078125
16 0.91171875 0.93046875 0.0125 0.01171875
2 0.89921875 0.92890625 0.01171875 0.01171875
16 0.9109375 0.94140625 0.0125 0.0125
2 0.89921875 0.940625 0.0125 0.01171875
2 0.78671875 0.92578125 0.0125 0.01171875
16 0.759375 0.0609375 0.00703125 0.0171875
16 0.7875 0.06484375 0.00703125 0.0171875
16 0.79453125 0.065625 0.00703125 0.01875
16 0.7515625 0.06015625 0.00703125 0.0171875
2 0.078125 0.83828125 0.0125 0.01328125
16 0.91015625 0.95234375 0.01171875 0.01015625
2 0.8984375 0.9515625 0.0125 0.01171875
16 0.76640625 0.06328125 0.00703125 0.01796875
16 0.78046875 0.06484375 0.00703125 0.01796875
16 0.7453125 0.0609375 0.00703125 0.01796875
16 0.89765625 0.9625 0.01171875 0.01171875
16 0.91015625 0.96328125 0.01171875 0.0109375
9 0.70078125 0.940625 0.05 0.065625
9 0.42109375 0.90390625 0.05078125 0.0703125
9 0.346875 0.89609375 0.0515625 0.07421875
16 0.91875 0.08515625 0.0125 0.0109375
16 0.909375 0.975 0.0109375 0.01171875
16 0.909375 0.975 0.01171875 0.01171875
2 0.89765625 0.9734375 0.01171875 0.0109375
9 0.75078125 0.9578125 0.0328125 0.04609375
16 0.88046875 0.9765625 0.01171875 0.009375
16 0.85390625 0.975 0.00703125 0.0171875
16 0.846875 0.97578125 0.00703125 0.01640625
16 0.86171875 0.9765625 0.00703125 0.01875
16 0.83984375 0.97421875 0.00703125 0.01875
16 0.86796875 0.97890625 0.00625 0.0171875
16 0.909375 0.9859375 0.0125 0.0125
16 0.909375 0.9859375 0.0125 0.01015625
16 0.89609375 0.984375 0.0125 0.01171875
16 0.88046875 0.9875 0.01171875 0.0109375
16 0.90859375 0.9953125 0.01328125 0.0078125
4 0.0359375 0.87890625 0.05703125 0.1078125
16 0.90859375 0.9953125 0.0125 0.0078125
16 0.8953125 0.99453125 0.0125 0.009375
2 0.378125 0.92578125 0.0109375 0.0109375
2 0.45234375 0.93515625 0.0125 0.01171875
16 0.60078125 0.9578125 0.00703125 0.01796875
16 0.57421875 0.9546875 0.00703125 0.01875
16 0.8796875 0.99609375 0.0125 0.00546875
16 0.84609375 0.99140625 0.00859375 0.015625
16 0.86796875 0.99375 0.00703125 0.01171875
16 0.86015625 0.9921875 0.00703125 0.0140625
16 0.853125 0.9921875 0.0078125 0.0140625
4 0.196875 0.89765625 0.24140625 0.15625
16 0.83828125 0.9921875 0.00703125 0.01484375
16 0.83203125 0.99140625 0.00703125 0.015625
2 0.82421875 0.990625 0.00703125 0.0171875
16 0.91796875 0.0984375 0.0125 0.009375
4 0.4234375 0.0375 0.21171875 0.075
16 0.80078125 0.0859375 0.0078125 0.01796875
2 0.74375 0.078125 0.0078125 0.0203125
2 0.85546875 0.09296875 0.0109375 0.0109375
16 0.771875 0.0828125 0.00703125 0.01875
16 0.7859375 0.084375 0.00546875 0.01484375
16 0.7796875 0.08359375 0.00703125 0.0171875
16 0.79453125 0.0859375 0.00703125 0.01953125
2 0.75078125 0.08046875 0.00859375 0.01953125
2 0.75859375 0.08203125 0.00703125 0.01796875
2 0.765625 0.08203125 0.00703125 0.0203125
16 0.9171875 0.10859375 0.0109375 0.01015625
2 0.72890625 0.08828125 0.0125 0.01171875
2 0.94140625 0.11875 0.01171875 0.0109375
2 0.696875 0.1078125 0.01171875 0.0125
16 0.634375 0.109375 0.0109375 0.0109375
16 0.69609375 0.11953125 0.0125 0.0125
4 0.43203125 0.0890625 0.1796875 0.0765625
2 0.6953125 0.13203125 0.0109375 0.01015625
16 0.63203125 0.12265625 0.0109375 0.01015625
16 0.61875 0.121875 0.0125 0.0140625
9 0.2828125 0.07890625 0.04296875 0.109375
16 0.3203125 0.0890625 0.01171875 0.01015625
16 0.63203125 0.13671875 0.0125 0.01171875
16 0.60234375 0.1328125 0.01171875 0.01171875
16 0.61796875 0.13515625 0.0109375 0.01015625
16 0.69375 0.14921875 0.01171875 0.01171875
2 0.6765625 0.14609375 0.01328125 0.0109375
16 0.31953125 0.1 0.0125 0.0109375
16 0.63203125 0.15078125 0.0109375 0.0109375
16 0.61796875 0.1484375 0.0125 0.0125
16 0.31953125 0.11015625 0.01328125 0.0109375
2 0.259375 0.1140625 0.009375 0.02109375
9 0.8796875 0.2078125 0.04375 0.07421875
16 0.39140625 0.14453125 0.0125 0.0109375
2 0.6921875 0.1859375 0.01171875 0.0109375
2 0.846875 0.21875 0.00703125 0.01875
16 0.38984375 0.159375 0.0109375 0.01015625
9 0.77265625 0.225 0.1234375 0.190625
16 0.38984375 0.1734375 0.0125 0.01015625
2 0.8703125 0.24921875 0.009375 0.0109375
2 0.690625 0.2265625 0.01171875 0.01171875
16 0.66328125 0.2234375 0.0125 0.0109375
2 0.67578125 0.22578125 0.0125 0.0125
2 0.40390625 0.20078125 0.01171875 0.0125
16 0.675 0.23828125 0.01171875 0.01171875
2 0.2765625 0.18359375 0.0125 0.0125
16 0.68984375 0.240625 0.01171875 0.0109375
16 0.68828125 0.25703125 0.01171875 0.01171875
2 0.84765625 0.2828125 0.00859375 0.0203125
20 0.025 0.1734375 0.01953125 0.06640625
9 0.87421875 0.30625 0.0453125 0.08125
2 0.5 0.2640625 0.0140625 0.01484375
2 0.70234375 0.29921875 0.0125 0.01328125
2 0.50078125 0.29765625 0.01171875 0.0125
20 0.021875 0.2375 0.02109375 0.06328125
2 0.85546875 0.35078125 0.0078125 0.01875
16 0.55078125 0.31953125 0.0109375 0.0109375
9 0.3453125 0.29921875 0.1375 0.209375
16 0.55078125 0.33125 0.0125 0.009375
2 0.49921875 0.3296875 0.01171875 0.0125
16 0.55 0.3421875 0.01171875 0.01015625
16 0.54921875 0.35234375 0.0125 0.01171875
16 0.4984375 0.34609375 0.0109375 0.0109375
16 0.5484375 0.3640625 0.0125 0.01015625
16 0.97578125 0.42421875 0.0140625 0.0125
16 0.01484375 0.303125 0.0109375 0.01328125
16 0.03671875 0.3078125 0.0078125 0.01875
2 0.496875 0.371875 0.0125 0.0109375
2 0.84375 0.4234375 0.0140625 0.01015625
16 0.54765625 0.38515625 0.01015625 0.0109375
2 0.0140625 0.3171875 0.01171875 0.0140625
16 0.546875 0.396875 0.0109375 0.01171875
16 0.546875 0.40859375 0.01171875 0.01171875
16 0.43828125 0.41796875 0.0078125 0.01640625
2 0.4671875 0.421875 0.00546875 0.0171875
16 0.459375 0.42109375 0.00625 0.01640625
16 0.44453125 0.41953125 0.00703125 0.01796875
16 0.409375 0.41484375 0.0078125 0.01796875
16 0.42421875 0.41640625 0.00703125 0.01953125
16 0.4171875 0.4171875 0.00703125 0.0203125
16 0.43125 0.41875 0.0078125 0.01875
4 0.52265625 0.43203125 0.06328125 0.41484375
2 0.2546875 0.4 0.0125 0.0109375
16 0.54453125 0.440625 0.0109375 0.0109375
16 0.39140625 0.421875 0.0109375 0.01328125
2 0.01015625 0.37109375 0.00703125 0.01875
2 0.26953125 0.4078125 0.0109375 0.0109375
2 0.10078125 0.38671875 0.01171875 0.01015625
16 0.37265625 0.42421875 0.0109375 0.0109375
2 0.253125 0.409375 0.0125 0.0109375
16 0.465625 0.44375 0.00703125 0.0171875
16 0.43671875 0.440625 0.00546875 0.01484375
2 0.471875 0.4453125 0.00546875 0.0171875
16 0.4515625 0.44296875 0.00546875 0.01796875
16 0.4578125 0.44375 0.00703125 0.01875
16 0.42890625 0.4390625 0.00546875 0.01796875
16 0.42265625 0.4390625 0.00546875 0.0171875
16 0.415625 0.43828125 0.00546875 0.01796875
16 0.44375 0.44296875 0.00703125 0.01953125
16 0.39921875 0.43828125 0.01328125 0.01015625
16 0.371875 0.43515625 0.01171875 0.0109375
16 0.253125 0.4203125 0.0109375 0.009375
9 0.05234375 0.39765625 0.0765625 0.14765625
9 0.15234375 0.41171875 0.075 0.1453125
2 0.38515625 0.446875 0.01015625 0.01015625
16 0.371875 0.44609375 0.0125 0.0109375
16 0.39765625 0.45078125 0.0125 0.0109375
2 0.25234375 0.43203125 0.01328125 0.0109375
16 0.23984375 0.4296875 0.0109375 0.01015625
4 0.97734375 0.5359375 0.04453125 0.77109375
4 0.9265625 0.52890625 0.08671875 0.76328125
2 0.3859375 0.459375 0.0125 0.0109375
2 0.39609375 0.4609375 0.01328125 0.0109375
2 0.09921875 0.42109375 0.0125 0.0109375
2 0.371875 0.45859375 0.01484375 0.01015625
2 0.4703125 0.47265625 0.00703125 0.01796875
2 0.00703125 0.41171875 0.0078125 0.01171875
2 0.3703125 0.46875 0.01015625 0.01171875
2 0.7046875 0.51796875 0.00859375 0.01953125
16 0.36875 0.4796875 0.0109375 0.01015625
2 0.96796875 0.559375 0.0109375 0.01171875
2 0.24765625 0.46328125 0.0078125 0.02109375
2 0.46953125 0.49375 0.00703125 0.01796875
9 0.43515625 0.4921875 0.06328125 0.07421875
2 0.36953125 0.48984375 0.0125 0.009375
16 0.96640625 0.57421875 0.0125 0.0125
2 0.36640625 0.5015625 0.0109375 0.0109375
2 0.46796875 0.515625 0.00703125 0.01640625
2 0.965625 0.5875 0.0109375 0.01015625
4 0.8734375 0.5796875 0.06953125 0.47734375
4 0.80390625 0.575 0.06796875 0.465625
2 0.965625 0.6015625 0.0125 0.0109375
4 0.66015625 0.5609375 0.0703125 0.4734375
4 0.5890625 0.5515625 0.065625 0.46953125
4 0.72890625 0.57109375 0.07109375 0.4703125
16 0.8328125 0.58984375 0.01328125 0.01171875