2 0.06640625 0.2109375 0.03203125 0.1046875
2 0.77734375 0.08671875 0.0203125 0.06875
2 0.275 0.225 0.03203125 0.0796875
2 0.3515625 0.22890625 0.01640625 0.065625
2 0.0890625 0.3046875 0.01953125 0.06015625
4 0.559375 0.20703125 0.04453125 0.3515625
2 0.0515625 0.32421875 0.02265625 0.0671875
2 0.11484375 0.32890625 0.01484375 0.06015625
2 0.31640625 0.30859375 0.025 0.06875
9 0.43828125 0.28984375 0.08359375 0.19453125
2 0.3453125 0.31328125 0.02109375 0.0765625
2 0.78046875 0.21796875 0.0234375 0.0671875
9 0.21953125 0.41171875 0.08515625 0.22578125
2 0.13515625 0.4359375 0.01484375 0.05234375
4 0.6546875 0.37890625 0.0671875 0.73203125
4 0.83515625 0.34140625 0.06484375 0.6828125
4 0.7359375 0.37734375 0.065625 0.715625
2 0.4265625 0.47109375 0.0265625 0.08359375
2 0.1375 0.53828125 0.01796875 0.05078125
2 0.15859375 0.56328125 0.01640625 0.05078125
2 0.28046875 0.54921875 0.02421875 0.078125
2 0.178125 0.5734375 0.01484375 0.05234375
2 0.47734375 0.5296875 0.0234375 0.071875
2 0.12421875 0.63984375 0.02421875 0.0640625
2 0.0984375 0.653125 0.025 0.08359375
2 0.24453125 0.6265625 0.01484375 0.0375
2 0.0625 0.66875 0.02265625 0.0734375
2 0.21328125 0.63671875 0.01328125 0.04765625
2 0.178125 0.6546875 0.0265625 0.0703125
2 0.91015625 0.5140625 0.0328125 0.08671875
4 0.196875 0.1265625 0.05546875 0.1
2 0.265625 0.6890625 0.02265625 0.0734375
2 0.09296875 0.75390625 0.0265625 0.0765625
4 0.3921875 0.1 0.05859375 0.075
2 0.8328125 0.76796875 0.02578125 0.09140625
4 0.6203125 0.9140625 0.0921875 0.0765625
2 0.70546875 0.89609375 0.01796875 0.0703125
2 0.83515625 0.87578125 0.03125 0.08515625
2 0.31328125 0.14609375 0.0140625 0.04375