2 0.83984375 0.1171875 0.09296875 0.13671875
16 0.05859375 0.6484375 0.00703125 0.028125
2 0.053125 0.6484375 0.009375 0.0265625
2 0.09921875 0.6609375 0.021875 0.02265625
2 0.659375 0.75 0.04375 0.05859375
16 0.3125 0.7 0.0140625 0.01875
16 0.52109375 0.06953125 0.03046875 0.03359375
16 0.5640625 0.74140625 0.00859375 0.01796875
20 0.61484375 0.08515625 0.01328125 0.021875
2 0.415625 0.7265625 0.01328125 0.02265625
2 0.0984375 0.67734375 0.02421875 0.01484375
9 0.3515625 0.71953125 0.03203125 0.06875
16 0.071875 0.68125 0.034375 0.046875
2 0.37109375 0.728125 0.0125 0.01328125
20 0.303125 0.71875 0.0125 0.01640625
2 0.85234375 0.80625 0.021875 0.0328125
20 0.31640625 0.72421875 0.00859375 0.021875
20 0.6296875 0.7734375 0.0125 0.02421875
2 0.478125 0.75078125 0.01171875 0.0265625
16 0.38125 0.73515625 0.00859375 0.01796875
20 0.565625 0.76484375 0.01015625 0.02265625
16 0.4140625 0.74453125 0.01171875 0.009375
9 0.44453125 0.75 0.0453125 0.1265625
2 0.32578125 0.73359375 0.00546875 0.01875
2 0.5125 0.76875 0.025 0.07265625
2 0.41484375 0.75546875 0.0125 0.0125
16 0.5640625 0.78125 0.01484375 0.01015625
9 0.01015625 0.69609375 0.01953125 0.0765625
2 0.4578125 0.06484375 0.02890625 0.046875
2 0.54609375 0.7828125 0.02578125 0.046875
20 0.62890625 0.796875 0.0140625 0.01953125
2 0.85078125 0.8359375 0.021875 0.03359375
16 0.95859375 0.8578125 0.01953125 0.08515625
2 0.64140625 0.0953125 0.01875 0.0375
20 0.39609375 0.78515625 0.009375 0.03046875
2 0.54296875 0.81015625 0.00703125 0.021875
16 0.52890625 0.8078125 0.00703125 0.02265625
16 0.834375 0.85546875 0.01328125 0.01484375
16 0.52109375 0.80703125 0.00703125 0.021875
2 0.51484375 0.80625 0.00625 0.02109375
2 0.53515625 0.81015625 0.00703125 0.02421875
2 0.31953125 0.77734375 0.01484375 0.02421875
2 0.48515625 0.803125 0.025 0.08671875
2 0.50078125 0.80546875 0.00703125 0.02109375
2 0.55078125 0.8140625 0.00703125 0.01953125
2 0.50859375 0.80859375 0.00703125 0.01875
20 0.62734375 0.828125 0.0140625 0.02421875
2 0.71484375 0.84453125 0.1015625 0.08046875
16 0.60625 0.83203125 0.00546875 0.0171875
16 0.4109375 0.8015625 0.0125 0.02421875
2 0.29609375 0.78359375 0.01328125 0.01328125
16 0.61640625 0.83359375 0.01015625 0.01796875
16 0.58515625 0.8390625 0.00703125 0.0359375
16 0.56484375 0.83515625 0.01953125 0.03984375
20 0.796875 0.87265625 0.01015625 0.0109375
2 0.5515625 0.8390625 0.00546875 0.021875
2 0.5015625 0.83046875 0.00546875 0.021875
16 0.509375 0.83359375 0.00859375 0.0234375
16 0.52265625 0.83515625 0.00546875 0.0234375
16 0.54375 0.8390625 0.00859375 0.021875
2 0.5296875 0.8375 0.00546875 0.021875
16 0.5375 0.83828125 0.00546875 0.01953125
16 0.60625 0.84921875 0.0046875 0.0171875
16 0.515625 0.8359375 0.00703125 0.02578125
2 0.38515625 0.81953125 0.0140625 0.01328125
16 0.85078125 0.89453125 0.01875 0.04921875
9 0.83125 0.89375 0.0203125 0.04140625
2 0.396875 0.82890625 0.01015625 0.0125
20 0.5859375 0.09140625 0.015625 0.02421875
2 0.79140625 0.8953125 0.00546875 0.0171875
2 0.66796875 0.88359375 0.00703125 0.02109375
20 0.36875 0.059375 0.0171875 0.03203125
2 0.71171875 0.8953125 0.0234375 0.01875
16 0.39375 0.84609375 0.009375 0.021875
16 0.053125 0.79453125 0.00859375 0.02265625
16 0.04140625 0.79375 0.00546875 0.02265625
16 0.96171875 0.9390625 0.01171875 0.0109375
2 0.29609375 0.8359375 0.0140625 0.01640625
20 0.3546875 0.05703125 0.0171875 0.03125
20 0.8015625 0.91484375 0.0234375 0.02109375
16 0.32734375 0.053125 0.01953125 0.02734375
15 0.9703125 0.94921875 0.00703125 0.0359375
16 0.47734375 0.8734375 0.0109375 0.01328125
2 0.66015625 0.903125 0.00703125 0.02265625
2 0.48984375 0.8765625 0.0125 0.01328125
16 0.8296875 0.93359375 0.0171875 0.040625
2 0.3921875 0.86640625 0.0109375 0.01875
16 0.7109375 0.915625 0.02421875 0.02890625
16 0.75078125 0.92421875 0.0140625 0.02109375
9 0.45546875 0.87890625 0.03203125 0.0765625
16 0.771875 0.93125 0.00625 0.021875
16 0.765625 0.93125 0.00546875 0.01796875
2 0.2953125 0.85859375 0.015625 0.01640625
16 0.4328125 0.88125 0.0109375 0.009375
2 0.50234375 0.89375 0.01171875 0.01953125
16 0.8796875 0.9546875 0.02890625 0.02421875
16 0.96015625 0.97109375 0.0078125 0.009375
16 0.79140625 0.9453125 0.01328125 0.0375
2 0.48828125 0.89765625 0.01015625 0.01015625
16 0.8109375 0.9484375 0.01328125 0.0390625
16 0.3921875 0.88359375 0.0125 0.0109375
2 0.43203125 0.89140625 0.01171875 0.01015625
16 0.4765625 0.90078125 0.01328125 0.0265625
16 0.74921875 0.94609375 0.01328125 0.0234375
16 0.76484375 0.9515625 0.00703125 0.01953125
16 0.771875 0.953125 0.00546875 0.01640625
2 0.390625 0.89453125 0.0078125 0.00859375
2 0.41796875 0.9 0.0125 0.0109375
16 0.875 0.97890625 0.01328125 0.03125
2 0.43984375 0.91796875 0.0109375 0.01484375
16 0.6 0.103125 0.01015625 0.02578125
16 0.615625 0.10859375 0.01015625 0.0234375
16 0.3640625 0.07734375 0.01171875 0.0109375
2 0.47421875 0.0953125 0.0140625 0.02421875
20 0.5859375 0.11953125 0.0171875 0.021875
16 0.34296875 0.08203125 0.0140625 0.02421875
16 0.60546875 0.12734375 0.00546875 0.0171875
16 0.40234375 0.09765625 0.00859375 0.03671875
2 0.70390625 0.1484375 0.0265625 0.0375
16 0.17578125 0.0671875 0.01640625 0.01953125
16 0.334375 0.10625 0.01953125 0.0234375
16 0.4984375 0.13984375 0.02265625 0.03671875
16 0.32890625 0.12109375 0.01328125 0.0109375
9 0.6453125 0.16953125 0.02265625 0.046875
9 0.71328125 0.18671875 0.02734375 0.0453125
2 0.4015625 0.1390625 0.00703125 0.02109375
2 0.69296875 0.18515625 0.0109375 0.01875
2 0.73125 0.1921875 0.00859375 0.0359375
16 0.80078125 0.20390625 0.0140625 0.0125
4 0.86796875 0.2171875 0.0265625 0.03359375
4 0.821875 0.21015625 0.0296875 0.0390625
9 0.459375 0.16171875 0.0546875 0.10625
16 0.4984375 0.16875 0.02578125 0.0328125
2 0.8015625 0.2171875 0.0125 0.0140625
16 0.69140625 0.2015625 0.0140625 0.0125
2 0.9015625 0.24375 0.03515625 0.04609375
20 0.8078125 0.2296875 0.015625 0.01953125
2 0.9390625 0.25390625 0.00703125 0.0234375
2 0.2375 0.14609375 0.0125 0.02421875
16 0.22890625 0.1453125 0.00546875 0.02265625
2 0.2671875 0.15234375 0.03359375 0.0328125
4 0.84140625 0.246875 0.02734375 0.0328125
16 0.990625 0.271875 0.0125 0.0265625
2 0.40390625 0.18046875 0.0125 0.0234375
16 0.98046875 0.27109375 0.01171875 0.03046875
16 0.9578125 0.26875 0.01015625 0.0265625
16 0.94765625 0.26953125 0.009375 0.02265625
16 0.4171875 0.190625 0.0203125 0.03203125
2 0.434375 0.20234375 0.01640625 0.02734375
4 0.928125 0.27890625 0.0171875 0.02734375
4 0.98671875 0.2921875 0.015625 0.01640625
16 0.171875 0.1671875 0.0140625 0.01875
9 0.703125 0.25 0.0234375 0.028125
4 0.94609375 0.28984375 0.015625 0.01328125
16 0.56796875 0.02578125 0.02421875 0.02734375
2 0.93515625 0.29921875 0.02734375 0.01796875
16 0.70546875 0.26796875 0.015625 0.01484375
2 0.7765625 0.2828125 0.03359375 0.06796875
4 0.99296875 0.31953125 0.0125 0.01953125
2 0.97578125 0.31640625 0.00859375 0.02265625
2 0.9515625 0.31328125 0.009375 0.0265625
16 0.17109375 0.19453125 0.0125 0.01484375
16 0.69375 0.27734375 0.015625 0.01484375
2 0.92421875 0.31640625 0.04921875 0.053125
16 0.634375 0.271875 0.0125 0.03046875
2 0.81171875 0.30078125 0.0359375 0.10078125
16 0.6453125 0.278125 0.0109375 0.0125
16 0.71328125 0.28984375 0.00859375 0.02265625
16 0.60546875 0.27421875 0.01953125 0.01875
2 0.72109375 0.29296875 0.00625 0.021875
2 0.7390625 0.30390625 0.02578125 0.04453125
16 0.6421875 0.2921875 0.0078125 0.01796875
16 0.65234375 0.29453125 0.00625 0.02265625
16 0.61875 0.29453125 0.040625 0.02578125
16 0.98359375 0.35625 0.00625 0.01875
20 0.5890625 0.03515625 0.01796875 0.01484375
2 0.996875 0.3625 0.0046875 0.0171875
9 0.95859375 0.35859375 0.03125 0.05546875
2 0.915625 0.3515625 0.0171875 0.02109375
2 0.52578125 0.296875 0.01328125 0.0390625
16 0.54609375 0.30234375 0.009375 0.03125
16 0.98984375 0.37578125 0.0078125 0.021875
16 0.93203125 0.36953125 0.01328125 0.01875
16 0.675 0.346875 0.01171875 0.01328125
2 0.8296875 0.371875 0.00859375 0.02578125
20 0.48984375 0.31953125 0.0203125 0.028125
2 0.9546875 0.39765625 0.04296875 0.02734375
2 0.9171875 0.39375 0.03515625 0.0421875
16 0.64375 0.35234375 0.01875 0.02578125
20 0.66484375 0.05234375 0.0140625 0.0234375
16 0.67421875 0.3671875 0.0109375 0.0125
2 0.96953125 0.421875 0.009375 0.01875
16 0.975 0.42265625 0.00703125 0.02109375
2 0.48203125 0.346875 0.02890625 0.0421875
16 0.9578125 0.42109375 0.015625 0.01796875
2 0.83359375 0.40625 0.00546875 0.021875
16 0.84375 0.40859375 0.0140625 0.02578125
2 0.85625 0.4109375 0.00859375 0.02421875
16 0.73828125 0.39609375 0.009375 0.0109375
16 0.65078125 0.384375 0.02578125 0.03515625
16 0.4671875 0.36484375 0.0125 0.0125
2 0.92890625 0.440625 0.0453125 0.04375
2 0.734375 0.41171875 0.00546875 0.01640625
2 0.97265625 0.4484375 0.01328125 0.01640625
16 0.75625 0.41484375 0.00546875 0.02265625
16 0.74296875 0.42421875 0.0140625 0.0375
16 0.66953125 0.41640625 0.02421875 0.0234375
2 0.490625 0.38984375 0.0421875 0.0453125
20 0.97109375 0.46875 0.015625 0.02734375
20 0.9921875 0.471875 0.01484375 0.028125
16 0.78125 0.4421875 0.015625 0.0328125
16 0.65390625 0.05625 0.009375 0.040625
2 0.928125 0.46796875 0.00546875 0.01875
16 0.92265625 0.4671875 0.00703125 0.01875
16 0.93515625 0.46953125 0.0078125 0.02109375
20 0.95625 0.4734375 0.0125 0.021875
2 0.58828125 0.0484375 0.0109375 0.009375
16 0.5 0.41640625 0.0171875 0.02109375
2 0.48515625 0.41875 0.0125 0.01640625
2 0.49921875 0.43046875 0.01875 0.01796875
2 0.46640625 0.43125 0.02890625 0.06640625
16 0.35625 0.415625 0.0140625 0.02890625
16 0.65 0.484375 0.0109375 0.021875
16 0.3546875 0.44921875 0.00703125 0.021875
16 0.6609375 0.5 0.0109375 0.02265625
16 0.64921875 0.50625 0.01171875 0.02109375
9 0.31796875 0.46484375 0.06015625 0.11015625
16 0.66171875 0.5234375 0.0125 0.02421875
16 0.0328125 0.4265625 0.01640625 0.01953125
16 0.36640625 0.48046875 0.0125 0.01640625
16 0.63203125 0.525 0.0140625 0.021875
16 0.64921875 0.52890625 0.01015625 0.02109375
16 0.02578125 0.43828125 0.015625 0.01796875
16 0.353125 0.49140625 0.01328125 0.01484375
2 0.36484375 0.503125 0.0109375 0.0125
16 0.6203125 0.54375 0.009375 0.02109375
16 0.6078125 0.5421875 0.01015625 0.01328125
16 0.353125 0.51015625 0.0109375 0.0140625
2 0.96484375 0.60546875 0.040625 0.04453125
2 0.28828125 0.5046875 0.0125 0.0265625
16 0.615625 0.56015625 0.01796875 0.02109375
2 0.59921875 0.55859375 0.0140625 0.0265625
16 0.50625 0.546875 0.04375 0.02890625
9 0.15234375 0.4921875 0.03203125 0.0734375
9 0.396875 0.5328125 0.05390625 0.10546875
2 0.3640625 0.52890625 0.009375 0.01015625
2 0.54609375 0.56015625 0.03515625 0.046875
16 0.5796875 0.571875 0.0109375 0.0359375
16 0.26484375 0.5265625 0.0421875 0.053125
9 0.95 0.63671875 0.03515625 0.0546875
2 0.97109375 0.64140625 0.0078125 0.0171875
2 0.5890625 0.58359375 0.0109375 0.0390625
16 0.1265625 0.5125 0.0140625 0.021875
2 0.728125 0.6125 0.0125 0.0171875
20 0.48828125 0.57578125 0.01015625 0.03046875
9 0.6828125 0.6171875 0.0734375 0.0859375
2 0.27109375 0.0203125 0.03515625 0.040625
16 0.72578125 0.62890625 0.0125 0.01875
2 0.96953125 0.6828125 0.03046875 0.0515625
2 0.72578125 0.64453125 0.01171875 0.01328125
9 0.51484375 0.6140625 0.0171875 0.03125
20 0.50078125 0.6125 0.0125 0.0234375
20 0.48046875 0.61171875 0.01328125 0.02578125
9 0.025 0.5421875 0.03203125 0.07265625
2 0.575 0.63046875 0.07578125 0.06953125
16 0.24453125 0.01640625 0.0171875 0.03046875
2 0.9875 0.70390625 0.01015625 0.05546875
16 0.49453125 0.63359375 0.0140625 0.02109375
16 0.4828125 0.6375 0.015625 0.0265625
2 0.3375 0.62109375 0.040625 0.0546875
16 0.06171875 0.578125 0.00390625 0.009375
2 0.39453125 0.63359375 0.0375 0.04453125
16 0.60234375 0.075 0.0125 0.0125
2 0.1015625 0.596875 0.009375 0.0125
16 0.02265625 0.58359375 0.03046875 0.021875
2 0.0890625 0.5953125 0.0125 0.01484375
16 0.0359375 0.59296875 0.00078125 0.003125
2 0.7046875 0.69765625 0.04140625 0.05546875
9 0.6609375 0.69296875 0.04296875 0.05
16 0.0203125 0.596875 0.03203125 0.01875
16 0.01953125 0.60625 0.03671875 0.01953125
16 0.88828125 0.7515625 0.015625 0.02421875
16 0.92578125 0.75859375 0.05546875 0.03359375
15 0.86484375 0.75 0.03359375 0.0265625
2 0.37890625 0.68125 0.06953125 0.07890625
16 0.97578125 0.77578125 0.0125 0.02109375
20 0.33359375 0.678125 0.0125 0.01015625
2 0.9890625 0.140625 0.0203125 0.04375
9 0.02109375 0.6390625 0.0359375 0.046875
2 0.5859375 0.72734375 0.0296875 0.08515625
20 0.33125 0.6890625 0.0125 0.0125