9 0.6671875 0.5578125 0.0328125 0.06015625
2 0.15859375 0.40859375 0.03203125 0.05078125
9 0.05546875 0.3734375 0.034375 0.046875
9 0.7375 0.6203125 0.04140625 0.05390625
2 0.85703125 0.67109375 0.02734375 0.04453125
4 0.790625 0.65 0.053125 0.15546875
16 0.32421875 0.4953125 0.03828125 0.0328125
9 0.89375 0.70625 0.0484375 0.08046875
2 0.85234375 0.7125 0.03203125 0.0421875
4 0.5203125 0.6203125 0.04296875 0.1078125
9 0.33828125 0.58125 0.02734375 0.0359375
16 0.1375 0.5265625 0.01640625 0.03984375
16 0.14609375 0.5328125 0.015625 0.04375
16 0.15546875 0.5359375 0.01484375 0.04375
2 0.24453125 0.58046875 0.05546875 0.03984375
4 0.70625 0.76953125 0.04140625 0.10546875
2 0.2859375 0.6390625 0.04140625 0.0390625
4 0.640625 0.1078125 0.075 0.05859375
2 0.36484375 0.675 0.0265625 0.040625
2 0.13984375 0.61796875 0.1484375 0.171875
16 0.24453125 0.6640625 0.059375 0.04453125
9 0.51015625 0.75859375 0.07890625 0.06640625
2 0.95078125 0.2203125 0.02578125 0.0328125
2 0.021875 0.5890625 0.015625 0.0375
2 0.034375 0.596875 0.021875 0.034375
2 0.0515625 0.60703125 0.021875 0.0328125
2 0.453125 0.75078125 0.03359375 0.0484375
9 0.9015625 0.93125 0.02421875 0.03828125
16 0.87734375 0.9234375 0.01875 0.03046875
2 0.2375 0.70390625 0.05546875 0.05546875
2 0.86171875 0.928125 0.02734375 0.05
2 0.18203125 0.6984375 0.03203125 0.04921875
2 0.28828125 0.73984375 0.0390625 0.034375
4 0.40625 0.7953125 0.08359375 0.0640625
2 0.32890625 0.76875 0.02421875 0.0375
16 0.0515625 0.67109375 0.04765625 0.04609375
4 0.5765625 0.85703125 0.06640625 0.05546875
2 0.34921875 0.77734375 0.02421875 0.03203125
4 0.49453125 0.83046875 0.084375 0.0671875
16 0.0140625 0.671875 0.028125 0.071875
2 0.86328125 0.97265625 0.04140625 0.05390625
9 0.89140625 0.9859375 0.03359375 0.0265625
2 0.2984375 0.81484375 0.040625 0.0359375
9 0.5578125 0.9078125 0.0359375 0.05703125
16 0.04375 0.728125 0.03828125 0.07890625
2 0.3328125 0.83046875 0.03515625 0.05078125
9 0.45 0.87265625 0.0328125 0.0578125
9 0.4796875 0.88359375 0.0328125 0.05625
2 0.20234375 0.80625 0.02578125 0.03828125
2 0.25078125 0.82421875 0.02734375 0.05703125
2 0.38515625 0.890625 0.0234375 0.05
2 0.365625 0.8921875 0.02421875 0.04375
2 0.509375 0.9625 0.0328125 0.0359375
2 0.69296875 0.15234375 0.0234375 0.03046875
2 0.23359375 0.009375 0.0359375 0.01875
2 0.9453125 0.25546875 0.03984375 0.05
2 0.98203125 0.27265625 0.0359375 0.0546875
2 0.20390625 0.01640625 0.0296875 0.03203125
16 0.9765625 0.3125 0.02421875 0.02421875
2 0.9921875 0.32734375 0.01484375 0.03515625
9 0.6609375 0.2140625 0.0578125 0.0578125
2 0.77421875 0.26015625 0.021875 0.03515625
2 0.8 0.2734375 0.0359375 0.0515625
2 0.7484375 0.26796875 0.025 0.03671875
2 0.9671875 0.3609375 0.04296875 0.05390625
2 0.7625 0.2921875 0.021875 0.04296875
2 0.584375 0.2421875 0.02578125 0.0484375
2 0.7875 0.31875 0.03828125 0.0546875
2 0.59140625 0.28359375 0.02578125 0.0484375
9 0.67109375 0.3140625 0.08359375 0.10546875
9 0.31015625 0.2046875 0.02890625 0.04453125
16 0.871875 0.40546875 0.0140625 0.0328125
2 0.603125 0.31796875 0.03828125 0.06015625
2 0.7703125 0.38359375 0.04375 0.0359375
2 0.85625 0.425 0.03125 0.03828125
2 0.81875 0.4296875 0.03203125 0.05
2 0.8375 0.43828125 0.02265625 0.03359375
2 0.7875 0.42265625 0.0328125 0.0421875
2 0.9625 0.496875 0.03828125 0.053125
2 0.559375 0.35546875 0.025 0.0515625
2 0.52890625 0.35859375 0.02890625 0.04296875
2 0.57265625 0.37890625 0.0234375 0.05
2 0.384375 0.32265625 0.021875 0.03046875
2 0.40625 0.33671875 0.0171875 0.028125
4 0.653125 0.43984375 0.075 0.059375
2 0.071875 0.2359375 0.02109375 0.03046875
16 0.27265625 0.3265625 0.04921875 0.0359375
2 0.053125 0.26640625 0.034375 0.046875
2 0.96171875 0.19140625 0.02109375 0.0328125
16 0.89453125 0.58125 0.0265625 0.03515625
2 0.3171875 0.4 0.03046875 0.06640625