16 0.27421875 0.13828125 0.00625 0.009375
16 0.28359375 0.13984375 0.00546875 0.0125
16 0.1359375 0.159375 0.00234375 0.01484375
16 0.140625 0.16015625 0.003125 0.01796875
2 0.4078125 0.1421875 0.0078125 0.01328125
9 0.30546875 0.153125 0.02578125 0.0546875
16 0.13671875 0.18203125 0.00390625 0.01796875
16 0.13203125 0.18515625 0.003125 0.01796875
16 0.40859375 0.1640625 0.00703125 0.01328125
16 0.49453125 0.15625 0.00625 0.009375
2 0.46171875 0.1609375 0.00703125 0.0109375
16 0.284375 0.1796875 0.00625 0.009375
9 0.43515625 0.16796875 0.04140625 0.1390625
16 0.49453125 0.16953125 0.0078125 0.01328125
16 0.40859375 0.17890625 0.00703125 0.01328125
2 0.296875 0.190625 0.00625 0.009375
16 0.284375 0.1921875 0.00625 0.0125
2 0.30703125 0.1890625 0.00703125 0.009375
2 0.46171875 0.1765625 0.00625 0.0109375
2 0.34140625 0.18984375 0.00546875 0.03515625
2 0.4015625 0.19375 0.00390625 0.021875
2 0.4609375 0.203125 0.0046875 0.0203125
16 0.1703125 0.23125 0.00546875 0.0109375
16 0.653125 0.19296875 0.0078125 0.01328125
16 0.6609375 0.19375 0.00625 0.0109375
16 0.1703125 0.2421875 0.00625 0.0078125
16 0.35234375 0.23046875 0.003125 0.03125
16 0.34296875 0.23125 0.0046875 0.01875
16 0.653125 0.20546875 0.0078125 0.0125
2 0.4125 0.2296875 0.00546875 0.021875
16 0.66015625 0.20625 0.00546875 0.0078125
2 0.33203125 0.2421875 0.0078125 0.03984375
16 0.1703125 0.2671875 0.00625 0.0125
2 0.365625 0.26484375 0.01328125 0.021875
9 0.27734375 0.303125 0.025 0.07109375
16 0.4953125 0.2921875 0.00625 0.0109375
16 0.49609375 0.3046875 0.00703125 0.0109375
2 0.2140625 0.33984375 0.00859375 0.0453125
22 0.18046875 0.3453125 0.028125 0.0734375
2 0.3328125 0.35546875 0.0046875 0.01875
2 0.32578125 0.35625 0.003125 0.01875
2 0.30390625 0.3609375 0.00390625 0.01875
4 0.01015625 0.39453125 0.01953125 0.13671875
2 0.29453125 0.37578125 0.0125 0.021875
2 0.11328125 0.39375 0.01015625 0.01640625
2 0.27734375 0.3875 0.00625 0.034375
16 0.1453125 0.41015625 0.00625 0.01328125
16 0.1453125 0.4328125 0.00703125 0.0109375
2 0.13203125 0.43828125 0.01015625 0.01875
2 0.07421875 0.44375 0.00625 0.0296875
9 0.328125 0.4296875 0.04921875 0.11640625
9 0.1046875 0.47109375 0.03359375 0.10078125
9 0.27578125 0.4578125 0.03046875 0.11171875
2 0.14609375 0.4890625 0.01015625 0.01328125
2 0.13203125 0.4921875 0.0125 0.01328125
2 0.075 0.49765625 0.009375 0.01484375
16 0.14765625 0.50390625 0.00703125 0.0109375
2 0.1328125 0.509375 0.0109375 0.01328125
16 0.32578125 0.49609375 0.00390625 0.01328125
16 0.33046875 0.49765625 0.003125 0.01640625
16 0.146875 0.5171875 0.00625 0.0125
16 0.075 0.5265625 0.00625 0.0125
4 0.0546875 0.08984375 0.0453125 0.0671875
4 0.21328125 0.075 0.05234375 0.05703125
22 0.1828125 0.52421875 0.02109375 0.08203125
4 0.1328125 0.08359375 0.103125 0.07109375
16 0.56015625 0.496875 0.0078125 0.0125
2 0.0875 0.54375 0.01171875 0.01640625
2 0.12265625 0.540625 0.01328125 0.0234375
2 0.10703125 0.54296875 0.01328125 0.0203125
16 0.078125 0.54609375 0.00390625 0.0203125
16 0.096875 0.5453125 0.00390625 0.01640625
16 0.0390625 0.5515625 0.00703125 0.0109375
16 0.134375 0.546875 0.00546875 0.009375
16 0.2703125 0.5328125 0.003125 0.01875
16 0.56015625 0.50625 0.0078125 0.009375
16 0.2828125 0.53515625 0.0046875 0.01484375
16 0.0390625 0.5640625 0.0078125 0.01328125
2 0.52265625 0.52109375 0.01015625 0.01484375
2 0.534375 0.52109375 0.01015625 0.0125
16 0.146875 0.55859375 0.00625 0.0109375
20 0.2609375 0.55390625 0.01171875 0.03671875
16 0.0390625 0.57734375 0.00703125 0.0125
16 0.290625 0.5546875 0.00390625 0.01328125
16 0.2703125 0.55859375 0.00390625 0.0109375
16 0.28359375 0.55859375 0.003125 0.01640625
16 0.63671875 0.5296875 0.003125 0.01328125
16 0.640625 0.5296875 0.003125 0.01640625
2 0.64921875 0.5296875 0.00859375 0.01796875
16 0.05078125 0.58984375 0.00703125 0.0109375
2 0.215625 0.5765625 0.00703125 0.040625
16 0.23125 0.57734375 0.00625 0.009375
2 0.5265625 0.559375 0.00859375 0.0125
16 0.640625 0.55 0.00390625 0.0125
2 0.65 0.54921875 0.0078125 0.01328125
16 0.63671875 0.5515625 0.003125 0.01484375
16 0.303125 0.58515625 0.00546875 0.0125
4 0.0140625 0.6203125 0.028125 0.31953125
20 0.2625 0.6 0.0125 0.04375
16 0.303125 0.59765625 0.0046875 0.00703125
16 0.275 0.6015625 0.003125 0.01796875
2 0.5265625 0.57734375 0.01015625 0.01796875
16 0.040625 0.6546875 0.00703125 0.01328125
16 0.54140625 0.646875 0.00625 0.0125
16 0.540625 0.659375 0.00546875 0.0125
9 0.5875 0.65859375 0.03984375 0.084375
9 0.6671875 0.65859375 0.0390625 0.08203125
2 0.428125 0.68203125 0.00390625 0.01640625
2 0.4515625 0.6796875 0.003125 0.01484375
2 0.49609375 0.6765625 0.00234375 0.01328125
2 0.44765625 0.68046875 0.003125 0.01640625
2 0.47578125 0.67734375 0.003125 0.01640625
2 0.4796875 0.6765625 0.003125 0.0125
2 0.46328125 0.678125 0.003125 0.01796875
2 0.45859375 0.68125 0.0046875 0.0203125
2 0.4234375 0.684375 0.003125 0.021875
2 0.43203125 0.68359375 0.00234375 0.01484375
2 0.43671875 0.68203125 0.003125 0.01484375
2 0.45546875 0.68125 0.003125 0.01484375
2 0.46796875 0.6796875 0.003125 0.01484375
2 0.49140625 0.6765625 0.0046875 0.01484375
2 0.484375 0.67734375 0.003125 0.01640625
2 0.44375 0.68203125 0.00234375 0.01796875
2 0.43984375 0.6828125 0.003125 0.01640625
2 0.471875 0.67890625 0.00234375 0.01640625
2 0.49921875 0.6765625 0.003125 0.01640625
2 0.5078125 0.6765625 0.003125 0.01640625
2 0.503125 0.67734375 0.003125 0.01640625
16 0.52734375 0.68046875 0.00625 0.0109375
16 0.5421875 0.68046875 0.0078125 0.0078125
16 0.52734375 0.69140625 0.00625 0.01328125
16 0.43203125 0.7015625 0.00234375 0.01484375
16 0.5421875 0.690625 0.00625 0.01484375
16 0.45546875 0.69921875 0.003125 0.01328125
16 0.4796875 0.6984375 0.00390625 0.01328125
16 0.465625 0.6984375 0.00234375 0.01484375
16 0.47578125 0.6984375 0.003125 0.0109375
16 0.4953125 0.69609375 0.003125 0.01484375
16 0.5078125 0.6953125 0.00390625 0.01328125
16 0.4234375 0.70390625 0.00390625 0.01640625
16 0.46875 0.6984375 0.00234375 0.0125
16 0.4515625 0.7015625 0.003125 0.01796875
16 0.503125 0.696875 0.003125 0.01328125
16 0.48828125 0.6984375 0.00234375 0.0125
16 0.4484375 0.703125 0.0046875 0.0203125
16 0.4359375 0.703125 0.00390625 0.01796875
16 0.459375 0.70078125 0.00390625 0.01328125
16 0.43984375 0.70390625 0.003125 0.0109375
16 0.471875 0.70078125 0.00390625 0.0109375
16 0.49921875 0.6984375 0.00390625 0.01328125
16 0.4921875 0.6984375 0.00234375 0.0125
16 0.42734375 0.70546875 0.003125 0.01796875
16 0.44375 0.7046875 0.00234375 0.01875
16 0.44453125 0.70546875 0.003125 0.0203125
2 0.52734375 0.70390625 0.00546875 0.00703125
16 0.47421875 0.71484375 0.00546875 0.0078125
2 0.52109375 0.7109375 0.00546875 0.00703125
16 0.5125 0.7125 0.00625 0.009375
16 0.43203125 0.721875 0.003125 0.01484375
16 0.42421875 0.72421875 0.003125 0.01640625
16 0.528125 0.71796875 0.00546875 0.00703125
16 0.4703125 0.72578125 0.00625 0.0078125
2 0.51328125 0.7234375 0.00625 0.009375
16 0.52109375 0.7234375 0.0046875 0.009375
16 0.528125 0.72734375 0.0046875 0.009375
2 0.48046875 0.73515625 0.00859375 0.0109375
16 0.52109375 0.73359375 0.00390625 0.00546875
16 0.1625 0.7734375 0.003125 0.01640625
16 0.21640625 0.76953125 0.0046875 0.01796875
16 0.184375 0.7734375 0.00390625 0.01875
16 0.13828125 0.7765625 0.0046875 0.01796875
16 0.16796875 0.77421875 0.00546875 0.0203125
16 0.22109375 0.76875 0.0046875 0.01640625
16 0.228125 0.76875 0.0046875 0.0203125
16 0.2 0.7703125 0.00234375 0.01875
16 0.12578125 0.77890625 0.00390625 0.01875
16 0.1546875 0.775 0.00390625 0.01484375
16 0.209375 0.76953125 0.003125 0.01484375
16 0.134375 0.77734375 0.003125 0.01875
16 0.196875 0.771875 0.00234375 0.01875
16 0.2125 0.7703125 0.00390625 0.01640625
16 0.178125 0.77421875 0.003125 0.01640625
16 0.14609375 0.778125 0.00390625 0.01796875
16 0.15078125 0.7765625 0.0046875 0.01796875
16 0.225 0.7703125 0.003125 0.01328125
16 0.2328125 0.76953125 0.0046875 0.01796875
16 0.1421875 0.77890625 0.003125 0.01875
2 0.528125 0.74140625 0.00703125 0.009375
16 0.13046875 0.7796875 0.003125 0.01796875
16 0.2046875 0.771875 0.0046875 0.01640625
16 0.425 0.75234375 0.00234375 0.01640625
16 0.428125 0.7515625 0.003125 0.01875
16 0.5421875 0.740625 0.00625 0.0109375
16 0.5484375 0.7421875 0.00703125 0.0078125
16 0.46875 0.74921875 0.0078125 0.0125
2 0.49140625 0.74921875 0.0078125 0.0125
2 0.4796875 0.75078125 0.01015625 0.009375
2 0.5015625 0.7515625 0.00703125 0.01328125
16 0.56796875 0.7453125 0.003125 0.01484375
2 0.5140625 0.75234375 0.01015625 0.0125
16 0.571875 0.74609375 0.0046875 0.01640625
16 0.46875 0.76328125 0.00859375 0.01328125
2 0.4796875 0.76796875 0.00859375 0.0109375
2 0.49921875 0.76484375 0.00859375 0.01328125
16 0.52265625 0.76328125 0.00625 0.0109375
16 0.5078125 0.765625 0.00625 0.009375
2 0.20234375 0.79765625 0.00546875 0.021875
2 0.12109375 0.80625 0.0046875 0.021875
2 0.125 0.80703125 0.0046875 0.0203125
16 0.571875 0.7640625 0.003125 0.01484375
16 0.2796875 0.7921875 0.0078125 0.01328125
16 0.2359375 0.79609375 0.0046875 0.01875
2 0.1984375 0.8 0.0046875 0.0234375
16 0.4921875 0.77890625 0.00546875 0.0109375
16 0.5 0.77734375 0.00546875 0.0078125
16 0.52265625 0.77578125 0.00390625 0.0078125
16 0.50703125 0.77734375 0.00625 0.0078125
2 0.309375 0.796875 0.00625 0.0125
2 0.31953125 0.79609375 0.00546875 0.0078125
2 0.4796875 0.7828125 0.01015625 0.01640625
2 0.02578125 0.83359375 0.0140625 0.021875
16 0.3 0.809375 0.00703125 0.0125
16 0.31875 0.80703125 0.00625 0.0078125
16 0.31015625 0.809375 0.00625 0.009375
16 0.18984375 0.82734375 0.003125 0.01796875
16 0.23671875 0.82265625 0.003125 0.01640625
16 0.240625 0.82265625 0.0046875 0.01640625
16 0.12109375 0.83515625 0.003125 0.01796875
16 0.12578125 0.834375 0.0046875 0.01796875
16 0.1984375 0.82734375 0.00390625 0.01796875
16 0.1125 0.83515625 0.003125 0.01484375
2 0.328125 0.81796875 0.00546875 0.009375
2 0.33671875 0.81796875 0.0078125 0.0125
16 0.309375 0.82109375 0.00625 0.0109375
16 0.29921875 0.821875 0.00625 0.009375
2 0.34375 0.81796875 0.00546875 0.0125
16 0.31875 0.821875 0.00703125 0.009375
2 0.3765625 0.82578125 0.00703125 0.009375
2 0.3671875 0.8265625 0.00625 0.0078125
16 0.3 0.834375 0.00546875 0.009375
4 0.58515625 0.07265625 0.15 0.0625
16 0.29921875 0.84453125 0.00703125 0.0109375
16 0.1703125 0.85703125 0.00703125 0.009375
16 0.3671875 0.8390625 0.0078125 0.01328125
16 0.378125 0.83984375 0.0078125 0.0125
16 0.17109375 0.871875 0.00625 0.0109375
16 0.259375 0.871875 0.00234375 0.01640625
16 0.26796875 0.87265625 0.003125 0.01640625
16 0.1703125 0.8828125 0.00625 0.0125
16 0.20390625 0.11171875 0.003125 0.01640625
16 0.2078125 0.11328125 0.003125 0.01875
16 0.17109375 0.89921875 0.0078125 0.0109375
16 0.225 0.11171875 0.00390625 0.01640625
16 0.19140625 0.115625 0.003125 0.01796875
2 0.46015625 0.1046875 0.00625 0.0125
16 0.19609375 0.13359375 0.003125 0.01640625
16 0.28359375 0.12734375 0.0078125 0.01484375
16 0.20390625 0.1359375 0.003125 0.01796875
16 0.4828125 0.109375 0.003125 0.01640625
16 0.48828125 0.10859375 0.0046875 0.01796875
2 0.47890625 0.11171875 0.00390625 0.01796875
2 0.36640625 0.1234375 0.0140625 0.0203125