1 0.41171875 0.85078125 0.053125 0.0578125
1 0.903125 0.94921875 0.06953125 0.053125
1 0.95703125 0.134375 0.021875 0.0828125
1 0.98125 0.14375 0.02421875 0.084375
20 0.5046875 0.2578125 0.06796875 0.08984375
4 0.03984375 0.31015625 0.02890625 0.26015625
1 0.23828125 0.34453125 0.025 0.0796875
1 0.34609375 0.3703125 0.05390625 0.05
1 0.43359375 0.371875 0.0359375 0.08828125
20 0.23515625 0.04765625 0.0328125 0.053125
4 0.03984375 0.6671875 0.03359375 0.1109375
1 0.67109375 0.6796875 0.02265625 0.08984375
4 0.0453125 0.80625 0.03125 0.13125