1 0.28125 0.45234375 0.00546875 0.00546875
1 0.28203125 0.4671875 0.00703125 0.00390625
1 0.31640625 0.471875 0.03515625 0.03046875
1 0.09609375 0.47421875 0.04296875 0.040625
1 0.28125 0.475 0.00859375 0.0046875
1 0.28359375 0.490625 0.00859375 0.00625
1 0.1265625 0.49375 0.02421875 0.0203125
15 0.36328125 0.49375 0.00859375 0.0046875
15 0.32734375 0.49609375 0.00703125 0.00546875
15 0.3625 0.49765625 0.01171875 0.00390625
15 0.15234375 0.5 0.00546875 0.0140625
15 0.33125 0.5 0.009375 0.0046875
1 0.28125 0.50078125 0.00703125 0.003125
1 0.28125 0.5046875 0.00859375 0.00546875
1 0.09375 0.5140625 0.0421875 0.04140625
1 0.28203125 0.521875 0.00859375 0.00546875
1 0.28125 0.52578125 0.00859375 0.00390625
1 0.49140625 0.54609375 0.00625 0.01015625
9 0.13671875 0.5484375 0.02421875 0.0265625
9 0.13203125 0.58125 0.021875 0.02265625
1 0.078125 0.596875 0.01328125 0.0046875
15 0.14453125 0.5984375 0.003125 0.0078125
15 0.13984375 0.59921875 0.00546875 0.0078125
15 0.15078125 0.59921875 0.00546875 0.009375
15 0.1546875 0.6 0.00390625 0.00859375
1 0.07734375 0.6015625 0.01171875 0.0046875
1 0.08125 0.6078125 0.00859375 0.00546875
15 0.2640625 0.0609375 0.00234375 0.0046875
15 0.27421875 0.0609375 0.0046875 0.00546875
15 0.08046875 0.6140625 0.00625 0.00234375
15 0.08046875 0.61875 0.00625 0.003125
1 0.521875 0.61953125 0.01015625 0.009375
1 0.675 0.6203125 0.0078125 0.009375
1 0.634375 0.62109375 0.01171875 0.0078125
1 0.56875 0.621875 0.00625 0.00703125
1 0.1421875 0.63984375 0.04140625 0.04296875
1 0.18671875 0.6421875 0.04375 0.0328125
15 0.134375 0.065625 0.00625 0.00546875
1 0.7 0.6703125 0.01171875 0.00703125
1 0.64453125 0.67265625 0.0125 0.00625
15 0.14609375 0.6859375 0.0046875 0.0109375
1 0.15 0.06953125 0.00703125 0.0109375
15 0.1890625 0.06953125 0.00859375 0.00546875
1 0.17890625 0.06953125 0.00703125 0.0125
15 0.2734375 0.06953125 0.00390625 0.0046875
15 0.140625 0.70546875 0.003125 0.00625
15 0.26796875 0.07109375 0.0015625 0.00703125
1 0.253125 0.07109375 0.01171875 0.00703125
15 0.12578125 0.70625 0.003125 0.0046875
1 0.13203125 0.70625 0.00546875 0.01015625
15 0.2640625 0.071875 0.00390625 0.00703125
9 0.22734375 0.071875 0.02109375 0.0203125
15 0.19140625 0.71796875 0.00390625 0.00703125
15 0.14375 0.71796875 0.00546875 0.01015625
15 0.1296875 0.71875 0.003125 0.00703125
15 0.1515625 0.71875 0.00546875 0.009375
15 0.12421875 0.71953125 0.00390625 0.0078125
15 0.1484375 0.71953125 0.0046875 0.0078125
1 0.22890625 0.71875 0.0046875 0.00703125
1 0.1671875 0.71953125 0.00390625 0.009375
1 0.2 0.71953125 0.0046875 0.009375
15 0.115625 0.71953125 0.00234375 0.00625
1 0.21953125 0.7203125 0.00234375 0.00703125
1 0.1828125 0.7203125 0.00390625 0.009375
1 0.2453125 0.72265625 0.003125 0.0078125
1 0.96640625 0.721875 0.03203125 0.0265625
1 0.58359375 0.73359375 0.0265625 0.03125
1 0.43984375 0.73515625 0.0390625 0.03125
1 0.5125 0.73515625 0.03515625 0.034375
1 0.75625 0.7359375 0.03203125 0.03671875
1 0.478125 0.7359375 0.03359375 0.03203125
15 0.88359375 0.7359375 0.00234375 0.0140625
1 0.55234375 0.73671875 0.03046875 0.03671875
15 0.91015625 0.73671875 0.00390625 0.01171875
1 0.7265625 0.73671875 0.03671875 0.03125
15 0.89296875 0.73671875 0.00390625 0.0140625
15 0.90078125 0.73671875 0.0015625 0.009375
15 0.88828125 0.7375 0.00546875 0.01640625
1 0.6171875 0.7375 0.03203125 0.03203125
15 0.91484375 0.7375 0.0046875 0.0109375
1 0.653125 0.7390625 0.03203125 0.0328125
1 0.68828125 0.740625 0.02890625 0.03125
9 0.346875 0.746875 0.02578125 0.02734375
15 0.171875 0.07578125 0.00234375 0.00546875
1 0.30703125 0.7515625 0.0296875 0.0265625
1 0.784375 0.753125 0.015625 0.025
1 0.246875 0.765625 0.0078125 0.00234375
1 0.246875 0.76875 0.00703125 0.00234375
15 0.87421875 0.7703125 0.00859375 0.003125
15 0.24765625 0.77265625 0.009375 0.00390625
15 0.67890625 0.77265625 0.0046875 0.0078125
15 0.08671875 0.77578125 0.0078125 0.0046875
9 0.52265625 0.7765625 0.03125 0.02890625
1 0.790625 0.77890625 0.01328125 0.00546875
15 0.8703125 0.77890625 0.009375 0.003125
15 0.0859375 0.78125 0.00859375 0.003125
15 0.0859375 0.7859375 0.0109375 0.0046875
15 0.0859375 0.79140625 0.00859375 0.0046875
15 0.30390625 0.79453125 0.0140625 0.00703125
9 0.5546875 0.79453125 0.0390625 0.03046875
15 0.3390625 0.7953125 0.01484375 0.00859375
9 0.92109375 0.79453125 0.05703125 0.0765625
15 0.3234375 0.79453125 0.00390625 0.0078125
15 0.32734375 0.7953125 0.003125 0.00625
15 0.3203125 0.79609375 0.003125 0.00859375
15 0.0859375 0.79609375 0.009375 0.003125
15 0.31484375 0.79609375 0.003125 0.0078125
1 0.26328125 0.796875 0.0390625 0.03203125
9 0.16796875 0.79765625 0.10546875 0.09921875
15 0.0859375 0.8 0.00859375 0.00390625
15 0.07421875 0.80078125 0.0046875 0.0015625
1 0.690625 0.80546875 0.00234375 0.0078125
9 0.7796875 0.809375 0.03203125 0.02734375
15 0.07421875 0.81015625 0.0046875 0.00390625
15 0.0859375 0.81015625 0.00859375 0.00390625
15 0.0859375 0.81484375 0.0109375 0.00390625
15 0.871875 0.81640625 0.009375 0.00234375
1 0.41796875 0.81640625 0.00234375 0.01015625
1 0.40546875 0.8171875 0.00546875 0.01171875
1 0.4140625 0.8171875 0.0046875 0.0109375
1 0.4234375 0.81796875 0.00390625 0.0140625
1 0.409375 0.81796875 0.003125 0.0109375
1 0.66953125 0.81875 0.0109375 0.00546875
15 0.08671875 0.8203125 0.00859375 0.0046875
1 0.9765625 0.82109375 0.02265625 0.0203125
15 0.07421875 0.8234375 0.009375 0.00390625
15 0.08671875 0.82421875 0.00546875 0.00234375
1 0.0703125 0.834375 0.0109375 0.003125
1 0.58046875 0.83515625 0.02890625 0.02109375
15 0.08671875 0.83828125 0.00390625 0.003125
15 0.746875 0.8390625 0.0015625 0.00703125
1 0.975 0.8390625 0.0109375 0.00546875
15 0.7421875 0.8390625 0.00390625 0.009375
15 0.446875 0.83984375 0.01484375 0.00546875
15 0.753125 0.83984375 0.00625 0.009375
15 0.7375 0.83984375 0.00390625 0.01015625
1 0.67890625 0.83984375 0.0125 0.0046875
15 0.8828125 0.840625 0.00390625 0.00625
1 0.97421875 0.84375 0.0125 0.003125
15 0.0859375 0.84453125 0.009375 0.00546875
15 0.8890625 0.84921875 0.00859375 0.003125
1 0.07109375 0.85 0.0109375 0.00546875
15 0.9265625 0.85234375 0.003125 0.0125
15 0.08515625 0.85234375 0.00859375 0.00546875
15 0.93125 0.853125 0.0046875 0.01015625
15 0.9171875 0.853125 0.0015625 0.0125
15 0.92109375 0.85390625 0.0046875 0.01171875
1 0.06875 0.85390625 0.0125 0.0046875
15 0.93984375 0.8546875 0.00390625 0.009375
1 0.04765625 0.8546875 0.01328125 0.003125
15 0.715625 0.85546875 0.0046875 0.00703125
15 0.88984375 0.85546875 0.00859375 0.00390625
1 0.25234375 0.85703125 0.0140625 0.00625
15 0.0859375 0.85703125 0.00859375 0.003125
15 0.04765625 0.85859375 0.01015625 0.003125
15 0.0859375 0.86171875 0.0078125 0.00546875
15 0.17109375 0.0859375 0.00625 0.00703125
15 0.19921875 0.0859375 0.0046875 0.00546875
1 0.046875 0.8640625 0.0109375 0.00546875
15 0.046875 0.86796875 0.01171875 0.00625
15 0.9 0.86953125 0.0046875 0.009375
15 0.890625 0.8703125 0.0046875 0.0109375
15 0.04765625 0.87109375 0.01015625 0.0046875
15 0.16171875 0.0875 0.00390625 0.0046875
1 0.1859375 0.0875 0.00390625 0.009375
15 0.91015625 0.87109375 0.00546875 0.00859375
15 0.8953125 0.871875 0.00546875 0.009375
1 0.12265625 0.875 0.0046875 0.009375
15 0.18125 0.87578125 0.0046875 0.009375
1 0.18046875 0.08828125 0.00390625 0.009375
15 0.23046875 0.87578125 0.00625 0.0109375
15 0.17734375 0.8765625 0.0046875 0.00859375
1 0.109375 0.87578125 0.003125 0.00703125
15 0.18671875 0.8765625 0.0046875 0.01015625
1 0.21640625 0.8765625 0.00625 0.01171875
1 0.13046875 0.8765625 0.00390625 0.0078125
1 0.0984375 0.8765625 0.00234375 0.00546875
15 0.20078125 0.8765625 0.00546875 0.009375
15 0.2359375 0.8765625 0.00390625 0.00859375
15 0.15234375 0.8765625 0.00390625 0.01171875
1 0.14765625 0.87734375 0.00390625 0.01015625
1 0.10390625 0.8765625 0.00390625 0.00859375
1 0.15703125 0.87734375 0.00390625 0.009375
15 0.196875 0.87734375 0.00703125 0.01328125
1 0.115625 0.87734375 0.0046875 0.01015625
1 0.140625 0.87734375 0.00546875 0.0109375
1 0.13515625 0.87734375 0.0046875 0.0125
15 0.38671875 0.8875 0.0078125 0.00546875
15 0.31953125 0.88828125 0.00859375 0.0046875
1 0.25390625 0.0890625 0.009375 0.00546875
15 0.19921875 0.88984375 0.0046875 0.009375
15 0.48125 0.890625 0.01328125 0.00703125
15 0.1921875 0.89140625 0.00234375 0.00703125
15 0.93359375 0.89140625 0.00859375 0.00390625
15 0.3421875 0.8921875 0.00859375 0.00546875
15 0.3203125 0.89453125 0.009375 0.00546875
15 0.93203125 0.90078125 0.01015625 0.00390625
1 0.13984375 0.090625 0.0296875 0.03046875
15 0.2296875 0.09140625 0.00859375 0.00390625
9 0.93203125 0.9265625 0.00859375 0.0046875
15 0.23125 0.9265625 0.00703125 0.00546875
15 0.70546875 0.93125 0.0140625 0.0046875
1 0.13984375 0.934375 0.00703125 0.00859375
1 0.15625 0.934375 0.003125 0.0109375
1 0.3 0.934375 0.01328125 0.00390625
1 0.1609375 0.93515625 0.00390625 0.01328125
15 0.234375 0.93515625 0.00703125 0.003125
1 0.14609375 0.93515625 0.0046875 0.01171875
1 0.90234375 0.9375 0.00859375 0.01640625
1 0.8921875 0.93828125 0.0046875 0.015625
1 0.92109375 0.9390625 0.0046875 0.0109375
15 0.2984375 0.94140625 0.01171875 0.00546875
15 0.21953125 0.94296875 0.0078125 0.0046875
15 0.22109375 0.9515625 0.00546875 0.00703125
15 0.23359375 0.9578125 0.00859375 0.00390625
15 0.2296875 0.09609375 0.00625 0.003125
15 0.23046875 0.1015625 0.0078125 0.003125
15 0.5234375 0.1015625 0.0140625 0.0046875
15 0.23046875 0.10703125 0.01015625 0.0046875
15 0.2296875 0.1109375 0.00625 0.00234375
1 0.25703125 0.11171875 0.01015625 0.00390625
15 0.0859375 0.1125 0.0046875 0.0140625
1 0.13515625 0.1140625 0.009375 0.01171875
15 0.23046875 0.11484375 0.00703125 0.00390625
1 0.07109375 0.115625 0.0078125 0.0140625
15 0.2296875 0.11875 0.00625 0.003125
15 0.23125 0.12421875 0.00625 0.003125
1 0.2484375 0.1234375 0.01171875 0.0046875
9 0.184375 0.128125 0.0640625 0.0609375
1 0.353125 0.134375 0.02734375 0.025
1 0.321875 0.134375 0.0234375 0.02734375
15 0.06328125 0.13671875 0.00859375 0.0046875
9 0.0890625 0.13984375 0.025 0.021875
1 0.11796875 0.140625 0.009375 0.00390625
15 0.06328125 0.1421875 0.00625 0.00390625
15 0.59140625 0.14296875 0.00546875 0.01015625
15 0.60703125 0.14296875 0.00390625 0.00859375
15 0.584375 0.14375 0.0046875 0.009375
1 0.1171875 0.1453125 0.00703125 0.003125
9 0.55 0.14609375 0.02265625 0.0171875
1 0.48515625 0.14609375 0.02890625 0.0328125
1 0.2484375 0.146875 0.01328125 0.00703125
1 0.234375 0.146875 0.015625 0.00546875
1 0.52109375 0.15 0.0296875 0.02734375
1 0.11875 0.1515625 0.01015625 0.0046875
15 0.2484375 0.153125 0.0109375 0.00390625
15 0.5703125 0.15859375 0.0125 0.00625
1 0.4078125 0.1609375 0.0328125 0.02890625
15 0.2484375 0.1609375 0.009375 0.00390625
1 0.09296875 0.16484375 0.00546875 0.0109375
1 0.0984375 0.16640625 0.00546875 0.0109375
9 0.13125 0.16953125 0.02421875 0.0171875
15 0.55390625 0.17265625 0.01484375 0.00546875
15 0.53984375 0.17421875 0.0125 0.00390625
1 0.0578125 0.17578125 0.00859375 0.0046875
1 0.19765625 0.17890625 0.00546875 0.0109375
1 0.19140625 0.17890625 0.00546875 0.01015625
1 0.0625 0.18125 0.0109375 0.003125
1 0.46796875 0.18359375 0.021875 0.0203125
1 0.05546875 0.18984375 0.00546875 0.00703125
1 0.146875 0.196875 0.009375 0.01328125
15 0.3171875 0.196875 0.00859375 0.0046875
9 0.10234375 0.20078125 0.01640625 0.0203125
15 0.3171875 0.203125 0.0046875 0.00234375
15 0.31796875 0.20703125 0.00546875 0.003125
15 0.07890625 0.2078125 0.00703125 0.00625
1 0.42578125 0.2109375 0.00390625 0.009375
15 0.3171875 0.21171875 0.00703125 0.00390625
9 0.4875 0.2125 0.02109375 0.015625
1 0.946875 0.2125 0.04453125 0.03046875
9 0.3515625 0.22109375 0.0296875 0.0734375
15 0.07734375 0.22265625 0.00703125 0.00234375
1 0.7328125 0.2234375 0.03359375 0.0296875
1 0.90703125 0.22421875 0.03203125 0.0359375
15 0.3171875 0.225 0.00703125 0.003125
15 0.30546875 0.225 0.01015625 0.0046875
15 0.425 0.22578125 0.01328125 0.0078125
1 0.76875 0.225 0.0328125 0.0296875
1 0.875 0.22578125 0.03515625 0.03671875
1 0.66640625 0.22578125 0.02890625 0.03125
1 0.83828125 0.2265625 0.034375 0.03515625
1 0.6984375 0.22734375 0.03984375 0.03203125
1 0.8046875 0.22890625 0.02890625 0.0265625
15 0.3171875 0.2296875 0.009375 0.0046875
15 0.3046875 0.2296875 0.0078125 0.003125
1 0.21640625 0.234375 0.034375 0.03984375
15 0.1046875 0.2515625 0.00703125 0.01015625
1 0.13203125 0.25625 0.02421875 0.02734375
9 0.4484375 0.2578125 0.02578125 0.02421875
15 0.54375 0.25859375 0.0171875 0.00703125
1 0.47734375 0.26640625 0.03046875 0.03203125
15 0.54453125 0.26953125 0.0203125 0.00703125
15 0.54453125 0.28125 0.01875 0.00703125
1 0.12890625 0.29375 0.025 0.02265625
1 0.46640625 0.2984375 0.0296875 0.03359375
1 0.42578125 0.29921875 0.0390625 0.03125
1 0.3875 0.3 0.03125 0.03671875
1 0.28125 0.30390625 0.0109375 0.003125
1 0.28046875 0.30859375 0.0078125 0.003125
1 0.31484375 0.309375 0.0359375 0.03828125
1 0.3484375 0.3109375 0.03125 0.0375
1 0.4984375 0.3171875 0.00625 0.01484375
1 0.28125 0.31953125 0.01171875 0.0046875
1 0.28046875 0.325 0.00859375 0.003125
1 0.28046875 0.33515625 0.0078125 0.003125
1 0.28046875 0.33828125 0.00859375 0.00390625
1 0.4921875 0.3421875 0.01171875 0.00625
1 0.1328125 0.346875 0.02421875 0.02734375
15 0.490625 0.35234375 0.00703125 0.0078125
1 0.4671875 0.35234375 0.00625 0.00625
15 0.49140625 0.35546875 0.00625 0.00625
1 0.28125 0.35859375 0.0078125 0.00390625
1 0.4671875 0.359375 0.01015625 0.00703125
15 0.49140625 0.3609375 0.0078125 0.003125
1 0.28046875 0.3625 0.00625 0.0046875
15 0.490625 0.365625 0.00859375 0.00390625
1 0.4671875 0.3671875 0.00859375 0.00703125
15 0.49140625 0.36953125 0.00859375 0.00234375
1 0.28046875 0.375 0.00859375 0.00390625
15 0.10390625 0.378125 0.0046875 0.01171875
1 0.28046875 0.37890625 0.0078125 0.00390625
1 0.1015625 0.38828125 0.0125 0.00546875
1 0.28046875 0.3890625 0.00625 0.003125
15 0.10390625 0.3984375 0.00703125 0.0109375
1 0.28125 0.40703125 0.00703125 0.003125
1 0.0921875 0.42734375 0.05078125 0.04453125
1 0.134375 0.44140625 0.02421875 0.03203125
1 0.35859375 0.44296875 0.03359375 0.03359375