4 0.3 0.5328125 0.28203125 0.10546875
2 0.57265625 0.48984375 0.00859375 0.0203125
16 0.80390625 0.45234375 0.00703125 0.01875
16 0.79296875 0.4546875 0.0078125 0.021875
16 0.8125 0.4515625 0.00625 0.01875
16 0.821875 0.44921875 0.00859375 0.01953125
16 0.8296875 0.4484375 0.01015625 0.01953125
2 0.62890625 0.49140625 0.01484375 0.01328125
16 0.071875 0.60625 0.0078125 0.0203125
2 0.05625 0.61015625 0.00703125 0.02109375
16 0.0640625 0.609375 0.00703125 0.021875
16 0.21640625 0.584375 0.0171875 0.015625
16 0.23359375 0.58203125 0.015625 0.015625
2 0.73125 0.48671875 0.01328125 0.01015625
16 0.69296875 0.5015625 0.01328125 0.01171875
16 0.709375 0.4984375 0.0125 0.01171875
2 0.83515625 0.490625 0.0078125 0.0203125
2 0.88125 0.48828125 0.0078125 0.0203125
4 0.33828125 0.603125 0.4578125 0.14140625
2 0.784375 0.51640625 0.0078125 0.0203125
2 0.765625 0.5265625 0.01328125 0.01328125
16 0.6265625 0.56875 0.0078125 0.01484375
16 0.78671875 0.54140625 0.00625 0.021875
16 0.8046875 0.54140625 0.01171875 0.0125
2 0.5890625 0.59765625 0.01328125 0.01171875
16 0.1953125 0.68125 0.01640625 0.01171875
16 0.79609375 0.565625 0.00859375 0.0203125
16 0.62578125 0.6 0.00703125 0.0171875
16 0.80390625 0.56484375 0.0078125 0.01953125
16 0.9625 0.53359375 0.0140625 0.01171875
16 0.6421875 0.59765625 0.0078125 0.01640625
2 0.8203125 0.5625 0.0078125 0.0203125
16 0.8125 0.56484375 0.00546875 0.01875
16 0.63359375 0.6 0.00625 0.0140625
2 0.1609375 0.7015625 0.0078125 0.0203125
16 0.43203125 0.64921875 0.01171875 0.00859375
16 0.409375 0.65625 0.01484375 0.0125
2 0.96484375 0.55078125 0.01328125 0.0140625
2 0.2828125 0.68671875 0.01328125 0.01171875
16 0.2984375 0.684375 0.015625 0.01328125
16 0.7984375 0.5921875 0.0078125 0.021875
16 0.81484375 0.58828125 0.0078125 0.021875
16 0.80625 0.59140625 0.0078125 0.01953125
16 0.82265625 0.5875 0.01015625 0.01953125
9 0.7078125 0.6140625 0.11640625 0.1875
2 0.7703125 0.61171875 0.00859375 0.02109375
16 0.778125 0.6109375 0.00859375 0.01953125
2 0.965625 0.578125 0.01640625 0.01484375
16 0.6265625 0.64921875 0.00703125 0.0171875
16 0.61796875 0.65234375 0.00703125 0.01875
2 0.7984375 0.61796875 0.01171875 0.01015625
16 0.61015625 0.65390625 0.00625 0.01875
16 0.6375 0.65 0.00625 0.0171875
9 0.0890625 0.759375 0.071875 0.26796875
4 0.346875 0.7109375 0.45546875 0.14609375
9 0.99140625 0.584375 0.015625 0.03125
9 0.91640625 0.603125 0.0375 0.03984375
2 0.88359375 0.6234375 0.0109375 0.01171875
16 0.62265625 0.678125 0.00625 0.02109375
16 0.64765625 0.67421875 0.00625 0.0171875
16 0.63046875 0.67890625 0.00625 0.01484375
16 0.63828125 0.67734375 0.01015625 0.01953125
16 0.128125 0.78515625 0.015625 0.01484375
16 0.84453125 0.64375 0.00859375 0.01953125
16 0.85546875 0.6421875 0.00625 0.0203125
2 0.24375 0.77421875 0.01328125 0.01015625
2 0.54765625 0.715625 0.0125 0.0140625
16 0.1296875 0.79921875 0.01171875 0.01328125
16 0.64140625 0.7015625 0.00625 0.0171875
16 0.64921875 0.70234375 0.00703125 0.0171875
2 0.903125 0.65390625 0.01328125 0.0125
2 0.24453125 0.78828125 0.0109375 0.01328125
16 0.85703125 0.67265625 0.009375 0.021875
16 0.84765625 0.675 0.0078125 0.01953125
16 0.70625 0.71640625 0.00703125 0.021875
2 0.61328125 0.73515625 0.01171875 0.01328125
4 0.35703125 0.80859375 0.4546875 0.1359375
2 0.853125 0.7171875 0.01640625 0.01171875
2 0.8265625 0.7234375 0.015625 0.0140625
16 0.76015625 0.74375 0.01015625 0.01953125
16 0.78125 0.73984375 0.01015625 0.015625
16 0.77109375 0.74375 0.00859375 0.01953125
16 0.6046875 0.79296875 0.01328125 0.01640625
16 0.85625 0.75 0.0125 0.01328125
16 0.10859375 0.90703125 0.0078125 0.0203125
2 0.82578125 0.76640625 0.0109375 0.01328125
16 0.840625 0.76484375 0.01328125 0.01328125
16 0.85703125 0.76328125 0.01328125 0.0140625
2 0.590625 0.81875 0.01171875 0.0125
2 0.21796875 0.89375 0.0140625 0.01484375
16 0.28203125 0.8828125 0.01015625 0.021875
2 0.184375 0.9015625 0.01328125 0.0140625
16 0.23125 0.89296875 0.0078125 0.0203125
16 0.3078125 0.88671875 0.00859375 0.0203125
2 0.29921875 0.88984375 0.01015625 0.0234375
2 0.7296875 0.809375 0.01171875 0.01015625
16 0.1109375 0.93359375 0.00703125 0.02109375
2 0.7875 0.8 0.009375 0.02109375
9 0.81875 0.8125 0.04609375 0.06171875
9 0.8671875 0.8046875 0.0484375 0.06953125
9 0.7625 0.828125 0.0484375 0.06640625
4 0.365625 0.9140625 0.4546875 0.15234375
2 0.903125 0.82109375 0.01328125 0.01328125
2 0.4046875 0.9453125 0.01484375 0.01328125
16 0.87890625 0.85703125 0.0078125 0.01953125
2 0.8875 0.85625 0.009375 0.0234375
2 0.0875 0.08046875 0.01171875 0.0078125
16 0.53515625 0.93125 0.00859375 0.0171875
2 0.58203125 0.9234375 0.01328125 0.01484375
16 0.51875 0.9359375 0.00625 0.0203125
16 0.51015625 0.93828125 0.0078125 0.01953125
16 0.5515625 0.9296875 0.0078125 0.02109375
16 0.503125 0.93984375 0.009375 0.0203125
16 0.48671875 0.94296875 0.0078125 0.01875
16 0.52734375 0.93515625 0.009375 0.02109375
2 0.43671875 0.95390625 0.009375 0.021875
2 0.453125 0.95078125 0.00703125 0.0171875
2 0.23515625 0.990625 0.0078125 0.01640625
16 0.4609375 0.94921875 0.0078125 0.01953125
2 0.46953125 0.94765625 0.00625 0.01953125
2 0.40546875 0.959375 0.0125 0.0140625
16 0.42890625 0.95546875 0.00703125 0.01875
16 0.44453125 0.9515625 0.0078125 0.02265625
2 0.309375 0.978125 0.0078125 0.0203125
16 0.32578125 0.97578125 0.00625 0.0203125
16 0.26875 0.9875 0.00703125 0.021875
16 0.3734375 0.96640625 0.0078125 0.021875
2 0.35703125 0.9703125 0.00625 0.015625
16 0.30078125 0.98125 0.0078125 0.01875
2 0.36484375 0.96875 0.0078125 0.02109375
16 0.20859375 0.99453125 0.00703125 0.009375
2 0.49453125 0.94296875 0.00625 0.01953125
16 0.54375 0.93359375 0.009375 0.0203125
2 0.184375 0.99609375 0.0078125 0.00625
16 0.24375 0.990625 0.009375 0.01640625
2 0.1015625 0.078125 0.01484375 0.0078125
4 0.29921875 0.04296875 0.17265625 0.04765625
16 0.35 0.97265625 0.00703125 0.02109375
16 0.2765625 0.98671875 0.00625 0.01953125
2 0.33359375 0.97578125 0.0078125 0.01875
2 0.47890625 0.946875 0.0078125 0.0203125
16 0.340625 0.97421875 0.00546875 0.0171875
2 0.31796875 0.9796875 0.0078125 0.021875
16 0.2015625 0.99453125 0.009375 0.00859375
16 0.2921875 0.98359375 0.00859375 0.0203125
16 0.28359375 0.98671875 0.0078125 0.01875
2 0.19296875 0.996875 0.00703125 0.0046875
16 0.80703125 0.89140625 0.0140625 0.01328125
16 0.77734375 0.9 0.01328125 0.0125
9 0.94765625 0.8640625 0.10390625 0.12109375
2 0.82265625 0.90703125 0.0078125 0.02109375
16 0.7796875 0.9234375 0.01328125 0.01328125
2 0.1015625 0.08671875 0.01484375 0.015625
2 0.08828125 0.08984375 0.01015625 0.01171875
2 0.2390625 0.06640625 0.01171875 0.01015625
16 0.19609375 0.07578125 0.01171875 0.0125
16 0.2125 0.07265625 0.01171875 0.0125
16 0.22578125 0.06953125 0.0125 0.01328125
2 0.103125 0.09921875 0.0140625 0.015625
2 0.08984375 0.103125 0.01171875 0.01171875
4 0.58046875 0.03671875 0.3828125 0.0734375
2 0.08984375 0.115625 0.0125 0.01484375
2 0.10390625 0.1125 0.0140625 0.0140625
2 0.13671875 0.11015625 0.009375 0.02109375
2 0.090625 0.128125 0.01484375 0.01875
2 0.10546875 0.1265625 0.01328125 0.0140625
4 0.3140625 0.0875 0.1484375 0.05625
2 0.09296875 0.14140625 0.01171875 0.01875
2 0.10703125 0.140625 0.01328125 0.0140625
2 0.10703125 0.15234375 0.0125 0.01484375
2 0.09375 0.15625 0.01328125 0.0125
4 0.58515625 0.06328125 0.38359375 0.1265625
9 0.190625 0.13984375 0.0734375 0.1046875
2 0.28125 0.12265625 0.0078125 0.02265625
16 0.27109375 0.12578125 0.009375 0.02109375
2 0.3390625 0.115625 0.00859375 0.021875
9 0.1296875 0.159375 0.021875 0.04765625
16 0.26015625 0.13359375 0.00859375 0.02265625
16 0.25078125 0.1359375 0.0078125 0.021875
2 0.109375 0.16640625 0.01484375 0.015625
2 0.09375 0.16875 0.0125 0.0140625
4 0.90390625 0.0234375 0.1265625 0.046875
2 0.09609375 0.18125 0.01171875 0.01171875
2 0.109375 0.18046875 0.01171875 0.0125
9 0.31015625 0.1421875 0.0453125 0.0578125
2 0.26328125 0.15234375 0.01328125 0.01484375
2 0.24609375 0.15546875 0.0140625 0.01328125
9 0.3703125 0.134375 0.0484375 0.0625
2 0.09609375 0.1953125 0.0125 0.0140625
2 0.43671875 0.1375 0.01171875 0.01328125
16 0.12578125 0.2 0.01328125 0.01328125
2 0.13984375 0.19765625 0.01328125 0.01484375
16 0.1109375 0.20390625 0.0125 0.0140625
16 0.12109375 0.2171875 0.0140625 0.0125
9 0.6859375 0.1390625 0.04609375 0.05625
9 0.78359375 0.11953125 0.04609375 0.0546875
9 0.73515625 0.1296875 0.05 0.05625
16 0.128125 0.25078125 0.009375 0.02578125
16 0.08046875 0.26015625 0.00703125 0.01953125
16 0.09609375 0.2578125 0.009375 0.02421875
16 0.1046875 0.2578125 0.01015625 0.02578125
16 0.96796875 0.109375 0.0109375 0.01484375
16 0.9546875 0.11328125 0.0125 0.01171875
2 0.940625 0.11640625 0.01328125 0.01171875
2 0.1296875 0.2765625 0.0078125 0.021875
16 0.5796875 0.19140625 0.01328125 0.0125
16 0.59375 0.18984375 0.015625 0.0140625
2 0.634375 0.19609375 0.01328125 0.0125
16 0.13984375 0.29453125 0.0078125 0.0234375
2 0.153125 0.29375 0.009375 0.02265625
16 0.68359375 0.19140625 0.0125 0.01015625
16 0.61640625 0.2046875 0.01171875 0.01015625
16 0.27265625 0.28359375 0.00859375 0.0203125
16 0.32265625 0.27265625 0.00859375 0.0203125
16 0.34765625 0.26875 0.01015625 0.02265625
2 0.18828125 0.30078125 0.0078125 0.01875
16 0.38984375 0.26015625 0.0078125 0.0203125
16 0.23671875 0.29140625 0.00625 0.01953125
16 0.3984375 0.259375 0.0078125 0.0203125
16 0.2890625 0.28125 0.00859375 0.0203125
2 0.3578125 0.2671875 0.009375 0.021875
16 0.2046875 0.29765625 0.00859375 0.02109375
16 0.3140625 0.2765625 0.0078125 0.01484375
16 0.33828125 0.27265625 0.00859375 0.0203125
16 0.684375 0.2046875 0.01171875 0.01171875
16 0.28125 0.28359375 0.00859375 0.02109375
2 0.19609375 0.30078125 0.0078125 0.02265625
16 0.33125 0.27421875 0.0078125 0.0203125
16 0.221875 0.29609375 0.009375 0.02265625
16 0.2453125 0.290625 0.01015625 0.02109375
16 0.21328125 0.2984375 0.0078125 0.0203125
16 0.2984375 0.28125 0.009375 0.02109375
9 0.5921875 0.2234375 0.0328125 0.0359375
16 0.2296875 0.2953125 0.0078125 0.01953125
16 0.30625 0.2796875 0.009375 0.021875
16 0.61796875 0.21953125 0.0109375 0.00859375
16 0.63515625 0.21640625 0.01328125 0.01015625
9 0.6609375 0.21015625 0.028125 0.03984375
9 0.715625 0.20546875 0.04453125 0.06328125
9 0.71640625 0.20625 0.04296875 0.0546875
16 0.684375 0.21796875 0.0109375 0.01015625
16 0.44921875 0.2640625 0.0078125 0.0203125
16 0.459375 0.2625 0.00703125 0.021875
16 0.4390625 0.26640625 0.01015625 0.02109375
16 0.48515625 0.25859375 0.01015625 0.021875
16 0.4765625 0.26015625 0.009375 0.02109375
16 0.63515625 0.23125 0.0140625 0.0125
16 0.08984375 0.34375 0.01328125 0.01328125
16 0.68671875 0.23125 0.01171875 0.00859375
4 0.28203125 0.31796875 0.2828125 0.10078125
2 0.09375 0.36328125 0.01328125 0.01328125
16 0.51328125 0.28984375 0.0078125 0.021875
2 0.52421875 0.28671875 0.00859375 0.0203125
2 0.73671875 0.2453125 0.01484375 0.0125
16 0.7515625 0.246875 0.01328125 0.0125
16 0.71640625 0.253125 0.00859375 0.0203125
2 0.72421875 0.2546875 0.00859375 0.0203125
16 0.73671875 0.25859375 0.01328125 0.0125
2 0.79765625 0.246875 0.01328125 0.01015625
16 0.22265625 0.37421875 0.00859375 0.021875
2 0.84296875 0.25234375 0.0140625 0.0125
2 0.534375 0.3140625 0.0125 0.01171875
2 0.5625 0.30859375 0.0125 0.01171875
16 0.5796875 0.309375 0.0078125 0.02109375
2 0.58828125 0.3078125 0.0078125 0.01875
9 0.47421875 0.33359375 0.04609375 0.05
16 0.39296875 0.353125 0.01328125 0.01328125
16 0.40703125 0.35 0.01328125 0.01171875
16 0.1875 0.3953125 0.00546875 0.01953125
16 0.1796875 0.396875 0.0078125 0.02109375
2 0.20390625 0.39296875 0.0078125 0.01953125
16 0.16171875 0.4015625 0.0078125 0.01953125
2 0.19609375 0.39453125 0.009375 0.02109375
16 0.17109375 0.40078125 0.00703125 0.01953125
2 0.70390625 0.296875 0.01328125 0.01328125
16 0.73359375 0.29140625 0.015625 0.01484375
2 0.78359375 0.28359375 0.0125 0.0125
2 0.71875 0.3015625 0.00859375 0.02109375
16 0.70390625 0.309375 0.01328125 0.01328125
16 0.73359375 0.3046875 0.0140625 0.01171875
16 0.80703125 0.29296875 0.0125 0.0125
16 0.0953125 0.43515625 0.0140625 0.01484375
2 0.07734375 0.440625 0.0140625 0.0140625
16 0.93515625 0.2734375 0.00859375 0.021875
2 0.9484375 0.27109375 0.009375 0.02578125
2 0.8515625 0.28984375 0.009375 0.02265625
16 0.91796875 0.27734375 0.00859375 0.021875
2 0.91015625 0.27890625 0.01015625 0.021875
16 0.92578125 0.2765625 0.0078125 0.0203125
16 0.9015625 0.28203125 0.0078125 0.02109375
16 0.6390625 0.33359375 0.01171875 0.0125
16 0.65390625 0.33046875 0.0125 0.01328125
16 0.7859375 0.309375 0.01171875 0.01171875
16 0.80859375 0.30625 0.0140625 0.0078125
9 0.878125 0.29453125 0.0296875 0.03671875
16 0.66796875 0.33671875 0.0140625 0.0125
16 0.44765625 0.38125 0.01171875 0.00703125
9 0.97421875 0.27734375 0.0265625 0.0328125
16 0.4671875 0.3796875 0.00703125 0.0171875
16 0.459375 0.38125 0.0078125 0.01875
16 0.48359375 0.378125 0.00625 0.0171875
16 0.49140625 0.3765625 0.00859375 0.01875
16 0.47578125 0.3796875 0.01015625 0.02109375
16 0.6484375 0.34765625 0.01484375 0.0140625
16 0.7875 0.3234375 0.01171875 0.00859375
16 0.80859375 0.31953125 0.01328125 0.01171875
4 0.29140625 0.4265625 0.2859375 0.1078125
16 0.84453125 0.31796875 0.00859375 0.01953125
16 0.853125 0.31640625 0.0078125 0.01953125
2 0.12421875 0.46171875 0.00859375 0.021875
9 0.0953125 0.46953125 0.01953125 0.0453125
9 0.0625 0.478125 0.02265625 0.04921875
16 0.78828125 0.3359375 0.01171875 0.0125
16 0.8109375 0.3328125 0.01171875 0.009375
2 0.440625 0.41796875 0.01171875 0.01171875
16 0.78984375 0.34921875 0.0109375 0.0078125
16 0.8125 0.346875 0.0125 0.0125
9 0.56953125 0.4 0.0671875 0.13984375
2 0.61328125 0.3921875 0.01328125 0.01328125
16 0.2265625 0.47265625 0.01484375 0.0125
2 0.24296875 0.46953125 0.01328125 0.01328125
2 0.790625 0.36484375 0.0140625 0.01328125
16 0.81171875 0.36015625 0.01171875 0.00859375
2 0.090625 0.50859375 0.01328125 0.01171875
16 0.0625 0.515625 0.0140625 0.0140625
2 0.15703125 0.50078125 0.00859375 0.0203125
16 0.81328125 0.3734375 0.01171875 0.0125
16 0.79140625 0.378125 0.01171875 0.01015625
2 0.903125 0.3578125 0.00859375 0.0203125
2 0.95859375 0.346875 0.00703125 0.0203125
16 0.94921875 0.34921875 0.00859375 0.021875
2 0.8578125 0.36796875 0.0078125 0.02265625
2 0.52421875 0.434375 0.015625 0.0140625
2 0.20390625 0.49765625 0.0078125 0.021875
2 0.184375 0.503125 0.009375 0.021875
2 0.2125 0.49765625 0.0078125 0.02109375
16 0.2296875 0.49453125 0.0078125 0.01875
16 0.11328125 0.51875 0.01328125 0.0125
2 0.22109375 0.49765625 0.0078125 0.01953125
16 0.09140625 0.5234375 0.0140625 0.01171875
2 0.07109375 0.52734375 0.01328125 0.01328125
16 0.26484375 0.49140625 0.01171875 0.01328125
16 0.81484375 0.3859375 0.0109375 0.009375
16 0.79296875 0.390625 0.0140625 0.01328125
9 0.97890625 0.35390625 0.028125 0.034375
9 0.92734375 0.36484375 0.02890625 0.03125
16 0.25078125 0.4984375 0.0125 0.0140625
9 0.88125 0.37578125 0.03359375 0.03359375
16 0.09296875 0.5359375 0.01328125 0.01015625
16 0.61328125 0.43828125 0.00703125 0.01953125
2 0.6296875 0.43515625 0.00703125 0.01875
16 0.81640625 0.4 0.01171875 0.0125
2 0.62109375 0.43828125 0.00859375 0.0203125
2 0.14609375 0.53515625 0.00859375 0.02109375
2 0.09453125 0.54921875 0.0140625 0.0125
16 0.7953125 0.41640625 0.01328125 0.0125
2 0.52265625 0.4703125 0.01328125 0.01171875
16 0.66171875 0.44296875 0.015625 0.01328125
9 0.0703125 0.56328125 0.021875 0.0453125
9 0.1171875 0.5546875 0.02421875 0.0453125
2 0.465625 0.4890625 0.01328125 0.01328125
16 0.9453125 0.39921875 0.009375 0.02109375
16 0.8171875 0.425 0.015625 0.01328125
16 0.79609375 0.4296875 0.01171875 0.01015625
16 0.88515625 0.41328125 0.0078125 0.01953125
2 0.90390625 0.40859375 0.0078125 0.01953125
16 0.9203125 0.40546875 0.0078125 0.021875
16 0.93671875 0.40234375 0.00859375 0.01953125
16 0.965625 0.396875 0.0078125 0.01875
16 0.87734375 0.4140625 0.0078125 0.0234375
16 0.928125 0.40546875 0.0078125 0.01953125
16 0.91171875 0.4078125 0.0078125 0.0203125
16 0.95703125 0.39921875 0.0078125 0.0203125
16 0.89375 0.41328125 0.00625 0.015625