2 0.67109375 0.61328125 0.00390625 0.02578125
16 0.2671875 0.48828125 0.00390625 0.02421875
2 0.27109375 0.48984375 0.00390625 0.028125
16 0.909375 0.71796875 0.00234375 0.02578125
2 0.91328125 0.71953125 0.0046875 0.03046875
2 0.375 0.5328125 0.00390625 0.03046875
16 0.40078125 0.54296875 0.00390625 0.03046875
2 0.39609375 0.54140625 0.0046875 0.02578125
16 0.37109375 0.534375 0.003125 0.028125
2 0.0828125 0.4359375 0.003125 0.02421875
16 0.2890625 0.5078125 0.003125 0.02421875
16 0.08671875 0.43671875 0.00390625 0.03046875
2 0.28515625 0.5078125 0.00390625 0.028125
2 0.3625 0.53515625 0.00390625 0.02578125
16 0.71953125 0.659375 0.0046875 0.03046875
16 0.690625 0.65078125 0.00390625 0.028125
2 0.71484375 0.659375 0.00390625 0.03046875
2 0.684375 0.64921875 0.00390625 0.03046875
2 0.69453125 0.65390625 0.00390625 0.03046875
2 0.92890625 0.73671875 0.00390625 0.028125
16 0.9328125 0.7390625 0.003125 0.028125
2 0.35546875 0.5625 0.00390625 0.02421875
16 0.625 0.6609375 0.003125 0.02421875
16 0.61171875 0.65625 0.00625 0.03984375
16 0.64140625 0.66796875 0.00390625 0.03046875
16 0.5890625 0.684375 0.00625 0.03984375
16 0.6015625 0.69296875 0.00390625 0.028125
16 0.59765625 0.690625 0.00234375 0.028125
16 0.60625 0.69453125 0.00390625 0.028125
16 0.61875 0.70078125 0.00390625 0.028125
16 0.59375 0.69296875 0.00390625 0.0203125
2 0.4671875 0.690625 0.00625 0.05234375
2 0.13828125 0.578125 0.00703125 0.05625
2 0.15078125 0.58125 0.00703125 0.05859375
2 0.4484375 0.68671875 0.00625 0.05234375
2 0.4578125 0.6890625 0.00625 0.05625
2 0.8171875 0.8140625 0.00625 0.05390625
2 0.16171875 0.58671875 0.00625 0.05234375
2 0.7953125 0.80625 0.00625 0.05
2 0.80625 0.81328125 0.00703125 0.05625
16 0.5515625 0.746875 0.003125 0.02421875
20 0.11328125 0.61484375 0.01796875 0.0921875
20 0.19375 0.64453125 0.01796875 0.0921875
20 0.4265625 0.7265625 0.0171875 0.0921875
20 0.503125 0.753125 0.0171875 0.08828125
2 0.5703125 0.77734375 0.00390625 0.028125
16 0.56640625 0.77578125 0.003125 0.02578125
16 0.61171875 0.79296875 0.00390625 0.02421875
2 0.6078125 0.7921875 0.00390625 0.02578125
2 0.60390625 0.78984375 0.00390625 0.02578125
2 0.6 0.79140625 0.003125 0.02421875
16 0.65859375 0.825 0.0046875 0.028125
16 0.66484375 0.8296875 0.0046875 0.0359375
2 0.17421875 0.66640625 0.0078125 0.05625
16 0.61015625 0.82109375 0.003125 0.02421875
16 0.56953125 0.80703125 0.00390625 0.02421875
2 0.48515625 0.78046875 0.00625 0.05390625
2 0.4140625 0.7546875 0.00625 0.05234375
2 0.09765625 0.646875 0.00703125 0.05625
2 0.58984375 0.8234375 0.003125 0.03203125
16 0.61484375 0.84453125 0.003125 0.02578125
16 0.64375 0.85546875 0.003125 0.028125
2 0.6484375 0.85625 0.00390625 0.02578125
20 0.809375 0.9125 0.01640625 0.08671875
16 0.6515625 0.85859375 0.003125 0.02578125
16 0.63359375 0.853125 0.00390625 0.03203125
20 0.89140625 0.94609375 0.01640625 0.08046875
16 0.54921875 0.82734375 0.0046875 0.0359375
16 0.69140625 0.88671875 0.00390625 0.02578125
16 0.6875 0.88671875 0.00390625 0.03046875
16 0.67734375 0.8828125 0.00234375 0.02578125
16 0.65859375 0.87578125 0.003125 0.02421875
2 0.8765625 0.953125 0.00625 0.05
2 0.65546875 0.87578125 0.00390625 0.02421875
16 0.6625 0.87734375 0.003125 0.028125
2 0.68203125 0.88828125 0.0046875 0.03828125
2 0.3609375 0.7828125 0.06953125 0.1328125
2 0.28359375 0.7578125 0.06875 0.1265625
2 0.16171875 0.71796875 0.00390625 0.03046875
2 0.16796875 0.71953125 0.00390625 0.02578125
2 0.178125 0.72421875 0.00390625 0.02578125
2 0.6140625 0.8765625 0.003125 0.03046875
2 0.17265625 0.72265625 0.00390625 0.028125
16 0.62890625 0.88125 0.0046875 0.028125
16 0.61875 0.88046875 0.00390625 0.03046875
2 0.79140625 0.940625 0.00625 0.05
2 0.584375 0.87265625 0.0046875 0.03046875
16 0.575 0.8796875 0.00390625 0.02421875
2 0.64453125 0.90390625 0.003125 0.028125
16 0.5796875 0.88046875 0.00390625 0.021875
16 0.63984375 0.9015625 0.003125 0.028125
2 0.56484375 0.8875 0.00625 0.03984375
16 0.9 0.9953125 0.00390625 0.00625
2 0.54453125 0.88359375 0.0046875 0.028125
16 0.82734375 0.9859375 0.003125 0.028125
16 0.6921875 0.9375 0.00390625 0.028125
2 0.8765625 0.99375 0.00390625 0.0078125
16 0.62578125 0.921875 0.00390625 0.028125
16 0.671875 0.9375 0.00390625 0.02421875
2 0.61328125 0.9203125 0.00390625 0.03046875
9 0.65234375 0.934375 0.01640625 0.090625
16 0.575 0.90859375 0.003125 0.02578125
16 0.58359375 0.91328125 0.00390625 0.028125
16 0.6390625 0.9328125 0.00390625 0.02578125
2 0.64296875 0.93359375 0.003125 0.028125
16 0.5796875 0.91171875 0.00390625 0.028125
22 0.6828125 0.95 0.0171875 0.08828125
16 0.83125 0.9953125 0.00390625 0.00625
16 0.80703125 0.990625 0.0046875 0.0140625
2 0.73671875 0.953125 0.0703125 0.090625
16 0.8171875 0.99296875 0.00390625 0.01015625
2 0.60703125 0.94296875 0.00234375 0.021875
16 0.69140625 0.9765625 0.00390625 0.03046875
2 0.671875 0.96953125 0.00390625 0.02421875
16 0.64296875 0.9625 0.00390625 0.03046875
16 0.55390625 0.93203125 0.0078125 0.0484375
16 0.5640625 0.9390625 0.00703125 0.05
16 0.54296875 0.93046875 0.00546875 0.05
2 0.5890625 0.946875 0.003125 0.02578125
16 0.6171875 0.95859375 0.00390625 0.02578125
16 0.58125 0.946875 0.003125 0.02578125
16 0.60234375 0.953125 0.00390625 0.02578125
16 0.58515625 0.94765625 0.00390625 0.02421875
16 0.59765625 0.9515625 0.00390625 0.02421875
16 0.61328125 0.9578125 0.00390625 0.028125
2 0.5921875 0.9515625 0.00390625 0.028125
4 0.1375 0.8 0.0859375 0.13828125
2 0.65 0.9890625 0.00390625 0.01796875
16 0.65703125 0.98984375 0.00390625 0.01640625
16 0.5953125 0.98125 0.00390625 0.02578125
16 0.59921875 0.98359375 0.00390625 0.028125
16 0.60390625 0.98671875 0.00390625 0.02578125
16 0.553125 0.97890625 0.00703125 0.03828125
16 0.5421875 0.9765625 0.00625 0.0421875
16 0.5625 0.98125 0.00703125 0.034375