2 0.85 0.81640625 0.009375 0.0171875
4 0.90703125 0.834375 0.05546875 0.11171875
2 0.84765625 0.834375 0.009375 0.01640625
2 0.8578125 0.85234375 0.01640625 0.02421875
2 0.84140625 0.8640625 0.01484375 0.01796875
16 0.04453125 0.73046875 0.02265625 0.0125
2 0.109375 0.746875 0.10078125 0.059375
16 0.43828125 0.8234375 0.01171875 0.021875
16 0.42421875 0.82265625 0.01328125 0.01953125
2 0.0890625 0.015625 0.02890625 0.03046875
16 0.4796875 0.84296875 0.01171875 0.0203125
16 0.4921875 0.84453125 0.0109375 0.02109375
2 0.30859375 0.81484375 0.01953125 0.01015625
20 0.3484375 0.82734375 0.025 0.03046875
2 0.50625 0.85546875 0.0140625 0.021875
2 0.5359375 0.8609375 0.01328125 0.02265625
16 0.1140625 0.78984375 0.0125 0.01953125
16 0.20390625 0.80546875 0.0234375 0.01640625
16 0.390625 0.83984375 0.01796875 0.0109375
2 0.409375 0.846875 0.0140625 0.021875
2 0.4484375 0.85703125 0.01796875 0.02734375
16 0.39140625 0.84921875 0.01796875 0.0109375
16 0.19921875 0.8171875 0.0203125 0.01171875
16 0.23046875 0.82265625 0.01875 0.0125
2 0.46015625 0.86328125 0.0140625 0.01953125
16 0.2359375 0.03359375 0.01171875 0.01875
2 0.60234375 0.896875 0.0828125 0.07734375
4 0.01328125 0.76875 0.02578125 0.290625
2 0.4015625 0.86328125 0.01953125 0.01484375
2 0.17109375 0.82265625 0.009375 0.01640625
16 0.12265625 0.01484375 0.01015625 0.01796875
16 0.4171875 0.06796875 0.01875 0.01015625
20 0.2125 0.03203125 0.02109375 0.025
2 0.22578125 0.84921875 0.01796875 0.01484375
2 0.5359375 0.90546875 0.01328125 0.0234375
2 0.5640625 0.9171875 0.02109375 0.01484375
9 0.1921875 0.85234375 0.0421875 0.05546875
9 0.4984375 0.91015625 0.05859375 0.06015625
16 0.9046875 0.15703125 0.01015625 0.01953125
16 0.07265625 0.84140625 0.0203125 0.01328125
2 0.5640625 0.93046875 0.025 0.01640625
2 0.3921875 0.90703125 0.0203125 0.015625
16 0.428125 0.9171875 0.01796875 0.0109375
2 0.5296875 0.9359375 0.0140625 0.0234375
16 0.065625 0.8546875 0.02734375 0.015625
2 0.6875 0.96640625 0.0828125 0.06640625
16 0.37734375 0.91953125 0.01796875 0.0109375
16 0.4265625 0.9296875 0.01875 0.0109375
16 0.21953125 0.89453125 0.01953125 0.01171875
2 0.29296875 0.90859375 0.02109375 0.01484375
2 0.39453125 0.9265625 0.015625 0.02265625
16 0.17734375 0.8890625 0.0203125 0.01171875
16 0.37421875 0.92890625 0.01796875 0.0109375
20 0.334375 0.92265625 0.028125 0.03203125
16 0.42265625 0.9421875 0.0203125 0.01171875
16 0.1765625 0.8984375 0.0234375 0.01328125
2 0.6 0.9671875 0.08046875 0.0640625
2 0.21640625 0.91015625 0.01796875 0.01171875
2 0.51328125 0.9703125 0.0171875 0.02421875
2 0.47265625 0.96328125 0.01328125 0.02421875
2 0.48515625 0.96640625 0.015625 0.025
2 0.4578125 0.96171875 0.01640625 0.025
16 0.440625 0.9734375 0.01796875 0.01171875
16 0.37265625 0.06875 0.01796875 0.009375
16 0.39296875 0.07265625 0.01953125 0.0109375
16 0.23203125 0.93828125 0.0171875 0.0109375
16 0.3625 0.96171875 0.02109375 0.0125
16 0.25390625 0.9421875 0.01875 0.01171875
2 0.30703125 0.95625 0.00859375 0.01796875
20 0.2875 0.95546875 0.03046875 0.0296875
16 0.19765625 0.9484375 0.009375 0.01015625
2 0.209375 0.95078125 0.009375 0.01015625
20 0.22734375 0.95234375 0.0234375 0.01640625
20 0.15234375 0.05859375 0.02265625 0.025
2 0.6265625 0.178125 0.075 0.07578125
16 0.865625 0.24453125 0.02109375 0.01171875
2 0.2625 0.153125 0.0703125 0.0828125
2 0.66875 0.2484375 0.05234375 0.0578125
2 0.73125 0.265625 0.06796875 0.06328125
2 0.55078125 0.234375 0.065625 0.06796875
2 0.4953125 0.225 0.03125 0.05859375
2 0.2953125 0.215625 0.0765625 0.07734375
2 0.14765625 0.2 0.13359375 0.08203125
2 0.36875 0.240625 0.0390625 0.0609375
2 0.81328125 0.38515625 0.0640625 0.0453125
2 0.8609375 0.409375 0.05625 0.0796875
16 0.54609375 0.35390625 0.0109375 0.0203125
2 0.14453125 0.31171875 0.06796875 0.084375
16 0.3296875 0.346875 0.0109375 0.01796875
16 0.3765625 0.3625 0.01953125 0.0125
2 0.21875 0.33828125 0.0921875 0.04609375
16 0.35390625 0.37734375 0.01484375 0.02109375
16 0.33984375 0.37578125 0.01484375 0.01953125
16 0.48984375 0.40390625 0.0171875 0.01015625
2 0.83828125 0.465625 0.034375 0.02109375
16 0.40390625 0.39921875 0.01875 0.01328125
2 0.30546875 0.39453125 0.01171875 0.02109375
4 0.96328125 0.51875 0.04921875 0.09375
16 0.38125 0.42265625 0.0125 0.021875
16 0.3421875 0.41640625 0.0171875 0.02421875
16 0.52109375 0.45078125 0.01796875 0.01015625
2 0.775 0.496875 0.06875 0.08984375
16 0.31875 0.41953125 0.01953125 0.01171875
16 0.24140625 0.40625 0.02109375 0.0125
4 0.0453125 0.3796875 0.078125 0.1046875
16 0.2984375 0.42578125 0.01015625 0.015625
16 0.2390625 0.41875 0.0203125 0.0125
16 0.371875 0.44296875 0.021875 0.01484375
16 0.45703125 0.46328125 0.0078125 0.01640625
16 0.44453125 0.46171875 0.0109375 0.0171875
16 0.54296875 0.48203125 0.01640625 0.01015625
2 0.896875 0.5640625 0.06015625 0.07734375
16 0.43984375 0.046875 0.01328125 0.0203125
16 0.21640625 0.00859375 0.01875 0.01328125
20 0.4203125 0.04453125 0.025 0.02578125
20 0.39296875 0.04140625 0.02265625 0.02578125
2 0.85546875 0.7859375 0.01015625 0.01875
2 0.86640625 0.803125 0.0125 0.0203125