20 0.7875 0.5765625 0.03515625 0.02578125
2 0.17734375 0.69609375 0.05546875 0.05
2 0.84921875 0.57734375 0.046875 0.04140625
9 0.7 0.0140625 0.0609375 0.028125
9 0.97734375 0.71796875 0.04453125 0.0375
9 0.7234375 0.7953125 0.2234375 0.1859375
20 0.95390625 0.7765625 0.03515625 0.02890625
9 0.5375 0.85859375 0.1171875 0.14140625
9 0.9890625 0.79921875 0.02109375 0.0515625
20 0.953125 0.81484375 0.028125 0.02578125
2 0.49140625 0.93828125 0.02734375 0.01484375
2 0.29453125 0.978125 0.03984375 0.0359375
2 0.4921875 0.95078125 0.021875 0.0171875
2 0.5390625 0.9484375 0.04765625 0.04140625
20 0.99375 0.88984375 0.01171875 0.02890625
9 0.4171875 0.975 0.10546875 0.0484375
2 0.9484375 0.91875 0.0421875 0.02734375
20 0.1484375 0.1421875 0.03046875 0.02890625
2 0.028125 0.175 0.05234375 0.04453125
2 0.29453125 0.128125 0.03515625 0.02109375
2 0.32890625 0.121875 0.03515625 0.01875
20 0.1578125 0.1671875 0.03125 0.02578125
20 0.18671875 0.16171875 0.02890625 0.02421875
20 0.1234375 0.1734375 0.02890625 0.02421875
20 0.21484375 0.1578125 0.03203125 0.028125
2 0.54453125 0.1109375 0.0359375 0.0296875
16 0.12734375 0.1890625 0.02578125 0.0140625
2 0.80625 0.0671875 0.021875 0.01328125
16 0.16171875 0.184375 0.02734375 0.01640625
16 0.1921875 0.1890625 0.025 0.01484375
16 0.1296875 0.2 0.025 0.0125
16 0.1625 0.19375 0.02734375 0.0125
16 0.221875 0.18359375 0.02421875 0.01484375
9 0.8859375 0.0640625 0.03828125 0.03515625
2 0.38203125 0.15546875 0.0234375 0.01171875
2 0.51796875 0.13828125 0.01875 0.021875
9 0.48046875 0.1578125 0.046875 0.04609375
9 0.5609375 0.15390625 0.0609375 0.04140625
2 0.52734375 0.1734375 0.01796875 0.02265625
2 0.90390625 0.10625 0.02109375 0.02578125
9 0.73125 0.1484375 0.1890625 0.16171875
2 0.48984375 0.19296875 0.02421875 0.01015625
2 0.51875 0.19375 0.0125 0.01640625
9 0.340625 0.22734375 0.1390625 0.1171875
9 0.2109375 0.290625 0.0640625 0.04296875
9 0.52265625 0.26015625 0.06640625 0.04375
9 0.878125 0.20625 0.05859375 0.0375
2 0.24296875 0.33046875 0.05234375 0.03984375
2 0.5359375 0.309375 0.0484375 0.04140625
9 0.28828125 0.4328125 0.10234375 0.084375
2 0.17734375 0.5046875 0.04765625 0.0453125
2 0.12578125 0.51640625 0.0578125 0.0484375
9 0.52265625 0.47890625 0.2578125 0.2171875
20 0.87265625 0.4234375 0.03203125 0.021875
2 0.13984375 0.5640625 0.05234375 0.05390625
9 0.23984375 0.55078125 0.05625 0.05546875
20 0.8828125 0.44453125 0.034375 0.0296875
2 0.30703125 0.57109375 0.040625 0.0375
20 0.8890625 0.4671875 0.03359375 0.02578125
2 0.15859375 0.60859375 0.05625 0.04375
2 0.234375 0.59609375 0.02734375 0.01640625
20 0.91484375 0.515625 0.03203125 0.02734375
2 0.165625 0.6515625 0.05390625 0.05078125
9 0.81640625 0.534375 0.04453125 0.046875
20 0.87265625 0.525 0.0328125 0.0296875