16 0.74453125 0.54453125 0.01484375 0.0125
2 0.72265625 0.54375 0.00703125 0.0125
20 0.5953125 0.525 0.02578125 0.034375
2 0.7609375 0.5578125 0.00625 0.015625
2 0.63203125 0.54609375 0.0078125 0.0140625
2 0.503125 0.54453125 0.0125 0.01015625
2 0.415625 0.5328125 0.00859375 0.0171875
2 0.384375 0.53359375 0.01171875 0.01015625
20 0.08203125 0.47734375 0.0140625 0.02265625
9 0.021875 0.47578125 0.01640625 0.02109375
2 0.3828125 0.5625 0.0140625 0.0109375
2 0.5015625 0.5859375 0.0125 0.0125
2 0.5 0.59609375 0.01171875 0.0109375
20 0.70390625 0.6375 0.01640625 0.0171875
9 0.9125 0.68125 0.04453125 0.0625
20 0.6984375 0.67578125 0.0125 0.0171875
20 0.89296875 0.80703125 0.01640625 0.01796875
4 0.7140625 0.78046875 0.0828125 0.3375
20 0.66171875 0.84921875 0.0171875 0.01953125
16 0.2984375 0.7828125 0.01171875 0.01171875
16 0.3421875 0.7921875 0.0125 0.01171875
16 0.453125 0.8140625 0.0140625 0.0109375
16 0.38515625 0.8015625 0.0125 0.01484375
16 0.41171875 0.80703125 0.01171875 0.01640625
16 0.3171875 0.78828125 0.0125 0.0125
16 0.35703125 0.79609375 0.0125 0.0125
16 0.51171875 0.8265625 0.0125 0.01015625
16 0.4984375 0.825 0.009375 0.009375
16 0.46953125 0.8203125 0.0125 0.009375
16 0.31328125 0.821875 0.0109375 0.009375
16 0.3375 0.82734375 0.0125 0.01171875
16 0.35703125 0.83125 0.01484375 0.0125
16 0.4078125 0.8421875 0.01484375 0.01171875
16 0.29375 0.8203125 0.0125 0.0125
16 0.38203125 0.8375 0.01484375 0.0125
16 0.50859375 0.8609375 0.009375 0.0109375
16 0.44921875 0.85 0.01171875 0.009375
16 0.46484375 0.85390625 0.0125 0.01015625
16 0.49375 0.86015625 0.0140625 0.009375
9 0.7046875 0.97421875 0.0296875 0.03984375
20 0.8390625 0.978125 0.09609375 0.0421875
16 0.27578125 0.9328125 0.01015625 0.009375
16 0.4328125 0.96328125 0.009375 0.009375
16 0.29140625 0.93671875 0.01015625 0.009375
16 0.30703125 0.93984375 0.0109375 0.00859375
16 0.32265625 0.94296875 0.00859375 0.0078125
16 0.4484375 0.9671875 0.0125 0.009375
16 0.353125 0.94921875 0.01171875 0.01015625
16 0.39296875 0.95625 0.0140625 0.009375
16 0.371875 0.95234375 0.009375 0.0078125
16 0.38203125 0.95546875 0.009375 0.009375
16 0.33203125 0.9453125 0.009375 0.00859375
16 0.3625 0.95078125 0.00859375 0.00703125
20 0.21953125 0.0453125 0.0328125 0.03359375
20 0.26796875 0.0625 0.025 0.03671875
20 0.28984375 0.0671875 0.0265625 0.03828125
2 0.19609375 0.06953125 0.01484375 0.0203125
2 0.21171875 0.07265625 0.015625 0.025
9 0.1640625 0.06484375 0.01796875 0.021875
2 0.2609375 0.0953125 0.01640625 0.021875
2 0.27578125 0.09921875 0.01484375 0.02109375
20 0.890625 0.22421875 0.00859375 0.015625
2 0.96171875 0.2375 0.009375 0.0171875
20 0.90546875 0.23671875 0.015625 0.01171875
2 0.20546875 0.10859375 0.00546875 0.0125
2 0.19375 0.10703125 0.00625 0.01328125
2 0.18671875 0.10625 0.00703125 0.015625
9 0.3453125 0.13828125 0.03671875 0.059375
2 0.1765625 0.1078125 0.00625 0.01171875
2 0.171875 0.1234375 0.00625 0.0140625
9 0.94609375 0.275 0.04453125 0.0546875
9 0.19609375 0.13984375 0.0453125 0.04375
2 0.9140625 0.28046875 0.01328125 0.009375
2 0.9796875 0.2953125 0.0109375 0.00859375
20 0.15859375 0.1421875 0.01640625 0.02421875
9 0.25234375 0.1625 0.05546875 0.06953125
20 0.6234375 0.23671875 0.01484375 0.01640625
20 0.31484375 0.1875 0.03515625 0.03515625
2 0.3375 0.19296875 0.0109375 0.02109375
2 0.79375 0.2890625 0.00390625 0.009375
20 0.803125 0.29140625 0.01328125 0.009375
20 0.7 0.28515625 0.009375 0.01640625
2 0.78984375 0.31015625 0.0078125 0.015625
20 0.640625 0.2828125 0.0125 0.0171875
20 0.296875 0.22265625 0.0296875 0.03125
20 0.3296875 0.22890625 0.03203125 0.03125
20 0.21484375 0.20703125 0.03515625 0.03359375
20 0.18125 0.20078125 0.0359375 0.0328125
20 0.69765625 0.30234375 0.0109375 0.01796875
2 0.13984375 0.19921875 0.0140625 0.01171875
2 0.240625 0.2203125 0.01640625 0.01171875
2 0.2671875 0.22578125 0.01953125 0.0140625
20 0.87578125 0.34765625 0.01171875 0.01328125
20 0.80625 0.340625 0.01015625 0.009375
2 0.96640625 0.37265625 0.00390625 0.00390625
20 0.825 0.3453125 0.0109375 0.01015625
2 0.23984375 0.234375 0.0171875 0.01328125
2 0.928125 0.3671875 0.00703125 0.00546875
20 0.6375 0.3125 0.01015625 0.01640625
2 0.26640625 0.2421875 0.01796875 0.01328125
2 0.96640625 0.37734375 0.00546875 0.00390625
20 0.325 0.2578125 0.03203125 0.0296875
2 0.73984375 0.3375 0.01171875 0.01953125
20 0.2921875 0.25234375 0.03203125 0.03125
20 0.21171875 0.2375 0.0359375 0.03515625
20 0.17734375 0.23203125 0.03671875 0.0328125
2 0.72421875 0.3375 0.009375 0.01484375
2 0.9 0.371875 0.00546875 0.009375
2 0.23828125 0.24921875 0.0171875 0.0125
2 0.2640625 0.2546875 0.01953125 0.0125
9 0.9265625 0.39765625 0.03671875 0.040625
2 0.896875 0.3921875 0.00625 0.009375
20 0.85625 0.384375 0.0125 0.0171875
20 0.8390625 0.38125 0.0140625 0.0171875
2 0.16640625 0.2546875 0.0078125 0.01328125
2 0.2578125 0.2734375 0.00859375 0.01171875
2 0.2421875 0.2703125 0.01015625 0.01484375
2 0.17578125 0.25859375 0.00546875 0.009375
2 0.190625 0.26171875 0.0078125 0.01328125
2 0.27421875 0.27734375 0.0109375 0.01328125
2 0.225 0.26796875 0.0078125 0.0125
2 0.21640625 0.26640625 0.009375 0.01328125
2 0.25 0.27265625 0.009375 0.015625
2 0.265625 0.27578125 0.0109375 0.0140625
2 0.2828125 0.2796875 0.01171875 0.0140625
20 0.61484375 0.34296875 0.0125 0.01328125
2 0.18359375 0.26015625 0.00703125 0.01328125
2 0.19921875 0.26328125 0.00703125 0.0140625
2 0.2328125 0.27109375 0.0078125 0.015625
2 0.2078125 0.26640625 0.0078125 0.0140625
2 0.90234375 0.4046875 0.0046875 0.003125
2 0.9484375 0.41484375 0.0078125 0.01328125
2 0.9015625 0.4109375 0.00390625 0.00390625
2 0.9140625 0.41796875 0.00625 0.003125
2 0.93203125 0.421875 0.00625 0.0046875
20 0.44609375 0.33359375 0.01328125 0.015625
2 0.94765625 0.43046875 0.00546875 0.009375
2 0.9359375 0.43203125 0.0078125 0.0046875
20 0.84296875 0.4203125 0.0140625 0.01796875
2 0.659375 0.390625 0.01171875 0.00859375
20 0.4453125 0.35078125 0.0125 0.015625
20 0.0234375 0.3125 0.0109375 0.01328125
2 0.61953125 0.44140625 0.01484375 0.01171875
2 0.228125 0.37109375 0.00625 0.01484375
2 0.1953125 0.3640625 0.009375 0.01484375
2 0.21015625 0.36796875 0.01015625 0.015625
2 0.17734375 0.36171875 0.00859375 0.01484375
2 0.24375 0.37421875 0.009375 0.015625
2 0.1859375 0.3640625 0.00859375 0.01328125
2 0.2359375 0.3734375 0.009375 0.01640625
2 0.21796875 0.36953125 0.0125 0.01796875
2 0.2015625 0.3671875 0.0078125 0.01328125
9 0.575 0.44296875 0.01328125 0.01875
9 0.590625 0.446875 0.01328125 0.015625
20 0.6171875 0.45859375 0.0171875 0.01875
2 0.06953125 0.378125 0.01484375 0.0109375
2 0.64453125 0.490625 0.01171875 0.01015625
20 0.08671875 0.3984375 0.01484375 0.025
2 0.21875 0.4359375 0.009375 0.0171875
2 0.178125 0.428125 0.0078125 0.01640625
2 0.16875 0.42734375 0.0078125 0.01484375
2 0.2265625 0.43828125 0.0125 0.0203125
2 0.19375 0.43203125 0.0109375 0.0171875
2 0.2015625 0.434375 0.009375 0.0125
2 0.1859375 0.43046875 0.0078125 0.01328125
2 0.2109375 0.4359375 0.0078125 0.0171875
2 0.2359375 0.44140625 0.0109375 0.01640625