1 0.89453125 0.70703125 0.00703125 0.015625
4 0.95 0.71484375 0.0359375 0.10078125
1 0.8953125 0.72421875 0.00625 0.01484375
1 0.9078125 0.73984375 0.01171875 0.02109375
1 0.89453125 0.75390625 0.0109375 0.015625
15 0.1328125 0.76015625 0.0203125 0.00859375
1 0.19609375 0.76484375 0.0890625 0.04140625
15 0.51328125 0.78203125 0.0078125 0.01953125
15 0.50078125 0.78359375 0.009375 0.0171875
1 0.03359375 0.07890625 0.06484375 0.04453125
15 0.55546875 0.79296875 0.0078125 0.01796875
15 0.56640625 0.79296875 0.00703125 0.01875
1 0.3921875 0.79609375 0.0171875 0.00703125
20 0.4296875 0.8 0.01953125 0.02578125
1 0.58203125 0.80078125 0.01015625 0.01875
1 0.609375 0.8015625 0.009375 0.01953125
15 0.20703125 0.80390625 0.009375 0.0171875
15 0.29296875 0.80390625 0.02109375 0.0125
15 0.47109375 0.80546875 0.015625 0.0078125
1 0.48984375 0.80859375 0.01015625 0.01875
1 0.52734375 0.81171875 0.0125 0.02421875
15 0.47421875 0.8140625 0.015625 0.0078125
15 0.28984375 0.815625 0.0171875 0.00859375
15 0.32109375 0.815625 0.01640625 0.009375
1 0.54140625 0.815625 0.0109375 0.01640625
15 0.19765625 0.08203125 0.00859375 0.01640625
1 0.678125 0.8234375 0.06875 0.06171875
4 0.0796875 0.82421875 0.03984375 0.30390625
1 0.4859375 0.825 0.0171875 0.0109375
1 0.26484375 0.825 0.00703125 0.0140625
15 0.08984375 0.08359375 0.00703125 0.015625
15 0.371875 0.08359375 0.01640625 0.00703125
20 0.175 0.08359375 0.01640625 0.0203125
1 0.32109375 0.840625 0.01484375 0.01171875
1 0.61640625 0.8421875 0.009375 0.0203125
1 0.64453125 0.84765625 0.01796875 0.0109375
9 0.28984375 0.85 0.03203125 0.046875
9 0.58359375 0.85234375 0.04765625 0.04921875
15 0.8375 0.0859375 0.00703125 0.0171875
15 0.17734375 0.859375 0.01796875 0.009375
1 0.64765625 0.86015625 0.021875 0.01171875
1 0.484375 0.8671875 0.0171875 0.01171875
15 0.51953125 0.8703125 0.015625 0.00859375
1 0.6171875 0.87109375 0.01015625 0.0203125
15 0.17265625 0.87265625 0.02421875 0.0109375
1 0.76953125 0.8796875 0.0671875 0.06484375
15 0.471875 0.88125 0.015625 0.0078125
15 0.51953125 0.88203125 0.01640625 0.0078125
15 0.321875 0.884375 0.0171875 0.00859375
1 0.3921875 0.884375 0.01875 0.0109375
1 0.4890625 0.88515625 0.0109375 0.01953125
15 0.28203125 0.88515625 0.01796875 0.0078125
15 0.47109375 0.88984375 0.015625 0.0078125
20 0.43359375 0.890625 0.02265625 0.0265625
15 0.51796875 0.8953125 0.01796875 0.0078125
15 0.2828125 0.8953125 0.02109375 0.00859375
1 0.6890625 0.89609375 0.06484375 0.06484375
1 0.321875 0.8984375 0.015625 0.00859375
1 0.60625 0.90625 0.01328125 0.02109375
1 0.56796875 0.90625 0.009375 0.02109375
1 0.5796875 0.90625 0.01171875 0.02109375
1 0.55390625 0.90703125 0.01171875 0.021875
15 0.540625 0.9203125 0.015625 0.00859375
15 0.3296875 0.09296875 0.01640625 0.00625
15 0.35 0.09296875 0.0171875 0.0078125
15 0.34140625 0.9234375 0.01484375 0.0078125
15 0.465625 0.92265625 0.01875 0.00859375
15 0.36171875 0.92265625 0.01640625 0.00859375
1 0.4140625 0.9265625 0.00546875 0.01640625
20 0.39453125 0.92890625 0.025 0.02421875
4 0.8359375 0.93359375 0.16015625 0.0265625
15 0.31015625 0.9421875 0.00625 0.015625
1 0.321875 0.9421875 0.0078125 0.015625
20 0.3390625 0.94296875 0.01953125 0.02421875
15 0.396875 0.9484375 0.01796875 0.00625
15 0.31484375 0.95625 0.01640625 0.00703125
15 0.3953125 0.95625 0.0171875 0.00859375
20 0.1234375 0.11796875 0.01796875 0.02109375
1 0.5828125 0.1515625 0.06015625 0.06171875
15 0.815625 0.17421875 0.01953125 0.0078125
1 0.2421875 0.1890625 0.05546875 0.06953125
1 0.634375 0.209375 0.04140625 0.04765625
1 0.69453125 0.21484375 0.05625 0.05
1 0.521875 0.21640625 0.05390625 0.05546875
1 0.46953125 0.21640625 0.0203125 0.05234375
1 0.28203125 0.240625 0.06171875 0.06328125
1 0.1421875 0.2515625 0.1171875 0.0578125
1 0.35390625 0.25234375 0.028125 0.05390625
1 0.790625 0.31328125 0.05546875 0.03359375
1 0.83828125 0.328125 0.0421875 0.06953125
15 0.5375 0.32890625 0.00703125 0.01796875
1 0.1578125 0.3546875 0.053125 0.07109375
15 0.33515625 0.35703125 0.0078125 0.015625
15 0.38125 0.3640625 0.0171875 0.00859375
1 0.23125 0.3671875 0.0828125 0.0296875
15 0.3625 0.38203125 0.0109375 0.01796875
15 0.35 0.3828125 0.0109375 0.01640625
15 0.49375 0.38359375 0.015625 0.00703125
1 0.82734375 0.38359375 0.0296875 0.0140625
15 0.41328125 0.39375 0.01640625 0.01015625
1 0.3203125 0.40625 0.00859375 0.01796875
4 0.95 0.4125 0.03203125 0.084375
15 0.3953125 0.41953125 0.00859375 0.01953125
15 0.3578125 0.4203125 0.0125 0.02109375
15 0.53046875 0.421875 0.015625 0.00703125
1 0.77265625 0.4234375 0.05234375 0.0765625
15 0.33671875 0.4265625 0.01640625 0.00859375
15 0.26328125 0.4265625 0.01796875 0.009375
4 0.07734375 0.434375 0.05859375 0.08984375
15 0.31953125 0.4359375 0.00703125 0.0140625
15 0.2625 0.43828125 0.0171875 0.00859375
15 0.390625 0.43984375 0.01953125 0.0109375
15 0.471875 0.44453125 0.0046875 0.01484375
15 0.4609375 0.44453125 0.0078125 0.01484375
15 0.55546875 0.44765625 0.0140625 0.0078125
1 0.896875 0.465625 0.0453125 0.065625
20 0.0921875 0.0484375 0.02578125 0.01640625
15 0.3890625 0.06015625 0.009375 0.01796875
15 0.17578125 0.0609375 0.01640625 0.009375
20 0.36953125 0.06171875 0.0203125 0.021875
20 0.34453125 0.06328125 0.01875 0.021875
1 0.89453125 0.678125 0.00703125 0.01640625
1 0.90703125 0.69296875 0.00859375 0.01796875