2 0.97421875 0.63984375 0.0109375 0.00859375
4 0.6046875 0.54765625 0.121875 0.4578125
2 0.41953125 0.00625 0.0109375 0.0078125
2 0.02734375 0.38828125 0.01953125 0.03046875
2 0.971875 0.6609375 0.01171875 0.009375
2 0.0515625 0.40546875 0.04609375 0.05859375
16 0.45234375 0.53515625 0.00546875 0.0125
16 0.4234375 0.528125 0.00625 0.0140625
16 0.41328125 0.5265625 0.00546875 0.0140625
2 0.56640625 0.571875 0.01171875 0.02578125
16 0.9046875 0.67109375 0.01171875 0.00859375
16 0.72109375 0.09609375 0.00859375 0.0171875
16 0.903125 0.678125 0.0109375 0.00859375
2 0.015625 0.42578125 0.03046875 0.05703125
16 0.415625 0.54453125 0.00625 0.015625
16 0.4265625 0.54765625 0.00625 0.0140625
16 0.4203125 0.5453125 0.00546875 0.015625
16 0.41015625 0.54375 0.0078125 0.0171875
20 0.73203125 0.10078125 0.0109375 0.0171875
16 0.7421875 0.10390625 0.0078125 0.01640625
2 0.0453125 0.45078125 0.04765625 0.05859375
16 0.7640625 0.1109375 0.00859375 0.0171875
20 0.75390625 0.10859375 0.01328125 0.0171875
2 0.896875 0.71796875 0.0109375 0.01015625
2 0.8296875 0.69921875 0.01171875 0.00859375
16 0.15703125 0.51171875 0.00625 0.01484375
16 0.1515625 0.5109375 0.00625 0.01328125
16 0.16328125 0.5140625 0.00625 0.0140625
16 0.14609375 0.509375 0.00625 0.01328125
16 0.13984375 0.5078125 0.00703125 0.01640625
4 0.9265625 0.73125 0.1015625 0.3921875
2 0.01328125 0.471875 0.0265625 0.053125
4 0.65390625 0.65546875 0.103125 0.39765625
4 0.75390625 0.68515625 0.03203125 0.04140625
4 0.7234375 0.6765625 0.1015625 0.39609375
4 0.859375 0.71640625 0.10546875 0.4
4 0.78984375 0.69765625 0.103125 0.3953125
16 0.14375 0.52421875 0.00625 0.01484375
16 0.14921875 0.5265625 0.00625 0.0140625
2 0.03984375 0.49609375 0.046875 0.05703125
16 0.16015625 0.5296875 0.00546875 0.0140625
16 0.1546875 0.52890625 0.00546875 0.0140625
2 0.55390625 0.64296875 0.00546875 0.0125
16 0.50859375 0.63125 0.00625 0.0125
16 0.4921875 0.62578125 0.00546875 0.0140625
16 0.49609375 0.62734375 0.00625 0.0125
2 0.54140625 0.63984375 0.00546875 0.0140625
2 0.5484375 0.6421875 0.00625 0.0125
2 0.5375 0.63984375 0.0046875 0.0109375
16 0.50390625 0.63046875 0.00625 0.01328125
16 0.746875 0.70546875 0.01171875 0.009375
16 0.8921875 0.7484375 0.01171875 0.00859375
16 0.5515625 0.66015625 0.00625 0.0125
16 0.50625 0.646875 0.00625 0.01484375
16 0.546875 0.659375 0.00625 0.01328125
16 0.4890625 0.64296875 0.00625 0.01328125
16 0.5015625 0.646875 0.00625 0.0125
16 0.52578125 0.65390625 0.00546875 0.01328125
16 0.51015625 0.64921875 0.00625 0.01484375
16 0.5203125 0.65234375 0.00625 0.0125
16 0.53828125 0.65703125 0.00546875 0.0125
16 0.4921875 0.64453125 0.00625 0.0125
16 0.484375 0.64296875 0.00625 0.0140625
16 0.534375 0.65703125 0.00625 0.0125
16 0.80859375 0.7390625 0.01171875 0.009375
2 0.13359375 0.5546875 0.0046875 0.0140625
16 0.12890625 0.5546875 0.00703125 0.0140625
2 0.01171875 0.52109375 0.02265625 0.05703125
2 0.16953125 0.56953125 0.0109375 0.0078125
16 0.47890625 0.6640625 0.0109375 0.00859375
16 0.16953125 0.5765625 0.0125 0.0109375
9 0.14765625 0.5734375 0.0328125 0.0421875
2 0.33828125 0.0015625 0.0125 0.003125
9 0.3796875 0.0265625 0.0515625 0.05234375
16 0.54375 0.68828125 0.0109375 0.0078125
16 0.47734375 0.67109375 0.0125 0.00859375
16 0.40546875 0.0171875 0.01171875 0.009375
16 0.5421875 0.69453125 0.0109375 0.01015625
16 0.4765625 0.678125 0.01171875 0.00859375
2 0.46484375 0.675 0.0109375 0.00859375
9 0.51015625 0.6921875 0.0625 0.0640625
16 0.54140625 0.7015625 0.009375 0.00625
16 0.81640625 0.78125 0.01171875 0.009375
16 0.47578125 0.68515625 0.0109375 0.009375
16 0.403125 0.665625 0.00625 0.01328125
16 0.41328125 0.66875 0.00625 0.01328125
16 0.39296875 0.66328125 0.00625 0.015625
16 0.3984375 0.66484375 0.00625 0.01328125
16 0.40859375 0.6671875 0.00625 0.0140625
16 0.8 0.7796875 0.009375 0.0078125
16 0.41875 0.67109375 0.00625 0.0140625
16 0.88359375 0.80390625 0.01171875 0.009375
16 0.9578125 0.82578125 0.00390625 0.00703125
2 0.4625 0.68828125 0.0109375 0.00859375
16 0.4734375 0.6921875 0.0109375 0.0078125
2 0.95625 0.83359375 0.00390625 0.00546875
16 0.94765625 0.8296875 0.01171875 0.0078125
16 0.53828125 0.715625 0.009375 0.00703125
16 0.4734375 0.7 0.01015625 0.0078125
2 0.3296875 0.659375 0.03046875 0.040625
2 0.95546875 0.83828125 0.0046875 0.0078125
2 0.38515625 0.6765625 0.00625 0.01328125
2 0.37578125 0.67421875 0.00625 0.0140625
16 0.94609375 0.83671875 0.01171875 0.00859375
16 0.5375 0.72265625 0.0109375 0.00859375
16 0.5484375 0.7265625 0.0109375 0.00859375
16 0.36171875 0.67421875 0.01015625 0.00859375
16 0.46015625 0.703125 0.01171875 0.00859375
16 0.471875 0.70625 0.009375 0.0078125
2 0.3265625 0.0015625 0.01171875 0.003125
2 0.95390625 0.846875 0.0046875 0.00859375
2 0.74375 0.7875 0.009375 0.01796875
16 0.9453125 0.8453125 0.01171875 0.01015625
16 0.34921875 0.67890625 0.0109375 0.0078125
16 0.3609375 0.68203125 0.01171875 0.009375
16 0.47109375 0.71328125 0.009375 0.00703125
16 0.459375 0.7109375 0.0109375 0.00859375
16 0.95234375 0.85390625 0.0046875 0.0078125
16 0.3484375 0.68671875 0.01171875 0.0078125
16 0.9515625 0.8609375 0.0046875 0.00703125
16 0.94296875 0.859375 0.0109375 0.00859375
16 0.346875 0.69453125 0.009375 0.0078125
2 0.95078125 0.86796875 0.00390625 0.00859375
2 0.52265625 0.746875 0.0046875 0.0140625
2 0.50546875 0.7421875 0.00703125 0.0140625
2 0.51796875 0.74609375 0.0078125 0.01640625
20 0.07578125 0.6203125 0.05859375 0.0625
2 0.51015625 0.74453125 0.0078125 0.015625
20 0.1359375 0.6390625 0.065625 0.06640625
16 0.35 0.009375 0.01015625 0.0078125
20 0.196875 0.65703125 0.06484375 0.06640625
2 0.94921875 0.87421875 0.0046875 0.0078125
2 0.25390625 0.6765625 0.05625 0.0765625
16 0.940625 0.8734375 0.01171875 0.009375
2 0.94765625 0.88046875 0.00546875 0.0078125
16 0.34453125 0.71015625 0.009375 0.00859375
2 0.94765625 0.88828125 0.00390625 0.00703125
16 0.35546875 0.71953125 0.0109375 0.00859375
16 0.9375 0.89375 0.0109375 0.0078125
4 0.55859375 0.0703125 0.2015625 0.09375
16 0.3421875 0.7265625 0.0109375 0.00859375
16 0.9359375 0.9 0.0109375 0.0078125
2 0.94453125 0.903125 0.0046875 0.0078125
16 0.340625 0.7328125 0.01171875 0.01015625
16 0.934375 0.9140625 0.0109375 0.00859375
2 0.65703125 0.8390625 0.021875 0.03046875
20 0.19140625 0.71875 0.0515625 0.0609375
20 0.06171875 0.68203125 0.06484375 0.0671875
2 0.3359375 0.0109375 0.01015625 0.01015625
20 0.12734375 0.70078125 0.0671875 0.0671875
2 0.290625 0.75078125 0.0578125 0.0765625
16 0.7828125 0.89453125 0.00546875 0.0140625
2 0.8015625 0.9 0.00625 0.0125
16 0.79609375 0.8984375 0.0046875 0.0125
16 0.7859375 0.89609375 0.00546875 0.0125
2 0.7921875 0.89765625 0.0046875 0.01171875
16 0.3484375 0.015625 0.0109375 0.0078125
2 0.24296875 0.74609375 0.05546875 0.08671875
16 0.38046875 0.790625 0.009375 0.0078125
16 0.4796875 0.821875 0.00546875 0.0140625
16 0.01875 0.690625 0.0078125 0.01640625
16 0.4734375 0.81953125 0.00625 0.0125
2 0.43125 0.8078125 0.0265625 0.0359375
2 0.46796875 0.81875 0.00546875 0.01328125
2 0.484375 0.8234375 0.00625 0.0140625
2 0.415625 0.03515625 0.01171875 0.009375
2 0.0265625 0.69375 0.00625 0.0140625
16 0.7703125 0.909375 0.0046875 0.0125
16 0.78515625 0.91328125 0.00546875 0.01484375
16 0.765625 0.909375 0.00546875 0.0140625
16 0.77421875 0.9109375 0.00546875 0.0125
16 0.403125 0.0328125 0.01328125 0.01015625
16 0.7515625 0.9046875 0.00625 0.01484375
16 0.76171875 0.9078125 0.00546875 0.01328125
16 0.790625 0.91640625 0.00625 0.01484375
16 0.75703125 0.90625 0.00546875 0.0140625
16 0.74609375 0.9046875 0.00625 0.0125
16 0.77890625 0.91328125 0.0046875 0.01328125
16 0.66484375 0.8875 0.00625 0.015625
2 0.66875 0.88828125 0.00625 0.01484375
16 0.67421875 0.88984375 0.00625 0.01484375
16 0.38671875 0.809375 0.009375 0.0078125
16 0.39765625 0.8125 0.009375 0.0078125
16 0.37578125 0.80703125 0.01015625 0.0078125
16 0.7296875 0.909375 0.01015625 0.00859375
16 0.50859375 0.8515625 0.00546875 0.0140625
16 0.50390625 0.85 0.00625 0.0140625
16 0.5140625 0.853125 0.00625 0.01484375
2 0.80859375 0.93828125 0.0078125 0.0171875
16 0.77734375 0.9296875 0.0046875 0.01171875
2 0.53984375 0.86171875 0.00625 0.0140625
2 0.5484375 0.8640625 0.00546875 0.0125
16 0.81875 0.94140625 0.00625 0.01328125
2 0.7734375 0.928125 0.00625 0.0125
2 0.0046875 0.71015625 0.00703125 0.01640625
16 0.78671875 0.9328125 0.00625 0.01484375
2 0.7484375 0.921875 0.0046875 0.0125
2 0.80234375 0.9375 0.00546875 0.0140625
16 0.76484375 0.9265625 0.00625 0.0125
16 0.81484375 0.940625 0.00546875 0.0140625
2 0.75234375 0.9234375 0.00625 0.01328125
2 0.7609375 0.92578125 0.0046875 0.01328125
2 0.79140625 0.93359375 0.0046875 0.01328125
2 0.75625 0.92421875 0.00546875 0.0125
2 0.76953125 0.928125 0.00546875 0.0125
2 0.78203125 0.93203125 0.0046875 0.01171875
16 0.9078125 0.96796875 0.00625 0.01328125
2 0.91328125 0.96953125 0.0078125 0.01640625
16 0.55703125 0.871875 0.00625 0.0140625
16 0.6890625 0.91328125 0.01171875 0.009375
16 0.634375 0.90078125 0.01171875 0.009375
16 0.0734375 0.74296875 0.00625 0.0140625
9 0.86875 0.96171875 0.07890625 0.075
16 0.68828125 0.92265625 0.01171875 0.0109375
2 0.90625 0.984375 0.00546875 0.01328125
2 0.60390625 0.90078125 0.00625 0.0140625
16 0.59765625 0.9 0.00703125 0.01640625
9 0.015625 0.734375 0.0296875 0.046875
16 0.58125 0.89609375 0.0109375 0.00859375
2 0.54453125 0.8859375 0.0046875 0.0125
16 0.4328125 0.85546875 0.01015625 0.0078125
2 0.42265625 0.85234375 0.01015625 0.0078125
16 0.44375 0.8578125 0.01015625 0.00859375
16 0.47109375 0.8671875 0.0109375 0.0078125
16 0.48203125 0.87109375 0.01015625 0.0078125
16 0.68671875 0.9296875 0.0109375 0.009375
2 0.234375 0.80234375 0.02734375 0.03671875
16 0.58046875 0.903125 0.01015625 0.0078125
2 0.48046875 0.87890625 0.0109375 0.0078125
2 0.31796875 0.01640625 0.02890625 0.0328125
16 0.34765625 0.02265625 0.0109375 0.0078125
2 0.2546875 0.0078125 0.028125 0.015625
16 0.63046875 0.92421875 0.0109375 0.009375
16 0.57890625 0.91015625 0.0109375 0.009375
2 0.61796875 0.92109375 0.0109375 0.009375
2 0.334375 0.01875 0.009375 0.0078125
2 0.4796875 0.8859375 0.01015625 0.00859375
16 0.62890625 0.93125 0.0109375 0.0078125
16 0.57734375 0.91796875 0.01015625 0.0078125
2 0.6171875 0.92890625 0.01171875 0.009375
2 0.46640625 0.890625 0.01015625 0.0078125
16 0.47890625 0.89375 0.0109375 0.0078125
16 0.57734375 0.92421875 0.01015625 0.00859375
16 0.6859375 0.95546875 0.00625 0.0125
2 0.415625 0.0421875 0.01171875 0.009375
16 0.40234375 0.0390625 0.01328125 0.009375
16 0.9875 0.20625 0.0109375 0.0078125
16 0.68046875 0.95390625 0.00703125 0.0125
2 0.61484375 0.9359375 0.0109375 0.00859375
16 0.47734375 0.90078125 0.01171875 0.009375
2 0.465625 0.89765625 0.009375 0.0078125
16 0.996875 0.21015625 0.0046875 0.00859375
9 0.55234375 0.9234375 0.04296875 0.05703125
2 0.57578125 0.93046875 0.0109375 0.01015625
9 0.77265625 0.965625 0.09765625 0.06796875
16 0.684375 0.96953125 0.00625 0.0140625
16 0.57421875 0.93828125 0.0109375 0.00859375
16 0.678125 0.96796875 0.0078125 0.01640625
2 0.60234375 0.959375 0.01171875 0.0078125
16 0.51796875 0.95078125 0.01015625 0.0078125
2 0.56953125 0.965625 0.00546875 0.0125
2 0.52734375 0.9546875 0.00546875 0.0125
2 0.56484375 0.96484375 0.00546875 0.01328125
2 0.57421875 0.96796875 0.00625 0.01328125
2 0.55703125 0.9625 0.00546875 0.01328125
2 0.5609375 0.9640625 0.00546875 0.0140625
2 0.53359375 0.95546875 0.00859375 0.01796875
2 0.55234375 0.96171875 0.00546875 0.0125
2 0.53984375 0.9578125 0.00625 0.01328125
2 0.54375 0.95859375 0.0046875 0.0125
2 0.54765625 0.96015625 0.0046875 0.01171875
16 0.49453125 0.95078125 0.009375 0.00859375
16 0.49296875 0.9578125 0.009375 0.0078125
16 0.4828125 0.9546875 0.0109375 0.00859375
16 0.346875 0.0296875 0.01015625 0.00859375
2 0.334375 0.02578125 0.01171875 0.0109375
16 0.65859375 0.11953125 0.0125 0.01171875
2 0.4140625 0.05 0.0125 0.009375
16 0.40078125 0.04609375 0.01328125 0.0109375
2 0.98671875 0.21328125 0.01015625 0.00859375
16 0.99609375 0.21953125 0.00703125 0.01015625
2 0.4125 0.05703125 0.0109375 0.0078125
16 0.4 0.05390625 0.01328125 0.01015625
20 0.98515625 0.228125 0.0125 0.01640625
20 0.9953125 0.23515625 0.009375 0.02109375
2 0.55546875 0.11171875 0.0375 0.05234375
16 0.98359375 0.240625 0.0109375 0.00859375
16 0.346875 0.065625 0.0078125 0.0171875
16 0.33984375 0.0640625 0.00703125 0.015625
2 0.98203125 0.24765625 0.0109375 0.00859375
20 0.99296875 0.25390625 0.0125 0.01796875
16 0.98125 0.2546875 0.0109375 0.0078125
16 0.753125 0.1953125 0.0078125 0.0171875
2 0.775 0.20078125 0.00625 0.01328125
16 0.75234375 0.1953125 0.00625 0.0140625
2 0.76953125 0.2 0.00625 0.015625
16 0.69453125 0.17890625 0.0078125 0.015625
2 0.98046875 0.2625 0.01171875 0.01015625
16 0.978125 0.26953125 0.01171875 0.01015625
4 0.340625 0.09296875 0.5546875 0.1859375
2 0.8046875 0.2203125 0.01015625 0.009375
2 0.790625 0.2171875 0.0109375 0.0078125
16 0.95703125 0.2640625 0.00625 0.01484375
16 0.78984375 0.22421875 0.01171875 0.0078125
2 0.8015625 0.2328125 0.01015625 0.00859375
16 0.78828125 0.23046875 0.01171875 0.0078125
2 0.6578125 0.19375 0.0109375 0.0078125
16 0.80078125 0.240625 0.01015625 0.0078125
16 0.7875 0.2375 0.01171875 0.01015625
2 0.66875 0.2046875 0.01171875 0.00859375
2 0.79921875 0.24765625 0.0109375 0.009375
16 0.946875 0.29921875 0.00703125 0.01640625
16 0.93984375 0.2984375 0.00625 0.01484375
4 0.3390625 0.12890625 0.56328125 0.20078125
16 0.9890625 0.3171875 0.0109375 0.00859375
16 0.996875 0.32109375 0.00546875 0.00859375
2 0.65234375 0.22265625 0.009375 0.0078125
2 0.6515625 0.2296875 0.0109375 0.0078125
9 0.72109375 0.2671875 0.1140625 0.1515625
2 0.61171875 0.24453125 0.01640625 0.01328125
4 0.3296875 0.17265625 0.56015625 0.20703125
16 0.775 0.31328125 0.01015625 0.0078125
16 0.77421875 0.31875 0.01171875 0.0078125
2 0.7734375 0.32421875 0.01015625 0.00859375
2 0.77265625 0.33046875 0.0109375 0.009375
16 0.44375 0.24140625 0.00625 0.01328125
16 0.4484375 0.24296875 0.00625 0.0140625
16 0.771875 0.3375 0.0125 0.0109375
16 0.4171875 0.23671875 0.00625 0.0140625
16 0.42734375 0.23984375 0.00625 0.01484375
16 0.41328125 0.2359375 0.00625 0.0125
16 0.42265625 0.2390625 0.00546875 0.01328125
20 0.6140625 0.2953125 0.01484375 0.02109375
2 0.53828125 0.27421875 0.025 0.034375
2 0.09765625 0.14921875 0.03515625 0.046875
2 0.7703125 0.34375 0.009375 0.0078125
16 0.66953125 0.05234375 0.0109375 0.01015625
2 0.66953125 0.321875 0.01015625 0.00859375
2 0.6828125 0.32578125 0.009375 0.00859375
16 0.4109375 0.2515625 0.0078125 0.0140625
16 0.40703125 0.25 0.00625 0.0140625
2 0.621875 0.31171875 0.0109375 0.0078125
16 0.41484375 0.253125 0.00625 0.0140625
16 0.41953125 0.2546875 0.00625 0.01484375
16 0.42265625 0.25625 0.00625 0.01484375
16 0.73828125 0.34921875 0.00703125 0.0140625
16 0.73203125 0.346875 0.0078125 0.0140625
16 0.7421875 0.35 0.00546875 0.01328125
16 0.746875 0.3515625 0.0078125 0.0140625
16 0.71953125 0.34375 0.0046875 0.015625
16 0.7078125 0.34140625 0.00625 0.0140625
16 0.72578125 0.346875 0.0078125 0.0171875
16 0.68203125 0.33359375 0.01171875 0.0078125
16 0.66953125 0.33046875 0.0109375 0.0078125
16 0.75859375 0.35625 0.00703125 0.015625
16 0.7515625 0.35390625 0.00703125 0.01640625
2 0.71328125 0.34296875 0.00625 0.01484375
16 0.70234375 0.340625 0.00703125 0.01640625
2 0.66796875 0.33671875 0.009375 0.0078125
2 0.525 0.2953125 0.00625 0.0125
2 0.68125 0.34140625 0.01015625 0.0078125
2 0.4859375 0.2859375 0.0359375 0.04765625
2 0.075 0.17421875 0.02109375 0.028125
2 0.6796875 0.34765625 0.0109375 0.009375
16 0.73515625 0.36484375 0.00625 0.0125
2 0.7390625 0.36640625 0.00546875 0.015625
2 0.71484375 0.359375 0.00625 0.0140625
16 0.73046875 0.3640625 0.00625 0.01484375
16 0.75 0.36953125 0.00703125 0.01484375
16 0.7234375 0.3625 0.00625 0.01484375
16 0.75546875 0.37109375 0.0078125 0.01484375
16 0.74453125 0.36875 0.0078125 0.01640625
2 0.59921875 0.33203125 0.0359375 0.046875
2 0.521875 0.31171875 0.0046875 0.0125
4 0.5671875 0.0390625 0.20234375 0.07734375
20 0.56015625 0.33203125 0.03203125 0.0546875
2 0.74765625 0.38515625 0.00625 0.0140625
2 0.753125 0.3875 0.00625 0.01484375
2 0.73671875 0.38203125 0.00625 0.015625
16 0.52578125 0.32734375 0.0109375 0.0078125
16 0.52421875 0.334375 0.01015625 0.0078125
2 0.50625 0.3296875 0.01171875 0.02421875
2 0.72265625 0.39140625 0.00703125 0.015625
2 0.58046875 0.3546875 0.01875 0.0171875
2 0.521875 0.34921875 0.0109375 0.0078125
2 0.72109375 0.40859375 0.00625 0.0140625
16 0.75 0.4171875 0.0109375 0.00859375
16 0.76640625 0.4234375 0.0109375 0.0078125
2 0.53203125 0.36484375 0.0109375 0.0078125
9 0.55859375 0.39296875 0.03203125 0.034375
2 0.528125 0.3875 0.009375 0.0078125
2 0.52734375 0.39453125 0.01015625 0.009375
16 0.55859375 0.41875 0.00625 0.01484375
2 0.5640625 0.42109375 0.00625 0.01328125
2 0.54765625 0.41640625 0.0046875 0.01484375
16 0.55390625 0.41796875 0.00625 0.0125
9 0.08203125 0.2859375 0.04140625 0.05078125
16 0.525 0.4125 0.0109375 0.0078125
2 0.53515625 0.42265625 0.009375 0.0078125
16 0.52421875 0.41953125 0.0109375 0.00859375
2 0.52265625 0.42578125 0.0109375 0.00859375
2 0.534375 0.4296875 0.01171875 0.009375
2 0.5734375 0.44609375 0.0359375 0.0484375
2 0.9234375 0.5546875 0.0109375 0.00859375
2 0.5875 0.46328125 0.01015625 0.0078125
16 0.51953125 0.44609375 0.009375 0.00546875
16 0.92265625 0.56171875 0.0109375 0.00859375
16 0.51796875 0.45390625 0.01171875 0.01015625
2 0.5296875 0.45703125 0.0125 0.01171875
16 0.92109375 0.56875 0.0109375 0.0078125
16 0.42109375 0.00234375 0.0109375 0.0046875
2 0.4328125 0.00390625 0.0109375 0.0078125
16 0.31328125 0.41484375 0.00703125 0.0140625
16 0.30703125 0.41328125 0.0046875 0.0140625
16 0.29609375 0.4109375 0.00703125 0.0140625
16 0.3015625 0.41328125 0.00703125 0.01328125
2 0.0375 0.34296875 0.01953125 0.02578125
2 0.0609375 0.35546875 0.04453125 0.05546875
20 0.5640625 0.5 0.03515625 0.05234375
2 0.91484375 0.60625 0.0109375 0.009375
2 0.846875 0.5890625 0.0109375 0.009375
2 0.02890625 0.3640625 0.0203125 0.025