16 0.25703125 0.2765625 0.01015625 0.01796875
9 0.290625 0.2671875 0.05 0.1421875
16 0.259375 0.290625 0.0109375 0.01953125
16 0.33203125 0.24375 0.01171875 0.034375
16 0.03203125 0.459375 0.01171875 0.02734375
16 0.0453125 0.4484375 0.01171875 0.02421875
16 0.00625 0.478125 0.0125 0.02890625
16 0.01875 0.46953125 0.01171875 0.02734375
16 0.159375 0.375 0.01328125 0.02890625
16 0.1296875 0.396875 0.01328125 0.03203125
16 0.2609375 0.30703125 0.01171875 0.02109375
16 0.14453125 0.38671875 0.01171875 0.02734375
16 0.26171875 0.3234375 0.0125 0.02109375
2 0.5484375 0.134375 0.03359375 0.08125
16 0.3265625 0.296875 0.01171875 0.01953125
16 0.16171875 0.4203125 0.0125 0.02890625
16 0.134375 0.44296875 0.0125 0.02578125
16 0.1484375 0.43359375 0.01171875 0.02734375
9 0.75625 0.03359375 0.02890625 0.06640625
2 0.86015625 0.003125 0.01171875 0.00625
9 0.6625 0.1609375 0.07734375 0.15546875
2 0.290625 0.4171875 0.00625 0.02734375
2 0.2765625 0.42890625 0.0078125 0.03359375
2 0.284375 0.4234375 0.0078125 0.03203125
16 0.26796875 0.434375 0.0078125 0.03203125
16 0.7609375 0.1015625 0.01015625 0.0359375
16 0.61484375 0.20703125 0.01015625 0.01796875
9 0.8234375 0.0703125 0.053125 0.11640625
9 0.35859375 0.39609375 0.03046875 0.07265625
9 0.25546875 0.48828125 0.01953125 0.0515625
16 0.76328125 0.13828125 0.009375 0.034375
16 0.30390625 0.45546875 0.00625 0.02890625
22 0.31796875 0.44609375 0.0171875 0.046875
2 0.28515625 0.478125 0.03046875 0.034375
2 0.01953125 0.671875 0.0296875 0.07578125
16 0.85546875 0.109375 0.009375 0.034375
16 0.6203125 0.27421875 0.0109375 0.01953125
16 0.3890625 0.4359375 0.01015625 0.01953125
16 0.7671875 0.17578125 0.009375 0.034375
9 0.48984375 0.37109375 0.134375 0.3703125
16 0.390625 0.45 0.01015625 0.01796875
9 0.17421875 0.6078125 0.0515625 0.1921875
9 0.0921875 0.66484375 0.0515625 0.19296875
16 0.39140625 0.46640625 0.01171875 0.02109375
9 0.36640625 0.48984375 0.028125 0.07109375
16 0.5578125 0.3578125 0.009375 0.03359375
9 0.6234375 0.3140625 0.03046875 0.07578125
16 0.7703125 0.2140625 0.00859375 0.03203125
22 0.32890625 0.51796875 0.02734375 0.05703125
16 0.59921875 0.33359375 0.01015625 0.01796875
9 0.2765625 0.55703125 0.028125 0.05859375
16 0.39296875 0.48203125 0.01015625 0.01796875
16 0.39453125 0.4953125 0.01015625 0.01796875
2 0.02890625 0.75625 0.025 0.07109375
16 0.7734375 0.25078125 0.01015625 0.03359375
16 0.9421875 0.1375 0.01015625 0.0359375
16 0.3 0.58203125 0.00703125 0.03203125
16 0.865625 0.19296875 0.00859375 0.03359375
9 0.28125 0.62578125 0.02734375 0.05625
16 0.7765625 0.28828125 0.009375 0.03359375
16 0.396875 0.5515625 0.01015625 0.01796875
22 0.37265625 0.56875 0.0296875 0.07421875
16 0.26015625 0.64921875 0.0078125 0.03046875
16 0.31875 0.6328125 0.0078125 0.03359375
16 0.875 0.26171875 0.01015625 0.0359375
16 0.8515625 0.2765625 0.01015625 0.03359375
4 0.62265625 0.44140625 0.0703125 0.1
2 0.03671875 0.846875 0.025 0.07421875
16 0.9328125 0.22890625 0.009375 0.034375
16 0.3765625 0.61328125 0.01171875 0.02109375
2 0.21875 0.7234375 0.03359375 0.08125
2 0.18359375 0.7484375 0.02578125 0.07421875
2 0.09765625 0.80859375 0.03046875 0.0796875
2 0.41484375 0.59140625 0.02421875 0.07109375
9 0.9015625 0.265625 0.02890625 0.07265625
16 0.8546875 0.31328125 0.01015625 0.034375
16 0.878125 0.296875 0.01015625 0.03203125
16 0.93671875 0.2671875 0.01015625 0.03046875
16 0.09765625 0.87109375 0.00859375 0.03203125
16 0.0609375 0.89609375 0.009375 0.03359375
16 0.18046875 0.815625 0.00859375 0.03359375
16 0.13203125 0.84921875 0.00859375 0.03359375
16 0.85078125 0.37421875 0.00703125 0.03203125
16 0.85625 0.371875 0.0078125 0.03046875
16 0.84375 0.3796875 0.00703125 0.03203125
16 0.8625 0.3671875 0.00625 0.03046875
9 0.259375 0.79765625 0.0265625 0.084375
16 0.29765625 0.77265625 0.0078125 0.02890625
16 0.284375 0.78203125 0.0078125 0.03203125
16 0.290625 0.77890625 0.00703125 0.03203125
16 0.303125 0.7703125 0.0078125 0.03046875
9 0.82421875 0.42421875 0.03515625 0.07890625
16 0.94375 0.34921875 0.01015625 0.03359375
9 0.91171875 0.3859375 0.028125 0.07109375
9 0.3265625 0.796875 0.03359375 0.07734375
9 0.5109375 0.67734375 0.02578125 0.0828125
9 0.36640625 0.77734375 0.0265625 0.0828125
9 0.56953125 0.63828125 0.0265625 0.0796875
9 0.6265625 0.59921875 0.0265625 0.0796875
9 0.45390625 0.71796875 0.02578125 0.0828125
9 0.65625 0.5796875 0.0265625 0.08125
9 0.42421875 0.7390625 0.025 0.0796875
9 0.4828125 0.69921875 0.0265625 0.08125
9 0.39609375 0.759375 0.0265625 0.0796875
9 0.53984375 0.659375 0.0265625 0.0828125
9 0.59765625 0.6203125 0.02578125 0.0828125
16 0.86796875 0.4359375 0.0078125 0.034375
16 0.85 0.446875 0.0078125 0.03359375
16 0.8625 0.4390625 0.0078125 0.034375
16 0.85625 0.44296875 0.0078125 0.034375
16 0.77890625 0.5 0.00859375 0.03359375
16 0.71875 0.540625 0.0078125 0.03046875
16 0.946875 0.38671875 0.01015625 0.03359375
16 0.25859375 0.86796875 0.0125 0.02578125
16 0.24453125 0.87734375 0.01171875 0.02734375
16 0.271875 0.859375 0.01328125 0.02734375
16 0.30390625 0.84375 0.00703125 0.03203125
16 0.290625 0.85234375 0.00703125 0.03046875
16 0.309375 0.840625 0.00625 0.02890625
16 0.29765625 0.8484375 0.00703125 0.03203125
16 0.35390625 0.83828125 0.01328125 0.02734375
4 0.03828125 0.38984375 0.0765625 0.1359375
16 0.296875 0.9875 0.00078125 0.0015625
16 0.29609375 0.99140625 0.009375 0.01328125
16 0.30234375 0.98984375 0.0078125 0.01640625
16 0.95234375 0.553125 0.0125 0.02734375
16 0.50546875 0.8609375 0.0140625 0.03046875
16 0.53203125 0.8421875 0.01484375 0.034375
16 0.97890625 0.5359375 0.01328125 0.03046875
16 0.9265625 0.57265625 0.01328125 0.03046875
16 0.559375 0.82578125 0.0140625 0.03203125
2 0.46171875 0.89609375 0.028125 0.084375
2 0.8828125 0.60703125 0.0296875 0.090625
2 0.9 0.6 0.00625 0.03359375
16 0.365625 0.97109375 0.01171875 0.02421875
2 0.48203125 0.890625 0.009375 0.034375
16 0.81015625 0.66796875 0.0265625 0.0484375
2 0.5765625 0.83203125 0.0078125 0.03359375
2 0.99609375 0.54375 0.00625 0.03359375
16 0.42109375 0.94296875 0.0265625 0.0453125
16 0.3671875 0.98828125 0.01171875 0.02109375
16 0.36875 0.99609375 0.0125 0.0046875
2 0.66640625 0.8015625 0.0171875 0.11328125
2 0.70703125 0.77734375 0.01640625 0.11953125
2 0.746875 0.75 0.01875 0.12265625
16 0.81328125 0.7078125 0.0265625 0.046875
16 0.42421875 0.978125 0.02734375 0.040625
16 0.62421875 0.85234375 0.00859375 0.03359375
16 0.63359375 0.84765625 0.00859375 0.03359375
16 0.6421875 0.84140625 0.00859375 0.03359375
16 0.615625 0.859375 0.00859375 0.03359375
16 0.82890625 0.73671875 0.02578125 0.05
4 0.5390625 0.91953125 0.12578125 0.15859375
4 0.95 0.6484375 0.0984375 0.16796875
2 0.88984375 0.72890625 0.01328125 0.0375
16 0.8328125 0.7703125 0.02578125 0.0421875