16 0.03203125 0.15703125 0.0078125 0.01796875
2 0.4765625 0.6671875 0.01171875 0.01171875
16 0.02421875 0.16015625 0.00859375 0.02109375
2 0.40625 0.6890625 0.0125 0.01328125
2 0.215625 0.73203125 0.01171875 0.01171875
16 0.015625 0.16171875 0.0078125 0.02109375
2 0.178125 0.740625 0.0125 0.0125
2 0.85546875 0.59765625 0.01015625 0.0109375
4 0.30703125 0.74296875 0.5734375 0.16875
16 0.94609375 0.6078125 0.0140625 0.0109375
16 0.946875 0.61953125 0.01328125 0.01171875
16 0.80546875 0.0046875 0.0078125 0.009375
16 0.7828125 0.00703125 0.00859375 0.01328125
16 0.77421875 0.0078125 0.0078125 0.015625
4 0.31015625 0.79921875 0.56953125 0.1734375
2 0.80703125 0.69140625 0.0078125 0.01875
16 0.7609375 0.009375 0.00703125 0.01640625
16 0.7671875 0.00859375 0.009375 0.0171875
16 0.796875 0.00546875 0.0078125 0.0109375
2 0.73203125 0.7203125 0.01171875 0.01484375
9 0.87578125 0.715625 0.03046875 0.05546875
4 0.3125 0.84921875 0.559375 0.16953125
20 0.83203125 0.00625 0.0171875 0.01171875
16 0.48125 0.83515625 0.01328125 0.009375
2 0.4640625 0.83984375 0.01328125 0.0125
2 0.30546875 0.87421875 0.01328125 0.01171875
16 0.8703125 0.75390625 0.01328125 0.01640625
16 0.8859375 0.7515625 0.01328125 0.01640625
9 0.90546875 0.01328125 0.04765625 0.02578125
16 0.465625 0.85390625 0.01171875 0.0125
16 0.4828125 0.85 0.01171875 0.01484375
2 0.153125 0.92734375 0.0078125 0.0203125
16 0.48359375 0.8640625 0.0125 0.01484375
16 0.465625 0.86796875 0.01328125 0.0140625
16 0.48515625 0.87890625 0.01171875 0.01171875
2 0.09375 0.98359375 0.00859375 0.02109375
20 0.37109375 0.92890625 0.01484375 0.028125
16 0.38828125 0.92734375 0.0125 0.01328125
16 0.66171875 0.87421875 0.01328125 0.0125
9 0.87578125 0.83125 0.1609375 0.12578125
4 0.21640625 0.96640625 0.1671875 0.065625
2 0.38046875 0.953125 0.00625 0.01796875
16 0.7671875 0.86953125 0.0125 0.0109375
16 0.95859375 0.8359375 0.01171875 0.0109375
16 0.76796875 0.88125 0.01171875 0.01171875
16 0.559375 0.92734375 0.01171875 0.01171875
16 0.5734375 0.925 0.01171875 0.0125
16 0.484375 0.9453125 0.01015625 0.01171875
16 0.496875 0.94296875 0.01328125 0.01171875
16 0.96015625 0.846875 0.0125 0.0109375
9 0.71640625 0.8921875 0.08359375 0.14296875
16 0.38125 0.97421875 0.0078125 0.01953125
2 0.76875 0.8921875 0.0125 0.01171875
16 0.575 0.93671875 0.01015625 0.009375
16 0.49921875 0.95390625 0.01171875 0.01015625
20 0.4640625 0.96328125 0.01484375 0.028125
20 0.559375 0.9453125 0.015625 0.02421875
20 0.48359375 0.9640625 0.01640625 0.02734375
16 0.5 0.96484375 0.01171875 0.01015625
16 0.57578125 0.94921875 0.0125 0.0125
2 0.93515625 0.8859375 0.0125 0.0125
16 0.77734375 0.028125 0.0078125 0.01796875
16 0.80703125 0.021875 0.0078125 0.01796875
16 0.8140625 0.01953125 0.0078125 0.01953125
16 0.7703125 0.0296875 0.0078125 0.01796875
16 0.78515625 0.02734375 0.0078125 0.01875
16 0.79921875 0.02421875 0.0078125 0.01875
16 0.76328125 0.03203125 0.0078125 0.01875
9 0.85 0.9140625 0.0515625 0.03828125
9 0.5625 0.9765625 0.0515625 0.0390625
9 0.4875 0.98671875 0.05234375 0.025
4 0.3328125 0.9890625 0.24453125 0.0203125
16 0.9421875 0.00859375 0.0125 0.01015625
4 0.43515625 0.1203125 0.21875 0.1015625
16 0.82265625 0.0375 0.00859375 0.01953125
2 0.76484375 0.05078125 0.00859375 0.021875
2 0.87890625 0.025 0.01171875 0.01171875
16 0.79375 0.0453125 0.0078125 0.01953125
16 0.8078125 0.04140625 0.00625 0.01484375
16 0.80078125 0.04375 0.0078125 0.01796875
16 0.81640625 0.03984375 0.0078125 0.0203125
2 0.771875 0.04921875 0.009375 0.02109375
2 0.7796875 0.04921875 0.0078125 0.01875
2 0.78671875 0.04765625 0.0078125 0.02109375
16 0.94296875 0.01875 0.0109375 0.0109375
2 0.75078125 0.06640625 0.0125 0.0125
2 0.721875 0.096875 0.0125 0.01328125
16 0.659375 0.1203125 0.01171875 0.01171875
16 0.72265625 0.109375 0.01328125 0.01328125
4 0.45234375 0.1734375 0.18671875 0.09375
2 0.7234375 0.12109375 0.01171875 0.0109375
16 0.659375 0.13515625 0.0109375 0.0109375
16 0.6453125 0.13828125 0.01328125 0.01484375
9 0.30078125 0.21640625 0.04765625 0.11484375
16 0.340625 0.21328125 0.01171875 0.0109375
16 0.66171875 0.15 0.0125 0.0125
16 0.63046875 0.15625 0.01171875 0.0125
16 0.646875 0.15234375 0.01171875 0.0109375
16 0.725 0.1390625 0.01171875 0.0125
2 0.70703125 0.1421875 0.01328125 0.01171875
16 0.34140625 0.22421875 0.0125 0.01171875
16 0.66328125 0.16328125 0.01171875 0.01171875
16 0.64765625 0.1671875 0.01328125 0.01328125
16 0.34296875 0.234375 0.01328125 0.01171875
2 0.2828125 0.259375 0.01015625 0.02265625
9 0.9203125 0.13125 0.04765625 0.08046875
16 0.4203125 0.24375 0.0125 0.01171875
2 0.72890625 0.17734375 0.01171875 0.01171875
2 0.88984375 0.1546875 0.0078125 0.01953125
16 0.42109375 0.25859375 0.01171875 0.0109375
9 0.815625 0.1875 0.1328125 0.2046875
16 0.42265625 0.27265625 0.01328125 0.0109375
2 0.9171875 0.17734375 0.01015625 0.01171875
2 0.73359375 0.21875 0.01171875 0.0125
16 0.70546875 0.22578125 0.0125 0.01171875
2 0.71796875 0.2234375 0.01328125 0.01328125
2 0.44140625 0.2953125 0.0125 0.01328125
16 0.71875 0.2359375 0.01171875 0.0125
2 0.31015625 0.325 0.01328125 0.01328125
16 0.734375 0.2328125 0.01171875 0.01171875
16 0.31171875 0.059375 0.0125 0.01171875
16 0.73515625 0.25 0.01171875 0.0125
2 0.9 0.21875 0.009375 0.021875
20 0.03359375 0.40703125 0.06640625 0.07890625
9 0.9296875 0.2328125 0.0484375 0.08671875
2 0.54765625 0.325 0.015625 0.01640625
16 0.0359375 0.12421875 0.00703125 0.01875
16 0.02890625 0.12578125 0.0078125 0.01953125
2 0.75625 0.28671875 0.01328125 0.0140625
20 0.01640625 0.1296875 0.01796875 0.028125
16 0.55625 0.01171875 0.01171875 0.01171875
2 0.55234375 0.3578125 0.0125 0.01328125
20 0.0390625 0.47421875 0.0703125 0.075
2 0.9171875 0.284375 0.00859375 0.0203125
16 0.60703125 0.36171875 0.01171875 0.01171875
9 0.396875 0.415625 0.14765625 0.225
16 0.609375 0.3734375 0.0125 0.01015625
2 0.55625 0.390625 0.0125 0.01328125
16 0.609375 0.38515625 0.01171875 0.0109375
16 0.61015625 0.3953125 0.0125 0.0125
16 0.5578125 0.40625 0.01171875 0.01171875
4 0.42734375 0.0484375 0.22421875 0.09609375
16 0.03359375 0.53046875 0.0125 0.01171875
16 0.05 0.52734375 0.01328125 0.01171875
16 0.61171875 0.40703125 0.01328125 0.0109375
16 0.0640625 0.53828125 0.01328125 0.01328125
16 0.02109375 0.546875 0.01484375 0.01328125
2 0.05078125 0.54140625 0.01171875 0.01171875
16 0.0359375 0.5453125 0.0125 0.0109375
16 0.08828125 0.534375 0.00859375 0.0203125
2 0.5609375 0.43359375 0.0125 0.01171875
2 0.91640625 0.36171875 0.01484375 0.01171875
16 0.6140625 0.42890625 0.01015625 0.0109375
2 0.0515625 0.5546875 0.01171875 0.0125
2 0.065625 0.5515625 0.01484375 0.0140625
2 0.03671875 0.559375 0.0125 0.01171875
16 0.02265625 0.56171875 0.01328125 0.0109375
16 0.61484375 0.44140625 0.01171875 0.0125
16 0.31328125 0.0765625 0.0125 0.0125
16 0.615625 0.45234375 0.01171875 0.0125
16 0.55703125 0.0265625 0.0125 0.0109375
16 0.50859375 0.5015625 0.00859375 0.01796875
2 0.5375 0.49453125 0.00625 0.01796875
16 0.53046875 0.49765625 0.00703125 0.0171875
16 0.51484375 0.5 0.0078125 0.01875
16 0.47890625 0.5078125 0.00859375 0.01953125
16 0.49375 0.5046875 0.0078125 0.0203125
16 0.4875 0.50703125 0.0078125 0.02109375
16 0.50078125 0.50390625 0.00859375 0.0203125
4 0.59609375 0.48515625 0.07890625 0.428125
9 0.04296875 0.60546875 0.0515625 0.08515625
2 0.32109375 0.5484375 0.0125 0.01171875
16 0.61875 0.4859375 0.0109375 0.01171875
16 0.4625 0.52265625 0.01171875 0.0140625
2 0.07109375 0.60703125 0.0078125 0.01953125
2 0.3375 0.5515625 0.01171875 0.01171875
2 0.16484375 0.590625 0.01171875 0.0109375
16 0.44375 0.53125 0.01171875 0.01171875
2 0.32109375 0.559375 0.0125 0.01171875
16 0.5390625 0.5171875 0.0078125 0.01796875
16 0.5109375 0.5234375 0.00625 0.01484375
2 0.546875 0.51640625 0.00625 0.01796875
16 0.525 0.52109375 0.00625 0.01875
16 0.5328125 0.51953125 0.0078125 0.01953125
16 0.50234375 0.52578125 0.00625 0.01875
16 0.4953125 0.52734375 0.00625 0.01796875
16 0.48828125 0.53046875 0.00625 0.01875
16 0.5171875 0.5234375 0.0078125 0.0203125
16 0.471875 0.5359375 0.01328125 0.0109375
16 0.44453125 0.5421875 0.01171875 0.01171875
16 0.32265625 0.56875 0.01171875 0.01015625
9 0.1171875 0.61953125 0.0828125 0.15625
9 0.21953125 0.596875 0.08203125 0.1546875
2 0.459375 0.54921875 0.01015625 0.01015625
16 0.4453125 0.55390625 0.0125 0.01171875
16 0.47265625 0.5484375 0.0125 0.01171875
2 0.3234375 0.58125 0.01328125 0.01171875
16 0.3109375 0.58359375 0.01171875 0.0109375
2 0.0296875 0.6546875 0.0078125 0.021875
2 0.46171875 0.56171875 0.01328125 0.01171875
2 0.47265625 0.559375 0.01328125 0.01171875
2 0.16875 0.62578125 0.0125 0.01171875
2 0.44765625 0.56484375 0.015625 0.01171875
2 0.0421875 0.65546875 0.01171875 0.01328125
2 0.54921875 0.54453125 0.0078125 0.01875
16 0.05625 0.65234375 0.01171875 0.0125
2 0.071875 0.65 0.01171875 0.0125
2 0.44765625 0.5765625 0.01015625 0.01171875
2 0.79140625 0.50625 0.009375 0.02109375
16 0.44765625 0.5875 0.01171875 0.0109375
2 0.3234375 0.6140625 0.00859375 0.02265625
2 0.55078125 0.565625 0.0078125 0.01875
9 0.51640625 0.5765625 0.0671875 0.08125
2 0.45 0.59765625 0.01328125 0.01015625
2 0.4484375 0.61015625 0.0109375 0.01171875
2 0.553125 0.58828125 0.0078125 0.0171875
4 0.9625 0.50703125 0.0734375 0.49296875
4 0.9 0.528125 0.0859375 0.48046875
4 0.75390625 0.565625 0.08828125 0.4890625
4 0.68046875 0.58125 0.084375 0.48515625
4 0.8234375 0.55 0.08984375 0.4859375
16 0.93125 0.5328125 0.01328125 0.0125