16 0.08984375 0.79765625 0.00859375 0.0296875
2 0.084375 0.80078125 0.0109375 0.028125
2 0.13125 0.79296875 0.02265625 0.02578125
2 0.69765625 0.63515625 0.04609375 0.0640625
16 0.34765625 0.73828125 0.01484375 0.02109375
16 0.4671875 0.02265625 0.03203125 0.0375
16 0.60234375 0.66796875 0.009375 0.01953125
20 0.5609375 0.0046875 0.01484375 0.009375
2 0.45390625 0.71875 0.0140625 0.02421875
2 0.1328125 0.809375 0.02421875 0.01796875
9 0.3890625 0.7390625 0.03515625 0.0734375
16 0.1078125 0.825 0.0359375 0.0515625
2 0.409375 0.73984375 0.01328125 0.0140625
20 0.34140625 0.7609375 0.01328125 0.0171875
2 0.8953125 0.60546875 0.0234375 0.03671875
20 0.35546875 0.7609375 0.009375 0.0234375
20 0.671875 0.6703125 0.01328125 0.02578125
2 0.51796875 0.71484375 0.01328125 0.028125
16 0.4203125 0.7421875 0.009375 0.01953125
20 0.60703125 0.690625 0.0109375 0.02421875
16 0.4546875 0.73671875 0.01171875 0.0109375
9 0.48515625 0.72890625 0.05078125 0.1328125
2 0.36484375 0.76640625 0.00625 0.01953125
2 0.5546875 0.7171875 0.028125 0.0765625
2 0.45625 0.746875 0.01328125 0.01328125
16 0.6078125 0.7078125 0.01484375 0.0125
9 0.0421875 0.86953125 0.03515625 0.08046875
2 0.40390625 0.0453125 0.03046875 0.05078125
2 0.590625 0.7171875 0.02734375 0.05
20 0.67421875 0.69453125 0.01484375 0.021875
2 0.89921875 0.6359375 0.0234375 0.0375
2 0.5890625 0.0078125 0.0203125 0.015625
20 0.4421875 0.78515625 0.01015625 0.03203125
2 0.590625 0.7453125 0.0078125 0.021875
16 0.5765625 0.74921875 0.0078125 0.02421875
16 0.88515625 0.6625 0.0140625 0.0171875
16 0.56875 0.75234375 0.0078125 0.021875
2 0.5625 0.75390625 0.00703125 0.02109375
2 0.58359375 0.74921875 0.0078125 0.025
2 0.365625 0.8109375 0.015625 0.0265625
2 0.5328125 0.76328125 0.028125 0.090625
2 0.54765625 0.759375 0.0078125 0.02109375
2 0.5984375 0.7453125 0.0078125 0.0203125
2 0.55625 0.75859375 0.0078125 0.01953125
20 0.6765625 0.72578125 0.01484375 0.02578125
2 0.765625 0.7046875 0.10546875 0.09296875
16 0.65625 0.7390625 0.00625 0.0171875
16 0.459375 0.79453125 0.01328125 0.02578125
2 0.34375 0.828125 0.0140625 0.015625
16 0.66640625 0.73671875 0.0109375 0.01953125
16 0.6359375 0.7546875 0.009375 0.03671875
16 0.615625 0.7609375 0.021875 0.0421875
20 0.85 0.6953125 0.01015625 0.0125
2 0.603125 0.76953125 0.00625 0.021875
2 0.553125 0.784375 0.00625 0.021875
16 0.56015625 0.7828125 0.009375 0.025
16 0.57421875 0.7796875 0.00703125 0.02421875
16 0.59609375 0.77421875 0.009375 0.0234375
2 0.58203125 0.778125 0.00625 0.021875
16 0.5890625 0.77578125 0.00625 0.0203125
16 0.65859375 0.75546875 0.00625 0.0171875
16 0.5671875 0.7828125 0.00859375 0.0265625
2 0.4359375 0.82421875 0.01484375 0.015625
16 0.90703125 0.69296875 0.0203125 0.05078125
9 0.8875 0.70078125 0.021875 0.04453125
2 0.44921875 0.828125 0.01015625 0.01328125
20 0.53359375 0.015625 0.01640625 0.0265625
2 0.8484375 0.7203125 0.00703125 0.0171875
2 0.725 0.76328125 0.0078125 0.02109375
20 0.3140625 0.0796875 0.01875 0.034375
2 0.76953125 0.75546875 0.02421875 0.021875
16 0.4484375 0.84609375 0.01015625 0.0234375
16 0.1046875 0.94453125 0.009375 0.02421875
16 0.09296875 0.94921875 0.00625 0.0234375
2 0.35 0.8796875 0.01484375 0.01796875
20 0.3 0.0828125 0.01796875 0.03359375
20 0.8609375 0.7359375 0.02421875 0.02421875
16 0.27265625 0.0921875 0.02109375 0.0296875
16 0.534375 0.83671875 0.01171875 0.0140625
2 0.71953125 0.7859375 0.0078125 0.02421875
2 0.54765625 0.834375 0.01328125 0.0140625
16 0.89140625 0.740625 0.01953125 0.04296875
2 0.44921875 0.8671875 0.01171875 0.0203125
16 0.77109375 0.77578125 0.02578125 0.0328125
16 0.81171875 0.7671875 0.01484375 0.0234375
9 0.5140625 0.8515625 0.034375 0.08046875
16 0.834375 0.76484375 0.00703125 0.021875
16 0.82734375 0.76796875 0.00625 0.01796875
2 0.353125 0.90234375 0.01640625 0.01796875
16 0.49140625 0.8640625 0.0109375 0.0109375
2 0.5625 0.84609375 0.0125 0.02109375
16 0.94375 0.740625 0.0296875 0.02890625
16 0.8546875 0.76953125 0.01484375 0.0390625
2 0.54921875 0.85703125 0.01015625 0.01171875
16 0.87421875 0.7640625 0.01484375 0.040625
16 0.4515625 0.88515625 0.0125 0.0125
2 0.4921875 0.87421875 0.01171875 0.01171875
16 0.5375 0.86484375 0.01484375 0.028125
16 0.81328125 0.78828125 0.0140625 0.025
16 0.8296875 0.78828125 0.0078125 0.0203125
16 0.83671875 0.78671875 0.00625 0.01640625
2 0.45234375 0.89609375 0.0078125 0.009375
2 0.48046875 0.88984375 0.0125 0.0125
16 0.9421875 0.76640625 0.01484375 0.0328125
2 0.50390625 0.89765625 0.01171875 0.01640625
16 0.54921875 0.02109375 0.0109375 0.0265625
16 0.565625 0.0203125 0.0109375 0.025
16 0.3125 0.09921875 0.01171875 0.0125
2 0.425 0.06875 0.01484375 0.02578125
20 0.5375 0.04453125 0.01796875 0.0234375
16 0.2921875 0.11328125 0.01484375 0.02578125
16 0.55859375 0.04296875 0.00703125 0.0171875
16 0.353125 0.103125 0.01015625 0.03828125
2 0.6578125 0.0203125 0.028125 0.040625
16 0.125 0.171875 0.0171875 0.021875
16 0.2875 0.140625 0.0203125 0.02578125
16 0.4546875 0.1015625 0.02421875 0.040625
16 0.28359375 0.1578125 0.01328125 0.01328125
9 0.60390625 0.0671875 0.025 0.05078125
9 0.67265625 0.0546875 0.02890625 0.04921875
2 0.35859375 0.14296875 0.0078125 0.02109375
2 0.65234375 0.06171875 0.0109375 0.02109375
2 0.69140625 0.0515625 0.01015625 0.0375
16 0.7625 0.0328125 0.01484375 0.0140625
4 0.8296875 0.01796875 0.028125 0.0359375
4 0.7828125 0.03046875 0.03125 0.04296875
9 0.41796875 0.140625 0.05859375 0.11328125
16 0.45859375 0.13046875 0.02734375 0.03671875
2 0.76484375 0.04609375 0.01328125 0.015625
16 0.653125 0.078125 0.0140625 0.0140625
2 0.86640625 0.02734375 0.0375 0.05078125
20 0.77265625 0.05546875 0.01640625 0.021875
2 0.90546875 0.021875 0.00859375 0.025
2 0.19765625 0.22265625 0.01328125 0.02578125
16 0.1890625 0.22578125 0.00625 0.0234375
2 0.22734375 0.215625 0.0359375 0.0375
4 0.8078125 0.05703125 0.028125 0.03671875
16 0.9578125 0.0171875 0.01171875 0.028125
2 0.36640625 0.18359375 0.01328125 0.025
16 0.9484375 0.0203125 0.0125 0.03203125
16 0.9265625 0.02734375 0.0109375 0.028125
16 0.915625 0.0328125 0.009375 0.02421875
16 0.38125 0.18828125 0.02109375 0.034375
2 0.39921875 0.1921875 0.01796875 0.0296875
4 0.8984375 0.05078125 0.01796875 0.02890625
4 0.95703125 0.03828125 0.01640625 0.01953125
16 0.13515625 0.271875 0.01484375 0.02109375
9 0.671875 0.12109375 0.025 0.03046875
4 0.9171875 0.05390625 0.01640625 0.015625
2 0.9078125 0.06875 0.02890625 0.021875
16 0.6765625 0.1375 0.01640625 0.0171875
2 0.7484375 0.121875 0.03671875 0.071875
4 0.9640625 0.06328125 0.00703125 0.01796875
2 0.95 0.0671875 0.009375 0.02421875
2 0.92578125 0.07421875 0.0109375 0.028125
16 0.13828125 0.29921875 0.01328125 0.01640625
16 0.66640625 0.153125 0.01640625 0.0171875
2 0.89921875 0.08984375 0.0515625 0.05859375
16 0.60625 0.1734375 0.01328125 0.03203125
2 0.7859375 0.1234375 0.03984375 0.10546875
16 0.61875 0.17421875 0.0109375 0.01328125
16 0.6875 0.15546875 0.009375 0.02421875
16 0.57890625 0.1875 0.0203125 0.02109375
2 0.6953125 0.15625 0.00703125 0.021875
2 0.71484375 0.159375 0.02734375 0.046875
16 0.6171875 0.1890625 0.00859375 0.01953125
16 0.628125 0.18671875 0.00703125 0.0234375
16 0.59453125 0.203125 0.04140625 0.03046875
16 0.96328125 0.10390625 0.00703125 0.01953125
9 0.93984375 0.115625 0.03359375 0.0609375
2 0.8953125 0.128125 0.01796875 0.021875
2 0.50234375 0.2453125 0.01484375 0.040625
16 0.5234375 0.2421875 0.01015625 0.0328125
16 0.9703125 0.12109375 0.00625 0.0234375
16 0.9140625 0.1390625 0.01484375 0.02109375
16 0.65703125 0.23046875 0.0125 0.0140625
2 0.8140625 0.1859375 0.009375 0.0265625
20 0.4703125 0.28359375 0.021875 0.03046875
2 0.940625 0.15703125 0.04375 0.0328125
2 0.903125 0.16953125 0.03671875 0.046875
16 0.62734375 0.2484375 0.0203125 0.028125
16 0.659375 0.25 0.0109375 0.01328125
2 0.959375 0.17421875 0.009375 0.0203125
16 0.9640625 0.171875 0.0078125 0.02109375
2 0.46640625 0.3140625 0.03125 0.046875
16 0.946875 0.178125 0.01640625 0.0203125
2 0.821875 0.21875 0.00625 0.021875
16 0.83203125 0.2171875 0.015625 0.028125
2 0.8453125 0.2140625 0.009375 0.02578125
16 0.72734375 0.25078125 0.009375 0.0125
16 0.63828125 0.2765625 0.02734375 0.03828125
16 0.45390625 0.33828125 0.0125 0.01328125
2 0.92109375 0.209375 0.04765625 0.05
2 0.725 0.26796875 0.00625 0.01640625
2 0.965625 0.19921875 0.0140625 0.01796875
16 0.746875 0.26171875 0.00625 0.0234375
16 0.73515625 0.2765625 0.015625 0.0390625
16 0.6609375 0.3015625 0.025 0.02578125
2 0.48203125 0.35234375 0.04453125 0.05078125
20 0.96640625 0.21953125 0.0171875 0.0296875
16 0.775 0.2765625 0.01640625 0.0359375
2 0.92421875 0.2375 0.00625 0.01953125
16 0.91875 0.2390625 0.0078125 0.0203125
16 0.93125 0.2359375 0.00859375 0.021875
20 0.953125 0.2296875 0.01328125 0.0234375
16 0.49375 0.37421875 0.01796875 0.0234375
2 0.4796875 0.38359375 0.01328125 0.0171875
2 0.4953125 0.38984375 0.01953125 0.0203125
2 0.46328125 0.4046875 0.03125 0.0703125
16 0.35234375 0.43671875 0.01484375 0.03046875
16 0.65234375 0.3765625 0.01171875 0.0234375
16 0.3546875 0.4703125 0.0078125 0.021875
16 0.66484375 0.38671875 0.01171875 0.02421875
16 0.65390625 0.3984375 0.0125 0.021875
9 0.32109375 0.50234375 0.065625 0.11796875
16 0.66875 0.41015625 0.01328125 0.02578125
16 0.03359375 0.58984375 0.0171875 0.021875
16 0.37109375 0.496875 0.01328125 0.0171875
16 0.6390625 0.42421875 0.01484375 0.0234375
16 0.65703125 0.4203125 0.0109375 0.021875
16 0.028125 0.60546875 0.01640625 0.0203125
16 0.359375 0.51328125 0.0140625 0.0171875
2 0.37265625 0.5203125 0.0109375 0.01328125
16 0.6296875 0.44765625 0.009375 0.021875
16 0.61796875 0.45234375 0.0109375 0.0140625
16 0.36171875 0.53203125 0.01171875 0.015625
2 0.9765625 0.3578125 0.03671875 0.04921875
2 0.29765625 0.55546875 0.0140625 0.028125
16 0.628125 0.46640625 0.01875 0.0234375
2 0.61171875 0.471875 0.015625 0.02890625
16 0.51796875 0.50078125 0.0453125 0.034375
9 0.1609375 0.603125 0.03515625 0.07890625
9 0.40859375 0.5359375 0.05859375 0.1125
2 0.37578125 0.546875 0.009375 0.0125
2 0.559375 0.496875 0.0375 0.0515625
16 0.59375 0.49296875 0.01328125 0.0375
16 0.27734375 0.58671875 0.04453125 0.05859375
9 0.96875 0.3953125 0.03828125 0.059375
2 0.990625 0.390625 0.00859375 0.01796875
2 0.60546875 0.50078125 0.01328125 0.040625
16 0.13828125 0.634375 0.01484375 0.02421875
2 0.7453125 0.46875 0.01328125 0.01796875
20 0.5046875 0.53671875 0.0109375 0.03203125
9 0.703125 0.49296875 0.07734375 0.09609375
2 0.21328125 0.08828125 0.0359375 0.03671875
16 0.746875 0.4859375 0.01328125 0.0203125
2 0.9890625 0.4328125 0.021875 0.0546875
2 0.74921875 0.5015625 0.0125 0.0140625
9 0.5359375 0.56328125 0.01796875 0.03359375
20 0.521875 0.56953125 0.01328125 0.025
20 0.5015625 0.5765625 0.01484375 0.0265625
9 0.04140625 0.7078125 0.0359375 0.0765625
2 0.59765625 0.553125 0.07890625 0.0796875
16 0.18671875 0.09453125 0.01875 0.028125
16 0.51875 0.5921875 0.01484375 0.0234375
16 0.5078125 0.60078125 0.0171875 0.02890625
2 0.36171875 0.6484375 0.04296875 0.0609375
16 0.08359375 0.728125 0.00390625 0.0109375
2 0.41875 0.6359375 0.03984375 0.04921875
2 0.125 0.72734375 0.01015625 0.0140625
16 0.0453125 0.75078125 0.03125 0.02578125
2 0.1125 0.73203125 0.01328125 0.01640625
16 0.06015625 0.753125 0.00078125 0.003125
2 0.73515625 0.56328125 0.04375 0.06171875
9 0.69140625 0.57734375 0.04453125 0.0546875
16 0.0453125 0.7640625 0.0328125 0.0234375
16 0.0453125 0.7734375 0.0375 0.02421875
16 0.021875 0.78203125 0.0078125 0.02578125
16 0.92421875 0.53671875 0.01640625 0.0265625
16 0.9625 0.5265625 0.05703125 0.04140625
15 0.9015625 0.5453125 0.034375 0.03046875
2 0.41015625 0.690625 0.0734375 0.08828125
20 0.365625 0.70703125 0.0125 0.01171875
9 0.0515625 0.8046875 0.0375 0.0515625
2 0.621875 0.64453125 0.03359375 0.0890625
20 0.36484375 0.71796875 0.01328125 0.01328125