4 0.23671875 0.61328125 0.26875 0.09296875
2 0.496875 0.5796875 0.0078125 0.01953125
16 0.7171875 0.55078125 0.00703125 0.01796875
16 0.70703125 0.553125 0.00703125 0.02109375
16 0.72578125 0.55 0.00625 0.01796875
16 0.734375 0.5484375 0.00859375 0.01796875
16 0.7421875 0.54765625 0.01015625 0.01875
2 0.55 0.58359375 0.0140625 0.0125
16 0.01875 0.678125 0.00703125 0.01953125
16 0.01171875 0.68125 0.00625 0.021875
16 0.15546875 0.6609375 0.01640625 0.0140625
16 0.171875 0.659375 0.0140625 0.01484375
2 0.646875 0.58203125 0.01328125 0.009375
16 0.95 0.53515625 0.00703125 0.01875
2 0.9578125 0.53515625 0.00703125 0.0203125
16 0.6109375 0.59453125 0.01328125 0.01015625
16 0.6265625 0.5921875 0.01171875 0.01015625
2 0.03515625 0.13671875 0.01484375 0.0125
2 0.0484375 0.13515625 0.0140625 0.01328125
2 0.74609375 0.58828125 0.00703125 0.01953125
2 0.790625 0.58671875 0.00703125 0.01953125
4 0.271875 0.68203125 0.43671875 0.12265625
16 0.9515625 0.56796875 0.0078125 0.01875
2 0.69765625 0.61171875 0.00703125 0.01953125
2 0.9609375 0.5671875 0.00703125 0.0203125
2 0.68046875 0.6203125 0.01328125 0.01171875
16 0.546875 0.65703125 0.0078125 0.0140625
16 0.7 0.6359375 0.00546875 0.02109375
16 0.71640625 0.6359375 0.01171875 0.01171875
16 0.96015625 0.5984375 0.0125 0.01171875
2 0.00234375 0.1484375 0.00390625 0.0203125
2 0.5109375 0.68359375 0.01328125 0.01015625
2 0.9609375 0.6109375 0.01171875 0.0109375
16 0.13515625 0.753125 0.015625 0.0109375
16 0.23125 0.11171875 0.00625 0.01875
16 0.709375 0.65859375 0.0078125 0.01953125
16 0.54609375 0.68671875 0.00703125 0.01640625
16 0.71640625 0.65859375 0.0078125 0.01875
16 0.86796875 0.6328125 0.01328125 0.0109375
16 0.5609375 0.68515625 0.0078125 0.015625
2 0.73203125 0.65625 0.00703125 0.01953125
16 0.72421875 0.6578125 0.00546875 0.01796875
16 0.55390625 0.6875 0.00546875 0.01328125
2 0.0078125 0.14921875 0.00546875 0.0203125
2 0.96171875 0.6234375 0.01171875 0.01171875
2 0.10234375 0.77109375 0.00703125 0.01953125
16 0.36015625 0.72890625 0.01171875 0.00859375
16 0.3390625 0.734375 0.0140625 0.01171875
2 0.22265625 0.1140625 0.0078125 0.021875
2 0.86953125 0.64921875 0.0125 0.0125
2 0.21796875 0.76015625 0.0125 0.01015625
16 0.23359375 0.75859375 0.01484375 0.0125
16 0.9625 0.63515625 0.0109375 0.01015625
2 0.31640625 0.0984375 0.00703125 0.01953125
16 0.71015625 0.68359375 0.00703125 0.02109375
16 0.72578125 0.68125 0.00703125 0.02109375
16 0.71796875 0.68359375 0.00703125 0.01875
16 0.73359375 0.68125 0.009375 0.01875
2 0.24375 0.11171875 0.00703125 0.01953125
9 0.62421875 0.70234375 0.109375 0.17578125
16 0.9640625 0.6484375 0.01328125 0.01328125
2 0.175 0.12265625 0.00546875 0.01796875
2 0.68359375 0.7015625 0.0078125 0.0203125
2 0.2890625 0.1046875 0.0078125 0.0203125
2 0.14765625 0.12890625 0.00703125 0.02265625
16 0.69140625 0.7015625 0.00859375 0.01796875
2 0.8703125 0.675 0.015625 0.0140625
16 0.9640625 0.659375 0.01171875 0.01015625
2 0.0484375 0.14609375 0.01328125 0.0109375
2 0.0359375 0.1484375 0.0140625 0.01640625
16 0.54609375 0.734375 0.00703125 0.01640625
16 0.53828125 0.73671875 0.00703125 0.01796875
2 0.71015625 0.7078125 0.0109375 0.01015625
16 0.53046875 0.73828125 0.00625 0.01796875
16 0.55625 0.73515625 0.00625 0.01640625
9 0.03828125 0.8234375 0.05546875 0.25390625
4 0.27890625 0.784375 0.434375 0.12734375
9 0.90234375 0.68125 0.03046875 0.0296875
4 0.5046875 0.07109375 0.3640625 0.1078125
9 0.82265625 0.696875 0.03515625 0.0359375
2 0.965625 0.6734375 0.01328125 0.0109375
2 0.71015625 0.03671875 0.0125 0.01171875
2 0.79140625 0.71640625 0.01015625 0.0109375
16 0.96640625 0.68671875 0.0125 0.01171875
16 0.5421875 0.7609375 0.00546875 0.0203125
16 0.56640625 0.7578125 0.00546875 0.01640625
16 0.54921875 0.7625 0.00625 0.0140625
16 0.55703125 0.7609375 0.009375 0.01875
16 0.0703125 0.85 0.0140625 0.0140625
16 0.75390625 0.734375 0.00859375 0.01796875
16 0.76484375 0.73203125 0.00546875 0.01953125
2 0.959375 0.70546875 0.00703125 0.01875
16 0.99140625 0.70390625 0.01171875 0.0140625
2 0.1796875 0.8421875 0.01328125 0.009375
2 0.4703125 0.79453125 0.01171875 0.0125
16 0.071875 0.86328125 0.0109375 0.0125
16 0.56015625 0.78359375 0.00625 0.01640625
16 0.5671875 0.784375 0.00703125 0.01640625
2 0.809375 0.7453125 0.01328125 0.0109375
2 0.18046875 0.85625 0.01015625 0.0125
16 0.76640625 0.7625 0.00859375 0.0203125
16 0.75625 0.76484375 0.0078125 0.01875
16 0.62109375 0.79921875 0.00625 0.02109375
2 0.5328125 0.815625 0.01171875 0.0125
2 0.9734375 0.74921875 0.01171875 0.009375
9 0.12890625 0.1421875 0.0171875 0.0390625
9 0.09296875 0.1484375 0.01875 0.0421875
4 0.28828125 0.87890625 0.43359375 0.11796875
2 0.76171875 0.8046875 0.015625 0.0109375
2 0.7359375 0.81015625 0.01484375 0.01328125
2 0.978125 0.76953125 0.01484375 0.0109375
16 0.67265625 0.82734375 0.01015625 0.01875
16 0.69296875 0.82421875 0.009375 0.01484375
16 0.6828125 0.82734375 0.00859375 0.01796875
2 0.05078125 0.1578125 0.0125 0.01484375
2 0.0375 0.1609375 0.01171875 0.01171875
16 0.52421875 0.8703125 0.0125 0.01484375
2 0.9796875 0.7953125 0.0140625 0.00859375
16 0.7640625 0.8359375 0.01171875 0.01171875
16 0.05 0.965625 0.00703125 0.01953125
2 0.73515625 0.8515625 0.01015625 0.0125
16 0.7484375 0.85 0.0125 0.01171875
16 0.76484375 0.8484375 0.0125 0.0125
2 0.51015625 0.89453125 0.01171875 0.01171875
2 0.1546875 0.95625 0.01328125 0.01328125
16 0.215625 0.94609375 0.00859375 0.0203125
2 0.121875 0.9625 0.0125 0.0125
16 0.1671875 0.95625 0.00703125 0.01953125
2 0.98203125 0.821875 0.01171875 0.01015625
16 0.240625 0.9515625 0.00859375 0.01875
2 0.23203125 0.95390625 0.009375 0.021875
2 0.64296875 0.88828125 0.0109375 0.01015625
16 0.0515625 0.98984375 0.00703125 0.01953125
2 0.69765625 0.88125 0.00859375 0.01953125
2 0.9828125 0.84765625 0.01328125 0.0109375
9 0.728125 0.89453125 0.04375 0.0578125
9 0.77421875 0.88828125 0.04609375 0.065625
9 0.6734375 0.9078125 0.0453125 0.0625
2 0.909375 0.8703125 0.00859375 0.02109375
16 0.9171875 0.86953125 0.00703125 0.01875
2 0.93828125 0.865625 0.00703125 0.01640625
4 0.29453125 0.95625 0.43359375 0.0859375
2 0.984375 0.8734375 0.01171875 0.01015625
2 0.8078125 0.9046875 0.01328125 0.01171875
2 0.98671875 0.8875 0.01484375 0.01171875
16 0.784375 0.93828125 0.00703125 0.01875
2 0.79296875 0.93828125 0.00859375 0.021875
2 0.0375 0.1734375 0.0109375 0.01328125
16 0.45625 0.9953125 0.00859375 0.0078125
2 0.50078125 0.99296875 0.01328125 0.0125
16 0.440625 0.996875 0.00703125 0.00390625
16 0.43203125 0.99765625 0.00859375 0.003125
16 0.47265625 0.99375 0.00859375 0.0109375
16 0.44921875 0.99609375 0.009375 0.00625
16 0.46484375 0.9953125 0.01015625 0.0078125
2 0.05078125 0.17109375 0.01328125 0.01484375
4 0.23984375 0.140625 0.16484375 0.053125
9 0.86875 0.92109375 0.13515625 0.0609375
2 0.03203125 0.08515625 0.015625 0.01171875
2 0.04453125 0.0828125 0.01171875 0.0109375
2 0.78671875 0.05625 0.01328125 0.01171875
2 0.05234375 0.18359375 0.01328125 0.01484375
2 0.0390625 0.18671875 0.01015625 0.0109375
2 0.18203125 0.16796875 0.01171875 0.01015625
16 0.1421875 0.17578125 0.01171875 0.01171875
16 0.15703125 0.1734375 0.0109375 0.01171875
16 0.1703125 0.17109375 0.01171875 0.01171875
2 0.053125 0.1953125 0.01328125 0.0140625
2 0.040625 0.19921875 0.0109375 0.0109375
4 0.509375 0.125 0.36484375 0.10703125
2 0.03984375 0.2109375 0.01171875 0.0140625
2 0.05390625 0.20859375 0.01328125 0.01328125
2 0.084375 0.20625 0.00859375 0.01953125
2 0.040625 0.22265625 0.0140625 0.01796875
2 0.0546875 0.221875 0.01328125 0.0125
4 0.25390625 0.190625 0.14140625 0.04921875
2 0.04375 0.2359375 0.0109375 0.01796875
2 0.05625 0.23515625 0.01328125 0.0125
2 0.05703125 0.246875 0.01171875 0.0140625
2 0.04375 0.25 0.0125 0.0109375
4 0.5125 0.171875 0.365625 0.11328125
9 0.1359375 0.23671875 0.06953125 0.09765625
2 0.22265625 0.22265625 0.00703125 0.021875
16 0.21328125 0.22578125 0.00859375 0.01953125
2 0.278125 0.2171875 0.0078125 0.02109375
9 0.078125 0.253125 0.0203125 0.04453125
16 0.20234375 0.23203125 0.00859375 0.021875
16 0.19375 0.23515625 0.00703125 0.02109375
2 0.10546875 0.08046875 0.00625 0.01796875
2 0.05859375 0.25859375 0.01328125 0.01484375
2 0.04375 0.26171875 0.01171875 0.0125
4 0.85625 0.1328125 0.19921875 0.06484375
2 0.0453125 0.27421875 0.0109375 0.0109375
2 0.05859375 0.271875 0.0109375 0.01171875
9 0.25 0.24140625 0.04296875 0.0546875
2 0.20546875 0.25078125 0.0125 0.01328125
2 0.1890625 0.253125 0.01328125 0.0125
9 0.3078125 0.23515625 0.0453125 0.05859375
2 0.0453125 0.28671875 0.01171875 0.0125
2 0.3703125 0.240625 0.0109375 0.0125
16 0.0734375 0.29140625 0.01328125 0.01171875
2 0.08671875 0.28984375 0.0125 0.01328125
16 0.059375 0.29453125 0.01171875 0.01328125
2 0.04609375 0.0953125 0.01328125 0.01484375
16 0.90390625 0.16328125 0.01328125 0.015625
2 0.0328125 0.0984375 0.01484375 0.0140625
16 0.06953125 0.30859375 0.01328125 0.01171875
4 0.5 0.0375 0.359375 0.075
9 0.6078125 0.2484375 0.04296875 0.053125
9 0.7015625 0.23359375 0.04375 0.05078125
9 0.6546875 0.24140625 0.04765625 0.053125
16 0.075 0.340625 0.00859375 0.02421875
16 0.0296875 0.3484375 0.00703125 0.01875
16 0.0453125 0.34609375 0.00859375 0.02265625
16 0.05234375 0.346875 0.009375 0.0234375
9 0.0875 0.09453125 0.025 0.04375
9 0.12578125 0.0890625 0.0234375 0.046875
16 0.87890625 0.228125 0.01171875 0.01328125
2 0.89296875 0.2265625 0.01328125 0.0125
16 0.86484375 0.23125 0.01171875 0.01015625
2 0.90625 0.22421875 0.01328125 0.01015625
2 0.85078125 0.234375 0.0125 0.01015625
2 0.0765625 0.365625 0.00703125 0.02109375
16 0.50625 0.29609375 0.0125 0.0109375
16 0.5203125 0.29453125 0.01484375 0.01328125
4 0.22890625 0.071875 0.15625 0.078125
2 0.55859375 0.3015625 0.01328125 0.0109375
16 0.08671875 0.3828125 0.0078125 0.02265625
2 0.09921875 0.38125 0.00859375 0.02109375
16 0.60546875 0.2984375 0.01171875 0.009375
16 0.54140625 0.31015625 0.0109375 0.01015625
16 0.21328125 0.375 0.00859375 0.01875
16 0.2609375 0.3671875 0.0078125 0.01953125
16 0.284375 0.3640625 0.00859375 0.02109375
2 0.13203125 0.38984375 0.00703125 0.01796875
16 0.325 0.35703125 0.00703125 0.01953125
16 0.17890625 0.3828125 0.00546875 0.01875
16 0.33359375 0.35625 0.00703125 0.01953125
16 0.228125 0.37421875 0.0078125 0.01953125
2 0.29453125 0.36328125 0.00859375 0.0203125
16 0.1484375 0.3875 0.0078125 0.0203125
16 0.25234375 0.3703125 0.00703125 0.0140625
16 0.27578125 0.3671875 0.00859375 0.01875
16 0.60546875 0.3109375 0.01171875 0.0109375
16 0.22109375 0.37578125 0.0078125 0.0203125
2 0.1390625 0.390625 0.0078125 0.021875
16 0.26875 0.36796875 0.00703125 0.01953125
16 0.16328125 0.38671875 0.00859375 0.02109375
16 0.18671875 0.38203125 0.009375 0.0203125
16 0.15625 0.38828125 0.00703125 0.01953125
16 0.23671875 0.375 0.00859375 0.01953125
9 0.5171875 0.32734375 0.03046875 0.03359375
16 0.17109375 0.38515625 0.00703125 0.01875
16 0.24453125 0.3734375 0.00859375 0.0203125
16 0.54296875 0.32421875 0.01015625 0.00859375
16 0.559375 0.32109375 0.0125 0.009375
9 0.58359375 0.31640625 0.02734375 0.03671875
9 0.6359375 0.31328125 0.0421875 0.05859375
9 0.63671875 0.31484375 0.040625 0.05
16 0.60546875 0.32421875 0.01015625 0.01015625
16 0.38125 0.3625 0.00703125 0.01953125
16 0.39140625 0.3609375 0.00625 0.02109375
16 0.371875 0.3640625 0.00859375 0.01953125
16 0.415625 0.3578125 0.009375 0.02109375
16 0.4078125 0.35859375 0.00859375 0.01953125
16 0.55859375 0.33515625 0.01328125 0.01171875
16 0.03828125 0.428125 0.0125 0.01171875
16 0.6078125 0.3375 0.01171875 0.00859375
2 0.034375 0.1109375 0.0109375 0.0140625
16 0.89921875 0.2890625 0.0125 0.009375
4 0.221875 0.40859375 0.26953125 0.0890625
2 0.04609375 0.10859375 0.01484375 0.0125
2 0.04140625 0.446875 0.0125 0.01171875
16 0.4421875 0.38828125 0.00703125 0.02109375
2 0.453125 0.3859375 0.0078125 0.01953125
2 0.6546875 0.3515625 0.0140625 0.01171875
16 0.66953125 0.35390625 0.0125 0.0109375
16 0.6359375 0.359375 0.0078125 0.01953125
2 0.64375 0.359375 0.0078125 0.01953125
2 0.14765625 0.0953125 0.0078125 0.01796875
16 0.65546875 0.36484375 0.0125 0.0109375
2 0.71328125 0.3546875 0.0125 0.009375
16 0.1640625 0.46015625 0.0078125 0.02109375
2 0.75703125 0.3609375 0.01328125 0.01171875
2 0.4625 0.41171875 0.01171875 0.01015625
2 0.4890625 0.4078125 0.01171875 0.01015625
16 0.50546875 0.40859375 0.00703125 0.0203125
2 0.51328125 0.4078125 0.0078125 0.01796875
9 0.40390625 0.42890625 0.04375 0.046875
16 0.3265625 0.4453125 0.01328125 0.01171875
16 0.33984375 0.44296875 0.01328125 0.01015625
16 0.13046875 0.4796875 0.00546875 0.01875
16 0.12265625 0.48125 0.00703125 0.0203125
2 0.14609375 0.478125 0.0078125 0.01875
16 0.10625 0.48515625 0.0078125 0.01875
2 0.13828125 0.4796875 0.00859375 0.01953125
2 0.00546875 0.121875 0.00546875 0.01796875
16 0.115625 0.484375 0.00703125 0.01875
2 0.6234375 0.39921875 0.0125 0.01171875
16 0.6515625 0.39609375 0.0140625 0.0140625
2 0.7 0.38984375 0.01171875 0.0109375
16 0.9203125 0.35390625 0.01328125 0.01171875
2 0.6375 0.4046875 0.0078125 0.0203125
16 0.6234375 0.41171875 0.01328125 0.01171875
16 0.65234375 0.40859375 0.01328125 0.0109375
16 0.721875 0.3984375 0.01171875 0.0109375
16 0.921875 0.365625 0.0109375 0.0109375
16 0.0421875 0.515625 0.01328125 0.01328125
2 0.02578125 0.5203125 0.01328125 0.01328125
16 0.84375 0.384375 0.0078125 0.02109375
2 0.85703125 0.38203125 0.00859375 0.0234375
2 0.76484375 0.39765625 0.00859375 0.02109375
16 0.828125 0.38671875 0.0078125 0.02109375
2 0.8203125 0.38828125 0.00859375 0.0203125
16 0.83515625 0.38671875 0.00703125 0.01953125
16 0.8125 0.39140625 0.00703125 0.0203125
16 0.56171875 0.43359375 0.01171875 0.01171875
16 0.57578125 0.43125 0.01171875 0.01171875
16 0.7015625 0.41484375 0.0109375 0.0109375
16 0.7234375 0.41171875 0.01328125 0.0078125
9 0.78984375 0.40234375 0.028125 0.034375
16 0.5890625 0.4375 0.01328125 0.01171875
16 0.378125 0.4734375 0.0109375 0.00625
9 0.88359375 0.38828125 0.02890625 0.03046875
16 0.396875 0.47265625 0.00703125 0.01640625
16 0.38984375 0.4734375 0.00703125 0.01796875
16 0.41328125 0.471875 0.00625 0.01640625
16 0.4203125 0.46953125 0.00859375 0.01640625
16 0.4046875 0.47265625 0.00859375 0.01953125
16 0.959375 0.3796875 0.00625 0.01875
2 0.95078125 0.38125 0.01015625 0.02265625
16 0.5703125 0.446875 0.0140625 0.01328125
16 0.70234375 0.42734375 0.01171875 0.00859375
16 0.7234375 0.425 0.0125 0.01015625
4 0.22890625 0.5125 0.27265625 0.0953125
16 0.75703125 0.42421875 0.00859375 0.01796875
16 0.765625 0.421875 0.0078125 0.01875
2 0.06875 0.5421875 0.0078125 0.02109375
9 0.0421875 0.5484375 0.01796875 0.04375
9 0.0109375 0.5546875 0.02109375 0.04609375
16 0.70390625 0.43984375 0.01171875 0.01171875
16 0.725 0.43671875 0.0109375 0.009375
2 0.046875 0.12109375 0.01328125 0.01328125
2 0.371875 0.50859375 0.01171875 0.0109375
16 0.7046875 0.4515625 0.01015625 0.0078125
2 0.03359375 0.1234375 0.01484375 0.0140625
16 0.7265625 0.45078125 0.01171875 0.0109375
16 0.95546875 0.415625 0.00703125 0.021875
9 0.49453125 0.4953125 0.06328125 0.13125
2 0.53671875 0.48828125 0.01328125 0.01171875
16 0.1671875 0.5546875 0.0140625 0.01171875
2 0.18203125 0.5515625 0.0125 0.01171875
2 0.70546875 0.4671875 0.01328125 0.0125
16 0.72578125 0.4640625 0.01171875 0.00859375
2 0.03671875 0.58515625 0.0125 0.01015625
16 0.01015625 0.59140625 0.01328125 0.01328125
2 0.1 0.57890625 0.0078125 0.01953125
16 0.72734375 0.47578125 0.01171875 0.01171875
16 0.70625 0.4796875 0.01171875 0.01015625
2 0.8125 0.46328125 0.0078125 0.01953125
2 0.865625 0.4546875 0.00625 0.01953125
16 0.85703125 0.45703125 0.0078125 0.02109375
2 0.76953125 0.47265625 0.00703125 0.021875
2 0.45078125 0.52578125 0.01484375 0.01328125
2 0.14453125 0.578125 0.00703125 0.02109375
2 0.1265625 0.5828125 0.00859375 0.0203125
2 0.153125 0.578125 0.00703125 0.0203125
16 0.16953125 0.57578125 0.00703125 0.01796875
16 0.05859375 0.5953125 0.0125 0.0109375
2 0.1609375 0.578125 0.00703125 0.01875
16 0.0375 0.59921875 0.01328125 0.0109375
2 0.01796875 0.603125 0.01328125 0.01171875
16 0.203125 0.57421875 0.01171875 0.0125
16 0.728125 0.4875 0.01015625 0.009375
16 0.70703125 0.49140625 0.01328125 0.0125
9 0.88671875 0.4609375 0.03046875 0.03203125
9 0.8359375 0.4703125 0.02734375 0.0296875
16 0.18984375 0.5796875 0.01171875 0.0125
9 0.79140625 0.48046875 0.03203125 0.03125
16 0.0390625 0.61171875 0.01328125 0.009375
16 0.5359375 0.5328125 0.00703125 0.01875
2 0.5515625 0.53046875 0.00703125 0.01796875
16 0.7296875 0.50078125 0.01171875 0.01171875
2 0.54375 0.5328125 0.00859375 0.01875
2 0.08984375 0.6125 0.0078125 0.0203125
2 0.03984375 0.62421875 0.01328125 0.01171875
16 0.709375 0.51640625 0.0125 0.0109375
2 0.44921875 0.5609375 0.0125 0.01015625
16 0.58203125 0.5390625 0.01484375 0.0125
16 0.96015625 0.4765625 0.009375 0.021875
9 0.0171875 0.63671875 0.0203125 0.04296875
9 0.0609375 0.6296875 0.02265625 0.04375
2 0.39453125 0.57734375 0.0125 0.01171875
16 0.85234375 0.50390625 0.00859375 0.01953125
16 0.73046875 0.52578125 0.01484375 0.0125
16 0.71015625 0.528125 0.01171875 0.01015625
16 0.7953125 0.51484375 0.0078125 0.01875
2 0.81328125 0.5125 0.0078125 0.01875
16 0.82890625 0.509375 0.00703125 0.02109375
16 0.84453125 0.50703125 0.00859375 0.01796875
16 0.871875 0.50234375 0.0078125 0.01796875
16 0.7875 0.51640625 0.00703125 0.02265625
16 0.8359375 0.509375 0.0078125 0.01875
16 0.82109375 0.5109375 0.00703125 0.01953125
16 0.8640625 0.5046875 0.00703125 0.01953125
16 0.80390625 0.51484375 0.00625 0.01484375