2 0.9453125 0.48984375 0.03515625 0.01640625
2 0.94765625 0.52421875 0.04453125 0.01796875
2 0.69921875 0.74921875 0.0625 0.025
16 0.79453125 0.7984375 0.02890625 0.06015625
16 0.6796875 0.8 0.02890625 0.06171875
16 0.6484375 0.8015625 0.03046875 0.06015625
4 0.10390625 0.85 0.09375 0.20234375
4 0.9640625 0.84921875 0.06875 0.12578125
2 0.76171875 0.07578125 0.03046875 0.0203125
16 0.4984375 0.08125 0.0140625 0.01171875
16 0.51484375 0.08125 0.01484375 0.01328125
16 0.396875 0.0921875 0.01484375 0.0125
9 0.53359375 0.10703125 0.08828125 0.03828125
2 0.7359375 0.1109375 0.02421875 0.00703125
2 0.40078125 0.115625 0.015625 0.01640625
20 0.34765625 0.121875 0.05234375 0.0359375
16 0.58828125 0.121875 0.0125 0.0125
9 0.85546875 0.11953125 0.04921875 0.03046875
2 0.890625 0.11953125 0.0125 0.0109375
2 0.45078125 0.12421875 0.03828125 0.02734375
9 0.7375 0.1328125 0.059375 0.0328125
4 0.078125 0.16015625 0.09453125 0.20390625
16 0.371875 0.16484375 0.0125 0.01171875
16 0.34453125 0.16796875 0.02265625 0.00625
16 0.2828125 0.2171875 0.03515625 0.04609375
16 0.3171875 0.21796875 0.03046875 0.04609375
2 0.9375 0.35 0.03203125 0.01640625
2 0.95078125 0.38125 0.0421875 0.01796875