16 0.721875 0.1609375 0.00703125 0.025
16 0.72890625 0.16484375 0.00703125 0.01953125
16 0.753125 0.175 0.009375 0.021875
16 0.765625 0.18046875 0.01015625 0.025
16 0.6875 0.165625 0.01328125 0.02890625
16 0.8875 0.21171875 0.0109375 0.025
2 0.91875 0.23984375 0.04375 0.07578125
16 0.7875 0.2140625 0.01015625 0.01171875
16 0.79140625 0.2296875 0.01171875 0.0171875
16 0.1140625 0.0953125 0.0078125 0.0234375
16 0.10703125 0.0953125 0.01015625 0.02890625
16 0.2328125 0.12578125 0.0125 0.0296875
16 0.24453125 0.1296875 0.01015625 0.02734375
2 0.76171875 0.2453125 0.05078125 0.08984375
2 0.59921875 0.215625 0.01796875 0.040625
2 0.73203125 0.253125 0.015625 0.021875
2 0.91015625 0.3328125 0.040625 0.0796875
2 0.8203125 0.321875 0.0484375 0.08828125
2 0.86328125 0.33203125 0.0484375 0.09140625
4 0.059375 0.1703125 0.0421875 0.22265625
16 0.39765625 0.2453125 0.0125 0.02734375
2 0.40625 0.25 0.0109375 0.02578125
2 0.11015625 0.19921875 0.01328125 0.02109375
2 0.109375 0.24375 0.04453125 0.08359375
2 0.13828125 0.2546875 0.01015625 0.025
16 0.178125 0.28359375 0.00859375 0.0234375
16 0.184375 0.2859375 0.00703125 0.025
16 0.1734375 0.303125 0.0171875 0.0171875
16 0.234375 0.3265625 0.0125 0.03125
16 0.17265625 0.315625 0.0140625 0.0140625
4 0.10859375 0.459375 0.05 0.19375
16 0.4890625 0.0640625 0.01171875 0.0234375
16 0.5 0.06796875 0.0125 0.01796875
16 0.54921875 0.07734375 0.01328125 0.0171875
16 0.52421875 0.07265625 0.01015625 0.01796875
16 0.51640625 0.07265625 0.0109375 0.01328125
16 0.55 0.090625 0.0140625 0.0171875
16 0.3859375 0.9234375 0.009375 0.025
16 0.39375 0.92734375 0.009375 0.02109375
16 0.4046875 0.93203125 0.0109375 0.01796875
16 0.82734375 0.17265625 0.0125 0.0375
16 0.87109375 0.18203125 0.0109375 0.03125
2 0.60078125 0.13046875 0.021875 0.03125
9 0.796875 0.175 0.04140625 0.0875
20 0.7375 0.1640625 0.0125 0.015625