2 0.92109375 0.7890625 0.115625 0.1203125
16 0.33671875 0.6359375 0.0140625 0.046875
16 0.34921875 0.63984375 0.01796875 0.046875
16 0.32265625 0.63359375 0.0171875 0.046875
16 0.30859375 0.634375 0.01640625 0.05625
16 0.684375 0.753125 0.01328125 0.0453125
16 0.6546875 0.7453125 0.01171875 0.03203125
16 0.66875 0.7515625 0.0109375 0.040625
16 0.640625 0.74453125 0.0140625 0.03828125
2 0.1875 0.621875 0.09609375 0.1265625
2 0.53203125 0.73125 0.10546875 0.13828125
16 0.8171875 0.84609375 0.01328125 0.01875
2 0.925 0.89140625 0.0625 0.115625
2 0.69765625 0.828125 0.015625 0.0359375
2 0.75703125 0.84921875 0.0171875 0.03203125
9 0.80859375 0.88671875 0.02734375 0.05703125
2 0.79609375 0.92265625 0.0078125 0.0265625
2 0.75546875 0.9125 0.0421875 0.08203125
2 0.69609375 0.8953125 0.03984375 0.075
16 0.66484375 0.8921875 0.02890625 0.1265625
2 0.7828125 0.93125 0.0203125 0.04921875
2 0.92265625 0.96875 0.0234375 0.06015625
16 0.63515625 0.896875 0.04375 0.15
16 0.903125 0.97578125 0.0171875 0.046875
2 0.28046875 0.7984375 0.10859375 0.23125
2 0.5515625 0.88671875 0.11953125 0.225
2 0.41171875 0.853125 0.12109375 0.2515625
16 0.8 0.99453125 0.0125 0.00859375
22 0.1921875 0.8171875 0.00078125 0.00078125
16 0.77109375 0.996875 0.01640625 0.00390625
4 0.14609375 0.84921875 0.12265625 0.1
2 0.9828125 0.27109375 0.03359375 0.08828125
2 0.5265625 0.17109375 0.021875 0.07890625
2 0.54453125 0.1765625 0.02578125 0.07734375
2 0.2515625 0.1015625 0.05 0.17421875
2 0.21015625 0.096875 0.0546875 0.171875
2 0.16953125 0.08359375 0.03984375 0.0859375
2 0.2953125 0.125 0.05859375 0.1796875
2 0.6265625 0.2328125 0.0515625 0.18046875
2 0.66875 0.2453125 0.05 0.1828125
2 0.58515625 0.221875 0.0546875 0.18046875
2 0.328125 0.19453125 0.0203125 0.0421875
2 0.69609375 0.31171875 0.01640625 0.04375
16 0.85625 0.41328125 0.01640625 0.0171875
2 0.47734375 0.30078125 0.01796875 0.03359375
16 0.8828125 0.43984375 0.009375 0.03515625
16 0.859375 0.43984375 0.01015625 0.0296875
16 0.93125 0.471875 0.06953125 0.06484375
2 0.84375 0.46953125 0.0203125 0.02734375
2 0.7984375 0.46796875 0.021875 0.0296875
16 0.93125 0.51328125 0.071875 0.0625
9 0.8453125 0.5109375 0.02578125 0.053125
16 0.928125 0.55 0.07109375 0.05546875
16 0.821875 0.534375 0.00703125 0.02421875
2 0.840625 0.55078125 0.02265625 0.0328125
16 0.925 0.58359375 0.06953125 0.05703125
16 0.8453125 0.575 0.01640625 0.02109375
16 0.8328125 0.57734375 0.00859375 0.02734375
16 0.92109375 0.62109375 0.06953125 0.06171875
2 0.928125 0.7 0.1171875 0.1265625