2 0.6515625 0.37578125 0.00546875 0.075
2 0.98671875 0.42890625 0.00546875 0.08671875
2 0.9796875 0.42734375 0.00546875 0.075
20 0.640625 0.38203125 0.0109375 0.09453125
2 0.9984375 0.42890625 0.003125 0.07890625
20 0.62734375 0.38203125 0.0125 0.09453125
2 0.99296875 0.4328125 0.00546875 0.07890625
2 0.5515625 0.40546875 0.00390625 0.05546875
16 0.61640625 0.415625 0.0046875 0.075
2 0.5671875 0.41328125 0.00390625 0.05546875
2 0.16796875 0.371875 0.0125 0.1375
2 0.928125 0.4921875 0.0046875 0.07109375
2 0.596875 0.453125 0.0046875 0.07890625
2 0.6078125 0.453125 0.00546875 0.07890625
2 0.13203125 0.4171875 0.00546875 0.07109375
2 0.12578125 0.415625 0.0046875 0.075
2 0.8484375 0.515625 0.00546875 0.07109375
2 0.13828125 0.41953125 0.0046875 0.0828125
2 0.14453125 0.42109375 0.00546875 0.07109375
2 0.828125 0.51171875 0.0046875 0.07109375
2 0.10625 0.4171875 0.00546875 0.07109375
2 0.1515625 0.42109375 0.00546875 0.07109375
16 0.1125 0.4171875 0.00546875 0.07890625
16 0.0171875 0.40390625 0.0046875 0.075
2 0.11875 0.41953125 0.00546875 0.075
16 0.00078125 0.40546875 0.00078125 0.07109375
16 0.0109375 0.409375 0.0046875 0.07109375
16 0.0046875 0.4078125 0.0046875 0.075
16 0.0234375 0.409375 0.0046875 0.07109375
16 0.0296875 0.41171875 0.00546875 0.0828125
16 0.62265625 0.50234375 0.0046875 0.0671875
16 0.6296875 0.50390625 0.0046875 0.07109375
16 0.615625 0.50234375 0.00546875 0.075
2 0.9859375 0.56875 0.00390625 0.075
16 0.9921875 0.57109375 0.00390625 0.07109375
16 0.99765625 0.5765625 0.003125 0.075
2 0.97421875 0.57265625 0.00625 0.0828125
16 0.98046875 0.58671875 0.00390625 0.05546875
2 0.51328125 0.5453125 0.00390625 0.0515625
2 0.51953125 0.546875 0.003125 0.05546875
2 0.50859375 0.5453125 0.00390625 0.0515625
2 0.52578125 0.5515625 0.00390625 0.05546875
2 0.81484375 0.60078125 0.00390625 0.075
2 0.84140625 0.6046875 0.0046875 0.0671875
16 0.8078125 0.60234375 0.0046875 0.07109375
16 0.82734375 0.60234375 0.00546875 0.07109375
16 0.83359375 0.60859375 0.00546875 0.075
16 0.82109375 0.60625 0.0046875 0.07109375
16 0.63515625 0.621875 0.0046875 0.07109375
2 0.5875 0.6140625 0.00390625 0.046875
2 0.5140625 0.61640625 0.00390625 0.0515625
2 0.50859375 0.621875 0.00390625 0.05546875
2 0.51875 0.62421875 0.00546875 0.0671875
16 0.996875 0.690625 0.00390625 0.0515625
2 0.52578125 0.63203125 0.00546875 0.075
2 0.8875 0.6828125 0.0046875 0.0671875
2 0.90546875 0.68671875 0.00390625 0.0671875
2 0.89921875 0.68671875 0.00390625 0.0671875
20 0.928125 0.696875 0.0125 0.10234375
9 0.6234375 0.65546875 0.0109375 0.075
2 0.5359375 0.66328125 0.00390625 0.059375
2 0.53125 0.66171875 0.00234375 0.046875
2 0.61015625 0.68671875 0.00859375 0.1375
2 0.64296875 0.696875 0.00390625 0.046875
16 0.65234375 0.6984375 0.003125 0.0515625
16 0.64765625 0.6984375 0.003125 0.0515625
16 0.99609375 0.75234375 0.003125 0.046875
16 0.63515625 0.70859375 0.0046875 0.07109375
2 0.5859375 0.70703125 0.00390625 0.0515625
2 0.91796875 0.76171875 0.0046875 0.0671875
2 0.51796875 0.7125 0.00390625 0.07109375
2 0.89765625 0.771875 0.00390625 0.07109375
2 0.53671875 0.728125 0.00390625 0.05546875
9 0.83671875 0.7734375 0.01953125 0.1453125
16 0.93046875 0.79921875 0.00546875 0.06328125
16 0.92421875 0.79921875 0.00546875 0.07109375
2 0.9984375 0.840625 0.0015625 0.0828125
2 0.93984375 0.834375 0.009375 0.13359375
2 0.615625 0.809375 0.00390625 0.0671875
16 0.63515625 0.81328125 0.0046875 0.0671875
2 0.55234375 0.8328125 0.00390625 0.0515625
16 0.54609375 0.8421875 0.0046875 0.07109375
9 0.646875 0.90390625 0.0109375 0.1140625
9 0.57734375 0.91328125 0.0109375 0.11796875
9 0.62265625 0.93671875 0.01015625 0.08671875
2 0.9453125 0.96640625 0.00703125 0.059375
2 0.58828125 0.94296875 0.00234375 0.0515625
16 0.63359375 0.9640625 0.0046875 0.071875
2 0.81796875 0.98203125 0.00546875 0.02734375
2 0.81171875 0.98046875 0.00546875 0.03125
2 0.44765625 0.2578125 0.00390625 0.0515625
2 0.46796875 0.26015625 0.003125 0.05546875
16 0.46328125 0.2578125 0.00390625 0.059375
16 0.45859375 0.26015625 0.00390625 0.05546875
2 0.1359375 0.24765625 0.00703125 0.08671875
2 0.12734375 0.25 0.00625 0.090625
16 0.01171875 0.2359375 0.00546875 0.07890625