1 0.10546875 0.11328125 0.0296875 0.09453125
1 0.790625 0.146875 0.01796875 0.06328125
1 0.30546875 0.17265625 0.0296875 0.07109375
1 0.37890625 0.1921875 0.01484375 0.06015625
1 0.125 0.20859375 0.01796875 0.05625
4 0.57890625 0.215625 0.03671875 0.33125
1 0.0890625 0.21875 0.0203125 0.0609375
1 0.14921875 0.2359375 0.0140625 0.05546875
1 0.34296875 0.26171875 0.02265625 0.0609375
9 0.4609375 0.26796875 0.07734375 0.17109375
1 0.3703125 0.27109375 0.01953125 0.06953125
1 0.790625 0.27421875 0.02109375 0.0609375
9 0.2484375 0.3390625 0.078125 0.2
1 0.16640625 0.34609375 0.01328125 0.04765625
4 0.66640625 0.4015625 0.04921875 0.69609375
4 0.84140625 0.40390625 0.04765625 0.6484375
4 0.74453125 0.4171875 0.0484375 0.67890625
1 0.4453125 0.440625 0.02421875 0.07578125
1 0.16640625 0.4421875 0.01640625 0.04609375
1 0.18671875 0.47109375 0.015625 0.0453125
1 0.30390625 0.4828125 0.021875 0.071875
1 0.20546875 0.484375 0.0140625 0.04765625
1 0.49375 0.50859375 0.02109375 0.06484375
1 0.1515625 0.53671875 0.02265625 0.05703125
1 0.1265625 0.54453125 0.02265625 0.07578125
1 0.26796875 0.5515625 0.0140625 0.03359375
1 0.0921875 0.55234375 0.0203125 0.06640625
1 0.23671875 0.553125 0.01171875 0.04375
1 0.203125 0.56328125 0.02421875 0.06328125
1 0.909375 0.58671875 0.03046875 0.07734375
4 0.23203125 0.06015625 0.0515625 0.08515625
1 0.28671875 0.61484375 0.0203125 0.06640625
1 0.11875 0.640625 0.02421875 0.0703125
4 0.42109375 0.078125 0.05546875 0.06015625
1 0.8296875 0.81171875 0.0234375 0.08359375
4 0.6234375 0.90859375 0.08828125 0.05625
1 0.7046875 0.909375 0.01640625 0.06484375
1 0.83046875 0.91640625 0.02890625 0.07578125
1 0.34375 0.1046875 0.0125 0.03984375