2 0.746875 0.2265625 0.009375 0.03359375
2 0.76171875 0.2359375 0.009375 0.03828125
16 0.934375 0.32734375 0.0109375 0.0359375
2 0.92734375 0.32421875 0.009375 0.03515625
16 0.28515625 0.0078125 0.01015625 0.015625
2 0.85390625 0.28828125 0.01015625 0.03125
2 0.91640625 0.32109375 0.0109375 0.03359375
2 0.846875 0.2859375 0.01015625 0.03125
16 0.309375 0.01484375 0.0109375 0.0296875
16 0.70625 0.2140625 0.0109375 0.0359375
2 0.8890625 0.30703125 0.009375 0.03203125
2 0.89609375 0.3109375 0.009375 0.03515625
2 0.91015625 0.31796875 0.009375 0.03515625
2 0.88203125 0.30390625 0.009375 0.03125
16 0.69765625 0.21171875 0.009375 0.0359375
2 0.903125 0.315625 0.009375 0.03359375
2 0.80546875 0.26640625 0.009375 0.03125
2 0.81171875 0.26953125 0.009375 0.03359375
2 0.8265625 0.2765625 0.009375 0.0296875
2 0.8609375 0.2953125 0.01015625 0.03359375
2 0.87578125 0.3015625 0.009375 0.03125
2 0.83359375 0.28046875 0.009375 0.03203125
2 0.83984375 0.284375 0.009375 0.03203125
2 0.86875 0.2984375 0.00859375 0.03203125
2 0.81953125 0.27421875 0.009375 0.03125
2 0.784375 0.25703125 0.009375 0.0375
2 0.79140625 0.2609375 0.01015625 0.0375
2 0.7984375 0.26328125 0.00859375 0.03515625
2 0.7703125 0.25 0.01015625 0.03828125
2 0.77734375 0.2546875 0.00859375 0.03515625
2 0.94375 0.3578125 0.0125 0.05
16 0.76640625 0.28515625 0.01015625 0.03515625
16 0.77421875 0.2890625 0.009375 0.03203125
16 0.75234375 0.29375 0.01640625 0.0234375
2 0.9203125 0.39453125 0.009375 0.03828125
16 0.75078125 0.3140625 0.015625 0.0234375
2 0.765625 0.321875 0.01796875 0.0359375
2 0.3796875 0.1390625 0.015625 0.02578125
16 0.74921875 0.334375 0.01484375 0.021875
16 0.9125 0.42421875 0.01640625 0.0234375
16 0.378125 0.15859375 0.015625 0.02578125
16 0.746875 0.35234375 0.01640625 0.02421875
2 0.7625 0.3625 0.01640625 0.02734375
16 0.9109375 0.44453125 0.015625 0.02578125
16 0.74453125 0.371875 0.01640625 0.02421875
9 0.853125 0.43203125 0.05703125 0.14453125
16 0.94765625 0.48125 0.01796875 0.02734375
16 0.9625 0.4875 0.01640625 0.02421875
2 0.91015625 0.46328125 0.01484375 0.02421875
2 0.8875 0.46171875 0.01484375 0.021875
2 0.75859375 0.3984375 0.01640625 0.02578125
16 0.74296875 0.39140625 0.01484375 0.0234375
16 0.96015625 0.5078125 0.01484375 0.0234375
2 0.94609375 0.50078125 0.015625 0.02734375
16 0.7421875 0.41171875 0.01484375 0.02421875
16 0.959375 0.5265625 0.0171875 0.02734375
16 0.6890625 0.396875 0.015625 0.03125
16 0.671875 0.3890625 0.02109375 0.03359375
16 0.70078125 0.4078125 0.009375 0.03203125
2 0.75625 0.4390625 0.01640625 0.0296875
16 0.73984375 0.43203125 0.01640625 0.02421875
2 0.94296875 0.53984375 0.015625 0.028125
16 0.9578125 0.5484375 0.01640625 0.02734375
16 0.7390625 0.45 0.01640625 0.0296875
16 0.95625 0.5671875 0.01484375 0.02578125
16 0.6765625 0.425 0.01015625 0.0359375
2 0.66875 0.421875 0.0109375 0.03515625
2 0.55390625 0.365625 0.01484375 0.02734375
16 0.5390625 0.35859375 0.01640625 0.02734375
16 0.3515625 0.2734375 0.01171875 0.0203125
2 0.9390625 0.57890625 0.015625 0.02578125
16 0.9546875 0.58671875 0.01640625 0.02578125
16 0.70390625 0.46171875 0.009375 0.03515625
2 0.684375 0.453125 0.0125 0.0453125
16 0.69609375 0.459375 0.0109375 0.03515625
2 0.92578125 0.58125 0.0109375 0.0359375
2 0.87734375 0.55625 0.01171875 0.0375
2 0.89375 0.56484375 0.0109375 0.0375
2 0.84453125 0.53984375 0.0109375 0.0359375
2 0.909375 0.57265625 0.0109375 0.0375
2 0.86171875 0.54921875 0.01171875 0.03828125
2 0.7609375 0.5 0.0125 0.04140625
2 0.778125 0.509375 0.0125 0.03828125
2 0.7953125 0.5171875 0.01015625 0.03515625
2 0.74453125 0.4921875 0.0125 0.04140625
2 0.8125 0.52734375 0.01015625 0.0359375
2 0.65078125 0.4484375 0.01015625 0.0359375
16 0.6734375 0.46015625 0.0109375 0.0359375
16 0.665625 0.45703125 0.0109375 0.0375
16 0.63359375 0.440625 0.01171875 0.03828125
16 0.64296875 0.44609375 0.009375 0.03828125
16 0.53359375 0.39453125 0.009375 0.03359375
16 0.5234375 0.40625 0.01171875 0.0375
16 0.88203125 0.59453125 0.009375 0.03203125
16 0.9140625 0.6109375 0.0109375 0.0359375
16 0.93046875 0.61953125 0.01171875 0.0359375
16 0.890625 0.6 0.009375 0.03203125
16 0.8984375 0.603125 0.0109375 0.0359375
16 0.865625 0.58828125 0.0109375 0.03515625
16 0.8734375 0.59140625 0.0109375 0.0359375
16 0.90625 0.60859375 0.0109375 0.0359375
16 0.92265625 0.6171875 0.0109375 0.04140625
16 0.85859375 0.584375 0.009375 0.03515625
16 0.85 0.58046875 0.01015625 0.03515625
16 0.84140625 0.5765625 0.0109375 0.03515625
16 0.346875 0.325 0.01171875 0.01953125
16 0.775 0.54375 0.009375 0.03359375
16 0.80078125 0.55703125 0.009375 0.03515625
16 0.82578125 0.56875 0.0109375 0.03515625
16 0.7921875 0.55234375 0.0109375 0.0375
16 0.8171875 0.56484375 0.009375 0.03515625
16 0.75 0.53203125 0.009375 0.0359375
16 0.83359375 0.57421875 0.009375 0.03515625
16 0.74140625 0.52734375 0.009375 0.03515625
16 0.76640625 0.540625 0.009375 0.03203125
2 0.67890625 0.49609375 0.009375 0.03359375
16 0.75859375 0.53671875 0.009375 0.03515625
16 0.6625 0.4890625 0.0109375 0.03203125
16 0.67109375 0.49375 0.0109375 0.0359375
16 0.6875 0.5015625 0.0109375 0.03515625
16 0.6953125 0.50625 0.0109375 0.0359375
16 0.65390625 0.48515625 0.00859375 0.03203125
16 0.64765625 0.4828125 0.009375 0.03515625
16 0.5296875 0.428125 0.009375 0.03359375
16 0.52109375 0.4390625 0.009375 0.03359375
9 0.43359375 0.3953125 0.19453125 0.45859375
16 0.528125 0.45859375 0.009375 0.03359375
16 0.34453125 0.36640625 0.01171875 0.01640625
2 0.64453125 0.5203125 0.00859375 0.03515625
16 0.51796875 0.47265625 0.00859375 0.03359375
16 0.859375 0.6484375 0.01015625 0.03125
16 0.86796875 0.653125 0.01015625 0.0359375
9 0.26015625 0.3453125 0.1109375 0.265625
16 0.85078125 0.646875 0.01015625 0.03359375
16 0.525 0.490625 0.00859375 0.03125
2 0.725 0.5984375 0.0171875 0.0578125
2 0.740625 0.6078125 0.01640625 0.0578125
16 0.340625 0.40859375 0.0109375 0.0203125
2 0.825 0.659375 0.01796875 0.0609375
16 0.9171875 0.70859375 0.01484375 0.05703125
2 0.9375 0.7203125 0.0125 0.04609375
2 0.88203125 0.69296875 0.01015625 0.03515625
16 0.51484375 0.50625 0.00859375 0.03125
2 0.94765625 0.7296875 0.0140625 0.04375
2 0.84609375 0.6796875 0.009375 0.03515625
2 0.8375 0.675 0.01328125 0.04375
16 0.8546875 0.684375 0.009375 0.03359375
2 0.8625 0.6890625 0.009375 0.0359375
2 0.871875 0.6953125 0.0125 0.0453125
16 0.90546875 0.7125 0.01015625 0.03359375
16 0.52265625 0.52421875 0.0078125 0.03203125
2 0.80078125 0.6828125 0.015625 0.02578125
16 0.5125 0.53828125 0.00859375 0.03125
2 0.9296875 0.76015625 0.009375 0.03359375
16 0.92265625 0.75625 0.009375 0.0359375
16 0.91484375 0.75390625 0.0109375 0.03359375
2 0.90625 0.75078125 0.009375 0.03515625
16 0.8984375 0.746875 0.0109375 0.03515625
16 0.3390625 0.46171875 0.0109375 0.01953125
16 0.7703125 0.69140625 0.0125 0.0453125
16 0.33828125 0.47734375 0.0109375 0.01640625
16 0.63125 0.64921875 0.01328125 0.0453125
16 0.19296875 0.43046875 0.0109375 0.03359375
16 0.17578125 0.42109375 0.0109375 0.0359375
16 0.18359375 0.42578125 0.01015625 0.03515625
2 0.89765625 0.80078125 0.01953125 0.03203125
9 0.84296875 0.77890625 0.078125 0.140625
16 0.31796875 0.5125 0.01640625 0.02578125
2 0.33203125 0.521875 0.01484375 0.0234375
16 0.77734375 0.75546875 0.009375 0.0359375
16 0.78671875 0.7609375 0.01015625 0.0375
2 0.515625 0.62578125 0.01015625 0.0375
2 0.50703125 0.6234375 0.0109375 0.0375
2 0.203125 0.471875 0.009375 0.03359375
2 0.21171875 0.478125 0.01015625 0.0359375
16 0.1890625 0.465625 0.0109375 0.03984375
16 0.89609375 0.82734375 0.01953125 0.03359375
2 0.33046875 0.53828125 0.0125 0.0203125
16 0.315625 0.53203125 0.01484375 0.0234375
2 0.94296875 0.8640625 0.025 0.0375
2 0.903125 0.859375 0.01640625 0.02578125
2 0.940625 0.89609375 0.025 0.03984375
2 0.37265625 0.61484375 0.0109375 0.03828125
16 0.3640625 0.6109375 0.009375 0.0359375
16 0.35625 0.60703125 0.01015625 0.03359375
2 0.9015625 0.8859375 0.01484375 0.02421875
2 0.3265625 0.59375 0.0078125 0.028125
20 0.73359375 0.803125 0.04375 0.0796875
2 0.33359375 0.59765625 0.0078125 0.03125
2 0.803125 0.853125 0.0109375 0.04140625
2 0.81171875 0.85859375 0.0109375 0.0375
16 0.8296875 0.86953125 0.01015625 0.03515625
16 0.84765625 0.87890625 0.01015625 0.0359375
2 0.83828125 0.875 0.0109375 0.04140625
2 0.8203125 0.865625 0.01015625 0.0359375
2 0.85703125 0.8859375 0.01328125 0.04765625
2 0.89609375 0.90625 0.01640625 0.0234375
2 0.92890625 0.92109375 0.009375 0.0359375
16 0.91171875 0.91640625 0.0109375 0.0359375
16 0.87734375 0.90078125 0.025 0.03828125
2 0.4484375 0.684375 0.0125 0.03828125
16 0.33828125 0.63125 0.009375 0.03359375
16 0.33046875 0.6296875 0.00859375 0.03203125
16 0.353125 0.6421875 0.0109375 0.0375
16 0.8953125 0.93359375 0.01640625 0.02421875
2 0.4375 0.7 0.0125 0.0421875
16 0.875 0.93125 0.025 0.0375
16 0.8 0.8953125 0.0109375 0.03359375
16 0.82578125 0.90859375 0.0109375 0.0359375
16 0.8078125 0.9 0.009375 0.03515625
2 0.8171875 0.90546875 0.0109375 0.0375
2 0.3265625 0.6578125 0.015625 0.02421875
2 0.44609375 0.721875 0.01015625 0.0359375
16 0.584375 0.79609375 0.015625 0.028125
2 0.325 0.67578125 0.01484375 0.021875
2 0.56953125 0.80546875 0.0109375 0.04375
2 0.58515625 0.8265625 0.025 0.0375
16 0.390625 0.73359375 0.00859375 0.03359375
16 0.39921875 0.7375 0.00859375 0.03203125
16 0.59765625 0.87421875 0.0109375 0.03984375
20 0.58125 0.865625 0.02109375 0.04609375
2 0.6421875 0.89921875 0.015625 0.0578125
2 0.38671875 0.7703125 0.009375 0.03203125
16 0.3265625 0.73984375 0.009375 0.03125
16 0.334375 0.74296875 0.009375 0.03203125
2 0.62578125 0.89296875 0.01796875 0.06171875
16 0.31953125 0.7375 0.00859375 0.03359375
16 0.384375 0.803125 0.0109375 0.0359375
16 0.39296875 0.80703125 0.009375 0.03125
16 0.40625 0.81484375 0.009375 0.03515625
16 0.39921875 0.81171875 0.0078125 0.03125
16 0.3765625 0.8 0.01015625 0.0359375
2 0.5625 0.90625 0.01484375 0.05
16 0.68203125 0.97265625 0.01328125 0.0453125
16 0.746875 0.990625 0.0140625 0.015625
2 0.646875 0.95625 0.01796875 0.02578125
9 0.3140625 0.8265625 0.03671875 0.109375
20 0.63671875 0.97421875 0.06484375 0.04921875