16 0.26328125 0.06875 0.015625 0.0078125
9 0.76953125 0.51015625 0.059375 0.06171875
9 0.83046875 0.50625 0.0578125 0.05859375
2 0.6 0.52421875 0.009375 0.01953125
2 0.665625 0.51953125 0.0078125 0.01640625
16 0.68515625 0.51875 0.00703125 0.01484375
2 0.6296875 0.5234375 0.00859375 0.01796875
16 0.6546875 0.52109375 0.00859375 0.01640625
2 0.53046875 0.53125 0.00859375 0.01640625
2 0.5203125 0.53203125 0.00625 0.015625
16 0.67578125 0.5203125 0.00859375 0.0203125
2 0.5921875 0.52734375 0.00703125 0.01640625
2 0.54140625 0.53125 0.00625 0.01640625
16 0.49921875 0.534375 0.00625 0.0171875
2 0.565625 0.52890625 0.00703125 0.01640625
2 0.575 0.52890625 0.009375 0.01953125
2 0.4640625 0.53671875 0.00546875 0.015625
16 0.5078125 0.534375 0.0078125 0.01796875
2 0.640625 0.52421875 0.01015625 0.0171875
2 0.475 0.53671875 0.00859375 0.01875
16 0.5140625 0.534375 0.0078125 0.01796875
16 0.2140625 0.56796875 0.00703125 0.01328125
16 0.22890625 0.5671875 0.00625 0.01328125
16 0.24375 0.56640625 0.00859375 0.01328125
16 0.259375 0.56484375 0.00859375 0.01484375
16 0.2671875 0.5640625 0.00859375 0.0140625
16 0.22109375 0.56796875 0.0078125 0.01328125
16 0.2359375 0.5671875 0.00703125 0.01484375
16 0.10234375 0.57734375 0.01796875 0.0078125
16 0.25234375 0.56640625 0.00859375 0.01484375
2 0.103125 0.5890625 0.015625 0.00859375
2 0.96875 0.525 0.0140625 0.0078125
4 0.575 0.55625 0.32421875 0.05859375
16 0.2703125 0.57890625 0.00546875 0.0125
16 0.23515625 0.58203125 0.0046875 0.0125
16 0.24296875 0.58125 0.01015625 0.01015625
16 0.26484375 0.58046875 0.00625 0.01171875
16 0.25078125 0.58203125 0.0046875 0.0140625
16 0.2296875 0.58359375 0.00703125 0.01171875
16 0.25859375 0.58125 0.00703125 0.0109375
16 0.25390625 0.58203125 0.0046875 0.0125
16 0.21640625 0.58515625 0.00703125 0.0125
16 0.2234375 0.58515625 0.00625 0.01171875
2 0.10390625 0.59921875 0.0140625 0.0078125
16 0.17890625 0.08125 0.00625 0.01796875
16 0.19296875 0.0796875 0.00703125 0.01640625
2 0.1859375 0.08046875 0.00703125 0.015625
2 0.20546875 0.0796875 0.00859375 0.015625
16 0.215625 0.07890625 0.00703125 0.015625
16 0.19921875 0.08046875 0.00546875 0.01640625
16 0.159375 0.62578125 0.00859375 0.01640625
9 0.2328125 0.621875 0.071875 0.05546875
9 0.08828125 0.65 0.0515625 0.09140625
4 0.71171875 0.60859375 0.2609375 0.06015625
2 0.275 0.6484375 0.0171875 0.00859375
2 0.55546875 0.63125 0.00703125 0.01484375
16 0.54296875 0.6328125 0.00703125 0.01640625
2 0.5484375 0.6328125 0.00625 0.015625
16 0.125 0.6734375 0.01328125 0.00625
16 0.20546875 0.66796875 0.0046875 0.01328125
16 0.24140625 0.665625 0.00546875 0.015625
16 0.5140625 0.6453125 0.00625 0.01484375
2 0.52109375 0.64453125 0.00703125 0.01484375
16 0.2546875 0.66484375 0.00625 0.0125
16 0.2359375 0.66640625 0.00703125 0.01484375
16 0.52734375 0.6453125 0.00546875 0.01484375
16 0.21171875 0.66796875 0.00546875 0.0140625
16 0.22421875 0.66796875 0.00625 0.0140625
16 0.2296875 0.6671875 0.00625 0.01328125
16 0.2484375 0.665625 0.00625 0.01328125
2 0.534375 0.64453125 0.00625 0.01640625
16 0.2734375 0.6640625 0.00625 0.01328125
16 0.2609375 0.66484375 0.00625 0.01484375
16 0.26640625 0.66484375 0.0046875 0.01328125
16 0.2171875 0.66875 0.00546875 0.01328125
16 0.525 0.65859375 0.00625 0.015625
16 0.22734375 0.68203125 0.00625 0.01484375
16 0.2421875 0.68046875 0.00703125 0.0140625
16 0.26875 0.67890625 0.00625 0.01484375
16 0.19609375 0.684375 0.00703125 0.01328125
16 0.25625 0.68046875 0.00625 0.01171875
16 0.21953125 0.68359375 0.0078125 0.01484375
16 0.275 0.6796875 0.00859375 0.01484375
16 0.21171875 0.684375 0.00625 0.01640625
16 0.25 0.68125 0.00625 0.0140625
16 0.2625 0.68046875 0.00703125 0.01328125
16 0.20390625 0.68515625 0.00703125 0.015625
16 0.23515625 0.6828125 0.00859375 0.015625
4 0.715625 0.65390625 0.253125 0.06484375
2 0.971875 0.63515625 0.01640625 0.01015625
16 0.57890625 0.67265625 0.01640625 0.00859375
2 0.5484375 0.67578125 0.0125 0.00703125
2 0.56171875 0.675 0.0125 0.00703125
9 0.4203125 0.6921875 0.1671875 0.1703125
2 0.95 0.66171875 0.0140625 0.0078125
4 0.91640625 0.66484375 0.0640625 0.2390625
16 0.965625 0.66171875 0.0140625 0.00703125
2 0.10703125 0.728125 0.009375 0.015625
16 0.62578125 0.69140625 0.01328125 0.00546875
16 0.95234375 0.6703125 0.0140625 0.00546875
2 0.9671875 0.66953125 0.015625 0.0078125
16 0.625 0.696875 0.01328125 0.00703125
2 0.33125 0.72421875 0.01328125 0.00703125
2 0.04921875 0.10390625 0.02734375 0.03359375
2 0.62578125 0.70546875 0.01640625 0.00859375
4 0.73203125 0.7 0.196875 0.05390625
4 0.8671875 0.690625 0.05703125 0.18828125
16 0.60625 0.71328125 0.0078125 0.01640625
2 0.6140625 0.7125 0.00625 0.01484375
2 0.5984375 0.7140625 0.00703125 0.015625
2 0.5171875 0.72109375 0.0140625 0.00859375
16 0.70546875 0.05625 0.00703125 0.0140625
2 0.17109375 0.7484375 0.0078125 0.015625
2 0.01171875 0.10703125 0.0234375 0.0296875
16 0.71640625 0.05625 0.00625 0.01484375
16 0.7296875 0.05546875 0.0046875 0.01484375
2 0.603125 0.7265625 0.01484375 0.0078125
16 0.74140625 0.05546875 0.00625 0.01640625
16 0.753125 0.0546875 0.00703125 0.0171875
2 0.07578125 0.78203125 0.0140625 0.00859375
2 0.1734375 0.77734375 0.0078125 0.01484375
2 0.334375 0.7765625 0.01640625 0.01015625
9 0.125 0.79296875 0.08515625 0.11640625
4 0.728125 0.76015625 0.22265625 0.07109375
9 0.52109375 0.075 0.04375 0.03984375
2 0.078125 0.81171875 0.01484375 0.00859375
2 0.5078125 0.78359375 0.01640625 0.009375
16 0.42421875 0.79296875 0.00703125 0.01796875
2 0.6265625 0.0703125 0.01015625 0.01328125
16 0.68671875 0.06640625 0.00625 0.01796875
2 0.59296875 0.07265625 0.00859375 0.01640625
2 0.60546875 0.07265625 0.0078125 0.01640625
2 0.08515625 0.8453125 0.00703125 0.015625
2 0.615625 0.071875 0.009375 0.01484375
16 0.6578125 0.06875 0.00703125 0.01484375
16 0.66953125 0.06796875 0.0078125 0.01796875
2 0.6375 0.07109375 0.00703125 0.01484375
16 0.46171875 0.084375 0.00703125 0.0140625
16 0.559375 0.07734375 0.00703125 0.01640625
2 0.57578125 0.07578125 0.00625 0.01640625
16 0.56875 0.0765625 0.00703125 0.01796875
16 0.375 0.090625 0.0078125 0.01796875
16 0.30234375 0.09609375 0.00703125 0.01640625
16 0.365625 0.09140625 0.009375 0.015625
16 0.3984375 0.0890625 0.00703125 0.015625
16 0.41484375 0.08828125 0.00625 0.015625
16 0.43125 0.08671875 0.00703125 0.01484375
16 0.44921875 0.08515625 0.00859375 0.01484375
2 0.1625 0.8546875 0.0140625 0.00859375
16 0.47265625 0.084375 0.00703125 0.0140625
16 0.484375 0.0828125 0.00859375 0.01484375
16 0.3828125 0.090625 0.00703125 0.01484375
16 0.40390625 0.0890625 0.00625 0.01640625
16 0.390625 0.08984375 0.00859375 0.015625
16 0.35234375 0.09296875 0.00703125 0.0171875
16 0.44140625 0.08671875 0.0078125 0.01484375
2 0.11484375 0.8640625 0.0078125 0.01640625
16 0.1234375 0.86328125 0.00625 0.01484375
16 0.12890625 0.86328125 0.0046875 0.01328125
16 0.10625 0.86484375 0.00703125 0.01484375
16 0.1484375 0.86171875 0.00703125 0.01640625
16 0.0984375 0.865625 0.00625 0.015625
16 0.0921875 0.86640625 0.00703125 0.01484375
16 0.1359375 0.8640625 0.00859375 0.015625
16 0.30859375 0.096875 0.00625 0.01640625
2 0.0609375 0.87109375 0.02578125 0.02734375
9 0.89921875 0.8125 0.0578125 0.0578125
16 0.33125 0.09609375 0.00703125 0.01796875
4 0.55546875 0.85078125 0.609375 0.084375
16 0.934375 0.8265625 0.0078125 0.01640625
2 0.94140625 0.82578125 0.00703125 0.01640625
16 0.8578125 0.0578125 0.0078125 0.01484375
4 0.9734375 0.828125 0.0515625 0.09140625
16 0.73046875 0.06953125 0.00625 0.01484375
16 0.71796875 0.0703125 0.0046875 0.01328125
16 0.70625 0.07109375 0.00625 0.01171875
16 0.834375 0.06171875 0.00625 0.01640625
16 0.7421875 0.06953125 0.0046875 0.01171875
16 0.75390625 0.06875 0.0046875 0.01171875
2 0.075 0.92265625 0.03515625 0.040625
4 0.5609375 0.890625 0.6171875 0.08671875
2 0.19140625 0.91875 0.040625 0.0453125
9 0.9375 0.86640625 0.0078125 0.0171875
16 0.94453125 0.86796875 0.0078125 0.01484375
9 0.903125 0.87890625 0.059375 0.059375
2 0.0203125 0.1265625 0.0078125 0.015625
16 0.240625 0.95234375 0.00625 0.01484375
16 0.85234375 0.909375 0.0140625 0.0078125
16 0.228125 0.96328125 0.0046875 0.01484375
16 0.8515625 0.9171875 0.0140625 0.0078125
2 0.221875 0.96328125 0.0078125 0.01484375
2 0.234375 0.96328125 0.00859375 0.015625
4 0.5078125 0.94375 0.503125 0.075
2 0.23046875 0.11328125 0.00625 0.0140625
16 0.8203125 0.92578125 0.00625 0.01328125
16 0.8265625 0.925 0.00546875 0.01328125
16 0.9109375 0.91953125 0.00703125 0.01328125
16 0.8140625 0.9265625 0.00703125 0.0171875
16 0.83984375 0.925 0.00703125 0.01484375
16 0.83359375 0.925 0.00703125 0.01484375
2 0.9203125 0.91875 0.00703125 0.015625
16 0.8859375 0.921875 0.00703125 0.01484375
2 0.903125 0.9203125 0.00703125 0.01484375
2 0.21875 0.984375 0.040625 0.0296875
4 0.50859375 0.9734375 0.5046875 0.05234375
2 0.0421875 0.14921875 0.0421875 0.0421875
16 0.20859375 0.1390625 0.009375 0.015625
16 0.23125 0.1375 0.00703125 0.015625
16 0.2390625 0.13671875 0.00703125 0.01484375
16 0.2453125 0.1359375 0.00703125 0.01796875
16 0.21953125 0.13828125 0.00703125 0.01484375
16 0.1984375 0.140625 0.00625 0.01484375
2 0.18515625 0.1421875 0.00625 0.01796875
4 0.58125 0.1140625 0.60546875 0.0859375
16 0.19140625 0.14296875 0.00859375 0.01875
2 0.18984375 0.16171875 0.034375 0.0421875
2 0.14765625 0.165625 0.0328125 0.03671875
9 0.93203125 0.11328125 0.05625 0.0625
9 0.2453125 0.1828125 0.04375 0.04296875
2 0.27265625 0.18984375 0.00703125 0.01640625
2 0.06328125 0.21015625 0.04375 0.04453125
2 0.14375 0.2046875 0.0359375 0.04765625
2 0.184375 0.203125 0.040625 0.04375
4 0.628125 0.17578125 0.3796875 0.07421875
16 0.0328125 0.2203125 0.00703125 0.01640625
16 0.021875 0.22109375 0.00625 0.01484375
16 0.22734375 0.2125 0.00703125 0.01484375
16 0.21953125 0.21328125 0.00703125 0.01484375
2 0.26171875 0.22109375 0.00859375 0.01875
16 0.27734375 0.2203125 0.0078125 0.01796875
16 0.26953125 0.221875 0.00703125 0.01953125
16 0.0921875 0.24765625 0.00703125 0.015625
2 0.95546875 0.18515625 0.01484375 0.009375
16 0.1 0.24921875 0.0078125 0.0171875
16 0.31875 0.23671875 0.00859375 0.01328125
16 0.32578125 0.23671875 0.00859375 0.015625
16 0.3421875 0.2359375 0.00859375 0.015625
16 0.3328125 0.23671875 0.00625 0.0140625
16 0.7046875 0.21015625 0.00859375 0.01640625
16 0.76953125 0.20625 0.00703125 0.01796875
16 0.77890625 0.20546875 0.0109375 0.02109375
16 0.33515625 0.25 0.00703125 0.01328125
16 0.3421875 0.25 0.00859375 0.01328125
16 0.35390625 0.25078125 0.00703125 0.0171875
16 0.3203125 0.253125 0.0078125 0.01484375
16 0.328125 0.253125 0.0078125 0.01328125
16 0.36015625 0.25078125 0.00859375 0.01484375
16 0.1875 0.04609375 0.0140625 0.00859375
16 0.70703125 0.2296875 0.00859375 0.01484375
9 0.86171875 0.2265625 0.0890625 0.1984375
9 0.93828125 0.22265625 0.05703125 0.0625
16 0.40625 0.26953125 0.00859375 0.01875
2 0.30859375 0.28828125 0.00703125 0.0171875
2 0.29453125 0.29375 0.00625 0.01171875
4 0.6375 0.2703125 0.37421875 0.07109375
2 0.421875 0.2890625 0.01484375 0.00859375
16 0.4421875 0.28828125 0.01484375 0.00859375
4 0.5734375 0.0328125 0.609375 0.065625
16 0.44375 0.29609375 0.01640625 0.0078125
16 0.44453125 0.30390625 0.015625 0.00703125
16 0.26171875 0.04609375 0.0140625 0.00859375
16 0.44609375 0.30859375 0.01796875 0.0046875
4 0.12578125 0.05703125 0.11171875 0.0328125
16 0.4453125 0.3140625 0.015625 0.00859375
16 0.4796875 0.3140625 0.01953125 0.01015625
16 0.44609375 0.32265625 0.0140625 0.0078125
16 0.7890625 0.29765625 0.0078125 0.01484375
16 0.48046875 0.32265625 0.01484375 0.00703125
16 0.4609375 0.32890625 0.01953125 0.0078125
2 0.09296875 0.35859375 0.00546875 0.0140625
2 0.06953125 0.36015625 0.00625 0.0140625
2 0.16875 0.35234375 0.00625 0.01328125
2 0.103125 0.3578125 0.00546875 0.01328125
2 0.08203125 0.359375 0.00703125 0.01640625
2 0.14296875 0.35546875 0.00703125 0.01171875
2 0.12109375 0.35703125 0.00546875 0.01328125
2 0.153125 0.3546875 0.00703125 0.01328125
2 0.13046875 0.35703125 0.00703125 0.01328125
16 0.06171875 0.36171875 0.00703125 0.01171875
2 0.18125 0.3578125 0.0125 0.00859375
16 0.4609375 0.3375 0.01796875 0.00859375
16 0.71171875 0.32109375 0.00859375 0.01640625
2 0.790625 0.315625 0.009375 0.01640625
16 0.065625 0.0640625 0.00625 0.0171875
2 0.05859375 0.06484375 0.00703125 0.015625
2 0.18125 0.36796875 0.0140625 0.0078125
2 0.0671875 0.384375 0.0140625 0.00703125
2 0.4390625 0.36015625 0.0078125 0.01796875
2 0.06953125 0.39296875 0.015625 0.00859375
2 0.9296875 0.334375 0.00703125 0.01484375
9 0.36015625 0.378125 0.15703125 0.16796875
2 0.18515625 0.3921875 0.0125 0.00546875
4 0.6421875 0.36640625 0.3703125 0.06328125
16 0.184375 0.40078125 0.0125 0.00703125
2 0.06953125 0.41171875 0.0140625 0.00703125
2 0.184375 0.4109375 0.0140625 0.0078125
9 0.0296875 0.07265625 0.04765625 0.04140625
2 0.07109375 0.4234375 0.01484375 0.00859375
16 0.44140625 0.4 0.00703125 0.0171875
2 0.07109375 0.4359375 0.0140625 0.00625
2 0.1875 0.42734375 0.0125 0.00703125
2 0.18671875 0.4375 0.0125 0.00703125
2 0.0734375 0.4484375 0.01484375 0.00859375
16 0.971875 0.384375 0.00859375 0.0171875
16 0.778125 0.4 0.0078125 0.01640625
2 0.18828125 0.4484375 0.0109375 0.00546875
16 0.26328125 0.059375 0.01484375 0.00859375
9 0.9078125 0.396875 0.125 0.1109375
16 0.071875 0.459375 0.0140625 0.0078125
16 0.71796875 0.4140625 0.0078125 0.0140625
2 0.18828125 0.459375 0.01328125 0.00703125
2 0.07421875 0.46953125 0.01484375 0.0078125
2 0.171875 0.46953125 0.00703125 0.0140625
2 0.15 0.471875 0.00625 0.0140625
2 0.11953125 0.4734375 0.00703125 0.01484375
2 0.190625 0.46875 0.0125 0.00546875
2 0.1609375 0.47109375 0.00625 0.01328125
2 0.14140625 0.47265625 0.00546875 0.01328125
2 0.09296875 0.4765625 0.00703125 0.01484375
2 0.13125 0.47421875 0.00625 0.015625
2 0.10625 0.47578125 0.00546875 0.01328125
16 0.07421875 0.48046875 0.015625 0.0078125
2 0.4 0.46328125 0.0078125 0.01640625
2 0.3765625 0.46953125 0.00859375 0.01640625
4 0.6484375 0.45546875 0.37890625 0.065625
16 0.975 0.440625 0.01015625 0.01640625
2 0.9703125 0.459375 0.00625 0.01328125