2 0.528125 0.6015625 0.0109375 0.02109375
2 0.57578125 0.6109375 0.0078125 0.01875
2 0.584375 0.61328125 0.0109375 0.01640625
2 0.47890625 0.6015625 0.01875 0.0140625
2 0.428125 0.6578125 0.05 0.071875
2 0.96796875 0.7625 0.0296875 0.046875
20 0.42734375 0.68828125 0.01953125 0.02265625
2 0.946875 0.7671875 0.0359375 0.04296875
2 0.4046875 0.703125 0.01640625 0.0125
2 0.484375 0.71640625 0.028125 0.03515625
16 0.15859375 0.675 0.009375 0.02109375
16 0.26015625 0.6890625 0.00703125 0.01640625
16 0.16796875 0.67734375 0.0078125 0.0203125
16 0.2328125 0.68984375 0.0140625 0.01171875
16 0.17734375 0.696875 0.0078125 0.0171875
16 0.16953125 0.696875 0.00859375 0.01640625
16 0.23359375 0.70703125 0.009375 0.01640625
16 0.24140625 0.7078125 0.00703125 0.01875
2 0.94140625 0.8109375 0.01484375 0.0140625
20 0.95859375 0.8171875 0.01796875 0.02265625
16 0.4609375 0.75078125 0.00703125 0.015625
16 0.453125 0.7515625 0.009375 0.01796875
16 0.43515625 0.75234375 0.0078125 0.01796875
16 0.44453125 0.75546875 0.009375 0.021875
2 0.37578125 0.75625 0.05234375 0.059375
2 0.5140625 0.784375 0.00859375 0.01484375
2 0.45 0.77578125 0.0078125 0.01796875
2 0.4421875 0.77578125 0.009375 0.01875
2 0.49765625 0.7828125 0.0078125 0.01796875
2 0.50625 0.78515625 0.0078125 0.015625
2 0.43359375 0.775 0.0109375 0.021875
2 0.45859375 0.778125 0.01015625 0.021875
2 0.48828125 0.7828125 0.009375 0.01953125
9 0.97109375 0.8515625 0.00703125 0.02265625
20 0.95546875 0.8484375 0.025 0.0328125
2 0.3859375 0.79921875 0.0234375 0.025
2 0.35 0.80625 0.02578125 0.03203125
2 0.378125 0.828125 0.02890625 0.0390625
2 0.34140625 0.8359375 0.02578125 0.0359375
9 0.46328125 0.85703125 0.0640625 0.07890625
2 0.30625 0.86875 0.02734375 0.03671875
2 0.37109375 0.8796875 0.01328125 0.02421875
9 0.371875 0.8875 0.03203125 0.05625
9 0.3328125 0.88828125 0.028125 0.046875
2 0.303125 0.9046875 0.0296875 0.0296875
2 0.4703125 0.934375 0.00859375 0.01875
2 0.50859375 0.9390625 0.0109375 0.02109375
2 0.4984375 0.93828125 0.0109375 0.0234375
2 0.4359375 0.93046875 0.0109375 0.02578125
2 0.4890625 0.93828125 0.01484375 0.021875
2 0.46171875 0.934375 0.0109375 0.01640625
2 0.51796875 0.9421875 0.0125 0.02578125
2 0.4796875 0.93671875 0.0125 0.0203125
2 0.45078125 0.93359375 0.0109375 0.02578125
2 0.41640625 0.92890625 0.0109375 0.02421875
2 0.40703125 0.92734375 0.0078125 0.021875
2 0.42578125 0.93125 0.0109375 0.02265625
16 0.34921875 0.9453125 0.009375 0.01796875
16 0.33515625 0.9453125 0.0078125 0.0140625
2 0.5078125 0.9734375 0.0328125 0.05234375
2 0.46796875 0.98046875 0.0515625 0.0375
2 0.1765625 0.02265625 0.0328125 0.04453125
2 0.115625 0.01875 0.02578125 0.0375
2 0.090625 0.0265625 0.03671875 0.05234375
16 0.6375 0.25859375 0.01484375 0.0109375
20 0.66484375 0.26875 0.01875 0.02109375
2 0.71171875 0.29140625 0.0421875 0.06875
2 0.7578125 0.30546875 0.04296875 0.07265625
2 0.32734375 0.2484375 0.05078125 0.04453125
20 0.66328125 0.296875 0.025 0.0125
16 0.61796875 0.290625 0.00703125 0.01328125
16 0.628125 0.29921875 0.01015625 0.01796875
16 0.6375 0.3015625 0.00859375 0.0203125
20 0.44921875 0.284375 0.0171875 0.028125
2 0.9765625 0.365625 0.0453125 0.05390625
20 0.66015625 0.3265625 0.01796875 0.025
9 0.89921875 0.365625 0.04140625 0.0375
2 0.58203125 0.32578125 0.05390625 0.05
20 0.44609375 0.30703125 0.0203125 0.02265625
20 0.48125 0.3125 0.01796875 0.02421875
2 0.52421875 0.32109375 0.0578125 0.04765625
2 0.9296875 0.378125 0.0109375 0.01953125
20 0.63984375 0.34609375 0.01875 0.0265625
20 0.65703125 0.35 0.01640625 0.02265625
2 0.99296875 0.4 0.01328125 0.05703125
2 0.90546875 0.38984375 0.01328125 0.0109375
2 0.88984375 0.3875 0.01875 0.0140625
2 0.53671875 0.35546875 0.01015625 0.02109375
2 0.478125 0.34921875 0.01015625 0.01875
2 0.4859375 0.3515625 0.0078125 0.01875
2 0.58671875 0.36640625 0.01484375 0.01328125
20 0.659375 0.37890625 0.01796875 0.025
20 0.68046875 0.39140625 0.01953125 0.0234375
20 0.50390625 0.39765625 0.02109375 0.028125
20 0.590625 0.41015625 0.01484375 0.02265625
20 0.48671875 0.396875 0.01953125 0.02109375
20 0.5203125 0.4015625 0.01796875 0.0234375
2 0.44921875 0.42265625 0.040625 0.05234375
20 0.9828125 0.525 0.02109375 0.0265625
2 0.58984375 0.48203125 0.03828125 0.071875
20 0.98046875 0.54765625 0.01796875 0.0265625
2 0.6171875 0.5 0.01640625 0.015625
2 0.6171875 0.5109375 0.01796875 0.0125
2 0.61640625 0.521875 0.01328125 0.01171875
4 0.03671875 0.4453125 0.04609375 0.11015625
2 0.43828125 0.503125 0.03984375 0.07578125
9 0.5515625 0.53046875 0.084375 0.11015625
20 0.97578125 0.5984375 0.0265625 0.0296875
2 0.4921875 0.53984375 0.01484375 0.0140625
2 0.6234375 0.56484375 0.009375 0.025
2 0.6046875 0.5625 0.01484375 0.01953125
2 0.615625 0.5640625 0.01015625 0.02265625
2 0.490625 0.553125 0.0140625 0.01015625
20 0.43828125 0.5578125 0.01796875 0.02421875
16 0.20546875 0.53671875 0.00625 0.015625
2 0.4890625 0.57578125 0.01640625 0.0109375
16 0.1984375 0.53671875 0.00859375 0.01640625
2 0.5015625 0.59609375 0.01015625 0.01875
2 0.5109375 0.5984375 0.00859375 0.01875