9 0.5734375 0.54609375 0.14375 0.18828125
16 0.02578125 0.65 0.015625 0.01328125
2 0.6515625 0.54140625 0.01796875 0.01015625
2 0.7296875 0.52890625 0.021875 0.02734375
16 0.74375 0.528125 0.0078125 0.0203125
16 0.71171875 0.534375 0.009375 0.02109375
2 0.6703125 0.01640625 0.009375 0.0234375
2 0.70234375 0.53828125 0.01015625 0.02734375
2 0.6921875 0.54140625 0.01171875 0.0234375
2 0.925 0.49921875 0.0125 0.0328125
2 0.9453125 0.49609375 0.0109375 0.0265625
2 0.8875 0.5078125 0.009375 0.02734375
2 0.90625 0.5046875 0.01015625 0.025
2 0.96484375 0.49375 0.0125 0.028125
2 0.984375 0.48984375 0.0125 0.028125
4 0.3109375 0.6109375 0.34296875 0.109375
16 0.65078125 0.55078125 0.015625 0.01015625
16 0.028125 0.6625 0.015625 0.0109375
16 0.753125 0.55390625 0.009375 0.02109375
2 0.7359375 0.5578125 0.00859375 0.0234375
16 0.74375 0.55703125 0.00859375 0.01953125
16 0.7609375 0.553125 0.00859375 0.01953125
16 0.72578125 0.5609375 0.009375 0.02109375
2 0.696875 0.565625 0.0109375 0.0234375
2 0.70703125 0.5640625 0.00859375 0.0234375
16 0.03828125 0.13203125 0.01796875 0.0140625
16 0.65546875 0.58125 0.015625 0.01171875
16 0.45 0.61875 0.01796875 0.015625
16 0.21171875 0.6625 0.009375 0.0234375
16 0.2015625 0.66484375 0.01015625 0.02109375
2 0.2203125 0.66171875 0.00859375 0.02109375
2 0.23046875 0.66015625 0.009375 0.02265625
2 0.0171875 0.13671875 0.0203125 0.0140625
2 0.95 0.53359375 0.01328125 0.03046875
2 0.96875 0.5296875 0.015625 0.0328125
16 0.19296875 0.66953125 0.009375 0.02265625
16 0.0765625 0.690625 0.0171875 0.01328125
2 0.89296875 0.54453125 0.0078125 0.0265625
2 0.9296875 0.53828125 0.0140625 0.02890625
2 0.9875 0.528125 0.015625 0.02890625
2 0.91171875 0.54296875 0.01171875 0.028125
16 0.65546875 0.59375 0.01796875 0.0140625
2 0.07109375 0.709375 0.01171875 0.0234375
2 0.08203125 0.7078125 0.01015625 0.02421875
22 0.41796875 0.65 0.065625 0.0734375
16 0.6578125 0.60703125 0.01796875 0.01171875
9 0.35390625 0.66171875 0.06015625 0.07265625
16 0.7921875 0.5859375 0.0078125 0.0203125
16 0.659375 0.61875 0.01640625 0.01171875
2 0.99296875 0.5625 0.0125 0.03046875
2 0.934375 0.5734375 0.01640625 0.03203125
2 0.915625 0.578125 0.01484375 0.02890625
2 0.896875 0.58125 0.0109375 0.02734375
2 0.275 0.69296875 0.0109375 0.02578125
9 0.73203125 0.61171875 0.0875 0.078125
2 0.95390625 0.571875 0.0109375 0.0296875
2 0.265625 0.69453125 0.01015625 0.02578125
2 0.9734375 0.56953125 0.0125 0.028125
2 0.22578125 0.70390625 0.01171875 0.02578125
16 0.4515625 0.6625 0.0109375 0.021875
2 0.24609375 0.7 0.0109375 0.028125
2 0.21796875 0.70546875 0.0109375 0.02578125
2 0.20546875 0.7078125 0.0109375 0.028125
2 0.178125 0.7125 0.009375 0.02421875
2 0.1671875 0.71484375 0.009375 0.0234375
2 0.23515625 0.70234375 0.009375 0.02578125
2 0.38828125 0.675 0.0109375 0.02734375
2 0.18671875 0.71171875 0.009375 0.0234375
2 0.29453125 0.69296875 0.009375 0.02734375
2 0.196875 0.7109375 0.00859375 0.02265625
2 0.30390625 0.69140625 0.01015625 0.02421875
2 0.25625 0.7 0.009375 0.02578125
2 0.28359375 0.6953125 0.0125 0.0234375
2 0.1484375 0.71953125 0.009375 0.0234375
2 0.1578125 0.71796875 0.009375 0.0234375
16 0.46171875 0.66484375 0.0109375 0.021875
16 0.48203125 0.6609375 0.009375 0.021875
16 0.471875 0.66328125 0.0125 0.0234375
2 0.48984375 0.6609375 0.0109375 0.02890625
16 0.6609375 0.63125 0.01796875 0.01171875
16 0.79453125 0.60859375 0.0125 0.01953125
16 0.64609375 0.64453125 0.0109375 0.02265625
16 0.79765625 0.63125 0.009375 0.01875
16 0.090625 0.76015625 0.009375 0.0203125
16 0.0984375 0.76015625 0.0109375 0.021875
2 0.99453125 0.6015625 0.01015625 0.03203125
2 0.9375 0.61171875 0.01015625 0.028125
2 0.91875 0.61484375 0.01171875 0.0265625
2 0.90078125 0.61875 0.01015625 0.025
2 0.97734375 0.60546875 0.0140625 0.03046875
2 0.9578125 0.609375 0.0109375 0.0265625
4 0.34296875 0.71953125 0.3625 0.10703125
2 0.69375 0.67421875 0.009375 0.02734375
16 0.721875 0.66953125 0.0078125 0.0203125
16 0.73125 0.66796875 0.00859375 0.0203125
16 0.7125 0.671875 0.009375 0.0203125
2 0.7640625 0.6625 0.00859375 0.0234375
16 0.77578125 0.6609375 0.00859375 0.02109375
16 0.7421875 0.66796875 0.009375 0.02109375
16 0.75078125 0.66640625 0.00859375 0.01875
2 0.7921875 0.6609375 0.009375 0.02265625
2 0.80234375 0.659375 0.0109375 0.02734375
16 0.6828125 0.68125 0.009375 0.02109375
16 0.65078125 0.7109375 0.01015625 0.0203125
16 0.659375 0.709375 0.00859375 0.02265625
4 0.37109375 0.77421875 0.54609375 0.13984375
16 0.7015625 0.71875 0.01796875 0.01328125
16 0.74296875 0.72890625 0.009375 0.0171875
16 0.75234375 0.7265625 0.009375 0.02109375
16 0.7625 0.7265625 0.01015625 0.02265625
9 0.7140625 0.74453125 0.040625 0.04609375
16 0.76015625 0.75078125 0.01875 0.0125
2 0.784375 0.74765625 0.01015625 0.02578125
2 0.73984375 0.75546875 0.0109375 0.02734375
16 0.68203125 0.7671875 0.0109375 0.02109375
16 0.65390625 0.771875 0.009375 0.02109375
16 0.6625 0.77109375 0.0109375 0.02265625
16 0.67265625 0.76953125 0.009375 0.02109375
2 0.3296875 0.8359375 0.0140625 0.02734375
2 0.51875 0.8046875 0.009375 0.02890625
9 0.06875 0.87578125 0.08984375 0.24765625
2 0.75703125 0.7640625 0.01953125 0.0125
9 0.67109375 0.80703125 0.04296875 0.04921875
9 0.7703125 0.790625 0.040625 0.04375
9 0.7203125 0.80078125 0.0375 0.04375
2 0.696875 0.8140625 0.0125 0.02734375
2 0.746875 0.80546875 0.0109375 0.02421875
4 0.38125 0.87578125 0.54609375 0.146875
4 0.29296875 0.11171875 0.446875 0.11796875
16 0.675 0.8375 0.01796875 0.01328125
16 0.95078125 0.7890625 0.0171875 0.0125
16 0.778125 0.825 0.00859375 0.01875
16 0.7390625 0.83203125 0.0109375 0.0234375
2 0.76796875 0.82734375 0.00859375 0.0234375
2 0.78828125 0.82421875 0.01015625 0.025
2 0.74921875 0.83125 0.009375 0.02265625
16 0.759375 0.8296875 0.0109375 0.021875
16 0.79765625 0.8234375 0.009375 0.02265625
16 0.8078125 0.82109375 0.009375 0.02109375
2 0.8171875 0.8203125 0.0078125 0.0234375
9 0.90390625 0.81328125 0.07265625 0.053125
16 0.36015625 0.92578125 0.0109375 0.0234375
16 0.584375 0.8859375 0.01171875 0.02265625
16 0.35078125 0.928125 0.0078125 0.021875
16 0.28203125 0.940625 0.0109375 0.021875
16 0.37109375 0.925 0.009375 0.0234375
16 0.33046875 0.93203125 0.00703125 0.02109375
16 0.2625 0.94453125 0.00859375 0.01953125
16 0.3015625 0.9375 0.0109375 0.01875
16 0.56640625 0.89140625 0.015625 0.03125
2 0.19453125 0.9578125 0.009375 0.0234375
16 0.34296875 0.93125 0.00859375 0.0234375
16 0.184375 0.959375 0.0125 0.0234375
2 0.95234375 0.821875 0.01015625 0.0234375
16 0.940625 0.8453125 0.00859375 0.01953125
16 0.9546875 0.84453125 0.0078125 0.0171875
9 0.76484375 0.88203125 0.17578125 0.12265625
2 0.93046875 0.865625 0.01171875 0.02734375
2 0.85078125 0.8828125 0.00703125 0.021875
16 0.9421875 0.86640625 0.0125 0.0234375
16 0.95625 0.86328125 0.0109375 0.0234375
2 0.8640625 0.88046875 0.009375 0.02265625
4 0.3921875 0.9484375 0.553125 0.1015625
2 0.8515625 0.90859375 0.00859375 0.02421875
16 0.8625 0.90703125 0.00859375 0.01953125
16 0.91328125 0.903125 0.009375 0.0203125
16 0.90078125 0.90546875 0.009375 0.0203125
2 0.86484375 0.9296875 0.01171875 0.0203125
16 0.915625 0.92265625 0.009375 0.015625
16 0.51875 0.99765625 0.009375 0.00390625
16 0.50859375 0.9984375 0.0078125 0.00234375
9 0.9296875 0.03828125 0.0546875 0.0765625
16 0.6453125 0.97578125 0.0109375 0.0078125
16 0.5296875 0.99609375 0.0109375 0.00703125
16 0.5578125 0.9921875 0.0078125 0.00546875
2 0.96796875 0.91796875 0.00859375 0.00703125
9 0.7875 0.94375 0.1375 0.04296875
9 0.625 0.071875 0.09375 0.14375
2 0.02734375 0.1890625 0.01796875 0.0125
16 0.0578125 0.18515625 0.01796875 0.0125
2 0.72734375 0.07109375 0.02109375 0.01171875
2 0.05859375 0.19765625 0.01875 0.0125
2 0.03046875 0.203125 0.021875 0.01484375
2 0.85234375 0.06015625 0.0109375 0.0234375
4 0.3 0.159375 0.46015625 0.13125
2 0.8921875 0.05546875 0.01796875 0.0140625
2 0.58203125 0.12578125 0.0109375 0.0234375
4 0.30546875 0.21015625 0.44765625 0.1203125
2 0.68203125 0.1546875 0.0109375 0.0234375
2 0.5859375 0.18046875 0.0125 0.02265625
9 0.7828125 0.15390625 0.14921875 0.19296875
4 0.30234375 0.25859375 0.60390625 0.15078125
2 0.7109375 0.21015625 0.009375 0.0234375
2 0.721875 0.20859375 0.009375 0.02421875
9 0.64140625 0.22265625 0.09453125 0.13359375
2 0.90390625 0.18046875 0.0140625 0.03359375
9 0.9515625 0.1734375 0.04765625 0.134375
16 0.115625 0.32578125 0.0109375 0.01953125
16 0.57421875 0.24453125 0.01015625 0.0234375
2 0.12578125 0.32421875 0.0125 0.02421875
4 0.0703125 0.34296875 0.084375 0.05859375
4 0.4390625 0.28046875 0.23515625 0.08515625
16 0.721875 0.23203125 0.00859375 0.01875
16 0.5765625 0.26953125 0.0109375 0.02109375
16 0.5875 0.26796875 0.0078125 0.0203125
16 0.55703125 0.27578125 0.01640625 0.01328125
2 0.02734375 0.37421875 0.0109375 0.0265625
2 0.01796875 0.37734375 0.0109375 0.025
2 0.59765625 0.27421875 0.009375 0.02421875
16 0.315625 0.3265625 0.01796875 0.01328125
4 0.21328125 0.346875 0.19140625 0.08203125
16 0.5609375 0.2859375 0.01484375 0.0109375
2 0.84609375 0.240625 0.0125 0.021875
16 0.73125 0.26171875 0.009375 0.02109375
16 0.31484375 0.34140625 0.009375 0.01875
16 0.56328125 0.2984375 0.0140625 0.01171875
16 0.925 0.23515625 0.0078125 0.01796875
4 0.07421875 0.390625 0.08828125 0.04921875
16 0.0296875 0.39921875 0.009375 0.02109375
16 0.56015625 0.30625 0.01875 0.0203125
4 0.4421875 0.32734375 0.2328125 0.08203125
4 0.2875 0.0625 0.453125 0.125
16 0.3171875 0.3625 0.0078125 0.01953125
16 0.7875 0.278125 0.009375 0.0203125
9 0.590625 0.31328125 0.03984375 0.04765625
16 0.77734375 0.28046875 0.0109375 0.01953125
16 0.30546875 0.3734375 0.015625 0.01015625
16 0.13828125 0.40390625 0.01640625 0.0140625
16 0.28671875 0.378125 0.0140625 0.0109375
16 0.17578125 0.3984375 0.01875 0.0125
16 0.15703125 0.4015625 0.0171875 0.01171875
2 0.009375 0.43046875 0.01171875 0.02421875
2 0.03515625 0.42578125 0.009375 0.02109375
2 0.00234375 0.4328125 0.00390625 0.0234375
2 0.01796875 0.43046875 0.0109375 0.02421875
16 0.859375 0.28046875 0.01640625 0.01484375
16 0.9578125 0.26328125 0.009375 0.02265625
16 0.975 0.2609375 0.00859375 0.02109375
16 0.96796875 0.2640625 0.0125 0.02265625
16 0.78046875 0.30234375 0.0109375 0.02421875
16 0.78984375 0.3015625 0.01015625 0.02109375
9 0.65859375 0.325 0.0375 0.04375
16 0.55234375 0.3453125 0.01015625 0.0203125
2 0.68125 0.32578125 0.0109375 0.02421875
16 0.85 0.30078125 0.01640625 0.015625
16 0.94296875 0.28984375 0.01875 0.0125
4 0.28828125 0.40859375 0.334375 0.1
16 0.59140625 0.3578125 0.0078125 0.0171875
16 0.58359375 0.359375 0.00703125 0.01796875
16 0.84140625 0.3140625 0.0171875 0.015625
16 0.575 0.36328125 0.01171875 0.0171875
16 0.67109375 0.34921875 0.01953125 0.01484375
16 0.5578125 0.3703125 0.009375 0.01796875
16 0.53046875 0.3765625 0.0078125 0.01796875
16 0.53984375 0.375 0.0078125 0.0234375
16 0.54765625 0.375 0.0078125 0.01953125
16 0.834375 0.32578125 0.01640625 0.01171875
9 0.07890625 0.46171875 0.075 0.09609375
16 0.0296875 0.4953125 0.0171875 0.0125
16 0.159375 0.475 0.009375 0.021875
16 0.14921875 0.4765625 0.01171875 0.02109375
16 0.03125 0.5078125 0.0171875 0.0125
2 0.21953125 0.4796875 0.00859375 0.02265625
16 0.253125 0.47421875 0.009375 0.01953125
16 0.23359375 0.47890625 0.009375 0.02109375
16 0.2421875 0.478125 0.01015625 0.01953125
16 0.15546875 0.496875 0.0109375 0.02265625
2 0.178125 0.49296875 0.0078125 0.021875
16 0.1640625 0.496875 0.009375 0.02109375
2 0.190625 0.49296875 0.0109375 0.0265625
2 0.20078125 0.490625 0.009375 0.0234375
16 0.14453125 0.50078125 0.01171875 0.02109375
16 0.10859375 0.51328125 0.00859375 0.021875
16 0.0890625 0.51796875 0.01015625 0.01953125
16 0.628125 0.44765625 0.01875 0.0125
4 0.30078125 0.50859375 0.334375 0.10859375
2 0.49296875 0.4921875 0.009375 0.021875
2 0.01875 0.578125 0.01796875 0.01171875
2 0.48359375 0.49609375 0.0125 0.025
2 0.571875 0.02578125 0.01015625 0.021875
16 0.01953125 0.590625 0.0171875 0.01171875
16 0.68125 0.484375 0.0078125 0.01875
16 0.02109375 0.603125 0.015625 0.0125
16 0.6640625 0.49140625 0.009375 0.021875
16 0.65546875 0.49296875 0.0078125 0.01953125
16 0.6453125 0.4953125 0.0078125 0.01796875
16 0.2125 0.57734375 0.00859375 0.0234375
9 0.71171875 0.490625 0.0390625 0.0390625
16 0.02265625 0.61484375 0.015625 0.0125
2 0.73671875 0.48984375 0.00859375 0.021875
9 0.08671875 0.60703125 0.11328125 0.1203125
16 0.18046875 0.59453125 0.00859375 0.01953125
16 0.1640625 0.59765625 0.009375 0.01875
16 0.15390625 0.60078125 0.00859375 0.01875
16 0.171875 0.596875 0.0078125 0.01875
16 0.653125 0.5109375 0.015625 0.009375
16 0.1453125 0.603125 0.0078125 0.02109375
16 0.0234375 0.6265625 0.015625 0.0109375
16 0.02421875 0.6390625 0.01796875 0.01171875