16 0.47890625 0.13359375 0.0125 0.01328125
16 0.0703125 0.31328125 0.0109375 0.03125
16 0.05625 0.3203125 0.0078125 0.03125
9 0.5203125 0.1296875 0.04765625 0.08515625
16 0.4625 0.1546875 0.01484375 0.021875
16 0.4828125 0.1484375 0.00859375 0.0109375
16 0.85703125 0.003125 0.0078125 0.00625
2 0.840625 0.009375 0.01640625 0.01875
16 0.4640625 0.17109375 0.0125 0.01640625
16 0.48359375 0.16328125 0.009375 0.01328125
2 0.0578125 0.353125 0.01015625 0.01328125
2 0.00546875 0.3765625 0.0078125 0.02265625
16 0.46640625 0.1890625 0.009375 0.0109375
16 0.484375 0.18125 0.00859375 0.0125
9 0.38671875 0.22578125 0.1234375 0.18203125
2 0.06171875 0.36953125 0.0125 0.01640625
16 0.46796875 0.2046875 0.0109375 0.01640625
2 0.06171875 0.38515625 0.009375 0.01640625
2 0.27734375 0.29765625 0.01171875 0.03515625
16 0.4703125 0.225 0.0109375 0.01640625
2 0.06328125 0.4046875 0.009375 0.01640625
9 0.1203125 0.38046875 0.06015625 0.128125
16 0.27578125 0.3296875 0.01328125 0.0203125
2 0.06484375 0.41953125 0.009375 0.0125
16 0.4703125 0.2484375 0.0125 0.0125
16 0.2109375 0.36953125 0.009375 0.0296875
16 0.275 0.34765625 0.0125 0.01328125
2 0.0671875 0.43828125 0.01015625 0.01640625
4 0.0171875 0.471875 0.034375 0.1640625
2 0.084375 0.45546875 0.01171875 0.01640625
16 0.16796875 0.428125 0.01328125 0.0171875
2 0.2640625 0.38828125 0.01171875 0.021875
2 0.28046875 0.38203125 0.01328125 0.046875
16 0.2 0.428125 0.00546875 0.0203125
16 0.190625 0.434375 0.00703125 0.02265625
16 0.17265625 0.446875 0.0109375 0.0125
16 0.1734375 0.4671875 0.01171875 0.01484375
16 0.28828125 0.4203125 0.00859375 0.03203125
2 0.21015625 0.45546875 0.01875 0.02421875
2 0.23671875 0.44609375 0.01640625 0.021875
16 0.1765625 0.4875 0.0125 0.01328125
16 0.228125 0.4765625 0.00859375 0.028125
2 0.2109375 0.48515625 0.02421875 0.02421875
9 0.271875 0.459375 0.03046875 0.059375
16 0.2375 0.47421875 0.0078125 0.0296875
9 0.9015625 0.1953125 0.05 0.1375
16 0.24765625 0.47265625 0.01015625 0.0296875
16 0.296875 0.453125 0.01015625 0.0125
16 0.3140625 0.44609375 0.01171875 0.01640625
2 0.509375 0.36953125 0.00859375 0.021875
16 0.1796875 0.50859375 0.01171875 0.0171875
16 0.53046875 0.37109375 0.009375 0.01484375
16 0.32109375 0.46015625 0.0078125 0.0125
16 0.2984375 0.471875 0.01015625 0.0109375
16 0.6921875 0.31171875 0.01484375 0.0171875
16 0.3015625 0.48359375 0.01328125 0.01640625
16 0.321875 0.478125 0.01171875 0.01328125
16 0.53359375 0.38984375 0.01171875 0.0171875
2 0.5140625 0.39921875 0.0140625 0.021875
16 0.73671875 0.30390625 0.00703125 0.02578125
2 0.146875 0.5609375 0.0078125 0.0296875
2 0.69765625 0.3296875 0.01875 0.02265625
16 0.32578125 0.49296875 0.0109375 0.01640625
16 0.30234375 0.50625 0.015625 0.0171875
2 0.51015625 0.41796875 0.0125 0.01875
2 0.2484375 0.5421875 0.01796875 0.0203125
16 0.26328125 0.5375 0.0078125 0.02421875
16 0.73984375 0.3390625 0.009375 0.028125
2 0.28125 0.53203125 0.0078125 0.0296875
2 0.2734375 0.53671875 0.0078125 0.028125
2 0.2890625 0.53046875 0.01015625 0.03671875
2 0.70078125 0.36328125 0.01484375 0.02265625
16 0.5390625 0.4421875 0.0125 0.01328125
16 0.21171875 0.5890625 0.01171875 0.01328125
16 0.28125 0.5640625 0.01015625 0.0125
2 0.5203125 0.4671875 0.01484375 0.0171875
16 0.54296875 0.46015625 0.0109375 0.0125
16 0.3078125 0.5609375 0.01015625 0.01328125
16 0.328125 0.553125 0.0125 0.0171875
16 0.28359375 0.578125 0.0078125 0.0109375
9 0.24765625 0.59453125 0.0328125 0.06171875
2 0.55703125 0.46640625 0.009375 0.0296875
16 0.21328125 0.6109375 0.0109375 0.0125
2 0.7421875 0.39140625 0.0140625 0.0171875
16 0.52109375 0.48515625 0.01171875 0.01640625
16 0.284375 0.58984375 0.01328125 0.0171875
9 0.43203125 0.5328125 0.15 0.31953125
16 0.328125 0.5796875 0.01171875 0.01328125
9 0.6234375 0.45859375 0.12265625 0.16328125
16 0.21484375 0.63203125 0.01171875 0.01640625
2 0.74453125 0.41015625 0.01328125 0.0203125
16 0.2875 0.60546875 0.0125 0.01328125
2 0.5234375 0.5140625 0.0125 0.01484375
16 0.2171875 0.64609375 0.01171875 0.0171875
4 0.03515625 0.73359375 0.0703125 0.384375
2 0.275 0.63515625 0.01328125 0.0171875
9 0.13203125 0.7125 0.01796875 0.07109375
9 0.9203125 0.38203125 0.05546875 0.15234375
2 0.53046875 0.5484375 0.0140625 0.01875
16 0.75 0.46171875 0.01328125 0.01484375
16 0.3375 0.640625 0.009375 0.01484375
16 0.1078125 0.2046875 0.0125 0.021875
2 0.53125 0.56796875 0.0125 0.0171875
16 0.33984375 0.65703125 0.01015625 0.0125
16 0.55703125 0.58125 0.01015625 0.01328125
2 0.67109375 0.5375 0.01328125 0.021875
16 0.32265625 0.68671875 0.0078125 0.0125
2 0.53515625 0.596875 0.01328125 0.01640625
16 0.34296875 0.67890625 0.0109375 0.01328125
16 0.29765625 0.6984375 0.0109375 0.01484375
2 0.65390625 0.55234375 0.0125 0.0375
2 0.13359375 0.7796875 0.01796875 0.02578125
16 0.559375 0.60078125 0.0125 0.01640625
16 0.04921875 0.23515625 0.0125 0.03359375
16 0.32421875 0.70390625 0.0078125 0.0125
16 0.3015625 0.7140625 0.01328125 0.01640625
2 0.5359375 0.61484375 0.01328125 0.01484375
16 0.34375 0.7015625 0.01328125 0.0203125
16 0.3234375 0.71640625 0.009375 0.0125
16 0.56171875 0.615625 0.0125 0.01875
2 0.53828125 0.63125 0.01328125 0.0171875
2 0.1453125 0.7984375 0.01953125 0.02265625
2 0.12578125 0.80703125 0.01953125 0.02421875
16 0.3453125 0.7140625 0.0125 0.01640625
16 0.6234375 0.59921875 0.009375 0.03671875
16 0.06015625 0.23359375 0.0078125 0.03359375
16 0.30390625 0.7375 0.01328125 0.01640625
16 0.56171875 0.634375 0.0109375 0.0125
16 0.32734375 0.7328125 0.0109375 0.0171875
2 0.51953125 0.6515625 0.01640625 0.0171875
16 0.36953125 0.715625 0.01015625 0.01328125
16 0.56640625 0.64921875 0.015625 0.01640625
16 0.7609375 0.57109375 0.0140625 0.01875
2 0.14765625 0.846875 0.0203125 0.05234375
2 0.51484375 0.6984375 0.0078125 0.03203125
2 0.50390625 0.703125 0.009375 0.03125
16 0.76484375 0.5953125 0.0125 0.01328125
16 0.44296875 0.73359375 0.00859375 0.02578125
2 0.453125 0.73046875 0.009375 0.02734375
16 0.46953125 0.72265625 0.0078125 0.02265625
16 0.46171875 0.72734375 0.0078125 0.028125
16 0.4796875 0.72265625 0.00859375 0.03203125
2 0.434375 0.74296875 0.0078125 0.028125
2 0.13359375 0.8828125 0.01015625 0.0375
9 0.08984375 0.915625 0.03984375 0.0984375
2 0.7265625 0.6546875 0.01796875 0.0203125
16 0.35546875 0.8109375 0.01015625 0.03203125
16 0.346875 0.81640625 0.00703125 0.03203125
16 0.33828125 0.82109375 0.0078125 0.02734375
16 0.365625 0.8109375 0.00859375 0.0296875
16 0.375 0.80859375 0.0078125 0.02734375
16 0.50234375 0.75703125 0.00703125 0.02578125
16 0.51171875 0.7546875 0.0046875 0.021875
16 0.51953125 0.75234375 0.00546875 0.02734375
16 0.528125 0.74765625 0.0078125 0.028125
9 0.47109375 0.78125 0.03203125 0.06328125
2 0.15 0.91796875 0.02421875 0.040625
2 0.7296875 0.67890625 0.02109375 0.02578125
16 0.17421875 0.91875 0.01484375 0.0203125
2 0.321875 0.85625 0.021875 0.0609375
2 0.30390625 0.86484375 0.01796875 0.0578125
2 0.2125 0.90703125 0.01640625 0.01875
2 0.19296875 0.91484375 0.01640625 0.01875
16 0.24453125 0.8953125 0.015625 0.0203125
2 0.5109375 0.78984375 0.0125 0.01328125
16 0.34296875 0.86015625 0.009375 0.028125
16 0.23203125 0.9140625 0.0078125 0.02734375
16 0.246875 0.91171875 0.0109375 0.0171875
16 0.1125 0.2265625 0.01015625 0.01640625
16 0.13203125 0.21796875 0.0140625 0.0203125
16 0.775 0.69375 0.015625 0.0171875
2 0.17890625 0.94609375 0.01796875 0.021875
16 0.22421875 0.92890625 0.0078125 0.02421875
16 0.5359375 0.80078125 0.00703125 0.02734375
16 0.528125 0.80625 0.0109375 0.03203125
16 0.54609375 0.7984375 0.00859375 0.03125
2 0.44765625 0.840625 0.0078125 0.02578125
16 0.55390625 0.79609375 0.0078125 0.02265625
16 0.56328125 0.79296875 0.00859375 0.03125
16 0.5953125 0.790625 0.00703125 0.02265625
4 0.06953125 0.9546875 0.0703125 0.0875
9 0.209375 0.97421875 0.028125 0.0484375
2 0.65 0.803125 0.0203125 0.02734375
2 0.5015625 0.8734375 0.01484375 0.01875
2 0.484375 0.88046875 0.01015625 0.0171875
16 0.77734375 0.76875 0.00703125 0.028125
16 0.78671875 0.76640625 0.00859375 0.03359375
2 0.6484375 0.840625 0.01015625 0.03203125
16 0.6671875 0.8421875 0.0125 0.01640625
16 0.825 0.78515625 0.009375 0.03359375
2 0.7921875 0.81328125 0.01796875 0.05546875
16 0.590625 0.9046875 0.00859375 0.03203125
16 0.48828125 0.08125 0.01484375 0.021875
9 0.571875 0.9171875 0.01171875 0.03671875
9 0.7390625 0.01875 0.034375 0.0375
9 0.659375 0.04140625 0.078125 0.0828125
2 0.053125 0.28203125 0.0078125 0.03203125
16 0.11328125 0.2578125 0.0078125 0.03125
16 0.13828125 0.24921875 0.009375 0.02734375
16 0.12109375 0.25703125 0.0078125 0.03203125
16 0.1296875 0.2546875 0.00859375 0.0296875
16 0.4578125 0.1171875 0.0125 0.01640625
16 0.4796875 0.1125 0.00859375 0.01484375
9 0.596875 0.0671875 0.04375 0.134375
16 0.46171875 0.1328125 0.01328125 0.0171875