4 0.434375 0.05078125 0.2359375 0.1015625
2 0.14453125 0.6359375 0.03515625 0.05
4 0.6765625 0.07578125 0.2421875 0.1359375
2 0.3203125 0.6796875 0.02421875 0.04140625
2 0.32109375 0.6828125 0.02578125 0.0390625
2 0.2125 0.665625 0.01328125 0.0140625
2 0.3875 0.69375 0.0328125 0.0484375
2 0.23984375 0.671875 0.01796875 0.03515625
2 0.3875 0.696875 0.02890625 0.04140625
2 0.353125 0.70390625 0.015625 0.0265625
2 0.35390625 0.7046875 0.0265625 0.03203125
2 0.284375 0.71953125 0.00703125 0.01640625
2 0.22890625 0.71328125 0.009375 0.02109375
2 0.09140625 0.7140625 0.03359375 0.05390625
2 0.08828125 0.715625 0.02421875 0.040625
2 0.3875 0.7703125 0.0265625 0.0421875
2 0.3828125 0.834375 0.0265625 0.040625
4 0.85078125 0.13046875 0.08359375 0.15703125
2 0.77265625 0.1625 0.0046875 0.01328125
9 0.71171875 0.17421875 0.03515625 0.07421875
2 0.9765625 0.23359375 0.01015625 0.009375
2 0.68515625 0.19140625 0.00546875 0.015625
2 0.759375 0.203125 0.01171875 0.0078125
4 0.2046875 0.1953125 0.23046875 0.390625
2 0.6109375 0.2421875 0.00546875 0.01796875
2 0.56015625 0.23828125 0.00703125 0.01796875
2 0.56640625 0.2390625 0.0078125 0.01875
2 0.62109375 0.2484375 0.0078125 0.015625
2 0.56171875 0.25625 0.01015625 0.0078125
2 0.6921875 0.27734375 0.01015625 0.01015625
9 0.5859375 0.26640625 0.03046875 0.0390625
2 0.7375 0.2953125 0.0453125 0.05703125
2 0.54921875 0.26796875 0.0078125 0.01484375
2 0.6171875 0.2859375 0.0078125 0.01640625
9 0.653125 0.296875 0.05390625 0.12578125
2 0.58046875 0.2890625 0.01171875 0.01171875
2 0.5640625 0.309375 0.00703125 0.01640625
2 0.7046875 0.3328125 0.0234375 0.03671875
9 0.590625 0.321875 0.02578125 0.0328125
2 0.76640625 0.35234375 0.0296875 0.0578125
2 0.6078125 0.33046875 0.00703125 0.0140625
2 0.8015625 0.36796875 0.034375 0.07265625
2 0.7375 0.3578125 0.025 0.0609375
2 0.5609375 0.33125 0.0078125 0.0140625
2 0.60625 0.38828125 0.0328125 0.04921875
2 0.5015625 0.403125 0.03515625 0.05078125
2 0.5078125 0.4546875 0.0421875 0.0484375
9 0.33359375 0.43046875 0.03984375 0.0734375
2 0.9796875 0.5453125 0.02734375 0.040625
2 0.63125 0.48984375 0.02109375 0.0421875
9 0.73984375 0.52265625 0.16640625 0.2421875
2 0.42421875 0.496875 0.0140625 0.03359375
2 0.4015625 0.4984375 0.02734375 0.040625
2 0.50546875 0.51484375 0.05078125 0.06328125
2 0.971875 0.59296875 0.03359375 0.0453125
9 0.90703125 0.6015625 0.0875 0.17578125
2 0.26328125 0.5140625 0.02578125 0.03359375
2 0.46171875 0.54609375 0.02578125 0.0390625
2 0.4328125 0.54453125 0.02109375 0.03125
2 0.19296875 0.5125 0.0359375 0.0484375
9 0.59140625 0.578125 0.0796875 0.109375
2 0.2609375 0.54296875 0.015625 0.0296875
2 0.496875 0.584375 0.0359375 0.059375
2 0.3984375 0.56875 0.03359375 0.0640625
2 0.42890625 0.59140625 0.01875 0.0390625
2 0.28671875 0.571875 0.02265625 0.034375
2 0.46796875 0.60625 0.03359375 0.0453125
4 0.9546875 0.12265625 0.0890625 0.11796875
2 0.22109375 0.58828125 0.02265625 0.02734375
2 0.19765625 0.596875 0.00703125 0.0171875
2 0.1796875 0.60625 0.01015625 0.00703125
2 0.18046875 0.61640625 0.0109375 0.009375
2 0.21171875 0.62578125 0.021875 0.02890625