20 0.846875 0.26796875 0.01484375 0.0109375
16 0.840625 0.2703125 0.00859375 0.00625
20 0.8046875 0.2734375 0.01171875 0.009375
2 0.83828125 0.27578125 0.00859375 0.00703125
9 0.82109375 0.28203125 0.025 0.03125
20 0.76328125 0.28359375 0.0140625 0.01171875
16 0.75078125 0.28515625 0.00546875 0.009375
16 0.7484375 0.2890625 0.00703125 0.00546875
16 0.75703125 0.29375 0.00703125 0.00859375
16 0.80078125 0.29296875 0.0125 0.0078125
16 0.74609375 0.29609375 0.00859375 0.00625
16 0.75390625 0.29609375 0.00546875 0.00546875
16 0.7953125 0.29765625 0.00859375 0.00859375
16 0.7421875 0.29921875 0.00703125 0.00703125
16 0.7375 0.30234375 0.009375 0.00546875
20 0.76328125 0.3015625 0.0140625 0.01171875
16 0.790625 0.30234375 0.009375 0.0078125
16 0.75078125 0.30390625 0.00859375 0.00546875
16 0.73359375 0.30625 0.00703125 0.00546875
16 0.7859375 0.30546875 0.00703125 0.00703125
16 0.74765625 0.30859375 0.00703125 0.00703125
16 0.74375 0.3125 0.00703125 0.00703125
16 0.7265625 0.31484375 0.00703125 0.00859375
16 0.7390625 0.31484375 0.0078125 0.0078125
16 0.75625 0.31640625 0.00859375 0.00546875
20 0.72109375 0.31953125 0.0140625 0.0109375
16 0.7515625 0.31953125 0.00703125 0.0046875
16 0.74921875 0.321875 0.00703125 0.00546875
20 0.71171875 0.325 0.01015625 0.01328125
16 0.73515625 0.325 0.00859375 0.00625
16 0.74609375 0.325 0.00703125 0.00625
16 0.7609375 0.325 0.00859375 0.00625
16 0.7578125 0.328125 0.00859375 0.00859375
16 0.70703125 0.3296875 0.00859375 0.0078125
20 0.7296875 0.33046875 0.01171875 0.009375
16 0.75390625 0.33125 0.00859375 0.00625
16 0.75 0.33359375 0.00859375 0.00625
16 0.7453125 0.33828125 0.00859375 0.00703125
20 0.7203125 0.33828125 0.0125 0.01328125
16 0.74375 0.34140625 0.009375 0.00625
16 0.6984375 0.34296875 0.00859375 0.0078125
16 0.73984375 0.34375 0.00859375 0.0078125
16 0.71484375 0.3453125 0.00703125 0.00625
20 0.734375 0.34921875 0.01328125 0.0109375
16 0.75625 0.34921875 0.00703125 0.0109375
16 0.753125 0.353125 0.009375 0.00703125
20 0.725 0.3546875 0.0125 0.009375
16 0.7046875 0.35546875 0.01015625 0.00625
16 0.74765625 0.3578125 0.00703125 0.00859375
16 0.71953125 0.359375 0.0109375 0.00703125
20 0.74453125 0.3625 0.0140625 0.0125
16 0.71328125 0.365625 0.00859375 0.0078125
20 0.73515625 0.3703125 0.01484375 0.0125
16 0.72734375 0.3765625 0.01015625 0.0078125
16 0.7234375 0.38046875 0.00859375 0.00625
20 0.65546875 0.39140625 0.0328125 0.03359375
2 0.703125 0.40546875 0.01484375 0.0125
20 0.6109375 0.4359375 0.034375 0.034375
2 0.61328125 0.4578125 0.0109375 0.01640625
2 0.6078125 0.46171875 0.009375 0.01015625
2 0.5859375 0.47265625 0.00703125 0.0125
2 0.5828125 0.47734375 0.01015625 0.0125
20 0.5640625 0.4796875 0.0328125 0.04296875
2 0.5390625 0.52109375 0.01015625 0.009375
20 0.5140625 0.52734375 0.03125 0.03125
2 0.534375 0.528125 0.0125 0.0109375
20 0.4671875 0.57890625 0.03125 0.03359375
2 0.50390625 0.59765625 0.0171875 0.0125
20 0.421875 0.62265625 0.03515625 0.034375
2 0.42890625 0.653125 0.01328125 0.01171875
2 0.3984375 0.6625 0.01015625 0.01640625
2 0.3953125 0.665625 0.009375 0.01015625
20 0.378125 0.66796875 0.0296875 0.03359375
2 0.4109375 0.67109375 0.0125 0.01015625
2 0.353125 0.70390625 0.0078125 0.015625
20 0.33359375 0.7078125 0.028125 0.03828125
2 0.34921875 0.70859375 0.009375 0.01015625
2 0.2984375 0.734375 0.071875 0.0828125
2 0.246875 0.77890625 0.06875 0.0703125
16 0.98671875 0.03125 0.00703125 0.00859375
16 0.984375 0.03359375 0.00703125 0.00703125
16 0.9796875 0.03671875 0.00703125 0.00703125
16 0.97734375 0.040625 0.00703125 0.0078125
2 0.97421875 0.04375 0.00859375 0.0078125
2 0.9703125 0.04609375 0.00859375 0.00859375
16 0.96796875 0.05 0.00703125 0.00625
16 0.96328125 0.0515625 0.00703125 0.00703125
16 0.98203125 0.05234375 0.00703125 0.00546875
16 0.959375 0.05390625 0.00703125 0.0078125
16 0.95703125 0.0578125 0.00625 0.0078125
16 0.96640625 0.06796875 0.0078125 0.00625
16 0.94453125 0.07265625 0.00546875 0.00546875
20 0.9765625 0.071875 0.01484375 0.0125
2 0.94140625 0.075 0.00546875 0.00625
20 0.9375 0.078125 0.0125 0.0109375
16 0.9515625 0.0828125 0.0078125 0.00703125
16 0.93125 0.08515625 0.00703125 0.00625
16 0.946875 0.08515625 0.00546875 0.00546875
16 0.94375 0.08671875 0.00546875 0.0046875
16 0.97265625 0.0890625 0.0078125 0.0078125
2 0.9625 0.08984375 0.00703125 0.00703125
2 0.9375 0.09453125 0.00859375 0.00625
2 0.95703125 0.0953125 0.00546875 0.0046875
16 0.97109375 0.09765625 0.0078125 0.00546875
16 0.93359375 0.09765625 0.00703125 0.00625
2 0.9515625 0.1 0.00703125 0.00546875
16 0.94609375 0.10546875 0.00625 0.00703125
9 0.96328125 0.11328125 0.0296875 0.02421875
16 0.92890625 0.1140625 0.0078125 0.00703125
16 0.95234375 0.121875 0.0078125 0.00703125
2 0.98125 0.12265625 0.01015625 0.00703125
16 0.97734375 0.12578125 0.00859375 0.00703125
16 0.91484375 0.128125 0.0078125 0.00703125
2 0.975 0.12734375 0.0046875 0.00546875
16 0.92578125 0.1296875 0.0078125 0.00625
16 0.971875 0.13046875 0.00546875 0.00625
16 0.921875 0.13203125 0.00859375 0.00625
2 0.9078125 0.1328125 0.00859375 0.009375
16 0.96953125 0.13203125 0.00859375 0.00703125
16 0.9328125 0.13359375 0.00703125 0.00859375
16 0.9671875 0.1359375 0.00703125 0.00703125
16 0.90546875 0.13671875 0.00859375 0.00703125
16 0.9625 0.1375 0.00625 0.00703125
2 0.9015625 0.140625 0.00859375 0.0078125
16 0.928125 0.140625 0.00859375 0.00546875
16 0.89609375 0.14296875 0.00546875 0.00703125
16 0.9375 0.1421875 0.00703125 0.00546875
16 0.89453125 0.1453125 0.00625 0.009375
16 0.9859375 0.14609375 0.00859375 0.00859375
16 0.93125 0.1484375 0.00703125 0.00625
9 0.91640625 0.14921875 0.0296875 0.02421875
16 0.8921875 0.15 0.00546875 0.00546875
16 0.90234375 0.15703125 0.00546875 0.00546875
16 0.97578125 0.15546875 0.00703125 0.00703125
16 0.8828125 0.15859375 0.00625 0.00546875
16 0.89609375 0.1625 0.00703125 0.00546875
16 0.95 0.1625 0.01015625 0.01015625
16 0.92578125 0.1640625 0.009375 0.0078125
16 0.88671875 0.165625 0.00546875 0.00546875
16 0.88125 0.165625 0.00859375 0.00703125
16 0.90546875 0.16796875 0.00546875 0.00546875
16 0.91875 0.17109375 0.00625 0.00703125
20 0.9015625 0.17421875 0.0140625 0.0125
20 0.890625 0.175 0.01484375 0.01171875
16 0.95625 0.175 0.00859375 0.00703125
16 0.86953125 0.1765625 0.00859375 0.00703125
16 0.884375 0.1796875 0.009375 0.0078125
16 0.85625 0.18046875 0.00703125 0.00625
16 0.86640625 0.18203125 0.00703125 0.0078125
16 0.853125 0.18515625 0.00703125 0.00625
16 0.878125 0.1875 0.009375 0.0078125
16 0.84921875 0.190625 0.00859375 0.00703125
16 0.8703125 0.19375 0.00859375 0.0078125
16 0.84375 0.19609375 0.0078125 0.00625
16 0.83984375 0.1984375 0.00859375 0.0078125
20 0.8640625 0.19921875 0.01328125 0.0125
16 0.834375 0.20390625 0.00859375 0.00546875
2 0.875 0.203125 0.00859375 0.00625
2 0.8578125 0.20390625 0.0078125 0.00625
16 0.83125 0.20703125 0.00703125 0.00546875
16 0.85390625 0.20703125 0.00625 0.00546875
2 0.8515625 0.209375 0.00703125 0.0078125
2 0.8265625 0.2125 0.00546875 0.00546875
16 0.840625 0.2171875 0.00625 0.00546875
20 0.8484375 0.2171875 0.01640625 0.0125
2 0.82265625 0.21875 0.00703125 0.00703125
2 0.8375 0.2203125 0.00625 0.00546875
2 0.81875 0.221875 0.00703125 0.00703125
2 0.83203125 0.2234375 0.00703125 0.00703125
2 0.83046875 0.22734375 0.00625 0.00546875
16 0.84375 0.22734375 0.00703125 0.00625
2 0.82578125 0.23046875 0.00703125 0.0046875
2 0.8234375 0.23203125 0.00625 0.00546875
2 0.840625 0.23359375 0.00703125 0.0078125
2 0.83828125 0.2375 0.0078125 0.00546875
9 0.8125 0.23984375 0.021875 0.0265625
20 0.79453125 0.2421875 0.0140625 0.0125
16 0.834375 0.24140625 0.01015625 0.00703125
16 0.8453125 0.24140625 0.00703125 0.0078125
16 0.840625 0.246875 0.00859375 0.00625
20 0.7859375 0.25078125 0.0171875 0.0125
16 0.83671875 0.25078125 0.0078125 0.00703125
20 0.83125 0.25390625 0.0140625 0.00859375
2 0.80078125 0.2546875 0.00625 0.00546875
2 0.8609375 0.2546875 0.00859375 0.00703125
2 0.7953125 0.2578125 0.00546875 0.0046875
2 0.8578125 0.25703125 0.00703125 0.00546875
16 0.78828125 0.2609375 0.0078125 0.0078125
16 0.8546875 0.26015625 0.0078125 0.00703125
2 0.8234375 0.2609375 0.00703125 0.00546875
16 0.85234375 0.26171875 0.00625 0.00703125
16 0.78671875 0.26484375 0.0078125 0.00703125
20 0.8140625 0.265625 0.0140625 0.01015625
2 0.8328125 0.265625 0.00703125 0.009375