15 0.27890625 0.11796875 0.00625 0.009375
15 0.2875 0.11953125 0.00546875 0.0125
15 0.1421875 0.12421875 0.00234375 0.015625
15 0.14609375 0.12578125 0.003125 0.01796875
1 0.41015625 0.13203125 0.00703125 0.0125
9 0.30859375 0.1328125 0.025 0.0515625
15 0.1421875 0.146875 0.00390625 0.01796875
15 0.1375 0.1484375 0.003125 0.01796875
15 0.41015625 0.15390625 0.00703125 0.0140625
15 0.49453125 0.1546875 0.00625 0.01015625
1 0.46171875 0.15625 0.00703125 0.0109375
15 0.2875 0.1578125 0.00625 0.01015625
9 0.4359375 0.1609375 0.03984375 0.13359375
15 0.49453125 0.1671875 0.0078125 0.0125
15 0.41015625 0.16796875 0.00703125 0.0140625
1 0.29921875 0.16953125 0.00625 0.0109375
15 0.2875 0.16953125 0.00625 0.0125
1 0.31015625 0.1703125 0.00703125 0.009375
1 0.46171875 0.17109375 0.00703125 0.0109375
1 0.34296875 0.17421875 0.00546875 0.03515625
1 0.40234375 0.18359375 0.00390625 0.02265625
1 0.4609375 0.19765625 0.00390625 0.02109375
15 0.175 0.1984375 0.00546875 0.0109375
15 0.65 0.20703125 0.0078125 0.0125
15 0.65703125 0.2078125 0.00625 0.0109375
15 0.175 0.209375 0.00625 0.00859375
15 0.35390625 0.2140625 0.003125 0.03125
15 0.34453125 0.2140625 0.00546875 0.0203125
15 0.65 0.21796875 0.0078125 0.01171875
1 0.4125 0.21875 0.00546875 0.021875
15 0.65703125 0.2203125 0.00546875 0.00859375
1 0.33359375 0.22578125 0.0078125 0.03828125
15 0.17421875 0.23359375 0.00625 0.0125
1 0.365625 0.25 0.01328125 0.0203125
9 0.2796875 0.2796875 0.02421875 0.06796875
15 0.49453125 0.28984375 0.00625 0.01171875
15 0.49453125 0.3015625 0.00703125 0.01171875
1 0.21640625 0.30859375 0.00859375 0.04375
22 0.18359375 0.3109375 0.0265625 0.0703125
1 0.3328125 0.3359375 0.0046875 0.01953125
1 0.32578125 0.33671875 0.00390625 0.0203125
1 0.3046875 0.3375 0.00390625 0.01953125
4 0.01171875 0.340625 0.0234375 0.12890625
1 0.2953125 0.3515625 0.01171875 0.0203125
1 0.11640625 0.35234375 0.01015625 0.01484375
1 0.278125 0.36171875 0.00625 0.03359375
15 0.14765625 0.37109375 0.00625 0.01328125
15 0.14765625 0.3953125 0.00703125 0.01171875
1 0.134375 0.3984375 0.0109375 0.01796875
1 0.07734375 0.3984375 0.00546875 0.0296875
9 0.328125 0.40703125 0.04765625 0.11171875
9 0.10703125 0.42734375 0.03203125 0.096875
9 0.27578125 0.43046875 0.028125 0.1078125
1 0.14765625 0.44921875 0.01015625 0.0125
1 0.134375 0.45078125 0.0125 0.01328125
1 0.07734375 0.45078125 0.009375 0.0140625
15 0.1484375 0.46484375 0.00703125 0.0109375
1 0.13359375 0.46796875 0.0109375 0.0125
15 0.325 0.471875 0.00390625 0.0140625
15 0.3296875 0.475 0.00390625 0.0171875
15 0.1484375 0.4765625 0.00625 0.0125
15 0.07734375 0.47890625 0.00625 0.0125
4 0.06328125 0.0484375 0.04375 0.0625
4 0.21875 0.0484375 0.0515625 0.0515625
22 0.18359375 0.4875 0.0203125 0.0796875
4 0.13984375 0.04921875 0.1015625 0.06171875
15 0.55546875 0.49453125 0.0078125 0.01171875
1 0.0890625 0.4984375 0.01171875 0.01484375
1 0.12421875 0.4984375 0.0125 0.021875
1 0.10859375 0.4984375 0.01328125 0.01953125
15 0.08046875 0.49921875 0.00390625 0.02109375
15 0.0984375 0.49921875 0.00390625 0.0171875
15 0.04140625 0.49921875 0.00703125 0.01171875
15 0.13515625 0.50390625 0.00546875 0.01015625
15 0.26875 0.50390625 0.003125 0.01953125
15 0.5546875 0.5046875 0.0078125 0.009375
15 0.28125 0.50625 0.00546875 0.01484375
15 0.04140625 0.51171875 0.0078125 0.0125
1 0.5171875 0.51640625 0.01015625 0.01484375
1 0.5296875 0.5171875 0.0109375 0.01171875
15 0.1484375 0.51796875 0.00625 0.0109375
20 0.26015625 0.521875 0.01171875 0.03515625
15 0.04140625 0.52578125 0.00703125 0.0125
15 0.2890625 0.5265625 0.0046875 0.0140625
15 0.26953125 0.5296875 0.00390625 0.0109375
15 0.28203125 0.5296875 0.003125 0.01640625
15 0.6296875 0.5359375 0.003125 0.0140625
15 0.63359375 0.5359375 0.00390625 0.01640625
1 0.6421875 0.5359375 0.00859375 0.0171875
15 0.053125 0.53828125 0.00703125 0.0109375
1 0.21484375 0.5421875 0.00703125 0.040625
15 0.23046875 0.54375 0.00625 0.01015625
1 0.52109375 0.55390625 0.009375 0.01171875
15 0.63359375 0.55546875 0.00390625 0.01328125
1 0.6421875 0.55546875 0.00859375 0.0125
15 0.6296875 0.55625 0.00390625 0.01484375
15 0.30078125 0.5578125 0.00546875 0.0125
4 0.01484375 0.5640625 0.02578125 0.30859375
20 0.2609375 0.56953125 0.01171875 0.0421875
15 0.30078125 0.5703125 0.00546875 0.0078125
15 0.2734375 0.5703125 0.003125 0.0171875
1 0.52109375 0.57109375 0.01015625 0.0171875
15 0.04140625 0.6015625 0.00703125 0.0140625
15 0.534375 0.640625 0.00625 0.0125
15 0.53359375 0.65234375 0.00546875 0.0125
9 0.5796875 0.6578125 0.0390625 0.08046875
9 0.65859375 0.6640625 0.0375 0.0765625
1 0.42265625 0.66484375 0.00390625 0.0171875
1 0.4453125 0.665625 0.003125 0.015625
1 0.48984375 0.66484375 0.003125 0.01484375
1 0.4421875 0.665625 0.00390625 0.0171875
1 0.46953125 0.665625 0.003125 0.0171875
1 0.4734375 0.665625 0.00390625 0.01328125
1 0.4578125 0.66640625 0.00390625 0.01796875
1 0.453125 0.66640625 0.0046875 0.0203125
1 0.41875 0.66640625 0.003125 0.02265625
1 0.4265625 0.66640625 0.00234375 0.01484375
1 0.43125 0.66640625 0.003125 0.01484375
1 0.45 0.66640625 0.003125 0.01484375
1 0.4625 0.66640625 0.00390625 0.01484375
1 0.48515625 0.66640625 0.0046875 0.01484375
1 0.478125 0.66640625 0.003125 0.0171875
1 0.43828125 0.66640625 0.003125 0.01796875
1 0.434375 0.6671875 0.003125 0.01640625
1 0.465625 0.6671875 0.00234375 0.01640625
1 0.49296875 0.6671875 0.00390625 0.01640625
1 0.5015625 0.6671875 0.00390625 0.01640625
1 0.496875 0.6671875 0.003125 0.0171875
15 0.5203125 0.6734375 0.00625 0.01171875
15 0.534375 0.675 0.0078125 0.0078125
15 0.5203125 0.68359375 0.00625 0.0140625
15 0.42578125 0.684375 0.003125 0.015625
15 0.534375 0.684375 0.00625 0.015625
15 0.45 0.68515625 0.003125 0.0140625
15 0.4734375 0.68515625 0.0046875 0.0140625
15 0.459375 0.6859375 0.00234375 0.01484375
15 0.46953125 0.6859375 0.003125 0.0109375
15 0.4890625 0.6859375 0.00390625 0.01484375
15 0.50078125 0.6859375 0.00390625 0.0140625
15 0.41875 0.6859375 0.00390625 0.01640625
15 0.46171875 0.68671875 0.00234375 0.0125
15 0.4453125 0.6859375 0.003125 0.01875
15 0.496875 0.68671875 0.003125 0.01484375
15 0.48203125 0.68671875 0.00234375 0.01328125
15 0.4421875 0.68671875 0.00390625 0.02109375
15 0.43046875 0.6875 0.00390625 0.01796875
15 0.45390625 0.6875 0.00390625 0.0140625
15 0.43359375 0.6875 0.003125 0.0109375
15 0.46640625 0.6875 0.00390625 0.01171875
15 0.49296875 0.6875 0.0046875 0.0140625
15 0.48515625 0.6875 0.003125 0.0125
15 0.42265625 0.68828125 0.003125 0.01875
15 0.43828125 0.6890625 0.00234375 0.01953125
15 0.43828125 0.68984375 0.003125 0.02109375
1 0.51953125 0.6953125 0.00546875 0.00703125
15 0.46796875 0.7015625 0.00546875 0.00859375
1 0.5140625 0.70234375 0.00546875 0.00703125
15 0.50546875 0.70234375 0.00703125 0.01015625
15 0.4265625 0.70546875 0.003125 0.015625
15 0.41875 0.70546875 0.00390625 0.01640625
15 0.52109375 0.709375 0.00546875 0.00703125
15 0.46328125 0.7125 0.00625 0.009375
1 0.50546875 0.7140625 0.00625 0.01015625
15 0.51328125 0.71484375 0.00546875 0.01015625
15 0.5203125 0.71953125 0.0046875 0.01015625
1 0.4734375 0.721875 0.00859375 0.009375
15 0.51328125 0.72421875 0.0046875 0.00625
15 0.16015625 0.7296875 0.003125 0.0171875
15 0.2140625 0.73046875 0.00546875 0.01796875
15 0.18125 0.73046875 0.00390625 0.01953125
15 0.1359375 0.73046875 0.0046875 0.01796875
15 0.165625 0.73046875 0.00546875 0.0203125
15 0.21796875 0.73125 0.0046875 0.01640625
15 0.225 0.73046875 0.0046875 0.0203125
15 0.19765625 0.73125 0.003125 0.01875
15 0.12421875 0.73125 0.00390625 0.01953125
15 0.153125 0.73125 0.00390625 0.015625
15 0.20625 0.73125 0.00390625 0.015625
15 0.13203125 0.73125 0.00390625 0.0203125
15 0.19453125 0.73125 0.00234375 0.0203125
15 0.209375 0.73203125 0.00390625 0.01640625
15 0.17578125 0.73203125 0.003125 0.0171875
15 0.14453125 0.7328125 0.00390625 0.01796875
15 0.14921875 0.7328125 0.0046875 0.01796875
15 0.22109375 0.7328125 0.003125 0.0140625
15 0.2296875 0.7328125 0.0046875 0.01796875
15 0.140625 0.7328125 0.00390625 0.01953125
1 0.5203125 0.7328125 0.00703125 0.0109375
15 0.12890625 0.7328125 0.00390625 0.01796875
15 0.2015625 0.7328125 0.00546875 0.01640625
15 0.41875 0.73359375 0.00234375 0.0171875
15 0.421875 0.73359375 0.003125 0.01953125
15 0.534375 0.73359375 0.00625 0.0109375
15 0.540625 0.73515625 0.00703125 0.00859375
15 0.46171875 0.73515625 0.0078125 0.01171875
1 0.484375 0.7375 0.0078125 0.0109375
1 0.47265625 0.7375 0.01015625 0.009375
1 0.49375 0.73984375 0.00703125 0.0140625
15 0.559375 0.73984375 0.003125 0.015625
1 0.50703125 0.74140625 0.0109375 0.0109375
15 0.56328125 0.74140625 0.0046875 0.0171875
15 0.46171875 0.7484375 0.009375 0.01328125
1 0.47265625 0.75390625 0.00859375 0.0109375
1 0.49140625 0.7546875 0.00859375 0.01328125
15 0.5140625 0.7546875 0.00625 0.01171875
15 0.49921875 0.7546875 0.00625 0.01015625
1 0.19921875 0.7578125 0.0046875 0.02265625
1 0.11875 0.75859375 0.00390625 0.021875
1 0.1234375 0.759375 0.00390625 0.02109375
15 0.56328125 0.759375 0.003125 0.015625
15 0.275 0.76015625 0.0078125 0.0125
15 0.23203125 0.759375 0.0046875 0.01875
1 0.1953125 0.76015625 0.00390625 0.0234375
15 0.484375 0.76640625 0.00546875 0.01171875
15 0.4921875 0.765625 0.00546875 0.00859375
15 0.51484375 0.765625 0.00390625 0.00859375
15 0.49921875 0.76640625 0.00625 0.009375
1 0.30390625 0.76640625 0.00625 0.0125
1 0.3140625 0.7671875 0.00546875 0.00859375
1 0.47265625 0.76875 0.01015625 0.01484375
1 0.025 0.77578125 0.0140625 0.0203125
15 0.2953125 0.778125 0.00703125 0.0125
15 0.3140625 0.778125 0.00625 0.00859375
15 0.3046875 0.7796875 0.00625 0.009375
15 0.1859375 0.78515625 0.00390625 0.0171875
15 0.2328125 0.7859375 0.003125 0.0171875
15 0.23671875 0.7859375 0.0046875 0.0171875
15 0.11875 0.7859375 0.003125 0.0171875
15 0.1234375 0.7859375 0.0046875 0.0171875
15 0.1953125 0.78671875 0.00390625 0.01796875
15 0.1109375 0.78671875 0.003125 0.015625
1 0.321875 0.78828125 0.00546875 0.0109375
1 0.33046875 0.78984375 0.0078125 0.0109375
15 0.30390625 0.78984375 0.00625 0.01171875
15 0.29453125 0.790625 0.00625 0.01015625
1 0.3375 0.790625 0.00546875 0.0125
15 0.31328125 0.79140625 0.00703125 0.009375
1 0.3703125 0.80078125 0.00703125 0.009375
1 0.3609375 0.8015625 0.00625 0.009375
15 0.2953125 0.80234375 0.00546875 0.0109375
4 0.584375 0.08203125 0.14765625 0.0484375
15 0.29375 0.81171875 0.00703125 0.0109375
15 0.16640625 0.81328125 0.00703125 0.01015625
15 0.3609375 0.81328125 0.00703125 0.0125
15 0.37109375 0.8140625 0.0078125 0.0109375
15 0.1671875 0.8265625 0.00703125 0.01171875
15 0.2546875 0.83671875 0.00234375 0.01640625
15 0.26328125 0.8375 0.003125 0.0171875
15 0.16640625 0.8390625 0.00625 0.0125
15 0.209375 0.084375 0.003125 0.01640625
15 0.21328125 0.08515625 0.00390625 0.01953125
15 0.1671875 0.853125 0.0078125 0.01015625
15 0.2296875 0.0859375 0.00390625 0.0171875
15 0.196875 0.08671875 0.00390625 0.01796875
1 0.4609375 0.10078125 0.00625 0.0125
15 0.2015625 0.10546875 0.003125 0.01640625
15 0.28828125 0.10625 0.0078125 0.0140625
15 0.20859375 0.1078125 0.003125 0.01875
15 0.484375 0.1078125 0.003125 0.0171875
15 0.4890625 0.10859375 0.00546875 0.01796875
1 0.48046875 0.109375 0.00390625 0.01796875
1 0.36875 0.1109375 0.0140625 0.01875