16 0.278125 0.02265625 0.00625 0.0453125
16 0.3015625 0.03359375 0.00625 0.0546875
16 0.38515625 0.059375 0.0046875 0.0578125
16 0.1875 0.01640625 0.00625 0.0328125
2 0.22109375 0.02109375 0.0078125 0.0421875
16 0.23828125 0.02265625 0.0046875 0.0453125
2 0.24296875 0.02421875 0.00625 0.0484375
16 0.23125 0.02265625 0.00625 0.0453125
16 0.1796875 0.01796875 0.00625 0.0359375
20 0.121875 0.0140625 0.0078125 0.02734375
2 0.65546875 0.14453125 0.00546875 0.0640625
16 0.13125 0.0109375 0.00625 0.02109375
2 0.14609375 0.0125 0.0046875 0.02421875
16 0.13828125 0.0125 0.00625 0.02421875
20 0.15546875 0.02734375 0.0140625 0.0546875
16 0.65 0.15078125 0.00546875 0.0703125
2 0.7078125 0.171875 0.0078125 0.04609375
20 0.2515625 0.04140625 0.01171875 0.08203125
16 0.64296875 0.15078125 0.00546875 0.0640625
9 0.3265625 0.0765625 0.0265625 0.15234375
16 0.71484375 0.1796875 0.00546875 0.04296875
16 0.70234375 0.1734375 0.00625 0.04296875
20 0.16875 0.03515625 0.0140625 0.0703125
16 0.34921875 0.071875 0.00625 0.0515625
16 0.36640625 0.08359375 0.0046875 0.04609375
16 0.953125 0.2578125 0.0078125 0.0765625
2 0.69296875 0.1859375 0.00625 0.0546875
2 0.6078125 0.16328125 0.00625 0.0640625
16 0.6140625 0.16484375 0.00625 0.0671875
2 0.72890625 0.20546875 0.00625 0.0640625
16 0.29375 0.08515625 0.0046875 0.0484375
16 0.27890625 0.08203125 0.00625 0.0546875
16 0.28515625 0.08828125 0.0046875 0.0546875
2 0.94609375 0.28671875 0.00625 0.0671875
2 0.88359375 0.26796875 0.0046875 0.0671875
20 0.62578125 0.19375 0.01328125 0.0765625
20 0.26875 0.08828125 0.0125 0.0734375
2 0.65625 0.20546875 0.00625 0.04609375
16 0.21640625 0.075 0.0046875 0.0515625
16 0.221875 0.0765625 0.0046875 0.0546875
2 0.70859375 0.22265625 0.0078125 0.0484375
2 0.69765625 0.21796875 0.00546875 0.04609375
2 0.7015625 0.22109375 0.00390625 0.04609375
2 0.65078125 0.20546875 0.0046875 0.04609375
16 0.3546875 0.1234375 0.0046875 0.04609375
20 0.0984375 0.0515625 0.01171875 0.08515625
2 0.34453125 0.1234375 0.00546875 0.0515625
20 0.1359375 0.065625 0.0125 0.0765625
2 0.08828125 0.0515625 0.0046875 0.0546875
20 0.11171875 0.05625 0.01328125 0.0765625
2 0.12109375 0.059375 0.0046875 0.0578125
16 0.08125 0.0484375 0.00625 0.0546875
2 0.64375 0.21484375 0.003125 0.03984375
9 0.6765625 0.22421875 0.02421875 0.14921875
16 0.3640625 0.1359375 0.0046875 0.04609375
20 0.23359375 0.10078125 0.01171875 0.09140625
2 0.87734375 0.28671875 0.0078125 0.0609375
2 0.63984375 0.21953125 0.00390625 0.04296875
16 0.63515625 0.22578125 0.0046875 0.04296875
16 0.3046875 0.13125 0.00390625 0.0484375
2 0.15546875 0.08984375 0.0078125 0.0703125
2 0.309375 0.1359375 0.0046875 0.0578125
16 0.87109375 0.3109375 0.00625 0.0546875
16 0.384375 0.17109375 0.00625 0.0546875
16 0.7265625 0.27109375 0.00625 0.0546875
16 0.7140625 0.27109375 0.0046875 0.04296875
16 0.71875 0.27578125 0.0046875 0.03984375
16 0.70859375 0.27109375 0.00625 0.04296875
16 0.934375 0.34140625 0.0046875 0.0484375
2 0.475 0.21015625 0.00625 0.0671875
2 0.4671875 0.20703125 0.0078125 0.0734375
16 0.7875 0.3015625 0.00625 0.0546875
2 0.70234375 0.27734375 0.00625 0.0484375
2 0.6625 0.26953125 0.00546875 0.0578125
2 0.65703125 0.26796875 0.00546875 0.0484375
20 0.3703125 0.1890625 0.0109375 0.08515625
20 0.290625 0.16640625 0.01328125 0.09453125
16 0.08125 0.10390625 0.00625 0.0546875
16 0.325 0.1734375 0.00390625 0.0546875
16 0.859375 0.33046875 0.00625 0.0578125
20 0.3578125 0.1875 0.01171875 0.08203125
2 0.63671875 0.26796875 0.00390625 0.03671875
16 0.31953125 0.175 0.0046875 0.0578125
16 0.3296875 0.1796875 0.0046875 0.0609375
16 0.6421875 0.26953125 0.0046875 0.03984375
2 0.3140625 0.175 0.00546875 0.0515625
16 0.25234375 0.16015625 0.0046875 0.0640625
20 0.6015625 0.265625 0.0125 0.07890625
16 0.27578125 0.17109375 0.00625 0.0734375
2 0.3484375 0.190625 0.00625 0.0578125
2 0.26015625 0.16484375 0.00703125 0.07890625
2 0.34296875 0.1890625 0.0046875 0.0671875
16 0.26875 0.17109375 0.00625 0.0734375
16 0.6125 0.26953125 0.00703125 0.08203125
16 0.13515625 0.13125 0.0046875 0.0546875
2 0.12421875 0.1296875 0.0046875 0.0515625
16 0.1296875 0.1296875 0.0046875 0.0515625
2 0.2453125 0.16640625 0.0078125 0.08828125
16 0.14296875 0.1359375 0.00546875 0.0515625
2 0.1015625 0.125 0.0046875 0.0546875
16 0.94296875 0.378125 0.00703125 0.0734375
16 0.79609375 0.33671875 0.00625 0.0640625
20 0.625 0.28984375 0.0109375 0.08515625
20 0.1109375 0.14140625 0.0125 0.08828125
16 0.2359375 0.178125 0.0046875 0.0578125
16 0.18828125 0.16953125 0.0046875 0.0578125
16 0.2203125 0.18125 0.0046875 0.0640625
2 0.196875 0.1734375 0.009375 0.0734375
2 0.2125 0.1796875 0.009375 0.0734375
2 0.72421875 0.33046875 0.0046875 0.0515625
16 0.2046875 0.1796875 0.0046875 0.0609375
2 0.22734375 0.184375 0.00859375 0.08203125
2 0.71640625 0.328125 0.009375 0.0578125
16 0.8765625 0.3765625 0.00703125 0.08203125
2 0.7078125 0.328125 0.0078125 0.0515625
2 0.18125 0.1734375 0.00859375 0.07890625
16 0.74453125 0.34140625 0.01015625 0.10390625
16 0.934375 0.39453125 0.0046875 0.0578125
16 0.7875 0.35703125 0.00625 0.0546875
20 0.65 0.315625 0.01015625 0.08203125
16 0.8703125 0.38125 0.0046875 0.0546875
16 0.63671875 0.3109375 0.00390625 0.04296875
16 0.64140625 0.3125 0.0046875 0.03984375
2 0.69375 0.33984375 0.0046875 0.0578125
16 0.6671875 0.33515625 0.00625 0.0546875
16 0.7 0.34609375 0.0046875 0.0578125
2 0.67265625 0.33984375 0.00546875 0.0578125
20 0.6859375 0.35078125 0.01015625 0.08515625
16 0.03671875 0.16328125 0.00625 0.0515625
16 0.04296875 0.16484375 0.00625 0.0546875
2 0.7515625 0.39140625 0.00703125 0.0578125
20 0.2953125 0.27734375 0.01171875 0.0734375
16 0.28359375 0.27734375 0.0078125 0.0734375
16 0.30546875 0.28828125 0.00703125 0.0703125
2 0.58359375 0.40078125 0.009375 0.08828125
2 0.059375 0.25625 0.00859375 0.10390625
2 0.50390625 0.39296875 0.01015625 0.10390625
2 0.00390625 0.27421875 0.00625 0.0546875
2 0.01328125 0.27890625 0.00625 0.0640625
20 0.0234375 0.28359375 0.0125 0.0734375
20 0.0390625 0.28828125 0.01328125 0.08203125
20 0.26171875 0.371875 0.01171875 0.07890625
16 0.27109375 0.378125 0.00625 0.0546875
20 0.0046875 0.34296875 0.00859375 0.08828125
16 0.0421875 0.35390625 0.0046875 0.0546875
2 0.24375 0.41640625 0.00703125 0.0640625
2 0.02421875 0.35234375 0.00546875 0.0515625
16 0.0359375 0.35703125 0.00625 0.0546875
20 0.53125 0.5109375 0.0125 0.08203125
20 0.553125 0.515625 0.01171875 0.08515625
2 0.83203125 0.60078125 0.00546875 0.0546875
20 0.8015625 0.59140625 0.01015625 0.0609375
2 0.79296875 0.58984375 0.00625 0.0640625
16 0.57421875 0.52890625 0.0078125 0.0765625
16 0.8375 0.60546875 0.00625 0.0640625
20 0.8140625 0.60078125 0.01171875 0.0734375
2 0.56328125 0.52734375 0.00625 0.0546875
2 0.52109375 0.51796875 0.00546875 0.0546875
16 0.0125 0.3734375 0.00625 0.0515625
16 0.77890625 0.59765625 0.00625 0.0671875
20 0.26640625 0.4515625 0.01015625 0.07890625
20 0.25390625 0.4515625 0.01171875 0.07890625
16 0.515625 0.52890625 0.00625 0.0578125
20 0.8015625 0.675 0.01015625 0.08203125
20 0.7890625 0.66953125 0.01328125 0.08828125
2 0.26484375 0.53359375 0.0046875 0.0546875
16 0.2578125 0.53671875 0.00546875 0.0609375
2 0.70859375 0.1203125 0.0078125 0.04609375
2 0.66015625 0.1109375 0.00390625 0.0515625
16 0.678125 0.1203125 0.00625 0.0640625
2 0.66484375 0.1140625 0.0046875 0.0515625
20 0.37421875 0.03671875 0.01328125 0.0734375
16 0.715625 0.13125 0.0046875 0.0484375
16 0.671875 0.1203125 0.00625 0.0640625
2 0.72109375 0.1359375 0.0046875 0.0515625
16 0.61953125 0.10703125 0.00859375 0.0671875
2 0.70234375 0.13125 0.00546875 0.04296875
2 0.6953125 0.1296875 0.00703125 0.0515625
4 0.4390625 0.08359375 0.1 0.1671875
16 0.29375 0.02578125 0.0046875 0.04609375