16 0.053125 0.31796875 0.00390625 0.0375
16 0.03671875 0.3109375 0.00390625 0.03046875
16 0.165625 0.38203125 0.0046875 0.0328125
16 0.13359375 0.36328125 0.0046875 0.03046875
2 0.1390625 0.36640625 0.0046875 0.0328125
2 0.03125 0.309375 0.0046875 0.0375
16 0.4625 0.54375 0.0046875 0.03046875
2 0.05859375 0.325 0.00390625 0.0375
16 0.303125 0.459375 0.0046875 0.0375
16 0.45859375 0.54296875 0.0046875 0.02890625
16 0.02578125 0.30859375 0.00390625 0.03046875
16 0.2828125 0.44921875 0.0046875 0.03515625
2 0.171875 0.3875 0.0046875 0.03515625
16 0.0171875 0.30390625 0.00390625 0.03515625
16 0.02109375 0.30859375 0.0046875 0.03515625
16 0.0671875 0.33125 0.00390625 0.0328125
16 0.071875 0.33359375 0.00546875 0.0328125
16 0.1515625 0.37890625 0.00546875 0.03046875
16 0.384375 0.503125 0.0046875 0.02890625
16 0.14296875 0.37421875 0.0046875 0.03046875
2 0.27734375 0.446875 0.00546875 0.03984375
16 0.06328125 0.3328125 0.00390625 0.03046875
16 0.14765625 0.378125 0.0046875 0.0328125
2 0.309375 0.46484375 0.00546875 0.03515625
16 0.50859375 0.575 0.0046875 0.03046875
16 0.17578125 0.39453125 0.00390625 0.03046875
16 0.184375 0.3984375 0.0046875 0.03515625
16 0.18046875 0.39609375 0.0046875 0.03515625
16 0.42109375 0.525 0.00390625 0.02890625
16 0.26875 0.44375 0.0046875 0.0328125
2 0.42578125 0.52890625 0.00546875 0.03515625
16 0.27265625 0.4484375 0.0046875 0.0328125
16 0.5421875 0.59375 0.0046875 0.0328125
16 0.3140625 0.4703125 0.003125 0.02890625
16 0.6453125 0.65078125 0.00390625 0.02890625
16 0.31796875 0.47265625 0.00390625 0.02890625
2 0.3890625 0.5125 0.00625 0.0375
2 0.51328125 0.57890625 0.0046875 0.03515625
16 0.26328125 0.44296875 0.0046875 0.03515625
16 0.675 0.66640625 0.00390625 0.02890625
16 0.32265625 0.47578125 0.003125 0.0265625
2 0.546875 0.6 0.00546875 0.0375
16 0.43515625 0.53828125 0.003125 0.02890625
16 0.43046875 0.53671875 0.00390625 0.02890625
16 0.4390625 0.53984375 0.003125 0.0265625
2 0.65 0.65546875 0.0046875 0.0375
16 0.4109375 0.52421875 0.00390625 0.0265625
16 0.52734375 0.58828125 0.0046875 0.03046875
16 0.40625 0.525 0.003125 0.02890625
16 0.53125 0.5921875 0.00546875 0.03046875
16 0.55234375 0.60390625 0.00390625 0.03046875
16 0.40078125 0.5234375 0.003125 0.02890625
16 0.5234375 0.58828125 0.00390625 0.03046875
16 0.5609375 0.609375 0.003125 0.02890625
16 0.7640625 0.71953125 0.0046875 0.0328125
16 0.55625 0.60703125 0.003125 0.02890625
2 0.68046875 0.67421875 0.00546875 0.03515625
16 0.66796875 0.66640625 0.00390625 0.02890625
16 0.83203125 0.75546875 0.0046875 0.03046875
16 0.659375 0.66171875 0.003125 0.02890625
2 0.76953125 0.7234375 0.0046875 0.0375
16 0.93515625 0.81484375 0.0046875 0.03046875
16 0.69375 0.68359375 0.003125 0.02890625
2 0.82734375 0.75546875 0.0046875 0.03984375
16 0.66328125 0.66640625 0.00390625 0.02890625
16 0.68984375 0.68203125 0.003125 0.02421875
16 0.91875 0.8046875 0.003125 0.02890625
16 0.69765625 0.6859375 0.00390625 0.02890625
16 0.809375 0.74765625 0.0046875 0.02890625
16 0.81328125 0.75 0.00390625 0.02890625
2 0.9140625 0.80390625 0.0046875 0.03984375
16 0.7828125 0.73359375 0.0046875 0.03046875
2 0.93984375 0.81953125 0.00546875 0.03984375
2 0.1125 0.3703125 0.00625 0.053125
16 0.77890625 0.73203125 0.0046875 0.02890625
16 0.7875 0.7359375 0.0046875 0.03046875
16 0.81796875 0.753125 0.003125 0.0265625
16 0.9 0.80078125 0.003125 0.02890625
2 0.1203125 0.37578125 0.00625 0.05078125
16 0.89609375 0.79765625 0.003125 0.0265625
2 0.4515625 0.55703125 0.003125 0.0265625
16 0.953125 0.828125 0.00390625 0.03046875
16 0.9046875 0.803125 0.003125 0.02890625
16 0.94921875 0.82578125 0.003125 0.0265625
2 0.10390625 0.36875 0.00546875 0.0546875
16 0.9578125 0.83359375 0.00390625 0.02890625
16 0.49921875 0.5890625 0.0046875 0.0328125
2 0.6140625 0.65078125 0.00703125 0.0546875
2 0.625 0.6578125 0.00625 0.0546875
16 0.396875 0.53515625 0.0046875 0.03046875
2 0.63671875 0.66640625 0.00625 0.0546875
16 0.51796875 0.6015625 0.0046875 0.03046875
16 0.6546875 0.68046875 0.0046875 0.03046875
16 0.684375 0.69609375 0.003125 0.03046875
2 0.46171875 0.575 0.003125 0.0265625
16 0.7734375 0.74375 0.0046875 0.0328125
16 0.821875 0.771875 0.003125 0.02890625
16 0.94375 0.84140625 0.0046875 0.03046875
16 0.03046875 0.34609375 0.00390625 0.03046875
16 0.05703125 0.359375 0.0046875 0.03046875
16 0.90859375 0.821875 0.00390625 0.0265625
16 0.13671875 0.40546875 0.00390625 0.0265625
16 0.1703125 0.42265625 0.0046875 0.03515625
16 0.48984375 0.59921875 0.0046875 0.03046875
16 0.48515625 0.59609375 0.0046875 0.02890625
16 0.2765625 0.484375 0.0046875 0.03046875
16 0.425 0.5671875 0.00390625 0.02890625
16 0.3125 0.5046875 0.0046875 0.03046875
16 0.55078125 0.63671875 0.0046875 0.03046875
2 0.45078125 0.58671875 0.00390625 0.02890625
16 0.44609375 0.58515625 0.003125 0.02890625
16 0.44140625 0.58515625 0.003125 0.02890625
2 0.4671875 0.596875 0.0046875 0.03046875
16 0.19453125 0.46328125 0.0046875 0.0328125
16 0.184375 0.459375 0.0046875 0.0328125
16 0.19921875 0.46953125 0.0046875 0.03515625
16 0.38359375 0.5703125 0.00390625 0.03046875
16 0.4 0.57890625 0.00390625 0.0265625
16 0.396875 0.578125 0.003125 0.02890625
16 0.2828125 0.5265625 0.0046875 0.03046875
2 0.1890625 0.47890625 0.003125 0.02890625
16 0.28671875 0.5328125 0.0046875 0.0265625
2 0.47578125 0.640625 0.00546875 0.03515625
16 0.33203125 0.5640625 0.0046875 0.03515625
16 0.3171875 0.55625 0.0046875 0.0328125
16 0.30078125 0.553125 0.00390625 0.03046875
16 0.30546875 0.5546875 0.00546875 0.03046875
16 0.3828125 0.59921875 0.0046875 0.0265625
16 0.38671875 0.60234375 0.00390625 0.02890625
16 0.39921875 0.61015625 0.003125 0.0265625
16 0.3953125 0.6078125 0.003125 0.0265625
2 0.378125 0.59765625 0.003125 0.02890625
16 0.39140625 0.6046875 0.003125 0.02890625
16 0.40703125 0.615625 0.003125 0.02890625
2 0.43203125 0.634375 0.003125 0.0265625
2 0.34921875 0.59140625 0.00390625 0.02890625
2 0.43671875 0.6390625 0.0046875 0.03046875
16 0.52890625 0.68828125 0.003125 0.02890625
2 0.440625 0.6421875 0.003125 0.02890625
16 0.5375 0.69375 0.0046875 0.03046875
16 0.5328125 0.69375 0.0046875 0.03046875
16 0.64765625 0.75859375 0.0046875 0.02890625
16 0.290625 0.56640625 0.003125 0.0265625
16 0.2859375 0.5671875 0.00390625 0.02890625
16 0.65078125 0.775 0.00390625 0.03046875
16 0.49453125 0.6890625 0.00390625 0.0265625
16 0.40234375 0.64296875 0.0046875 0.03046875
2 0.65546875 0.7796875 0.0046875 0.03046875
2 0.40625 0.6453125 0.0046875 0.03046875
2 0.4796875 0.6859375 0.00546875 0.0328125
2 0.3078125 0.59765625 0.00390625 0.02890625
16 0.30234375 0.59453125 0.0046875 0.03515625
2 0.51796875 0.71484375 0.00390625 0.02890625
16 0.521875 0.715625 0.00390625 0.03046875
16 0.53203125 0.7234375 0.00390625 0.02890625
16 0.52734375 0.72265625 0.0046875 0.03046875
16 0.64609375 0.78984375 0.0046875 0.02890625
16 0.2765625 0.590625 0.0046875 0.03515625
2 0.43984375 0.6828125 0.00390625 0.0265625
16 0.25390625 0.5828125 0.0078125 0.02421875
16 0.4359375 0.68046875 0.0046875 0.03046875
16 0.13203125 0.52109375 0.0046875 0.0375
16 0.315625 0.621875 0.0046875 0.0328125
16 0.33046875 0.63125 0.0046875 0.0328125
16 0.61328125 0.784375 0.00703125 0.021875
2 0.50859375 0.73046875 0.00390625 0.02890625
16 0.8296875 0.90625 0.00703125 0.01953125
16 0.3578125 0.65078125 0.003125 0.02890625
16 0.41015625 0.68359375 0.003125 0.02890625
16 0.415625 0.7046875 0.00390625 0.0265625
16 0.409375 0.715625 0.0046875 0.03046875
16 0.40546875 0.71484375 0.00390625 0.02890625
16 0.896875 0.98515625 0.003125 0.0296875
2 0.1546875 0.5859375 0.00390625 0.0265625
2 0.15078125 0.58515625 0.00390625 0.02890625
16 0.1046875 0.5640625 0.0078125 0.0265625
16 0.5765625 0.81953125 0.0046875 0.03046875
2 0.16171875 0.59609375 0.009375 0.0546875
16 0.2078125 0.62109375 0.00703125 0.021875
2 0.278125 0.6671875 0.00859375 0.05703125
2 0.81640625 0.96328125 0.00390625 0.02890625
2 0.8203125 0.96484375 0.0046875 0.0265625
2 0.23671875 0.6484375 0.00390625 0.02890625
2 0.2328125 0.64765625 0.003125 0.0265625
16 0.36171875 0.72109375 0.00390625 0.02890625
2 0.409375 0.746875 0.00390625 0.03046875
2 0.60859375 0.85703125 0.003125 0.0265625
2 0.61328125 0.859375 0.003125 0.0265625
2 0.828125 0.9734375 0.01015625 0.0484375
2 0.38203125 0.74140625 0.00390625 0.0328125
2 0.63828125 0.8796875 0.01015625 0.0546875
16 0.765625 0.9515625 0.00390625 0.0265625
2 0.796875 0.97109375 0.0046875 0.03984375
16 0.79140625 0.96953125 0.0046875 0.03515625
2 0.46953125 0.80078125 0.0046875 0.0375
2 0.434375 0.78515625 0.00390625 0.02890625
2 0.44765625 0.790625 0.0046875 0.03046875
16 0.46484375 0.80078125 0.003125 0.02890625
2 0.43828125 0.78671875 0.0046875 0.03046875
16 0.44296875 0.78984375 0.003125 0.02890625
2 0.45546875 0.7953125 0.0046875 0.03046875
2 0.4609375 0.79921875 0.00390625 0.0265625
16 0.39140625 0.76328125 0.003125 0.02890625
16 0.4 0.77109375 0.00390625 0.0265625
16 0.3875 0.7640625 0.003125 0.0265625
16 0.39609375 0.76875 0.00390625 0.0265625
2 0.40390625 0.771875 0.003125 0.02890625