15 0.728125 0.53203125 0.0125 0.009375
1 0.709375 0.534375 0.0046875 0.0109375
20 0.5921875 0.53984375 0.0203125 0.028125
1 0.7453125 0.54140625 0.0046875 0.01328125
1 0.62734375 0.553125 0.00546875 0.0125
1 0.5109375 0.5734375 0.0109375 0.0078125
1 0.43046875 0.578125 0.00625 0.015625
1 0.403125 0.584375 0.01015625 0.00859375
20 0.125 0.58515625 0.01015625 0.01875
9 0.0703125 0.59453125 0.01328125 0.0171875
1 0.40546875 0.61015625 0.0125 0.0078125
1 0.51484375 0.6109375 0.0109375 0.009375
9 0.02578125 0.6125 0.021875 0.034375
15 0.1296875 0.06171875 0.00703125 0.01875
1 0.51484375 0.6203125 0.01015625 0.00859375
20 0.703125 0.62265625 0.0140625 0.01328125
9 0.89609375 0.6265625 0.034375 0.05078125
20 0.703125 0.65859375 0.0109375 0.0140625
4 0.04921875 0.703125 0.028125 0.09765625
20 0.89296875 0.7421875 0.01328125 0.0140625
4 0.7296875 0.74921875 0.03671875 0.3046875
20 0.68984375 0.8203125 0.0140625 0.015625
15 0.35625 0.82265625 0.01015625 0.00859375
15 0.39609375 0.8234375 0.0109375 0.00859375
15 0.4984375 0.82421875 0.01171875 0.0078125
15 0.43671875 0.82421875 0.01015625 0.0125
15 0.4609375 0.825 0.009375 0.01328125
15 0.3734375 0.825 0.0109375 0.009375
15 0.41015625 0.825 0.0109375 0.01015625
15 0.55234375 0.82578125 0.01015625 0.00859375
15 0.540625 0.8265625 0.0078125 0.00703125
15 0.5140625 0.82734375 0.0109375 0.0078125
9 0.0359375 0.83671875 0.02890625 0.028125
15 0.3734375 0.85625 0.009375 0.00703125
15 0.39609375 0.85625 0.0109375 0.009375
15 0.4140625 0.85703125 0.0125 0.009375
15 0.46015625 0.85703125 0.0125 0.00859375
15 0.35625 0.85703125 0.0109375 0.009375
15 0.4375 0.85703125 0.0125 0.009375
15 0.55390625 0.8578125 0.0078125 0.009375
15 0.49921875 0.8578125 0.01015625 0.00703125
15 0.51328125 0.85859375 0.0109375 0.0078125
15 0.540625 0.85859375 0.0125 0.00625
9 0.74453125 0.92578125 0.0234375 0.0328125
20 0.86875 0.934375 0.07734375 0.08203125
15 0.353125 0.96171875 0.00859375 0.00703125
15 0.49765625 0.9625 0.0078125 0.00703125
15 0.36796875 0.9625 0.00859375 0.0078125
15 0.38203125 0.9625 0.01015625 0.00625
15 0.39609375 0.9625 0.00703125 0.00625
15 0.5125 0.96328125 0.01171875 0.00703125
15 0.42421875 0.96328125 0.01015625 0.0078125
15 0.4609375 0.96328125 0.0125 0.00703125
15 0.44140625 0.96328125 0.00859375 0.00546875
15 0.4515625 0.96328125 0.0078125 0.00703125
15 0.40546875 0.96328125 0.0078125 0.00703125
15 0.43359375 0.96328125 0.0078125 0.00546875
9 0.79765625 0.96484375 0.015625 0.01953125
9 0.03046875 0.109375 0.0265625 0.01875
20 0.19765625 0.1734375 0.02734375 0.0265625
20 0.24296875 0.18046875 0.01875 0.03046875
20 0.26328125 0.18125 0.0203125 0.03125
1 0.1796875 0.19921875 0.01171875 0.0171875
1 0.19375 0.2 0.01171875 0.02109375
9 0.15 0.20078125 0.01484375 0.01796875
1 0.240625 0.21171875 0.01328125 0.01796875
1 0.25546875 0.21171875 0.01171875 0.01796875
20 0.821875 0.21875 0.00703125 0.01328125
1 0.8875 0.21953125 0.00703125 0.0140625
20 0.8375 0.22734375 0.01328125 0.00859375
1 0.1921875 0.2328125 0.00390625 0.0109375
1 0.18203125 0.23359375 0.0046875 0.0125
1 0.175 0.23359375 0.00546875 0.0140625
9 0.321875 0.23515625 0.028125 0.04921875
1 0.16640625 0.23671875 0.00390625 0.01015625
1 0.1640625 0.253125 0.0046875 0.01328125
9 0.87890625 0.2546875 0.03515625 0.04375
9 0.1875 0.2625 0.0375 0.03359375
1 0.84921875 0.265625 0.01171875 0.00703125
1 0.91015625 0.26796875 0.009375 0.00625
20 0.1546875 0.27109375 0.0125 0.01953125
9 0.240625 0.27265625 0.04375 0.05625
20 0.58359375 0.2765625 0.0125 0.0125
20 0.3 0.28515625 0.02890625 0.0265625
1 0.32109375 0.2859375 0.0078125 0.01875
1 0.74296875 0.29375 0.003125 0.00859375
20 0.7515625 0.29453125 0.01171875 0.00703125
20 0.65859375 0.30703125 0.00703125 0.0140625
1 0.74140625 0.3140625 0.00546875 0.01328125
20 0.60390625 0.3140625 0.01015625 0.01484375
20 0.28828125 0.31953125 0.02421875 0.025
20 0.31875 0.3203125 0.0265625 0.02421875
20 0.2125 0.3203125 0.0296875 0.02578125
20 0.18203125 0.3203125 0.0296875 0.025
20 0.6578125 0.32265625 0.00859375 0.015625
1 0.14453125 0.32578125 0.01171875 0.00859375
1 0.2375 0.32734375 0.0140625 0.00859375
1 0.26171875 0.328125 0.0171875 0.01015625
20 0.82265625 0.3328125 0.01015625 0.01015625
20 0.76015625 0.3390625 0.009375 0.00703125
1 0.9078125 0.3390625 0.00390625 0.003125
20 0.7765625 0.3390625 0.009375 0.0078125
1 0.23828125 0.340625 0.01484375 0.009375
1 0.871875 0.34140625 0.00625 0.00390625
20 0.60546875 0.3421875 0.00859375 0.0140625
1 0.26328125 0.3421875 0.015625 0.01015625
1 0.9078125 0.34375 0.0046875 0.003125
20 0.31796875 0.34609375 0.0265625 0.02265625
1 0.7 0.346875 0.009375 0.01640625
20 0.28828125 0.34765625 0.0265625 0.0234375
20 0.21328125 0.3484375 0.03046875 0.0265625
20 0.18203125 0.34921875 0.03125 0.025
1 0.6859375 0.34921875 0.00703125 0.0125
1 0.84765625 0.35078125 0.0046875 0.00859375
1 0.23828125 0.353125 0.01484375 0.00859375
1 0.2625 0.3546875 0.01640625 0.00859375
9 0.875 0.36796875 0.0296875 0.03203125
1 0.84765625 0.36796875 0.0046875 0.0078125
20 0.81015625 0.36875 0.01015625 0.0140625
20 0.79375 0.36953125 0.01171875 0.0140625
1 0.175 0.37109375 0.00625 0.0109375
1 0.259375 0.371875 0.00703125 0.009375
1 0.24453125 0.37265625 0.0078125 0.0125
1 0.1828125 0.37265625 0.0046875 0.00859375
1 0.19765625 0.37265625 0.00625 0.0109375
1 0.27421875 0.37265625 0.00859375 0.0109375
1 0.22890625 0.37265625 0.00546875 0.01015625
1 0.22109375 0.37265625 0.00703125 0.01171875
1 0.2515625 0.3734375 0.00703125 0.01328125
1 0.26640625 0.37265625 0.00859375 0.01171875
1 0.28203125 0.37265625 0.009375 0.01171875
20 0.58828125 0.3734375 0.0109375 0.01015625
1 0.19140625 0.3734375 0.00546875 0.01171875
1 0.2046875 0.3734375 0.00546875 0.0125
1 0.23671875 0.3734375 0.00625 0.01328125
1 0.21328125 0.37421875 0.00625 0.01171875
1 0.85390625 0.37890625 0.00390625 0.003125
1 0.896875 0.38125 0.00625 0.0109375
1 0.85390625 0.384375 0.00390625 0.003125
1 0.865625 0.3890625 0.00546875 0.0015625
1 0.88203125 0.38984375 0.0046875 0.003125
20 0.43515625 0.39453125 0.0109375 0.0125
1 0.89765625 0.3953125 0.00390625 0.00859375
1 0.8875 0.3984375 0.00703125 0.003125
20 0.80234375 0.403125 0.0109375 0.01484375
1 0.634375 0.409375 0.01015625 0.00625
20 0.43671875 0.41015625 0.01015625 0.01328125
20 0.0515625 0.44765625 0.01015625 0.0109375
1 0.60390625 0.4609375 0.0125 0.00859375
1 0.24375 0.46484375 0.0046875 0.01328125
1 0.21328125 0.46484375 0.00703125 0.01328125
1 0.22734375 0.46484375 0.0078125 0.01328125
1 0.196875 0.465625 0.00625 0.0125
1 0.25859375 0.465625 0.0078125 0.01328125
1 0.2046875 0.465625 0.00625 0.0109375
1 0.25078125 0.46640625 0.0078125 0.0140625
1 0.234375 0.46640625 0.009375 0.01484375
1 0.21953125 0.46640625 0.00625 0.01171875
9 0.0515625 0.046875 0.02109375 0.0171875
9 0.5640625 0.46953125 0.0109375 0.015625
9 0.578125 0.47109375 0.0109375 0.0125
20 0.60390625 0.4765625 0.0140625 0.01484375
1 0.10234375 0.4984375 0.0125 0.0078125
1 0.6328125 0.5015625 0.01015625 0.0078125
20 0.11953125 0.5140625 0.01171875 0.02109375
1 0.24296875 0.525 0.00703125 0.0140625
1 0.20546875 0.52578125 0.00625 0.01328125
1 0.19765625 0.525 0.00546875 0.01328125
1 0.25078125 0.525 0.01015625 0.01640625
1 0.21953125 0.52578125 0.0078125 0.01484375
1 0.228125 0.52578125 0.0078125 0.01015625
1 0.2125 0.52578125 0.00546875 0.01171875
1 0.2359375 0.52578125 0.00546875 0.01484375
1 0.259375 0.5265625 0.009375 0.01328125