16 0.7546875 0.5046875 0.03671875 0.015625
16 0.75859375 0.51796875 0.03828125 0.0234375
9 0.51875 0.53203125 0.090625 0.03828125
9 0.6359375 0.5296875 0.08828125 0.040625
4 0.90078125 0.01171875 0.1515625 0.0234375
4 0.390625 0.03203125 0.43125 0.04765625
4 0.5640625 0.584375 0.22890625 0.04609375
4 0.2578125 0.59765625 0.36953125 0.05234375
2 0.9921875 0.5703125 0.0140625 0.0359375
16 0.98046875 0.57734375 0.01640625 0.0421875
2 0.1359375 0.65078125 0.01484375 0.03359375
2 0.55546875 0.63515625 0.01484375 0.03984375
9 0.60703125 0.63359375 0.09296875 0.0453125
2 0.1578125 0.65390625 0.01640625 0.03671875
4 0.203125 0.65234375 0.01640625 0.03671875
2 0.20390625 0.65390625 0.01796875 0.0390625
2 0.18203125 0.65625 0.01640625 0.040625
2 0.9609375 0.62734375 0.01484375 0.0421875
2 0.71953125 0.64140625 0.0171875 0.04609375
16 0.98359375 0.63984375 0.02265625 0.040625
4 0.571875 0.68515625 0.234375 0.05
4 0.26328125 0.6984375 0.3796875 0.0515625
9 0.7265625 0.03203125 0.1625 0.04375
2 0.81328125 0.0296875 0.01640625 0.03671875
2 0.98359375 0.68828125 0.0125 0.0328125
16 0.99296875 0.68984375 0.0125 0.0390625
9 0.50546875 0.73359375 0.11484375 0.05
2 0.4296875 0.73671875 0.02265625 0.028125
2 0.98828125 0.740625 0.01484375 0.03828125
2 0.63828125 0.0421875 0.0125 0.03515625
16 0.81953125 0.75078125 0.03359375 0.01796875
16 0.75859375 0.753125 0.03828125 0.02265625
2 0.85078125 0.76796875 0.03828125 0.0140625
4 0.57421875 0.78203125 0.22734375 0.05390625
4 0.26484375 0.79609375 0.378125 0.05859375
2 0.97734375 0.78671875 0.01484375 0.04296875
16 0.9890625 0.7953125 0.0140625 0.03828125
9 0.2703125 0.84296875 0.109375 0.04453125
2 0.203125 0.846875 0.01875 0.03515625
2 0.1671875 0.84921875 0.01953125 0.03671875
2 0.14609375 0.85078125 0.0171875 0.0328125
2 0.1890625 0.84921875 0.01875 0.03828125
4 0.903125 0.03984375 0.15625 0.0203125
2 0.99140625 0.85078125 0.01640625 0.0421875
4 0.58046875 0.88046875 0.2328125 0.05390625
4 0.2703125 0.89296875 0.3875 0.0546875
2 0.959375 0.86953125 0.01484375 0.03828125
9 0.86171875 0.8765625 0.13984375 0.1546875
2 0.78125 0.90078125 0.01484375 0.0328125
9 0.2890625 0.9375 0.11484375 0.040625
2 0.2140625 0.9421875 0.01484375 0.03125
4 0.39375 0.06953125 0.4328125 0.04765625
4 0.57890625 0.9765625 0.22890625 0.04609375
4 0.27265625 0.98046875 0.38046875 0.0375
2 0.8546875 0.975 0.0390625 0.01640625
4 0.903125 0.06015625 0.15625 0.02578125
9 0.73125 0.08046875 0.1640625 0.05
2 0.640625 0.0859375 0.0140625 0.04453125
2 0.8171875 0.07890625 0.0125 0.02890625
4 0.07109375 0.1234375 0.0515625 0.21484375
4 0.39140625 0.10703125 0.4359375 0.04609375
4 0.01796875 0.12421875 0.03515625 0.10625
4 0.90703125 0.08984375 0.159375 0.02421875
16 0.040625 0.128125 0.01953125 0.0390625
9 0.13671875 0.13203125 0.0796875 0.23984375
4 0.90546875 0.1109375 0.15546875 0.02421875
4 0.3953125 0.14140625 0.4359375 0.0515625
2 0.81640625 0.1265625 0.0140625 0.0265625
2 0.640625 0.13515625 0.01328125 0.021875
9 0.72734375 0.13203125 0.15859375 0.0515625
4 0.9078125 0.13984375 0.15625 0.025
4 0.9078125 0.159375 0.15546875 0.0203125
4 0.39375 0.17890625 0.43046875 0.04765625
2 0.0421875 0.20390625 0.01328125 0.03046875
2 0.64453125 0.18125 0.02109375 0.03515625
2 0.81953125 0.17734375 0.0125 0.0265625
9 0.73515625 0.18359375 0.15703125 0.0375
4 0.3875 0.009375 0.43125 0.01875
4 0.909375 0.18984375 0.15625 0.021875
4 0.3984375 0.215625 0.4359375 0.04765625
9 0.72734375 0.0046875 0.1640625 0.009375
2 0.06015625 0.2390625 0.0265625 0.0140625
2 0.64375 0.23125 0.01875 0.02890625
9 0.88515625 0.22265625 0.121875 0.0421875
9 0.7125 0.23203125 0.11171875 0.04375
2 0.14921875 0.2609375 0.03203125 0.02265625
2 0.1109375 0.2625 0.025 0.0234375
4 0.396875 0.25234375 0.43125 0.05
16 0.81015625 0.2375 0.01484375 0.04609375
16 0.79609375 0.23828125 0.0203125 0.04765625
2 0.33046875 0.28203125 0.04375 0.01796875
16 0.0546875 0.30859375 0.03671875 0.02109375
2 0.57578125 0.2921875 0.03359375 0.01953125
2 0.03828125 0.3390625 0.0140625 0.02109375
9 0.4875 0.328125 0.1171875 0.04453125
9 0.61015625 0.325 0.11484375 0.04453125
9 0.1203125 0.3578125 0.15625 0.0828125
16 0.2046875 0.359375 0.01953125 0.04609375
2 0.425 0.36328125 0.01953125 0.04453125
2 0.2265625 0.371875 0.01953125 0.0421875
2 0.696875 0.3546875 0.0375 0.021875
9 0.32890625 0.37421875 0.159375 0.16953125
9 0.87265625 0.3609375 0.16171875 0.1703125
2 0.97265625 0.36171875 0.0140625 0.0328125
2 0.7765625 0.375 0.021875 0.03984375
2 0.57890625 0.38828125 0.0296875 0.01640625
2 0.034375 0.425 0.01328125 0.02734375
16 0.21875 0.43203125 0.01796875 0.04609375
9 0.49375 0.42421875 0.11640625 0.04609375
9 0.12578125 0.43828125 0.16171875 0.08671875
9 0.61328125 0.42109375 0.11328125 0.05
16 0.0203125 0.45859375 0.0328125 0.01953125
16 0.22734375 0.4640625 0.03203125 0.021875
16 0.01796875 0.47734375 0.0296875 0.02109375
2 0.33515625 0.47109375 0.0265625 0.01796875
16 0.778125 0.45703125 0.0140625 0.0375
16 0.76484375 0.4578125 0.0140625 0.0390625
16 0.825 0.459375 0.03046875 0.01796875
2 0.0109375 0.49453125 0.021875 0.025
4 0.5625 0.4875 0.228125 0.0484375
4 0.25546875 0.5 0.38125 0.0515625
2 0.88125 0.48359375 0.0265625 0.01796875
16 0.75078125 0.4890625 0.03515625 0.02265625