2 0.9671875 0.9875 0.00390625 0.01484375
16 0.959375 0.98046875 0.00390625 0.0296875
16 0.95546875 0.97734375 0.00390625 0.034375
16 0.9640625 0.98515625 0.00390625 0.01953125
2 0.496875 0.225 0.00859375 0.0546875
16 0.91171875 0.92578125 0.00546875 0.0296875
16 0.9203125 0.94296875 0.00390625 0.025
16 0.9359375 0.96796875 0.0046875 0.025
16 0.92890625 0.9625 0.00390625 0.025
16 0.94453125 0.98515625 0.00546875 0.01953125
16 0.78125 0.7328125 0.00234375 0.03984375
16 0.78359375 0.73515625 0.00234375 0.04453125
2 0.82734375 0.9703125 0.01015625 0.04921875
2 0.5546875 0.58203125 0.00390625 0.0546875
2 0.5265625 0.55703125 0.01171875 0.0640625
2 0.72109375 0.8984375 0.01015625 0.0546875
16 0.51953125 0.58671875 0.00703125 0.04453125
2 0.7453125 0.96015625 0.01015625 0.059375
2 0.51953125 0.6234375 0.00703125 0.03984375
2 0.73515625 0.975 0.0046875 0.03984375
2 0.53515625 0.65859375 0.00390625 0.01953125
2 0.74375 0.9875 0.0125 0.01484375
2 0.534375 0.69765625 0.00546875 0.0296875
2 0.659375 0.9359375 0.00546875 0.03984375
2 0.5296875 0.7375 0.00546875 0.03984375
2 0.565625 0.83671875 0.0046875 0.0296875
2 0.54453125 0.903125 0.00234375 0.04453125
2 0.5421875 0.8984375 0.003125 0.04453125
2 0.55078125 0.2453125 0.00390625 0.0546875
2 0.89296875 0.821875 0.00546875 0.0296875
2 0.6921875 0.4875 0.003125 0.04453125
2 0.90078125 0.83671875 0.003125 0.03984375
2 0.771875 0.61875 0.00234375 0.03984375
2 0.775 0.6234375 0.003125 0.04921875
2 0.903125 0.846875 0.00234375 0.03984375
2 0.89375 0.8640625 0.00703125 0.04453125
2 0.3703125 0.01015625 0.009375 0.01953125
16 0.91171875 0.8984375 0.0046875 0.025
16 0.78515625 0.68828125 0.00234375 0.03984375
16 0.7828125 0.68828125 0.003125 0.03984375
16 0.93203125 0.940625 0.00390625 0.0296875
16 0.925 0.92578125 0.00390625 0.0296875
16 0.93984375 0.9578125 0.0046875 0.025
16 0.9171875 0.91796875 0.00390625 0.025