16 0.8046875 0.521875 0.03984375 0.02265625
16 0.81015625 0.53515625 0.04375 0.03046875
9 0.55703125 0.584375 0.10078125 0.053125
9 0.68125 0.56484375 0.0984375 0.05546875
4 0.36015625 0.07109375 0.4609375 0.11171875
4 0.6109375 0.634375 0.246875 0.08125
4 0.28671875 0.690625 0.39609375 0.10859375
2 0.1640625 0.765625 0.0203125 0.0375
2 0.60859375 0.68828125 0.02109375 0.04453125
9 0.66328125 0.68046875 0.10390625 0.0609375
2 0.1875 0.76484375 0.021875 0.04140625
4 0.23515625 0.75703125 0.021875 0.040625
2 0.23671875 0.759375 0.02421875 0.04375
2 0.2140625 0.76484375 0.021875 0.0453125
2 0.78359375 0.67265625 0.02421875 0.0515625
4 0.63203125 0.73984375 0.25390625 0.0859375
4 0.30546875 0.7984375 0.40625 0.10859375
9 0.7171875 0.028125 0.178125 0.05625
2 0.81015625 0.01484375 0.02265625 0.02890625
9 0.56640625 0.80078125 0.12734375 0.06875
2 0.48671875 0.81484375 0.02734375 0.0328125
2 0.625 0.04609375 0.0171875 0.03828125
16 0.903125 0.77421875 0.03828125 0.0234375
16 0.83828125 0.78515625 0.04375 0.02890625
2 0.93828125 0.7890625 0.0421875 0.0203125
4 0.64609375 0.84296875 0.24609375 0.0890625
4 0.31796875 0.9015625 0.40625 0.115625
9 0.3296875 0.95078125 0.12109375 0.06328125
2 0.25859375 0.9640625 0.02421875 0.040625
2 0.22109375 0.971875 0.02578125 0.0421875
2 0.1984375 0.9765625 0.021875 0.03671875
2 0.24375 0.96796875 0.02421875 0.04296875
4 0.87890625 0.0140625 0.1125 0.028125
4 0.66484375 0.946875 0.2515625 0.08984375
4 0.3359375 0.9734375 0.415625 0.0515625
9 0.9390625 0.87421875 0.1203125 0.128125
2 0.87890625 0.93125 0.0171875 0.0203125
4 0.36796875 0.109375 0.46171875 0.1125
4 0.88203125 0.0328125 0.11328125 0.040625
9 0.72890625 0.07421875 0.17890625 0.0765625
2 0.6328125 0.09296875 0.0203125 0.0484375
2 0.81953125 0.0609375 0.0171875 0.0328125
4 0.0359375 0.20625 0.071875 0.24765625
4 0.3703125 0.15 0.465625 0.1109375
4 0.88671875 0.06328125 0.1109375 0.03828125
16 0.00625 0.22265625 0.0125 0.0453125
9 0.1015625 0.20703125 0.1140625 0.27578125
4 0.88984375 0.0859375 0.11171875 0.03828125
4 0.37890625 0.1859375 0.465625 0.11640625
2 0.825 0.1109375 0.0171875 0.0296875
2 0.6390625 0.14375 0.0171875 0.02421875
9 0.73125 0.12890625 0.1734375 0.0765625
4 0.89453125 0.1171875 0.1109375 0.03984375
4 0.89765625 0.1375 0.1109375 0.034375
4 0.38203125 0.2265625 0.46015625 0.11171875
2 0.01015625 0.303125 0.0171875 0.03359375
2 0.64921875 0.19375 0.0265625 0.040625
2 0.834375 0.1640625 0.01640625 0.0296875
9 0.74453125 0.1828125 0.1703125 0.06171875
4 0.35234375 0.04375 0.4609375 0.0875
4 0.90234375 0.16953125 0.11015625 0.03515625
4 0.390625 0.26484375 0.465625 0.11328125
2 0.03359375 0.3375 0.0296875 0.01796875
2 0.653125 0.24609375 0.0234375 0.03359375
9 0.903125 0.2046875 0.121875 0.06015625
9 0.7265625 0.2375 0.1234375 0.06171875
2 0.13125 0.34765625 0.03671875 0.028125
2 0.090625 0.35625 0.0296875 0.028125
4 0.39375 0.30390625 0.46015625 0.11328125
16 0.83125 0.22890625 0.02109375 0.05078125
16 0.81640625 0.2328125 0.02734375 0.053125
2 0.3265625 0.3453125 0.04765625 0.025
16 0.0359375 0.4125 0.0421875 0.028125
2 0.58828125 0.32109375 0.03828125 0.02578125
2 0.02265625 0.446875 0.0171875 0.02421875
9 0.49921875 0.37109375 0.12890625 0.06328125
9 0.62890625 0.3515625 0.1265625 0.0625
9 0.11171875 0.45546875 0.17421875 0.11015625
16 0.2015625 0.4453125 0.0265625 0.05234375
2 0.43671875 0.41796875 0.02578125 0.05
2 0.2265625 0.45546875 0.025 0.04765625
2 0.725 0.3703125 0.0421875 0.028125
9 0.3359375 0.44375 0.18828125 0.2015625
9 0.90546875 0.353125 0.17890625 0.2015625
2 0.8125 0.38046875 0.028125 0.0453125
2 0.603125 0.42265625 0.03359375 0.021875
2 0.028125 0.53984375 0.0171875 0.03046875
16 0.22578125 0.52109375 0.02421875 0.05078125
9 0.51796875 0.4734375 0.128125 0.065625
9 0.128125 0.54140625 0.18125 0.1140625
9 0.64375 0.453125 0.12578125 0.06875
16 0.0203125 0.5765625 0.0328125 0.025
16 0.2390625 0.55390625 0.03671875 0.028125
16 0.02109375 0.59765625 0.028125 0.02578125
2 0.35390625 0.54609375 0.0296875 0.0234375
16 0.82421875 0.4671875 0.01875 0.04140625
16 0.809375 0.47109375 0.01953125 0.04296875
16 0.87421875 0.46328125 0.034375 0.0234375
2 0.0171875 0.615625 0.015625 0.02734375
4 0.59765625 0.53046875 0.24609375 0.08359375
4 0.2734375 0.5875 0.40859375 0.109375
2 0.93671875 0.48203125 0.0296875 0.0234375
16 0.79921875 0.50546875 0.03984375 0.02890625