16 0.8109375 0.46015625 0.0390625 0.01796875
16 0.81484375 0.475 0.04140625 0.02578125
9 0.56015625 0.49375 0.096875 0.0421875
9 0.68515625 0.48984375 0.0953125 0.0453125
4 0.60859375 0.54921875 0.24453125 0.053125
4 0.28359375 0.56875 0.39375 0.06328125
2 0.1546875 0.62890625 0.01640625 0.0359375
2 0.6015625 0.60390625 0.0171875 0.0421875
9 0.65625 0.60078125 0.1 0.05
2 0.178125 0.63125 0.01796875 0.0390625
4 0.2265625 0.62890625 0.01796875 0.0390625
2 0.22734375 0.63046875 0.0203125 0.0421875
2 0.20390625 0.63359375 0.01796875 0.04375
2 0.77578125 0.60703125 0.01875 0.05
4 0.61953125 0.65625 0.25 0.0578125
4 0.290625 0.6765625 0.4046875 0.06328125
9 0.54921875 0.709375 0.12265625 0.05546875
2 0.46875 0.7140625 0.025 0.03046875
16 0.88359375 0.72109375 0.0359375 0.01953125
16 0.81953125 0.725 0.04140625 0.025
2 0.91796875 0.73984375 0.040625 0.015625
4 0.6234375 0.759375 0.24296875 0.06171875
4 0.29453125 0.78046875 0.403125 0.0703125
9 0.30078125 0.83125 0.11796875 0.05
2 0.2296875 0.8359375 0.0203125 0.03828125
2 0.1921875 0.8390625 0.021875 0.03984375
2 0.16875 0.84140625 0.01875 0.03515625
2 0.2140625 0.8390625 0.02109375 0.04140625
4 0.63203125 0.86484375 0.2484375 0.0625
4 0.30234375 0.884375 0.41328125 0.065625
9 0.92734375 0.8546875 0.14453125 0.16796875
2 0.84609375 0.88203125 0.01640625 0.034375
9 0.32265625 0.93125 0.12265625 0.0453125
2 0.24296875 0.93828125 0.01640625 0.03359375
4 0.41953125 0.0171875 0.4609375 0.034375
4 0.63203125 0.96640625 0.24453125 0.05390625
4 0.30625 0.9765625 0.4046875 0.04609375
2 0.925 0.96015625 0.04140625 0.01796875
9 0.778125 0.01875 0.175 0.0375
2 0.68203125 0.0203125 0.01640625 0.040625
2 0.86953125 0.0109375 0.01484375 0.021875
4 0.07890625 0.10234375 0.05546875 0.16015625
4 0.41796875 0.04453125 0.4640625 0.05859375
4 0.01953125 0.0765625 0.0390625 0.1015625
4 0.92890625 0.0171875 0.096875 0.025
16 0.04453125 0.0734375 0.021875 0.0421875
9 0.1484375 0.1109375 0.0859375 0.18671875
4 0.9296875 0.03984375 0.096875 0.025
4 0.42265625 0.08046875 0.4640625 0.0640625
2 0.8703125 0.05625 0.01484375 0.028125
2 0.6828125 0.06875 0.01484375 0.02265625
9 0.77578125 0.06328125 0.16953125 0.0578125
4 0.93203125 0.07109375 0.09609375 0.0265625
4 0.9328125 0.09140625 0.09609375 0.02109375
4 0.421875 0.12109375 0.459375 0.059375
2 0.046875 0.1546875 0.01484375 0.03203125
2 0.68828125 0.11875 0.0234375 0.03828125
2 0.87421875 0.11015625 0.01328125 0.028125
9 0.784375 0.11875 0.16796875 0.04296875
4 0.934375 0.12421875 0.0953125 0.02265625
4 0.4265625 0.16015625 0.4640625 0.06015625
2 0.0671875 0.19140625 0.028125 0.015625
2 0.6875 0.17109375 0.0203125 0.03203125
9 0.93203125 0.159375 0.10546875 0.04609375
9 0.76171875 0.1703125 0.11953125 0.0484375
2 0.1625 0.2125 0.034375 0.025
2 0.12109375 0.215625 0.02734375 0.025
4 0.42578125 0.1984375 0.459375 0.0609375
16 0.86484375 0.17421875 0.01640625 0.04921875
16 0.85 0.17578125 0.021875 0.0515625
2 0.35625 0.23125 0.04609375 0.01953125
16 0.06171875 0.265625 0.03984375 0.0234375
2 0.61640625 0.23828125 0.0359375 0.021875
2 0.04609375 0.2984375 0.015625 0.02265625
9 0.52421875 0.27734375 0.12578125 0.04921875
9 0.65390625 0.27265625 0.12265625 0.04921875
9 0.1328125 0.31640625 0.1671875 0.09140625
16 0.221875 0.31640625 0.021875 0.05
2 0.45703125 0.31640625 0.02109375 0.0484375
2 0.246875 0.3296875 0.02109375 0.0453125
2 0.746875 0.3015625 0.040625 0.0234375
9 0.35546875 0.3296875 0.171875 0.184375
9 0.92109375 0.30625 0.14921875 0.18359375
2 0.83203125 0.321875 0.02421875 0.04296875
2 0.621875 0.340625 0.03203125 0.01796875
2 0.04296875 0.38984375 0.01484375 0.0296875
16 0.2390625 0.39375 0.01953125 0.04921875
9 0.53203125 0.3796875 0.12421875 0.0515625
9 0.140625 0.403125 0.1734375 0.0953125
9 0.65859375 0.37421875 0.12109375 0.0546875
16 0.02734375 0.42578125 0.0359375 0.02109375
16 0.24921875 0.428125 0.034375 0.02421875
16 0.0265625 0.446875 0.03203125 0.02265625
2 0.3640625 0.4328125 0.02890625 0.0203125
16 0.83515625 0.409375 0.01484375 0.03984375
16 0.82109375 0.41015625 0.015625 0.04140625
16 0.88515625 0.4109375 0.03203125 0.01953125
2 0.01640625 0.46484375 0.02734375 0.0265625
4 0.60546875 0.4453125 0.24296875 0.05625
4 0.2796875 0.465625 0.40703125 0.06328125
2 0.9453125 0.4359375 0.02890625 0.0203125
16 0.80703125 0.44375 0.0375 0.025