2 0.81328125 0.2640625 0.02265625 0.07578125
2 0.3 0.0375 0.034375 0.075
2 0.37734375 0.090625 0.01875 0.0703125
4 0.58671875 0.22421875 0.05546875 0.3671875
2 0.1328125 0.0234375 0.01796875 0.046875
2 0.3359375 0.14453125 0.02734375 0.07734375
9 0.459375 0.215625 0.08984375 0.21953125
2 0.3640625 0.16953125 0.0234375 0.08359375
2 0.80703125 0.39921875 0.025 0.0734375
9 0.23203125 0.17421875 0.09296875 0.2515625
2 0.1453125 0.1375 0.01640625 0.05703125
4 0.66953125 0.46640625 0.08828125 0.75859375
4 0.853125 0.5640625 0.08359375 0.7078125
4 0.75078125 0.525 0.0859375 0.74140625
2 0.43515625 0.38828125 0.0296875 0.0921875
2 0.13984375 0.23984375 0.01953125 0.05703125
2 0.159375 0.28125 0.01796875 0.05546875
2 0.2828125 0.35625 0.0265625 0.0859375
2 0.17890625 0.30546875 0.01640625 0.05703125
2 0.48203125 0.4859375 0.02578125 0.07890625
2 0.11953125 0.33125 0.0265625 0.071875
2 0.09296875 0.3265625 0.02734375 0.0921875
2 0.24140625 0.40859375 0.01640625 0.0421875
2 0.05625 0.3171875 0.02421875 0.08046875
2 0.20859375 0.39609375 0.01484375 0.05
2 0.1734375 0.38828125 0.02890625 0.07890625
2 0.915625 0.7921875 0.0359375 0.09765625
2 0.2578125 0.48671875 0.02421875 0.08046875
2 0.0796875 0.4234375 0.02890625 0.0859375
4 0.4265625 0.0203125 0.06171875 0.040625
2 0.81953125 0.9671875 0.02890625 0.06171875
4 0.596875 0.9609375 0.09609375 0.07578125
2 0.68359375 0.990625 0.02109375 0.01484375