2 0.62578125 0.11328125 0.00703125 0.08671875
20 0.6140625 0.13671875 0.0140625 0.115625
20 0.6 0.15703125 0.01484375 0.115625
2 0.5234375 0.31171875 0.00546875 0.06171875
16 0.58984375 0.2109375 0.00625 0.0828125
2 0.53984375 0.29140625 0.00546875 0.06171875
2 0.12734375 0.9171875 0.01640625 0.15703125
2 0.57109375 0.2828125 0.00703125 0.08671875
2 0.5828125 0.26484375 0.0078125 0.090625
2 0.0984375 0.98359375 0.0078125 0.025
2 0.1046875 0.98125 0.0078125 0.02890625
2 0.1125 0.975 0.0078125 0.04140625
16 0.59921875 0.2890625 0.00625 0.07421875
16 0.60625 0.27890625 0.00625 0.078125
16 0.59140625 0.29921875 0.0078125 0.08671875
2 0.48828125 0.5203125 0.00546875 0.0578125
2 0.49453125 0.51015625 0.0046875 0.06171875
2 0.4828125 0.52890625 0.0046875 0.0578125
2 0.5015625 0.50234375 0.00625 0.06171875
2 0.8 0.0703125 0.00625 0.0828125
2 0.82734375 0.03515625 0.00703125 0.0703125
16 0.79375 0.08046875 0.00625 0.078125
16 0.81328125 0.05390625 0.00703125 0.0828125
16 0.81953125 0.04765625 0.0078125 0.08671875
16 0.80703125 0.0640625 0.00625 0.078125
16 0.615625 0.390625 0.00625 0.078125
2 0.56640625 0.46484375 0.0046875 0.05390625
2 0.490625 0.590625 0.00546875 0.0578125
2 0.48515625 0.60546875 0.00625 0.06171875
2 0.49609375 0.59296875 0.00703125 0.078125
2 0.503125 0.584375 0.00703125 0.08671875
2 0.87734375 0.03515625 0.00703125 0.0703125
2 0.8953125 0.02265625 0.00625 0.0453125
2 0.8890625 0.02890625 0.00625 0.0578125
20 0.91796875 0.0203125 0.0171875 0.040625
9 0.60390625 0.4484375 0.01328125 0.0953125
2 0.51484375 0.603125 0.00546875 0.06640625
2 0.509375 0.609375 0.00390625 0.05390625
2 0.59140625 0.50234375 0.01171875 0.153125
2 0.62578125 0.45625 0.0046875 0.05390625
16 0.6359375 0.4421875 0.0046875 0.0578125
16 0.63046875 0.45078125 0.0046875 0.0578125
16 0.61796875 0.48125 0.00625 0.078125
2 0.5671875 0.56171875 0.00546875 0.0578125
2 0.91015625 0.06171875 0.00625 0.07421875
2 0.49765625 0.6796875 0.00625 0.078125
2 0.890625 0.10546875 0.00625 0.078125
2 0.5171875 0.671875 0.00546875 0.06171875
9 0.828125 0.2109375 0.0234375 0.1734375
16 0.92421875 0.078125 0.0078125 0.07421875
16 0.91796875 0.090625 0.00703125 0.0828125
2 0.99453125 0.0265625 0.0046875 0.053125
2 0.93515625 0.1015625 0.0125 0.153125
2 0.60078125 0.615625 0.00625 0.07421875
16 0.62109375 0.590625 0.00625 0.07421875
2 0.5359375 0.74765625 0.0046875 0.0578125
16 0.53046875 0.76640625 0.00625 0.078125
9 0.6359375 0.6609375 0.01328125 0.13203125
9 0.5640625 0.7875 0.01328125 0.13671875
9 0.6125 0.7375 0.01328125 0.103125
2 0.9453125 0.24375 0.009375 0.09921875
2 0.5765625 0.8015625 0.00390625 0.0578125
16 0.62421875 0.74375 0.0078125 0.0828125
2 0.81484375 0.47734375 0.00625 0.078125
2 0.8078125 0.4875 0.00625 0.0828125
2 0.41171875 0.334375 0.0046875 0.0578125
2 0.43359375 0.29921875 0.0046875 0.06171875
16 0.428125 0.31015625 0.00546875 0.06640625
16 0.42265625 0.31640625 0.00546875 0.06171875
2 0.090625 0.846875 0.009375 0.09921875
2 0.08203125 0.86171875 0.00859375 0.103125