2 0.07265625 0.48984375 0.01796875 0.01328125
4 0.8109375 0.68046875 0.1171875 0.43984375
4 0.72265625 0.65859375 0.12265625 0.44453125
4 0.89765625 0.703125 0.11640625 0.44453125
2 0.0703125 0.5 0.0171875 0.0125
2 0.8921875 0.14453125 0.01328125 0.01015625
16 0.0875 0.5203125 0.01171875 0.0078125
2 0.09765625 0.528125 0.00703125 0.01328125
16 0.36796875 0.0140625 0.00859375 0.015625
16 0.07890625 0.53984375 0.01875 0.0140625
2 0.83359375 0.73359375 0.015625 0.0109375
16 0.11171875 0.5609375 0.0078125 0.01484375
16 0.11796875 0.5625 0.00703125 0.015625
2 0.059375 0.54921875 0.01015625 0.02109375
2 0.51796875 0.6703125 0.00703125 0.01484375
16 0.5015625 0.68203125 0.0109375 0.01015625
16 0.43359375 0.6703125 0.01171875 0.00859375
16 0.50078125 0.68828125 0.01171875 0.0078125
16 0.13515625 0.6 0.01171875 0.00859375
16 0.4984375 0.69375 0.0125 0.00859375
16 0.41875 0.67421875 0.01328125 0.01015625
16 0.13359375 0.60703125 0.0125 0.0078125
16 0.43125 0.6828125 0.0140625 0.01015625
16 0.5703125 0.721875 0.00703125 0.01328125
2 0.496875 0.70625 0.0125 0.00859375
2 0.58125 0.72890625 0.0109375 0.0078125
16 0.4296875 0.6921875 0.0109375 0.0078125
16 0.4140625 0.69453125 0.0140625 0.01015625
2 0.42890625 0.69921875 0.0109375 0.0078125
2 0.84375 0.80859375 0.00859375 0.015625
16 0.42734375 0.7046875 0.0109375 0.00859375
16 0.4125 0.70234375 0.01328125 0.0109375
16 0.396875 0.70078125 0.01171875 0.009375
2 0.49375 0.725 0.01171875 0.01015625
16 0.4265625 0.7109375 0.01171875 0.00859375
16 0.39609375 0.709375 0.01328125 0.009375
2 0.425 0.71953125 0.0125 0.01015625
2 0.55625 0.75546875 0.01171875 0.01015625
2 0.490625 0.74375 0.0109375 0.0078125
16 0.50390625 0.746875 0.0125 0.009375
2 0.5546875 0.76171875 0.0109375 0.00703125
16 0.35390625 0.02265625 0.0109375 0.0078125
4 0.93046875 0.85859375 0.06640625 0.203125
16 0.48984375 0.74921875 0.0109375 0.00703125
16 0.4078125 0.7296875 0.0140625 0.0109375
16 0.396875 0.72734375 0.00859375 0.015625
16 0.38828125 0.72578125 0.00703125 0.0140625
16 0.503125 0.7546875 0.0125 0.009375
2 0.55390625 0.76796875 0.0109375 0.00703125
16 0.48828125 0.75625 0.01171875 0.00703125
16 0.5015625 0.76015625 0.01171875 0.00703125
16 0.55234375 0.77578125 0.0109375 0.00703125
2 0.4734375 0.759375 0.01171875 0.0078125
16 0.50078125 0.7671875 0.01328125 0.01015625
2 0.4609375 0.75703125 0.01171875 0.00703125
16 0.4328125 0.7609375 0.00703125 0.01328125
16 0.4234375 0.75859375 0.0078125 0.01484375
2 0.5484375 0.78984375 0.01171875 0.00859375
16 0.428125 0.76015625 0.00703125 0.0140625
16 0.54765625 0.79609375 0.0109375 0.00859375
16 0.0109375 0.66328125 0.01171875 0.00859375
2 0.3328125 0.76015625 0.0125 0.009375
2 0.65859375 0.84453125 0.00859375 0.015625
2 0.6125 0.83671875 0.01328125 0.01015625
16 0.5625 0.82578125 0.01171875 0.009375
2 0.553125 0.8265625 0.00625 0.01328125
2 0.74453125 0.890625 0.01328125 0.009375
16 0.41171875 0.04609375 0.0109375 0.00703125
2 0.4109375 0.81171875 0.01171875 0.0078125
16 0.409375 0.81875 0.01015625 0.0078125
16 0.28515625 0.78828125 0.00703125 0.0140625
20 0.03671875 0.73046875 0.040625 0.06484375
20 0.01015625 0.72265625 0.0203125 0.0640625
16 0.30546875 0.80078125 0.00703125 0.01484375
16 0.40859375 0.8265625 0.01015625 0.00703125
16 0.38515625 0.040625 0.01171875 0.00859375
2 0.834375 0.9390625 0.00625 0.0125
20 0.21953125 0.7859375 0.040625 0.06328125
20 0.26328125 0.79765625 0.0421875 0.06328125
2 0.40703125 0.834375 0.01171875 0.00859375
2 0.2828125 0.80390625 0.0078125 0.015625
16 0.303125 0.81640625 0.00703125 0.01328125
16 0.8875 0.16875 0.01171875 0.0078125
2 0.7 0.928125 0.01171875 0.00703125
2 0.028125 0.76328125 0.01328125 0.01015625
16 0.240625 0.81640625 0.00703125 0.0125
2 0.04140625 0.7671875 0.01171875 0.00859375
2 0.040625 0.7671875 0.0109375 0.0078125
16 0.01484375 0.7609375 0.01328125 0.009375
2 0.00234375 0.7578125 0.00390625 0.00703125
9 0.76015625 0.94453125 0.121875 0.10859375
2 0.8203125 0.96640625 0.01171875 0.0078125
16 0.41328125 0.8640625 0.01015625 0.0078125
2 0.25703125 0.0125 0.01171875 0.00859375
16 0.9046875 0.99140625 0.01328125 0.009375
16 0.81875 0.9734375 0.01328125 0.01015625
16 0.41796875 0.87265625 0.01015625 0.0078125
2 0.13828125 0.80546875 0.01171875 0.009375
2 0.01328125 0.77421875 0.01328125 0.01015625
2 0.1375 0.81328125 0.01171875 0.00703125
16 0.39921875 0.05 0.0078125 0.0125
2 0.696875 0.9578125 0.01171875 0.00859375
16 0.8234375 0.99296875 0.00859375 0.0125
2 0.11796875 0.81875 0.00859375 0.015625
2 0.1234375 0.8203125 0.00703125 0.01484375
2 0.0953125 0.81328125 0.00703125 0.01484375
2 0.090625 0.8125 0.00703125 0.0140625
2 0.0453125 0.8015625 0.00703125 0.0140625
2 0.2046875 0.84140625 0.00703125 0.01484375
2 0.07890625 0.809375 0.00625 0.01328125
2 0.00234375 0.78984375 0.0046875 0.01328125
2 0.08359375 0.8109375 0.00703125 0.0140625
2 0.00703125 0.79140625 0.00703125 0.015625
2 0.05 0.80234375 0.00703125 0.0140625
2 0.040625 0.80078125 0.00703125 0.01484375
2 0.19140625 0.8390625 0.00859375 0.015625
2 0.05546875 0.80390625 0.0078125 0.01328125
2 0.01796875 0.7953125 0.00703125 0.01484375
2 0.0125 0.79375 0.00625 0.0140625
16 0.6828125 0.9640625 0.00625 0.0125
2 0.67734375 0.96328125 0.00703125 0.01328125
2 0.66953125 0.96171875 0.0078125 0.0125
2 0.69609375 0.96875 0.00703125 0.0125
2 0.70625 0.99140625 0.01328125 0.009375
2 0.74375 0.99765625 0.01171875 0.003125
2 0.29296875 0.88984375 0.00703125 0.0140625
16 0.7265625 0.99609375 0.00859375 0.00703125
16 0.71875 0.99453125 0.009375 0.009375
16 0.7328125 0.996875 0.01015625 0.00390625
2 0.7046875 0.99609375 0.01328125 0.00703125
9 0.67421875 0.98359375 0.0546875 0.03203125
16 0.69296875 0.13125 0.0109375 0.01015625
2 0.19453125 0.91875 0.00703125 0.01484375
16 0.6875 0.1640625 0.0109375 0.0078125
16 0.9765625 0.25078125 0.00703125 0.01328125
2 0.8171875 0.22734375 0.01171875 0.0078125
16 0.80546875 0.22421875 0.0109375 0.00703125
2 0.9359375 0.2625 0.01171875 0.0078125
2 0.77890625 0.22578125 0.0078125 0.015625
2 0.88828125 0.25625 0.00703125 0.01328125
2 0.80390625 0.23515625 0.01171875 0.00859375
2 0.93671875 0.27109375 0.01171875 0.0078125
2 0.89609375 0.26171875 0.0109375 0.0078125
4 0.36875 0.1328125 0.6171875 0.2390625
16 0.94609375 0.28984375 0.00703125 0.01484375
2 0.7203125 0.23984375 0.01171875 0.009375
16 0.91640625 0.3 0.0109375 0.0078125
16 0.91484375 0.30625 0.01171875 0.00703125
16 0.99296875 0.3390625 0.0125 0.0109375
16 0.9125 0.3203125 0.01171875 0.01015625
16 0.728125 0.28359375 0.01171875 0.0078125
16 0.91015625 0.3296875 0.0109375 0.01015625
16 0.909375 0.3375 0.01171875 0.00703125
2 0.7421875 0.296875 0.01015625 0.0078125
16 0.7265625 0.2921875 0.0109375 0.00703125
16 0.9484375 0.36796875 0.00703125 0.01328125
2 0.90234375 0.3578125 0.00625 0.01328125
9 0.8234375 0.340625 0.16015625 0.19140625
16 0.7375 0.32578125 0.0125 0.00859375
16 0.94375 0.37890625 0.00703125 0.01171875
2 0.7375 0.33359375 0.01015625 0.0078125
2 0.7359375 0.34140625 0.0125 0.01015625
16 0.940625 0.3953125 0.00703125 0.0140625
2 0.73515625 0.34921875 0.01171875 0.00703125
2 0.89609375 0.39375 0.00703125 0.01484375
2 0.7328125 0.35703125 0.01015625 0.00859375
16 0.440625 0.0015625 0.0125 0.003125
2 0.73203125 0.36484375 0.009375 0.00625
2 0.46796875 0.30078125 0.0171875 0.02109375
2 0.7296875 0.375 0.0140625 0.01015625
2 0.7296875 0.38046875 0.0125 0.00859375
2 0.91640625 0.428125 0.00703125 0.01484375
2 0.7265625 0.39609375 0.01171875 0.0078125
2 0.9484375 0.46875 0.00703125 0.0140625
16 0.8421875 0.44375 0.01328125 0.009375
2 0.859375 0.4484375 0.01171875 0.0078125
16 0.7421875 0.4203125 0.01328125 0.01015625
2 0.64375 0.396875 0.01171875 0.00703125
2 0.77578125 0.43125 0.00859375 0.015625
2 0.78203125 0.4328125 0.0078125 0.015625
2 0.78828125 0.43515625 0.0078125 0.0140625
16 0.81796875 0.4421875 0.00703125 0.0140625
16 0.80078125 0.4375 0.00625 0.0125
16 0.8125 0.4421875 0.00703125 0.01328125
2 0.6421875 0.40546875 0.009375 0.00703125
16 0.6296875 0.40546875 0.00859375 0.015625
16 0.4390625 0.00703125 0.01171875 0.0078125
20 0.10859375 0.2828125 0.0203125 0.01953125
16 0.0921875 0.28203125 0.01328125 0.009375
2 0.0921875 0.296875 0.00703125 0.0140625
20 0.10546875 0.3 0.01953125 0.01875
16 0.0859375 0.2953125 0.00703125 0.0125
2 0.3328125 0.365625 0.01171875 0.01484375
2 0.340625 0.3796875 0.01328125 0.015625
2 0.09921875 0.321875 0.01015625 0.0078125
16 0.1078125 0.328125 0.00703125 0.015625
16 0.70234375 0.078125 0.01015625 0.00859375
16 0.61953125 0.46875 0.0078125 0.01484375
16 0.4375 0.015625 0.01171875 0.0078125
16 0.62421875 0.5 0.0078125 0.0140625
2 0.3359375 0.43046875 0.01015625 0.00859375
16 0.8796875 0.12890625 0.00703125 0.015625
16 0.31484375 0.484375 0.0125 0.009375