16 0.1671875 0.2609375 0.0109375 0.0390625
16 0.19296875 0.2453125 0.01171875 0.0375
16 0.6734375 0.00625 0.01875 0.0125
16 0.67578125 0.01875 0.01640625 0.0265625
2 0.6921875 0.01484375 0.02109375 0.02890625
2 0.28671875 0.28515625 0.01640625 0.02890625
16 0.67890625 0.03984375 0.01640625 0.025
16 0.28828125 0.3046875 0.0171875 0.02890625
16 0.68046875 0.0609375 0.0171875 0.02734375
2 0.69765625 0.05078125 0.01796875 0.03046875
16 0.6828125 0.08046875 0.0171875 0.02734375
9 0.79765625 0.0453125 0.0640625 0.090625
2 0.8375 0.00703125 0.01640625 0.0140625
2 0.7015625 0.090625 0.0171875 0.02890625
16 0.68515625 0.1015625 0.01640625 0.0265625
16 0.6875 0.12265625 0.01640625 0.02734375
16 0.63359375 0.1703125 0.0171875 0.034375
16 0.61640625 0.1828125 0.02265625 0.0375
16 0.646875 0.16796875 0.01015625 0.034375
2 0.70625 0.1328125 0.01875 0.0328125
16 0.68984375 0.14453125 0.0171875 0.02890625
2 0.90546875 0.01328125 0.01796875 0.0265625
16 0.921875 0.00859375 0.01875 0.0171875
16 0.6921875 0.16328125 0.01796875 0.0328125
16 0.9234375 0.02109375 0.01640625 0.02890625
16 0.628125 0.21171875 0.01171875 0.03984375
2 0.6203125 0.21796875 0.01171875 0.0390625
2 0.4984375 0.2984375 0.01640625 0.03046875
16 0.4828125 0.309375 0.01796875 0.03046875
16 0.2859375 0.446875 0.01328125 0.0234375
2 0.91015625 0.0515625 0.01640625 0.02890625
16 0.92578125 0.0421875 0.01796875 0.02890625
16 0.6609375 0.21484375 0.01015625 0.0375
2 0.640625 0.22890625 0.0140625 0.0484375
16 0.653125 0.22109375 0.01171875 0.0390625
2 0.89765625 0.06875 0.0125 0.0390625
2 0.846875 0.103125 0.01328125 0.03984375
2 0.8640625 0.0921875 0.01171875 0.04140625
2 0.8125 0.12578125 0.0125 0.0390625
2 0.88046875 0.08046875 0.01171875 0.03984375
2 0.8296875 0.115625 0.01328125 0.04296875
2 0.72421875 0.184375 0.0140625 0.0453125
2 0.74140625 0.1734375 0.0140625 0.04296875
2 0.76015625 0.16171875 0.01171875 0.0390625
2 0.70703125 0.1953125 0.0140625 0.0453125
2 0.77890625 0.14921875 0.01171875 0.0390625
2 0.6078125 0.2640625 0.01171875 0.0390625
16 0.63203125 0.2484375 0.01171875 0.0390625
16 0.6234375 0.25390625 0.01171875 0.04140625
16 0.58984375 0.2765625 0.0140625 0.04296875
16 0.6 0.27109375 0.01015625 0.04140625
16 0.484375 0.3484375 0.0109375 0.0375
16 0.47734375 0.37265625 0.01328125 0.04140625
16 0.859375 0.13359375 0.0109375 0.0359375
16 0.89296875 0.1125 0.0125 0.03984375
16 0.91015625 0.10078125 0.01328125 0.0390625
16 0.86796875 0.128125 0.0109375 0.0359375
16 0.87578125 0.12265625 0.01171875 0.0390625
16 0.8421875 0.14609375 0.01171875 0.0375
16 0.85 0.140625 0.01171875 0.0390625
16 0.884375 0.11875 0.0125 0.0390625
16 0.9015625 0.1078125 0.0125 0.04453125
16 0.83359375 0.1515625 0.0109375 0.0375
16 0.825 0.1578125 0.01171875 0.0375
16 0.81640625 0.1640625 0.01171875 0.0390625
16 0.29296875 0.5015625 0.0125 0.021875
16 0.7453125 0.2109375 0.0109375 0.0375
16 0.7734375 0.19296875 0.01015625 0.0375
16 0.8 0.175 0.01171875 0.0375
16 0.7640625 0.19921875 0.0125 0.04140625
16 0.790625 0.18125 0.0109375 0.0375
16 0.71953125 0.228125 0.0109375 0.0390625
16 0.8078125 0.171875 0.01015625 0.0375
16 0.7109375 0.23359375 0.0109375 0.0390625
16 0.73671875 0.2171875 0.01015625 0.034375
2 0.64453125 0.2765625 0.01015625 0.0375
16 0.728125 0.2234375 0.0109375 0.0390625
16 0.62734375 0.2890625 0.01171875 0.0359375
16 0.63671875 0.2828125 0.0125 0.0390625
16 0.653125 0.27265625 0.01171875 0.0375
16 0.66171875 0.26796875 0.0125 0.0390625
16 0.61875 0.29609375 0.01015625 0.034375
16 0.61171875 0.30078125 0.0109375 0.0375
16 0.48828125 0.38515625 0.0109375 0.0359375
16 0.48203125 0.4078125 0.0109375 0.0359375
9 0.38984375 0.4671875 0.215625 0.50859375
16 0.49296875 0.4171875 0.0109375 0.0359375
16 0.2984375 0.54453125 0.0125 0.01953125
2 0.61640625 0.340625 0.01015625 0.0375
16 0.4859375 0.44375 0.01015625 0.0359375
16 0.84765625 0.21171875 0.01171875 0.034375
16 0.85703125 0.20546875 0.01171875 0.0390625
9 0.2140625 0.62109375 0.12265625 0.29453125
16 0.8390625 0.21875 0.01171875 0.0375
16 0.496875 0.45 0.01015625 0.0328125
2 0.709375 0.321875 0.01953125 0.06328125
2 0.72578125 0.3109375 0.01875 0.06328125
16 0.30390625 0.5875 0.0125 0.0234375
2 0.8171875 0.2625 0.0203125 0.06640625
16 0.91484375 0.2015625 0.01640625 0.0609375
2 0.93671875 0.18984375 0.01484375 0.05078125
2 0.87890625 0.22734375 0.01171875 0.0375
16 0.48984375 0.47890625 0.01015625 0.034375
2 0.9484375 0.1859375 0.01640625 0.0484375
2 0.8421875 0.25625 0.0109375 0.0375
2 0.83203125 0.26328125 0.01484375 0.0484375
16 0.85078125 0.25234375 0.0109375 0.0375
2 0.859375 0.246875 0.0109375 0.0390625
2 0.86875 0.2421875 0.0140625 0.0484375
16 0.9046875 0.21875 0.01171875 0.0375
16 0.50078125 0.4859375 0.009375 0.0359375
2 0.7984375 0.3125 0.0171875 0.02890625
16 0.49453125 0.5125 0.01015625 0.0328125
2 0.93828125 0.2359375 0.0109375 0.0359375
16 0.93046875 0.24140625 0.01015625 0.0390625
16 0.921875 0.24765625 0.01171875 0.0375
2 0.9140625 0.25390625 0.0109375 0.0390625
16 0.90546875 0.26015625 0.01171875 0.0375
16 0.31328125 0.640625 0.01171875 0.021875
16 0.771875 0.35703125 0.01484375 0.0484375
16 0.31484375 0.6578125 0.01171875 0.01953125
16 0.6296875 0.478125 0.015625 0.05
16 0.16640625 0.78203125 0.01171875 0.0359375
16 0.14921875 0.7921875 0.01171875 0.03984375
16 0.15703125 0.78828125 0.01171875 0.0375
2 0.915625 0.31171875 0.02109375 0.0375
9 0.85859375 0.35390625 0.08515625 0.15859375
16 0.30234375 0.71484375 0.01796875 0.02890625
2 0.31796875 0.70625 0.015625 0.0265625
16 0.79140625 0.40859375 0.0109375 0.0390625
16 0.8015625 0.40390625 0.01171875 0.03984375
2 0.51484375 0.5921875 0.01171875 0.03984375
2 0.50546875 0.5984375 0.0125 0.03984375
2 0.184375 0.809375 0.0109375 0.0359375
2 0.19453125 0.80546875 0.01171875 0.0390625
16 0.1703125 0.8203125 0.01171875 0.04453125
16 0.91875 0.340625 0.02109375 0.0375
2 0.3203125 0.72578125 0.0140625 0.0234375
16 0.3046875 0.73515625 0.01640625 0.0265625
2 0.971875 0.31953125 0.02734375 0.04296875
2 0.9328125 0.3625 0.0171875 0.02890625
2 0.97578125 0.353125 0.02734375 0.0453125
2 0.37578125 0.746875 0.0125 0.04140625
16 0.3671875 0.75390625 0.0109375 0.0390625
16 0.35859375 0.76015625 0.01171875 0.0375
2 0.93671875 0.38828125 0.01640625 0.02734375
2 0.32734375 0.78203125 0.009375 0.03046875
20 0.759375 0.50546875 0.046875 0.09140625
2 0.334375 0.77734375 0.009375 0.0328125
2 0.83515625 0.47265625 0.0125 0.04453125
2 0.84453125 0.46875 0.01171875 0.03984375
16 0.86484375 0.45625 0.01171875 0.0375
16 0.88359375 0.44453125 0.01171875 0.0390625
2 0.87421875 0.45078125 0.0125 0.0453125
2 0.8546875 0.4640625 0.01171875 0.0390625
2 0.89375 0.440625 0.01484375 0.05234375
2 0.93515625 0.4140625 0.0171875 0.0265625
2 0.96953125 0.39140625 0.01171875 0.03984375
16 0.9515625 0.40625 0.01171875 0.0390625
16 0.91640625 0.43203125 0.02734375 0.04453125
2 0.4625 0.72578125 0.0140625 0.04296875
16 0.346875 0.8046875 0.01015625 0.0375
16 0.3390625 0.81171875 0.01015625 0.034375
16 0.36328125 0.79609375 0.0125 0.03984375
16 0.93984375 0.4421875 0.01796875 0.02734375
2 0.45546875 0.75390625 0.0140625 0.046875
16 0.91953125 0.46328125 0.02734375 0.04296875
16 0.84140625 0.5171875 0.01171875 0.0375
16 0.86875 0.49921875 0.01171875 0.03984375
16 0.84921875 0.5125 0.0109375 0.0390625
2 0.859375 0.50625 0.01171875 0.03984375
2 0.33984375 0.8421875 0.01640625 0.02734375
2 0.4671875 0.76484375 0.01171875 0.0390625
16 0.61484375 0.6734375 0.0171875 0.03203125
2 0.3421875 0.86328125 0.015625 0.025
2 0.60234375 0.7 0.0125 0.046875
2 0.621875 0.70234375 0.0265625 0.04296875
16 0.41640625 0.84140625 0.01015625 0.0359375
16 0.4265625 0.8359375 0.01015625 0.0359375
16 0.64375 0.73359375 0.0125 0.04453125
20 0.62734375 0.74375 0.0234375 0.05078125
2 0.690625 0.70390625 0.01796875 0.0625
2 0.42109375 0.8796875 0.01015625 0.0359375
16 0.35703125 0.91953125 0.01015625 0.0328125
16 0.365625 0.91484375 0.0109375 0.034375
2 0.67421875 0.7171875 0.0203125 0.06796875
16 0.35 0.9265625 0.01015625 0.0359375
2 0.91875 0.57421875 0.015625 0.05
16 0.42578125 0.9140625 0.01171875 0.03984375
16 0.43359375 0.9078125 0.0109375 0.034375
16 0.4484375 0.89921875 0.0109375 0.0390625
16 0.44140625 0.90546875 0.00859375 0.034375
16 0.4171875 0.921875 0.01171875 0.03984375
2 0.61640625 0.80546875 0.0171875 0.05546875
16 0.74453125 0.72890625 0.01484375 0.0484375
16 0.8125 0.68515625 0.01484375 0.046875
2 0.7078125 0.753125 0.01953125 0.03046875
9 0.3640625 0.978125 0.0421875 0.04140625
20 0.7078125 0.81328125 0.0703125 0.12734375
2 0.88046875 0.70546875 0.01640625 0.05234375
2 0.89140625 0.69921875 0.01484375 0.05078125
2 0.78515625 0.76796875 0.015625 0.05234375
2 0.7734375 0.7765625 0.01640625 0.05078125
20 0.83359375 0.74296875 0.0515625 0.11015625
16 0.80703125 0.79453125 0.02109375 0.0359375