15 0.52265625 0.13984375 0.0109375 0.0078125
15 0.1078125 0.146875 0.0078125 0.028125
15 0.09453125 0.14765625 0.0046875 0.02890625
9 0.5625 0.153125 0.040625 0.06875
15 0.50390625 0.15390625 0.01328125 0.015625
15 0.52421875 0.15546875 0.0078125 0.0078125
15 0.90234375 0.15625 0.00390625 0.0296875
1 0.88515625 0.1671875 0.0140625 0.01484375
15 0.503125 0.16953125 0.01171875 0.01171875
15 0.5234375 0.1703125 0.00859375 0.01015625
1 0.09296875 0.18046875 0.009375 0.01015625
1 0.0390625 0.18203125 0.0046875 0.02109375
15 0.50390625 0.1875 0.009375 0.00703125
15 0.52265625 0.18828125 0.0078125 0.00859375
9 0.4234375 0.19140625 0.11015625 0.1375
1 0.09296875 0.19765625 0.01171875 0.01171875
15 0.50390625 0.2046875 0.009375 0.01171875
1 0.0921875 0.2125 0.00859375 0.0125
1 0.31015625 0.2171875 0.0078125 0.03203125
15 0.5046875 0.225 0.01015625 0.0125
1 0.0921875 0.2328125 0.0078125 0.0125
9 0.15 0.23359375 0.05 0.1078125
15 0.3046875 0.24609375 0.0125 0.01484375
1 0.0921875 0.24765625 0.00859375 0.00859375
15 0.50234375 0.2484375 0.01171875 0.00703125
15 0.23828125 0.25859375 0.00703125 0.0265625
15 0.303125 0.26328125 0.0125 0.0078125
1 0.0921875 0.26640625 0.00859375 0.01328125
4 0.028125 0.2734375 0.04375 0.146875
1 0.10703125 0.290625 0.01015625 0.01171875
15 0.19140625 0.2984375 0.01171875 0.01328125
1 0.28828125 0.29921875 0.009375 0.0171875
1 0.30390625 0.29921875 0.009375 0.04375
15 0.221875 0.31171875 0.003125 0.01953125
15 0.21171875 0.3140625 0.0046875 0.02109375
15 0.19296875 0.31796875 0.01015625 0.0078125
15 0.1921875 0.33828125 0.0109375 0.0109375
15 0.3078125 0.33984375 0.00546875 0.03046875
1 0.22890625 0.34140625 0.01796875 0.0171875
1 0.2546875 0.34375 0.01484375 0.015625
15 0.19296875 0.36015625 0.0125 0.00859375
15 0.24375 0.36953125 0.00625 0.02578125
1 0.2265625 0.36953125 0.02265625 0.015625
9 0.28828125 0.371875 0.02578125 0.0484375
15 0.253125 0.371875 0.00546875 0.02734375
9 0.925 0.371875 0.0375 0.1234375
15 0.26328125 0.37265625 0.0078125 0.02734375
15 0.31328125 0.375 0.009375 0.00859375
15 0.33046875 0.375 0.01015625 0.01171875
1 0.5265625 0.38046875 0.00703125 0.01875
15 0.19375 0.38125 0.01015625 0.0140625
15 0.54765625 0.39140625 0.00859375 0.0109375
15 0.33515625 0.3921875 0.0078125 0.009375
15 0.3125 0.39375 0.009375 0.00703125
15 0.709375 0.39921875 0.01328125 0.0125
15 0.3140625 0.40625 0.0125 0.01171875
15 0.33515625 0.409375 0.0109375 0.00859375
15 0.5484375 0.41015625 0.0109375 0.01328125
1 0.52890625 0.41015625 0.01328125 0.01640625
15 0.75390625 0.4109375 0.0046875 0.0234375
1 0.15703125 0.4171875 0.00546875 0.028125
1 0.71328125 0.41875 0.0171875 0.015625
15 0.3359375 0.42578125 0.009375 0.0125
15 0.3125 0.428125 0.0140625 0.01171875
1 0.52265625 0.428125 0.0109375 0.0140625
1 0.25625 0.4421875 0.01640625 0.0140625
15 0.27265625 0.44375 0.00546875 0.021875
15 0.753125 0.44453125 0.00625 0.0265625
1 0.2890625 0.4453125 0.00546875 0.02734375
1 0.28125 0.44609375 0.0046875 0.02734375
1 0.29765625 0.44609375 0.00625 0.034375
1 0.7125 0.453125 0.01328125 0.0171875
15 0.5484375 0.4625 0.0109375 0.009375
15 0.8515625 0.04765625 0.0109375 0.01484375
1 0.8984375 0.04765625 0.01640625 0.01484375
15 0.215625 0.471875 0.0109375 0.009375
15 0.2859375 0.47578125 0.009375 0.00859375
1 0.528125 0.4796875 0.0140625 0.0109375
15 0.55 0.4828125 0.01015625 0.00703125
15 0.3125 0.48359375 0.009375 0.009375
15 0.3328125 0.484375 0.01171875 0.01328125
15 0.2875 0.48984375 0.00703125 0.0078125
9 0.25078125 0.4921875 0.02734375 0.0515625
1 0.56328125 0.49296875 0.00703125 0.0265625
15 0.21484375 0.49453125 0.01015625 0.00859375
1 0.75078125 0.496875 0.01328125 0.01171875
15 0.5265625 0.496875 0.01015625 0.01171875
15 0.28671875 0.5015625 0.0125 0.0125
9 0.43515625 0.50546875 0.12265625 0.27109375
15 0.3296875 0.509375 0.01015625 0.00859375
9 0.62890625 0.5140625 0.11171875 0.1171875
15 0.21484375 0.5140625 0.0109375 0.01171875
1 0.75 0.51640625 0.01171875 0.015625
15 0.2875 0.51796875 0.0125 0.0078125
1 0.525 0.52578125 0.01171875 0.0109375
15 0.215625 0.52890625 0.01015625 0.01328125
4 0.0234375 0.53828125 0.04609375 0.3703125
1 0.27265625 0.54140625 0.0125 0.01171875
9 0.1265625 0.55703125 0.01171875 0.06796875
1 0.86875 0.05546875 0.00703125 0.03125
9 0.9234375 0.559375 0.04140625 0.13671875
1 0.52890625 0.5625 0.0125 0.0140625
15 0.75078125 0.56796875 0.0125 0.009375
15 0.3328125 0.571875 0.00859375 0.01171875
15 0.15546875 0.0578125 0.0109375 0.0171875
1 0.528125 0.58125 0.01171875 0.01171875
1 0.8234375 0.06015625 0.01484375 0.01640625
15 0.33359375 0.590625 0.009375 0.00859375
15 0.5515625 0.60390625 0.009375 0.009375
1 0.66640625 0.609375 0.01171875 0.0171875
15 0.31328125 0.6109375 0.00703125 0.009375
1 0.52890625 0.6109375 0.01328125 0.0109375
15 0.33359375 0.6125 0.009375 0.01015625
15 0.28828125 0.6125 0.01015625 0.0109375
1 0.6484375 0.61640625 0.00859375 0.034375
1 0.12109375 0.6234375 0.01640625 0.01953125
15 0.5515625 0.625 0.01171875 0.0109375
15 0.096875 0.06328125 0.009375 0.03046875
15 0.31328125 0.628125 0.00703125 0.009375
15 0.28984375 0.628125 0.0125 0.0109375
1 0.528125 0.6296875 0.0125 0.009375
15 0.3328125 0.634375 0.01171875 0.01484375
15 0.31171875 0.6390625 0.00859375 0.00859375
15 0.55234375 0.6390625 0.01171875 0.0140625
1 0.528125 0.6453125 0.0125 0.0125
1 0.13046875 0.646875 0.01796875 0.015625
1 0.11015625 0.64765625 0.01875 0.01640625
15 0.3328125 0.64765625 0.01171875 0.01171875
15 0.61328125 0.65 0.00546875 0.03515625
15 0.10625 0.06640625 0.0046875 0.03203125
15 0.290625 0.65234375 0.0125 0.0109375
15 0.55078125 0.6578125 0.01015625 0.0078125
15 0.31328125 0.6578125 0.009375 0.0140625
1 0.5078125 0.6578125 0.01484375 0.01171875
15 0.35625 0.659375 0.00859375 0.01015625
15 0.553125 0.675 0.01484375 0.01015625
15 0.75 0.678125 0.0125 0.0140625
1 0.128125 0.69453125 0.015625 0.046875
1 0.4984375 0.70078125 0.00546875 0.0296875
1 0.4875 0.7015625 0.00625 0.02890625
15 0.75078125 0.70234375 0.01171875 0.009375
15 0.425 0.70546875 0.00625 0.0234375
1 0.43515625 0.70625 0.00625 0.025
15 0.45234375 0.70703125 0.0046875 0.02109375
15 0.44296875 0.70703125 0.0046875 0.02578125
15 0.46171875 0.709375 0.00546875 0.03046875
1 0.415625 0.7109375 0.0046875 0.0265625
1 0.896875 0.07265625 0.01328125 0.01171875
1 0.11015625 0.7234375 0.00625 0.03515625
9 0.06484375 0.73828125 0.03125 0.0859375
1 0.7078125 0.7453125 0.0171875 0.0125
15 0.3328125 0.74609375 0.00703125 0.03046875
15 0.3234375 0.746875 0.003125 0.03125
15 0.31484375 0.74765625 0.00546875 0.02421875
15 0.34296875 0.7484375 0.00546875 0.02734375
15 0.3515625 0.75 0.0046875 0.025
15 0.4796875 0.75234375 0.00390625 0.02421875
15 0.48984375 0.753125 0.00234375 0.02109375
15 0.49765625 0.7546875 0.003125 0.02578125
15 0.50625 0.7546875 0.00546875 0.02578125
9 0.44765625 0.76328125 0.0265625 0.05390625
1 0.12265625 0.76484375 0.02109375 0.0328125
1 0.7078125 0.76953125 0.01875 0.01796875
15 0.14609375 0.775 0.01328125 0.015625
1 0.2953125 0.775 0.015625 0.05390625
1 0.27734375 0.77578125 0.01328125 0.053125
1 0.18359375 0.77890625 0.01484375 0.0125
1 0.16484375 0.7796875 0.015625 0.0125
15 0.215625 0.78203125 0.0140625 0.0140625
1 0.4859375 0.7875 0.01171875 0.00859375
15 0.31484375 0.78828125 0.00703125 0.02578125
15 0.20234375 0.79375 0.00546875 0.025
15 0.2171875 0.7984375 0.009375 0.0140625
15 0.15859375 0.0796875 0.009375 0.0125
15 0.17734375 0.08125 0.0125 0.015625
15 0.75078125 0.80234375 0.01484375 0.01171875
1 0.14765625 0.80390625 0.01640625 0.01484375
15 0.19375 0.8046875 0.00625 0.02265625
15 0.5078125 0.80859375 0.00390625 0.025
15 0.5 0.8109375 0.0078125 0.02890625
15 0.51796875 0.8109375 0.00546875 0.02890625
1 0.41875 0.8109375 0.00625 0.0234375
15 0.5265625 0.8109375 0.00546875 0.02109375
15 0.5359375 0.8125 0.00546875 0.0296875
15 0.5671875 0.82265625 0.0046875 0.02109375
4 0.028125 0.8453125 0.05625 0.22890625
9 0.17421875 0.846875 0.0234375 0.04609375
1 0.61875 0.8578125 0.01796875 0.01953125
1 0.4671875 0.8640625 0.0140625 0.0125
1 0.45 0.8640625 0.009375 0.0140625
15 0.74609375 0.875 0.00390625 0.02734375
15 0.7546875 0.87734375 0.00546875 0.03203125
1 0.61328125 0.8921875 0.00703125 0.0296875
15 0.63046875 0.9015625 0.01171875 0.01171875
15 0.78984375 0.91015625 0.00625 0.03046875
1 0.0234375 0.91875 0.01015625 0.01953125
1 0.7546875 0.925 0.01328125 0.05
15 0.55 0.93125 0.00625 0.0296875
15 0.53671875 0.09296875 0.01328125 0.01640625
9 0.53125 0.9359375 0.0078125 0.03359375
1 0.13515625 0.9578125 0.0078125 0.021875
1 0.9 0.09765625 0.0140625 0.009375
9 0.7890625 0.10234375 0.02421875 0.0953125
9 0.70859375 0.10703125 0.06796875 0.09453125
1 0.0953125 0.109375 0.0046875 0.0296875
15 0.15546875 0.1109375 0.00546875 0.0296875
15 0.18046875 0.11328125 0.00703125 0.02421875
15 0.9 0.11328125 0.01171875 0.0140625
15 0.16328125 0.1140625 0.0046875 0.03125
15 0.171875 0.11484375 0.00625 0.0265625
15 0.50390625 0.11640625 0.0109375 0.0109375
15 0.525 0.1203125 0.0078125 0.01171875
9 0.64453125 0.12421875 0.03125 0.125
15 0.50546875 0.1328125 0.0125 0.01171875