2 0.1078125 0.5421875 0.0171875 0.01015625
4 0.83359375 0.60625 0.0640625 0.425
4 0.746875 0.6 0.06953125 0.428125
4 0.91875 0.6140625 0.0625 0.4296875
2 0.10703125 0.5515625 0.015625 0.009375
2 0.85 0.0828125 0.0125 0.0078125
16 0.125 0.56875 0.01171875 0.00625
2 0.1359375 0.57421875 0.0046875 0.01328125
16 0.33515625 0.04140625 0.00625 0.01484375
16 0.11953125 0.58828125 0.0171875 0.0109375
2 0.8609375 0.65390625 0.01484375 0.00859375
16 0.153125 0.60390625 0.00625 0.01328125
16 0.159375 0.60390625 0.00546875 0.01484375
2 0.1015625 0.6 0.0078125 0.01953125
2 0.553125 0.64296875 0.00625 0.01328125
16 0.53828125 0.65703125 0.01015625 0.00859375
16 0.47265625 0.65625 0.0109375 0.00625
16 0.53828125 0.6625 0.0109375 0.00625
16 0.18046875 0.63671875 0.0109375 0.00625
16 0.5375 0.66875 0.01171875 0.00703125
16 0.45859375 0.6625 0.0125 0.0078125
16 0.1796875 0.64375 0.01171875 0.00625
16 0.471875 0.66875 0.01328125 0.0078125
16 0.60859375 0.684375 0.0046875 0.01328125
2 0.5375 0.68046875 0.01171875 0.00703125
2 0.61953125 0.68984375 0.01015625 0.00625
16 0.47109375 0.678125 0.01015625 0.00625
16 0.45625 0.6828125 0.01328125 0.00859375
2 0.47109375 0.68515625 0.01015625 0.00625
2 0.8796875 0.7234375 0.00703125 0.0140625
16 0.4703125 0.68984375 0.01015625 0.00625
16 0.45625 0.690625 0.0125 0.00859375
16 0.44140625 0.690625 0.0109375 0.00703125
2 0.5359375 0.69921875 0.0109375 0.00859375
16 0.4703125 0.69609375 0.0109375 0.00625
16 0.440625 0.7 0.01171875 0.00703125
2 0.46953125 0.7046875 0.01171875 0.00859375
2 0.59921875 0.71875 0.0109375 0.0078125
2 0.53515625 0.7171875 0.01015625 0.00625
16 0.5484375 0.71796875 0.01171875 0.0078125
2 0.5984375 0.725 0.01015625 0.00546875
16 0.32265625 0.05234375 0.01015625 0.00625
4 0.96875 0.75703125 0.0453125 0.19453125
16 0.53515625 0.72265625 0.01015625 0.00546875
16 0.4546875 0.7171875 0.01328125 0.00859375
16 0.44375 0.71640625 0.00625 0.0140625
16 0.4359375 0.7171875 0.00546875 0.01328125
16 0.5484375 0.72578125 0.01171875 0.0078125
2 0.5984375 0.73046875 0.01015625 0.00546875
16 0.534375 0.7296875 0.0109375 0.00546875
16 0.5484375 0.73125 0.01171875 0.00625
16 0.59765625 0.7375 0.01015625 0.00546875
2 0.5203125 0.73515625 0.01171875 0.00625
16 0.546875 0.7375 0.0125 0.0078125
2 0.50859375 0.734375 0.01171875 0.00625
16 0.48203125 0.74296875 0.0046875 0.01328125
16 0.47265625 0.74140625 0.00625 0.01328125
2 0.5953125 0.75234375 0.01015625 0.00625
16 0.47734375 0.74296875 0.00546875 0.01328125
16 0.5953125 0.75859375 0.01015625 0.00625
16 0.06875 0.71640625 0.0109375 0.00625
2 0.38671875 0.7578125 0.01171875 0.0078125
2 0.70703125 0.7859375 0.00625 0.0140625
2 0.6625 0.78671875 0.0125 0.0078125
16 0.61328125 0.78359375 0.0109375 0.00703125
2 0.6046875 0.78671875 0.0046875 0.01328125
2 0.79375 0.8171875 0.0125 0.00703125
16 0.38125 0.06484375 0.01015625 0.00546875
2 0.46640625 0.7953125 0.0109375 0.00625
16 0.46640625 0.8015625 0.01015625 0.00625
16 0.34453125 0.7921875 0.00546875 0.01328125
20 0.10078125 0.77734375 0.03359375 0.05859375
20 0.0640625 0.775 0.03515625 0.05703125
16 0.36484375 0.80078125 0.00546875 0.0140625
16 0.46640625 0.809375 0.01015625 0.00546875
16 0.3546875 0.06484375 0.0109375 0.00625
2 0.88515625 0.85 0.0046875 0.01171875
20 0.28125 0.80078125 0.03359375 0.05625
20 0.32421875 0.8046875 0.03515625 0.05625
2 0.465625 0.81640625 0.01015625 0.00625
2 0.34375 0.80703125 0.00625 0.01484375
16 0.3640625 0.8171875 0.0046875 0.01328125
16 0.8484375 0.10703125 0.01171875 0.00625
2 0.75625 0.86015625 0.0109375 0.00546875
2 0.06484375 0.04296875 0.0125 0.00703125
2 0.096875 0.809375 0.01171875 0.0078125
16 0.30546875 0.8265625 0.0046875 0.01171875
2 0.109375 0.8109375 0.0109375 0.00625
2 0.10859375 0.8109375 0.01015625 0.00625
16 0.08359375 0.809375 0.01171875 0.00703125
2 0.05390625 0.80703125 0.0109375 0.00625
2 0.0671875 0.80859375 0.0109375 0.00546875
9 0.815625 0.871875 0.1078125 0.1
2 0.87421875 0.8765625 0.0109375 0.00625
16 0.475 0.84453125 0.01015625 0.00625
2 0.2296875 0.05703125 0.0109375 0.00625
16 0.9578125 0.8875 0.01171875 0.00703125
16 0.87421875 0.884375 0.0125 0.0078125
16 0.48046875 0.8515625 0.01015625 0.00625
2 0.20625 0.83125 0.0109375 0.00703125
2 0.08359375 0.821875 0.01171875 0.00859375
2 0.20625 0.83984375 0.01171875 0.00625
16 0.36953125 0.0703125 0.00625 0.01171875
2 0.75625 0.88828125 0.01015625 0.00625
16 0.88125 0.90390625 0.00625 0.01328125
2 0.18828125 0.84765625 0.00625 0.0140625
2 0.19375 0.8484375 0.00625 0.01328125
2 0.165625 0.84609375 0.00546875 0.0140625
2 0.1609375 0.84609375 0.00546875 0.01328125
2 0.11640625 0.84296875 0.00546875 0.01328125
2 0.2734375 0.85625 0.00625 0.01328125
2 0.15 0.8453125 0.0046875 0.01328125
2 0.07421875 0.8390625 0.0046875 0.0125
2 0.1546875 0.8453125 0.00546875 0.01328125
2 0.07890625 0.83984375 0.00546875 0.01484375
2 0.12109375 0.84296875 0.00546875 0.01328125
2 0.1125 0.84296875 0.00625 0.01328125
2 0.26015625 0.85546875 0.00703125 0.0140625
2 0.12734375 0.84453125 0.00625 0.0125
2 0.08984375 0.840625 0.00546875 0.0140625
2 0.0515625 0.8375 0.00625 0.01328125
2 0.084375 0.840625 0.0046875 0.01328125
2 0.04609375 0.83828125 0.00625 0.01328125
16 0.74375 0.896875 0.0046875 0.01171875
2 0.73828125 0.896875 0.00546875 0.0125
2 0.73046875 0.896875 0.00625 0.01171875
2 0.75703125 0.89921875 0.0046875 0.01171875
16 0.871875 0.91328125 0.01171875 0.00625
2 0.76875 0.91953125 0.0125 0.00703125
2 0.84453125 0.925 0.01171875 0.00703125
2 0.80546875 0.92265625 0.01015625 0.00625
16 0.8328125 0.925 0.01328125 0.0078125
16 0.81875 0.925 0.01171875 0.00859375
2 0.36328125 0.88828125 0.00546875 0.01328125
16 0.78828125 0.92421875 0.00625 0.0140625
16 0.78125 0.9234375 0.0078125 0.01328125
16 0.7953125 0.92578125 0.0078125 0.01328125
2 0.76796875 0.925 0.01171875 0.00703125
2 0.003125 0.8703125 0.00390625 0.0125
16 0.78359375 0.934375 0.0125 0.0078125
2 0.01484375 0.871875 0.00625 0.01328125
2 0.76875 0.93359375 0.0125 0.0078125
2 0.009375 0.87109375 0.00546875 0.01328125
9 0.7390625 0.9328125 0.046875 0.05625
16 0.79609375 0.94296875 0.00625 0.0140625
16 0.7671875 0.940625 0.0109375 0.00859375
2 0.76484375 0.95234375 0.00625 0.01328125
16 0.65859375 0.1015625 0.01015625 0.0078125
2 0.78828125 0.96796875 0.0046875 0.01171875
2 0.75546875 0.96953125 0.0046875 0.01171875
2 0.7453125 0.96875 0.00625 0.01328125
2 0.75078125 0.96953125 0.00625 0.0125
2 0.76015625 0.9703125 0.00546875 0.01328125
2 0.27265625 0.93046875 0.00546875 0.0140625
16 0.7734375 0.975 0.0109375 0.00625
16 0.65703125 0.13359375 0.01015625 0.00625
16 0.94296875 0.1703125 0.00546875 0.0125
2 0.996875 0.1796875 0.00625 0.0078125
2 0.78828125 0.1734375 0.0109375 0.00625
16 0.7765625 0.17265625 0.01015625 0.00546875
2 0.90546875 0.1890625 0.01171875 0.00625
2 0.7515625 0.178125 0.00625 0.0140625
2 0.859375 0.18984375 0.0046875 0.01328125
2 0.77578125 0.1828125 0.0109375 0.00625
2 0.90703125 0.19609375 0.0109375 0.00625
2 0.86796875 0.19375 0.01015625 0.00625
4 0.34375 0.1546875 0.60703125 0.13515625
16 0.91796875 0.2125 0.00625 0.01328125
2 0.696875 0.20078125 0.0109375 0.00703125
16 0.89140625 0.22734375 0.01015625 0.00625
16 0.890625 0.23359375 0.0109375 0.00546875
16 0.96875 0.25234375 0.01171875 0.00859375
16 0.8890625 0.246875 0.0109375 0.0078125
16 0.71015625 0.24140625 0.0109375 0.00625
16 0.88828125 0.25625 0.01015625 0.0078125
16 0.88828125 0.26328125 0.0109375 0.00546875
2 0.72421875 0.2515625 0.01015625 0.00625
16 0.70859375 0.25 0.01015625 0.00546875
16 0.321875 0.0046875 0.01171875 0.00625
16 0.92890625 0.28671875 0.00546875 0.0125
2 0.884375 0.284375 0.0046875 0.01328125
9 0.80703125 0.28046875 0.1390625 0.16640625
16 0.72265625 0.2796875 0.01171875 0.00625
16 0.92578125 0.29765625 0.0046875 0.0109375
2 0.72421875 0.28828125 0.01015625 0.00625
2 0.7234375 0.2953125 0.01171875 0.00859375
16 0.925 0.31328125 0.00546875 0.01328125
2 0.7234375 0.303125 0.01171875 0.00625
16 0.3734375 0.01328125 0.00625 0.01328125
16 0.36796875 0.0125 0.00625 0.01484375
2 0.88203125 0.31953125 0.00625 0.01328125
2 0.721875 0.31015625 0.009375 0.00625
16 0.403125 0.015625 0.01171875 0.00625
2 0.72265625 0.31796875 0.00859375 0.0046875
16 0.38125 0.01484375 0.00546875 0.0125
2 0.46328125 0.29921875 0.01484375 0.01796875
2 0.72109375 0.328125 0.01328125 0.00859375
2 0.721875 0.33359375 0.01171875 0.00625
2 0.90546875 0.34921875 0.00625 0.01328125
2 0.7203125 0.3484375 0.0109375 0.00625
2 0.940625 0.3828125 0.00546875 0.01328125
16 0.83671875 0.3765625 0.01171875 0.00703125
2 0.853125 0.37734375 0.0109375 0.00625
16 0.7390625 0.36953125 0.01171875 0.0078125
2 0.64140625 0.36328125 0.0109375 0.00546875
2 0.771875 0.37421875 0.0078125 0.0140625
2 0.77734375 0.375 0.00625 0.01484375
2 0.784375 0.3765625 0.00625 0.01328125
16 0.81328125 0.378125 0.00546875 0.01328125
16 0.79609375 0.37734375 0.0046875 0.0125
16 0.8078125 0.37890625 0.0046875 0.01328125
2 0.64140625 0.3703125 0.00859375 0.00625
16 0.6296875 0.3734375 0.00625 0.0140625
16 0.40234375 0.0234375 0.0109375 0.00625
20 0.11875 0.3390625 0.01875 0.015625
16 0.10234375 0.340625 0.01171875 0.00703125
2 0.1046875 0.35390625 0.00546875 0.01328125
20 0.1171875 0.35625 0.0171875 0.015625
16 0.0984375 0.35390625 0.0046875 0.01171875
2 0.3421875 0.38203125 0.01015625 0.0125
2 0.35078125 0.39375 0.0109375 0.01328125
2 0.1140625 0.378125 0.01015625 0.00625
16 0.12265625 0.38203125 0.00546875 0.01484375
16 0.66171875 0.05 0.009375 0.00625
16 0.62734375 0.43515625 0.00625 0.01328125
16 0.40234375 0.03203125 0.0109375 0.00625
16 0.63515625 0.46328125 0.00625 0.01328125
2 0.3515625 0.44296875 0.00859375 0.00703125
16 0.8359375 0.0703125 0.00546875 0.015625
16 0.33828125 0.49765625 0.01171875 0.0078125