1 0.64140625 0.34375 0.00546875 0.07109375
1 0.96015625 0.35 0.00546875 0.0828125
1 0.95390625 0.353125 0.00546875 0.071875
20 0.63125 0.3546875 0.0109375 0.09296875
1 0.97265625 0.35390625 0.0046875 0.07421875
20 0.61796875 0.35390625 0.01171875 0.09140625
1 0.96640625 0.35546875 0.0046875 0.07734375
1 0.54609375 0.3859375 0.00390625 0.05234375
15 0.60703125 0.3859375 0.0046875 0.071875
1 0.5609375 0.38984375 0.00390625 0.05390625
1 0.18046875 0.40390625 0.0109375 0.13046875
1 0.9046875 0.42109375 0.0046875 0.06875
1 0.58828125 0.42109375 0.0046875 0.075
1 0.59921875 0.42421875 0.00546875 0.075
15 0.0125 0.43203125 0.0046875 0.071875
1 0.14609375 0.4484375 0.00546875 0.06953125
1 0.13984375 0.45078125 0.0046875 0.07421875
1 0.82890625 0.45078125 0.00546875 0.06796875
1 0.1515625 0.45078125 0.0046875 0.08046875
1 0.1578125 0.45390625 0.00546875 0.06796875
1 0.809375 0.4515625 0.0046875 0.06875
1 0.12109375 0.45390625 0.00546875 0.06875
1 0.16484375 0.4546875 0.00546875 0.06875
15 0.12734375 0.4546875 0.0046875 0.075
15 0.03671875 0.45234375 0.0046875 0.07109375
1 0.13359375 0.45390625 0.00546875 0.07421875
15 0.01875 0.45625 0.0046875 0.0671875
15 0.03046875 0.4546875 0.0046875 0.06953125
15 0.02421875 0.45703125 0.0046875 0.0734375
15 0.0421875 0.4546875 0.0046875 0.06953125
15 0.0484375 0.45625 0.00546875 0.0796875
15 0.61328125 0.46796875 0.0046875 0.065625
15 0.61953125 0.46640625 0.0046875 0.06875
15 0.60703125 0.46796875 0.00546875 0.07109375
1 0.96015625 0.48671875 0.00390625 0.07265625
15 0.965625 0.48828125 0.0046875 0.0703125
15 0.971875 0.48828125 0.0046875 0.0703125
1 0.9484375 0.4890625 0.00625 0.078125
15 0.9546875 0.49921875 0.00390625 0.05546875
1 0.509375 0.52421875 0.00390625 0.05078125
1 0.515625 0.5234375 0.003125 0.05625
1 0.5046875 0.5234375 0.003125 0.05078125
1 0.521875 0.525 0.00390625 0.053125
1 0.796875 0.53828125 0.00390625 0.07265625
1 0.82265625 0.540625 0.0046875 0.065625
15 0.790625 0.54140625 0.0046875 0.06796875
15 0.80859375 0.54140625 0.00546875 0.06875
15 0.81484375 0.540625 0.00546875 0.071875
15 0.803125 0.5421875 0.0046875 0.06875
15 0.6265625 0.58125 0.0046875 0.06875
1 0.58046875 0.5828125 0.003125 0.046875
1 0.98046875 0.58671875 0.0046875 0.0625
1 0.51015625 0.59296875 0.00390625 0.05
1 0.5046875 0.59609375 0.00390625 0.05546875
15 0.975 0.596875 0.00390625 0.05078125
1 0.51484375 0.6 0.0046875 0.0640625
15 0.9703125 0.59921875 0.003125 0.05078125
1 0.52109375 0.6046875 0.00546875 0.07265625
1 0.86640625 0.60625 0.0046875 0.06484375
1 0.88359375 0.60625 0.00390625 0.06484375
1 0.87734375 0.60703125 0.00390625 0.065625
20 0.90546875 0.61328125 0.01171875 0.096875
9 0.61484375 0.61328125 0.0109375 0.07265625
1 0.53125 0.6328125 0.00390625 0.0578125
1 0.5265625 0.63359375 0.003125 0.046875
1 0.60234375 0.646875 0.0078125 0.1328125
1 0.6328125 0.65234375 0.00390625 0.046875
15 0.64296875 0.65 0.003125 0.04921875
15 0.63828125 0.65078125 0.003125 0.05078125
15 0.9703125 0.6578125 0.003125 0.046875
15 0.975 0.659375 0.003125 0.05078125
15 0.62578125 0.6625 0.0046875 0.06796875
1 0.57890625 0.66484375 0.00390625 0.04921875
1 0.8953125 0.67578125 0.0046875 0.06484375
1 0.5140625 0.68125 0.0046875 0.06953125
1 0.87578125 0.68984375 0.0046875 0.06875
1 0.53203125 0.696875 0.00390625 0.05234375
9 0.81875 0.7 0.01796875 0.1375
15 0.9078125 0.7078125 0.00546875 0.06171875
15 0.9015625 0.7109375 0.0046875 0.06796875
15 0.9796875 0.72890625 0.00390625 0.05
15 0.984375 0.73203125 0.003125 0.05078125
15 0.9890625 0.7328125 0.003125 0.04609375
1 0.97421875 0.7390625 0.0046875 0.07578125
1 0.91640625 0.74453125 0.00859375 0.1296875
1 0.6078125 0.7609375 0.00390625 0.065625
15 0.62578125 0.76171875 0.0046875 0.0671875
1 0.546875 0.78984375 0.00390625 0.05078125
15 0.540625 0.79765625 0.0046875 0.0671875
1 0.98359375 0.825 0.00703125 0.090625
9 0.6375 0.84140625 0.01015625 0.11171875
9 0.57109375 0.86328125 0.01015625 0.1125
9 0.61484375 0.88125 0.01015625 0.0828125
1 0.92265625 0.884375 0.00703125 0.08203125
1 0.58203125 0.8890625 0.003125 0.05
15 0.62578125 0.9015625 0.00546875 0.06875
1 0.80078125 0.9203125 0.0046875 0.0703125
1 0.79453125 0.91875 0.0046875 0.07265625
1 0.9828125 0.925 0.00625 0.08671875
1 0.975 0.92734375 0.00625 0.08359375
1 0.44609375 0.2578125 0.00390625 0.05
1 0.465625 0.26015625 0.003125 0.0546875
15 0.46171875 0.2609375 0.00390625 0.05703125
15 0.45625 0.259375 0.00390625 0.05390625
1 0.14921875 0.28671875 0.00703125 0.084375
1 0.140625 0.290625 0.00625 0.0859375
15 0.03125 0.29453125 0.00546875 0.075