16 0.53203125 0.50078125 0.0171875 0.01484375
16 0.53359375 0.5125 0.0171875 0.01640625
2 0.88046875 0.40078125 0.01875 0.021875
2 0.790625 0.43203125 0.0203125 0.01640625
2 0.06015625 0.17578125 0.0203125 0.02109375
2 0.015625 0.18984375 0.01015625 0.02265625
9 0.709375 0.49453125 0.046875 0.06953125
9 0.07578125 0.69921875 0.05625 0.13125
2 0.89296875 0.4359375 0.01328125 0.02734375
9 0.784375 0.47421875 0.05 0.0734375
9 0.859375 0.45078125 0.046875 0.0703125
2 0.60859375 0.53359375 0.01875 0.01796875
9 0.9265625 0.43125 0.046875 0.06953125
2 0.33828125 0.62421875 0.01796875 0.02109375
2 0.396875 0.6046875 0.01796875 0.01640625
9 0.0390625 0.72109375 0.046875 0.1125
2 0.678125 0.51796875 0.01484375 0.0296875
9 0.196875 0.6734375 0.046875 0.1125
2 0.83359375 0.46796875 0.01171875 0.0234375
9 0.1578125 0.6859375 0.05234375 0.1203125
9 0.11796875 0.7 0.05078125 0.1234375
9 0.240625 0.6640625 0.04921875 0.11875
2 0.4296875 0.0625 0.01640625 0.0140625
2 0.025 0.1984375 0.01015625 0.02109375
9 0.46015625 0.66953125 0.046875 0.075
9 0.34296875 0.7125 0.0421875 0.04140625
2 0.37265625 0.71796875 0.01953125 0.0203125
2 0.45234375 0.71328125 0.02109375 0.021875
2 0.05859375 0.19375 0.03125 0.04140625
9 0.09609375 0.84140625 0.03984375 0.0734375
9 0.06328125 0.85234375 0.03359375 0.07109375
9 0.13828125 0.8296875 0.04296875 0.0875
9 0.17890625 0.81796875 0.0390625 0.08125
9 0.41640625 0.74140625 0.084375 0.190625
9 0.21953125 0.80625 0.040625 0.0921875
9 0.2625 0.79609375 0.04609375 0.0984375
9 0.3515625 0.7703125 0.03125 0.0421875
2 0.4875 0.7328125 0.021875 0.02421875
2 0.3796875 0.77734375 0.01796875 0.02109375
2 0.1 0.884375 0.01796875 0.0171875
9 0.5265625 0.746875 0.084375 0.071875
2 0.065625 0.89765625 0.02421875 0.0203125
2 0.225 0.85 0.01875 0.01875
2 0.18359375 0.86328125 0.02109375 0.0171875
2 0.14453125 0.87734375 0.0171875 0.021875
9 0.6140625 0.72578125 0.0859375 0.0734375
2 0.26640625 0.83984375 0.02421875 0.0203125
2 0.33984375 0.8234375 0.0125 0.02890625
9 0.35859375 0.8203125 0.0390625 0.0390625
2 0.15078125 0.17109375 0.0171875 0.01640625
9 0.79375 0.68828125 0.1296875 0.1140625
9 0.5359375 0.80078125 0.0875 0.0796875
9 0.62265625 0.77578125 0.08515625 0.0703125
16 0.421875 0.8484375 0.015625 0.015625
2 0.109375 0.95078125 0.1 0.08671875
2 0.4328125 0.08515625 0.0171875 0.01484375
16 0.4234375 0.86015625 0.01796875 0.0171875
2 0.5015625 0.8390625 0.01796875 0.03203125
16 0.42734375 0.87109375 0.01796875 0.01953125
2 0.35078125 0.9 0.025 0.021875
9 0.63046875 0.821875 0.0890625 0.07421875
2 0.01640625 0.22421875 0.02421875 0.03359375
2 0.28984375 0.13515625 0.01875 0.01640625
2 0.35625 0.92734375 0.02421875 0.03515625
16 0.15234375 0.18203125 0.0171875 0.01796875
2 0.50859375 0.8921875 0.01328125 0.028125
2 0.3546875 0.94765625 0.01328125 0.01796875
16 0.18515625 0.17265625 0.0171875 0.0171875
9 0.63515625 0.875 0.08828125 0.07734375
9 0.55234375 0.903125 0.08984375 0.07734375
2 0.36328125 0.96953125 0.02421875 0.03203125
9 0.30703125 0.9890625 0.0421875 0.01953125
16 0.434375 0.0953125 0.01640625 0.0140625
9 0.215625 0.95234375 0.0875 0.09375
2 0.25546875 0.15546875 0.021875 0.0171875
2 0.515625 0.94921875 0.0171875 0.01953125
9 0.97578125 0.8078125 0.046875 0.09921875
9 0.81640625 0.84453125 0.14140625 0.1640625
9 0.92578125 0.8125 0.0734375 0.1359375
2 0.2921875 0.15078125 0.0171875 0.01796875
2 0.03125 0.2375 0.0109375 0.0203125
2 0.0640625 0.228125 0.02734375 0.05390625
2 0.0046875 0.26015625 0.009375 0.03125
9 0.7390625 0.0453125 0.18203125 0.090625
2 0.03203125 0.253125 0.0375 0.03359375
2 0.29453125 0.16875 0.0171875 0.01796875
2 0.82890625 0.0078125 0.01328125 0.015625
16 0.859375 0.0046875 0.01953125 0.009375
2 0.03828125 0.26953125 0.01171875 0.0203125
9 0.36015625 0.17421875 0.034375 0.0359375
16 0.6453125 0.08359375 0.01484375 0.0140625
2 0.38671875 0.16796875 0.02734375 0.0203125
16 0.309375 0.2 0.01015625 0.02109375
2 0.31875 0.196875 0.01171875 0.0234375
16 0.33125 0.19375 0.00859375 0.01953125
16 0.303125 0.203125 0.01015625 0.0203125
2 0.6484375 0.09453125 0.01484375 0.0140625
16 0.5203125 0.1375 0.01875 0.015625
16 0.5578125 0.12734375 0.01875 0.01875
2 0.5015625 0.1453125 0.01875 0.0203125
2 0.65 0.10390625 0.01640625 0.01796875
20 0.521875 0.15078125 0.021875 0.02421875
16 0.50234375 0.16875 0.01484375 0.0140625
16 0.5609375 0.15 0.01875 0.01875
16 0.59453125 0.13984375 0.015625 0.03046875
2 0.57734375 0.14609375 0.0109375 0.02265625
16 0.65703125 0.12265625 0.01171875 0.02265625
16 0.6484375 0.125 0.01015625 0.02890625
16 0.52578125 0.1671875 0.0171875 0.01640625
16 0.53984375 0.16875 0.01171875 0.0234375
2 0.45703125 0.19609375 0.01875 0.01484375
16 0.44453125 0.20703125 0.00859375 0.01796875
2 0.459375 0.2078125 0.01484375 0.01640625
2 0.06328125 0.353125 0.0171875 0.015625
9 0.16875 0.31875 0.096875 0.253125
9 0.24140625 0.29765625 0.0953125 0.25234375
2 0.275 0.3078125 0.01015625 0.02109375
9 0.34765625 0.29375 0.1203125 0.17109375
2 0.4140625 0.2765625 0.01328125 0.0296875
2 0.853125 0.13984375 0.01640625 0.01640625
2 0.8984375 0.125 0.01796875 0.0140625
2 0.8671875 0.15234375 0.01171875 0.02109375
9 0.62890625 0.23671875 0.10859375 0.13828125
2 0.57109375 0.25625 0.015625 0.03203125
9 0.89140625 0.15625 0.03671875 0.04453125
2 0.6875 0.221875 0.0125 0.025
2 0.86015625 0.17421875 0.01796875 0.01875
2 0.76484375 0.21953125 0.01796875 0.01875
9 0.078125 0.44140625 0.1234375 0.1734375
9 0.07734375 0.4421875 0.1234375 0.1734375
2 0.9171875 0.171875 0.01875 0.01875
2 0.15078125 0.4234375 0.0125 0.021875
9 0.79765625 0.21953125 0.04296875 0.05078125
9 0.89765625 0.19453125 0.034375 0.04375
2 0.92421875 0.1875 0.02421875 0.01796875
2 0.8734375 0.2046875 0.0171875 0.03046875
2 0.2578125 0.42265625 0.015625 0.01484375
2 0.18984375 0.44453125 0.0171875 0.0140625
2 0.58203125 0.31796875 0.0203125 0.0171875
2 0.92421875 0.20859375 0.01484375 0.0171875
16 0.31171875 0.40703125 0.01015625 0.021875
16 0.33515625 0.39921875 0.0109375 0.021875
16 0.35078125 0.3953125 0.0109375 0.02578125
16 0.359375 0.3921875 0.01328125 0.0234375
16 0.39609375 0.38203125 0.01171875 0.0265625
2 0.775 0.2734375 0.01875 0.0203125
9 0.803125 0.2671875 0.034375 0.046875
2 0.87890625 0.24453125 0.01640625 0.03046875
2 0.9296875 0.22734375 0.021875 0.015625
2 0.3375 0.42109375 0.021875 0.02109375
9 0.90390625 0.2390625 0.03671875 0.040625
16 0.65234375 0.32734375 0.0203125 0.0171875
16 0.0140625 0.54765625 0.0171875 0.0140625
16 0.93046875 0.2546875 0.01484375 0.0171875
16 0.01796875 0.56328125 0.0203125 0.01953125
2 0.93359375 0.2734375 0.01796875 0.015625
16 0.5171875 0.4078125 0.01796875 0.0140625
16 0.17734375 0.51875 0.01015625 0.0234375
16 0.20078125 0.51171875 0.01015625 0.025
16 0.19375 0.5140625 0.009375 0.02578125
16 0.2109375 0.509375 0.01015625 0.02421875
16 0.18515625 0.5171875 0.01015625 0.02421875
2 0.0671875 0.55859375 0.0125 0.02421875
16 0.2359375 0.50625 0.0171875 0.0140625
9 0.046875 0.56875 0.03671875 0.0515625
16 0.5171875 0.41953125 0.01328125 0.01171875
9 0.90546875 0.29765625 0.05078125 0.0671875
16 0.146875 0.54453125 0.01171875 0.02265625
16 0.12421875 0.553125 0.01015625 0.02265625
16 0.1390625 0.54921875 0.009375 0.0234375
16 0.13203125 0.5515625 0.01015625 0.021875
16 0.171875 0.53828125 0.0109375 0.02578125
16 0.15625 0.54453125 0.01015625 0.0265625
16 0.16484375 0.54140625 0.009375 0.0234375
16 0.521875 0.43828125 0.015625 0.01328125
2 0.72421875 0.38359375 0.01796875 0.02109375
16 0.52265625 0.4515625 0.015625 0.01171875
9 0.59453125 0.440625 0.1234375 0.175
16 0.52578125 0.46328125 0.015625 0.01171875
9 0.3828125 0.5140625 0.0859375 0.18984375
9 0.3234375 0.5328125 0.08125 0.1921875
2 0.428125 0.0515625 0.0171875 0.01796875
9 0.6984375 0.4171875 0.05546875 0.0703125
16 0.52734375 0.47578125 0.015625 0.0140625
2 0.8828125 0.3671875 0.0171875 0.01875
9 0.84765625 0.38125 0.0421875 0.0671875
16 0.5296875 0.48828125 0.0171875 0.01484375
9 0.9171875 0.36328125 0.04921875 0.06484375