2 0.6984375 0.059375 0.00859375 0.03203125
2 0.7140625 0.06015625 0.0078125 0.03828125
16 0.89609375 0.03203125 0.009375 0.0359375
2 0.8875 0.034375 0.0078125 0.034375
16 0.21484375 0.146875 0.00859375 0.034375
2 0.81171875 0.04765625 0.009375 0.02890625
2 0.87734375 0.03671875 0.009375 0.03203125
2 0.8046875 0.05 0.00859375 0.02890625
16 0.240625 0.14453125 0.00859375 0.0328125
16 0.65625 0.075 0.009375 0.0359375
2 0.8484375 0.04296875 0.00859375 0.03046875
2 0.85625 0.04140625 0.00859375 0.0328125
2 0.8703125 0.0390625 0.00859375 0.0328125
2 0.84140625 0.0453125 0.00859375 0.02890625
16 0.6484375 0.0765625 0.0078125 0.034375
2 0.86328125 0.04140625 0.0078125 0.0328125
2 0.7609375 0.05859375 0.0078125 0.03046875
2 0.76796875 0.0578125 0.00859375 0.03203125
2 0.7828125 0.05546875 0.00859375 0.02890625
2 0.81953125 0.04921875 0.00859375 0.03203125
2 0.834375 0.046875 0.00859375 0.03046875
2 0.790625 0.05390625 0.0078125 0.03203125
2 0.79765625 0.05390625 0.0078125 0.03046875
2 0.82734375 0.0484375 0.00703125 0.03046875
2 0.77578125 0.0578125 0.0078125 0.03046875
2 0.7390625 0.06484375 0.0078125 0.03671875
2 0.74609375 0.06328125 0.00859375 0.03671875
2 0.75390625 0.0625 0.00625 0.034375
2 0.72421875 0.0671875 0.00859375 0.03671875
2 0.73203125 0.06640625 0.00703125 0.034375
2 0.90859375 0.05390625 0.01015625 0.05
16 0.72421875 0.10390625 0.00859375 0.0328125
16 0.7328125 0.103125 0.0078125 0.03203125
16 0.03515625 0.21953125 0.00859375 0.03671875
2 0.02421875 0.22421875 0.0125 0.04375
16 0.71171875 0.12265625 0.01640625 0.01875
2 0.88984375 0.10625 0.0078125 0.03828125
16 0.7125 0.14375 0.015625 0.01953125
2 0.72890625 0.13984375 0.01796875 0.03203125
2 0.325 0.22265625 0.01484375 0.02265625
16 0.7140625 0.16328125 0.0140625 0.0171875
16 0.8859375 0.1421875 0.01640625 0.01953125
16 0.32578125 0.2421875 0.015625 0.02109375
16 0.71328125 0.184375 0.01640625 0.01953125
2 0.73046875 0.18359375 0.01640625 0.0234375
16 0.88671875 0.16328125 0.01484375 0.02265625
16 0.71328125 0.2046875 0.01640625 0.01953125
9 0.828125 0.1890625 0.0515625 0.13515625
16 0.92734375 0.17421875 0.01796875 0.02265625
16 0.94296875 0.171875 0.01640625 0.02109375
2 0.8875 0.1828125 0.01484375 0.01953125
2 0.865625 0.19609375 0.01484375 0.0171875
2 0.73125 0.22109375 0.015625 0.02109375
16 0.71484375 0.22421875 0.01484375 0.01953125
16 0.94296875 0.19140625 0.0140625 0.01953125
2 0.92734375 0.19453125 0.015625 0.0234375
16 0.71484375 0.2453125 0.01484375 0.01953125
16 0.94375 0.2125 0.01640625 0.02265625
16 0.66015625 0.2671875 0.01484375 0.0265625
16 0.64375 0.2703125 0.0203125 0.028125
16 0.67421875 0.26953125 0.0078125 0.03203125
2 0.73203125 0.2625 0.01640625 0.025
16 0.71640625 0.2671875 0.015625 0.02109375
2 0.9296875 0.2359375 0.01484375 0.025
16 0.9453125 0.234375 0.01640625 0.0234375
16 0.7171875 0.28671875 0.01640625 0.025
16 0.9453125 0.253125 0.01484375 0.02265625
16 0.65234375 0.30390625 0.00859375 0.0359375
2 0.64453125 0.30546875 0.009375 0.034375
2 0.5234375 0.32890625 0.0140625 0.02265625
16 0.50859375 0.33125 0.01640625 0.02265625
16 0.3125 0.37421875 0.01171875 0.01875
2 0.93046875 0.27578125 0.01484375 0.02265625
16 0.94609375 0.2734375 0.01640625 0.02109375
16 0.68359375 0.32109375 0.0078125 0.034375
2 0.66328125 0.325 0.0109375 0.04375
16 0.67578125 0.32265625 0.00859375 0.034375
2 0.9171875 0.28828125 0.009375 0.034375
2 0.86640625 0.296875 0.01015625 0.0359375
2 0.88359375 0.29375 0.00859375 0.03671875
2 0.83203125 0.303125 0.009375 0.034375
2 0.9 0.29140625 0.00859375 0.0359375
2 0.85 0.3 0.01015625 0.03671875
2 0.7453125 0.31875 0.01015625 0.03984375
2 0.7625 0.3171875 0.0109375 0.03828125
2 0.78046875 0.31328125 0.00859375 0.034375
2 0.728125 0.32265625 0.0109375 0.03984375
2 0.79921875 0.3109375 0.00859375 0.034375
2 0.62890625 0.34375 0.00859375 0.034375
16 0.653125 0.33984375 0.009375 0.034375
16 0.6453125 0.34140625 0.00859375 0.03671875
16 0.61171875 0.346875 0.01015625 0.03828125
16 0.62109375 0.34609375 0.0078125 0.03828125
16 0.50703125 0.36953125 0.00859375 0.0328125
16 0.4984375 0.38984375 0.01015625 0.0359375
16 0.87578125 0.33046875 0.00859375 0.03203125
16 0.909375 0.32578125 0.01015625 0.0359375
16 0.9265625 0.32265625 0.01015625 0.034375
16 0.884375 0.33046875 0.00859375 0.03203125
16 0.8921875 0.3296875 0.009375 0.034375
16 0.85859375 0.33515625 0.009375 0.0328125
16 0.8671875 0.33359375 0.009375 0.034375
16 0.90078125 0.328125 0.01015625 0.034375
16 0.91796875 0.32578125 0.009375 0.03984375
16 0.85078125 0.33671875 0.00859375 0.0328125
16 0.8421875 0.3390625 0.00859375 0.0328125
16 0.83359375 0.34140625 0.009375 0.034375
16 0.31484375 0.42890625 0.01171875 0.015625
16 0.76328125 0.35390625 0.0078125 0.0328125
16 0.79140625 0.34921875 0.0078125 0.034375
16 0.8171875 0.34453125 0.009375 0.0328125
16 0.78125 0.35078125 0.009375 0.03671875
16 0.8078125 0.34609375 0.00859375 0.0328125
16 0.7375 0.35859375 0.00859375 0.034375
16 0.825 0.34453125 0.0078125 0.0328125
16 0.72890625 0.3609375 0.0078125 0.034375
16 0.75390625 0.35546875 0.0078125 0.03203125
2 0.66328125 0.37265625 0.00703125 0.0328125
16 0.74609375 0.35859375 0.00859375 0.034375
16 0.6453125 0.37578125 0.009375 0.03203125
16 0.6546875 0.37421875 0.01015625 0.034375
16 0.671875 0.37265625 0.009375 0.0328125
16 0.68046875 0.3703125 0.01015625 0.034375
16 0.6375 0.378125 0.00703125 0.03203125
16 0.63046875 0.38046875 0.00859375 0.0328125
16 0.5078125 0.40625 0.00859375 0.03203125
16 0.5 0.42265625 0.00859375 0.0328125
9 0.40859375 0.43828125 0.18046875 0.421875
16 0.509375 0.4375 0.00859375 0.03203125
16 0.3171875 0.47109375 0.01171875 0.01328125
2 0.63203125 0.41953125 0.00703125 0.034375
16 0.50078125 0.45859375 0.00703125 0.0328125
16 0.859375 0.4 0.00859375 0.03046875
16 0.86875 0.3984375 0.00859375 0.034375
9 0.23125 0.50625 0.10234375 0.24609375
16 0.85078125 0.403125 0.00859375 0.0328125
16 0.51015625 0.4703125 0.0078125 0.03046875
2 0.72109375 0.4421875 0.01484375 0.05703125
2 0.73671875 0.43984375 0.0140625 0.05703125
16 0.31796875 0.5140625 0.0109375 0.0171875
4 0.28359375 0.0609375 0.1546875 0.0765625
2 0.8265625 0.4328125 0.01484375 0.059375
16 0.9234375 0.41953125 0.0125 0.05546875
2 0.94453125 0.41796875 0.0109375 0.0453125
2 0.8875 0.428125 0.00859375 0.0328125
16 0.50234375 0.49375 0.00703125 0.03046875
2 0.95625 0.41953125 0.0125 0.0421875
2 0.85 0.43828125 0.00859375 0.0328125
2 0.840625 0.440625 0.01171875 0.0421875
16 0.85859375 0.43828125 0.00859375 0.0328125
4 0.07890625 0.09609375 0.15390625 0.078125
2 0.86796875 0.4375 0.00859375 0.034375
2 0.87734375 0.4375 0.0109375 0.04375
16 0.9125 0.43203125 0.00859375 0.0328125
16 0.51171875 0.50625 0.00625 0.0328125
2 0.80546875 0.4734375 0.015625 0.02109375
16 0.50390625 0.52734375 0.00703125 0.03046875
2 0.9421875 0.4625 0.00859375 0.0328125
16 0.93515625 0.4640625 0.0078125 0.034375
16 0.9265625 0.46640625 0.009375 0.0328125
2 0.91796875 0.46796875 0.00859375 0.034375
16 0.909375 0.4703125 0.009375 0.0328125
16 0.3234375 0.56875 0.0109375 0.015625
16 0.7765625 0.50234375 0.0109375 0.04375
16 0.3234375 0.58515625 0.0109375 0.01484375
16 0.63359375 0.55390625 0.01171875 0.0453125
16 0.17421875 0.6359375 0.01015625 0.03203125
16 0.15703125 0.63984375 0.009375 0.0359375
16 0.165625 0.63828125 0.00859375 0.0328125
2 0.915625 0.5234375 0.01875 0.028125
9 0.85859375 0.5390625 0.07578125 0.12265625
16 0.3078125 0.63359375 0.01640625 0.02109375
2 0.3234375 0.6328125 0.0140625 0.01953125
16 0.79140625 0.559375 0.00859375 0.034375
16 0.80078125 0.559375 0.00859375 0.03671875
2 0.51640625 0.6109375 0.00859375 0.03671875
2 0.5078125 0.61328125 0.009375 0.0359375
2 0.1890625 0.671875 0.00859375 0.03203125
2 0.19921875 0.6703125 0.00859375 0.0359375
16 0.175 0.67421875 0.00859375 0.03984375
16 0.91640625 0.55078125 0.01875 0.028125
2 0.3234375 0.6515625 0.0125 0.0171875
16 0.30859375 0.65390625 0.0140625 0.01953125
2 0.9671875 0.5546875 0.02421875 0.03046875
2 0.92734375 0.578125 0.015625 0.02109375
2 0.96875 0.58828125 0.02421875 0.034375
2 0.37421875 0.69609375 0.009375 0.03671875
16 0.365625 0.6984375 0.00859375 0.034375
16 0.35703125 0.70078125 0.00859375 0.0328125
2 0.92890625 0.6046875 0.01484375 0.02109375
2 0.32578125 0.70859375 0.00703125 0.028125
20 0.75390625 0.63671875 0.0421875 0.0703125
2 0.3328125 0.7078125 0.00625 0.02890625
2 0.828125 0.6390625 0.009375 0.03984375
2 0.83671875 0.63984375 0.00859375 0.0359375
16 0.85625 0.6359375 0.00859375 0.034375
16 0.87578125 0.63515625 0.00859375 0.034375
2 0.86640625 0.63671875 0.009375 0.040625
2 0.84609375 0.63984375 0.00859375 0.0359375
2 0.88515625 0.63515625 0.01171875 0.04765625
2 0.9265625 0.628125 0.01640625 0.01875
2 0.96015625 0.62265625 0.00859375 0.0359375
16 0.94296875 0.628125 0.009375 0.034375
16 0.90703125 0.63671875 0.025 0.0328125
2 0.45703125 0.71328125 0.01015625 0.03671875
16 0.3421875 0.7375 0.0078125 0.0328125
16 0.33515625 0.73984375 0.0078125 0.03046875
16 0.35859375 0.7375 0.009375 0.0359375
16 0.928125 0.65703125 0.01640625 0.01953125
2 0.4484375 0.7375 0.0109375 0.040625
16 0.90859375 0.6671875 0.02421875 0.03046875
16 0.83046875 0.6828125 0.009375 0.0328125
16 0.85703125 0.67890625 0.009375 0.0359375
16 0.83828125 0.6828125 0.00859375 0.034375
2 0.8484375 0.68203125 0.00859375 0.0359375
2 0.3328125 0.7703125 0.015625 0.01953125
2 0.459375 0.753125 0.00859375 0.0359375
16 0.6046875 0.73125 0.015625 0.0234375
2 0.33359375 0.790625 0.0140625 0.0171875
2 0.59140625 0.75078125 0.00859375 0.04375
2 0.60859375 0.76171875 0.02421875 0.03203125
16 0.40546875 0.80234375 0.00703125 0.0328125
16 0.41484375 0.8 0.00703125 0.03203125
16 0.62734375 0.8 0.01015625 0.03984375
20 0.6109375 0.80390625 0.0203125 0.040625
2 0.67421875 0.79296875 0.01328125 0.05703125
2 0.40625 0.83984375 0.0078125 0.03203125
16 0.34375 0.85078125 0.0078125 0.02890625
16 0.3515625 0.85 0.00859375 0.03046875
2 0.6578125 0.79921875 0.015625 0.0609375
16 0.3359375 0.85390625 0.00703125 0.0328125
2 0.8984375 0.771875 0.0125 0.04375
16 0.40859375 0.8734375 0.00859375 0.0359375
16 0.41640625 0.8734375 0.00859375 0.03046875
16 0.43125 0.871875 0.00859375 0.034375
16 0.42421875 0.87265625 0.00625 0.03203125
16 0.39921875 0.87734375 0.00859375 0.0359375
2 0.59609375 0.85625 0.01328125 0.04921875
16 0.72265625 0.8390625 0.01171875 0.04375
16 0.78984375 0.8296875 0.01171875 0.0421875
2 0.68671875 0.84765625 0.01796875 0.02109375
9 0.3421875 0.9453125 0.0328125 0.1046875
20 0.68203125 0.9046875 0.0625 0.09765625
2 0.85234375 0.878125 0.0125 0.04765625
2 0.86328125 0.87734375 0.0109375 0.0453125
2 0.75859375 0.8953125 0.01171875 0.04765625
2 0.74609375 0.8984375 0.0125 0.0453125
20 0.80546875 0.89296875 0.04375 0.08984375
16 0.7765625 0.92890625 0.01796875 0.028125