20 0.8734375 0.36953125 0.015625 0.0125
16 0.8671875 0.37109375 0.009375 0.00703125
20 0.83046875 0.37109375 0.0125 0.01015625
2 0.86484375 0.3765625 0.009375 0.0078125
9 0.846875 0.38125 0.0265625 0.03359375
20 0.7875 0.3765625 0.01484375 0.01328125
16 0.77578125 0.37734375 0.00625 0.01015625
16 0.771875 0.38046875 0.0078125 0.00625
16 0.78203125 0.3859375 0.0078125 0.009375
16 0.825 0.390625 0.01328125 0.009375
16 0.76953125 0.38671875 0.009375 0.00703125
16 0.778125 0.38828125 0.00625 0.00625
16 0.81953125 0.39453125 0.009375 0.009375
16 0.765625 0.38984375 0.0078125 0.0078125
16 0.76015625 0.39296875 0.01015625 0.00625
20 0.7859375 0.3953125 0.01484375 0.01328125
16 0.81484375 0.39765625 0.01015625 0.00859375
16 0.77421875 0.3953125 0.009375 0.00625
16 0.75625 0.396875 0.0078125 0.00625
16 0.81015625 0.4015625 0.0078125 0.0078125
16 0.7703125 0.4 0.0078125 0.0078125
16 0.765625 0.403125 0.0078125 0.0078125
16 0.7484375 0.40390625 0.0078125 0.009375
16 0.7609375 0.40546875 0.00859375 0.00859375
16 0.778125 0.40859375 0.009375 0.00625
20 0.7421875 0.40859375 0.01484375 0.0125
16 0.77421875 0.41171875 0.0078125 0.00546875
16 0.7703125 0.4140625 0.0078125 0.00625
20 0.73359375 0.4125 0.0109375 0.0140625
16 0.75625 0.415625 0.009375 0.00703125
16 0.7671875 0.41640625 0.0078125 0.00703125
16 0.7828125 0.41796875 0.009375 0.00703125
16 0.7796875 0.42109375 0.009375 0.009375
16 0.728125 0.41796875 0.009375 0.00859375
20 0.75 0.4203125 0.0125 0.01015625
16 0.775 0.4234375 0.009375 0.00703125
16 0.77109375 0.4265625 0.009375 0.00703125
16 0.76640625 0.4296875 0.009375 0.0078125
20 0.740625 0.428125 0.0125 0.01484375
16 0.7640625 0.43359375 0.01015625 0.00703125
16 0.71796875 0.4296875 0.009375 0.00859375
16 0.759375 0.43515625 0.009375 0.00859375
16 0.734375 0.434375 0.0078125 0.00703125
20 0.75390625 0.43984375 0.0140625 0.0125
16 0.7765625 0.4421875 0.0078125 0.01171875
16 0.77265625 0.4453125 0.01015625 0.0078125
20 0.74375 0.44453125 0.0125 0.0109375
16 0.7234375 0.44375 0.0109375 0.00703125
16 0.7671875 0.45 0.0078125 0.009375
16 0.73828125 0.4484375 0.01171875 0.0078125
20 0.76328125 0.4546875 0.01484375 0.0140625
16 0.73125 0.4546875 0.009375 0.00859375
20 0.753125 0.46171875 0.015625 0.0140625
16 0.74453125 0.4671875 0.0109375 0.00859375
16 0.740625 0.4703125 0.009375 0.00703125
20 0.67109375 0.475 0.03515625 0.0359375
2 0.7171875 0.49375 0.015625 0.0140625
20 0.62265625 0.5140625 0.0359375 0.03671875
2 0.6234375 0.5375 0.0125 0.01796875
2 0.6171875 0.540625 0.01015625 0.0109375
2 0.59453125 0.54921875 0.0078125 0.0140625
2 0.590625 0.553125 0.0109375 0.0140625
20 0.571875 0.55390625 0.03515625 0.04609375
2 0.54296875 0.59296875 0.0109375 0.01015625
20 0.51796875 0.596875 0.03359375 0.03359375
2 0.5375 0.59921875 0.01328125 0.0125
20 0.465625 0.64453125 0.0328125 0.0359375
2 0.50234375 0.66796875 0.01796875 0.0140625
20 0.41640625 0.68359375 0.03671875 0.03671875
2 0.421875 0.71484375 0.0140625 0.01328125
2 0.390625 0.72109375 0.0109375 0.01796875
2 0.38671875 0.72421875 0.01015625 0.0109375
20 0.36953125 0.72578125 0.03125 0.0359375
2 0.403125 0.73125 0.0125 0.01171875
2 0.3421875 0.75859375 0.009375 0.01640625
20 0.32109375 0.76015625 0.0296875 0.040625
2 0.3375 0.76328125 0.01015625 0.0109375
2 0.284375 0.78359375 0.0765625 0.08828125
2 0.228125 0.82265625 0.07265625 0.07578125
16 0.9984375 0.16875 0.0015625 0.009375
16 0.9875 0.18203125 0.00625 0.00625
2 0.984375 0.184375 0.00625 0.00703125
20 0.9796875 0.1875 0.01328125 0.0125
16 0.99296875 0.19296875 0.00859375 0.0078125
16 0.97265625 0.19296875 0.0078125 0.00703125
16 0.98828125 0.1953125 0.00625 0.00625
16 0.98515625 0.19609375 0.00546875 0.00546875
2 0.978125 0.20390625 0.009375 0.00703125
2 0.99765625 0.20625 0.00390625 0.00625
16 0.97421875 0.20625 0.0078125 0.00703125
2 0.9921875 0.2109375 0.0078125 0.00625
16 0.9859375 0.21484375 0.00703125 0.0078125
9 0.99375 0.22578125 0.01171875 0.02734375
16 0.96875 0.2234375 0.00859375 0.0078125
16 0.99140625 0.2328125 0.00859375 0.0078125
16 0.953125 0.23515625 0.00859375 0.0078125
16 0.96328125 0.2375 0.00859375 0.00703125
16 0.959375 0.240625 0.009375 0.00703125
2 0.9453125 0.2390625 0.009375 0.01015625
16 0.97109375 0.24375 0.0078125 0.009375
16 0.9421875 0.24375 0.009375 0.0078125
16 0.9984375 0.25 0.00234375 0.00859375
2 0.93828125 0.24609375 0.009375 0.00859375
16 0.965625 0.24921875 0.009375 0.00625
16 0.93359375 0.24765625 0.00625 0.0078125
16 0.975 0.25234375 0.0078125 0.00625
16 0.93125 0.25 0.00703125 0.01015625
16 0.96796875 0.2578125 0.0078125 0.00703125
9 0.95390625 0.25625 0.03046875 0.0265625
16 0.92890625 0.2546875 0.00625 0.00625
16 0.93828125 0.26328125 0.00625 0.00625
16 0.91875 0.2625 0.00703125 0.00625
16 0.93203125 0.26875 0.0078125 0.00625
16 0.98515625 0.27421875 0.0109375 0.0109375
16 0.96171875 0.2734375 0.01015625 0.00859375
16 0.921875 0.2703125 0.00625 0.00625
16 0.91640625 0.2703125 0.009375 0.0078125
16 0.940625 0.275 0.00625 0.00625
16 0.95390625 0.27890625 0.00703125 0.0078125
20 0.93671875 0.28046875 0.01484375 0.0140625
20 0.925 0.28046875 0.015625 0.01328125
16 0.99140625 0.28671875 0.009375 0.0078125
16 0.903125 0.28046875 0.009375 0.0078125
16 0.91796875 0.284375 0.01015625 0.00859375
16 0.88984375 0.2828125 0.0078125 0.00703125
16 0.9 0.284375 0.0078125 0.00859375
16 0.8859375 0.28671875 0.0078125 0.00703125
16 0.9109375 0.290625 0.01015625 0.00859375
16 0.88203125 0.29140625 0.009375 0.0078125
16 0.903125 0.296875 0.009375 0.00859375
16 0.87578125 0.29609375 0.00859375 0.00703125
16 0.871875 0.2984375 0.009375 0.00859375
20 0.89609375 0.3015625 0.0140625 0.0140625
16 0.865625 0.303125 0.009375 0.00625
2 0.9078125 0.30703125 0.009375 0.00703125
2 0.88984375 0.30625 0.00859375 0.00703125
16 0.8625 0.30625 0.0078125 0.00625
16 0.8859375 0.309375 0.00703125 0.00625
2 0.88359375 0.3109375 0.0078125 0.00859375
2 0.85703125 0.3109375 0.00625 0.00625
16 0.87109375 0.31796875 0.00703125 0.00625
20 0.87890625 0.31875 0.0171875 0.01328125
2 0.853125 0.3171875 0.0078125 0.0078125
2 0.86796875 0.3203125 0.00703125 0.00625
2 0.8484375 0.3203125 0.0078125 0.0078125
2 0.86171875 0.32265625 0.0078125 0.0078125
2 0.86015625 0.32578125 0.00703125 0.00625
16 0.87421875 0.328125 0.0078125 0.00703125
2 0.85546875 0.3296875 0.0078125 0.00546875
2 0.853125 0.33046875 0.00703125 0.00625
2 0.8703125 0.334375 0.0078125 0.00859375
2 0.8671875 0.3375 0.00859375 0.00625
9 0.84140625 0.3375 0.0234375 0.028125
20 0.82265625 0.3375 0.01484375 0.0140625
16 0.86328125 0.34140625 0.0109375 0.0078125
16 0.875 0.34296875 0.0078125 0.00859375
16 0.86953125 0.34765625 0.009375 0.00703125
20 0.81328125 0.34609375 0.01796875 0.01328125
16 0.865625 0.35078125 0.00859375 0.0078125
20 0.85859375 0.353125 0.01484375 0.01015625
2 0.828125 0.3515625 0.00703125 0.00625
2 0.8890625 0.3578125 0.009375 0.0078125
2 0.82265625 0.3546875 0.00625 0.00546875
2 0.88515625 0.36015625 0.0078125 0.00625
16 0.815625 0.35625 0.00859375 0.00859375
16 0.8828125 0.3625 0.00859375 0.0078125
2 0.8515625 0.36015625 0.0078125 0.00625
16 0.88046875 0.3640625 0.00703125 0.0078125
16 0.81328125 0.359375 0.00859375 0.0078125
20 0.840625 0.36328125 0.01484375 0.01171875
2 0.86015625 0.365625 0.0078125 0.01015625