16 0.25625 0.153125 0.009375 0.0140625
9 0.28828125 0.1546875 0.04375 0.12421875
16 0.25703125 0.16796875 0.01015625 0.015625
16 0.328125 0.146875 0.01015625 0.03046875
9 0.7375 0.0203125 0.02734375 0.040625
16 0.034375 0.253125 0.0109375 0.0234375
16 0.04765625 0.2484375 0.01015625 0.0203125
16 0.00859375 0.2640625 0.01171875 0.021875
16 0.021875 0.25859375 0.0109375 0.0234375
16 0.15859375 0.215625 0.01171875 0.0234375
16 0.1296875 0.22578125 0.01171875 0.02578125
16 0.25859375 0.1828125 0.0109375 0.015625
16 0.14453125 0.22265625 0.0109375 0.0234375
16 0.2578125 0.1984375 0.01171875 0.015625
2 0.5390625 0.1109375 0.03046875 0.06953125
16 0.76953125 0.03515625 0.00859375 0.03046875
16 0.32109375 0.19453125 0.01015625 0.015625
16 0.80625 0.040625 0.0109375 0.0171875
16 0.8171875 0.0359375 0.01015625 0.0171875
16 0.7953125 0.04375 0.01015625 0.015625
16 0.159375 0.259375 0.01171875 0.02421875
16 0.83828125 0.02890625 0.01015625 0.0171875
16 0.7859375 0.04765625 0.01015625 0.0171875
16 0.82734375 0.0328125 0.01015625 0.015625
16 0.13203125 0.27109375 0.0109375 0.021875
16 0.14609375 0.2671875 0.0109375 0.0234375
9 0.74140625 0.08125 0.025 0.0609375
2 0.92734375 0.04921875 0.0296875 0.040625
2 0.84140625 0.08046875 0.01015625 0.015625
9 0.64609375 0.17421875 0.0703125 0.12890625
2 0.28203125 0.29765625 0.00546875 0.02578125
2 0.26796875 0.30390625 0.00625 0.03046875
2 0.27578125 0.30234375 0.00625 0.02890625
16 0.259375 0.30625 0.00625 0.02890625
16 0.7421875 0.14921875 0.0078125 0.03203125
16 0.59921875 0.20234375 0.01015625 0.0140625
9 0.80234375 0.13984375 0.0484375 0.0984375
9 0.34765625 0.2984375 0.028125 0.0625
9 0.24609375 0.353125 0.0171875 0.04453125
16 0.74375 0.184375 0.0078125 0.03046875
16 0.29296875 0.3375 0.0046875 0.02734375
22 0.30703125 0.33359375 0.015625 0.040625
2 0.27421875 0.3546875 0.0296875 0.02421875
2 0.01328125 0.45234375 0.0265625 0.06640625
16 0.8328125 0.18671875 0.00703125 0.03203125
16 0.6015625 0.26796875 0.01015625 0.015625
16 0.37421875 0.34609375 0.00859375 0.015625
16 0.7453125 0.221875 0.0078125 0.03046875
9 0.4734375 0.3171875 0.11796875 0.325
16 0.375 0.3609375 0.01015625 0.0140625
9 0.16328125 0.44140625 0.0421875 0.175
9 0.0828125 0.46875 0.04375 0.178125
16 0.37578125 0.37734375 0.01015625 0.0171875
9 0.35078125 0.38984375 0.025 0.0609375
16 0.5390625 0.3265625 0.0078125 0.02890625
9 0.603125 0.30625 0.028125 0.06640625
16 0.74609375 0.25859375 0.00703125 0.02890625
22 0.3140625 0.40703125 0.025 0.04765625
16 0.578125 0.31796875 0.01015625 0.0140625
9 0.2625 0.425 0.025 0.04921875
16 0.3765625 0.39296875 0.01015625 0.0140625
16 0.37734375 0.4046875 0.009375 0.0140625
2 0.01796875 0.53515625 0.021875 0.0625
16 0.7484375 0.2953125 0.00859375 0.03046875
16 0.9578125 0.22578125 0.0078125 0.03046875
16 0.91328125 0.2421875 0.00859375 0.03359375
16 0.284375 0.45703125 0.00546875 0.02890625
16 0.83828125 0.27109375 0.00703125 0.03046875
9 0.2640625 0.49296875 0.025 0.04609375
16 0.74921875 0.33125 0.0078125 0.02890625
16 0.378125 0.459375 0.01015625 0.0140625
22 0.35390625 0.46796875 0.0265625 0.06328125
16 0.24296875 0.509375 0.00625 0.02734375
16 0.29921875 0.5109375 0.00625 0.03046875
16 0.84453125 0.33671875 0.0078125 0.03203125
16 0.82109375 0.34453125 0.00859375 0.03046875
4 0.596875 0.4265625 0.06640625 0.075
2 0.02265625 0.6234375 0.021875 0.06484375
16 0.90078125 0.32578125 0.0078125 0.03046875
16 0.35546875 0.51171875 0.01015625 0.0171875
2 0.20078125 0.56484375 0.03046875 0.06953125
2 0.16640625 0.57734375 0.02265625 0.06484375
2 0.08125 0.60703125 0.02734375 0.06953125
2 0.39296875 0.50390625 0.02109375 0.0625
9 0.86875 0.35078125 0.02578125 0.0625
16 0.821875 0.38125 0.00859375 0.03203125
16 0.8453125 0.37265625 0.00859375 0.02890625
16 0.90234375 0.36171875 0.00859375 0.02734375
16 0.07890625 0.66640625 0.00703125 0.02890625
16 0.04296875 0.678125 0.0078125 0.02890625
16 0.16015625 0.640625 0.00703125 0.03046875
16 0.11328125 0.65703125 0.00703125 0.03046875
16 0.815625 0.43671875 0.00546875 0.02890625
16 0.82109375 0.4375 0.00625 0.02734375
16 0.809375 0.440625 0.00546875 0.02890625
16 0.82734375 0.43515625 0.00546875 0.02890625
9 0.2359375 0.64765625 0.02265625 0.075
16 0.2734375 0.6375 0.00625 0.02578125
16 0.2609375 0.64140625 0.00625 0.02890625
16 0.26640625 0.63984375 0.00546875 0.02890625
16 0.27890625 0.63671875 0.00625 0.02734375
9 0.7890625 0.47578125 0.03125 0.06796875
16 0.90625 0.44296875 0.00859375 0.03046875
9 0.87421875 0.46796875 0.025 0.0609375
9 0.30078125 0.66953125 0.03046875 0.06484375
9 0.48046875 0.61640625 0.021875 0.0734375
9 0.3390625 0.6640625 0.02265625 0.0734375
9 0.5375 0.59765625 0.02265625 0.07109375
9 0.59375 0.57734375 0.02265625 0.07109375
9 0.42421875 0.6375 0.021875 0.075
9 0.62265625 0.56953125 0.02265625 0.071875
9 0.39609375 0.64609375 0.02109375 0.071875
9 0.45234375 0.62734375 0.02265625 0.071875
9 0.36796875 0.65546875 0.02265625 0.07109375
9 0.50859375 0.6078125 0.02265625 0.0734375
9 0.565625 0.5890625 0.021875 0.0734375
16 0.83046875 0.5 0.00546875 0.03203125
16 0.8125 0.50625 0.00625 0.03046875
16 0.825 0.503125 0.00546875 0.03203125
16 0.81875 0.5046875 0.00625 0.03203125
16 0.7421875 0.5328125 0.00703125 0.03046875
16 0.684375 0.553125 0.00703125 0.02734375
16 0.90703125 0.48046875 0.00859375 0.03046875
16 0.2328125 0.71484375 0.0109375 0.021875
16 0.21875 0.71953125 0.0109375 0.0234375
16 0.2453125 0.71171875 0.01171875 0.021875
16 0.2765625 0.70546875 0.00546875 0.02890625
16 0.26328125 0.71015625 0.00546875 0.02734375
16 0.28203125 0.70625 0.00546875 0.02734375
16 0.26953125 0.709375 0.00546875 0.02890625
16 0.32421875 0.71640625 0.01171875 0.0234375
4 0.98359375 0.53515625 0.03125 0.2703125
4 0.03984375 0.1875 0.0796875 0.096875
16 0.26328125 0.84140625 0.00078125 0.0015625
16 0.2625 0.8546875 0.00703125 0.03046875
16 0.0546875 0.92578125 0.01171875 0.02734375
16 0.26875 0.85234375 0.00625 0.02890625
16 0.10625 0.90859375 0.0109375 0.0234375
16 0.08046875 0.91796875 0.01171875 0.02421875
16 0.90546875 0.63984375 0.01171875 0.0234375
16 0.46796875 0.7875 0.01328125 0.02578125
16 0.49375 0.7796875 0.01328125 0.03046875
16 0.93125 0.63203125 0.01171875 0.02421875
16 0.8796875 0.64921875 0.01171875 0.02421875
16 0.51953125 0.77265625 0.01328125 0.02734375
2 0.42421875 0.80703125 0.02421875 0.0765625
2 0.83671875 0.66875 0.02578125 0.08125
2 0.853125 0.66796875 0.00546875 0.03203125
2 0.14609375 0.90859375 0.01015625 0.08203125
16 0.33046875 0.84765625 0.0109375 0.01875
2 0.44375 0.809375 0.00703125 0.03203125
16 0.765625 0.703125 0.02421875 0.0390625
2 0.1234375 0.92421875 0.0078125 0.03359375
2 0.53671875 0.78359375 0.00625 0.03046875
2 0.9484375 0.64609375 0.00546875 0.02890625
16 0.38359375 0.8390625 0.02421875 0.0359375
16 0.33046875 0.86328125 0.0109375 0.015625
16 0.27421875 0.89453125 0.01015625 0.0171875
16 0.33203125 0.88125 0.0109375 0.0171875
2 0.62265625 0.78359375 0.01171875 0.10859375
9 0.30078125 0.89453125 0.0296875 0.06328125
2 0.6625 0.7734375 0.0109375 0.115625
2 0.7015625 0.7609375 0.01328125 0.1171875
16 0.7671875 0.74140625 0.02421875 0.0375
16 0.38515625 0.87734375 0.02421875 0.0375
16 0.27578125 0.9140625 0.01015625 0.01875
16 0.33203125 0.8984375 0.0109375 0.015625
16 0.58125 0.81875 0.00703125 0.03046875
16 0.58984375 0.8171875 0.00703125 0.03046875
16 0.59765625 0.8140625 0.00703125 0.03046875
16 0.571875 0.82265625 0.00703125 0.03046875
16 0.3328125 0.915625 0.01015625 0.015625
16 0.78125 0.7734375 0.0234375 0.040625
4 0.496875 0.8734375 0.11796875 0.1515625
16 0.3875 0.9140625 0.0234375 0.0359375
16 0.33359375 0.9328125 0.0109375 0.01875
4 0.0875 0.97265625 0.11796875 0.05234375
4 0.909375 0.73828125 0.11328125 0.1328125
2 0.42890625 0.92265625 0.01171875 0.0390625
2 0.83828125 0.7890625 0.01171875 0.0375
4 0.990625 0.7359375 0.0171875 0.11015625
16 0.7828125 0.8109375 0.0234375 0.0375
16 0.3890625 0.94921875 0.02265625 0.0375