2 0.24453125 0.42109375 0.00546875 0.00546875
2 0.2453125 0.43671875 0.0078125 0.00390625
2 0.28125 0.44296875 0.0375 0.03359375
2 0.04765625 0.4375 0.046875 0.04375
2 0.24375 0.4453125 0.00859375 0.0046875
2 0.2453125 0.4625 0.009375 0.00703125
2 0.0796875 0.459375 0.02578125 0.02265625
16 0.33046875 0.4671875 0.00859375 0.00546875
16 0.2921875 0.46953125 0.00703125 0.00546875
16 0.32890625 0.471875 0.01171875 0.00390625
16 0.10625 0.4671875 0.00625 0.01484375
16 0.29609375 0.4734375 0.009375 0.00546875
2 0.24296875 0.471875 0.00703125 0.003125
2 0.2421875 0.47578125 0.00859375 0.00546875
2 0.04375 0.4796875 0.04609375 0.0453125
2 0.24296875 0.49453125 0.009375 0.00546875
2 0.24140625 0.49921875 0.00859375 0.00390625
2 0.4640625 0.528125 0.00625 0.0109375
9 0.0875 0.51796875 0.0265625 0.02890625
9 0.08125 0.5515625 0.025 0.025
2 0.0234375 0.5671875 0.0140625 0.00546875
16 0.09453125 0.57109375 0.003125 0.00859375
16 0.08828125 0.571875 0.00625 0.00859375
16 0.10078125 0.57265625 0.00625 0.01015625
16 0.1046875 0.57265625 0.00390625 0.00859375
2 0.02265625 0.571875 0.0125 0.0046875
2 0.0265625 0.578125 0.009375 0.00546875
16 0.24140625 0.00546875 0.00234375 0.00546875
16 0.2515625 0.00625 0.0046875 0.00546875
16 0.02578125 0.58515625 0.00625 0.00234375
16 0.02578125 0.58984375 0.00625 0.003125
2 0.49296875 0.60703125 0.0109375 0.01015625
2 0.65546875 0.61328125 0.00859375 0.01015625
2 0.6125 0.61171875 0.0125 0.00859375
2 0.54375 0.6109375 0.00625 0.00703125
2 0.08984375 0.6140625 0.0453125 0.046875
2 0.1375 0.61875 0.046875 0.0359375
16 0.10390625 0.00546875 0.00625 0.00546875
2 0.6796875 0.66640625 0.01171875 0.00703125
2 0.62109375 0.6671875 0.0125 0.00703125
16 0.09296875 0.66328125 0.00546875 0.01171875
2 0.11953125 0.01015625 0.0078125 0.0109375
16 0.1609375 0.01171875 0.009375 0.00546875
2 0.15078125 0.01171875 0.0078125 0.01328125
16 0.2515625 0.015625 0.003125 0.0046875
16 0.0859375 0.684375 0.003125 0.00703125
16 0.2453125 0.01640625 0.0015625 0.00703125
2 0.2296875 0.01640625 0.0125 0.00703125
16 0.0703125 0.684375 0.003125 0.0046875
2 0.07734375 0.68515625 0.00625 0.01015625
16 0.24140625 0.0171875 0.00390625 0.0078125
9 0.20234375 0.01640625 0.02265625 0.021875
16 0.1390625 0.69921875 0.00390625 0.00703125
16 0.08828125 0.69765625 0.00625 0.01015625
16 0.07421875 0.69765625 0.00234375 0.00703125
16 0.096875 0.69921875 0.00625 0.01015625
16 0.06796875 0.69765625 0.00390625 0.0078125
16 0.09375 0.6984375 0.00546875 0.00859375
2 0.17890625 0.7015625 0.00546875 0.0078125
2 0.1140625 0.7 0.0046875 0.009375
2 0.1484375 0.70078125 0.0046875 0.01015625
16 0.059375 0.69765625 0.00234375 0.00703125
2 0.16875 0.70234375 0.00234375 0.0078125
2 0.1296875 0.7015625 0.0046875 0.01015625
2 0.19609375 0.70546875 0.00390625 0.0078125
2 0.9609375 0.73125 0.03515625 0.028125
2 0.5546875 0.7296875 0.02890625 0.034375
2 0.40234375 0.7265625 0.04296875 0.034375
2 0.47890625 0.72890625 0.03828125 0.0375
2 0.7375 0.73828125 0.0359375 0.03984375
2 0.44296875 0.72890625 0.03671875 0.034375
16 0.87265625 0.74375 0.00234375 0.01484375
2 0.52109375 0.73125 0.03359375 0.03984375
16 0.9 0.74453125 0.00390625 0.01171875
2 0.70546875 0.7375 0.03984375 0.03359375
16 0.88203125 0.74375 0.00390625 0.01484375
16 0.890625 0.7453125 0.00234375 0.01015625
16 0.87734375 0.74453125 0.00625 0.01640625
2 0.58984375 0.734375 0.034375 0.034375
16 0.90546875 0.74609375 0.00546875 0.01171875
2 0.628125 0.73828125 0.03515625 0.0359375
2 0.665625 0.740625 0.03125 0.03359375
9 0.303125 0.73515625 0.028125 0.0296875
16 0.14296875 0.01796875 0.00234375 0.00546875
2 0.26015625 0.73828125 0.0328125 0.028125
2 0.7671875 0.7578125 0.01796875 0.0265625
2 0.19609375 0.7515625 0.0078125 0.00234375
2 0.19609375 0.7546875 0.0078125 0.00234375
16 0.8609375 0.7796875 0.00859375 0.003125
16 0.19609375 0.759375 0.009375 0.0046875
16 0.65390625 0.775 0.00546875 0.00859375
16 0.02578125 0.75703125 0.0078125 0.00546875
9 0.48828125 0.77265625 0.034375 0.03125
2 0.771875 0.78515625 0.0140625 0.00546875
16 0.85703125 0.78828125 0.01015625 0.003125
16 0.02578125 0.7625 0.009375 0.00390625
16 0.02421875 0.76796875 0.0109375 0.00546875
16 0.025 0.7734375 0.009375 0.00546875
16 0.25546875 0.784375 0.01484375 0.00703125
9 0.5203125 0.79296875 0.0421875 0.03359375
16 0.29375 0.7859375 0.01640625 0.009375
9 0.91015625 0.80625 0.0625 0.0828125
16 0.2765625 0.7859375 0.00390625 0.00859375
16 0.28125 0.7859375 0.003125 0.00703125
16 0.27265625 0.78671875 0.003125 0.00859375
16 0.025 0.778125 0.009375 0.00390625
16 0.2671875 0.78671875 0.00390625 0.0078125
2 0.2125 0.7859375 0.0421875 0.03515625
9 0.11171875 0.7828125 0.115625 0.10859375
16 0.02421875 0.7828125 0.00859375 0.0046875
16 0.01171875 0.7828125 0.0046875 0.0015625
2 0.66484375 0.81015625 0.00234375 0.0078125
9 0.759375 0.8171875 0.034375 0.0296875
16 0.01171875 0.7921875 0.0046875 0.00390625
16 0.02421875 0.79375 0.00859375 0.00390625
16 0.0234375 0.7984375 0.0109375 0.00390625
16 0.85625 0.82734375 0.009375 0.00234375
2 0.37578125 0.81171875 0.00234375 0.0109375
2 0.3625 0.81171875 0.00625 0.01171875
2 0.371875 0.8125 0.00546875 0.01171875
2 0.38125 0.81328125 0.00390625 0.01484375
2 0.36640625 0.81328125 0.00390625 0.01171875
2 0.64140625 0.82265625 0.0109375 0.00546875
16 0.02421875 0.80390625 0.00859375 0.0046875
2 0.9671875 0.83671875 0.025 0.021875
16 0.0109375 0.80703125 0.009375 0.0046875
16 0.0234375 0.8078125 0.00625 0.00234375
2 0.00703125 0.81796875 0.0109375 0.00390625
2 0.54609375 0.8375 0.03046875 0.0234375
16 0.0234375 0.8234375 0.00390625 0.003125
16 0.72421875 0.846875 0.0015625 0.00703125
2 0.96484375 0.85546875 0.0109375 0.00546875
16 0.71875 0.84765625 0.00390625 0.01015625
16 0.4046875 0.8375 0.015625 0.00546875
16 0.73046875 0.8484375 0.00703125 0.009375
16 0.71328125 0.84765625 0.00390625 0.01015625
2 0.6515625 0.84609375 0.0125 0.00546875
16 0.8671875 0.8546875 0.00390625 0.00625
2 0.9640625 0.86015625 0.01328125 0.00390625
16 0.021875 0.8296875 0.009375 0.00546875
16 0.8734375 0.86328125 0.00859375 0.00390625
2 0.00703125 0.834375 0.0109375 0.00546875
16 0.91328125 0.86796875 0.00390625 0.0125
16 0.021875 0.8375 0.00859375 0.00546875
16 0.91796875 0.86875 0.00546875 0.01015625
16 0.903125 0.86875 0.00234375 0.01328125
16 0.9078125 0.86875 0.0046875 0.0125
2 0.00546875 0.8390625 0.0109375 0.00546875
16 0.92734375 0.87109375 0.0046875 0.01015625
16 0.6890625 0.86328125 0.0046875 0.00703125
16 0.875 0.86953125 0.00859375 0.00390625
2 0.19765625 0.8484375 0.01484375 0.00703125
16 0.02265625 0.84296875 0.00859375 0.00390625
16 0.02265625 0.84765625 0.00859375 0.00625
16 0.1421875 0.02890625 0.00703125 0.00703125
16 0.171875 0.0296875 0.0046875 0.00546875
16 0.884375 0.88515625 0.00546875 0.01015625
16 0.875 0.88515625 0.00546875 0.01171875
16 0.13203125 0.03046875 0.00390625 0.00546875
2 0.15703125 0.03125 0.00390625 0.01015625
16 0.8953125 0.8875 0.00625 0.00859375
16 0.8796875 0.88828125 0.00625 0.01015625
2 0.0609375 0.86328125 0.0046875 0.01015625
16 0.12265625 0.865625 0.00546875 0.009375
2 0.15234375 0.03203125 0.00390625 0.01015625
16 0.175 0.86796875 0.00703125 0.01171875
16 0.11796875 0.86640625 0.00546875 0.009375
2 0.04609375 0.8640625 0.003125 0.00703125
16 0.128125 0.86640625 0.00546875 0.01015625
2 0.16015625 0.8671875 0.00703125 0.0125
2 0.06875 0.86484375 0.00390625 0.0078125
2 0.034375 0.8640625 0.00234375 0.00546875
16 0.14296875 0.86796875 0.00625 0.01015625
16 0.1796875 0.86875 0.00390625 0.00859375
16 0.0921875 0.86640625 0.0046875 0.01171875
2 0.08671875 0.865625 0.0046875 0.0109375
2 0.040625 0.86484375 0.0046875 0.00859375
2 0.096875 0.86640625 0.00390625 0.01015625
16 0.13984375 0.86796875 0.0078125 0.0140625
2 0.053125 0.865625 0.0046875 0.0109375
2 0.0796875 0.86640625 0.00625 0.01171875
2 0.0734375 0.86640625 0.00546875 0.01328125
16 0.33984375 0.88515625 0.0078125 0.00546875
16 0.26875 0.884375 0.009375 0.00546875
2 0.2296875 0.03515625 0.009375 0.00625
16 0.140625 0.88125 0.00546875 0.01015625
16 0.43984375 0.8921875 0.0140625 0.0078125
16 0.13359375 0.88203125 0.003125 0.0078125
16 0.91953125 0.909375 0.009375 0.0046875
16 0.29140625 0.8890625 0.00859375 0.00625
16 0.26953125 0.890625 0.009375 0.00625
16 0.9171875 0.91875 0.01015625 0.0046875
2 0.10859375 0.03203125 0.0328125 0.03359375
16 0.20390625 0.03671875 0.00859375 0.00390625
9 0.91640625 0.94609375 0.009375 0.0046875
16 0.1734375 0.92109375 0.0078125 0.00546875
16 0.67578125 0.94296875 0.01484375 0.0046875
2 0.0765625 0.9265625 0.0078125 0.00859375
2 0.09375 0.92734375 0.003125 0.0109375
2 0.24609375 0.93203125 0.0140625 0.00390625
2 0.09921875 0.928125 0.00390625 0.01328125
16 0.1765625 0.93046875 0.00703125 0.003125
2 0.0828125 0.92734375 0.00546875 0.01171875
2 0.884375 0.9578125 0.009375 0.01796875
2 0.8734375 0.95859375 0.00546875 0.01640625
2 0.90390625 0.959375 0.00546875 0.01171875
16 0.24453125 0.93984375 0.0125 0.00625
16 0.16015625 0.93828125 0.0078125 0.00546875
16 0.1625 0.94765625 0.00546875 0.00703125
16 0.17421875 0.9546875 0.00859375 0.0046875
16 0.20390625 0.0421875 0.00625 0.003125
16 0.2046875 0.04765625 0.0078125 0.00390625
16 0.51484375 0.05859375 0.01484375 0.00546875
16 0.2046875 0.053125 0.0109375 0.00546875
16 0.20390625 0.05703125 0.00625 0.00234375
2 0.2328125 0.05859375 0.01015625 0.00390625
16 0.05078125 0.0546875 0.0046875 0.01484375
2 0.10234375 0.05703125 0.01015625 0.01328125
16 0.20390625 0.06171875 0.0078125 0.00390625
2 0.03515625 0.05703125 0.00859375 0.01484375
16 0.203125 0.065625 0.00625 0.003125
16 0.20390625 0.07109375 0.00625 0.00234375
2 0.22265625 0.071875 0.01171875 0.00546875
9 0.1546875 0.075 0.0703125 0.06640625
2 0.3328125 0.0859375 0.0296875 0.02734375
2 0.3 0.0859375 0.02578125 0.0296875
16 0.02578125 0.078125 0.00859375 0.00546875
9 0.053125 0.08359375 0.02734375 0.0234375
2 0.08359375 0.08515625 0.009375 0.00390625
16 0.025 0.08515625 0.00703125 0.00390625
16 0.58515625 0.10390625 0.00625 0.01015625
16 0.6015625 0.1046875 0.00390625 0.00859375
16 0.578125 0.1046875 0.00625 0.01015625
2 0.0828125 0.08984375 0.0078125 0.003125
9 0.540625 0.10546875 0.025 0.01953125
2 0.471875 0.10390625 0.03125 0.03515625
2 0.22265625 0.09609375 0.01484375 0.00859375
2 0.20703125 0.09609375 0.01640625 0.00625
2 0.51015625 0.10859375 0.0328125 0.0296875
2 0.084375 0.09609375 0.0109375 0.00546875
16 0.22109375 0.103125 0.0109375 0.0046875
16 0.56171875 0.1203125 0.0125 0.00703125
2 0.390625 0.11640625 0.03515625 0.03125
16 0.2203125 0.1109375 0.009375 0.00390625
2 0.05625 0.109375 0.00625 0.0109375
2 0.0609375 0.11171875 0.00625 0.01171875
9 0.096875 0.115625 0.02578125 0.01875
16 0.54375 0.134375 0.015625 0.00625
16 0.5296875 0.1359375 0.0125 0.00390625
2 0.01875 0.11953125 0.00859375 0.00546875
2 0.16640625 0.128125 0.00625 0.01171875
2 0.16015625 0.12890625 0.00625 0.01015625
2 0.02265625 0.1265625 0.0109375 0.00390625
2 0.45234375 0.14375 0.0234375 0.021875
2 0.015625 0.13515625 0.00546875 0.00703125
2 0.1125 0.14609375 0.01015625 0.01484375
16 0.29140625 0.1515625 0.00859375 0.0046875
9 0.0640625 0.14765625 0.01796875 0.021875
16 0.2921875 0.1578125 0.0046875 0.00234375
16 0.2921875 0.1625 0.00625 0.00234375
16 0.03984375 0.1546875 0.0078125 0.00625
2 0.40703125 0.1703125 0.00390625 0.009375
16 0.29140625 0.16796875 0.0078125 0.00390625
9 0.47265625 0.17421875 0.02265625 0.01640625
2 0.959375 0.190625 0.0484375 0.03359375
9 0.328125 0.17890625 0.03359375 0.07890625
16 0.03671875 0.1703125 0.0078125 0.00234375
2 0.73203125 0.19453125 0.0359375 0.0328125
2 0.91640625 0.2015625 0.03515625 0.0390625
16 0.29140625 0.18125 0.00703125 0.00390625
16 0.278125 0.18125 0.0109375 0.00546875
16 0.40625 0.1859375 0.01484375 0.00859375
2 0.76953125 0.19765625 0.03515625 0.03203125
2 0.8828125 0.2015625 0.03828125 0.0390625
2 0.6609375 0.19453125 0.03125 0.034375
2 0.84453125 0.2015625 0.0375 0.03828125
2 0.69609375 0.19765625 0.04296875 0.03515625
2 0.8078125 0.203125 0.03125 0.02890625
16 0.2921875 0.18671875 0.01015625 0.00546875
16 0.27890625 0.18671875 0.0078125 0.00390625
2 0.184375 0.1875 0.0375 0.04375
16 0.065625 0.20234375 0.0078125 0.01015625
2 0.09453125 0.2078125 0.0265625 0.0296875
9 0.4296875 0.2203125 0.028125 0.0265625
16 0.53046875 0.225 0.01796875 0.0078125
2 0.46015625 0.23125 0.0328125 0.034375
16 0.53125 0.23671875 0.02109375 0.00859375
16 0.5296875 0.2484375 0.01953125 0.0078125
2 0.0890625 0.24765625 0.028125 0.02421875
2 0.44765625 0.26484375 0.0328125 0.03671875
2 0.40390625 0.26484375 0.0421875 0.034375
2 0.3625 0.26328125 0.034375 0.0390625
2 0.25 0.2640625 0.0109375 0.00390625
2 0.24921875 0.26875 0.0078125 0.003125
2 0.28515625 0.27109375 0.03984375 0.04140625
2 0.321875 0.2734375 0.03515625 0.040625
2 0.4796875 0.28515625 0.00703125 0.01484375
2 0.25 0.28046875 0.01171875 0.00546875
2 0.24921875 0.2859375 0.009375 0.00390625
2 0.2484375 0.296875 0.0078125 0.00390625
2 0.2484375 0.30078125 0.009375 0.00390625
2 0.47265625 0.31171875 0.01171875 0.00703125
2 0.09140625 0.303125 0.0265625 0.0296875
16 0.4703125 0.32265625 0.0078125 0.00859375
2 0.44609375 0.321875 0.00625 0.00625
16 0.47109375 0.32578125 0.00625 0.00625
2 0.24765625 0.321875 0.00859375 0.0046875
2 0.4453125 0.3296875 0.0109375 0.0078125
16 0.47109375 0.33125 0.00859375 0.00390625
2 0.24765625 0.32578125 0.00625 0.0046875
16 0.4703125 0.33671875 0.00859375 0.0046875
2 0.4453125 0.3375 0.009375 0.00859375
16 0.46953125 0.340625 0.009375 0.00234375
2 0.246875 0.3390625 0.009375 0.0046875
16 0.06015625 0.3359375 0.00546875 0.01171875
2 0.246875 0.34375 0.0078125 0.0046875
2 0.05703125 0.34609375 0.0125 0.00625
2 0.24609375 0.35390625 0.00625 0.00234375
16 0.059375 0.35703125 0.0078125 0.01171875
2 0.24609375 0.3734375 0.00703125 0.003125
2 0.0453125 0.3875 0.05546875 0.0484375
2 0.0890625 0.4046875 0.0265625 0.034375
2 0.32734375 0.4140625 0.03671875 0.03671875