9 0.784375 0.26875 0.02734375 0.06953125
2 0.82421875 0.3109375 0.01875 0.028125
16 0.8796875 0.34140625 0.009375 0.0390625
16 0.8671875 0.33828125 0.009375 0.0390625
16 0.9109375 0.35546875 0.00859375 0.0328125
2 0.20859375 0.1484375 0.0109375 0.05546875
2 0.22421875 0.1546875 0.01171875 0.05546875
2 0.14921875 0.1375 0.0140625 0.06484375
2 0.13359375 0.13359375 0.0140625 0.06328125
16 0.825 0.34609375 0.0125 0.0203125
16 0.7640625 0.3328125 0.01328125 0.01875
16 0.50625 0.2546875 0.00703125 0.0296875
2 0.79453125 0.346875 0.01015625 0.0375
16 0.515625 0.26953125 0.0078125 0.034375
16 0.8734375 0.38984375 0.0109375 0.015625
16 0.60546875 0.31171875 0.00859375 0.0171875
16 0.76484375 0.36171875 0.0109375 0.0171875
16 0.54453125 0.296875 0.00703125 0.0375
16 0.5546875 0.3 0.00546875 0.034375
16 0.58515625 0.30859375 0.0109375 0.0140625
16 0.6234375 0.321875 0.0109375 0.01875
16 0.6640625 0.34296875 0.0140625 0.0171875
2 0.6828125 0.35 0.015625 0.025
16 0.875 0.41640625 0.0125 0.01875
16 0.63359375 0.34453125 0.01328125 0.0171875
16 0.478125 0.29921875 0.01484375 0.0234375
16 0.575 0.33046875 0.0109375 0.0171875
16 0.5921875 0.33828125 0.01015625 0.0109375
16 0.61484375 0.34453125 0.0140625 0.0203125
9 0.91171875 0.4390625 0.02421875 0.07265625
9 0.35703125 0.2796875 0.12734375 0.203125
16 0.871875 0.4390625 0.0140625 0.0140625
9 0.15703125 0.22734375 0.03359375 0.08046875
16 0.13515625 0.22734375 0.0078125 0.04296875
2 0.871875 0.46171875 0.009375 0.0140625
16 0.69140625 0.41015625 0.01328125 0.01875
16 0.453125 0.35703125 0.0140625 0.0265625
16 0.71484375 0.440625 0.01484375 0.0296875
16 0.690625 0.43515625 0.01015625 0.009375
2 0.734375 0.44921875 0.0140625 0.025
16 0.13203125 0.29140625 0.01015625 0.04453125
16 0.159375 0.30078125 0.0078125 0.0359375
16 0.146875 0.29765625 0.0109375 0.04453125
16 0.45 0.39765625 0.0125 0.021875
16 0.45078125 0.4234375 0.01484375 0.0203125
16 0.66640625 0.490625 0.0078125 0.034375
2 0.178125 0.3640625 0.01171875 0.06171875
2 0.20078125 0.37421875 0.01328125 0.06015625
2 0.215625 0.3921875 0.00703125 0.0390625
16 0.42578125 0.46484375 0.0109375 0.0140625
16 0.44140625 0.4703125 0.01171875 0.01875
16 0.42421875 0.48984375 0.0125 0.0203125
16 0.43984375 0.496875 0.009375 0.009375
16 0.09296875 0.3953125 0.01171875 0.0171875
16 0.1109375 0.40078125 0.01328125 0.0125
16 0.21328125 0.4375 0.0078125 0.0328125
16 0.42265625 0.51484375 0.0109375 0.0171875
16 0.11015625 0.4203125 0.0140625 0.0234375
16 0.4390625 0.5203125 0.0078125 0.0125
16 0.0921875 0.41796875 0.01640625 0.021875
9 0.19140625 0.45625 0.0296875 0.07265625
16 0.43984375 0.5390625 0.01015625 0.015625
9 0.71328125 0.62421875 0.0796875 0.3
9 0.54921875 0.57578125 0.1671875 0.41171875
16 0.421875 0.5390625 0.01015625 0.015625
16 0.4375 0.56484375 0.009375 0.015625
16 0.421875 0.5609375 0.0109375 0.0109375
9 0.35703125 0.5453125 0.0734375 0.190625
16 0.41875 0.5828125 0.0078125 0.0109375
16 0.43515625 0.5875 0.009375 0.0171875
9 0.2703125 0.53828125 0.04375 0.146875
16 0.08828125 0.48515625 0.0140625 0.0203125
2 0.10546875 0.490625 0.0140625 0.01875
16 0.1796875 0.51484375 0.0109375 0.04765625
2 0.16640625 0.51953125 0.00859375 0.05390625
2 0.15078125 0.515625 0.01484375 0.06171875
16 0.4171875 0.6078125 0.01015625 0.0140625
16 0.434375 0.61484375 0.01015625 0.015625
16 0.65 0.6796875 0.01328125 0.021875
16 0.41796875 0.6265625 0.0078125 0.0125
16 0.4328125 0.6375 0.009375 0.015625
16 0.4140625 0.653125 0.01171875 0.015625
16 0.43125 0.6609375 0.0078125 0.015625
16 0.42734375 0.68203125 0.0078125 0.0171875
16 0.27734375 0.70546875 0.0109375 0.05703125
16 0.29140625 0.71171875 0.0109375 0.05859375
2 0.26171875 0.70546875 0.01171875 0.05703125
16 0.040625 0.6578125 0.01015625 0.04921875
2 0.00625 0.66640625 0.0125 0.04765625
16 0.76875 0.14765625 0.0203125 0.0328125
2 0.46640625 0.075 0.0171875 0.0296875
9 0.82421875 0.19296875 0.01953125 0.06328125
16 0.76640625 0.18125 0.01953125 0.025
16 0.31640625 0.04921875 0.0109375 0.04609375