16 0.62421875 0.759375 0.0640625 0.0890625
2 0.1328125 0.83828125 0.053125 0.0734375
2 0.971875 0.7171875 0.05546875 0.1171875
16 0.75625 0.76015625 0.04140625 0.12109375
2 0.4125 0.08984375 0.0671875 0.09296875
4 0.05078125 0.8875 0.06015625 0.21640625
2 0.546875 0.853125 0.08359375 0.06328125
9 0.44375 0.878125 0.06015625 0.0875
2 0.13203125 0.934375 0.07421875 0.1125
9 0.265625 0.925 0.0484375 0.05234375
2 0.7109375 0.88515625 0.03125 0.05625
2 0.2734375 0.98359375 0.0578125 0.03125
2 0.61171875 0.0796875 0.05 0.0640625
2 0.4828125 0.1125 0.07578125 0.11171875
2 0.946875 0.04453125 0.034375 0.0765625
2 0.91640625 0.05625 0.03359375 0.071875
2 0.44375 0.16328125 0.0421875 0.06171875
2 0.90078125 0.13515625 0.04921875 0.0671875
9 0.49375 0.20859375 0.021875 0.0421875
2 0.23125 0.259375 0.0671875 0.10546875
2 0.82890625 0.18046875 0.059375 0.090625
2 0.2875 0.27890625 0.06171875 0.10078125
9 0.68671875 0.234375 0.0546875 0.0671875
2 0.7765625 0.25859375 0.06953125 0.11015625
2 0.178125 0.36171875 0.0484375 0.08515625
2 0.72109375 0.29609375 0.04453125 0.07578125
2 0.359375 0.35703125 0.03515625 0.0484375
16 0.103125 0.428125 0.07734375 0.06953125
20 0.7046875 0.34765625 0.0234375 0.06484375
9 0.57890625 0.36875 0.053125 0.040625
2 0.740625 0.3484375 0.0359375 0.05703125
20 0.325 0.43828125 0.06171875 0.04375
20 0.4234375 0.425 0.05078125 0.0359375
20 0.20234375 0.4609375 0.05390625 0.0375
9 0.5796875 0.4046875 0.0546875 0.04375
2 0.6828125 0.028125 0.06328125 0.05546875
2 0.06875 0.57109375 0.05859375 0.07109375
2 0.16484375 0.5640625 0.05390625 0.071875
2 0.69921875 0.50546875 0.18046875 0.21875
2 0.8484375 0.503125 0.04921875 0.08359375
2 0.271875 0.59765625 0.078125 0.096875
2 0.19375 0.6546875 0.08203125 0.11015625
2 0.6125 0.68515625 0.0390625 0.0734375
2 0.1703125 0.79453125 0.05390625 0.08359375
2 0.80703125 0.71171875 0.0859375 0.11328125
2 0.896875 0.69765625 0.08984375 0.11796875