9 0.66875 0.48671875 0.025 0.0515625
1 0.1640625 0.515625 0.0265625 0.04140625
9 0.06171875 0.5171875 0.0296875 0.03671875
9 0.74453125 0.52421875 0.03515625 0.04140625
1 0.0765625 0.05390625 0.0234375 0.03046875
1 0.86484375 0.5328125 0.02265625 0.0375
4 0.7984375 0.534375 0.03125 0.1453125
15 0.334375 0.5421875 0.0359375 0.0203125
9 0.90390625 0.553125 0.03828125 0.06796875
1 0.14375 0.05546875 0.0265625 0.04296875
1 0.95859375 0.05625 0.03203125 0.04765625
1 0.17734375 0.0578125 0.0359375 0.04453125
1 0.865625 0.57265625 0.02734375 0.0328125
4 0.53828125 0.59609375 0.028125 0.0984375
9 0.359375 0.61953125 0.0234375 0.028125
15 0.16171875 0.6359375 0.01171875 0.03671875
15 0.1703125 0.63828125 0.009375 0.040625
15 0.1796875 0.63828125 0.009375 0.040625
1 0.27109375 0.65078125 0.05234375 0.021875
4 0.73515625 0.67578125 0.0265625 0.096875
1 0.31875 0.69296875 0.0375 0.0265625
4 0.57890625 0.06953125 0.0703125 0.034375
1 0.3984375 0.7 0.021875 0.0328125
1 0.17734375 0.721875 0.1296875 0.12734375
15 0.28203125 0.73046875 0.05546875 0.025
9 0.5484375 0.73125 0.07265625 0.04140625
1 0.8890625 0.0734375 0.021875 0.02578125
1 0.0609375 0.73359375 0.01015625 0.034375
1 0.0734375 0.7359375 0.01796875 0.02890625
1 0.09140625 0.740625 0.01796875 0.02734375
1 0.49296875 0.7421875 0.028125 0.03828125
9 0.94453125 0.7640625 0.01953125 0.03203125
15 0.9203125 0.7640625 0.015625 0.02578125
1 0.28125 0.76953125 0.05 0.03828125
1 0.90625 0.77421875 0.02109375 0.04296875
1 0.22890625 0.78359375 0.02578125 0.03984375
1 0.33515625 0.78671875 0.0359375 0.021875
4 0.45546875 0.8 0.078125 0.03671875
1 0.378125 0.80078125 0.01953125 0.03046875
15 0.1 0.80078125 0.04296875 0.03046875
4 0.625 0.8015625 0.0609375 0.034375
1 0.3984375 0.803125 0.0203125 0.02578125
4 0.54453125 0.80390625 0.07890625 0.03984375
15 0.065625 0.8140625 0.01796875 0.065625
1 0.9140625 0.815625 0.03515625 0.0421875
9 0.94453125 0.8328125 0.0265625 0.0453125
1 0.35546875 0.8546875 0.0375 0.0234375
9 0.61484375 0.85703125 0.02890625 0.04765625
15 0.1015625 0.8578125 0.028125 0.06875
1 0.39140625 0.85859375 0.02890625 0.040625
9 0.5078125 0.85859375 0.02578125 0.05
9 0.5375 0.859375 0.02578125 0.0484375
9 0.9453125 0.86640625 0.02109375 0.025
1 0.2625 0.87890625 0.021875 0.03125
1 0.31171875 0.88046875 0.01953125 0.05078125
1 0.90625 0.8953125 0.01953125 0.034375
1 0.4484375 0.8984375 0.0171875 0.04453125
1 0.9296875 0.9015625 0.021875 0.04140625
1 0.43046875 0.90546875 0.01953125 0.03671875
1 0.5765625 0.92421875 0.02890625 0.0265625
1 0.63515625 0.09375 0.0203125 0.02421875
1 0.12421875 0.09609375 0.03125 0.03828125
1 0.1765625 0.0984375 0.0296875 0.0375
1 0.8890625 0.10859375 0.034375 0.0390625
1 0.928125 0.1109375 0.034375 0.0421875
1 0.078125 0.1140625 0.0234375 0.04375
9 0.96171875 0.1171875 0.03125 0.0421875
1 0.15 0.121875 0.0234375 0.03828125
15 0.9265625 0.1515625 0.021875 0.01640625
1 0.9484375 0.159375 0.0203125 0.028125
9 0.61328125 0.1640625 0.05234375 0.03984375
1 0.72734375 0.16953125 0.0171875 0.02890625
1 0.75390625 0.1734375 0.0296875 0.04140625
1 0.70390625 0.18515625 0.0203125 0.03046875
1 0.92421875 0.2015625 0.0375 0.040625
1 0.72109375 0.20390625 0.01640625 0.0375
1 0.54375 0.215625 0.0203125 0.04140625
1 0.7484375 0.2203125 0.03125 0.04375
1 0.55703125 0.25234375 0.01875 0.0421875
9 0.63671875 0.25546875 0.071875 0.08125
9 0.2796875 0.271875 0.0234375 0.0359375
15 0.840625 0.275 0.009375 0.03046875
1 0.5734375 0.28125 0.03046875 0.05078125
1 0.74140625 0.2875 0.040625 0.021875
1 0.82890625 0.2984375 0.02734375 0.02890625
1 0.79453125 0.31640625 0.02578125 0.040625
1 0.81328125 0.3171875 0.01875 0.02734375
1 0.76328125 0.31875 0.028125 0.0328125
1 0.940625 0.33125 0.03203125 0.0421875
1 0.53671875 0.33203125 0.01796875 0.0453125
1 0.50859375 0.3453125 0.02421875 0.034375
1 0.553125 0.35 0.0171875 0.04453125
1 0.3671875 0.359375 0.01796875 0.025
1 0.38828125 0.365625 0.0140625 0.0234375
4 0.63828125 0.38046875 0.06953125 0.03515625
1 0.0578125 0.38203125 0.0171875 0.025
15 0.2609375 0.40078125 0.046875 0.01953125
1 0.04453125 0.41640625 0.028125 0.03671875
1 0.8953125 0.0421875 0.0171875 0.02734375
15 0.8875 0.43359375 0.02265625 0.028125
1 0.3140625 0.4546875 0.02109375 0.059375