4 0.61796875 0.0609375 0.12578125 0.121875
4 0.04609375 0.1140625 0.09140625 0.1234375
2 0.08125 0.19609375 0.015625 0.025
16 0.06328125 0.20625 0.00859375 0.015625
16 0.9734375 0.109375 0.00625 0.040625
16 0.9671875 0.11171875 0.00390625 0.0421875
16 0.96171875 0.11171875 0.00703125 0.03828125
20 0.0859375 0.22890625 0.01328125 0.040625
16 0.11171875 0.228125 0.01328125 0.03828125
16 0.075 0.234375 0.01015625 0.0328125
16 0.5015625 0.184375 0.015625 0.0328125
9 0.05703125 0.24140625 0.01484375 0.05
16 0.38125 0.21015625 0.01328125 0.034375
2 0.53203125 0.2078125 0.01328125 0.06015625
2 0.32578125 0.24921875 0.01171875 0.0734375
2 0.965625 0.16953125 0.00390625 0.02734375
2 0.14140625 0.278125 0.00859375 0.0234375
2 0.96953125 0.1734375 0.0046875 0.0234375
2 0.97421875 0.17265625 0.003125 0.02109375
20 0.4171875 0.2546875 0.0328125 0.15078125
20 0.3578125 0.27421875 0.0359375 0.1734375
20 0.47265625 0.2625 0.0421875 0.16640625
2 0.23046875 0.29765625 0.00703125 0.03125
16 0.9703125 0.20546875 0.015625 0.040625
20 0.29140625 0.3140625 0.0125 0.040625
20 0.27578125 0.3171875 0.01015625 0.0328125
20 0.84765625 0.284375 0.03203125 0.12578125
16 0.99140625 0.2734375 0.00703125 0.009375
16 0.99140625 0.2859375 0.0078125 0.015625
2 0.2921875 0.3796875 0.02578125 0.075
16 0.27578125 0.38984375 0.00625 0.015625
2 0.984375 0.30078125 0.01171875 0.03125
2 0.8875 0.3203125 0.0109375 0.06171875
16 0.996875 0.31875 0.00390625 0.01953125
16 0.26953125 0.4296875 0.00546875 0.0328125
16 0.2921875 0.43125 0.0046875 0.02890625
16 0.28359375 0.434375 0.00390625 0.03125
16 0.83671875 0.4 0.01171875 0.06171875
20 0.275 0.4796875 0.00859375 0.0484375
20 0.29296875 0.478125 0.01015625 0.0484375
2 0.28515625 0.48828125 0.00625 0.0421875
2 0.2671875 0.49453125 0.00703125 0.03828125
20 0.77578125 0.43125 0.0296875 0.0984375
16 0.98203125 0.4125 0.00546875 0.01328125
16 0.2875 0.52734375 0.00234375 0.02734375
16 0.28203125 0.528125 0.003125 0.025
2 0.74453125 0.47109375 0.01328125 0.0734375
2 0.6625 0.48359375 0.01015625 0.075
2 0.02109375 0.58984375 0.02109375 0.04453125
9 0.97578125 0.46875 0.01328125 0.05
2 0.46796875 0.55078125 0.0453125 0.1796875
2 0.41875 0.565625 0.05390625 0.16640625
20 0.321875 0.57734375 0.053125 0.17734375
2 0.36796875 0.578125 0.0390625 0.19140625
2 0.97109375 0.503125 0.00703125 0.009375
9 0.95546875 0.51328125 0.0171875 0.034375
16 0.7703125 0.54453125 0.00703125 0.0421875
2 0.9703125 0.52109375 0.00703125 0.01953125
16 0.7796875 0.56171875 0.01015625 0.015625
16 0.81171875 0.55625 0.0109375 0.03125
16 0.83515625 0.55859375 0.0046875 0.02109375
16 0.9984375 0.5421875 0.0015625 0.02734375
2 0.99609375 0.5453125 0.003125 0.025
2 0.69296875 0.58984375 0.01484375 0.07109375
9 0.82421875 0.58046875 0.01328125 0.040625
16 0.84765625 0.57890625 0.00625 0.015625
20 0.78515625 0.58984375 0.01171875 0.0484375
2 0.803125 0.59140625 0.01171875 0.05234375
9 0.96171875 0.575 0.0140625 0.0578125
16 0.28828125 0.6765625 0.01328125 0.025
16 0.57734375 0.64453125 0.00859375 0.01953125
16 0.56328125 0.64765625 0.00859375 0.0171875
16 0.59765625 0.6515625 0.00859375 0.02109375
2 0.5625 0.66640625 0.01015625 0.01953125
16 0.578125 0.6640625 0.00703125 0.015625
2 0.44453125 0.68515625 0.04453125 0.115625
2 0.44609375 0.69296875 0.05078125 0.11953125
16 0.2328125 0.72890625 0.01015625 0.025
16 0.58125 0.68515625 0.00546875 0.01953125
16 0.5859375 0.68828125 0.0078125 0.0171875
16 0.21484375 0.7375 0.01484375 0.02734375
16 0.63828125 0.6859375 0.01328125 0.025
16 0.4828125 0.70859375 0.0171875 0.13125
16 0.59609375 0.69375 0.01015625 0.02890625
16 0.565625 0.71015625 0.00703125 0.015625
16 0.653125 0.7078125 0.00625 0.02890625
9 0.5359375 0.73046875 0.03125 0.07109375
2 0.58359375 0.73671875 0.00546875 0.040625
16 0.28984375 0.77421875 0.00703125 0.03828125
16 0.053125 0.8125 0.00625 0.0234375
2 0.665625 0.74453125 0.00859375 0.04453125
16 0.65234375 0.759375 0.00546875 0.0328125
20 0.63125 0.765625 0.0375 0.11796875
2 0.55390625 0.77890625 0.00703125 0.01328125
2 0.534375 0.78359375 0.00625 0.015625
16 0.51875 0.7875 0.01015625 0.01953125
2 0.41484375 0.80078125 0.03125 0.1
20 0.73046875 0.76484375 0.0359375 0.1390625
16 0.265625 0.82734375 0.00546875 0.03671875
16 0.6734375 0.77578125 0.00703125 0.015625
16 0.27109375 0.83515625 0.0046875 0.02890625
16 0.5546875 0.8 0.01171875 0.025
16 0.28984375 0.83671875 0.009375 0.04453125
2 0.54375 0.80625 0.00546875 0.0328125
16 0.66015625 0.79921875 0.00546875 0.03125
16 0.66796875 0.8109375 0.00625 0.034375
2 0.4453125 0.84140625 0.04375 0.1625
16 0.67265625 0.815625 0.0046875 0.03671875
2 0.678125 0.81953125 0.00390625 0.025
16 0.709375 0.82734375 0.01015625 0.02109375
2 0.05859375 0.90859375 0.05078125 0.1796875
2 0.11484375 0.903125 0.040625 0.1890625
16 0.490625 0.88125 0.01953125 0.12578125
16 0.5046875 0.88125 0.0171875 0.1140625
16 0.67890625 0.89765625 0.00390625 0.02734375
4 0.9640625 0.03203125 0.0625 0.0640625
16 0.65625 0.92109375 0.00625 0.0421875
2 0.66484375 0.9328125 0.0109375 0.02734375