16 0.10703125 0.82421875 0.009375 0.028125
2 0.1015625 0.82734375 0.0109375 0.02734375
2 0.1453125 0.81640625 0.021875 0.0265625
2 0.671875 0.61875 0.04375 0.0640625
16 0.346875 0.74609375 0.01484375 0.02109375
16 0.4390625 0.06484375 0.03125 0.03828125
16 0.58359375 0.6578125 0.00859375 0.01875
20 0.5265625 0.0328125 0.0140625 0.02265625
2 0.4453125 0.71875 0.0140625 0.0234375
2 0.146875 0.83203125 0.0234375 0.01875
9 0.38515625 0.74375 0.034375 0.0703125
16 0.12421875 0.8484375 0.03515625 0.0515625
2 0.4046875 0.7421875 0.0125 0.0140625
20 0.34140625 0.76640625 0.0125 0.0171875
2 0.85703125 0.5734375 0.02265625 0.03515625
20 0.35390625 0.76640625 0.009375 0.021875
20 0.6484375 0.6546875 0.01328125 0.025
2 0.50546875 0.709375 0.0125 0.02734375
16 0.41484375 0.74296875 0.00859375 0.01875
20 0.58828125 0.67890625 0.0109375 0.0234375
2 0.9921875 0.52890625 0.0140625 0.025
16 0.446875 0.7359375 0.0109375 0.0109375
9 0.47578125 0.725 0.05078125 0.12734375
2 0.3640625 0.77109375 0.00625 0.01796875
2 0.540625 0.7078125 0.028125 0.0734375
2 0.44921875 0.74453125 0.0125 0.0140625
2 0.04453125 0.89921875 0.01640625 0.01875
16 0.58984375 0.6953125 0.0140625 0.0125
9 0.06328125 0.8953125 0.03515625 0.07734375
2 0.3796875 0.09140625 0.0296875 0.05
2 0.5734375 0.7046875 0.0265625 0.0484375
20 0.6515625 0.67578125 0.0140625 0.021875
2 0.8609375 0.60234375 0.02265625 0.0359375
16 0.04453125 0.91328125 0.0125 0.015625
16 0.9625 0.56796875 0.0234375 0.0828125
2 0.55234375 0.028125 0.01953125 0.0390625
20 0.43671875 0.78203125 0.01015625 0.0296875
2 0.575 0.73125 0.0078125 0.021875
16 0.56171875 0.7359375 0.00859375 0.02265625
16 0.84921875 0.62734375 0.01328125 0.0171875
16 0.5546875 0.73984375 0.0078125 0.021875
2 0.5484375 0.7421875 0.00703125 0.02109375
2 0.56796875 0.7359375 0.0078125 0.02421875
2 0.365625 0.8125 0.01484375 0.0265625
2 0.52109375 0.753125 0.02890625 0.0859375
2 0.53515625 0.74765625 0.0078125 0.02109375
2 0.58203125 0.73125 0.0078125 0.01953125
2 0.54296875 0.746875 0.0078125 0.01875
20 0.6546875 0.70546875 0.0140625 0.025
2 0.7375 0.678125 0.1 0.0953125
16 0.6359375 0.7203125 0.00625 0.01640625
16 0.453125 0.78984375 0.01328125 0.025
2 0.3453125 0.8296875 0.01328125 0.015625
16 0.64609375 0.71640625 0.01015625 0.01875
16 0.61796875 0.73671875 0.009375 0.034375
16 0.59921875 0.74296875 0.02109375 0.040625
20 0.81640625 0.66171875 0.01015625 0.0125
2 0.5875 0.753125 0.00625 0.02109375
2 0.540625 0.77109375 0.00625 0.02109375
16 0.54765625 0.76875 0.009375 0.0234375
16 0.56015625 0.76484375 0.00703125 0.02265625
16 0.58046875 0.75703125 0.009375 0.021875
2 0.5671875 0.76328125 0.00625 0.02109375
16 0.57421875 0.76015625 0.00625 0.01875
16 0.6390625 0.7359375 0.00546875 0.01640625
16 0.55390625 0.76875 0.00859375 0.025
2 0.43203125 0.81796875 0.0140625 0.015625
16 0.86953125 0.6546875 0.02109375 0.0484375
16 0.0515625 0.96640625 0.01875 0.05390625
9 0.85234375 0.6640625 0.021875 0.0421875
2 0.44453125 0.82109375 0.01015625 0.01328125
20 0.50078125 0.053125 0.01640625 0.0265625
2 0.815625 0.68515625 0.00625 0.0171875
2 0.7015625 0.73671875 0.0078125 0.02109375
20 0.29765625 0.13203125 0.01796875 0.034375
2 0.74296875 0.725 0.02265625 0.02265625
16 0.44453125 0.83828125 0.01015625 0.02265625
16 0.12421875 0.9609375 0.009375 0.02265625
16 0.11328125 0.965625 0.00703125 0.021875
16 0.978125 0.640625 0.01171875 0.0125
2 0.353125 0.878125 0.0140625 0.01796875
20 0.284375 0.1359375 0.01796875 0.0328125
20 0.828125 0.69921875 0.0234375 0.02421875
2 0.9953125 0.63828125 0.0078125 0.040625
16 0.25859375 0.146875 0.0203125 0.0296875
15 0.98671875 0.64609375 0.00859375 0.034375
16 0.52421875 0.821875 0.0109375 0.0140625
2 0.696875 0.7578125 0.00859375 0.02265625
2 0.53671875 0.81875 0.0125 0.0140625
16 0.85625 0.7015625 0.01953125 0.04140625
2 0.4453125 0.85703125 0.0109375 0.01953125
16 0.7453125 0.74453125 0.025 0.0328125
16 0.7828125 0.73203125 0.0140625 0.02265625
9 0.50546875 0.8375 0.034375 0.07734375
16 0.80390625 0.728125 0.00703125 0.021875
16 0.79765625 0.73125 0.00625 0.0171875
2 0.35625 0.89921875 0.015625 0.01875
16 0.48515625 0.85078125 0.0109375 0.0109375
2 0.55078125 0.828125 0.0125 0.02109375
16 0.90546875 0.69609375 0.028125 0.02890625
16 0.98125 0.6703125 0.0078125 0.0109375
16 0.8234375 0.73125 0.01484375 0.03828125
2 0.5390625 0.8390625 0.009375 0.01171875
16 0.84140625 0.72421875 0.01484375 0.0390625
16 0.4484375 0.87421875 0.0125 0.0125
2 0.4859375 0.8609375 0.0109375 0.01171875
16 0.528125 0.84765625 0.0140625 0.02734375
16 0.78515625 0.75234375 0.0140625 0.02421875
16 0.8 0.75 0.0078125 0.01953125
16 0.80703125 0.7484375 0.00625 0.01640625
2 0.44921875 0.88515625 0.0078125 0.01015625
2 0.475 0.8765625 0.0125 0.0125
16 0.90546875 0.7203125 0.0140625 0.03125
2 0.49765625 0.88203125 0.0109375 0.01640625
15 0.9921875 0.6984375 0.0140625 0.028125
16 0.51640625 0.05546875 0.0109375 0.0265625
16 0.53125 0.05390625 0.0109375 0.02421875
16 0.29609375 0.15 0.01171875 0.0125
2 0.4 0.11171875 0.0140625 0.025
20 0.50546875 0.07890625 0.0171875 0.0234375
16 0.27734375 0.16484375 0.0140625 0.025
16 0.525 0.075 0.00625 0.0171875
16 0.334375 0.15 0.0109375 0.0359375
2 0.61796875 0.0453125 0.0265625 0.040625
16 0.12265625 0.234375 0.01640625 0.02265625
16 0.2734375 0.190625 0.01953125 0.0265625
16 0.4296875 0.140625 0.0234375 0.03984375
16 0.27109375 0.20703125 0.01328125 0.01328125
9 0.56875 0.09375 0.02421875 0.0484375
9 0.63203125 0.0765625 0.028125 0.04765625
2 0.340625 0.1875 0.0078125 0.02109375
2 0.61328125 0.08515625 0.0109375 0.01953125
2 0.65078125 0.07265625 0.01015625 0.03515625
16 0.715625 0.0484375 0.0140625 0.0140625
4 0.77890625 0.0265625 0.0265625 0.03671875
4 0.7359375 0.04375 0.03046875 0.0421875
9 0.396875 0.1796875 0.0578125 0.11015625
16 0.43359375 0.16640625 0.02578125 0.0359375
2 0.71875 0.06015625 0.0125 0.015625
16 0.615625 0.1 0.0140625 0.0140625
2 0.8140625 0.034375 0.0359375 0.05078125
20 0.7265625 0.06875 0.01484375 0.021875
2 0.85 0.025 0.00859375 0.0234375
2 0.19140625 0.275 0.0140625 0.025
16 0.18359375 0.2796875 0.00703125 0.021875
2 0.21875 0.2671875 0.03359375 0.03828125
4 0.759375 0.06640625 0.0265625 0.0359375
16 0.9 0.015625 0.01328125 0.02734375
2 0.3484375 0.22421875 0.0125 0.02421875
16 0.890625 0.0203125 0.0125 0.0296875
16 0.86953125 0.02890625 0.0109375 0.02734375
16 0.86015625 0.03515625 0.009375 0.0234375
16 0.36328125 0.22734375 0.02109375 0.034375
2 0.9328125 0.01640625 0.01875 0.0328125
4 0.91875 0.02265625 0.01875 0.034375
2 0.3796875 0.22890625 0.0171875 0.02890625
4 0.84453125 0.053125 0.01796875 0.02890625
4 0.89921875 0.03671875 0.015625 0.01875
16 0.134375 0.328125 0.0140625 0.02109375
9 0.63359375 0.1390625 0.0234375 0.03046875
4 0.86171875 0.05390625 0.01484375 0.01640625
16 0.475 0.009375 0.02421875 0.01796875
2 0.853125 0.06875 0.0265625 0.02265625
16 0.6390625 0.1546875 0.01484375 0.01796875
2 0.70625 0.1328125 0.0359375 0.0703125
4 0.9125 0.05625 0.01953125 0.021875
2 0.89375 0.06328125 0.009375 0.02265625
2 0.8703125 0.0734375 0.0109375 0.02734375
16 0.13828125 0.353125 0.0125 0.01640625
16 0.6296875 0.16875 0.01484375 0.01796875
2 0.84609375 0.08984375 0.04921875 0.05859375
16 0.5734375 0.19375 0.0140625 0.03046875
2 0.740625 0.13125 0.03984375 0.10078125
16 0.58515625 0.19296875 0.0109375 0.01328125
16 0.64921875 0.1703125 0.009375 0.02265625
16 0.5484375 0.209375 0.01953125 0.021875
2 0.65625 0.16953125 0.00703125 0.021875
2 0.675 0.17109375 0.0265625 0.04609375
16 0.584375 0.20859375 0.0078125 0.01796875
16 0.59453125 0.2046875 0.0078125 0.02265625
16 0.56328125 0.22265625 0.03984375 0.0328125
16 0.90703125 0.096875 0.00703125 0.01875
20 0.4953125 0.0046875 0.01796875 0.009375
2 0.925 0.0921875 0.01484375 0.0171875
9 0.884375 0.11171875 0.03203125 0.05859375
2 0.84375 0.1265625 0.01640625 0.02265625
2 0.478125 0.2703125 0.01484375 0.0390625
16 0.49765625 0.265625 0.01015625 0.03046875
16 0.91484375 0.1109375 0.00859375 0.021875
16 0.86171875 0.13515625 0.0140625 0.02109375
16 0.6234375 0.24296875 0.01171875 0.0140625
2 0.76875 0.18671875 0.009375 0.025
20 0.44921875 0.30859375 0.02109375 0.03046875
2 0.88671875 0.14921875 0.04140625 0.034375
2 0.8515625 0.1640625 0.03515625 0.046875
16 0.5953125 0.2625 0.01953125 0.028125
16 0.62578125 0.2609375 0.0109375 0.01328125
2 0.9046875 0.16328125 0.009375 0.01953125
16 0.909375 0.16171875 0.0078125 0.02109375
2 0.446875 0.33828125 0.0296875 0.04609375
16 0.89375 0.16875 0.015625 0.01953125
2 0.77734375 0.2171875 0.00625 0.02109375
16 0.78671875 0.21484375 0.01484375 0.02734375
2 0.7984375 0.2109375 0.009375 0.02421875
16 0.6890625 0.25546875 0.009375 0.0125
16 0.60703125 0.28828125 0.02578125 0.03828125
16 0.43515625 0.36171875 0.0125 0.01328125
2 0.8703125 0.20078125 0.0453125 0.05
2 0.6875 0.271875 0.00625 0.01640625
2 0.9109375 0.18671875 0.0140625 0.01796875
16 0.70859375 0.26328125 0.00703125 0.021875
16 0.696875 0.27890625 0.01484375 0.03828125
16 0.62890625 0.30859375 0.0234375 0.0265625
2 0.46171875 0.37265625 0.0421875 0.05078125
20 0.91328125 0.20546875 0.01640625 0.02890625
20 0.93359375 0.19765625 0.0171875 0.02890625
16 0.73515625 0.275 0.01640625 0.034375
2 0.8734375 0.22578125 0.00625 0.01796875
16 0.86796875 0.228125 0.0078125 0.01875
16 0.88046875 0.22421875 0.00859375 0.02109375
20 0.9 0.2171875 0.01328125 0.02265625
2 0.496875 0.01171875 0.0109375 0.0109375
16 0.4734375 0.3921875 0.0171875 0.02265625
2 0.46015625 0.40234375 0.0125 0.0171875
2 0.47578125 0.40625 0.01875 0.02109375
2 0.44609375 0.42265625 0.03125 0.06796875
16 0.3421875 0.46328125 0.01484375 0.0296875
16 0.621875 0.3796875 0.01171875 0.021875
16 0.34609375 0.49453125 0.0078125 0.021875
16 0.634375 0.38828125 0.01171875 0.02265625
16 0.625 0.40078125 0.0125 0.021875
9 0.315625 0.5265625 0.06328125 0.11484375
16 0.63828125 0.409375 0.0140625 0.025
16 0.0484375 0.634375 0.01640625 0.02265625
16 0.36171875 0.51796875 0.01328125 0.0171875
16 0.61171875 0.42578125 0.0140625 0.0234375
16 0.628125 0.42109375 0.0109375 0.021875
16 0.04375 0.64921875 0.01640625 0.02109375
16 0.3515625 0.534375 0.01328125 0.0171875
2 0.3640625 0.5390625 0.0109375 0.01328125
16 0.603125 0.44921875 0.009375 0.021875
16 0.5921875 0.4546875 0.01015625 0.01328125
2 0.96953125 0.31484375 0.0453125 0.08203125
16 0.35390625 0.55078125 0.0109375 0.015625
2 0.92890625 0.33359375 0.04140625 0.05
2 0.29453125 0.5796875 0.0140625 0.02734375
16 0.60234375 0.46640625 0.01796875 0.02265625
2 0.5875 0.47265625 0.01484375 0.028125
16 0.49921875 0.509375 0.0421875 0.0359375
9 0.16796875 0.63515625 0.034375 0.07578125
9 0.3984375 0.55078125 0.05703125 0.109375
2 0.3671875 0.56328125 0.009375 0.01171875
2 0.5390625 0.5015625 0.0359375 0.0515625
16 0.57109375 0.49453125 0.0125 0.0359375
16 0.27578125 0.609375 0.04296875 0.05859375
9 0.9203125 0.36953125 0.03671875 0.05859375
2 0.93984375 0.3640625 0.00859375 0.01796875
2 0.58125 0.50078125 0.01328125 0.0390625
16 0.14765625 0.6671875 0.01484375 0.0234375
2 0.7125 0.45859375 0.01328125 0.01796875
20 0.48828125 0.54296875 0.0109375 0.03046875
16 0.02109375 0.7265625 0.01171875 0.0234375
9 0.97890625 0.36484375 0.03515625 0.0578125
9 0.67265625 0.4859375 0.07421875 0.0953125
2 0.2015625 0.140625 0.03515625 0.05078125
16 0.7140625 0.475 0.0125 0.01953125
2 0.9453125 0.4015625 0.03203125 0.05390625
2 0.71640625 0.48828125 0.01171875 0.0140625
9 0.51796875 0.565625 0.01796875 0.03359375
20 0.50546875 0.571875 0.01328125 0.02421875
20 0.48671875 0.58046875 0.0140625 0.0265625
9 0.05859375 0.74375 0.03515625 0.07421875
2 0.57578125 0.55078125 0.075 0.08046875
16 0.17734375 0.15390625 0.01796875 0.03125
2 0.97421875 0.409375 0.03046875 0.059375
16 0.503125 0.59453125 0.01484375 0.02265625
16 0.49296875 0.603125 0.01640625 0.028125
2 0.35703125 0.6609375 0.04140625 0.059375
16 0.0984375 0.759375 0.00390625 0.01015625
2 0.4109375 0.64375 0.03828125 0.0484375
16 0.5140625 0.0296875 0.0125 0.01328125
2 0.1375 0.75625 0.009375 0.01328125
16 0.06328125 0.78359375 0.0296875 0.0265625
2 0.12578125 0.7609375 0.0125 0.01640625
16 0.07734375 0.784375 0.00078125 0.00234375
2 0.70546875 0.5484375 0.0421875 0.06015625
9 0.6640625 0.565625 0.04296875 0.0546875
16 0.06328125 0.79609375 0.03125 0.02421875
16 0.0640625 0.80546875 0.03515625 0.0265625
16 0.0359375 0.81796875 0.01796875 0.028125
16 0.88203125 0.50625 0.015625 0.0265625
16 0.9171875 0.49375 0.05390625 0.04296875
15 0.86015625 0.515625 0.03203125 0.03125
2 0.40390625 0.6953125 0.06953125 0.08828125
16 0.965625 0.48359375 0.01328125 0.021875
20 0.36328125 0.7140625 0.01171875 0.01171875
9 0.07109375 0.834375 0.03671875 0.0515625
2 0.6015625 0.634375 0.03359375 0.08515625
20 0.36171875 0.72578125 0.0125 0.0140625