17 0.7296875 0.09375 0.01015625 0.02734375
1 0.23125 0.09609375 0.0140625 0.02421875
15 0.715625 0.1015625 0.02109375 0.02265625
9 0.36484375 0.10234375 0.02109375 0.0390625
15 0.34453125 0.10703125 0.01640625 0.01328125
1 0.85390625 0.11484375 0.01171875 0.02421875
15 0.68203125 0.1234375 0.009375 0.02109375
15 0.65390625 0.12265625 0.01328125 0.015625
1 0.63125 0.128125 0.01171875 0.02421875
9 0.8265625 0.1296875 0.04453125 0.0515625
1 0.8640625 0.13203125 0.0078125 0.1125
1 0.64453125 0.14375 0.0171875 0.01796875
9 0.775 0.14609375 0.05078125 0.11015625
15 0.096875 0.146875 0.00859375 0.0171875
15 0.62890625 0.1484375 0.0109375 0.0109375
9 0.16484375 0.15 0.01328125 0.028125
15 0.853125 0.15 0.01328125 0.0265625
22 0.58828125 0.1609375 0.06953125 0.1546875
1 0.6296875 0.1703125 0.0109375 0.034375
1 0.55078125 0.17265625 0.0109375 0.00703125
9 0.2375 0.1734375 0.01953125 0.034375
1 0.17421875 0.178125 0.00625 0.0234375
1 0.53125 0.17890625 0.01640625 0.04296875
1 0.91796875 0.178125 0.0140625 0.01796875
1 0.1640625 0.178125 0.0109375 0.021875
15 0.66171875 0.184375 0.0109375 0.02421875
1 0.49765625 0.18515625 0.01484375 0.03046875
1 0.640625 0.1859375 0.00859375 0.0265625
1 0.8421875 0.1875 0.0171875 0.0515625
15 0.88125 0.1875 0.00703125 0.01328125
1 0.896875 0.18828125 0.01171875 0.01171875
1 0.55078125 0.18984375 0.00703125 0.01015625
1 0.5140625 0.19140625 0.01171875 0.0140625
1 0.75703125 0.2 0.05703125 0.0140625
1 0.1171875 0.2015625 0.01328125 0.01484375
1 0.23359375 0.20546875 0.0125 0.01640625
1 0.50078125 0.20703125 0.009375 0.01640625
1 0.640625 0.20859375 0.0046875 0.015625
1 0.653125 0.21015625 0.01484375 0.021875
15 0.871875 0.21171875 0.01171875 0.02265625
1 0.52109375 0.2125 0.009375 0.03046875
15 0.91875 0.21328125 0.01328125 0.053125
1 0.5515625 0.2140625 0.0140625 0.02109375
15 0.20390625 0.215625 0.04765625 0.0234375
15 0.09296875 0.21875 0.00625 0.0140625
15 0.44296875 0.221875 0.00859375 0.0203125
1 0.534375 0.2234375 0.01328125 0.05078125
15 0.0625 0.22421875 0.00546875 0.01953125
17 0.678125 0.225 0.01875 0.01640625
1 0.0328125 0.22734375 0.00625 0.015625
15 0.5015625 0.22734375 0.009375 0.01875
1 0.45390625 0.23046875 0.01328125 0.0328125
1 0.8890625 0.23046875 0.028125 0.01484375
1 0.465625 0.23046875 0.0140625 0.0265625
1 0.15 0.23125 0.0171875 0.0484375
15 0.09296875 0.23203125 0.00625 0.01015625
1 0.55 0.240625 0.01328125 0.03828125
15 0.66640625 0.24375 0.0078125 0.01484375
15 0.03359375 0.24375 0.00703125 0.0171875
17 0.69453125 0.24453125 0.01328125 0.01953125
1 0.91875 0.24609375 0.01484375 0.015625
1 0.08984375 0.2484375 0.01484375 0.021875
15 0.8359375 0.24921875 0.02578125 0.05859375
15 0.91875 0.2640625 0.01484375 0.02421875
15 0.76640625 0.26796875 0.03125 0.02890625
15 0.09296875 0.26875 0.0046875 0.01484375
1 0.55078125 0.2703125 0.00703125 0.009375
1 0.25859375 0.275 0.00625 0.01796875
15 0.2734375 0.27578125 0.01640625 0.01640625
15 0.4453125 0.2765625 0.01015625 0.01015625
1 0.4578125 0.2765625 0.0109375 0.0125
1 0.32890625 0.27734375 0.00703125 0.01796875
15 0.07421875 0.278125 0.00703125 0.0203125
15 0.46875 0.278125 0.0078125 0.01171875
15 0.03828125 0.27890625 0.0046875 0.0171875
15 0.34296875 0.28046875 0.01640625 0.01640625
15 0.55 0.2828125 0.00859375 0.01796875
1 0.44609375 0.2859375 0.01328125 0.00859375
1 0.91484375 0.2890625 0.00859375 0.02109375
15 0.4578125 0.29140625 0.0078125 0.01796875
1 0.55078125 0.30078125 0.0078125 0.01875
1 0.5625 0.30546875 0.009375 0.00859375
1 0.0953125 0.30859375 0.02265625 0.0234375
15 0.44609375 0.309375 0.01171875 0.03984375
15 0.4828125 0.3171875 0.0171875 0.02265625
15 0.46875 0.31875 0.0078125 0.040625
9 0.41015625 0.321875 0.05703125 0.05625
15 0.3515625 0.35546875 0.0140625 0.015625
15 0.4875 0.35625 0.01171875 0.0203125
15 0.5015625 0.35859375 0.00859375 0.01796875
1 0.35078125 0.37109375 0.01484375 0.01953125
15 0.48671875 0.3765625 0.0109375 0.0171875
15 0.50546875 0.3765625 0.0109375 0.0171875
1 0.4953125 0.378125 0.00234375 0.01796875
15 0.5234375 0.39375 0.02890625 0.015625
15 0.5 0.39375 0.01015625 0.01796875
1 0.48984375 0.3953125 0.0140625 0.01328125
1 0.4859375 0.4078125 0.0109375 0.01796875
15 0.75625 0.409375 0.0109375 0.0125
15 0.7828125 0.409375 0.00703125 0.015625
1 0.50078125 0.409375 0.00546875 0.0171875
1 0.76953125 0.41015625 0.0109375 0.01640625
15 0.49375 0.41015625 0.003125 0.0140625
15 0.51796875 0.41015625 0.0328125 0.015625
22 0.421875 0.41015625 0.12421875 0.134375
15 0.80625 0.434375 0.0078125 0.03359375
15 0.79140625 0.4359375 0.0109375 0.01953125
15 0.765625 0.4359375 0.015625 0.01328125
1 0.75234375 0.43671875 0.003125 0.0140625
9 0.1453125 0.43671875 0.04921875 0.03359375
1 0.76484375 0.45078125 0.0328125 0.01640625
9 0.8375 0.4640625 0.03828125 0.05078125
15 0.76015625 0.46796875 0.0125 0.015625
1 0.77578125 0.46953125 0.01328125 0.02578125
1 0.190625 0.46875 0.0171875 0.021875
15 0.79140625 0.4734375 0.01328125 0.03828125
1 0.10859375 0.4734375 0.01796875 0.01640625
1 0.66484375 0.484375 0.01328125 0.01640625
1 0.190625 0.4890625 0.0140625 0.01484375
15 0.153125 0.49140625 0.0078125 0.0171875
1 0.10859375 0.4921875 0.01640625 0.0140625
15 0.1421875 0.4921875 0.00390625 0.0171875
15 0.14765625 0.49140625 0.00390625 0.01484375
1 0.16796875 0.49296875 0.0046875 0.015625
1 0.13046875 0.49296875 0.0046875 0.01640625
15 0.1625 0.49453125 0.00703125 0.01640625
17 0.659375 0.496875 0.01875 0.015625
1 0.6828125 0.496875 0.0140625 0.02421875
1 0.70234375 0.49765625 0.0078125 0.0265625
1 0.109375 0.50546875 0.01328125 0.0125
1 0.72109375 0.50859375 0.01328125 0.02109375
15 0.62734375 0.5125 0.0078125 0.03984375
9 0.57265625 0.51328125 0.02109375 0.034375
17 0.6875 0.5140625 0.02265625 0.01328125
1 0.1734375 0.51640625 0.0046875 0.0125
1 0.18046875 0.51875 0.00390625 0.015625
1 0.1859375 0.5203125 0.003125 0.01484375
1 0.6671875 0.5203125 0.0046875 0.01328125
1 0.7546875 0.52578125 0.01875 0.05078125
1 0.73828125 0.53203125 0.0078125 0.0171875
1 0.71015625 0.53359375 0.01015625 0.01953125
15 0.78046875 0.53359375 0.0078125 0.02421875
1 0.17734375 0.5359375 0.01171875 0.0171875
17 0.66796875 0.5375 0.00703125 0.02265625
1 0.78515625 0.5390625 0.00703125 0.01875
15 0.103125 0.54140625 0.00703125 0.0234375
1 0.1125 0.54296875 0.00703125 0.02109375
15 0.6421875 0.5453125 0.0265625 0.02890625
9 0.84140625 0.5453125 0.04921875 0.05078125
1 0.1765625 0.55703125 0.01328125 0.015625
9 0.1953125 0.5671875 0.015625 0.03515625
1 0.10859375 0.56796875 0.01640625 0.01484375
1 0.721875 0.578125 0.04296875 0.0328125
1 0.17578125 0.584375 0.00703125 0.015625
1 0.10859375 0.584375 0.01484375 0.0140625
15 0.6328125 0.5859375 0.021875 0.02109375
1 0.7640625 0.58828125 0.009375 0.04453125
1 0.1609375 0.59140625 0.01640625 0.01640625
1 0.12890625 0.59375 0.01328125 0.01484375
1 0.709375 0.596875 0.00703125 0.00625
15 0.7234375 0.59609375 0.0140625 0.0109375
1 0.7390625 0.60703125 0.01171875 0.0328125
1 0.17578125 0.6078125 0.0078125 0.02734375
15 0.709375 0.60859375 0.01328125 0.0140625
1 0.7234375 0.6125 0.01171875 0.0171875
1 0.10546875 0.6140625 0.0078125 0.021875
15 0.15703125 0.61484375 0.00859375 0.0234375
15 0.1453125 0.615625 0.0078125 0.02421875
15 0.12109375 0.61484375 0.00703125 0.0203125
1 0.571875 0.6171875 0.03125 0.04140625
9 0.80078125 0.63125 0.0453125 0.0703125
22 0.66875 0.6359375 0.0296875 0.04375
15 0.934375 0.64609375 0.0125 0.0171875
15 0.746875 0.646875 0.01015625 0.03125
1 0.9578125 0.64765625 0.028125 0.01875
1 0.9109375 0.64921875 0.028125 0.02109375
22 0.6234375 0.65859375 0.02421875 0.03984375
22 0.721875 0.6625 0.03203125 0.053125
15 0.64375 0.66640625 0.01171875 0.01484375
22 0.6703125 0.66796875 0.02421875 0.02578125
9 0.18515625 0.66953125 0.021875 0.0421875
1 0.74765625 0.67421875 0.01015625 0.021875
1 0.12890625 0.6890625 0.00625 0.0234375
1 0.1046875 0.6890625 0.00625 0.0234375
1 0.13828125 0.6890625 0.009375 0.0234375
1 0.11640625 0.690625 0.0109375 0.03203125
1 0.15 0.690625 0.01015625 0.0234375
1 0.1625 0.69296875 0.009375 0.021875
22 0.67265625 0.696875 0.021875 0.0328125
22 0.62421875 0.6984375 0.0265625 0.04140625
1 0.646875 0.69921875 0.01875 0.0453125
9 0.90859375 0.7 0.0453125 0.08359375
22 0.95703125 0.70234375 0.03984375 0.090625
1 0.57890625 0.70859375 0.03671875 0.04765625
9 0.86484375 0.71328125 0.03671875 0.06953125
1 0.78984375 0.7140625 0.01015625 0.0109375
17 0.6859375 0.71953125 0.02265625 0.0265625
1 0.17421875 0.7234375 0.00625 0.01796875
15 0.18125 0.72421875 0.0046875 0.01953125
1 0.1859375 0.72421875 0.0046875 0.01484375
1 0.66796875 0.725 0.0140625 0.02421875
17 0.790625 0.7296875 0.00859375 0.0171875
1 0.76328125 0.73125 0.01640625 0.015625
1 0.66015625 0.74609375 0.01796875 0.02109375
17 0.77578125 0.746875 0.040625 0.015625
1 0.18046875 0.7515625 0.01875 0.028125
1 0.5859375 0.75234375 0.03359375 0.03125
1 0.9234375 0.759375 0.0140625 0.02265625
15 0.90859375 0.7625 0.0078125 0.02265625
1 0.9734375 0.76171875 0.02421875 0.02578125
15 0.95703125 0.76328125 0.00859375 0.0171875
15 0.15625 0.7890625 0.00703125 0.02265625
15 0.1703125 0.790625 0.00703125 0.0234375
15 0.1796875 0.790625 0.0078125 0.021875
15 0.11328125 0.79296875 0.00703125 0.02265625
15 0.12265625 0.79296875 0.009375 0.0234375
15 0.1484375 0.79375 0.0046875 0.0171875
15 0.10390625 0.79453125 0.01015625 0.01875
1 0.80234375 0.08125 0.009375 0.03125
1 0.828125 0.0859375 0.0046875 0.015625
1 0.6421875 0.090625 0.04375 0.0359375