15 0.58671875 0.18671875 0.01171875 0.01953125
15 0.60078125 0.18671875 0.0125 0.02265625
4 0.96171875 0.1890625 0.0765625 0.171875
9 0.17734375 0.196875 0.11875 0.20703125
1 0.5671875 0.21640625 0.00390625 0.034375
1 0.575 0.21796875 0.00546875 0.03046875
1 0.590625 0.21953125 0.00546875 0.03359375
1 0.56171875 0.21953125 0.0046875 0.0328125
1 0.5828125 0.2203125 0.00546875 0.03046875
1 0.52734375 0.21953125 0.01015625 0.0546875
1 0.6046875 0.21953125 0.00703125 0.03671875
1 0.55 0.21953125 0.01015625 0.0484375
1 0.59765625 0.2203125 0.00546875 0.03515625
1 0.621875 0.22109375 0.00625 0.03671875
15 0.61328125 0.2234375 0.00625 0.0375
15 0.46640625 0.3296875 0.01171875 0.01875
15 0.478125 0.33828125 0.01171875 0.01796875
1 0.51640625 0.3390625 0.01328125 0.0203125
15 0.184375 0.3578125 0.00625 0.03984375
15 0.25390625 0.36640625 0.00546875 0.03515625
15 0.46484375 0.37265625 0.0125 0.0171875
1 0.4984375 0.38125 0.0234375 0.028125
15 0.51640625 0.3875 0.0125 0.0171875
15 0.4640625 0.39765625 0.0109375 0.015625
15 0.4640625 0.42734375 0.01015625 0.02109375
15 0.47734375 0.42734375 0.0125 0.0171875
9 0.58515625 0.4328125 0.0796875 0.25546875
15 0.23515625 0.4375 0.01328125 0.0203125
15 0.70625 0.4453125 0.0109375 0.0171875
15 0.51640625 0.45859375 0.0125 0.01796875
15 0.234375 0.459375 0.01328125 0.01953125
1 0.48125 0.4609375 0.0203125 0.03046875
15 0.70546875 0.46875 0.01328125 0.01640625
1 0.65859375 0.47265625 0.0046875 0.03515625
15 0.6515625 0.47421875 0.00625 0.03828125
15 0.51640625 0.48125 0.0125 0.01953125
1 0.4640625 0.48046875 0.0109375 0.0578125
15 0.503125 0.484375 0.0109375 0.01796875
15 0.6546875 0.5078125 0.01328125 0.01796875
15 0.5015625 0.5078125 0.0125 0.01796875
9 0.35390625 0.51953125 0.1625 0.5125
15 0.6546875 0.528125 0.01328125 0.01796875
4 0.18125 0.6125 0.0234375 0.39453125
20 0.503125 0.7296875 0.090625 0.16875
1 0.28203125 0.82421875 0.01015625 0.01875
1 0.26796875 0.8265625 0.0109375 0.01796875
1 0.2921875 0.83203125 0.00625 0.034375
1 0.3125 0.8328125 0.0046875 0.03515625
1 0.32109375 0.85078125 0.009375 0.06328125
1 0.3328125 0.85078125 0.0078125 0.0625
1 0.59296875 0.853125 0.01875 0.03125
1 0.2765625 0.853125 0.021875 0.028125
1 0.4578125 0.8578125 0.00546875 0.03671875
4 0.52421875 0.8734375 0.09140625 0.10546875
1 0.31171875 0.875 0.00546875 0.034375
1 0.4671875 0.890625 0.0125 0.021875
1 0.33359375 0.9046875 0.021875 0.028125
4 0.48125 0.11484375 0.06875 0.08671875
4 0.58359375 0.11640625 0.13125 0.07578125
1 0.73828125 0.12265625 0.0046875 0.04375
9 0.70859375 0.14765625 0.04140625 0.090625