20 0.721875 0.490625 0.015625 0.015625
2 0.8046875 0.496875 0.06484375 0.03984375
16 0.309375 0.48515625 0.015625 0.04296875
16 0.29453125 0.4859375 0.0140625 0.03984375
16 0.33671875 0.4875 0.0140625 0.0375
16 0.321875 0.48671875 0.01171875 0.04296875
16 0.709375 0.50390625 0.009375 0.00703125
20 0.76015625 0.51171875 0.0125 0.021875
2 0.74609375 0.51171875 0.0109375 0.01796875
16 0.71015625 0.51171875 0.00859375 0.00625
2 0.2078125 0.5 0.1140625 0.1625
16 0.08046875 0.51171875 0.0046875 0.01171875
20 0.71171875 0.53046875 0.0140625 0.01328125
20 0.75078125 0.53359375 0.0140625 0.0265625
16 0.778125 0.5390625 0.00625 0.015625
2 0.44375 0.54296875 0.04609375 0.0625
16 0.75234375 0.55390625 0.0203125 0.0140625
16 0.7765625 0.559375 0.02265625 0.01796875
16 0.72734375 0.56015625 0.02109375 0.0140625
16 0.628125 0.5578125 0.01171875 0.0375
16 0.56171875 0.55625 0.01484375 0.03125
16 0.60078125 0.5578125 0.0140625 0.03671875
16 0.575 0.5578125 0.0171875 0.03984375
16 0.61484375 0.559375 0.0125 0.03515625
16 0.58828125 0.56015625 0.0140625 0.0421875
2 0.66640625 0.56953125 0.04453125 0.065625
2 0.29453125 0.565625 0.053125 0.07265625
2 0.4921875 0.57265625 0.040625 0.0546875
2 0.73515625 0.59375 0.025 0.03359375
2 0.41484375 0.58671875 0.03828125 0.04921875
2 0.53828125 0.5921875 0.0453125 0.06484375
16 0.44296875 0.59140625 0.02578125 0.02109375
9 0.76484375 0.61015625 0.034375 0.053125
16 0.4421875 0.60859375 0.02578125 0.02109375
2 0.86015625 0.61953125 0.03359375 0.03359375
2 0.809375 0.62578125 0.015625 0.04296875
2 0.11015625 0.625 0.11640625 0.16328125
16 0.53125 0.6390625 0.02578125 0.0203125
2 0.41015625 0.6375 0.03671875 0.05703125
2 0.24453125 0.640625 0.0171875 0.01875
2 0.29609375 0.64375 0.0578125 0.08203125
2 0.86015625 0.65859375 0.0375 0.02890625
16 0.5328125 0.6578125 0.028125 0.01953125
16 0.8 0.66953125 0.01953125 0.0171875
2 0.753125 0.66875 0.02578125 0.03359375
16 0.53203125 0.6765625 0.025 0.0234375
2 0.7203125 0.684375 0.009375 0.0171875
2 0.17421875 0.6828125 0.0171875 0.0234375
2 0.72265625 0.69765625 0.0109375 0.01171875
16 0.959375 0.70546875 0.03515625 0.015625
2 0.41171875 0.69453125 0.0328125 0.0578125
16 0.175 0.7109375 0.0171875 0.034375
2 0.95390625 0.7515625 0.0859375 0.0625
16 0.10078125 0.74296875 0.0109375 0.03046875
16 0.08203125 0.74375 0.01328125 0.03359375
16 0.05078125 0.7515625 0.03125 0.0234375
20 0.7234375 0.05078125 0.034375 0.09140625
9 0.22109375 0.76875 0.03828125 0.09140625
9 0.259375 0.7765625 0.03984375 0.11328125
16 0.73984375 0.7890625 0.0125 0.0390625
20 0.65625 0.05078125 0.0390625 0.09375
16 0.0484375 0.77578125 0.025 0.0203125
16 0.7265625 0.7984375 0.01171875 0.03984375
16 0.0828125 0.7875 0.02421875 0.021875
20 0.79765625 0.0578125 0.0359375 0.1015625
9 0.6328125 0.8078125 0.03671875 0.03984375
2 0.0171875 0.79296875 0.02109375 0.0328125
20 0.75546875 0.05625 0.034375 0.10078125
20 0.3921875 0.04609375 0.0390625 0.09140625
16 0.009375 0.03359375 0.0078125 0.0265625
16 0.01484375 0.03359375 0.00625 0.01953125
16 0.03046875 0.03359375 0.0125 0.02890625
9 0.3234375 0.82578125 0.0359375 0.0953125
9 0.3609375 0.83203125 0.0328125 0.10234375
20 0.69140625 0.05625 0.034375 0.103125
2 0.71640625 0.85078125 0.025 0.05703125
9 0.48984375 0.84609375 0.03984375 0.109375
2 0.4109375 0.84453125 0.02578125 0.0609375
9 0.52578125 0.85234375 0.04140625 0.1125
2 0.01640625 0.84375 0.0328125 0.05546875
2 0.20859375 0.8484375 0.0109375 0.0078125
20 0.26875 0.0515625 0.05625 0.103125
16 0.046875 0.03828125 0.00859375 0.03046875
2 0.76015625 0.88046875 0.04375 0.04609375
2 0.71875 0.896875 0.040625 0.04296875
20 0.32265625 0.05546875 0.05703125 0.1109375
2 0.6453125 0.9 0.02578125 0.059375
16 0.025 0.89609375 0.0140625 0.0390625
2 0.2171875 0.9046875 0.0296875 0.0375
2 0.73046875 0.925 0.0203125 0.02578125
2 0.25078125 0.9140625 0.0359375 0.05546875
2 0.475 0.92109375 0.0203125 0.04296875
2 0.53515625 0.928125 0.03046875 0.0328125
2 0.303125 0.928125 0.03359375 0.03203125
20 0.7546875 0.940625 0.02421875 0.0375
20 0.534375 0.0578125 0.03515625 0.0828125
16 0.38515625 0.93515625 0.015625 0.0421875
2 0.715625 0.94453125 0.0359375 0.03359375
16 0.0203125 0.9328125 0.0140625 0.0328125
2 0.3484375 0.94765625 0.03671875 0.040625
16 0.0390625 0.94140625 0.02421875 0.01875
2 0.60234375 0.1015625 0.0609375 0.040625
16 0.74140625 0.115625 0.01171875 0.0296875
16 0.6515625 0.1140625 0.01953125 0.02421875
16 0.678125 0.11640625 0.01484375 0.0390625
16 0.70625 0.1171875 0.0140625 0.034375
16 0.7859375 0.12109375 0.0140625 0.0359375
16 0.2375 0.115625 0.01640625 0.0421875
16 0.30625 0.13203125 0.01328125 0.03671875
2 0.47578125 0.146875 0.10703125 0.14296875
16 0.2796875 0.14765625 0.00703125 0.01875
16 0.29375 0.14765625 0.0078125 0.0203125
16 0.28671875 0.146875 0.0078125 0.01953125
2 0.39765625 0.15234375 0.03125 0.09140625
2 0.88203125 0.16640625 0.0328125 0.084375
16 0.78515625 0.17109375 0.01484375 0.015625
2 0.159375 0.15625 0.0625 0.0875
2 0.8609375 0.178125 0.03515625 0.08203125
20 0.24140625 0.165625 0.0171875 0.02421875
2 0.734375 0.18515625 0.03671875 0.04296875
2 0.575 0.20546875 0.09140625 0.140625
16 0.40859375 0.2203125 0.028125 0.025
16 0.3328125 0.2328125 0.0078125 0.02109375
16 0.33984375 0.23359375 0.0078125 0.0234375
16 0.409375 0.23828125 0.03125 0.01953125
16 0.44921875 0.246875 0.01640625 0.0390625
9 0.26171875 0.26640625 0.02109375 0.03359375
2 0.27578125 0.26875 0.01015625 0.028125
16 0.14375 0.265625 0.02421875 0.01875
16 0.16796875 0.26640625 0.02265625 0.01875
2 0.475 0.28828125 0.0140625 0.02421875
9 0.49140625 0.2890625 0.01796875 0.03046875
16 0.671875 0.2953125 0.01015625 0.02421875
16 0.66328125 0.29609375 0.009375 0.02109375
16 0.16796875 0.28359375 0.021875 0.01875
16 0.14375 0.284375 0.02421875 0.01953125
16 0.64765625 0.30234375 0.02421875 0.0203125
2 0.87734375 0.30859375 0.053125 0.1265625
16 0.621875 0.30234375 0.025 0.0234375
2 0.4390625 0.30625 0.01171875 0.01953125
9 0.453125 0.3109375 0.01953125 0.03515625
20 0.465625 0.340625 0.0125 0.01875
16 0.6953125 0.34765625 0.00546875 0.015625
20 0.48671875 0.34296875 0.01484375 0.02109375
16 0.7015625 0.3578125 0.00546875 0.015625
16 0.6953125 0.36953125 0.00625 0.0171875
16 0.86171875 0.390625 0.028125 0.01796875
16 0.8390625 0.390625 0.02421875 0.01953125
16 0.81171875 0.39453125 0.0296875 0.01796875
2 0.2578125 0.3890625 0.009375 0.01953125
16 0.88046875 0.4109375 0.02421875 0.01796875
2 0.79765625 0.4109375 0.01015625 0.01875
2 0.84375 0.41640625 0.01015625 0.01640625
2 0.6953125 0.41796875 0.0078125 0.0109375
16 0.821875 0.4390625 0.01171875 0.00859375
16 0.67421875 0.44140625 0.01015625 0.01015625
16 0.83125 0.446875 0.01328125 0.0078125
16 0.815625 0.44765625 0.0078125 0.009375
16 0.6734375 0.4484375 0.00859375 0.00703125
16 0.83203125 0.45625 0.01171875 0.009375
16 0.815625 0.45703125 0.009375 0.00703125
16 0.8234375 0.46484375 0.01171875 0.0078125
16 0.809375 0.465625 0.0125 0.009375
9 0.4859375 0.4609375 0.01328125 0.025
9 0.67578125 0.46796875 0.01953125 0.0265625
9 0.45078125 0.46171875 0.01171875 0.028125
9 0.7046875 0.475 0.02109375 0.03359375