2 0.0734375 0.21875 0.03203125 0.1671875
2 0.4625 0.1453125 0.01328125 0.0796875
2 0.94296875 0.05859375 0.03125 0.1171875
20 0.49140625 0.140625 0.02890625 0.08984375
16 0.4171875 0.15703125 0.0125 0.0640625
16 0.53671875 0.1328125 0.01328125 0.065625
16 0.47578125 0.14453125 0.0140625 0.06953125
2 0.6265625 0.11484375 0.01875 0.08203125
20 0.51796875 0.13828125 0.0234375 0.0734375
16 0.58203125 0.12578125 0.0125 0.0640625
16 0.5953125 0.1234375 0.0140625 0.0640625
2 0.5484375 0.13515625 0.0125 0.0640625
16 0.42890625 0.1625 0.0125 0.07734375
9 0.6734375 0.12734375 0.05390625 0.13125
4 0.9796875 0.09140625 0.025 0.1828125
20 0.49296875 0.2234375 0.02734375 0.07578125
20 0.51953125 0.21875 0.0265625 0.06796875
16 0.4765625 0.22890625 0.0140625 0.071875
16 0.4203125 0.2421875 0.0125 0.06953125
2 0.55 0.21484375 0.0140625 0.0640625
2 0.465625 0.2328125 0.01484375 0.0796875
16 0.5859375 0.209375 0.01328125 0.06796875
16 0.53828125 0.21875 0.01328125 0.06796875
16 0.43125 0.24296875 0.0109375 0.071875
2 0.37578125 0.25390625 0.021875 0.08984375
16 0.59765625 0.209375 0.01484375 0.071875
9 0.34140625 0.28125 0.05390625 0.14375
4 0.0296875 0.3578125 0.059375 0.225
16 0.49765625 0.31640625 0.015625 0.07578125
16 0.43359375 0.3296875 0.01484375 0.0734375
16 0.4828125 0.31953125 0.01328125 0.0734375
2 0.47265625 0.325 0.0171875 0.07578125
16 0.54765625 0.30859375 0.0125 0.0640625
2 0.5609375 0.30703125 0.0125 0.06796875
16 0.5265625 0.3140625 0.0140625 0.06953125
16 0.5140625 0.32109375 0.0140625 0.07578125
2 0.5375 0.31796875 0.01328125 0.065625
2 0.53515625 0.40859375 0.0140625 0.071875
16 0.4484375 0.42890625 0.01953125 0.07734375
16 0.52421875 0.415625 0.0140625 0.06953125
2 0.546875 0.41640625 0.01484375 0.06796875
4 0.98671875 0.334375 0.0234375 0.1875
2 0.08125 0.5390625 0.0296875 0.14921875
9 0.48828125 0.4625 0.0625 0.13515625
2 0.94609375 0.36953125 0.0296875 0.14140625
4 0.03203125 0.59296875 0.0640625 0.20546875
16 0.45234375 0.515625 0.01328125 0.071875
16 0.44296875 0.51875 0.01640625 0.0734375
16 0.5375 0.50078125 0.0125 0.06953125
16 0.546875 0.50234375 0.0125 0.071875
2 0.52734375 0.51015625 0.0125 0.071875
9 0.62578125 0.49375 0.05703125 0.11953125
2 0.68828125 0.4828125 0.01953125 0.1015625
2 0.66953125 0.49140625 0.02265625 0.10546875
2 0.70703125 0.48671875 0.021875 0.109375
9 0.38671875 0.62578125 0.0515625 0.12734375
2 0.32265625 0.6390625 0.021875 0.115625
2 0.340625 0.64140625 0.025 0.09921875
16 0.46796875 0.615625 0.01484375 0.07578125
16 0.52109375 0.6046875 0.015625 0.07734375
2 0.3046875 0.65078125 0.021875 0.109375
2 0.478125 0.615625 0.01328125 0.06796875
16 0.45703125 0.61953125 0.0140625 0.071875
2 0.48828125 0.61328125 0.01328125 0.07578125
2 0.4984375 0.61328125 0.0125 0.071875
16 0.53359375 0.60625 0.015625 0.065625
2 0.57421875 0.5984375 0.02109375 0.08984375
16 0.51171875 0.61328125 0.01328125 0.06796875
4 0.98515625 0.56875 0.02890625 0.1890625
4 0.03203125 0.82734375 0.05625 0.209375
2 0.08984375 0.85234375 0.03046875 0.13125
2 0.95546875 0.68125 0.03046875 0.13125
4 0.53125 0.8984375 0.1640625 0.19921875
16 0.42578125 0.06484375 0.0140625 0.0734375
16 0.59375 0.0328125 0.015625 0.065625
16 0.38203125 0.0734375 0.01328125 0.06796875
2 0.46015625 0.0578125 0.0109375 0.06796875
16 0.39453125 0.071875 0.01484375 0.07578125
16 0.5359375 0.04296875 0.0140625 0.07734375
16 0.58125 0.0328125 0.0109375 0.065625
20 0.5171875 0.0484375 0.025 0.07734375
16 0.4140625 0.06953125 0.01328125 0.07578125
2 0.546875 0.04375 0.01328125 0.0640625
20 0.48984375 0.0546875 0.02890625 0.08984375
16 0.471875 0.06171875 0.01328125 0.07578125