16 0.55078125 0.47421875 0.01484375 0.0109375
16 0.55078125 0.48515625 0.01484375 0.0125
2 0.89140625 0.50234375 0.01640625 0.0171875
2 0.80234375 0.5 0.01875 0.0109375
2 0.17109375 0.00859375 0.01796875 0.01640625
2 0.128125 0.00859375 0.0078125 0.0171875
9 0.71640625 0.5296875 0.03828125 0.0578125
9 0.09296875 0.5 0.03828125 0.11953125
2 0.896875 0.53984375 0.009375 0.025
9 0.78984375 0.5375 0.040625 0.06171875
9 0.86328125 0.5421875 0.03828125 0.059375
2 0.615625 0.53046875 0.0171875 0.01328125
9 0.92890625 0.546875 0.03828125 0.0578125
2 0.34921875 0.52109375 0.015625 0.01640625
2 0.40703125 0.52421875 0.01640625 0.0125
9 0.053125 0.50625 0.03515625 0.10234375
2 0.68359375 0.540625 0.01171875 0.0265625
9 0.209375 0.5171875 0.03203125 0.103125
2 0.8359375 0.5484375 0.00859375 0.02109375
9 0.17109375 0.51640625 0.03671875 0.10859375
9 0.13203125 0.515625 0.034375 0.1125
9 0.2515625 0.525 0.03359375 0.1078125
2 0.534375 0.0328125 0.01484375 0.009375
2 0.134375 0.0171875 0.0078125 0.01875
2 0.9625 0.05859375 0.01875 0.0125
9 0.45390625 0.60546875 0.03671875 0.0640625
9 0.33828125 0.6046875 0.03671875 0.0296875
2 0.3640625 0.61953125 0.0171875 0.015625
2 0.43984375 0.64296875 0.01875 0.01640625
2 0.16640625 0.025 0.0265625 0.03359375
9 0.08671875 0.63828125 0.03046875 0.06484375
9 0.05390625 0.6375 0.02421875 0.06328125
9 0.128125 0.64140625 0.03203125 0.078125
9 0.1671875 0.6453125 0.028125 0.07265625
9 0.40078125 0.65625 0.059375 0.17265625
9 0.20703125 0.64921875 0.02890625 0.0828125
9 0.24921875 0.6546875 0.03359375 0.0890625
9 0.33515625 0.6609375 0.02578125 0.03515625
2 0.46796875 0.6734375 0.01875 0.01875
2 0.3609375 0.678125 0.015625 0.01640625
2 0.0828125 0.67890625 0.01640625 0.01328125
9 0.50234375 0.7 0.0765625 0.05
2 0.0484375 0.68046875 0.02265625 0.0140625
2 0.2046875 0.69140625 0.0171875 0.0140625
2 0.16328125 0.68984375 0.01953125 0.01171875
2 0.125 0.68828125 0.01484375 0.0171875
9 0.58671875 0.71171875 0.07734375 0.0515625
2 0.24453125 0.69609375 0.021875 0.0140625
2 0.96328125 0.0703125 0.01640625 0.01171875
2 0.06328125 0.02734375 0.01484375 0.01015625
2 0.315625 0.70625 0.00859375 0.0265625
9 0.33359375 0.71015625 0.034375 0.028125
2 0.25625 0.0359375 0.015625 0.0125
9 0.76015625 0.7390625 0.11640625 0.08125
20 0.9390625 0.0703125 0.00859375 0.02734375
2 0.10078125 0.0296875 0.01640625 0.0265625
20 0.94765625 0.0734375 0.00546875 0.02421875
9 0.50078125 0.753125 0.078125 0.0578125
2 0.075 0.03125 0.0078125 0.01953125
2 0.084375 0.03125 0.00703125 0.01640625
9 0.5859375 0.7609375 0.07734375 0.04921875
16 0.38671875 0.7578125 0.0140625 0.0125
2 0.07421875 0.74375 0.1 0.0609375
2 0.5328125 0.0546875 0.01484375 0.0109375
16 0.38671875 0.76875 0.01640625 0.01328125
2 0.4625 0.77734375 0.01328125 0.02734375
16 0.38828125 0.78046875 0.015625 0.015625
2 0.31171875 0.78125 0.02265625 0.015625
9 0.584375 0.80625 0.08046875 0.05078125
2 0.121875 0.03828125 0.01953125 0.02734375
2 0.390625 0.0515625 0.0171875 0.01171875
2 0.0640625 0.03671875 0.01640625 0.01015625
16 0.0390625 0.79296875 0.015625 0.00859375
2 0.3125 0.80859375 0.01953125 0.02890625
16 0.03828125 0.80234375 0.01484375 0.0125
16 0.25546875 0.046875 0.015625 0.0140625
2 0.07578125 0.80859375 0.01640625 0.00625
2 0.96171875 0.08125 0.0140625 0.01171875
2 0.459375 0.828125 0.009375 0.02578125
2 0.05546875 0.809375 0.01484375 0.009375
2 0.30703125 0.82578125 0.0109375 0.015625
2 0.0375 0.81484375 0.01796875 0.01484375
16 0.2875 0.05 0.015625 0.01328125
16 0.0375 0.82578125 0.01640625 0.0109375
9 0.58046875 0.85625 0.0796875 0.0546875
9 0.49765625 0.85390625 0.08125 0.05390625
2 0.3109375 0.85 0.01953125 0.0265625
16 0.0375 0.83671875 0.01328125 0.009375
16 0.0375 0.84765625 0.0171875 0.00703125
9 0.25390625 0.86171875 0.03671875 0.03671875
16 0.53203125 0.06484375 0.01484375 0.01015625
2 0.22734375 0.8625 0.00859375 0.0234375
9 0.1671875 0.86015625 0.0609375 0.2375
16 0.03671875 0.85859375 0.015625 0.0140625
2 0.35625 0.0578125 0.0203125 0.01171875
2 0.45703125 0.88359375 0.01484375 0.015625
9 0.90703125 0.91328125 0.03359375 0.08984375
2 0.0359375 0.8703125 0.01640625 0.0125
9 0.753125 0.91328125 0.12265625 0.171875
9 0.86015625 0.91953125 0.05703125 0.15859375
9 0.07578125 0.89140625 0.0625 0.15078125
16 0.11328125 0.90546875 0.015625 0.0109375
2 0.9609375 0.0921875 0.01640625 0.01171875
9 0.2484375 0.9203125 0.03984375 0.04609375
2 0.0640625 0.0484375 0.01640625 0.0109375
2 0.3078125 0.93046875 0.02421875 0.0265625
2 0.21796875 0.93671875 0.01015625 0.02890625
2 0.390625 0.065625 0.01484375 0.0140625
2 0.3046875 0.9484375 0.015625 0.01171875
16 0.1078125 0.9421875 0.00703125 0.0234375
2 0.1171875 0.94375 0.01171875 0.0265625
16 0.128125 0.9453125 0.01015625 0.02265625
16 0.4625 0.9625 0.01328125 0.009375
16 0.46015625 0.97109375 0.01328125 0.00859375
2 0.13359375 0.05625 0.00859375 0.01796875
16 0.4421875 0.98359375 0.009375 0.01484375
2 0.165625 0.059375 0.01953125 0.0484375
2 0.0828125 0.0578125 0.00859375 0.0234375
2 0.96171875 0.103125 0.0125 0.01171875
2 0.0625 0.06015625 0.01484375 0.009375
2 0.0984375 0.065625 0.01953125 0.025
9 0.82734375 0.10234375 0.1671875 0.08828125
2 0.13203125 0.0703125 0.03359375 0.0234375
2 0.38984375 0.084375 0.015625 0.0140625
2 0.0625 0.0703125 0.0140625 0.01015625
2 0.91484375 0.1125 0.00859375 0.03046875
16 0.94296875 0.115625 0.01875 0.0109375
16 0.07734375 0.078125 0.01640625 0.0109375
16 0.9421875 0.125 0.0171875 0.01015625
2 0.13515625 0.08828125 0.009375 0.01796875
2 0.9921875 0.13671875 0.01484375 0.01328125
9 0.44921875 0.11171875 0.03046875 0.02734375
16 0.7296875 0.12734375 0.01328125 0.009375
2 0.475 0.11640625 0.02578125 0.0140625
16 0.39765625 0.11796875 0.00703125 0.01875
2 0.40703125 0.11875 0.00859375 0.02109375
16 0.41875 0.11953125 0.00625 0.0171875
16 0.39140625 0.11953125 0.0078125 0.0171875
2 0.73046875 0.13828125 0.01328125 0.0109375
16 0.6046875 0.1328125 0.01640625 0.0109375
16 0.640625 0.1375 0.0171875 0.0140625
2 0.58515625 0.13515625 0.01640625 0.01640625
2 0.73046875 0.14765625 0.01484375 0.0140625
20 0.60390625 0.146875 0.01875 0.01875
16 0.05546875 0.12421875 0.00703125 0.01796875
16 0.071875 0.125 0.00859375 0.01640625
16 0.0640625 0.125 0.00859375 0.0171875
16 0.05234375 0.12578125 0.01640625 0.02734375
16 0.58203125 0.15625 0.01328125 0.01015625
16 0.63984375 0.15859375 0.01640625 0.01484375
16 0.67265625 0.16171875 0.01171875 0.02734375
2 0.65625 0.1609375 0.0078125 0.0203125
16 0.73359375 0.1671875 0.00859375 0.0203125
16 0.725 0.1671875 0.00625 0.0265625
16 0.6046875 0.16328125 0.015625 0.0125
16 0.0359375 0.13828125 0.01640625 0.01328125
16 0.61640625 0.16953125 0.00859375 0.02109375
2 0.53515625 0.165625 0.0171875 0.01015625
16 0.521875 0.17109375 0.00625 0.01640625
16 0.03671875 0.15078125 0.01640625 0.0125
2 0.5359375 0.17734375 0.01328125 0.01328125
16 0.0375 0.16171875 0.0171875 0.009375
2 0.14296875 0.17421875 0.01484375 0.01171875
9 0.246875 0.1796875 0.06328125 0.23359375
9 0.3171875 0.18515625 0.06171875 0.23359375
16 0.03671875 0.171875 0.01875 0.01015625
2 0.346875 0.20625 0.00703125 0.01875
9 0.41640625 0.21796875 0.09921875 0.14140625
16 0.03984375 0.20390625 0.01328125 0.009375
2 0.48125 0.225 0.009375 0.02734375
2 0.91328125 0.25078125 0.01484375 0.0125
2 0.9578125 0.25390625 0.01640625 0.00859375
16 0.03828125 0.21484375 0.01328125 0.015625
2 0.9234375 0.2671875 0.00859375 0.01875
9 0.6875 0.26328125 0.09140625 0.11171875
2 0.63046875 0.2609375 0.01171875 0.028125
9 0.94453125 0.2796875 0.03125 0.0359375
2 0.74453125 0.2703125 0.009375 0.02265625
2 0.91328125 0.28671875 0.015625 0.01484375
2 0.81640625 0.29453125 0.015625 0.01484375
9 0.140625 0.2609375 0.10234375 0.14375
9 0.140625 0.26171875 0.10234375 0.14375
2 0.96640625 0.303125 0.01640625 0.01484375
2 0.2109375 0.2703125 0.01015625 0.01953125
2 0.04140625 0.2625 0.01171875 0.0203125
9 0.846875 0.30546875 0.03671875 0.03984375
9 0.94375 0.3171875 0.0296875 0.0359375
2 0.96953125 0.3203125 0.021875 0.01171875
2 0.91953125 0.31796875 0.0125 0.02734375
2 0.3109375 0.30625 0.0140625 0.0109375
2 0.24296875 0.303125 0.015625 0.009375
2 0.62890625 0.321875 0.01796875 0.0125
2 0.96640625 0.33984375 0.01328125 0.0140625
16 0.36328125 0.31015625 0.00703125 0.01953125
16 0.38671875 0.31171875 0.0078125 0.01953125
16 0.4015625 0.3125 0.00703125 0.0234375
16 0.41015625 0.31484375 0.01015625 0.02109375
16 0.44609375 0.31640625 0.00859375 0.02421875
2 0.815625 0.34765625 0.01640625 0.01640625
9 0.84375 0.35234375 0.02890625 0.03828125
2 0.91796875 0.3578125 0.01171875 0.02734375
2 0.96796875 0.359375 0.0203125 0.01015625
2 0.384375 0.3328125 0.01953125 0.015625
9 0.94140625 0.36015625 0.03125 0.03125
16 0.69296875 0.35546875 0.01875 0.0125
16 0.0625 0.3375 0.01484375 0.01015625
16 0.9640625 0.38515625 0.01328125 0.0140625
16 0.0625 0.353125 0.01796875 0.01484375
2 0.96328125 0.40234375 0.01640625 0.01171875
16 0.553125 0.38203125 0.01640625 0.009375
16 0.21875 0.36796875 0.00703125 0.02109375
16 0.2421875 0.36953125 0.00703125 0.02265625
16 0.2359375 0.36953125 0.00546875 0.02421875
16 0.2515625 0.3703125 0.00703125 0.021875
16 0.2265625 0.36953125 0.00703125 0.021875
2 0.109375 0.365625 0.009375 0.021875
16 0.275 0.3765625 0.015625 0.009375
9 0.08984375 0.36875 0.03046875 0.04296875
16 0.5515625 0.39375 0.01171875 0.0078125
9 0.9328125 0.415625 0.0421875 0.0546875
16 0.18671875 0.38125 0.00859375 0.0203125
16 0.16328125 0.38125 0.00703125 0.0203125
16 0.17890625 0.38203125 0.00625 0.02109375
16 0.17109375 0.38203125 0.00703125 0.01953125
16 0.21015625 0.384375 0.00703125 0.0234375
16 0.19453125 0.38359375 0.00703125 0.02421875
16 0.203125 0.384375 0.00625 0.02109375
16 0.553125 0.4125 0.0140625 0.00859375
2 0.75 0.4328125 0.015625 0.01640625
16 0.55078125 0.42578125 0.01484375 0.00703125
9 0.61953125 0.440625 0.1015625 0.1453125
16 0.5515625 0.4375 0.01484375 0.00703125
9 0.41015625 0.43515625 0.0609375 0.17109375
9 0.3515625 0.43125 0.05546875 0.175
2 0.534375 0.021875 0.015625 0.0140625
9 0.71953125 0.4546875 0.046875 0.05703125
16 0.55078125 0.44921875 0.0140625 0.009375
2 0.9 0.47265625 0.01484375 0.01484375
9 0.8640625 0.4734375 0.034375 0.05703125
16 0.55078125 0.46171875 0.015625 0.0109375
9 0.93203125 0.48125 0.040625 0.053125