16 0.0703125 0.846875 0.00390625 0.03828125
16 0.05390625 0.86171875 0.00390625 0.03125
16 0.18515625 0.77109375 0.0046875 0.03359375
16 0.15234375 0.7921875 0.0046875 0.03125
2 0.1578125 0.7890625 0.0046875 0.03359375
2 0.0484375 0.8671875 0.0046875 0.03828125
16 0.4859375 0.5625 0.0046875 0.03125
2 0.0765625 0.846875 0.00390625 0.03828125
16 0.32421875 0.675 0.0046875 0.03828125
16 0.48125 0.565625 0.0046875 0.02890625
16 0.04296875 0.8703125 0.00390625 0.03125
16 0.30390625 0.6921875 0.0046875 0.0359375
2 0.190625 0.7703125 0.0046875 0.0359375
16 0.03515625 0.8796875 0.00390625 0.0359375
16 0.0390625 0.87734375 0.0046875 0.0359375
16 0.0859375 0.84453125 0.00390625 0.03359375
16 0.08984375 0.840625 0.00546875 0.03359375
16 0.17109375 0.78359375 0.00546875 0.03125
16 0.40625 0.61953125 0.0046875 0.02890625
16 0.1625 0.78984375 0.0046875 0.03125
2 0.2984375 0.69609375 0.00625 0.03984375
16 0.08203125 0.8484375 0.00390625 0.03125
16 0.1671875 0.7890625 0.0046875 0.03359375
2 0.33046875 0.6765625 0.00546875 0.0359375
16 0.53203125 0.53359375 0.0046875 0.03125
16 0.1953125 0.7703125 0.00390625 0.03125
16 0.2046875 0.76328125 0.0046875 0.0359375
16 0.2 0.765625 0.0046875 0.0359375
16 0.44296875 0.596875 0.0046875 0.02890625
16 0.28984375 0.70390625 0.0046875 0.03359375
2 0.4484375 0.59375 0.00546875 0.0359375
16 0.29375 0.70390625 0.0046875 0.03359375
16 0.56640625 0.5125 0.0046875 0.03359375
16 0.33515625 0.675 0.00390625 0.02890625
16 0.6703125 0.440625 0.0046875 0.02890625
16 0.33984375 0.67109375 0.0046875 0.02890625
2 0.41171875 0.621875 0.00625 0.03828125
2 0.53671875 0.53359375 0.0046875 0.0359375
16 0.284375 0.71015625 0.0046875 0.0359375
16 0.7 0.41875 0.0046875 0.02890625
16 0.34375 0.6671875 0.00390625 0.0265625
2 0.57109375 0.5125 0.00546875 0.03828125
16 0.4578125 0.590625 0.00390625 0.02890625
16 0.45390625 0.59453125 0.0046875 0.02890625
16 0.46171875 0.5890625 0.00390625 0.0265625
2 0.675 0.43828125 0.0046875 0.03828125
16 0.43359375 0.609375 0.0046875 0.0265625
16 0.5515625 0.5265625 0.0046875 0.03125
16 0.42890625 0.6125 0.00390625 0.02890625
16 0.55546875 0.52421875 0.00546875 0.03125
16 0.57734375 0.5109375 0.00390625 0.03125
16 0.42421875 0.6171875 0.00390625 0.02890625
16 0.54765625 0.53125 0.00390625 0.03125
16 0.58515625 0.50546875 0.00390625 0.02890625
16 0.790625 0.36015625 0.0046875 0.03359375
16 0.58125 0.5078125 0.00390625 0.02890625
2 0.70625 0.41953125 0.00546875 0.0359375
16 0.69296875 0.4296875 0.0046875 0.02890625
16 0.859375 0.3125 0.0046875 0.03125
16 0.68515625 0.434375 0.00390625 0.02890625
2 0.79609375 0.36015625 0.0046875 0.03828125
16 0.9640625 0.24296875 0.0046875 0.03125
16 0.71953125 0.4140625 0.00390625 0.02890625
2 0.85546875 0.31953125 0.00546875 0.03984375
16 0.6890625 0.434375 0.0046875 0.02890625
16 0.715625 0.41640625 0.00390625 0.02421875
16 0.94765625 0.253125 0.00390625 0.02890625
16 0.7234375 0.409375 0.0046875 0.02890625
16 0.83671875 0.33359375 0.0046875 0.02890625
16 0.84140625 0.32890625 0.0046875 0.02890625
2 0.94296875 0.25859375 0.00546875 0.03984375
16 0.81015625 0.35234375 0.0046875 0.03125
2 0.96875 0.24140625 0.00625 0.03984375
2 0.13203125 0.82578125 0.00625 0.05390625
16 0.80625 0.35390625 0.0046875 0.02890625
16 0.81484375 0.3484375 0.0046875 0.03125
16 0.8453125 0.328125 0.00390625 0.0265625
16 0.92890625 0.27109375 0.00390625 0.02890625
2 0.140625 0.82265625 0.00625 0.0515625
16 0.925 0.27421875 0.00390625 0.0265625
2 0.475 0.58671875 0.00390625 0.0265625
16 0.98203125 0.234375 0.00390625 0.03125
16 0.93359375 0.26875 0.00390625 0.02890625
16 0.978125 0.23671875 0.00390625 0.0265625
2 0.12421875 0.8359375 0.00625 0.05546875
16 0.98671875 0.23359375 0.0046875 0.02890625
16 0.52421875 0.56171875 0.0046875 0.03359375
2 0.63984375 0.47890625 0.0078125 0.05546875
2 0.6515625 0.471875 0.00703125 0.05546875
16 0.4203125 0.6359375 0.0046875 0.03125
2 0.66328125 0.465625 0.00625 0.05546875
16 0.54296875 0.54921875 0.0046875 0.03125
16 0.68125 0.4578125 0.0046875 0.03125
16 0.7109375 0.4375 0.00390625 0.03125
2 0.4859375 0.59375 0.00390625 0.0265625
16 0.8015625 0.37421875 0.0046875 0.03359375
16 0.85078125 0.34296875 0.00390625 0.02890625
16 0.97421875 0.25859375 0.0046875 0.03125
16 0.05 0.9015625 0.00390625 0.03125
16 0.07734375 0.88359375 0.0046875 0.03125
16 0.93828125 0.28359375 0.0046875 0.0265625
16 0.15859375 0.83046875 0.0046875 0.0265625
16 0.19140625 0.80546875 0.0046875 0.0359375
16 0.51484375 0.5828125 0.0046875 0.03125
16 0.5109375 0.5859375 0.0046875 0.02890625
16 0.3 0.73203125 0.0046875 0.03125
16 0.45 0.63046875 0.0046875 0.02890625
16 0.3359375 0.71015625 0.0046875 0.03125
16 0.57734375 0.54453125 0.0046875 0.03125
2 0.47578125 0.61953125 0.0046875 0.02890625
16 0.471875 0.621875 0.00390625 0.02890625
16 0.4671875 0.628125 0.00390625 0.02890625
2 0.49296875 0.609375 0.0046875 0.03125
16 0.21796875 0.815625 0.0046875 0.03359375
16 0.2078125 0.825 0.0046875 0.03359375
16 0.22265625 0.81484375 0.0046875 0.0359375
16 0.409375 0.68515625 0.00390625 0.03125
16 0.4265625 0.67421875 0.0046875 0.0265625
16 0.42265625 0.67734375 0.00390625 0.02890625
16 0.30859375 0.76796875 0.0046875 0.03125
2 0.2140625 0.8359375 0.00390625 0.02890625
16 0.31328125 0.7703125 0.0046875 0.0265625
2 0.5046875 0.640625 0.00546875 0.0359375
16 0.359375 0.74296875 0.0046875 0.0359375
16 0.34453125 0.753125 0.0046875 0.03359375
16 0.328125 0.7703125 0.00390625 0.03125
16 0.33203125 0.76796875 0.00546875 0.03125
16 0.41015625 0.7140625 0.0046875 0.0265625
16 0.41484375 0.71328125 0.0046875 0.02890625
16 0.428125 0.70546875 0.00390625 0.0265625
16 0.4234375 0.7078125 0.00390625 0.0265625
2 0.40625 0.71953125 0.00390625 0.02890625
16 0.41953125 0.7109375 0.00390625 0.02890625
16 0.4359375 0.70234375 0.00390625 0.02890625
2 0.4609375 0.6875 0.00390625 0.0265625
2 0.37734375 0.74921875 0.0046875 0.02890625
2 0.465625 0.6875 0.0046875 0.03125
16 0.55859375 0.621875 0.00390625 0.02890625
2 0.4703125 0.684375 0.00390625 0.02890625
16 0.56796875 0.61640625 0.0046875 0.03125
16 0.56328125 0.6203125 0.0046875 0.03125
16 0.6796875 0.54375 0.0046875 0.02890625
16 0.31875 0.796875 0.00390625 0.0265625
16 0.3140625 0.80234375 0.0046875 0.02890625
16 0.684375 0.55546875 0.00390625 0.03125
16 0.52578125 0.66484375 0.0046875 0.0265625
16 0.43203125 0.73203125 0.0046875 0.03125
2 0.6890625 0.55390625 0.0046875 0.03125
2 0.43671875 0.7296875 0.0046875 0.03125
2 0.5109375 0.6796875 0.00546875 0.03359375
2 0.3375 0.80703125 0.0046875 0.02890625
16 0.33203125 0.81015625 0.0046875 0.0359375
2 0.55 0.659375 0.0046875 0.02890625
16 0.55390625 0.65625 0.00390625 0.03125
16 0.56484375 0.653125 0.0046875 0.02890625
16 0.559375 0.65625 0.0046875 0.03125
16 0.68046875 0.57734375 0.0046875 0.02890625
16 0.30703125 0.83671875 0.0046875 0.0359375
2 0.47265625 0.72578125 0.0046875 0.0265625
16 0.28359375 0.85859375 0.0078125 0.02421875
16 0.46796875 0.72734375 0.0046875 0.03125
16 0.1609375 0.94765625 0.0046875 0.03828125
16 0.34609375 0.8203125 0.0046875 0.03359375
16 0.36171875 0.809375 0.0046875 0.03359375
16 0.64765625 0.609375 0.00703125 0.02265625
2 0.54140625 0.68671875 0.0046875 0.02890625
16 0.86640625 0.4609375 0.00703125 0.0203125
16 0.3890625 0.79765625 0.00390625 0.02890625
16 0.44296875 0.76484375 0.00390625 0.02890625
16 0.44921875 0.77890625 0.0046875 0.0265625
16 0.44453125 0.79453125 0.0046875 0.03125
16 0.440625 0.8 0.0046875 0.02890625
16 0.93828125 0.45390625 0.0046875 0.02890625
2 0.1875 0.98203125 0.0046875 0.0265625
2 0.18359375 0.984375 0.0046875 0.0265625
16 0.6140625 0.68984375 0.0046875 0.03125
2 0.1953125 0.9765625 0.01015625 0.0421875
16 0.24140625 0.953125 0.00703125 0.02265625
2 0.3125 0.90859375 0.009375 0.0578125
2 0.85703125 0.534375 0.0046875 0.02890625
2 0.86171875 0.53125 0.00546875 0.0265625
2 0.27109375 0.94296875 0.0046875 0.02890625
2 0.2671875 0.9484375 0.00390625 0.0265625
16 0.39765625 0.85859375 0.0046875 0.02890625
2 0.44609375 0.82578125 0.00390625 0.03125
2 0.64765625 0.6875 0.00390625 0.0265625
2 0.65234375 0.6828125 0.00390625 0.0265625
2 0.8703125 0.53359375 0.01015625 0.0578125
2 0.41953125 0.85390625 0.00390625 0.03359375
2 0.678125 0.671875 0.0109375 0.0578125
16 0.80703125 0.58515625 0.0046875 0.0265625
2 0.83828125 0.5671875 0.00546875 0.03984375
16 0.8328125 0.57109375 0.0046875 0.0359375
2 0.50859375 0.8046875 0.0046875 0.03828125
2 0.47265625 0.83125 0.0046875 0.02890625
2 0.4859375 0.82109375 0.0046875 0.03125
16 0.50390625 0.809375 0.00390625 0.02890625
2 0.47734375 0.828125 0.0046875 0.03125
16 0.48203125 0.825 0.00390625 0.02890625
2 0.49453125 0.8171875 0.0046875 0.03125
2 0.5 0.8125 0.0046875 0.0265625
16 0.4296875 0.86484375 0.00390625 0.02890625
16 0.43828125 0.859375 0.0046875 0.0265625
16 0.42578125 0.86796875 0.00390625 0.0265625
16 0.434375 0.8640625 0.0046875 0.0265625
2 0.44296875 0.85625 0.00390625 0.02890625