16 0.61796875 0.240625 0.01328125 0.02890625
16 0.63203125 0.2515625 0.0140625 0.03203125
4 0.97421875 0.525 0.05 0.2203125
9 0.20390625 0.04296875 0.1375 0.0859375
2 0.5953125 0.2546875 0.00703125 0.03828125
2 0.60390625 0.2625 0.0078125 0.034375
2 0.61875 0.27578125 0.0078125 0.03828125
2 0.58984375 0.2515625 0.0078125 0.0359375
2 0.61171875 0.2703125 0.0078125 0.034375
2 0.5546875 0.22734375 0.01484375 0.0625
2 0.63359375 0.28671875 0.01015625 0.0421875
2 0.57890625 0.2453125 0.0140625 0.05703125
2 0.62578125 0.28203125 0.0078125 0.03984375
2 0.65 0.3 0.009375 0.0421875
16 0.64140625 0.296875 0.009375 0.0421875
16 0.484375 0.2921875 0.0140625 0.02890625
16 0.496875 0.3078125 0.01328125 0.0265625
2 0.534375 0.340625 0.01484375 0.03046875
16 0.1984375 0.1046875 0.009375 0.0453125
16 0.2671875 0.16640625 0.0078125 0.03984375
16 0.48046875 0.3328125 0.0140625 0.0265625
2 0.5125 0.36875 0.02578125 0.0453125
16 0.53046875 0.3875 0.0140625 0.0265625
16 0.47734375 0.35859375 0.01171875 0.025
16 0.47421875 0.3890625 0.0125 0.02890625
16 0.4875 0.39921875 0.0140625 0.0265625
9 0.59609375 0.48671875 0.10078125 0.31953125
16 0.24296875 0.22265625 0.01484375 0.03046875
16 0.71640625 0.59296875 0.0125 0.0265625
16 0.525 0.4609375 0.0140625 0.02890625
16 0.240625 0.2453125 0.015625 0.03046875
2 0.4890625 0.43515625 0.02265625 0.0453125
16 0.7140625 0.6140625 0.01484375 0.0265625
2 0.66640625 0.5828125 0.0078125 0.03984375
16 0.659375 0.57890625 0.009375 0.04375
16 0.52265625 0.48203125 0.0140625 0.02890625
2 0.46953125 0.4421875 0.015625 0.06640625
16 0.50859375 0.475 0.0125 0.0265625
16 0.659375 0.61484375 0.0140625 0.02890625
16 0.50546875 0.4984375 0.0140625 0.0265625
9 0.35546875 0.39765625 0.20625 0.64296875
16 0.65703125 0.6359375 0.0140625 0.02890625
4 0.1734375 0.35859375 0.05625 0.41640625
20 0.48828125 0.72265625 0.10546875 0.23984375
2 0.25859375 0.6484375 0.01171875 0.0265625
2 0.24375 0.6390625 0.0125 0.0265625
2 0.26796875 0.6640625 0.00859375 0.03984375
2 0.28828125 0.68125 0.0078125 0.03984375
2 0.29609375 0.7046875 0.0140625 0.0703125
2 0.30703125 0.715625 0.01328125 0.0703125
2 0.56953125 0.91640625 0.021875 0.0453125
2 0.25078125 0.675 0.025 0.0453125
2 0.43203125 0.8171875 0.00859375 0.0421875
4 0.4984375 0.88515625 0.10078125 0.1765625
2 0.28359375 0.7234375 0.00859375 0.03984375
2 0.43984375 0.85859375 0.0140625 0.03203125
2 0.30390625 0.7703125 0.02421875 0.0453125
4 0.51796875 0.0859375 0.0765625 0.140625
4 0.62109375 0.16640625 0.13828125 0.1765625
2 0.775 0.2921875 0.00859375 0.04765625
9 0.74453125 0.29375 0.04921875 0.1234375