2 0.415625 0.61875 0.03515625 0.05390625
2 0.09765625 0.68828125 0.046875 0.0515625
2 0.89140625 0.52421875 0.028125 0.05625
2 0.95234375 0.51328125 0.04375 0.06796875
2 0.9890625 0.50546875 0.02109375 0.06328125
2 0.19453125 0.11640625 0.0484375 0.0421875
2 0.265625 0.1046875 0.04765625 0.0625
2 0.0328125 0.784375 0.0265625 0.046875
2 0.11875 0.77734375 0.03125 0.040625
2 0.34296875 0.79609375 0.03125 0.0421875
2 0.04140625 0.8640625 0.028125 0.0546875
2 0.115625 0.84765625 0.034375 0.05859375
2 0.27421875 0.815625 0.03203125 0.04375
2 0.3046875 0.81015625 0.0328125 0.0359375
2 0.375 0.79609375 0.028125 0.0390625
2 0.67265625 0.73984375 0.0265625 0.03984375
2 0.75859375 0.72265625 0.034375 0.05546875
2 0.58671875 0.75859375 0.03359375 0.0484375
2 0.41796875 0.79609375 0.0265625 0.0421875
2 0.62734375 0.753125 0.03203125 0.05
2 0.79375 0.7203125 0.028125 0.0484375
2 0.465625 0.79453125 0.0421875 0.05390625
2 0.56171875 0.7796875 0.0421875 0.0515625
2 0.6921875 0.0265625 0.0359375 0.040625
2 0.33984375 0.86640625 0.03828125 0.04375
2 0.284375 0.8796875 0.028125 0.04140625
2 0.59453125 0.8296875 0.02890625 0.0453125
2 0.38359375 0.87734375 0.028125 0.05390625
2 0.63125 0.83046875 0.01953125 0.0296875
2 0.6703125 0.8234375 0.03125 0.0484375
2 0.42109375 0.87890625 0.0265625 0.03828125
4 0.20234375 0.92578125 0.0359375 0.1171875
2 0.47265625 0.86953125 0.0234375 0.04375
2 0.7609375 0.809375 0.0453125 0.05078125
2 0.80234375 0.80390625 0.028125 0.046875
2 0.8296875 0.79765625 0.0296875 0.0484375
2 0.553125 0.8640625 0.03359375 0.0546875
20 0.85859375 0.0078125 0.02109375 0.015625
2 0.2921875 0.93828125 0.02890625 0.0421875
2 0.45859375 0.08671875 0.0421875 0.0546875
2 0.59609375 0.8921875 0.025 0.04453125
20 0.90078125 0.00703125 0.0171875 0.0140625
2 0.834375 0.8515625 0.021875 0.03828125
2 0.8109375 0.8625 0.03671875 0.0515625
2 0.86015625 0.853125 0.0265625 0.05
2 0.38984375 0.95546875 0.0265625 0.03984375
2 0.784375 0.871875 0.03359375 0.053125
4 0.17890625 0.9921875 0.03828125 0.0140625
2 0.68515625 0.90234375 0.03125 0.05078125
2 0.63671875 0.0515625 0.04375 0.0421875
2 0.43359375 0.96171875 0.03828125 0.0484375
2 0.64609375 0.9171875 0.0390625 0.06015625
2 0.4828125 0.95390625 0.0453125 0.0625
2 0.29921875 0.98671875 0.0328125 0.02421875
2 0.565625 0.93984375 0.0359375 0.05390625
2 0.8671875 0.903125 0.03203125 0.04609375
20 0.8171875 0.01953125 0.0125 0.0390625
2 0.00390625 0.196875 0.0078125 0.04609375
2 0.771875 0.034375 0.03828125 0.06796875
2 0.9265625 0.01875 0.025 0.0375
2 0.02265625 0.1953125 0.03671875 0.053125
2 0.259375 0.15390625 0.03671875 0.03828125
2 0.846875 0.0375 0.03515625 0.075
2 0.16796875 0.190625 0.0390625 0.05703125
2 0.053125 0.215625 0.0359375 0.059375
2 0.90703125 0.0359375 0.028125 0.04921875
2 0.88203125 0.0421875 0.03359375 0.05625
2 0.2421875 0.19609375 0.02421875 0.04296875
2 0.09375 0.24140625 0.0296875 0.05078125
2 0.95625 0.07421875 0.02265625 0.059375
9 0.04765625 0.2703125 0.07578125 0.06796875
2 0.434375 0.1984375 0.03125 0.05703125
2 0.25859375 0.23515625 0.0296875 0.04296875
2 0.621875 0.17109375 0.05859375 0.0671875
9 0.88984375 0.12265625 0.146875 0.1296875
2 0.71171875 0.165625 0.0484375 0.0484375
2 0.021875 0.32421875 0.03203125 0.0390625
2 0.00390625 0.334375 0.0078125 0.04375
2 0.22578125 0.28515625 0.0390625 0.04921875
2 0.4484375 0.24921875 0.03359375 0.05
2 0.265625 0.2890625 0.03671875 0.040625
2 0.1609375 0.32890625 0.02109375 0.04375
2 0.6109375 0.24453125 0.06015625 0.05546875
2 0.1421875 0.3484375 0.028125 0.03203125
2 0.84609375 0.22734375 0.0359375 0.06640625
9 0.3 0.35 0.21484375 0.1625
2 0.15859375 0.38203125 0.05078125 0.059375
2 0.9453125 0.21640625 0.025 0.053125
2 0.9 0.22578125 0.0421875 0.06875
2 0.66328125 0.28046875 0.0546875 0.053125
2 0.7921875 0.2703125 0.04921875 0.05078125
2 0.7296875 0.28671875 0.0640625 0.05
2 0.90703125 0.2546875 0.03359375 0.0484375
2 0.95625 0.25078125 0.02890625 0.04765625
2 0.86328125 0.278125 0.02890625 0.0578125
2 0.1359375 0.4546875 0.03203125 0.0546875
2 0.434375 0.42734375 0.03984375 0.08359375
2 0.16640625 0.48515625 0.028125 0.03359375
2 0.36328125 0.4484375 0.03359375 0.0421875
2 0.2859375 0.47109375 0.0359375 0.04609375
2 0.3875 0.4515625 0.034375 0.04609375
2 0.16328125 0.5171875 0.03828125 0.06328125
2 0.81171875 0.3828125 0.0609375 0.0671875
2 0.01171875 0.5640625 0.0234375 0.046875
2 0.415625 0.521875 0.04375 0.040625
2 0.1890625 0.575 0.028125 0.0421875
2 0.22578125 0.57109375 0.0390625 0.05078125
2 0.01875 0.6265625 0.028125 0.06015625
2 0.32109375 0.565625 0.03359375 0.06796875
2 0.05234375 0.62734375 0.05546875 0.0515625
16 0.27890625 0.58046875 0.04453125 0.02734375
2 0.2515625 0.6140625 0.028125 0.04296875
2 0.5375 0.56171875 0.05703125 0.0734375
2 0.81484375 0.51328125 0.03203125 0.053125
2 0.78671875 0.521875 0.03203125 0.05078125
2 0.753125 0.5328125 0.04375 0.0453125
9 0.0484375 0.6859375 0.07734375 0.075
2 0.328125 0.6265625 0.0296875 0.06015625
2 0.22578125 0.65390625 0.03203125 0.03984375