20 0.70234375 0.58984375 0.028125 0.01875
1 0.1359375 0.59765625 0.04140625 0.0390625
1 0.75703125 0.6 0.03515625 0.03203125
20 0.89765625 0.68359375 0.0171875 0.025
20 0.94140625 0.696875 0.0203125 0.02265625
20 0.9109375 0.70390625 0.0234375 0.02265625
9 0.7515625 0.07109375 0.04765625 0.03203125
9 0.84609375 0.74609375 0.04921875 0.025
9 0.596875 0.7734375 0.17109375 0.140625
20 0.80546875 0.79375 0.0265625 0.021875
9 0.41875 0.79921875 0.0796875 0.11640625
9 0.84375 0.82109375 0.034375 0.04140625
20 0.79609375 0.82734375 0.021875 0.01953125
1 0.36015625 0.8625 0.02265625 0.01015625
1 0.178125 0.86640625 0.0296875 0.02734375
1 0.35859375 0.8734375 0.0171875 0.0125
1 0.4 0.8796875 0.0359375 0.03203125
20 0.88359375 0.89921875 0.021875 0.02265625
20 0.8515625 0.9015625 0.02421875 0.0234375
20 0.82421875 0.9015625 0.02265625 0.021875
9 0.28359375 0.90234375 0.08125 0.065625
1 0.20234375 0.92109375 0.0296875 0.02578125
1 0.76953125 0.92578125 0.03359375 0.0328125
20 0.84453125 0.92890625 0.0203125 0.02109375
9 0.690625 0.95546875 0.05 0.0296875
20 0.84453125 0.95703125 0.025 0.01953125
9 0.75859375 0.96171875 0.02890625 0.01953125
20 0.23359375 0.103125 0.02265625 0.02265625
1 0.1203125 0.11328125 0.0390625 0.03359375
1 0.36640625 0.11328125 0.02890625 0.0140625
1 0.39765625 0.11484375 0.0296875 0.01171875
20 0.2359375 0.1265625 0.02421875 0.01875
20 0.2625 0.12734375 0.02265625 0.01796875
20 0.2046875 0.12734375 0.021875 0.01796875
20 0.2890625 0.12734375 0.02421875 0.021875
1 0.590625 0.1390625 0.028125 0.021875
15 0.2046875 0.14140625 0.021875 0.00859375
1 0.83203125 0.1421875 0.01875 0.00859375
15 0.23515625 0.14296875 0.02265625 0.0109375
15 0.26171875 0.1515625 0.0203125 0.01015625
15 0.20390625 0.1515625 0.02109375 0.0078125
15 0.234375 0.1515625 0.0234375 0.00703125
15 0.2890625 0.1515625 0.0203125 0.01015625
9 0.91171875 0.15234375 0.04609375 0.0265625
1 0.4375 0.15234375 0.0203125 0.00703125
1 0.5609375 0.159375 0.0125 0.01796875
9 0.5234375 0.1703125 0.034375 0.03671875
9 0.5953125 0.1796875 0.0484375 0.0296875
1 0.56171875 0.190625 0.01171875 0.01875
1 0.91640625 0.1921875 0.028125 0.02109375
9 0.74765625 0.20234375 0.14453125 0.1234375
1 0.5234375 0.203125 0.02109375 0.00546875
1 0.54921875 0.2078125 0.0078125 0.01328125
9 0.384375 0.21015625 0.10625 0.0890625
9 0.25546875 0.2453125 0.05234375 0.03046875
9 0.53828125 0.26796875 0.05390625 0.03046875
9 0.86484375 0.27734375 0.04765625 0.02578125
1 0.27578125 0.2859375 0.040625 0.0296875
1 0.5390625 0.3140625 0.03671875 0.03203125
9 0.29296875 0.3828125 0.078125 0.06328125
1 0.178125 0.42890625 0.03515625 0.0359375
1 0.13125 0.43125 0.04375 0.03671875
9 0.490625 0.4609375 0.196875 0.16484375
20 0.81171875 0.46875 0.02578125 0.015625
1 0.13203125 0.47578125 0.0375 0.04375
9 0.2234375 0.4796875 0.040625 0.04375
20 0.81640625 0.48828125 0.02578125 0.02265625
1 0.2796875 0.50859375 0.03046875 0.02890625
20 0.81640625 0.509375 0.02578125 0.01953125
1 0.1390625 0.51796875 0.04375 0.03203125
1 0.209375 0.51875 0.02265625 0.0109375
20 0.828125 0.55625 0.02421875 0.02109375
1 0.1359375 0.55703125 0.0390625 0.03984375
9 0.7375 0.5578125 0.03125 0.0375
20 0.7890625 0.5578125 0.025 0.0234375