2 0.2828125 0.43203125 0.00546875 0.00546875
2 0.28515625 0.4484375 0.0078125 0.00390625
2 0.321875 0.4515625 0.0375 0.03359375
2 0.08671875 0.4625 0.046875 0.04453125
2 0.284375 0.45703125 0.00859375 0.0046875
2 0.2875 0.4734375 0.009375 0.00703125
2 0.1203125 0.48203125 0.02578125 0.02265625
16 0.37265625 0.47265625 0.00859375 0.00546875
16 0.33359375 0.478125 0.00703125 0.00546875
16 0.371875 0.47734375 0.01171875 0.00390625
16 0.14765625 0.4875 0.00625 0.01484375
16 0.3390625 0.48203125 0.009375 0.00546875
2 0.28515625 0.48359375 0.00703125 0.003125
2 0.284375 0.4875 0.00859375 0.00546875
2 0.0859375 0.5046875 0.04609375 0.0453125
2 0.28671875 0.50625 0.009375 0.00546875
2 0.2859375 0.5109375 0.00859375 0.00390625
2 0.5109375 0.525 0.00625 0.0109375
9 0.1328125 0.53984375 0.0265625 0.02890625
9 0.12890625 0.57421875 0.025 0.025
2 0.071875 0.59375 0.0140625 0.00546875
16 0.14296875 0.59375 0.003125 0.00859375
16 0.13828125 0.59453125 0.00625 0.00859375
16 0.15 0.59453125 0.00625 0.01015625
16 0.15390625 0.59453125 0.0046875 0.00859375
2 0.071875 0.59921875 0.0125 0.0046875
2 0.07578125 0.6046875 0.009375 0.00546875
16 0.25 0.015625 0.00234375 0.00546875
16 0.26015625 0.015625 0.0046875 0.00546875
16 0.07578125 0.61171875 0.00625 0.00234375
16 0.07578125 0.61640625 0.00625 0.003125
2 0.54609375 0.60234375 0.0109375 0.01015625
2 0.709375 0.596875 0.00859375 0.01015625
2 0.66640625 0.59921875 0.0125 0.00859375
2 0.59609375 0.603125 0.00625 0.00703125
2 0.1421875 0.63671875 0.0453125 0.04765625
2 0.18984375 0.63828125 0.04765625 0.03671875
16 0.11171875 0.025 0.00625 0.00546875
2 0.7375 0.64921875 0.01171875 0.00703125
2 0.67890625 0.653125 0.01328125 0.00703125
16 0.14765625 0.6859375 0.00546875 0.01171875
2 0.128125 0.028125 0.0078125 0.0109375
16 0.16953125 0.02734375 0.009375 0.00546875
2 0.159375 0.028125 0.0078125 0.01328125
16 0.26015625 0.025 0.003125 0.0046875
16 0.14296875 0.70703125 0.003125 0.00703125
16 0.2546875 0.02578125 0.0015625 0.00703125
2 0.2390625 0.02734375 0.0125 0.00703125
16 0.12734375 0.70859375 0.003125 0.0046875
2 0.134375 0.70859375 0.00625 0.01015625
16 0.25 0.0265625 0.0046875 0.0078125
9 0.2109375 0.02890625 0.02265625 0.02265625
16 0.196875 0.71875 0.00390625 0.00703125
16 0.146875 0.7203125 0.00625 0.01015625
16 0.13203125 0.72109375 0.00234375 0.00703125
16 0.15546875 0.72109375 0.00625 0.01015625
16 0.1265625 0.721875 0.0046875 0.0078125
16 0.15234375 0.72109375 0.00546875 0.00859375
2 0.2375 0.71875 0.00546875 0.0078125
2 0.171875 0.72109375 0.0046875 0.009375
2 0.20703125 0.7203125 0.0046875 0.01015625
16 0.1171875 0.7234375 0.00234375 0.00703125
2 0.22734375 0.7203125 0.00234375 0.0078125
2 0.18828125 0.721875 0.0046875 0.01015625
2 0.2546875 0.721875 0.00390625 0.0078125
2 0.61640625 0.72109375 0.02890625 0.034375
2 0.4625 0.728125 0.04296875 0.03515625
2 0.540625 0.72578125 0.0390625 0.0375
2 0.80078125 0.71796875 0.0359375 0.03984375
2 0.5046875 0.728125 0.03671875 0.03515625
16 0.9359375 0.71328125 0.00234375 0.01484375
2 0.5828125 0.72578125 0.03359375 0.03984375
16 0.9640625 0.7125 0.0046875 0.01171875
2 0.76875 0.71953125 0.03984375 0.03359375
16 0.94609375 0.71328125 0.00390625 0.01484375
16 0.9546875 0.7140625 0.00234375 0.01015625
16 0.94140625 0.7140625 0.00625 0.01640625
2 0.6515625 0.7234375 0.034375 0.03515625
16 0.96953125 0.7140625 0.00546875 0.01171875
2 0.690625 0.725 0.03515625 0.0359375
2 0.728125 0.72421875 0.03203125 0.03359375
9 0.3640625 0.74296875 0.028125 0.03046875
16 0.15234375 0.034375 0.00234375 0.00546875
2 0.321875 0.75 0.0328125 0.02890625
2 0.83125 0.73515625 0.01796875 0.02734375
2 0.25859375 0.7671875 0.0078125 0.00234375
2 0.25859375 0.77109375 0.0078125 0.00234375
16 0.92734375 0.75078125 0.00859375 0.003125
16 0.259375 0.775 0.009375 0.0046875
16 0.71953125 0.76015625 0.00546875 0.00859375
16 0.08828125 0.78359375 0.0078125 0.00546875
9 0.553125 0.76875 0.034375 0.03203125
2 0.83828125 0.7625 0.0140625 0.00546875
16 0.92421875 0.759375 0.01015625 0.003125
16 0.08828125 0.790625 0.009375 0.00390625
16 0.0875 0.79453125 0.0109375 0.00546875
16 0.08828125 0.80078125 0.009375 0.00546875
16 0.3203125 0.79609375 0.01484375 0.00703125
9 0.58671875 0.7875 0.0421875 0.03359375
16 0.35859375 0.7953125 0.01640625 0.009375
9 0.9734375 0.77421875 0.053125 0.08359375
16 0.34140625 0.79609375 0.0046875 0.00859375
16 0.34609375 0.79609375 0.003125 0.00703125
16 0.33828125 0.79765625 0.003125 0.00859375
16 0.08828125 0.80625 0.009375 0.00390625
16 0.33203125 0.79765625 0.00390625 0.0078125
2 0.278125 0.80078125 0.0421875 0.03515625
9 0.17578125 0.8046875 0.11640625 0.109375
16 0.08828125 0.8109375 0.00859375 0.0046875
16 0.07578125 0.81171875 0.0046875 0.0015625
2 0.7328125 0.79453125 0.00234375 0.0078125
9 0.828125 0.79453125 0.034375 0.03046875
16 0.0765625 0.82109375 0.0046875 0.00390625
16 0.0890625 0.82109375 0.00859375 0.00390625
16 0.0890625 0.82578125 0.0109375 0.00390625
16 0.9265625 0.7984375 0.009375 0.00234375
2 0.44296875 0.815625 0.00234375 0.0109375
2 0.42890625 0.8171875 0.00625 0.01171875
2 0.4390625 0.8171875 0.00546875 0.01171875
2 0.4484375 0.8171875 0.0046875 0.01484375
2 0.434375 0.81796875 0.00390625 0.01171875
2 0.7109375 0.80859375 0.0109375 0.00546875
16 0.08984375 0.83203125 0.00859375 0.0046875
16 0.07734375 0.8359375 0.009375 0.0046875
16 0.08984375 0.8359375 0.00625 0.00234375
2 0.0734375 0.846875 0.0109375 0.00390625
2 0.615625 0.8296875 0.03046875 0.0234375
16 0.090625 0.85078125 0.00390625 0.003125
16 0.79453125 0.82734375 0.0015625 0.00703125
16 0.78984375 0.828125 0.0046875 0.01015625
16 0.47421875 0.8390625 0.015625 0.00546875
16 0.80078125 0.828125 0.00703125 0.009375
16 0.784375 0.82890625 0.0046875 0.01015625
2 0.72265625 0.83125 0.01328125 0.00546875
16 0.9390625 0.825 0.00390625 0.00625
16 0.08984375 0.8578125 0.009375 0.00546875
16 0.9453125 0.83359375 0.00859375 0.00390625
2 0.075 0.8640625 0.0109375 0.00546875
16 0.9859375 0.83515625 0.00390625 0.0125
16 0.08984375 0.865625 0.00859375 0.00546875
16 0.990625 0.8359375 0.00546875 0.01015625
16 0.97578125 0.83671875 0.00234375 0.01328125
16 0.98125 0.83671875 0.0046875 0.0125
2 0.071875 0.86796875 0.01328125 0.00546875
16 0.9984375 0.8375 0.0015625 0.01015625
2 0.05 0.86953125 0.01328125 0.00390625
16 0.7609375 0.84609375 0.0046875 0.00703125
16 0.94765625 0.83984375 0.00859375 0.00390625
2 0.2671875 0.86484375 0.01484375 0.00703125
16 0.090625 0.87109375 0.00859375 0.00390625
16 0.05 0.8734375 0.0109375 0.00390625
16 0.09140625 0.87578125 0.00859375 0.00625
16 0.15234375 0.04609375 0.00703125 0.00703125
16 0.18203125 0.04453125 0.0046875 0.00546875
2 0.05 0.8796875 0.0109375 0.00625
16 0.04921875 0.8828125 0.01171875 0.00703125
16 0.95859375 0.8546875 0.00546875 0.01015625
16 0.94921875 0.85546875 0.00546875 0.01171875
16 0.05078125 0.88671875 0.0109375 0.00546875
16 0.1421875 0.04765625 0.00390625 0.00546875
2 0.16796875 0.046875 0.0046875 0.01015625
16 0.96953125 0.85625 0.00625 0.00859375
16 0.95390625 0.8578125 0.00625 0.01015625
2 0.13046875 0.88828125 0.0046875 0.01015625
16 0.19296875 0.8875 0.00546875 0.009375
2 0.1625 0.04765625 0.0046875 0.01015625
16 0.2453125 0.8859375 0.00703125 0.01171875
16 0.1890625 0.88828125 0.00546875 0.009375
2 0.11640625 0.890625 0.003125 0.00703125
16 0.1984375 0.8875 0.00546875 0.01015625
2 0.23046875 0.88671875 0.00703125 0.0125
2 0.1390625 0.88984375 0.0046875 0.0078125
2 0.1046875 0.89140625 0.00234375 0.00546875
16 0.21328125 0.8875 0.00625 0.01015625
16 0.25078125 0.8859375 0.0046875 0.00859375
16 0.1625 0.8890625 0.0046875 0.01171875
2 0.15703125 0.8890625 0.0046875 0.0109375
2 0.1109375 0.89140625 0.0046875 0.00859375
2 0.1671875 0.88984375 0.0046875 0.01015625
16 0.209375 0.88828125 0.0078125 0.0140625
2 0.1234375 0.8921875 0.0046875 0.0109375
2 0.15 0.890625 0.00625 0.01171875
2 0.14375 0.89140625 0.00546875 0.01328125
16 0.4125 0.89140625 0.0078125 0.00546875
16 0.340625 0.89609375 0.009375 0.00546875
2 0.240625 0.04609375 0.009375 0.00625
16 0.2125 0.9015625 0.00546875 0.01015625
16 0.51328125 0.8921875 0.0140625 0.0078125
16 0.2046875 0.903125 0.003125 0.0078125
16 0.9953125 0.8765625 0.009375 0.0046875
16 0.3640625 0.89921875 0.00859375 0.00625
16 0.3421875 0.90234375 0.009375 0.00625
16 0.99375 0.88671875 0.01015625 0.0046875
2 0.11875 0.0515625 0.0328125 0.03359375
16 0.21484375 0.04921875 0.00859375 0.00390625
9 0.99453125 0.9140625 0.009375 0.0046875
16 0.2484375 0.93984375 0.0078125 0.00546875
16 0.75390625 0.92734375 0.01484375 0.0046875
2 0.1515625 0.9515625 0.0078125 0.00859375
2 0.16875 0.95078125 0.003125 0.0109375
2 0.321875 0.9453125 0.0140625 0.00390625
2 0.17421875 0.95078125 0.0046875 0.01328125
16 0.25234375 0.9484375 0.00703125 0.003125
2 0.1578125 0.9515625 0.00546875 0.01171875
2 0.9640625 0.92734375 0.009375 0.01796875
2 0.95234375 0.92890625 0.00546875 0.01640625
2 0.98359375 0.928125 0.00546875 0.01171875
16 0.3203125 0.953125 0.0125 0.00625
16 0.2359375 0.95703125 0.0078125 0.00546875
16 0.23828125 0.96640625 0.00546875 0.00703125
16 0.2515625 0.97265625 0.00859375 0.0046875
16 0.21484375 0.0546875 0.00625 0.003125
16 0.21640625 0.06015625 0.0078125 0.00390625
16 0.52734375 0.05 0.01484375 0.00546875
16 0.21640625 0.06640625 0.0109375 0.00546875
16 0.215625 0.06953125 0.00625 0.00234375
2 0.2453125 0.06953125 0.01015625 0.00390625
16 0.0625 0.07734375 0.0046875 0.01484375
2 0.1140625 0.0765625 0.01015625 0.01328125
16 0.215625 0.07421875 0.0078125 0.00390625
2 0.046875 0.08125 0.00859375 0.01484375
16 0.215625 0.07890625 0.00625 0.003125
16 0.2171875 0.084375 0.00625 0.00234375
2 0.2359375 0.08359375 0.01171875 0.00546875
9 0.16796875 0.090625 0.0703125 0.0671875
2 0.346875 0.090625 0.03046875 0.02734375
2 0.31484375 0.0921875 0.02578125 0.0296875
16 0.0390625 0.103125 0.00859375 0.00546875
9 0.0671875 0.10625 0.02734375 0.02421875
2 0.096875 0.10625 0.009375 0.00390625
16 0.03828125 0.11015625 0.00703125 0.00390625
16 0.6015625 0.09140625 0.00625 0.01015625
16 0.61875 0.090625 0.0046875 0.00859375
16 0.5953125 0.0921875 0.00625 0.01015625
2 0.096875 0.1109375 0.0078125 0.003125
9 0.55703125 0.09609375 0.025 0.01953125
2 0.48828125 0.0984375 0.03203125 0.03515625
2 0.23671875 0.1078125 0.01484375 0.00859375
2 0.22109375 0.10859375 0.01640625 0.00625
2 0.5265625 0.1015625 0.0328125 0.0296875
2 0.0984375 0.1171875 0.0109375 0.00546875
16 0.23671875 0.1140625 0.0109375 0.0046875
16 0.5796875 0.10859375 0.01328125 0.00703125
2 0.40703125 0.1171875 0.03515625 0.03203125
16 0.23671875 0.12265625 0.009375 0.00390625
2 0.07109375 0.1328125 0.00625 0.0109375
2 0.07734375 0.134375 0.00625 0.01171875
9 0.1125 0.13671875 0.02578125 0.01875
16 0.5625 0.12421875 0.015625 0.00625
16 0.54765625 0.1265625 0.01328125 0.00390625
2 0.03515625 0.1453125 0.00859375 0.00546875
2 0.184375 0.14375 0.00625 0.01171875
2 0.17734375 0.14453125 0.00625 0.01015625
2 0.03984375 0.1515625 0.0109375 0.00390625
2 0.47109375 0.13984375 0.0234375 0.021875
2 0.0328125 0.1609375 0.00546875 0.00703125
2 0.13046875 0.16484375 0.01015625 0.01484375
16 0.3109375 0.159375 0.00859375 0.0046875
9 0.08203125 0.1703125 0.01796875 0.021875
16 0.31171875 0.165625 0.0046875 0.00234375
16 0.3125 0.16953125 0.00625 0.00234375
16 0.0578125 0.17890625 0.0078125 0.00625
2 0.428125 0.16953125 0.0046875 0.009375
16 0.3125 0.175 0.0078125 0.00390625
9 0.49375 0.16875 0.0234375 0.01640625
2 0.9734375 0.153125 0.02890625 0.03359375
9 0.34921875 0.18359375 0.03359375 0.0796875
16 0.05625 0.1953125 0.0078125 0.00234375
2 0.75546875 0.171875 0.0359375 0.0328125
2 0.940625 0.16640625 0.03515625 0.03984375
16 0.31328125 0.1890625 0.00703125 0.00390625
16 0.3 0.18984375 0.0109375 0.00546875
16 0.428125 0.18515625 0.01484375 0.00859375
2 0.79375 0.17265625 0.03515625 0.03203125
2 0.9078125 0.16875 0.0390625 0.03984375
2 0.684375 0.17734375 0.03125 0.034375
2 0.86875 0.171875 0.0375 0.03828125
2 0.71953125 0.17734375 0.04296875 0.03515625
2 0.83203125 0.175 0.03203125 0.02890625
16 0.31328125 0.19375 0.01015625 0.00546875
16 0.3 0.19453125 0.0078125 0.00390625
2 0.20546875 0.20234375 0.0375 0.04375
16 0.0875 0.225 0.0078125 0.01015625
2 0.1171875 0.22890625 0.0265625 0.03046875
9 0.45390625 0.21875 0.02890625 0.02734375
16 0.55546875 0.21640625 0.01796875 0.0078125
2 0.48515625 0.2265625 0.03359375 0.03515625
16 0.55703125 0.22734375 0.021875 0.00859375
16 0.55703125 0.240625 0.01953125 0.0078125
2 0.11484375 0.26875 0.028125 0.02421875
2 0.475 0.26171875 0.0328125 0.03671875
2 0.43125 0.2640625 0.0421875 0.034375
2 0.38984375 0.26640625 0.034375 0.03984375
2 0.27734375 0.27421875 0.0109375 0.00390625
2 0.2765625 0.27890625 0.0078125 0.003125
2 0.31328125 0.27890625 0.03984375 0.04140625
2 0.35 0.27890625 0.03515625 0.04140625
2 0.509375 0.28046875 0.00703125 0.01484375
2 0.278125 0.290625 0.01171875 0.00546875
2 0.278125 0.296875 0.009375 0.00390625
2 0.278125 0.3078125 0.0078125 0.00390625
2 0.27890625 0.3109375 0.009375 0.00390625
2 0.50390625 0.30703125 0.01171875 0.00703125
2 0.12109375 0.325 0.0265625 0.03046875
16 0.50234375 0.31796875 0.0078125 0.00859375
2 0.478125 0.31875 0.00625 0.00625
16 0.503125 0.321875 0.00625 0.00625
2 0.2796875 0.3328125 0.00859375 0.0046875
2 0.478125 0.3265625 0.0109375 0.0078125
16 0.50390625 0.3265625 0.00859375 0.00390625
2 0.27890625 0.33671875 0.00625 0.0046875
16 0.503125 0.33203125 0.00859375 0.0046875
2 0.478125 0.33515625 0.009375 0.00859375
16 0.503125 0.3359375 0.009375 0.00234375
2 0.2796875 0.35 0.009375 0.0046875
16 0.09140625 0.359375 0.00546875 0.01171875
2 0.28046875 0.3546875 0.0078125 0.0046875
2 0.0890625 0.3703125 0.01328125 0.00625
2 0.2796875 0.365625 0.00625 0.00234375
16 0.0921875 0.38125 0.0078125 0.01171875
2 0.28125 0.384375 0.00703125 0.003125
2 0.08046875 0.4125 0.05546875 0.04921875
2 0.12578125 0.4265625 0.0265625 0.03515625
2 0.365625 0.41953125 0.03671875 0.03671875