20 0.70703125 0.46171875 0.0171875 0.01875
2 0.78828125 0.44765625 0.0671875 0.0515625
16 0.3015625 0.5578125 0.01953125 0.0453125
16 0.2875 0.56171875 0.0171875 0.04140625
16 0.32890625 0.553125 0.01796875 0.03984375
16 0.3140625 0.55625 0.015625 0.0453125
16 0.6953125 0.478125 0.01015625 0.009375
20 0.74609375 0.4734375 0.0140625 0.0234375
2 0.7328125 0.47734375 0.01328125 0.0203125
16 0.69765625 0.4859375 0.009375 0.00859375
2 0.20390625 0.59765625 0.12734375 0.18203125
16 0.08125 0.6390625 0.00546875 0.0125
20 0.7015625 0.503125 0.01484375 0.015625
20 0.73984375 0.49765625 0.01640625 0.0296875
16 0.76796875 0.4953125 0.0078125 0.0171875
2 0.440625 0.58125 0.05078125 0.0703125
16 0.74453125 0.5171875 0.02109375 0.01796875
16 0.76875 0.51640625 0.02421875 0.02265625
16 0.7203125 0.52890625 0.02265625 0.0171875
16 0.6234375 0.55078125 0.01484375 0.03984375
16 0.5578125 0.56484375 0.0171875 0.03359375
16 0.596875 0.5578125 0.0171875 0.0390625
16 0.57109375 0.56328125 0.0203125 0.04140625
16 0.61015625 0.55546875 0.01484375 0.0375
16 0.584375 0.5625 0.01796875 0.04375
2 0.66171875 0.553125 0.05 0.0734375
2 0.29765625 0.6390625 0.05859375 0.08203125
2 0.4921875 0.59921875 0.0453125 0.06171875
2 0.73203125 0.559375 0.028125 0.03828125
2 0.4171875 0.63125 0.0421875 0.05625
2 0.5390625 0.60703125 0.05078125 0.07265625
16 0.4453125 0.62890625 0.028125 0.02578125
9 0.76328125 0.56796875 0.0390625 0.05859375
16 0.446875 0.64609375 0.028125 0.02578125
2 0.85859375 0.55390625 0.0359375 0.03984375
2 0.80859375 0.5734375 0.01953125 0.04453125
2 0.12421875 0.74375 0.13046875 0.1828125
16 0.53828125 0.6546875 0.02734375 0.02421875
2 0.41953125 0.68203125 0.04140625 0.06328125
2 0.25703125 0.72578125 0.01875 0.021875
2 0.30859375 0.715625 0.06484375 0.09140625
2 0.86328125 0.59296875 0.0390625 0.0359375
16 0.5421875 0.671875 0.0296875 0.02421875
16 0.8046875 0.61796875 0.02109375 0.02109375
2 0.75859375 0.6296875 0.028125 0.0375
16 0.54375 0.690625 0.0265625 0.02734375
2 0.72890625 0.6515625 0.0109375 0.01953125
2 0.19375 0.784375 0.01796875 0.02578125
2 0.7328125 0.66484375 0.01171875 0.01328125
16 0.965625 0.6140625 0.0359375 0.02265625
2 0.428125 0.7375 0.03828125 0.06328125
16 0.1984375 0.81171875 0.0203125 0.0375
2 0.959375 0.66015625 0.0796875 0.08125
16 0.12890625 0.8609375 0.0140625 0.03203125
16 0.11015625 0.86640625 0.01640625 0.03515625
16 0.08046875 0.88125 0.0328125 0.02890625
20 0.65390625 0.03984375 0.04375 0.0796875
9 0.25 0.85703125 0.046875 0.096875
9 0.2875 0.8546875 0.05 0.11953125
16 0.76015625 0.75 0.01640625 0.040625
20 0.58828125 0.0484375 0.0484375 0.096875
16 0.08203125 0.90625 0.0265625 0.02421875
16 0.7484375 0.76171875 0.01484375 0.04140625
16 0.1171875 0.909375 0.0265625 0.02578125
20 0.72734375 0.03671875 0.046875 0.0734375
9 0.65859375 0.79453125 0.03984375 0.04609375
2 0.053125 0.93125 0.0234375 0.0359375
20 0.6859375 0.03984375 0.04375 0.0796875
20 0.32890625 0.1046875 0.046875 0.10234375
9 0.35703125 0.88828125 0.0453125 0.10078125
9 0.39375 0.884375 0.0421875 0.10703125
20 0.6234375 0.04921875 0.04453125 0.09765625
2 0.7453125 0.815625 0.03046875 0.0609375
9 0.52265625 0.8671875 0.05 0.11484375
2 0.44609375 0.88515625 0.03125 0.06484375
9 0.559375 0.86484375 0.05078125 0.11875
2 0.0609375 0.97421875 0.03203125 0.04921875
2 0.24765625 0.93828125 0.01171875 0.01015625
20 0.20859375 0.134375 0.065625 0.128125
2 0.79140625 0.83515625 0.04765625 0.0546875
2 0.75234375 0.86015625 0.04375 0.05078125
20 0.26171875 0.12578125 0.0671875 0.13125
2 0.68125 0.88203125 0.03125 0.06328125
2 0.26328125 0.984375 0.0328125 0.03046875
2 0.76796875 0.88515625 0.02265625 0.0296875
2 0.296875 0.98046875 0.04140625 0.03828125
2 0.5171875 0.94453125 0.02421875 0.04609375
2 0.57734375 0.9359375 0.0328125 0.03828125
2 0.35 0.9859375 0.03671875 0.0265625
20 0.79375 0.89453125 0.0265625 0.04140625
20 0.4703125 0.08359375 0.0421875 0.08828125
16 0.43046875 0.978125 0.01953125 0.0421875
2 0.75546875 0.9078125 0.03828125 0.03984375
2 0.396875 0.98828125 0.040625 0.021875
2 0.5421875 0.1109375 0.06328125 0.0515625
16 0.6796875 0.08984375 0.0140625 0.03125
16 0.5921875 0.1109375 0.02109375 0.02734375
16 0.61875 0.10625 0.01796875 0.04140625
16 0.64609375 0.1 0.01640625 0.03671875
16 0.72421875 0.08515625 0.0171875 0.0390625
16 0.18671875 0.2140625 0.0203125 0.04375
16 0.25625 0.2125 0.01640625 0.0390625
2 0.4234375 0.18515625 0.11875 0.1609375
16 0.23125 0.234375 0.009375 0.0203125
16 0.2453125 0.23046875 0.009375 0.021875
16 0.2390625 0.23203125 0.009375 0.02109375
2 0.34765625 0.21015625 0.03984375 0.0953125
2 0.825 0.1046875 0.03984375 0.0890625
16 0.7296875 0.13359375 0.01640625 0.01796875
2 0.115625 0.27265625 0.06953125 0.09765625
2 0.8046875 0.121875 0.0421875 0.08671875
20 0.19609375 0.26171875 0.01875 0.02734375
2 0.68203125 0.16015625 0.03984375 0.04921875
2 0.528125 0.21875 0.103125 0.15625
16 0.3671875 0.27265625 0.03046875 0.03046875
16 0.29375 0.3046875 0.009375 0.02265625
16 0.30078125 0.303125 0.01015625 0.02421875
16 0.36953125 0.290625 0.0328125 0.025
16 0.4109375 0.290625 0.01953125 0.040625
9 0.22890625 0.35390625 0.0234375 0.0375
2 0.2421875 0.35390625 0.0125 0.0296875
16 0.11328125 0.38359375 0.025 0.02265625
16 0.13671875 0.378125 0.0234375 0.02265625
2 0.440625 0.32421875 0.01640625 0.0265625
9 0.45625 0.32109375 0.0203125 0.0328125
16 0.634375 0.28203125 0.0125 0.02578125
16 0.625 0.2859375 0.0109375 0.02265625
16 0.1390625 0.39453125 0.0234375 0.02265625
16 0.115625 0.4015625 0.02578125 0.0234375
16 0.6109375 0.2953125 0.02578125 0.02421875
2 0.8375 0.2453125 0.0640625 0.134375
16 0.5859375 0.3015625 0.0265625 0.02734375
2 0.4078125 0.35 0.0140625 0.021875
9 0.421875 0.3515625 0.02265625 0.03828125
20 0.4375 0.378125 0.01484375 0.021875
16 0.66328125 0.328125 0.00625 0.01640625
20 0.45859375 0.375 0.01640625 0.0234375
16 0.67109375 0.33671875 0.00703125 0.01640625
16 0.665625 0.34921875 0.00859375 0.01875
16 0.83125 0.3296875 0.0296875 0.02265625
16 0.809375 0.33515625 0.02578125 0.0234375
16 0.7828125 0.34609375 0.03125 0.0234375
2 0.23984375 0.4765625 0.01171875 0.021875
16 0.85234375 0.34453125 0.025 0.02265625
2 0.771875 0.36640625 0.0125 0.02109375
2 0.8171875 0.359375 0.01171875 0.01875
2 0.671875 0.39765625 0.00859375 0.0125
16 0.7984375 0.3875 0.0125 0.0109375
16 0.65390625 0.42578125 0.0109375 0.0125
16 0.80859375 0.39296875 0.0140625 0.0109375
16 0.79296875 0.39609375 0.00859375 0.0109375
16 0.65390625 0.4328125 0.009375 0.009375
16 0.81015625 0.4015625 0.0125 0.01171875
16 0.79453125 0.40625 0.009375 0.009375
16 0.80234375 0.41171875 0.0125 0.01015625
16 0.78984375 0.41640625 0.01328125 0.0125
9 0.471875 0.490625 0.01484375 0.02734375
9 0.659375 0.45078125 0.02109375 0.0296875
9 0.4375 0.50078125 0.0140625 0.03046875
9 0.6890625 0.45078125 0.0234375 0.0375