1 0.7828125 0.0671875 0.08046875 0.1140625
15 0.090625 0.665625 0.00625 0.02578125
1 0.084375 0.665625 0.0078125 0.0234375
1 0.12734375 0.67109375 0.01953125 0.01875
1 0.64609375 0.67265625 0.0375 0.04921875
15 0.325 0.6765625 0.0125 0.015625
15 0.48828125 0.06796875 0.02734375 0.02734375
15 0.55859375 0.678125 0.00703125 0.01640625
20 0.575 0.06875 0.01171875 0.01875
1 0.42109375 0.6859375 0.01171875 0.01953125
1 0.12734375 0.6859375 0.021875 0.0109375
9 0.36171875 0.6890625 0.02734375 0.059375
15 0.103125 0.69375 0.0296875 0.0390625
1 0.3796875 0.69375 0.0109375 0.01015625
20 0.31796875 0.6953125 0.0109375 0.0140625
1 0.825 0.696875 0.01875 0.028125
20 0.3296875 0.6984375 0.00703125 0.0203125
20 0.6203125 0.6984375 0.0109375 0.02109375
1 0.47890625 0.6984375 0.01015625 0.0234375
15 0.38984375 0.69921875 0.00703125 0.01640625
20 0.56015625 0.7 0.00859375 0.02109375
1 0.95859375 0.703125 0.01328125 0.01953125
15 0.4203125 0.70234375 0.01015625 0.00703125
9 0.44921875 0.703125 0.03671875 0.11171875
1 0.33828125 0.70625 0.0046875 0.01640625
1 0.51171875 0.7109375 0.0203125 0.06484375
1 0.421875 0.71171875 0.01171875 0.01015625
1 0.021875 0.71328125 0.0171875 0.0125
15 0.56015625 0.715625 0.01328125 0.00859375
9 0.04140625 0.71640625 0.0265625 0.06640625
1 0.43046875 0.07265625 0.025 0.040625
1 0.54375 0.71875 0.021875 0.040625
20 0.6203125 0.7203125 0.01171875 0.0171875
1 0.33046875 0.7203125 0.00078125 0.00078125
1 0.82578125 0.72421875 0.01875 0.02890625
15 0.021875 0.72578125 0.01171875 0.01171875
15 0.92578125 0.72890625 0.01484375 0.0765625
1 0.6 0.07421875 0.015625 0.03203125
20 0.40625 0.7421875 0.00703125 0.02734375
1 0.54140625 0.74453125 0.00546875 0.0203125
15 0.52890625 0.74453125 0.00625 0.0203125
15 0.81171875 0.74453125 0.0125 0.0125
15 0.521875 0.74453125 0.00546875 0.0203125
1 0.51640625 0.7453125 0.00546875 0.01875
1 0.53515625 0.7453125 0.00546875 0.02265625
1 0.33515625 0.7453125 0.0125 0.02109375
1 0.48828125 0.74609375 0.01953125 0.07734375
1 0.503125 0.74609375 0.00546875 0.01875
1 0.54921875 0.746875 0.00546875 0.01796875
1 0.51015625 0.74765625 0.00546875 0.0171875
20 0.6203125 0.7484375 0.01171875 0.02109375
1 0.70078125 0.7515625 0.09140625 0.0609375
15 0.60078125 0.75546875 0.0046875 0.015625
15 0.4203125 0.75546875 0.01015625 0.02109375
1 0.31484375 0.75546875 0.0125 0.0109375
15 0.61015625 0.75546875 0.00859375 0.01640625
15 0.58203125 0.7640625 0.00546875 0.0328125
15 0.56328125 0.7640625 0.0171875 0.034375
20 0.77734375 0.76484375 0.009375 0.009375
1 0.55078125 0.76875 0.0046875 0.0203125
1 0.5046875 0.7703125 0.0046875 0.0203125
15 0.51171875 0.7703125 0.00703125 0.02109375
15 0.52421875 0.7703125 0.0046875 0.02109375
15 0.54375 0.7703125 0.00703125 0.01953125
1 0.53125 0.77109375 0.0046875 0.01953125
15 0.5375 0.77109375 0.0046875 0.01796875
15 0.6015625 0.77109375 0.00390625 0.015625
15 0.51796875 0.771875 0.00625 0.0234375
1 0.396875 0.77578125 0.0125 0.0109375
15 0.828125 0.77734375 0.015625 0.04375
15 0.01953125 0.7796875 0.0171875 0.0484375
9 0.8109375 0.7796875 0.0171875 0.0359375
1 0.40859375 0.7828125 0.009375 0.01015625
20 0.5484375 0.07890625 0.0140625 0.021875
1 0.77421875 0.7859375 0.00546875 0.01484375
1 0.66015625 0.79453125 0.00546875 0.01875
20 0.34765625 0.0796875 0.01484375 0.028125
1 0.70078125 0.79765625 0.02109375 0.0140625
15 0.40703125 0.79765625 0.00859375 0.0203125
15 0.090625 0.8 0.00703125 0.0203125
15 0.08046875 0.8 0.0046875 0.0203125
15 0.93203125 0.80234375 0.01015625 0.009375
1 0.31640625 0.803125 0.0125 0.0140625
20 0.33515625 0.08046875 0.01484375 0.02734375
20 0.784375 0.80390625 0.02109375 0.01640625
1 0.95703125 0.81015625 0.02265625 0.03125
15 0.309375 0.08125 0.0171875 0.0234375
17 0.93984375 0.8109375 0.00546875 0.0328125
15 0.484375 0.81171875 0.01015625 0.01015625
1 0.65390625 0.81328125 0.00625 0.0203125
1 0.49609375 0.81328125 0.0109375 0.0109375
15 0.8109375 0.81640625 0.01484375 0.03671875
1 0.40546875 0.8171875 0.009375 0.01640625
15 0.70078125 0.8171875 0.021875 0.02421875
15 0.7375 0.81875 0.01171875 0.01796875
9 0.46484375 0.81953125 0.02578125 0.0671875
15 0.7578125 0.8234375 0.0046875 0.01953125
15 0.7515625 0.82421875 0.0046875 0.01640625
1 0.31640625 0.82421875 0.0140625 0.01328125
15 0.44375 0.825 0.01015625 0.0078125
1 0.50859375 0.8265625 0.01015625 0.01640625
15 0.8578125 0.828125 0.02578125 0.01953125
15 0.93203125 0.83125 0.00703125 0.00859375
15 0.77578125 0.8328125 0.0109375 0.03359375
1 0.4953125 0.83359375 0.009375 0.0078125
15 0.79375 0.8328125 0.0109375 0.03359375
15 0.40625 0.8328125 0.0109375 0.009375
1 0.44375 0.83359375 0.0109375 0.0078125
15 0.48515625 0.8375 0.01171875 0.02265625
15 0.7375 0.8390625 0.01171875 0.0203125
15 0.7515625 0.8421875 0.00546875 0.0171875
15 0.75859375 0.84296875 0.0046875 0.01484375
1 0.40625 0.84375 0.00703125 0.00703125
1 0.43125 0.8453125 0.0109375 0.009375
15 0.8546875 0.8515625 0.0109375 0.02734375
1 0.45234375 0.8578125 0.01015625 0.0125
17 0.94375 0.8640625 0.02109375 0.01953125
15 0.5625 0.08828125 0.00859375 0.02265625
15 0.57734375 0.09140625 0.00859375 0.02109375
15 0.34453125 0.0984375 0.0109375 0.009375
1 0.446875 0.09921875 0.01171875 0.02109375
20 0.55 0.10390625 0.01484375 0.01796875
15 0.325 0.10390625 0.01171875 0.02109375
15 0.56875 0.10859375 0.00546875 0.015625
15 0.38046875 0.11015625 0.00625 0.03359375
1 0.66015625 0.11484375 0.0234375 0.03125
15 0.171875 0.11484375 0.0140625 0.0171875
15 0.31875 0.12890625 0.0171875 0.01953125
15 0.47109375 0.1359375 0.01953125 0.03125
15 0.3140625 0.14140625 0.01171875 0.009375
9 0.60703125 0.1421875 0.01875 0.04140625
9 0.66953125 0.1484375 0.02421875 0.0390625
1 0.38203125 0.1484375 0.00546875 0.01875
1 0.6515625 0.1484375 0.00859375 0.0171875
1 0.6875 0.15 0.00625 0.03203125
15 0.7515625 0.1515625 0.01328125 0.009375
4 0.81328125 0.153125 0.0234375 0.028125
4 0.77109375 0.1546875 0.02578125 0.0328125
9 0.4359375 0.16171875 0.04609375 0.09140625
15 0.47265625 0.1625 0.02265625 0.02734375
1 0.75234375 0.16328125 0.01171875 0.01171875
15 0.65078125 0.16484375 0.0125 0.01015625
1 0.8453125 0.1734375 0.03125 0.03828125
20 0.759375 0.17421875 0.01328125 0.0171875
1 0.88046875 0.178125 0.00625 0.02109375
1 0.23125 0.17890625 0.0109375 0.02109375
15 0.2234375 0.17890625 0.0046875 0.0203125
1 0.25859375 0.1796875 0.03046875 0.0265625
4 0.790625 0.18515625 0.02421875 0.02734375
15 0.92890625 0.18671875 0.01015625 0.02265625
1 0.3859375 0.18671875 0.01015625 0.0203125
15 0.91953125 0.1875 0.009375 0.02578125
15 0.8984375 0.18828125 0.00859375 0.02421875
15 0.8890625 0.190625 0.0078125 0.02109375
15 0.3984375 0.19375 0.0171875 0.02734375
1 0.96015625 0.19765625 0.015625 0.02890625
4 0.9453125 0.19921875 0.015625 0.028125
1 0.4140625 0.2015625 0.01484375 0.0234375
4 0.871875 0.20234375 0.01484375 0.02265625
4 0.92578125 0.20546875 0.0140625 0.0140625
15 0.171875 0.20703125 0.0125 0.01640625
9 0.6640625 0.2078125 0.0203125 0.02265625
4 0.88828125 0.209375 0.0140625 0.0109375
15 0.52890625 0.021875 0.021875 0.021875
1 0.87890625 0.2203125 0.025 0.0140625
15 0.6671875 0.22421875 0.0140625 0.0125
1 0.7328125 0.2265625 0.02890625 0.05859375
4 0.93671875 0.22890625 0.01796875 0.01484375
1 0.9171875 0.22890625 0.00703125 0.02109375
1 0.89453125 0.2296875 0.0078125 0.0234375
15 0.17265625 0.23203125 0.01171875 0.0125
15 0.65625 0.234375 0.0140625 0.0125
1 0.86953125 0.2375 0.04375 0.0421875
15 0.6015625 0.23671875 0.01015625 0.02578125
1 0.765625 0.2375 0.02890625 0.0890625
15 0.6125 0.240625 0.01015625 0.009375
15 0.675 0.2421875 0.00703125 0.0203125
15 0.57578125 0.24375 0.01796875 0.01484375
1 0.68203125 0.24453125 0.0046875 0.01953125
1 0.69921875 0.25234375 0.021875 0.0375
15 0.609375 0.25546875 0.00625 0.01640625
15 0.61953125 0.25546875 0.00546875 0.02109375
15 0.58828125 0.26171875 0.03671875 0.01875
15 0.92578125 0.265625 0.00546875 0.0171875
20 0.54921875 0.0265625 0.01640625 0.01171875
1 0.94296875 0.2671875 0.01328125 0.0125
9 0.90390625 0.2703125 0.0265625 0.04765625
1 0.86328125 0.27109375 0.01484375 0.0171875
1 0.503125 0.27578125 0.0109375 0.03359375
15 0.52109375 0.278125 0.00703125 0.02890625
15 0.93203125 0.28125 0.00703125 0.01953125
15 0.87890625 0.284375 0.0125 0.015625
15 0.6421875 0.3015625 0.0109375 0.0109375
1 0.7859375 0.3015625 0.00703125 0.02265625
20 0.47109375 0.3015625 0.01796875 0.02421875
1 0.9015625 0.30703125 0.0390625 0.01953125
1 0.86640625 0.30859375 0.03046875 0.03515625
15 0.6140625 0.309375 0.0171875 0.021875
20 0.61953125 0.03203125 0.0125 0.0203125
15 0.6421875 0.31953125 0.01015625 0.009375
1 0.91640625 0.3265625 0.00703125 0.0171875
15 0.92109375 0.32734375 0.00546875 0.01875
1 0.46484375 0.328125 0.02578125 0.0359375
15 0.90546875 0.328125 0.0140625 0.01484375
1 0.790625 0.33203125 0.0046875 0.0203125
15 0.79921875 0.33359375 0.0125 0.021875
1 0.8109375 0.334375 0.00703125 0.021875
15 0.703125 0.33671875 0.0078125 0.009375
15 0.621875 0.33828125 0.02265625 0.02890625
15 0.45234375 0.346875 0.0109375 0.01015625
1 0.8796875 0.35 0.040625 0.034375
1 0.69921875 0.3515625 0.00546875 0.01484375
1 0.9203125 0.3515625 0.0125 0.0140625
15 0.7203125 0.3515625 0.0046875 0.0203125
15 0.7078125 0.36171875 0.01171875 0.03359375
15 0.63984375 0.36484375 0.02109375 0.01875
1 0.475 0.36640625 0.0375 0.0359375
20 0.91953125 0.3703125 0.0140625 0.02421875
20 0.93984375 0.3703125 0.0140625 0.02421875
15 0.74375 0.371875 0.0125 0.02890625
15 0.609375 0.0375 0.00703125 0.0375
1 0.88046875 0.375 0.0046875 0.0171875
15 0.875 0.375 0.00625 0.0171875
15 0.88671875 0.37578125 0.00625 0.01875
20 0.90625 0.37578125 0.0109375 0.01875
1 0.54921875 0.0390625 0.01015625 0.0078125
15 0.484375 0.3890625 0.015625 0.0171875
1 0.47109375 0.39296875 0.0109375 0.01328125
1 0.484375 0.403125 0.01640625 0.0140625
1 0.4546875 0.4078125 0.02421875 0.0578125
15 0.353125 0.409375 0.01171875 0.02578125
15 0.62578125 0.43125 0.009375 0.01875
15 0.353125 0.43984375 0.00546875 0.0203125
15 0.6359375 0.44296875 0.009375 0.01953125
15 0.62578125 0.45 0.01015625 0.01796875
9 0.3203125 0.459375 0.0515625 0.09375
15 0.6375 0.4640625 0.0109375 0.021875
15 0.05625 0.465625 0.01484375 0.01640625
15 0.36484375 0.4671875 0.01171875 0.01328125
15 0.6109375 0.46953125 0.01171875 0.01875
15 0.6265625 0.47109375 0.00859375 0.01875
15 0.05 0.478125 0.0140625 0.01484375
15 0.353125 0.47890625 0.01171875 0.0125
1 0.3640625 0.48828125 0.009375 0.01015625
15 0.60078125 0.4890625 0.00703125 0.01875
15 0.5890625 0.48984375 0.00859375 0.0109375
1 0.96328125 0.4921875 0.040625 0.06640625
15 0.35390625 0.4953125 0.01015625 0.01171875
1 0.9203125 0.4953125 0.0359375 0.0359375
1 0.29453125 0.5015625 0.0109375 0.0234375
15 0.59765625 0.50390625 0.015625 0.0171875
1 0.58203125 0.5046875 0.0125 0.02265625
15 0.49609375 0.5078125 0.03984375 0.021875
9 0.16875 0.509375 0.0265625 0.06484375
9 0.39609375 0.5109375 0.0453125 0.090625
1 0.36484375 0.51171875 0.00859375 0.00859375
1 0.53359375 0.5140625 0.03125 0.03984375
15 0.56484375 0.51953125 0.00859375 0.0328125
15 0.2734375 0.5234375 0.0375 0.04453125
9 0.90859375 0.52734375 0.03046875 0.046875
1 0.92734375 0.5296875 0.00703125 0.015625
1 0.57421875 0.5296875 0.00859375 0.03515625
15 0.14609375 0.53125 0.0125 0.01875
1 0.70234375 0.5359375 0.01171875 0.01484375
20 0.48125 0.53671875 0.0078125 0.028125
15 0.015625 0.54140625 0.0171875 0.0203125
9 0.96484375 0.54296875 0.03125 0.04453125
9 0.6625 0.54765625 0.065625 0.0703125
1 0.25625 0.05546875 0.03046875 0.0390625
15 0.70234375 0.5515625 0.0109375 0.01640625
1 0.928125 0.56640625 0.0265625 0.04453125
1 0.70234375 0.56640625 0.01015625 0.0109375
9 0.50703125 0.56796875 0.01484375 0.02734375
20 0.49375 0.56953125 0.0109375 0.02109375
20 0.47578125 0.571875 0.01171875 0.021875
9 0.053125 0.571875 0.02734375 0.0625
1 0.56328125 0.575 0.06796875 0.05390625
15 0.23203125 0.05859375 0.015625 0.02578125
1 0.9546875 0.58359375 0.02421875 0.05
15 0.4890625 0.58984375 0.0125 0.01796875
15 0.47890625 0.59453125 0.0140625 0.02265625
1 0.34453125 0.59921875 0.0359375 0.0453125
15 0.0890625 0.60078125 0.003125 0.00859375
1 0.39765625 0.60390625 0.03359375 0.03671875
15 0.56328125 0.0609375 0.0109375 0.01015625
1 0.12734375 0.61171875 0.00859375 0.0109375
15 0.05390625 0.61171875 0.02734375 0.01640625
1 0.11484375 0.6125 0.0109375 0.0125
15 0.06640625 0.6171875 0.00078125 0.003125
1 0.68515625 0.61796875 0.0359375 0.046875
9 0.6453125 0.6203125 0.0375 0.040625
15 0.05234375 0.6234375 0.02890625 0.0140625
15 0.0515625 0.63203125 0.03359375 0.01328125
15 0.02421875 0.634375 0.015625 0.021875
15 0.85625 0.6421875 0.01328125 0.02109375
15 0.89140625 0.6421875 0.05078125 0.0234375
17 0.83515625 0.64375 0.0296875 0.0203125
1 0.38515625 0.64921875 0.06171875 0.0640625
15 0.93828125 0.65078125 0.0109375 0.01796875
20 0.34375 0.653125 0.0109375 0.00859375
1 0.9265625 0.06640625 0.028125 0.03515625
9 0.0546875 0.66171875 0.03125 0.0390625
1 0.57734375 0.6625 0.02421875 0.075
20 0.3421875 0.66328125 0.01171875 0.01015625