2 0.934375 0.46796875 0.03828125 0.01796875
2 0.94375 0.5015625 0.04765625 0.01953125
2 0.7453125 0.73671875 0.06640625 0.028125
16 0.85 0.78046875 0.04140625 0.0609375
16 0.73671875 0.78828125 0.04140625 0.0625
16 0.70625 0.79140625 0.04296875 0.0609375
4 0.178125 0.8671875 0.13515625 0.20390625
2 0.6640625 0.06796875 0.03515625 0.021875
16 0.4046875 0.0875 0.0171875 0.01171875
16 0.42265625 0.08671875 0.01796875 0.0140625
16 0.3078125 0.103125 0.01796875 0.01328125
9 0.4453125 0.11015625 0.0953125 0.0421875
2 0.646875 0.1046875 0.025 0.00859375
2 0.31640625 0.1265625 0.01875 0.01640625
20 0.265625 0.13515625 0.059375 0.0375
16 0.50234375 0.12265625 0.015625 0.01328125
9 0.765625 0.10625 0.0546875 0.0328125
2 0.80078125 0.1046875 0.01484375 0.01171875
2 0.36796875 0.13203125 0.04296875 0.02890625
9 0.653125 0.12578125 0.065625 0.03515625
4 0.03828125 0.18671875 0.07578125 0.20625
16 0.29765625 0.1765625 0.015625 0.01171875
16 0.27109375 0.18046875 0.0234375 0.00703125
16 0.221875 0.2328125 0.04296875 0.046875
16 0.25546875 0.23125 0.03984375 0.046875
2 0.896875 0.33046875 0.03359375 0.0171875
2 0.9171875 0.36015625 0.0453125 0.01953125