2 0.4953125 0.28125 0.0078125 0.0484375
16 0.01953125 0.69140625 0.00703125 0.03359375
16 0.0078125 0.7015625 0.00546875 0.03359375
16 0.0140625 0.696875 0.0046875 0.03359375
16 0.77890625 0.075 0.00234375 0.03359375
16 0.78125 0.07265625 0.00234375 0.0390625
2 0.8296875 0.196875 0.009375 0.053125
16 0.02265625 0.87109375 0.003125 0.053125
16 0.03046875 0.86875 0.00390625 0.05859375
16 0.02578125 0.8765625 0.003125 0.053125
16 0.034375 0.86875 0.003125 0.05859375
16 0.01171875 0.88828125 0.003125 0.0484375
16 0.01484375 0.8859375 0.00390625 0.06328125
16 0.01875 0.87890625 0.00390625 0.05859375
16 0.00390625 0.890625 0.00390625 0.053125
16 0.0078125 0.88828125 0.003125 0.05859375
16 0.0390625 0.8734375 0.00234375 0.0390625
2 0.56015625 0.48046875 0.00390625 0.0484375
2 0.03046875 0.92734375 0.003125 0.05859375
2 0.0265625 0.93203125 0.003125 0.05859375
2 0.03515625 0.925 0.00390625 0.053125
2 0.0234375 0.934375 0.00390625 0.053125
2 0.98203125 0.140625 0.00625 0.02890625
2 0.0046875 0.94921875 0.00390625 0.053125
2 0.0125 0.946875 0.003125 0.0484375
2 0.015625 0.94140625 0.003125 0.0484375
2 0.0078125 0.95390625 0.00390625 0.053125
2 0.0390625 0.9296875 0.00390625 0.053125
2 0.01953125 0.94140625 0.00390625 0.0484375
2 0.5328125 0.52421875 0.0109375 0.05859375
2 0.7265625 0.37890625 0.01015625 0.0484375
16 0.9828125 0.17265625 0.00625 0.03359375
2 0.90703125 0.240625 0.00703125 0.11171875
2 0.90078125 0.2453125 0.00546875 0.1015625
2 0.91328125 0.2375 0.00546875 0.11640625
16 0.5265625 0.56796875 0.00703125 0.0390625
2 0.75078125 0.38125 0.009375 0.053125
2 0.79921875 0.3546875 0.00390625 0.05859375
2 0.78828125 0.36640625 0.00390625 0.06328125
2 0.89453125 0.303125 0.00625 0.03359375
2 0.52734375 0.6046875 0.00625 0.03359375
2 0.7421875 0.43203125 0.00390625 0.05859375
2 0.54375 0.6015625 0.00390625 0.01953125
2 0.7515625 0.434375 0.01171875 0.053125
2 0.54453125 0.640625 0.0046875 0.02890625
2 0.78671875 0.43671875 0.003125 0.0390625
2 0.8125 0.43203125 0.00390625 0.02890625
2 0.66875 0.5609375 0.00546875 0.03359375
2 0.75234375 0.5 0.0109375 0.0484375
2 0.540625 0.68671875 0.00546875 0.03359375
2 0.8125 0.4609375 0.00390625 0.02890625
2 0.81796875 0.45859375 0.00625 0.02421875
2 0.72734375 0.54609375 0.0109375 0.053125
2 0.7390625 0.56328125 0.00625 0.0390625
2 0.5765625 0.69453125 0.00390625 0.02890625
2 0.753125 0.553125 0.0109375 0.05859375
2 0.73125 0.62109375 0.00546875 0.0875
2 0.725 0.62890625 0.00703125 0.0921875
2 0.803125 0.5703125 0.00390625 0.02421875
2 0.66171875 0.71328125 0.00546875 0.05859375
2 0.803125 0.596875 0.00390625 0.02890625
2 0.559375 0.80546875 0.00234375 0.0390625
2 0.55625 0.8109375 0.003125 0.0390625
2 0.7375 0.68203125 0.0046875 0.06328125
2 0.75078125 0.67734375 0.00703125 0.03359375
2 0.81640625 0.65078125 0.00625 0.096875
2 0.7515625 0.71875 0.00703125 0.02890625
2 0.81171875 0.66484375 0.00390625 0.07734375
2 0.7375 0.73515625 0.00625 0.03359375
2 0.8953125 0.61171875 0.00390625 0.0484375
2 0.83984375 0.6625 0.00625 0.0921875
2 0.8453125 0.6578125 0.00546875 0.1015625
2 0.85 0.67265625 0.0046875 0.07265625
2 0.0375 0.58515625 0.00234375 0.03359375
2 0.24765625 0.4125 0.00234375 0.0390625
2 0.1171875 0.521875 0.00234375 0.04375
2 0.1078125 0.53125 0.00390625 0.02421875
2 0.546875 0.16953125 0.00390625 0.0484375
2 0.25 0.41484375 0.00234375 0.03359375
2 0.1203125 0.52421875 0.00234375 0.0390625
2 0.378125 0.3109375 0.00234375 0.0390625
2 0.38046875 0.30546875 0.00234375 0.0390625
2 0.68828125 0.05859375 0.003125 0.0390625
2 0.36796875 0.325 0.00546875 0.02890625
2 0.7671875 0.0046875 0.003125 0.009375
2 0.7703125 0.00703125 0.003125 0.0140625
2 0.02578125 0.61171875 0.00234375 0.0390625
2 0.24453125 0.43203125 0.00390625 0.0875
16 0.2609375 0.434375 0.00390625 0.02421875
2 0.109375 0.57265625 0.0078125 0.0484375
2 0.36875 0.359375 0.00859375 0.0484375
16 0.02265625 0.65546875 0.00546875 0.0484375
2 0.1328125 0.5609375 0.003125 0.03359375
16 0.0109375 0.66484375 0.00546875 0.0390625
16 0.01640625 0.66015625 0.00546875 0.0390625
16 0.0046875 0.6671875 0.00703125 0.04375
16 0.78203125 0.02421875 0.00234375 0.0390625
16 0.7796875 0.03125 0.003125 0.03359375
16 0.2609375 0.4609375 0.00390625 0.01953125