1 0.68125 0.4734375 0.00703125 0.02265625
1 0.41796875 0.5171875 0.00546875 0.0171875
1 0.3734375 0.5203125 0.00625 0.01796875
1 0.94375 0.52265625 0.01328125 0.00703125
1 0.70859375 0.53359375 0.0203125 0.00859375
1 0.90234375 0.54296875 0.0171875 0.0078125
1 0.87109375 0.54375 0.015625 0.0078125
15 0.6453125 0.54375 0.00390625 0.01640625
1 0.815625 0.546875 0.01953125 0.00625
1 0.790625 0.5546875 0.00703125 0.0203125
1 0.4640625 0.56484375 0.00625 0.01328125
1 0.4234375 0.565625 0.00546875 0.0171875
15 0.646875 0.56953125 0.00546875 0.015625
1 0.946875 0.57109375 0.003125 0.01171875
1 0.72578125 0.5703125 0.01640625 0.0078125
1 0.66484375 0.57109375 0.01875 0.00859375
1 0.93984375 0.57109375 0.00234375 0.01171875
1 0.69609375 0.57109375 0.02109375 0.00859375
1 0.953125 0.571875 0.003125 0.0140625
1 0.38984375 0.571875 0.00546875 0.01640625
1 0.3640625 0.5734375 0.00625 0.015625
1 0.8203125 0.58125 0.00625 0.0046875
1 0.83125 0.58515625 0.00390625 0.01015625
1 0.6453125 0.5890625 0.0046875 0.01171875
1 0.94921875 0.590625 0.0046875 0.0125
1 0.78828125 0.59765625 0.0171875 0.00703125
1 0.64765625 0.60546875 0.00859375 0.00546875
1 0.74375 0.60546875 0.01015625 0.00625
1 0.1953125 0.61015625 0.00546875 0.01875
1 0.06015625 0.61171875 0.0140625 0.00703125
1 0.809375 0.6140625 0.00625 0.02421875
1 0.34765625 0.6203125 0.0046875 0.015625
1 0.48515625 0.62265625 0.00546875 0.0171875
1 0.96171875 0.63203125 0.0078125 0.0046875
1 0.7953125 0.6359375 0.01640625 0.0078125
1 0.46015625 0.6375 0.01171875 0.00859375
1 0.34765625 0.6390625 0.00390625 0.0125
1 0.4109375 0.646875 0.0046875 0.0171875
1 0.83046875 0.646875 0.00390625 0.0109375
1 0.38671875 0.64765625 0.00390625 0.0171875
1 0.8234375 0.64765625 0.00390625 0.01015625
1 0.20390625 0.66796875 0.0046875 0.01796875
1 0.09453125 0.671875 0.01328125 0.00859375
1 0.1515625 0.671875 0.01328125 0.00703125
1 0.77578125 0.69375 0.01640625 0.00859375
1 0.3765625 0.72109375 0.0046875 0.01640625
1 0.83828125 0.72109375 0.0078125 0.0046875
1 0.940625 0.72265625 0.01328125 0.00625
1 0.9546875 0.72421875 0.00546875 0.0140625
1 0.75859375 0.7265625 0.009375 0.0046875
1 0.42421875 0.7265625 0.0140625 0.0078125
1 0.8703125 0.728125 0.00546875 0.0171875
1 0.321875 0.728125 0.01328125 0.00703125
1 0.8484375 0.73203125 0.0140625 0.00625
1 0.4828125 0.74921875 0.00546875 0.0203125
1 0.1375 0.7515625 0.003125 0.01171875
1 0.69453125 0.75390625 0.01328125 0.00546875
1 0.90234375 0.76015625 0.0046875 0.01640625
1 0.07421875 0.76328125 0.0109375 0.00546875
1 0.90234375 0.78125 0.00546875 0.015625
1 0.06640625 0.784375 0.01015625 0.0046875
1 0.4921875 0.7875 0.0140625 0.00859375
1 0.55703125 0.79296875 0.0140625 0.01015625
1 0.8875 0.80390625 0.00546875 0.0171875
15 0.809375 0.80625 0.0046875 0.01640625
1 0.22578125 0.81796875 0.0046875 0.01484375
1 0.19765625 0.8265625 0.009375 0.00546875
15 0.80859375 0.8296875 0.00390625 0.015625
1 0.31328125 0.83359375 0.00546875 0.0171875
1 0.06875 0.84453125 0.0125 0.00546875
15 0.81015625 0.85078125 0.00546875 0.02109375
1 0.5484375 0.85859375 0.0109375 0.00625
1 0.3140625 0.8609375 0.00546875 0.01640625
1 0.9140625 0.86875 0.01484375 0.00859375
1 0.9421875 0.87734375 0.00546875 0.01875
1 0.94921875 0.87734375 0.00546875 0.01796875
1 0.934375 0.87734375 0.00546875 0.01640625
1 0.92734375 0.8796875 0.00390625 0.01171875
1 0.22578125 0.884375 0.00546875 0.015625
1 0.4203125 0.88515625 0.0125 0.0078125
1 0.0359375 0.8921875 0.00546875 0.01640625
15 0.48046875 0.89296875 0.0046875 0.015625
15 0.91953125 0.89453125 0.00625 0.01875
1 0.01953125 0.8984375 0.0109375 0.00625
1 0.934375 0.090625 0.00390625 0.0109375
15 0.05390625 0.90546875 0.0046875 0.01796875
15 0.94296875 0.9109375 0.0125 0.00546875
1 0.90234375 0.9125 0.015625 0.0078125
15 0.18203125 0.91484375 0.00390625 0.015625
1 0.946875 0.09140625 0.00390625 0.01171875
1 0.953125 0.0921875 0.003125 0.0125
1 0.940625 0.09140625 0.00390625 0.01328125
1 0.921875 0.92109375 0.01328125 0.00546875
15 0.90234375 0.92265625 0.0140625 0.0078125
1 0.7578125 0.925 0.01171875 0.00703125
1 0.73515625 0.92578125 0.003125 0.0109375
1 0.653125 0.92578125 0.00390625 0.01328125
1 0.71796875 0.92578125 0.003125 0.0125
1 0.62265625 0.92578125 0.0046875 0.01484375
1 0.665625 0.92578125 0.003125 0.01015625
1 0.56015625 0.9265625 0.00390625 0.0078125
1 0.684375 0.9265625 0.00390625 0.01015625
1 0.628125 0.9265625 0.00390625 0.00859375
1 0.68984375 0.9265625 0.003125 0.009375
1 0.640625 0.92734375 0.003125 0.009375
1 0.671875 0.92734375 0.00390625 0.0109375
1 0.82265625 0.92890625 0.01328125 0.00703125
15 0.88125 0.93046875 0.015625 0.0078125
15 0.80234375 0.93046875 0.015625 0.0078125
1 0.76953125 0.93359375 0.009375 0.009375
1 0.16875 0.93671875 0.0046875 0.01484375
1 0.8234375 0.93828125 0.0140625 0.00625
1 0.25546875 0.93984375 0.00859375 0.00546875
1 0.903125 0.9421875 0.0125 0.00625
15 0.80234375 0.94453125 0.01640625 0.0078125
1 0.0875 0.946875 0.003125 0.0109375
1 0.82421875 0.95859375 0.01328125 0.00625
15 0.796875 0.9625 0.00546875 0.01796875
15 0.8078125 0.96328125 0.00703125 0.01875
1 0.90390625 0.9640625 0.01171875 0.00546875
1 0.8609375 0.9703125 0.01484375 0.00546875
1 0.125 0.12578125 0.01328125 0.00625
1 0.0640625 0.13046875 0.00703125 0.01484375
1 0.39140625 0.13671875 0.01328125 0.00703125
1 0.78046875 0.14453125 0.0046875 0.01875
1 0.7640625 0.14453125 0.00546875 0.01640625
1 0.77265625 0.146875 0.0046875 0.01875
1 0.61484375 0.1484375 0.00546875 0.015625
1 0.8046875 0.153125 0.01015625 0.00703125
1 0.30859375 0.153125 0.00859375 0.00390625
1 0.12421875 0.15625 0.01171875 0.00546875
1 0.36875 0.16015625 0.01953125 0.00859375
1 0.503125 0.16640625 0.0125 0.00703125
1 0.53984375 0.16640625 0.01328125 0.00703125
1 0.1859375 0.171875 0.01328125 0.00703125
1 0.36796875 0.17265625 0.015625 0.00625
1 0.4328125 0.18125 0.0140625 0.0078125
1 0.68671875 0.18828125 0.01171875 0.00703125
1 0.3640625 0.1890625 0.01328125 0.00625
1 0.11953125 0.19765625 0.0140625 0.00625
1 0.68828125 0.2 0.0125 0.00703125
1 0.31015625 0.21171875 0.01015625 0.0046875
1 0.290625 0.21640625 0.009375 0.00625
1 0.309375 0.221875 0.009375 0.00625
1 0.290625 0.2265625 0.01015625 0.00703125
1 0.83828125 0.23046875 0.01171875 0.0078125
1 0.81328125 0.23046875 0.01015625 0.0078125
1 0.94609375 0.23515625 0.0125 0.00625
1 0.29140625 0.23671875 0.01015625 0.00546875
1 0.3078125 0.2375 0.01015625 0.00546875
1 0.96171875 0.240625 0.003125 0.0125
1 0.8015625 0.24453125 0.0046875 0.0140625
1 0.79296875 0.24453125 0.00546875 0.0140625
1 0.946875 0.24453125 0.0125 0.00546875
1 0.56875 0.24609375 0.01171875 0.00625
1 0.12890625 0.24921875 0.009375 0.0046875
1 0.946875 0.25390625 0.01171875 0.00546875
1 0.96171875 0.25390625 0.00390625 0.0125
1 0.12890625 0.259375 0.009375 0.00546875
1 0.78125 0.259375 0.0046875 0.01328125
1 0.94609375 0.2625 0.0109375 0.00546875
1 0.68515625 0.2625 0.0125 0.00625
1 0.6984375 0.26953125 0.00546875 0.01796875
1 0.12890625 0.2703125 0.0109375 0.0046875
1 0.8375 0.2703125 0.0046875 0.01484375
1 0.80390625 0.2703125 0.0046875 0.015625
1 0.8125 0.27109375 0.0046875 0.0140625
1 0.946875 0.27265625 0.01171875 0.00546875
1 0.6859375 0.2734375 0.0125 0.00546875
1 0.48828125 0.27734375 0.00390625 0.0125
1 0.97265625 0.28046875 0.01484375 0.00625
1 0.128125 0.28046875 0.00859375 0.00546875
1 0.6859375 0.28359375 0.01171875 0.00625
1 0.78203125 0.2859375 0.0046875 0.01328125
1 0.79296875 0.2859375 0.00546875 0.0109375
1 0.9734375 0.2890625 0.0140625 0.0078125
1 0.42734375 0.2921875 0.0109375 0.00625
1 0.95703125 0.30234375 0.0078125 0.02109375
1 0.29453125 0.3046875 0.015625 0.0078125
1 0.36015625 0.30546875 0.015625 0.00859375
1 0.12890625 0.3125 0.00859375 0.0046875
1 0.42734375 0.31328125 0.0140625 0.00703125
1 0.68203125 0.31796875 0.0046875 0.009375
1 0.428125 0.325 0.01171875 0.00546875
1 0.29609375 0.3265625 0.01328125 0.0078125
1 0.81484375 0.3328125 0.0046875 0.0140625
1 0.7984375 0.33203125 0.0046875 0.0125
1 0.12890625 0.3328125 0.009375 0.00390625
1 0.80625 0.3328125 0.00546875 0.01484375
1 0.82265625 0.3328125 0.00546875 0.0140625
1 0.42734375 0.33515625 0.01328125 0.00625
1 0.97890625 0.3375 0.003125 0.01015625
1 0.66484375 0.34140625 0.0078125 0.0046875
1 0.95703125 0.34296875 0.00703125 0.02421875
1 0.2984375 0.3453125 0.01875 0.0078125
1 0.43203125 0.34609375 0.0140625 0.00859375
1 0.778125 0.346875 0.00546875 0.0171875
1 0.8421875 0.34765625 0.0046875 0.01484375
1 0.86875 0.34765625 0.003125 0.01328125
1 0.85078125 0.34765625 0.0046875 0.01328125
1 0.68046875 0.35703125 0.00625 0.0234375
1 0.490625 0.35703125 0.009375 0.0046875
1 0.79765625 0.36171875 0.00390625 0.0140625
1 0.7890625 0.36171875 0.00390625 0.01328125
1 0.81484375 0.3625 0.0046875 0.0140625
1 0.82265625 0.3625 0.0046875 0.0140625
1 0.83125 0.3625 0.00546875 0.0125
1 0.80625 0.36328125 0.0046875 0.01328125
1 0.3609375 0.36640625 0.01484375 0.00859375
1 0.29453125 0.3671875 0.0171875 0.00703125
1 0.8515625 0.37265625 0.00390625 0.015625
1 0.8609375 0.37265625 0.0046875 0.015625
1 0.84140625 0.37265625 0.0046875 0.015625
1 0.121875 0.03828125 0.0046875 0.0140625
1 0.97890625 0.3765625 0.0046875 0.01328125
1 0.95703125 0.38125 0.00703125 0.021875
1 0.65546875 0.384375 0.0078125 0.00390625
1 0.778125 0.38984375 0.00390625 0.0125
1 0.78984375 0.39140625 0.0046875 0.0140625
1 0.79765625 0.39296875 0.00546875 0.01796875
1 0.68046875 0.39453125 0.00546875 0.0203125
1 0.06015625 0.39453125 0.0125 0.00703125
1 0.19296875 0.39453125 0.0125 0.00703125
1 0.86015625 0.396875 0.00546875 0.0125
1 0.85078125 0.396875 0.0046875 0.0140625
1 0.8421875 0.39765625 0.0046875 0.01328125
1 0.97890625 0.4078125 0.0046875 0.01328125
1 0.8734375 0.409375 0.003125 0.01171875
1 0.77734375 0.41328125 0.003125 0.01015625
1 0.8015625 0.4203125 0.0046875 0.015625
1 0.8578125 0.4203125 0.0046875 0.01328125
1 0.85 0.4203125 0.0046875 0.0140625
1 0.8421875 0.4203125 0.0046875 0.015625
1 0.95625 0.42109375 0.00625 0.02265625
1 0.8328125 0.42109375 0.00546875 0.01484375
1 0.809375 0.42109375 0.0046875 0.015625
1 0.7921875 0.421875 0.0046875 0.015625
1 0.65703125 0.4234375 0.00703125 0.0046875
1 0.4921875 0.42734375 0.0046875 0.015625
1 0.68046875 0.43359375 0.0046875 0.02109375
1 0.65546875 0.45625 0.0078125 0.0046875