2 0.946875 0.74765625 0.09921875 0.09375
16 0.36015625 0.73828125 0.01171875 0.04453125
16 0.3734375 0.740625 0.015625 0.04375
16 0.34609375 0.740625 0.01484375 0.04375
16 0.33203125 0.74375 0.01328125 0.0546875
16 0.71484375 0.7703125 0.0109375 0.04453125
16 0.684375 0.76953125 0.01015625 0.03125
16 0.69921875 0.77265625 0.00859375 0.03984375
16 0.67109375 0.77265625 0.0125 0.0359375
2 0.2109375 0.7609375 0.09140625 0.10703125
2 0.56171875 0.7859375 0.1 0.115625
16 0.85390625 0.83125 0.0125 0.0171875
2 0.9640625 0.84921875 0.0578125 0.1046875
2 0.73203125 0.8421875 0.0140625 0.0328125
2 0.79375 0.8484375 0.015625 0.02890625
9 0.846875 0.87265625 0.025 0.053125
2 0.8375 0.91328125 0.00703125 0.02421875
2 0.79609375 0.91171875 0.03828125 0.0734375
2 0.7359375 0.909375 0.0359375 0.0671875
16 0.70390625 0.91484375 0.02109375 0.12421875
2 0.82421875 0.92421875 0.01796875 0.04453125
2 0.9671875 0.94140625 0.01796875 0.084375
16 0.675 0.92578125 0.0359375 0.14453125
16 0.94765625 0.95390625 0.0125 0.075
2 0.31484375 0.8984375 0.0984375 0.18125
2 0.59140625 0.91640625 0.10859375 0.165625
2 0.44921875 0.9109375 0.109375 0.17734375
16 0.84609375 0.9875 0.0109375 0.0140625
22 0.228125 0.9546875 0.00078125 0.00078125
16 0.8171875 0.99609375 0.015625 0.00625
16 0.8453125 0.996875 0.00859375 0.00390625
16 0.83203125 0.996875 0.01328125 0.00390625
2 0.984375 0.215625 0.03125 0.08125
2 0.521875 0.228125 0.0171875 0.07578125
2 0.53984375 0.22890625 0.02109375 0.0734375
2 0.24296875 0.22734375 0.04140625 0.16796875
2 0.2015625 0.23203125 0.0453125 0.16484375
2 0.16015625 0.22890625 0.0359375 0.07890625
2 0.28828125 0.23828125 0.04921875 0.17109375
2 0.62578125 0.2640625 0.0421875 0.17421875
2 0.66875 0.26796875 0.040625 0.1765625
2 0.58359375 0.2640625 0.0453125 0.17421875
2 0.32578125 0.3 0.01796875 0.03828125
2 0.7 0.3265625 0.0140625 0.040625
16 0.865625 0.3890625 0.015625 0.0140625
2 0.48046875 0.36875 0.01640625 0.03125
16 0.89453125 0.409375 0.0078125 0.0328125
16 0.8703125 0.4140625 0.00859375 0.02890625
16 0.94453125 0.428125 0.06796875 0.04921875
2 0.85703125 0.4484375 0.01953125 0.0234375
2 0.8109375 0.4578125 0.02109375 0.02421875
16 0.946875 0.4703125 0.06953125 0.046875
9 0.8609375 0.4890625 0.0234375 0.0484375
16 0.946875 0.5078125 0.0703125 0.03984375
16 0.8390625 0.51796875 0.00625 0.0234375
2 0.859375 0.5296875 0.021875 0.028125
16 0.94453125 0.54140625 0.06875 0.040625
16 0.86484375 0.55390625 0.015625 0.01796875
16 0.85234375 0.55859375 0.00703125 0.02578125
16 0.94375 0.58046875 0.06796875 0.04609375
2 0.28984375 0.034375 0.0375 0.06875
2 0.2046875 0.0328125 0.03828125 0.06484375
2 0.9484375 0.65703125 0.09921875 0.10078125