20 0.8671875 0.3640625 0.01640625 0.0140625
16 0.8609375 0.36484375 0.009375 0.0078125
20 0.8234375 0.3609375 0.01328125 0.01171875
2 0.8578125 0.3703125 0.01015625 0.009375
9 0.83984375 0.37265625 0.0296875 0.03671875
20 0.78046875 0.36171875 0.01484375 0.01484375
16 0.76796875 0.3609375 0.00703125 0.0109375
16 0.7640625 0.3640625 0.0078125 0.00703125
16 0.77265625 0.37109375 0.0078125 0.01015625
16 0.8171875 0.3796875 0.0140625 0.0109375
16 0.7609375 0.3703125 0.009375 0.0078125
16 0.76953125 0.37265625 0.00625 0.00625
16 0.8109375 0.38359375 0.01015625 0.01015625
16 0.75625 0.37265625 0.00859375 0.00859375
16 0.7515625 0.375 0.01015625 0.0078125
20 0.77734375 0.38046875 0.01484375 0.01484375
16 0.80546875 0.38671875 0.0109375 0.01015625
16 0.76484375 0.3796875 0.01015625 0.0078125
16 0.746875 0.378125 0.0078125 0.00625
16 0.8 0.3890625 0.00859375 0.00859375
16 0.7609375 0.384375 0.00859375 0.00859375
16 0.75625 0.3859375 0.00859375 0.00859375
16 0.7390625 0.38515625 0.00859375 0.01015625
16 0.75078125 0.38828125 0.009375 0.009375
16 0.76796875 0.39375 0.01015625 0.0078125
20 0.73203125 0.3890625 0.015625 0.0140625
16 0.76328125 0.39609375 0.0078125 0.00625
16 0.76015625 0.3984375 0.0078125 0.00703125
20 0.72265625 0.3921875 0.01171875 0.015625
16 0.74609375 0.3984375 0.01015625 0.00859375
16 0.75703125 0.4 0.0078125 0.0078125
16 0.771875 0.403125 0.009375 0.0078125
16 0.76875 0.40625 0.01015625 0.01015625
16 0.71640625 0.396875 0.01015625 0.009375
20 0.7390625 0.4015625 0.01328125 0.01171875
16 0.76328125 0.40859375 0.009375 0.0078125
16 0.76015625 0.409375 0.009375 0.0078125
16 0.7546875 0.41328125 0.01015625 0.009375
20 0.72890625 0.409375 0.0140625 0.015625
16 0.7515625 0.41640625 0.01015625 0.00859375
16 0.70546875 0.40703125 0.01015625 0.01015625
16 0.74765625 0.41875 0.01015625 0.01015625
16 0.72265625 0.4140625 0.0078125 0.0078125
20 0.7421875 0.421875 0.01484375 0.0140625
16 0.7640625 0.4265625 0.00859375 0.0125
16 0.76015625 0.43046875 0.01015625 0.009375
20 0.73125 0.42578125 0.01328125 0.01171875
16 0.71015625 0.42265625 0.01171875 0.00859375
16 0.75390625 0.43359375 0.00859375 0.01015625
16 0.725 0.4296875 0.01171875 0.009375
20 0.75 0.43828125 0.01640625 0.015625
16 0.71796875 0.434375 0.01015625 0.009375
20 0.7390625 0.44375 0.0171875 0.015625
16 0.73046875 0.4484375 0.01171875 0.01015625
16 0.72578125 0.4515625 0.01015625 0.00859375
20 0.65546875 0.4484375 0.0375 0.03984375
2 0.70078125 0.471875 0.0171875 0.015625
20 0.603125 0.4828125 0.03828125 0.040625
2 0.603125 0.50625 0.01328125 0.01953125
2 0.59609375 0.50859375 0.0109375 0.0125
2 0.57265625 0.515625 0.00859375 0.01484375
2 0.56875 0.51875 0.01171875 0.015625
20 0.54921875 0.5171875 0.0390625 0.05
2 0.51796875 0.55390625 0.01171875 0.01171875
20 0.4921875 0.55546875 0.0359375 0.0375
2 0.5125 0.559375 0.0140625 0.0140625
20 0.4359375 0.59765625 0.03515625 0.0390625
2 0.471875 0.62421875 0.01875 0.015625
20 0.38359375 0.63125 0.0390625 0.04140625
2 0.38671875 0.6640625 0.01484375 0.01484375
2 0.35390625 0.66640625 0.0125 0.01953125
2 0.35078125 0.66875 0.0109375 0.0125
20 0.33359375 0.66796875 0.03359375 0.0390625
2 0.36640625 0.678125 0.01328125 0.0125
2 0.30234375 0.69921875 0.01015625 0.0171875
20 0.28203125 0.6984375 0.0328125 0.04375
2 0.29765625 0.703125 0.0109375 0.0125
2 0.24296875 0.71796875 0.0828125 0.096875
2 0.18359375 0.7515625 0.07734375 0.08359375
16 0.9953125 0.1875 0.00625 0.00703125
2 0.9921875 0.18828125 0.00625 0.0078125
20 0.98671875 0.19140625 0.0140625 0.0140625
16 0.99765625 0.19921875 0.00390625 0.009375
16 0.9796875 0.196875 0.0078125 0.0078125
16 0.99609375 0.20078125 0.00625 0.00625
16 0.9921875 0.2015625 0.00625 0.00546875
2 0.98515625 0.2078125 0.009375 0.0078125
16 0.9796875 0.21015625 0.0078125 0.0078125
2 0.996875 0.2171875 0.0046875 0.00703125
16 0.99140625 0.22109375 0.0078125 0.00859375
9 0.9953125 0.2328125 0.0078125 0.0296875
16 0.9734375 0.2265625 0.009375 0.00859375
16 0.9953125 0.2390625 0.00859375 0.009375
16 0.95703125 0.23671875 0.009375 0.00859375
16 0.9671875 0.24140625 0.00859375 0.0078125
16 0.96328125 0.24296875 0.009375 0.0078125
2 0.9484375 0.240625 0.01015625 0.0109375
16 0.97421875 0.24765625 0.0078125 0.01015625
16 0.94609375 0.24375 0.01015625 0.00859375
2 0.94140625 0.246875 0.01015625 0.01015625
16 0.96796875 0.25234375 0.009375 0.00703125
16 0.9359375 0.24765625 0.00703125 0.00859375
16 0.978125 0.25625 0.0078125 0.00625
16 0.93359375 0.25 0.0078125 0.0109375
16 0.9703125 0.2609375 0.0078125 0.0078125
9 0.95546875 0.25859375 0.0328125 0.02890625
16 0.93125 0.25390625 0.00625 0.00703125
16 0.93984375 0.2640625 0.00625 0.00625
16 0.9203125 0.26171875 0.00703125 0.00625
16 0.93359375 0.26796875 0.0078125 0.00703125
16 0.9875 0.2796875 0.01171875 0.0125
16 0.9625 0.2765625 0.0109375 0.01015625
16 0.92265625 0.26953125 0.00625 0.00625
16 0.9171875 0.26875 0.01015625 0.00859375
16 0.94140625 0.27578125 0.00625 0.00703125
16 0.9546875 0.28203125 0.0078125 0.00859375
20 0.93671875 0.28125 0.01640625 0.015625
20 0.925 0.2796875 0.01640625 0.01484375
16 0.9921875 0.29375 0.01015625 0.009375
16 0.90390625 0.2765625 0.01015625 0.009375
16 0.91796875 0.2828125 0.0109375 0.01015625
16 0.8890625 0.27734375 0.0078125 0.0078125
16 0.89921875 0.28125 0.00859375 0.009375
16 0.88515625 0.28125 0.0078125 0.0078125
16 0.91015625 0.2890625 0.0109375 0.01015625
16 0.88125 0.2859375 0.01015625 0.009375
16 0.90234375 0.29453125 0.01015625 0.009375
16 0.87421875 0.28984375 0.00859375 0.0078125
16 0.87109375 0.2921875 0.01015625 0.009375
20 0.89453125 0.2984375 0.01484375 0.015625
16 0.8640625 0.29609375 0.009375 0.00703125
2 0.90546875 0.3046875 0.009375 0.0078125
2 0.88828125 0.3015625 0.00859375 0.0078125
16 0.86015625 0.29921875 0.0078125 0.00703125
16 0.884375 0.3046875 0.00703125 0.00703125
2 0.88125 0.30546875 0.00859375 0.009375
2 0.8546875 0.303125 0.00625 0.00703125
16 0.86796875 0.3109375 0.00703125 0.00703125
20 0.8765625 0.3140625 0.01796875 0.015625
2 0.85 0.309375 0.00859375 0.00859375
2 0.86484375 0.3140625 0.00703125 0.00703125
2 0.8453125 0.31171875 0.0078125 0.00859375
2 0.85859375 0.315625 0.00859375 0.00859375
2 0.85625 0.31875 0.00703125 0.00703125
16 0.8703125 0.32265625 0.0078125 0.0078125
2 0.8515625 0.321875 0.0078125 0.00625
2 0.8484375 0.32265625 0.00703125 0.00703125
2 0.86640625 0.32890625 0.00859375 0.009375
2 0.8625 0.33125 0.00859375 0.00703125
9 0.83671875 0.32890625 0.025 0.03046875
20 0.81796875 0.3265625 0.01640625 0.015625
16 0.85859375 0.334375 0.0109375 0.009375
16 0.8703125 0.3375 0.00859375 0.009375
16 0.8640625 0.34140625 0.009375 0.0078125
20 0.8078125 0.33359375 0.01875 0.015625
16 0.86015625 0.3453125 0.009375 0.00859375
20 0.853125 0.34609375 0.01484375 0.0109375
2 0.82265625 0.340625 0.00703125 0.00625
2 0.88359375 0.35390625 0.01015625 0.009375
2 0.81640625 0.34296875 0.00625 0.00625
2 0.8796875 0.35625 0.0078125 0.00703125
16 0.809375 0.34375 0.009375 0.009375
16 0.8765625 0.35859375 0.009375 0.00859375
2 0.8453125 0.35234375 0.0078125 0.00703125
16 0.87421875 0.359375 0.0078125 0.00859375
16 0.80703125 0.34765625 0.009375 0.00859375
20 0.834375 0.3546875 0.01484375 0.01328125
2 0.85390625 0.359375 0.0078125 0.0109375