20 0.7015625 0.56484375 0.03125 0.021875
2 0.1125 0.6078125 0.046875 0.04296875
2 0.759375 0.571875 0.0390625 0.03515625
20 0.9125 0.65 0.0203125 0.02734375
20 0.959375 0.6609375 0.0234375 0.02421875
20 0.928125 0.6703125 0.0265625 0.025
9 0.7078125 0.02109375 0.05234375 0.0359375
9 0.8640625 0.71875 0.05390625 0.02890625
9 0.6078125 0.7609375 0.190625 0.15703125
20 0.82578125 0.76953125 0.0296875 0.02421875
9 0.42421875 0.79921875 0.09296875 0.12578125
9 0.86796875 0.79609375 0.0390625 0.04453125
20 0.81953125 0.80625 0.02421875 0.021875
2 0.36796875 0.86953125 0.02421875 0.01171875
2 0.17890625 0.884375 0.03359375 0.03046875
2 0.3671875 0.88046875 0.01953125 0.0140625
2 0.41171875 0.884375 0.040625 0.03515625
20 0.91640625 0.87578125 0.02421875 0.025
20 0.8828125 0.8796875 0.02734375 0.02578125
20 0.85390625 0.88125 0.025 0.02421875
9 0.29140625 0.91484375 0.090625 0.0734375
2 0.20859375 0.93984375 0.03359375 0.028125
2 0.79921875 0.909375 0.0375 0.0359375
20 0.878125 0.90859375 0.02265625 0.02265625
9 0.7203125 0.9453125 0.0546875 0.03359375
20 0.88046875 0.9375 0.02734375 0.021875
9 0.79140625 0.94765625 0.03203125 0.021875
20 0.171875 0.08671875 0.025 0.025
2 0.0546875 0.10390625 0.04375 0.0375
2 0.31015625 0.08984375 0.03203125 0.015625
2 0.34296875 0.0890625 0.03203125 0.0140625
20 0.1765625 0.11171875 0.0265625 0.021875
20 0.20390625 0.11015625 0.025 0.0203125
20 0.14296875 0.1140625 0.02421875 0.0203125
20 0.23046875 0.10859375 0.02734375 0.02421875
2 0.54609375 0.10234375 0.03125 0.02421875
16 0.14453125 0.128125 0.02421875 0.01015625
2 0.79765625 0.090625 0.0203125 0.01015625
16 0.17734375 0.128125 0.02421875 0.0125
16 0.20546875 0.1359375 0.02265625 0.01171875
16 0.14453125 0.1390625 0.0234375 0.009375
16 0.1765625 0.1375 0.025 0.00859375
16 0.23359375 0.13359375 0.02265625 0.01171875
9 0.88125 0.09609375 0.05078125 0.03046875
2 0.3875 0.12578125 0.021875 0.00859375
2 0.51640625 0.125 0.01484375 0.01875
9 0.47890625 0.1390625 0.0390625 0.03984375
9 0.5546875 0.14453125 0.05390625 0.03359375
2 0.5203125 0.15859375 0.0140625 0.0203125
2 0.890625 0.1375 0.03125 0.0234375
9 0.71484375 0.1578125 0.1609375 0.1375
2 0.48203125 0.17265625 0.02265625 0.00703125
2 0.509375 0.1765625 0.009375 0.01484375
9 0.3375 0.18828125 0.11796875 0.1
9 0.20625 0.2328125 0.05703125 0.03515625
9 0.50234375 0.23984375 0.05859375 0.03515625
9 0.84296875 0.228125 0.0515625 0.03046875
2 0.23046875 0.27421875 0.04453125 0.03359375
2 0.5078125 0.2875 0.04140625 0.0359375
9 0.25703125 0.37421875 0.08671875 0.07109375
2 0.1421875 0.42890625 0.03984375 0.0390625
2 0.09296875 0.434375 0.0484375 0.04140625
9 0.46953125 0.44375 0.21953125 0.18359375
20 0.8046875 0.43125 0.028125 0.01875
2 0.09765625 0.48046875 0.04296875 0.04765625
9 0.19296875 0.47890625 0.04609375 0.04765625
20 0.8109375 0.4515625 0.02890625 0.02578125
2 0.25390625 0.50625 0.034375 0.03203125
20 0.8125 0.47421875 0.02890625 0.021875
2 0.10859375 0.52421875 0.0484375 0.0359375
2 0.18125 0.52109375 0.02421875 0.01328125
20 0.8296875 0.521875 0.0265625 0.0234375
2 0.10859375 0.56484375 0.04375 0.04375
9 0.73515625 0.52890625 0.0359375 0.04140625
20 0.7890625 0.525 0.02734375 0.02578125