9 0.7515625 0.1953125 0.0234375 0.06015625
1 0.7921875 0.22421875 0.0171875 0.021875
15 0.846875 0.23671875 0.0078125 0.0359375
15 0.834375 0.23828125 0.00703125 0.03515625
15 0.87734375 0.24140625 0.00703125 0.02890625
1 0.19375 0.246875 0.0078125 0.05234375
1 0.21015625 0.24921875 0.009375 0.0515625
1 0.1375 0.25390625 0.01015625 0.06015625
1 0.121875 0.25546875 0.01171875 0.0578125
15 0.79375 0.25625 0.01171875 0.015625
15 0.73515625 0.26328125 0.01171875 0.0140625
15 0.484375 0.2625 0.00546875 0.02734375
1 0.765625 0.2671875 0.0078125 0.03359375
15 0.49375 0.275 0.00625 0.03125
15 0.84296875 0.28671875 0.009375 0.0125
15 0.58203125 0.2890625 0.0078125 0.0140625
15 0.7375 0.28984375 0.01015625 0.0125
15 0.5234375 0.29140625 0.0046875 0.034375
15 0.5328125 0.2921875 0.00390625 0.03203125
15 0.5625 0.29296875 0.009375 0.01015625
15 0.6 0.2921875 0.01015625 0.01484375
15 0.63984375 0.30078125 0.01328125 0.0125
1 0.6578125 0.303125 0.01484375 0.01953125
15 0.8453125 0.31171875 0.0109375 0.01484375
15 0.6109375 0.31171875 0.0125 0.0125
15 0.46015625 0.31484375 0.01328125 0.01875
15 0.55390625 0.31484375 0.009375 0.01328125
15 0.57109375 0.3171875 0.009375 0.0078125
15 0.59296875 0.31640625 0.0125 0.01640625
9 0.88125 0.32109375 0.01953125 0.06484375
9 0.34296875 0.3296875 0.115625 0.1625
15 0.84375 0.33359375 0.01328125 0.00859375
9 0.15 0.33828125 0.02890625 0.06875
15 0.128125 0.3453125 0.00625 0.040625
1 0.84453125 0.35625 0.00859375 0.0109375
15 0.66875 0.35703125 0.01171875 0.01328125
15 0.4390625 0.37578125 0.0125 0.02109375
15 0.69375 0.38046875 0.01328125 0.02421875
15 0.66953125 0.38125 0.009375 0.00546875
1 0.7125 0.38125 0.0125 0.0203125
15 0.12890625 0.40625 0.0078125 0.040625
15 0.1546875 0.40703125 0.00625 0.0328125
15 0.14296875 0.4078125 0.00859375 0.04140625
15 0.43828125 0.415625 0.0109375 0.01796875
15 0.4390625 0.43984375 0.01328125 0.015625
15 0.64921875 0.44140625 0.00703125 0.03046875
1 0.17578125 0.4625 0.00859375 0.05703125
1 0.19765625 0.46484375 0.01015625 0.05546875
1 0.21328125 0.47890625 0.00546875 0.03671875
15 0.4171875 0.4875 0.009375 0.01015625
15 0.4328125 0.48828125 0.0109375 0.0140625
15 0.4171875 0.51015625 0.0109375 0.015625
15 0.4328125 0.5140625 0.009375 0.00625
15 0.09609375 0.51640625 0.0109375 0.01328125
15 0.11328125 0.5171875 0.0125 0.00859375
15 0.21328125 0.52265625 0.00625 0.02890625
15 0.4171875 0.5359375 0.01015625 0.01328125
15 0.11328125 0.53515625 0.0125 0.01875
15 0.4328125 0.5359375 0.00703125 0.01015625
15 0.096875 0.53828125 0.01484375 0.01640625
9 0.19375 0.546875 0.02578125 0.0625
15 0.434375 0.553125 0.009375 0.0125
9 0.7 0.55625 0.0640625 0.27265625
9 0.54140625 0.55625 0.1453125 0.35625
15 0.41796875 0.55859375 0.00859375 0.01171875
15 0.43359375 0.57890625 0.00859375 0.0125
15 0.41875 0.58046875 0.01015625 0.00703125
9 0.35546875 0.58359375 0.0625 0.165625
15 0.4171875 0.6 0.00703125 0.0078125
15 0.4328125 0.6015625 0.00859375 0.0140625
9 0.27265625 0.60234375 0.0359375 0.13125
15 0.0953125 0.603125 0.01328125 0.01484375
1 0.1125 0.6046875 0.01328125 0.01328125
15 0.184375 0.6046875 0.00859375 0.04453125
1 0.171875 0.6140625 0.00625 0.05078125
1 0.15703125 0.6140625 0.01171875 0.05703125
15 0.415625 0.6265625 0.009375 0.0109375
15 0.4328125 0.62734375 0.009375 0.01171875
15 0.64296875 0.62734375 0.01171875 0.0171875
15 0.41796875 0.64375 0.00703125 0.009375
15 0.4328125 0.65 0.00859375 0.01171875
15 0.41640625 0.66875 0.0109375 0.01171875
15 0.4328125 0.67265625 0.00703125 0.01328125
15 0.4296875 0.69296875 0.00703125 0.01484375
15 0.28671875 0.76015625 0.0078125 0.053125
15 0.3015625 0.76171875 0.00859375 0.0546875
1 0.271875 0.7640625 0.009375 0.05234375
15 0.05859375 0.7828125 0.00703125 0.04609375
1 0.02578125 0.80078125 0.01015625 0.0421875
15 0.73125 0.0859375 0.01875 0.02578125
1 0.43828125 0.10234375 0.015625 0.0234375
9 0.7859375 0.1125 0.015625 0.0578125
15 0.7296875 0.11640625 0.01796875 0.01875
15 0.29296875 0.12109375 0.009375 0.04296875