15 0.29296875 0.05234375 0.015625 0.00625
9 0.765625 0.52734375 0.05625 0.05703125
9 0.8265625 0.52734375 0.05390625 0.0546875
1 0.59765625 0.5296875 0.0078125 0.01875
1 0.6625 0.52890625 0.00703125 0.015625
15 0.68203125 0.5296875 0.00625 0.0140625
1 0.6265625 0.5296875 0.00703125 0.0171875
15 0.6515625 0.5296875 0.0078125 0.015625
1 0.528125 0.53046875 0.0078125 0.015625
1 0.51796875 0.53046875 0.0046875 0.01484375
15 0.67265625 0.53046875 0.00703125 0.01953125
1 0.5890625 0.53125 0.00625 0.015625
1 0.53828125 0.53125 0.00546875 0.015625
15 0.496875 0.53125 0.0046875 0.0171875
1 0.5625 0.53125 0.00625 0.015625
1 0.571875 0.53125 0.0078125 0.01875
1 0.46171875 0.53125 0.0046875 0.01484375
15 0.5046875 0.53203125 0.00703125 0.0171875
1 0.6375 0.53203125 0.009375 0.01640625
1 0.471875 0.53203125 0.0078125 0.01796875
15 0.5109375 0.5328125 0.00703125 0.01796875
15 0.2109375 0.54375 0.00625 0.01328125
15 0.2265625 0.54453125 0.00546875 0.0125
15 0.24140625 0.54453125 0.0078125 0.0125
15 0.25703125 0.54453125 0.0078125 0.01484375
15 0.26484375 0.54453125 0.0078125 0.01328125
15 0.21796875 0.54453125 0.00703125 0.01328125
15 0.23359375 0.5453125 0.00625 0.0140625
15 0.1 0.5453125 0.01796875 0.00625
15 0.24921875 0.5453125 0.0078125 0.01484375
1 0.1 0.55625 0.015625 0.0078125
1 0.9625 0.55625 0.01328125 0.00703125
4 0.5703125 0.55859375 0.32109375 0.034375
15 0.26640625 0.559375 0.0046875 0.0125
15 0.23203125 0.559375 0.00390625 0.0125
15 0.23984375 0.56015625 0.009375 0.009375
15 0.2609375 0.56015625 0.0046875 0.0109375
15 0.246875 0.56015625 0.00390625 0.01328125
15 0.22578125 0.5609375 0.00625 0.0109375
15 0.2546875 0.5609375 0.00703125 0.01015625
15 0.25 0.5609375 0.00390625 0.0125
15 0.21328125 0.56171875 0.00625 0.01171875
15 0.21953125 0.56171875 0.0046875 0.0109375
1 0.1 0.56640625 0.01328125 0.00625
15 0.20859375 0.0578125 0.0046875 0.01796875
15 0.22265625 0.0578125 0.00625 0.015625
1 0.215625 0.05859375 0.00625 0.01484375
1 0.23515625 0.05859375 0.0078125 0.01484375
15 0.24453125 0.05859375 0.00625 0.01484375
15 0.228125 0.05859375 0.00390625 0.01640625
15 0.153125 0.596875 0.00703125 0.015625
9 0.2265625 0.59921875 0.06796875 0.05
9 0.08125 0.61640625 0.04609375 0.08828125
4 0.7015625 0.62109375 0.25703125 0.04140625
1 0.26640625 0.62890625 0.01640625 0.00703125
1 0.5453125 0.63203125 0.00625 0.01484375
15 0.53359375 0.63203125 0.00625 0.015625
1 0.53828125 0.6328125 0.0046875 0.01484375
15 0.115625 0.6421875 0.0125 0.00546875
15 0.196875 0.64296875 0.00390625 0.0125
15 0.23203125 0.64296875 0.0046875 0.01484375
15 0.50390625 0.64296875 0.00546875 0.01484375
1 0.5109375 0.64296875 0.00625 0.01484375
15 0.2453125 0.64296875 0.0046875 0.01171875
15 0.2265625 0.64296875 0.00546875 0.01484375
15 0.5171875 0.64375 0.0046875 0.01484375
15 0.20234375 0.64375 0.0046875 0.0140625
15 0.21484375 0.64375 0.00546875 0.0140625
15 0.2203125 0.64375 0.00546875 0.01328125
15 0.23984375 0.64375 0.0046875 0.0125
1 0.52421875 0.64375 0.00546875 0.015625
15 0.2640625 0.64375 0.00546875 0.0125
15 0.2515625 0.64453125 0.0046875 0.01484375
15 0.25703125 0.64453125 0.00390625 0.0125
15 0.2078125 0.64453125 0.0046875 0.01328125
15 0.51328125 0.65703125 0.00546875 0.01484375
15 0.2171875 0.6578125 0.00546875 0.01484375
15 0.23203125 0.6578125 0.00625 0.01328125
15 0.2578125 0.65859375 0.0046875 0.01484375
15 0.1859375 0.65859375 0.00625 0.01328125
15 0.2453125 0.659375 0.00546875 0.01171875
15 0.20859375 0.659375 0.00703125 0.0140625
15 0.2640625 0.659375 0.00703125 0.0140625
15 0.2015625 0.659375 0.0046875 0.01640625
15 0.23984375 0.659375 0.0046875 0.01328125
15 0.2515625 0.659375 0.00625 0.0125
15 0.19375 0.659375 0.00625 0.01484375
15 0.225 0.66015625 0.0078125 0.01484375
4 0.70234375 0.66640625 0.24921875 0.046875
1 0.95859375 0.66640625 0.015625 0.00859375
15 0.56640625 0.67421875 0.01640625 0.00703125
1 0.5359375 0.675 0.0125 0.00625
1 0.5484375 0.67578125 0.01171875 0.00625
9 0.4078125 0.6828125 0.15546875 0.15859375
1 0.93515625 0.690625 0.01328125 0.00703125
4 0.9015625 0.69140625 0.0484375 0.234375
15 0.95078125 0.6921875 0.01328125 0.00625
1 0.09453125 0.6953125 0.00859375 0.01484375
15 0.61171875 0.696875 0.01328125 0.0046875
15 0.93671875 0.69921875 0.01328125 0.0046875
1 0.9515625 0.7 0.01484375 0.00625
15 0.61015625 0.7015625 0.0125 0.00625
1 0.3171875 0.7078125 0.0125 0.00625
1 0.07890625 0.07109375 0.02578125 0.03125
1 0.61015625 0.7109375 0.015625 0.00703125
4 0.71640625 0.71328125 0.19375 0.03984375
4 0.85078125 0.71328125 0.04453125 0.184375
15 0.590625 0.71640625 0.00703125 0.015625
1 0.5984375 0.71640625 0.0046875 0.01484375
1 0.5828125 0.7171875 0.00625 0.01484375
1 0.50234375 0.71875 0.01328125 0.0078125
15 0.73203125 0.071875 0.00625 0.0140625
1 0.15703125 0.71953125 0.00703125 0.01484375
1 0.040625 0.07265625 0.0234375 0.0265625
15 0.74375 0.0734375 0.0046875 0.0140625
15 0.75625 0.0734375 0.00390625 0.0140625
1 0.58671875 0.7296875 0.01484375 0.00703125
15 0.76796875 0.07421875 0.0046875 0.015625
15 0.78046875 0.075 0.00625 0.0171875
1 0.0609375 0.74609375 0.01328125 0.0078125
1 0.15703125 0.7484375 0.00703125 0.01484375
1 0.3171875 0.759375 0.01640625 0.00859375
9 0.10859375 0.76015625 0.07734375 0.11015625
4 0.70859375 0.77265625 0.21796875 0.05546875
9 0.54765625 0.07734375 0.04140625 0.0359375
1 0.0609375 0.77578125 0.0140625 0.0078125
1 0.4890625 0.7796875 0.015625 0.00859375
15 0.40546875 0.7828125 0.00546875 0.0171875
1 0.653125 0.08046875 0.009375 0.0125
15 0.71328125 0.08046875 0.0046875 0.0171875
1 0.61953125 0.08125 0.00703125 0.015625
1 0.63125 0.08125 0.00703125 0.015625
1 0.065625 0.809375 0.00625 0.01484375
1 0.6421875 0.08125 0.00859375 0.0140625
15 0.68515625 0.08125 0.00625 0.0140625
15 0.69609375 0.08125 0.00625 0.01796875
1 0.6640625 0.08203125 0.00625 0.0140625
15 0.4890625 0.08203125 0.00546875 0.0140625
15 0.5859375 0.08203125 0.00625 0.015625
1 0.603125 0.08203125 0.0046875 0.015625
15 0.5953125 0.0828125 0.00625 0.0171875
15 0.40234375 0.0828125 0.00625 0.0171875
15 0.3296875 0.0828125 0.00625 0.015625
15 0.39296875 0.0828125 0.00859375 0.01484375
15 0.425 0.0828125 0.00625 0.01484375
15 0.44140625 0.0828125 0.0046875 0.01484375
15 0.45859375 0.0828125 0.00625 0.0140625
15 0.4765625 0.0828125 0.0078125 0.0140625
1 0.14140625 0.825 0.0140625 0.00703125
15 0.5 0.0828125 0.00625 0.0140625
15 0.51171875 0.0828125 0.0078125 0.0140625
15 0.41015625 0.0828125 0.00625 0.0140625
15 0.43125 0.0828125 0.00546875 0.01640625
15 0.4171875 0.0828125 0.0078125 0.01484375
15 0.3796875 0.08359375 0.00625 0.01640625
15 0.46796875 0.08359375 0.00703125 0.01484375
1 0.09296875 0.83046875 0.00625 0.015625
15 0.1015625 0.83046875 0.00546875 0.01484375
15 0.1078125 0.83046875 0.00390625 0.01328125
15 0.084375 0.83046875 0.00625 0.0140625
15 0.12734375 0.83046875 0.00625 0.015625
15 0.07734375 0.83046875 0.0046875 0.01484375
15 0.07109375 0.83125 0.00625 0.0140625
15 0.11484375 0.83203125 0.00703125 0.01484375
15 0.3359375 0.08359375 0.0046875 0.015625
1 0.03984375 0.83359375 0.02421875 0.02578125
9 0.87421875 0.83671875 0.05390625 0.053125
15 0.35859375 0.08359375 0.00625 0.01796875
4 0.53203125 0.84921875 0.60390625 0.03984375
15 0.90859375 0.85234375 0.00703125 0.015625
1 0.915625 0.853125 0.00625 0.01640625
15 0.88359375 0.08515625 0.00703125 0.01484375
4 0.9625 0.8578125 0.075 0.084375
15 0.75625 0.08671875 0.00546875 0.0140625
15 0.74375 0.0875 0.00390625 0.0125
15 0.7328125 0.0875 0.00546875 0.0109375
15 0.859375 0.0875 0.0046875 0.01640625
15 0.7671875 0.08828125 0.00390625 0.0109375
15 0.7796875 0.08828125 0.00390625 0.0109375
1 0.05 0.8859375 0.0328125 0.0375
4 0.534375 0.88984375 0.6125 0.04140625
1 0.165625 0.890625 0.0375 0.0421875
9 0.90859375 0.89296875 0.00703125 0.01640625
15 0.91640625 0.89453125 0.00703125 0.01484375
9 0.87421875 0.90234375 0.05546875 0.05546875
1 0.0484375 0.0921875 0.00703125 0.01484375
15 0.2125 0.92734375 0.00546875 0.01484375
15 0.821875 0.9296875 0.01328125 0.00625
15 0.19921875 0.93671875 0.003125 0.0140625
15 0.82109375 0.9375 0.01328125 0.00703125
1 0.19296875 0.9375 0.00703125 0.0140625
1 0.20546875 0.9375 0.00703125 0.01484375
4 0.478125 0.93828125 0.49921875 0.03828125
1 0.25703125 0.09453125 0.00546875 0.01328125
15 0.7890625 0.94296875 0.00546875 0.01328125
15 0.7953125 0.94296875 0.0046875 0.01328125
15 0.87890625 0.94296875 0.00625 0.01328125
15 0.7828125 0.94375 0.00625 0.01640625
15 0.80859375 0.94375 0.00625 0.01484375
15 0.80234375 0.94375 0.00625 0.01484375
1 0.8890625 0.94375 0.00625 0.01484375
15 0.85390625 0.94453125 0.00625 0.0140625
1 0.87109375 0.94453125 0.00625 0.01484375
1 0.1875 0.96640625 0.03671875 0.04296875
4 0.4765625 0.98046875 0.49921875 0.0390625
1 0.21484375 0.98515625 0.01875 0.0203125
1 0.06875 0.115625 0.03984375 0.0390625
15 0.234375 0.11796875 0.0078125 0.01484375
15 0.25703125 0.11796875 0.00625 0.01484375
15 0.2640625 0.11796875 0.00625 0.0140625
15 0.27109375 0.11796875 0.00625 0.0171875
15 0.24453125 0.11875 0.00625 0.01484375
15 0.2234375 0.11875 0.00546875 0.0140625
1 0.21015625 0.1203125 0.0046875 0.0171875
4 0.60546875 0.1203125 0.60078125 0.04140625
15 0.21640625 0.1203125 0.00703125 0.01796875
1 0.21328125 0.1390625 0.03203125 0.03984375
1 0.17109375 0.140625 0.03046875 0.034375
9 0.953125 0.1453125 0.05234375 0.05859375
9 0.26796875 0.1640625 0.040625 0.03984375
1 0.29375 0.17265625 0.00625 0.015625
1 0.08515625 0.178125 0.040625 0.04140625
1 0.165625 0.17890625 0.0328125 0.0453125
1 0.20546875 0.18046875 0.0375 0.040625
4 0.64765625 0.18515625 0.375 0.046875
15 0.0546875 0.1859375 0.00546875 0.01640625
15 0.04296875 0.1859375 0.0046875 0.0140625
15 0.24765625 0.1921875 0.00546875 0.0140625
15 0.23984375 0.19296875 0.00546875 0.0140625
1 0.28125 0.203125 0.00703125 0.01796875
15 0.29765625 0.203125 0.00703125 0.01796875
15 0.2890625 0.20390625 0.00546875 0.01953125
15 0.11171875 0.21796875 0.00625 0.01484375
1 0.97109375 0.21875 0.0140625 0.0078125
15 0.11953125 0.21953125 0.00625 0.01640625
15 0.33671875 0.2234375 0.0078125 0.0125
15 0.34375 0.2234375 0.0078125 0.01484375
15 0.36015625 0.2234375 0.00703125 0.01484375
15 0.35078125 0.22421875 0.0046875 0.01328125
15 0.72109375 0.225 0.00703125 0.015625
15 0.7859375 0.22578125 0.00546875 0.0171875
15 0.7953125 0.22578125 0.009375 0.0203125
15 0.35234375 0.2375 0.00703125 0.01328125
15 0.359375 0.2375 0.0078125 0.01328125
15 0.37109375 0.23984375 0.00546875 0.01640625
15 0.3375 0.23984375 0.00703125 0.0140625
15 0.34453125 0.23984375 0.00703125 0.01328125
15 0.3765625 0.240625 0.0078125 0.01484375
15 0.21875 0.025 0.0140625 0.00703125
15 0.72265625 0.24453125 0.00703125 0.01484375
9 0.87578125 0.253125 0.07578125 0.19296875
9 0.95234375 0.2546875 0.053125 0.0578125
15 0.42109375 0.2625 0.0078125 0.01796875
1 0.3234375 0.2734375 0.00625 0.01640625
1 0.309375 0.27734375 0.0046875 0.0109375
4 0.65 0.28046875 0.3703125 0.04296875
1 0.4359375 0.2828125 0.0140625 0.0078125
15 0.45625 0.2828125 0.0140625 0.0078125
4 0.60390625 0.028125 0.60390625 0.04296875
15 0.45703125 0.290625 0.01640625 0.00625
15 0.45703125 0.2984375 0.015625 0.00546875
15 0.29296875 0.03046875 0.0140625 0.00703125
15 0.45859375 0.30390625 0.0171875 0.003125
4 0.1578125 0.03046875 0.11015625 0.02421875
15 0.45703125 0.309375 0.01484375 0.0078125
15 0.49140625 0.3125 0.01875 0.00859375
15 0.45703125 0.3171875 0.01328125 0.00625
15 0.79921875 0.31796875 0.00703125 0.0140625
15 0.49140625 0.3203125 0.0140625 0.00625
15 0.471875 0.32421875 0.01875 0.00625
1 0.10546875 0.3265625 0.0046875 0.01328125
1 0.08203125 0.32734375 0.00546875 0.01328125
1 0.18046875 0.32734375 0.00546875 0.0125
1 0.11484375 0.32734375 0.0046875 0.0125
1 0.09375 0.32734375 0.00625 0.01640625
1 0.1546875 0.328125 0.00625 0.0109375
1 0.1328125 0.32734375 0.0046875 0.0125
1 0.165625 0.328125 0.00625 0.0125
1 0.1421875 0.328125 0.00625 0.0125
15 0.07421875 0.328125 0.00703125 0.01171875
1 0.19296875 0.3328125 0.0125 0.00703125
15 0.47109375 0.33359375 0.0171875 0.00703125
15 0.72109375 0.33515625 0.00703125 0.015625
1 0.8 0.3359375 0.0078125 0.015625
15 0.09765625 0.03359375 0.00546875 0.01640625
1 0.090625 0.03359375 0.00625 0.01484375
1 0.1921875 0.34296875 0.0140625 0.00703125
1 0.07734375 0.35078125 0.0140625 0.00546875
1 0.44765625 0.35390625 0.00703125 0.0171875
1 0.07890625 0.36015625 0.01484375 0.00703125
1 0.9359375 0.36484375 0.00703125 0.0140625
9 0.36796875 0.36640625 0.14609375 0.15703125
1 0.19453125 0.36796875 0.01171875 0.0046875
4 0.6484375 0.375 0.3671875 0.0359375
15 0.19296875 0.37578125 0.0125 0.00625
1 0.078125 0.378125 0.01328125 0.00625
1 0.1921875 0.3859375 0.0140625 0.00703125
9 0.0609375 0.0390625 0.0453125 0.03828125
1 0.07890625 0.390625 0.0140625 0.0078125
15 0.4484375 0.39453125 0.00625 0.01640625
1 0.07890625 0.40234375 0.0140625 0.00546875
1 0.19375 0.403125 0.01171875 0.00546875
1 0.19296875 0.4125 0.0125 0.00625
1 0.0796875 0.41484375 0.0140625 0.0078125
15 0.975 0.4171875 0.0078125 0.01640625
15 0.78125 0.41875 0.00703125 0.015625
1 0.19375 0.4234375 0.0109375 0.0046875
15 0.29296875 0.0421875 0.0140625 0.0078125
9 0.91015625 0.425 0.11875 0.1015625
15 0.078125 0.4265625 0.01328125 0.00703125
15 0.72109375 0.428125 0.00703125 0.01328125
1 0.19296875 0.43515625 0.01328125 0.00625
1 0.0796875 0.43671875 0.01484375 0.00625
1 0.17578125 0.44375 0.00546875 0.0140625
1 0.1546875 0.44375 0.00546875 0.01328125
1 0.1234375 0.44375 0.00625 0.01484375
1 0.19375 0.44375 0.0125 0.0046875
1 0.16484375 0.44375 0.00546875 0.01328125
1 0.1453125 0.44453125 0.0046875 0.01328125
1 0.096875 0.44453125 0.00625 0.0140625
1 0.1359375 0.44453125 0.00546875 0.015625
1 0.1109375 0.4453125 0.0046875 0.01328125
15 0.07890625 0.446875 0.01484375 0.00703125
1 0.403125 0.453125 0.00703125 0.015625
1 0.37890625 0.45859375 0.00703125 0.015625
4 0.65 0.4640625 0.375 0.03828125
15 0.97421875 0.4734375 0.00859375 0.015625
1 0.96875 0.49140625 0.0046875 0.01328125