2 0.95859375 0.6703125 0.0109375 0.009375
4 0.60078125 0.5546875 0.1359375 0.44609375
2 0.44140625 0.0125 0.01015625 0.00859375
2 0.0421875 0.359375 0.0203125 0.03046875
2 0.95546875 0.690625 0.01171875 0.01015625
2 0.065625 0.37734375 0.046875 0.059375
16 0.45234375 0.53203125 0.00546875 0.0125
16 0.425 0.52265625 0.00625 0.0140625
16 0.4140625 0.52109375 0.00625 0.0140625
2 0.56328125 0.57578125 0.0125 0.025
16 0.8890625 0.69609375 0.01171875 0.009375
16 0.73203125 0.1203125 0.009375 0.0171875
16 0.88828125 0.703125 0.0109375 0.009375
2 0.02421875 0.39375 0.040625 0.0578125
16 0.41640625 0.5390625 0.00625 0.01484375
16 0.4265625 0.5421875 0.00625 0.0140625
16 0.42109375 0.53984375 0.00625 0.01484375
16 0.4109375 0.53671875 0.00859375 0.0171875
20 0.74296875 0.12578125 0.01171875 0.01796875
16 0.75234375 0.1296875 0.00859375 0.015625
2 0.0578125 0.421875 0.0484375 0.06015625
16 0.77421875 0.13828125 0.00859375 0.01640625
20 0.76328125 0.134375 0.01328125 0.0171875
2 0.8796875 0.7421875 0.01015625 0.0109375
2 0.81484375 0.71875 0.01171875 0.009375
16 0.16484375 0.4890625 0.00625 0.01484375
16 0.159375 0.48671875 0.00703125 0.0140625
16 0.1703125 0.49140625 0.00703125 0.01484375
16 0.15390625 0.48515625 0.00625 0.01328125
16 0.14765625 0.48359375 0.00703125 0.015625
4 0.90859375 0.75625 0.11328125 0.38203125
2 0.01953125 0.4375 0.03828125 0.05546875
4 0.64453125 0.6640625 0.11484375 0.3875
4 0.7421875 0.69921875 0.0328125 0.04140625
4 0.71171875 0.6890625 0.1140625 0.3859375
4 0.84296875 0.73671875 0.1171875 0.38984375
4 0.77578125 0.71484375 0.11484375 0.3859375
16 0.15078125 0.5 0.00703125 0.01484375
16 0.15625 0.50234375 0.00703125 0.01484375
2 0.05078125 0.465625 0.046875 0.0578125
16 0.1671875 0.50703125 0.00625 0.0140625
16 0.16171875 0.50546875 0.00625 0.0140625
2 0.54765625 0.64453125 0.00546875 0.0125
16 0.50390625 0.6296875 0.00625 0.0125
16 0.4875 0.62421875 0.00625 0.0140625
16 0.4921875 0.625 0.00625 0.0125
2 0.53515625 0.640625 0.00625 0.0140625
2 0.54296875 0.64375 0.00625 0.01328125
2 0.53125 0.63984375 0.00546875 0.0109375
16 0.4984375 0.628125 0.00625 0.01328125
16 0.734375 0.71875 0.01171875 0.01015625
16 0.875 0.77109375 0.01171875 0.009375
16 0.54453125 0.66171875 0.00625 0.01328125
16 0.50078125 0.6453125 0.00625 0.01484375
16 0.53984375 0.659375 0.00703125 0.0140625
16 0.48359375 0.63984375 0.00625 0.01328125
16 0.49609375 0.64453125 0.00625 0.0125
16 0.51953125 0.653125 0.00625 0.01328125
16 0.50390625 0.64765625 0.00625 0.01484375
16 0.5140625 0.65078125 0.00625 0.0125
16 0.53203125 0.65703125 0.00625 0.01171875
16 0.4875 0.6421875 0.00625 0.0125
16 0.4796875 0.63984375 0.00703125 0.01484375
16 0.528125 0.65703125 0.00625 0.01328125
16 0.7921875 0.75546875 0.01171875 0.01015625
2 0.13984375 0.5296875 0.00546875 0.0140625
16 0.13515625 0.52890625 0.00703125 0.0140625
2 0.01640625 0.48671875 0.0328125 0.05703125
2 0.17421875 0.54609375 0.0109375 0.00859375
16 0.4734375 0.66015625 0.01171875 0.009375
16 0.17421875 0.553125 0.0125 0.0109375
9 0.153125 0.54765625 0.0328125 0.04296875
2 0.36171875 0.00234375 0.0125 0.00390625
9 0.4015625 0.028125 0.053125 0.05546875
16 0.5359375 0.68828125 0.01015625 0.0078125
16 0.471875 0.66640625 0.0125 0.009375
16 0.4265625 0.021875 0.0125 0.01015625
16 0.534375 0.69453125 0.0109375 0.0109375
16 0.47109375 0.6734375 0.01171875 0.009375
2 0.46015625 0.6703125 0.01171875 0.009375
9 0.50234375 0.6890625 0.0625 0.06640625
16 0.5328125 0.70078125 0.00859375 0.00625
16 0.79921875 0.79765625 0.01171875 0.01015625
16 0.46953125 0.68046875 0.01015625 0.01015625
16 0.39921875 0.65625 0.00703125 0.0140625
16 0.409375 0.659375 0.00703125 0.0140625
16 0.3890625 0.653125 0.00703125 0.015625
16 0.39453125 0.6546875 0.00625 0.01328125
16 0.40390625 0.65859375 0.00625 0.0140625
16 0.7828125 0.79453125 0.00859375 0.00859375
16 0.4140625 0.66171875 0.00703125 0.01484375
16 0.86328125 0.82421875 0.01171875 0.01015625
16 0.9390625 0.85234375 0.01015625 0.00859375
2 0.45625 0.6828125 0.0109375 0.009375
16 0.4671875 0.68671875 0.01015625 0.00859375
2 0.93671875 0.85859375 0.01171875 0.00703125
16 0.925 0.8546875 0.01171875 0.00859375
16 0.5296875 0.71484375 0.00859375 0.00703125
16 0.46640625 0.69375 0.01015625 0.00859375
2 0.328125 0.64453125 0.03125 0.040625
2 0.9359375 0.86484375 0.01171875 0.009375
2 0.38125 0.665625 0.00703125 0.0140625
2 0.371875 0.6625 0.00703125 0.01484375
16 0.92421875 0.8609375 0.01171875 0.009375
16 0.52890625 0.721875 0.01171875 0.009375
16 0.5390625 0.72578125 0.01171875 0.009375
16 0.359375 0.6625 0.01015625 0.009375
16 0.45390625 0.69609375 0.01171875 0.009375
16 0.46484375 0.70078125 0.009375 0.00703125
2 0.34921875 0.0015625 0.01171875 0.003125
2 0.934375 0.87265625 0.01171875 0.0109375
2 0.72734375 0.7984375 0.01015625 0.01875
16 0.92265625 0.86875 0.01171875 0.0109375
16 0.34609375 0.665625 0.01015625 0.00859375
16 0.35703125 0.66875 0.01171875 0.01015625
16 0.4640625 0.70703125 0.00859375 0.00703125
16 0.453125 0.7046875 0.01171875 0.009375
16 0.9328125 0.87890625 0.01171875 0.01015625
16 0.34453125 0.6734375 0.01171875 0.0078125
16 0.93125 0.8859375 0.0109375 0.00859375
16 0.91953125 0.8828125 0.01171875 0.009375
16 0.34296875 0.68046875 0.009375 0.0078125
2 0.93046875 0.89296875 0.0109375 0.0109375
2 0.51328125 0.74375 0.00546875 0.0140625
2 0.49609375 0.73828125 0.00703125 0.0140625
2 0.50859375 0.74296875 0.00859375 0.015625
20 0.08125 0.58984375 0.05859375 0.0640625
2 0.50078125 0.74140625 0.0078125 0.01484375
20 0.1390625 0.61171875 0.06484375 0.06796875
16 0.37265625 0.01015625 0.01015625 0.0078125
20 0.19765625 0.63359375 0.06484375 0.06796875
2 0.92890625 0.89921875 0.01015625 0.01015625
2 0.25234375 0.65703125 0.05703125 0.078125
16 0.9171875 0.896875 0.01171875 0.01015625
2 0.92734375 0.90546875 0.01171875 0.009375
16 0.340625 0.69609375 0.01015625 0.00859375
2 0.9265625 0.91171875 0.009375 0.0078125
16 0.35 0.70546875 0.0109375 0.009375
16 0.91328125 0.915625 0.0109375 0.0078125
4 0.57421875 0.084375 0.19609375 0.10546875
16 0.3375 0.71171875 0.0109375 0.009375
16 0.91171875 0.92265625 0.01015625 0.00859375
2 0.9234375 0.92734375 0.01171875 0.009375
16 0.3359375 0.71796875 0.01171875 0.0109375
16 0.90859375 0.9359375 0.01171875 0.009375
2 0.640625 0.84375 0.02265625 0.03046875
20 0.190625 0.69375 0.0515625 0.0625
20 0.06484375 0.6484375 0.06484375 0.06875
2 0.35859375 0.0109375 0.01015625 0.01015625
20 0.128125 0.671875 0.06796875 0.06953125
2 0.2859375 0.73203125 0.0578125 0.07734375
16 0.7609375 0.90625 0.00625 0.0140625
2 0.7796875 0.91328125 0.00625 0.0125
16 0.775 0.9109375 0.0046875 0.0125
16 0.76484375 0.90859375 0.00546875 0.0125
2 0.7703125 0.91015625 0.0046875 0.0109375
16 0.37109375 0.01640625 0.0109375 0.00859375
2 0.23984375 0.72421875 0.05703125 0.08671875
16 0.371875 0.77734375 0.009375 0.0078125
16 0.46796875 0.8140625 0.00625 0.0140625
16 0.02265625 0.65390625 0.0078125 0.015625
16 0.4625 0.81171875 0.00625 0.01328125
2 0.42109375 0.79765625 0.02734375 0.03671875
2 0.45703125 0.8109375 0.00625 0.01328125
2 0.47265625 0.81640625 0.00625 0.0140625
2 0.4359375 0.03984375 0.01171875 0.01015625
2 0.0296875 0.6578125 0.00703125 0.01484375
16 0.74921875 0.9203125 0.00546875 0.01171875
16 0.76328125 0.925 0.00625 0.01484375
16 0.74453125 0.91953125 0.00625 0.0140625
16 0.753125 0.92265625 0.00546875 0.0125
16 0.4234375 0.03671875 0.0125 0.0109375
16 0.73125 0.91484375 0.00625 0.01484375
16 0.740625 0.91796875 0.00625 0.01328125
16 0.76875 0.928125 0.00625 0.01484375
16 0.73671875 0.91640625 0.00625 0.0140625
16 0.72578125 0.9140625 0.00625 0.0125
16 0.75703125 0.92421875 0.00546875 0.01328125
16 0.646875 0.89140625 0.00703125 0.015625
2 0.65 0.89296875 0.00625 0.01484375
16 0.65546875 0.89453125 0.00625 0.01484375
16 0.37734375 0.79609375 0.009375 0.0078125
16 0.38828125 0.8 0.009375 0.00703125
16 0.3671875 0.79296875 0.01015625 0.0078125
16 0.709375 0.91640625 0.01015625 0.009375
16 0.4953125 0.8453125 0.00625 0.0140625
16 0.490625 0.84375 0.00625 0.0140625
16 0.5 0.84765625 0.00703125 0.01484375
2 0.78515625 0.95078125 0.00859375 0.0171875
16 0.75546875 0.93984375 0.00546875 0.0109375
2 0.52578125 0.8578125 0.00625 0.0140625
2 0.53359375 0.8609375 0.00546875 0.0125
16 0.7953125 0.9546875 0.00625 0.01328125
2 0.7515625 0.9390625 0.00625 0.0125
2 0.0078125 0.67265625 0.00703125 0.01640625
16 0.76484375 0.94375 0.00703125 0.01484375
2 0.72734375 0.93125 0.0046875 0.0125
2 0.7796875 0.94921875 0.00625 0.0140625
16 0.74296875 0.93671875 0.00625 0.0125
16 0.79140625 0.95390625 0.00625 0.0140625
2 0.73125 0.93203125 0.00703125 0.0140625
2 0.7390625 0.93515625 0.00546875 0.01328125
2 0.76875 0.94609375 0.00546875 0.01328125
2 0.734375 0.93359375 0.00546875 0.0125
2 0.74765625 0.9375 0.00625 0.01171875
2 0.759375 0.94375 0.00546875 0.0109375
16 0.88125 0.98671875 0.00703125 0.0140625
2 0.88671875 0.9890625 0.0078125 0.015625
16 0.54140625 0.86953125 0.00625 0.0140625
16 0.66953125 0.91796875 0.01171875 0.01015625
16 0.61640625 0.9015625 0.01171875 0.01015625
16 0.07421875 0.709375 0.00703125 0.01484375
9 0.84296875 0.96953125 0.0796875 0.06015625
16 0.66796875 0.92734375 0.01171875 0.0109375
2 0.87890625 0.99765625 0.00625 0.003125
2 0.5859375 0.90078125 0.00703125 0.01484375
16 0.58046875 0.8984375 0.00703125 0.015625
9 0.01796875 0.69609375 0.03046875 0.04609375
16 0.56484375 0.89453125 0.0109375 0.009375
2 0.52890625 0.88125 0.0046875 0.0125
16 0.42109375 0.84375 0.01015625 0.0078125
2 0.4109375 0.840625 0.01015625 0.00859375
16 0.43125 0.846875 0.01015625 0.009375
16 0.4578125 0.8578125 0.0109375 0.00859375
16 0.46875 0.8625 0.01015625 0.00859375
16 0.6671875 0.934375 0.0109375 0.01015625
2 0.22890625 0.778125 0.02734375 0.03671875
16 0.5640625 0.90078125 0.01015625 0.0078125
2 0.4671875 0.8703125 0.01015625 0.0078125
2 0.34140625 0.015625 0.0296875 0.03125
16 0.36953125 0.02265625 0.0109375 0.00859375
2 0.27890625 0.0046875 0.0296875 0.009375
16 0.61171875 0.925 0.0109375 0.01015625
16 0.56171875 0.9078125 0.01015625 0.01015625
2 0.59921875 0.92109375 0.0109375 0.01015625
2 0.35703125 0.01875 0.009375 0.00859375
2 0.465625 0.87734375 0.01015625 0.009375
16 0.61015625 0.93203125 0.01015625 0.00859375
16 0.56015625 0.91484375 0.01015625 0.00859375
2 0.5984375 0.92890625 0.01171875 0.01015625
2 0.45234375 0.88046875 0.01015625 0.0078125
16 0.4640625 0.884375 0.01015625 0.00859375
16 0.559375 0.92109375 0.01015625 0.009375
16 0.66484375 0.959375 0.00625 0.0125
2 0.43515625 0.04765625 0.01171875 0.01015625
16 0.42265625 0.04296875 0.0125 0.01015625
16 0.9890625 0.246875 0.01015625 0.00859375
16 0.659375 0.95703125 0.00703125 0.0125
2 0.59609375 0.9359375 0.0109375 0.009375
16 0.4625 0.89140625 0.01171875 0.01015625
2 0.4515625 0.8875 0.009375 0.00703125
16 0.99765625 0.2515625 0.0046875 0.009375
9 0.53515625 0.91875 0.04375 0.0578125
2 0.5578125 0.928125 0.01015625 0.0109375
9 0.7484375 0.96953125 0.09765625 0.06015625
16 0.6625 0.97265625 0.00703125 0.01484375
16 0.55625 0.934375 0.01171875 0.009375
16 0.65703125 0.97109375 0.00859375 0.015625
2 0.58203125 0.95703125 0.01171875 0.00859375
16 0.50078125 0.9421875 0.01015625 0.0078125
2 0.55078125 0.9609375 0.00546875 0.0125
2 0.509375 0.94765625 0.00546875 0.0125
2 0.54609375 0.96015625 0.00625 0.01328125
2 0.5546875 0.96328125 0.00625 0.01328125
2 0.53828125 0.9578125 0.00625 0.01328125
2 0.5421875 0.95859375 0.00625 0.0140625
2 0.515625 0.94921875 0.00859375 0.01796875
2 0.534375 0.95625 0.00625 0.01171875
2 0.521875 0.9515625 0.00625 0.01328125
2 0.52578125 0.953125 0.0046875 0.01171875
2 0.5296875 0.95390625 0.00546875 0.0109375
16 0.47734375 0.94140625 0.01015625 0.00859375
16 0.47578125 0.9484375 0.009375 0.0078125
16 0.46640625 0.94453125 0.0109375 0.009375
16 0.36875 0.0296875 0.01015625 0.009375
2 0.35625 0.02578125 0.01171875 0.0109375
16 0.6703125 0.13984375 0.0125 0.01171875
2 0.43359375 0.0546875 0.0125 0.01015625
16 0.4203125 0.05 0.0125 0.0109375
2 0.9875 0.25390625 0.01015625 0.009375
16 0.99609375 0.2609375 0.00703125 0.0109375
2 0.43203125 0.06171875 0.01015625 0.0078125
16 0.41953125 0.05703125 0.0125 0.0109375
20 0.98515625 0.26796875 0.0125 0.01640625
20 0.99453125 0.27578125 0.009375 0.0203125
2 0.56953125 0.125 0.03828125 0.05234375
16 0.9828125 0.2796875 0.01171875 0.009375
16 0.36640625 0.06484375 0.0078125 0.0171875
16 0.3609375 0.06328125 0.00703125 0.01484375
2 0.98203125 0.28671875 0.0109375 0.009375
20 0.9921875 0.29375 0.01328125 0.01796875
16 0.98046875 0.29375 0.0109375 0.00859375
16 0.759375 0.21953125 0.0078125 0.0171875
2 0.78125 0.22734375 0.00625 0.01328125
16 0.75859375 0.21953125 0.00625 0.0140625
2 0.77578125 0.22578125 0.00703125 0.015625
16 0.703125 0.2 0.0078125 0.01484375
2 0.97890625 0.30078125 0.01171875 0.0109375
16 0.9765625 0.3078125 0.01171875 0.0109375
4 0.3578125 0.1 0.540625 0.2
2 0.80859375 0.24765625 0.01015625 0.009375
2 0.7953125 0.24375 0.0109375 0.0078125
16 0.95625 0.30078125 0.00625 0.01484375
16 0.79453125 0.25 0.01171875 0.00859375
2 0.80546875 0.2609375 0.01015625 0.009375
16 0.79296875 0.25703125 0.01171875 0.00859375
2 0.66640625 0.21171875 0.01015625 0.00859375
16 0.80390625 0.26796875 0.01015625 0.0078125
16 0.79140625 0.26328125 0.01171875 0.0109375
2 0.6765625 0.2234375 0.01171875 0.009375
2 0.80234375 0.275 0.0109375 0.01015625
16 0.9453125 0.33515625 0.00703125 0.015625
16 0.9375 0.33359375 0.00625 0.01484375
4 0.35546875 0.12578125 0.5484375 0.23359375
16 0.98515625 0.35546875 0.01171875 0.009375
16 0.99453125 0.36015625 0.009375 0.009375
2 0.66015625 0.23984375 0.009375 0.0078125
2 0.659375 0.24609375 0.0109375 0.00859375
9 0.72578125 0.2875 0.115625 0.153125
2 0.61953125 0.2578125 0.01640625 0.01484375
4 0.3453125 0.16796875 0.54609375 0.240625
16 0.7765625 0.3359375 0.01015625 0.00859375
16 0.77578125 0.3421875 0.01171875 0.0078125
2 0.77421875 0.346875 0.01015625 0.009375
2 0.7734375 0.35390625 0.0109375 0.01015625
16 0.45546875 0.24375 0.00703125 0.0140625
16 0.459375 0.24609375 0.00703125 0.01484375
16 0.771875 0.36015625 0.0125 0.0109375
16 0.4296875 0.23671875 0.00625 0.0140625
16 0.4390625 0.240625 0.00703125 0.01484375
16 0.42578125 0.23671875 0.00625 0.0125
16 0.43515625 0.23984375 0.00625 0.01328125
20 0.6203125 0.3078125 0.015625 0.02109375
2 0.546875 0.28203125 0.025 0.034375
2 0.1203125 0.1296875 0.03515625 0.04765625
2 0.77109375 0.36640625 0.009375 0.0078125
16 0.68359375 0.07421875 0.0109375 0.0109375
2 0.6734375 0.33828125 0.01015625 0.009375
2 0.6859375 0.34296875 0.01015625 0.00859375
16 0.42265625 0.25078125 0.0078125 0.0140625
16 0.41953125 0.25 0.00625 0.0140625
2 0.6265625 0.325 0.0109375 0.00859375
16 0.4265625 0.253125 0.00703125 0.01484375
16 0.43125 0.25546875 0.00703125 0.01484375
16 0.434375 0.25625 0.00625 0.01484375
16 0.73828125 0.36953125 0.00703125 0.0140625
16 0.7328125 0.3671875 0.0078125 0.0140625
16 0.74296875 0.37109375 0.00625 0.01328125
16 0.74765625 0.37265625 0.0078125 0.0140625
16 0.72109375 0.3625 0.00546875 0.01484375
16 0.71015625 0.36015625 0.00703125 0.01484375
16 0.72734375 0.36640625 0.00859375 0.01640625
16 0.68515625 0.35078125 0.01171875 0.0078125
16 0.67265625 0.346875 0.0109375 0.0078125
16 0.75859375 0.37734375 0.00703125 0.01484375
16 0.75234375 0.375 0.00703125 0.015625
2 0.71484375 0.36171875 0.00703125 0.01484375
16 0.7046875 0.35859375 0.00703125 0.01640625
2 0.67109375 0.3515625 0.00859375 0.0078125
2 0.5328125 0.30234375 0.00625 0.0125
2 0.68359375 0.3578125 0.01015625 0.0078125
2 0.49453125 0.28984375 0.0359375 0.0484375
2 0.09765625 0.153125 0.02109375 0.028125
2 0.68203125 0.36328125 0.0109375 0.01015625
16 0.73515625 0.384375 0.00625 0.0125
2 0.7390625 0.3859375 0.00625 0.01484375
2 0.71640625 0.37734375 0.00703125 0.01484375
16 0.73046875 0.38359375 0.00703125 0.01484375
16 0.75 0.390625 0.00703125 0.01484375
16 0.72421875 0.38125 0.00703125 0.01484375
16 0.75546875 0.3921875 0.0078125 0.01484375
16 0.74453125 0.38984375 0.0078125 0.015625
2 0.60390625 0.34296875 0.0359375 0.04765625
2 0.5296875 0.31796875 0.00546875 0.01171875
4 0.584375 0.04921875 0.19765625 0.09765625
20 0.565625 0.33984375 0.0328125 0.05390625
2 0.746875 0.40546875 0.00625 0.0140625
2 0.75234375 0.4078125 0.00625 0.01484375
2 0.7359375 0.4015625 0.00625 0.01484375
16 0.53203125 0.33359375 0.0109375 0.00859375
16 0.53046875 0.340625 0.01015625 0.00859375
2 0.51328125 0.33515625 0.01171875 0.0234375
2 0.72265625 0.41015625 0.00703125 0.01484375
2 0.584375 0.3640625 0.01875 0.0171875
2 0.52734375 0.3546875 0.0109375 0.0078125
2 0.71953125 0.4265625 0.00625 0.0140625
16 0.74765625 0.4375 0.0109375 0.009375
16 0.7640625 0.44375 0.0109375 0.00859375
2 0.53671875 0.3703125 0.01015625 0.00859375
9 0.56171875 0.40078125 0.03203125 0.03515625
16 0.44375 0.00234375 0.01328125 0.0046875
2 0.53203125 0.3921875 0.009375 0.00703125
2 0.45546875 0.00390625 0.01171875 0.0078125
2 0.53125 0.39921875 0.01015625 0.009375
16 0.5609375 0.42578125 0.00703125 0.01484375
2 0.56640625 0.428125 0.00625 0.01328125
2 0.55078125 0.42265625 0.00546875 0.01484375
16 0.55625 0.42421875 0.00625 0.01328125
9 0.1 0.2625 0.0421875 0.0515625
16 0.528125 0.41640625 0.01015625 0.00859375
2 0.5375 0.42734375 0.009375 0.0078125
16 0.52734375 0.4234375 0.01171875 0.009375
2 0.52578125 0.4296875 0.0109375 0.009375
2 0.5359375 0.434375 0.01171875 0.01015625
2 0.57421875 0.45234375 0.03671875 0.04921875
2 0.9125 0.58359375 0.01171875 0.009375
2 0.5875 0.47109375 0.01015625 0.00859375
16 0.521875 0.4484375 0.00859375 0.00625
16 0.91171875 0.590625 0.01171875 0.009375
16 0.51953125 0.45625 0.01171875 0.0109375
2 0.53046875 0.46015625 0.0125 0.01171875
16 0.909375 0.596875 0.01015625 0.0078125
16 0.44296875 0.00625 0.01171875 0.01015625
2 0.45390625 0.01015625 0.01015625 0.00859375
16 0.3203125 0.4046875 0.00703125 0.0140625
16 0.31484375 0.40234375 0.00546875 0.0140625
16 0.3046875 0.39921875 0.00703125 0.0140625
16 0.31015625 0.4015625 0.00703125 0.01328125
2 0.05390625 0.31484375 0.01953125 0.02578125
2 0.0765625 0.3296875 0.04453125 0.05625
20 0.56328125 0.5046875 0.0359375 0.05234375
2 0.90234375 0.63359375 0.01015625 0.01015625
2 0.83671875 0.61171875 0.01015625 0.01015625
2 0.0453125 0.3359375 0.0203125 0.02578125