2 0.34453125 0.7984375 0.01171875 0.05234375
2 0.36328125 0.7859375 0.0125 0.05234375
2 0.334375 0.8046875 0.01171875 0.05234375
2 0.35390625 0.79375 0.01171875 0.05234375
20 0.5875 0.65703125 0.0203125 0.07109375
2 0.57578125 0.6671875 0.0078125 0.03203125
2 0.175 0.91875 0.00703125 0.03359375
2 0.59921875 0.65546875 0.00703125 0.03359375
2 0.90234375 0.46875 0.0109375 0.05078125
2 0.9125 0.46171875 0.0109375 0.04921875
2 0.92265625 0.45703125 0.0109375 0.05234375
16 0.69453125 0.6 0.0078125 0.03359375
2 0.93203125 0.45234375 0.01171875 0.05234375
2 0.63046875 0.6421875 0.0078125 0.03203125
20 0.09765625 0.9640625 0.02265625 0.06953125
2 0.08515625 0.98046875 0.0078125 0.03203125
2 0.61171875 0.65625 0.0078125 0.03515625
16 0.68515625 0.6125 0.00546875 0.03046875
2 0.75625 0.56875 0.00859375 0.03203125
16 0.65078125 0.63515625 0.00703125 0.03046875
16 0.67734375 0.6203125 0.00703125 0.03359375
20 0.62109375 0.6546875 0.015625 0.05390625
2 0.11171875 0.97890625 0.00859375 0.03515625
20 0.66015625 0.640625 0.0109375 0.04140625
2 0.73515625 0.59453125 0.00703125 0.03515625
9 0.7234375 0.60234375 0.0203125 0.06953125
16 0.66953125 0.63828125 0.0078125 0.03359375
20 0.32265625 0.85390625 0.02265625 0.0859375
20 0.1890625 0.9390625 0.02109375 0.078125
16 0.203125 0.93203125 0.01015625 0.04296875
2 0.11875 0.98203125 0.00703125 0.03203125
16 0.7828125 0.57421875 0.01015625 0.03984375
2 0.7125 0.61875 0.00625 0.03046875
20 0.38203125 0.82421875 0.0234375 0.08125
16 0.696875 0.6328125 0.0078125 0.03203125
20 0.7703125 0.58828125 0.021875 0.084375
20 0.82265625 0.55625 0.02109375 0.08125
2 0.81015625 0.565625 0.00703125 0.03203125
16 0.83671875 0.55234375 0.009375 0.03671875
20 0.89140625 0.52109375 0.0203125 0.08125
2 0.60390625 0.70234375 0.00859375 0.03828125
20 0.95078125 0.4890625 0.02265625 0.0796875
16 0.9640625 0.48359375 0.00859375 0.03828125
16 0.628125 0.6984375 0.0078125 0.03359375
16 0.6140625 0.70703125 0.00703125 0.03515625
16 0.6203125 0.70234375 0.0078125 0.03515625
16 0.6546875 0.68203125 0.00859375 0.03515625
2 0.68828125 0.66171875 0.00703125 0.03359375
16 0.68046875 0.66796875 0.00703125 0.03359375
2 0.66953125 0.67890625 0.00703125 0.03203125
2 0.58046875 0.73359375 0.00703125 0.03046875
2 0.63671875 0.70234375 0.00703125 0.02890625
16 0.66328125 0.6875 0.0078125 0.03046875
16 0.64375 0.7 0.00703125 0.03046875
16 0.70703125 0.66171875 0.00625 0.03046875
16 0.69921875 0.67109375 0.00703125 0.03046875
16 0.7421875 0.64609375 0.00703125 0.03359375
16 0.34375 0.89296875 0.01015625 0.04453125
16 0.7484375 0.64140625 0.00703125 0.03359375
16 0.72265625 0.66484375 0.00703125 0.03046875
2 0.59609375 0.7515625 0.00546875 0.02578125
2 0.5890625 0.75703125 0.00703125 0.03359375
16 0.39921875 0.878125 0.01015625 0.03984375
16 0.75703125 0.66171875 0.00625 0.03046875
2 0.62421875 0.74453125 0.0109375 0.04296875
16 0.91640625 0.565625 0.00859375 0.04140625
2 0.39296875 0.890625 0.0078125 0.03359375
2 0.61328125 0.75625 0.0109375 0.05078125
2 0.9671875 0.5359375 0.00703125 0.03515625
16 0.64765625 0.7359375 0.00703125 0.03203125
2 0.6984375 0.70703125 0.00859375 0.03203125
16 0.91015625 0.5765625 0.0078125 0.03359375
16 0.6609375 0.73828125 0.00703125 0.03359375
16 0.64140625 0.753125 0.00703125 0.03203125
2 0.634375 0.759375 0.00703125 0.02890625
2 0.6015625 0.78125 0.00703125 0.03046875
16 0.996875 0.53515625 0.00546875 0.03671875
9 0.68671875 0.73125 0.0234375 0.084375
2 0.478125 0.8703125 0.00703125 0.03515625
2 0.26640625 0.96875 0.01875 0.06015625
2 0.70703125 0.73125 0.00703125 0.03515625
2 0.303125 0.9609375 0.04140625 0.075
2 0.7 0.7390625 0.00703125 0.03203125
16 0.65859375 0.7734375 0.00625 0.02890625
2 0.50390625 0.871875 0.00703125 0.02890625
2 0.51796875 0.86171875 0.00703125 0.03359375
2 0.52421875 0.86015625 0.0078125 0.03046875
9 0.73203125 0.73203125 0.015625 0.0765625
16 0.64609375 0.78671875 0.00703125 0.03203125
2 0.99453125 0.57421875 0.00703125 0.03359375
16 0.99765625 0.571875 0.00390625 0.03515625
16 0.721875 0.74765625 0.0078125 0.03359375
2 0.83046875 0.68125 0.040625 0.1234375
2 0.79453125 0.7046875 0.0421875 0.1234375
20 0.3984375 0.96328125 0.0171875 0.05546875
16 0.70546875 0.771875 0.0078125 0.03203125
20 0.33984375 0.98828125 0.0125 0.0203125
9 0.6265625 0.825 0.03671875 0.08125
16 0.71328125 0.778125 0.00703125 0.03046875
20 0.66171875 0.81875 0.0140625 0.04609375
20 0.884375 0.6828125 0.0125 0.04609375
20 0.671875 0.81640625 0.0125 0.04453125
2 0.64609375 0.83125 0.00625 0.02890625
20 0.903125 0.67265625 0.0125 0.04296875
20 0.9625 0.63828125 0.0125 0.04609375
16 0.65390625 0.83203125 0.00703125 0.03046875
16 0.68671875 0.81328125 0.00703125 0.03515625
2 0.3890625 0.99140625 0.00859375 0.0140625
16 0.7078125 0.80625 0.00703125 0.03046875
16 0.40625 0.9921875 0.00859375 0.0125
2 0.75703125 0.78671875 0.0078125 0.03515625
16 0.6046875 0.8796875 0.00859375 0.03046875
16 0.71640625 0.81640625 0.00703125 0.03203125
16 0.72890625 0.8078125 0.00703125 0.03046875
4 0.47421875 0.9421875 0.1140625 0.1125
16 0.72265625 0.8140625 0.00703125 0.03046875
16 0.77421875 0.78125 0.00703125 0.03359375
2 0.9234375 0.69140625 0.0078125 0.03515625
2 0.953125 0.675 0.0078125 0.03203125
2 0.98203125 0.6578125 0.00703125 0.03515625
16 0.75078125 0.8015625 0.0078125 0.03359375
16 0.765625 0.79140625 0.0078125 0.03515625
16 0.87890625 0.725 0.00703125 0.03515625
16 0.94609375 0.6859375 0.0078125 0.03359375
16 0.91015625 0.70859375 0.00703125 0.03203125
16 0.91640625 0.70390625 0.00703125 0.03203125
16 0.93984375 0.68984375 0.00859375 0.03203125
16 0.96953125 0.67265625 0.0078125 0.03359375
16 0.97578125 0.67109375 0.00703125 0.03046875
16 0.68671875 0.8578125 0.00703125 0.03203125
16 0.69296875 0.85546875 0.0078125 0.03359375
16 0.66171875 0.878125 0.0078125 0.03046875
16 0.64921875 0.8859375 0.00625 0.03359375
16 0.7 0.85390625 0.00625 0.03046875
16 0.67578125 0.87109375 0.0078125 0.03359375
2 0.71171875 0.8484375 0.00703125 0.03203125
2 0.88671875 0.7390625 0.0078125 0.03203125
16 0.61953125 0.90625 0.00625 0.03046875
2 0.61328125 0.91171875 0.00703125 0.03515625
16 0.60703125 0.915625 0.00703125 0.03359375
16 0.64296875 0.89375 0.00625 0.03046875
16 0.71875 0.84921875 0.00703125 0.03046875
2 0.73125 0.84140625 0.00703125 0.03359375
16 0.725 0.846875 0.00859375 0.03515625
2 0.6296875 0.90546875 0.0078125 0.03203125
2 0.7453125 0.834375 0.00859375 0.03203125
16 0.81875 0.78984375 0.00703125 0.03203125
16 0.81171875 0.7953125 0.00703125 0.03359375
2 0.84765625 0.77421875 0.0078125 0.03359375
16 0.85546875 0.7703125 0.00703125 0.02890625
16 0.753125 0.834375 0.00703125 0.02890625
16 0.7828125 0.81640625 0.0078125 0.03203125
16 0.7765625 0.82109375 0.0078125 0.03515625
2 0.7703125 0.825 0.0078125 0.03203125
2 0.79921875 0.80703125 0.00703125 0.03203125
16 0.80546875 0.80546875 0.00625 0.03203125
2 0.825 0.79296875 0.0078125 0.03203125
16 0.8328125 0.78828125 0.00859375 0.03203125
16 0.88125 0.759375 0.00703125 0.03203125
16 0.86171875 0.771875 0.00703125 0.03203125
2 0.90625 0.7453125 0.00703125 0.02890625
16 0.91953125 0.73515625 0.0078125 0.03046875
16 0.91328125 0.740625 0.00703125 0.02890625
2 0.9359375 0.725 0.00703125 0.02890625
16 0.9484375 0.71875 0.00703125 0.02734375
16 0.9421875 0.72265625 0.00703125 0.02890625
2 0.96484375 0.70859375 0.00703125 0.02890625
16 0.97890625 0.7 0.00859375 0.02734375
16 0.97265625 0.70546875 0.00859375 0.02578125