16 0.56796875 0.825 0.06953125 0.09765625
2 0.0703125 0.68359375 0.0578125 0.08046875
2 0.921875 0.9390625 0.071875 0.1203125
16 0.69765625 0.88359375 0.0484375 0.12734375
2 0.49609375 0.0734375 0.0734375 0.103125
4 0.00859375 0.69765625 0.01640625 0.2234375
2 0.4734375 0.8828125 0.08828125 0.07421875
9 0.36640625 0.86171875 0.06640625 0.09609375
2 0.05 0.778125 0.08203125 0.1234375
9 0.1828125 0.82734375 0.05234375 0.05859375
2 0.628125 0.97734375 0.03515625 0.04375
2 0.17578125 0.8953125 0.05859375 0.053125
2 0.69375 0.1515625 0.05390625 0.07109375
2 0.56015625 0.1265625 0.08359375 0.12265625
2 0.98828125 0.2640625 0.021875 0.07734375
2 0.51171875 0.159375 0.046875 0.0671875
2 0.96640625 0.33515625 0.05390625 0.07421875
9 0.55234375 0.225 0.02421875 0.0453125
2 0.28359375 0.15859375 0.0734375 0.11484375
2 0.8859375 0.34765625 0.06484375 0.1
2 0.33515625 0.203125 0.06796875 0.11015625
9 0.73515625 0.33671875 0.05859375 0.07421875
2 0.81953125 0.40078125 0.0765625 0.1203125
2 0.2109375 0.23671875 0.05390625 0.0921875
2 0.75703125 0.4125 0.04921875 0.08125
2 0.38984375 0.31171875 0.03828125 0.053125
16 0.1234375 0.2671875 0.08203125 0.0796875
20 0.73125 0.45625 0.02734375 0.06875
9 0.603125 0.42109375 0.05625 0.04765625
2 0.765625 0.47265625 0.03984375 0.0625
20 0.3390625 0.37578125 0.06484375 0.0515625
20 0.43828125 0.40703125 0.05390625 0.04296875
20 0.21484375 0.34453125 0.05625 0.04453125
9 0.59609375 0.45703125 0.0578125 0.05078125
2 0.7765625 0.11796875 0.06875 0.0921875
2 0.0609375 0.39296875 0.06328125 0.07890625
2 0.15703125 0.4296875 0.05859375 0.0796875
2 0.69296875 0.60859375 0.1953125 0.24375
2 0.83984375 0.67265625 0.05390625 0.090625
2 0.25546875 0.50859375 0.084375 0.10859375
2 0.165625 0.53046875 0.0890625 0.121875
2 0.57109375 0.74609375 0.04375 0.078125
2 0.11484375 0.6578125 0.05859375 0.09140625
2 0.75703125 0.859375 0.09296875 0.125
2 0.8484375 0.8859375 0.09765625 0.13046875