9 0.69375 0.58515625 0.1390625 0.20703125
16 0.92265625 0.11015625 0.0078125 0.01640625
2 0.86484375 0.0984375 0.009375 0.01953125
16 0.90625 0.1078125 0.003125 0.01484375
2 0.91796875 0.63046875 0.01015625 0.01640625
16 0.7640625 0.6078125 0.00859375 0.0171875
9 0.52421875 0.5671875 0.13828125 0.24453125
2 0.4015625 0.5515625 0.0140625 0.0140625
16 0.91875 0.6578125 0.0125 0.02578125
2 0.33515625 0.5421875 0.0078125 0.01015625
9 0.89375 0.675 0.02890625 0.0484375
16 0.940625 0.69765625 0.0234375 0.02578125
16 0.971875 0.70390625 0.015625 0.01953125
2 0.61796875 0.63671875 0.00546875 0.01171875
2 0.44765625 0.6203125 0.0078125 0.015625
9 0.3125 0.596875 0.10390625 0.1234375
2 0.71640625 0.68359375 0.009375 0.00703125
2 0.36171875 0.61875 0.00546875 0.0171875
2 0.7375 0.69453125 0.00625 0.0140625
2 0.25859375 0.60703125 0.00625 0.015625
20 0.23046875 0.6140625 0.01875 0.01953125
9 0.93984375 0.76640625 0.03046875 0.04453125
9 0.8859375 0.759375 0.03203125 0.04921875
2 0.2484375 0.6359375 0.0109375 0.00859375
2 0.53125 0.69453125 0.0109375 0.0078125
16 0.57265625 0.7078125 0.0109375 0.009375
2 0.30546875 0.65546875 0.0109375 0.01171875
16 0.6875 0.7328125 0.01328125 0.0140625
16 0.75859375 0.746875 0.01640625 0.01484375
16 0.57109375 0.7171875 0.009375 0.01015625
16 0.68671875 0.740625 0.01171875 0.01015625
9 0.59296875 0.728125 0.034375 0.0453125
9 0.66484375 0.7421875 0.0421875 0.04765625
9 0.73515625 0.76015625 0.0328125 0.04140625
16 0.56796875 0.73203125 0.009375 0.009375
16 0.56796875 0.74453125 0.01015625 0.0109375
2 0.6578125 0.765625 0.009375 0.0078125
16 0.62734375 0.76015625 0.00625 0.015625
2 0.58828125 0.753125 0.0109375 0.01015625
2 0.72734375 0.78125 0.00859375 0.01015625
2 0.36953125 0.73828125 0.0078125 0.01796875
16 0.4328125 0.034375 0.0203125 0.0203125
2 0.3609375 0.7375 0.00546875 0.0171875
2 0.3890625 0.7515625 0.01015625 0.01953125
16 0.24296875 0.740625 0.0234375 0.0234375
16 0.2203125 0.7375 0.021875 0.0203125
2 0.74921875 0.87421875 0.00703125 0.015625
20 0.22109375 0.775 0.01640625 0.0234375
20 0.25234375 0.78203125 0.01640625 0.02421875
9 0.77265625 0.89296875 0.0375 0.06484375
2 0.746875 0.9046875 0.00625 0.01875
16 0.7359375 0.90390625 0.0109375 0.009375
2 0.2890625 0.8296875 0.07265625 0.11015625
16 0.2078125 0.825 0.021875 0.028125
2 0.74453125 0.975 0.02734375 0.0453125
2 0.78671875 0.97890625 0.034375 0.04140625
2 0.33203125 0.934375 0.03046875 0.04609375
2 0.37421875 0.94921875 0.05078125 0.06796875
2 0.171875 0.91640625 0.03359375 0.04921875
16 0.43125 0.05703125 0.0171875 0.01875
2 0.44765625 0.98203125 0.03203125 0.02734375
9 0.4921875 0.99375 0.03125 0.01171875
2 0.35703125 0.04921875 0.03515625 0.0484375
2 0.94765625 0.17109375 0.00625 0.0125
2 0.940625 0.16875 0.003125 0.01328125
2 0.95390625 0.171875 0.0046875 0.0140625
2 0.93359375 0.16796875 0.00625 0.01328125
16 0.43046875 0.0765625 0.0234375 0.0203125
2 0.8609375 0.17109375 0.00703125 0.01953125
2 0.86796875 0.17265625 0.00546875 0.01484375
2 0.88046875 0.175 0.00546875 0.015625
16 0.721875 0.14453125 0.02890625 0.03125
2 0.94453125 0.18984375 0.0046875 0.01484375
2 0.87578125 0.175 0.0078125 0.0171875
2 0.9515625 0.19140625 0.0046875 0.01484375
2 0.93046875 0.18671875 0.00703125 0.0171875
2 0.93828125 0.1890625 0.00625 0.01328125
16 0.60078125 0.12109375 0.02734375 0.034375
2 0.69375 0.1671875 0.00625 0.0171875
2 0.65 0.159375 0.0078125 0.015625
16 0.10625 0.05703125 0.01171875 0.009375
2 0.35078125 0.10625 0.03359375 0.05
2 0.41953125 0.121875 0.03515625 0.05078125
16 0.1046875 0.06953125 0.009375 0.00703125
2 0.95546875 0.23984375 0.00546875 0.01484375
2 0.7546875 0.20078125 0.0140625 0.028125
2 0.88515625 0.23046875 0.0078125 0.01875
16 0.103125 0.08203125 0.01015625 0.009375
2 0.559375 0.1734375 0.00703125 0.01640625
16 0.78984375 0.21953125 0.009375 0.0265625
2 0.46171875 0.15390625 0.00859375 0.01796875
16 0.7765625 0.2171875 0.01328125 0.021875
16 0.80234375 0.225 0.01171875 0.0265625
2 0.93203125 0.25546875 0.00625 0.01484375
2 0.87265625 0.24453125 0.00625 0.0140625
2 0.94453125 0.25859375 0.0046875 0.0109375
2 0.8515625 0.24140625 0.0078125 0.0140625
2 0.865625 0.24375 0.00703125 0.01875
2 0.93828125 0.25859375 0.00546875 0.01171875
2 0.85859375 0.2421875 0.00625 0.01484375
2 0.92578125 0.2578125 0.0078125 0.01640625
9 0.14453125 0.10234375 0.03046875 0.0484375
16 0.10234375 0.09375 0.0109375 0.0078125
2 0.375 0.15 0.0109375 0.01953125
2 0.61484375 0.2 0.00703125 0.01640625
16 0.675 0.2171875 0.02734375 0.01953125
16 0.10078125 0.10546875 0.01015625 0.0078125
2 0.16171875 0.11875 0.0078125 0.01640625
16 0.93515625 0.275 0.0046875 0.01484375
16 0.92890625 0.27421875 0.00546875 0.01328125
16 0.94375 0.278125 0.00703125 0.01484375
16 0.92421875 0.2765625 0.00625 0.01875
2 0.80078125 0.25390625 0.009375 0.01640625
16 0.0984375 0.11796875 0.0109375 0.00859375
16 0.0984375 0.13203125 0.0109375 0.009375
16 0.66484375 0.24609375 0.0203125 0.01953125
2 0.45625 0.21015625 0.00625 0.01640625
16 0.0953125 0.1421875 0.009375 0.0078125
16 0.73828125 0.2796875 0.01484375 0.02734375
16 0.72734375 0.27734375 0.01484375 0.0234375
16 0.0953125 0.15546875 0.0109375 0.009375
2 0.6890625 0.2765625 0.0109375 0.02109375
2 0.7015625 0.2859375 0.0109375 0.02109375
16 0.09375 0.16796875 0.009375 0.00859375
9 0.1359375 0.17890625 0.03046875 0.04140625
9 0.665625 0.2890625 0.0359375 0.05
9 0.54296875 0.265625 0.14453125 0.196875
2 0.7421875 0.31015625 0.0109375 0.01953125
2 0.1546875 0.19296875 0.00625 0.01875
16 0.09375 0.18203125 0.00859375 0.009375
2 0.3921875 0.24296875 0.00859375 0.01640625
2 0.68671875 0.303125 0.00859375 0.0171875
9 0.2859375 0.2265625 0.09453125 0.1375
16 0.09140625 0.19453125 0.00859375 0.0078125
2 0.44921875 0.27109375 0.00625 0.0140625
9 0.86953125 0.36015625 0.096875 0.1296875
16 0.090625 0.20625 0.01015625 0.00859375
16 0.08984375 0.21796875 0.0109375 0.009375
2 0.9265625 0.3890625 0.00625 0.015625
16 0.08828125 0.23125 0.00859375 0.0078125
9 0.66015625 0.3453125 0.02734375 0.04140625
2 0.47109375 0.309375 0.0078125 0.0140625
9 0.13125 0.25234375 0.02890625 0.04375
16 0.0859375 0.2453125 0.0109375 0.01015625
16 0.08515625 0.25625 0.00859375 0.00859375
2 0.14609375 0.271875 0.00625 0.01953125
16 0.084375 0.26953125 0.0109375 0.009375
16 0.0828125 0.28125 0.009375 0.01171875
2 0.2875 0.33046875 0.00859375 0.015625
16 0.08125 0.29296875 0.01015625 0.0078125
16 0.0796875 0.30546875 0.01015625 0.009375
2 0.79296875 0.45234375 0.00625 0.01328125
2 0.346875 0.36640625 0.01015625 0.01015625
9 0.12265625 0.3265625 0.0296875 0.04375
16 0.078125 0.31875 0.0109375 0.009375
2 0.41796875 0.3890625 0.01015625 0.0109375
9 0.91640625 0.4890625 0.03203125 0.04921875
2 0.140625 0.34375 0.0078125 0.01953125
16 0.07734375 0.33125 0.0109375 0.0078125
2 0.6546875 0.45078125 0.0078125 0.0171875
2 0.9296875 0.50703125 0.0078125 0.0140625
16 0.7640625 0.475 0.03125 0.03203125
16 0.0765625 0.3453125 0.009375 0.01328125
2 0.5546875 0.4515625 0.01015625 0.0125
16 0.07578125 0.35703125 0.00859375 0.009375
2 0.659375 0.48359375 0.009375 0.00703125
16 0.075 0.36875 0.009375 0.00859375
9 0.33203125 0.42265625 0.1 0.11953125
9 0.11640625 0.3859375 0.0328125 0.03984375
16 0.07421875 0.38203125 0.00859375 0.009375
9 0.9078125 0.55078125 0.02421875 0.04140625
2 0.3796875 0.44453125 0.009375 0.015625
2 0.27578125 0.4328125 0.00546875 0.01484375
2 0.76171875 0.53203125 0.00625 0.01328125
16 0.071875 0.39453125 0.009375 0.00703125
2 0.92421875 0.56953125 0.00625 0.01953125
16 0.06171875 0.40390625 0.0171875 0.01640625
9 0.4140625 0.475 0.034375 0.0453125
2 0.59375 0.515625 0.00625 0.0125
2 0.4296875 0.49609375 0.00703125 0.015625
16 0.05859375 0.4234375 0.0171875 0.01796875
2 0.76953125 0.5671875 0.009375 0.025
2 0.30234375 0.4765625 0.0109375 0.01015625
2 0.84765625 0.09296875 0.00546875 0.01640625
2 0.9 0.10390625 0.00859375 0.01640625
2 0.4609375 0.51953125 0.0078125 0.0171875
2 0.9171875 0.10703125 0.00546875 0.0140625
16 0.853125 0.09453125 0.0078125 0.01796875
2 0.88203125 0.10078125 0.0078125 0.01640625
9 0.9 0.615625 0.03125 0.04921875
16 0.93984375 0.1125 0.0046875 0.015625
2 0.93515625 0.11171875 0.009375 0.0171875
16 0.87109375 0.09921875 0.00703125 0.01484375