1 0.9125 0.49140625 0.03203125 0.01484375
1 0.91328125 0.5234375 0.04140625 0.01640625
1 0.6734375 0.7328125 0.05859375 0.0234375
15 0.7609375 0.7796875 0.025 0.05625
15 0.653125 0.78046875 0.025 0.05859375
15 0.6234375 0.78046875 0.0265625 0.05703125
4 0.11171875 0.821875 0.08125 0.1890625
4 0.92109375 0.82734375 0.06640625 0.1171875
1 0.753125 0.10234375 0.028125 0.01953125
15 0.50703125 0.10546875 0.01328125 0.0109375
15 0.521875 0.1046875 0.0140625 0.0125
15 0.4109375 0.1140625 0.0140625 0.01171875
9 0.53828125 0.1296875 0.0828125 0.03515625
1 0.72890625 0.134375 0.02265625 0.00703125
1 0.41484375 0.13671875 0.0140625 0.015625
20 0.3640625 0.14140625 0.04765625 0.03359375
15 0.5890625 0.14296875 0.0125 0.01171875
9 0.83984375 0.14375 0.0453125 0.02890625
1 0.8734375 0.14375 0.0125 0.0109375
1 0.4609375 0.14453125 0.03515625 0.02578125
9 0.7296875 0.15546875 0.05546875 0.03046875
4 0.87578125 0.015625 0.153125 0.02421875
4 0.1109375 0.175 0.08203125 0.190625
15 0.38515625 0.18203125 0.01171875 0.0109375
15 0.359375 0.18515625 0.02109375 0.00625
15 0.3015625 0.23046875 0.03125 0.04296875
15 0.33203125 0.23125 0.0265625 0.04296875
1 0.91015625 0.36015625 0.02890625 0.01484375
1 0.921875 0.3890625 0.03984375 0.01640625