2 0.50859375 0.2453125 0.0078125 0.05625
2 0.5734375 0.375 0.00390625 0.0515625
2 0.546875 0.44375 0.01171875 0.06640625
2 0.73125 0.115625 0.01015625 0.0515625
16 0.5421875 0.48828125 0.00625 0.0421875
2 0.7546875 0.09453125 0.009375 0.05625
2 0.80078125 0.028125 0.0046875 0.05625
2 0.790625 0.04453125 0.0046875 0.0609375
2 0.54296875 0.528125 0.00625 0.0375
2 0.74765625 0.153125 0.00390625 0.0609375
2 0.55859375 0.509375 0.003125 0.01875
2 0.75625 0.14375 0.01171875 0.0609375
2 0.559375 0.54453125 0.0046875 0.0328125
2 0.7890625 0.115625 0.003125 0.0421875
2 0.8140625 0.08515625 0.00390625 0.028125
2 0.678125 0.34921875 0.00546875 0.0375
2 0.75703125 0.2125 0.0109375 0.05625
2 0.55703125 0.59453125 0.00546875 0.0375
2 0.81484375 0.11328125 0.00390625 0.028125
2 0.8203125 0.10390625 0.00625 0.028125
2 0.734375 0.27578125 0.01015625 0.0609375
2 0.74453125 0.28046875 0.00625 0.0421875
2 0.59140625 0.56640625 0.0046875 0.028125
2 0.7578125 0.2640625 0.0109375 0.06640625
2 0.7390625 0.34453125 0.00625 0.08515625
2 0.7328125 0.35859375 0.00703125 0.09453125
2 0.80703125 0.22890625 0.0046875 0.0234375
2 0.67265625 0.50234375 0.00546875 0.0609375
2 0.80703125 0.2546875 0.0046875 0.028125
2 0.575 0.69140625 0.00234375 0.0421875
2 0.5734375 0.69609375 0.003125 0.0421875
2 0.74453125 0.3984375 0.0046875 0.0609375
2 0.7578125 0.38203125 0.00703125 0.0375
2 0.8203125 0.28984375 0.00625 0.09921875
2 0.759375 0.4171875 0.00703125 0.0328125
2 0.815625 0.3109375 0.0046875 0.07578125
2 0.7453125 0.4484375 0.00625 0.0375
2 0.8953125 0.18125 0.00390625 0.0515625
2 0.84296875 0.2828125 0.00625 0.09453125
2 0.8484375 0.27109375 0.00625 0.09921875
2 0.853125 0.28046875 0.00546875 0.07109375
2 0.07265625 0.9765625 0.00234375 0.0375
2 0.27265625 0.61328125 0.00234375 0.0375
2 0.14921875 0.83984375 0.003125 0.046875
2 0.13984375 0.85625 0.0046875 0.0234375
2 0.55703125 0.0875 0.00390625 0.0515625
2 0.27578125 0.60859375 0.00234375 0.0375
2 0.15234375 0.8421875 0.00234375 0.0421875
2 0.396875 0.384375 0.00234375 0.0421875
2 0.39921875 0.3796875 0.00234375 0.0421875
2 0.3875 0.4078125 0.00546875 0.0328125
2 0.2703125 0.6296875 0.00390625 0.08984375
16 0.2859375 0.6203125 0.0046875 0.0234375
2 0.14140625 0.89609375 0.0078125 0.05625
2 0.3890625 0.44375 0.00859375 0.05625
2 0.1640625 0.86796875 0.003125 0.0375
16 0.2859375 0.64140625 0.00390625 0.01875