20 0.7328125 0.55625 0.01796875 0.0203125
2 0.81484375 0.58671875 0.0703125 0.059375
16 0.31796875 0.425 0.021875 0.04765625
16 0.30390625 0.421875 0.01953125 0.04375
16 0.3453125 0.4359375 0.01953125 0.0421875
16 0.33046875 0.43125 0.01796875 0.046875
16 0.7171875 0.565625 0.0109375 0.01015625
20 0.7671875 0.5890625 0.015625 0.02578125
2 0.75390625 0.584375 0.0140625 0.021875
16 0.7171875 0.57421875 0.01015625 0.009375
2 0.2140625 0.409375 0.13828125 0.196875
16 0.08515625 0.3828125 0.00625 0.01328125
20 0.715625 0.5921875 0.01640625 0.01796875
20 0.7546875 0.6078125 0.01796875 0.03125
16 0.7828125 0.621875 0.00859375 0.01796875
2 0.44453125 0.52421875 0.05546875 0.0765625
16 0.753125 0.62890625 0.02265625 0.02109375
16 0.7765625 0.6421875 0.02578125 0.025
16 0.72734375 0.62734375 0.0234375 0.0203125
16 0.628125 0.5953125 0.0171875 0.04140625
16 0.56171875 0.57265625 0.01953125 0.0359375
16 0.60078125 0.5875 0.01953125 0.04140625
16 0.575 0.57890625 0.02265625 0.04453125
16 0.6140625 0.5921875 0.0171875 0.0390625
16 0.58828125 0.58515625 0.01953125 0.04609375
2 0.6640625 0.61953125 0.0546875 0.0796875
2 0.29140625 0.50078125 0.0640625 0.08828125
2 0.4890625 0.56875 0.04921875 0.06796875
2 0.73046875 0.66328125 0.0296875 0.04140625
2 0.40859375 0.559375 0.0453125 0.0609375
2 0.53203125 0.60234375 0.0546875 0.078125
16 0.43671875 0.57265625 0.0296875 0.02890625
9 0.75703125 0.6890625 0.0421875 0.06328125
16 0.43359375 0.58984375 0.0296875 0.02890625
2 0.85234375 0.72734375 0.03828125 0.04296875
2 0.8 0.71875 0.021875 0.046875
2 0.096875 0.50546875 0.140625 0.1984375
16 0.51875 0.64765625 0.02890625 0.028125
2 0.396875 0.609375 0.0453125 0.06796875
2 0.2296875 0.56171875 0.0203125 0.0234375
2 0.28125 0.5796875 0.0703125 0.0984375
2 0.84609375 0.76640625 0.04140625 0.03984375
16 0.51796875 0.6671875 0.03125 0.028125
16 0.78359375 0.75859375 0.02265625 0.02265625
2 0.73671875 0.74453125 0.03125 0.040625
16 0.51328125 0.68515625 0.028125 0.03046875
2 0.7015625 0.75 0.01171875 0.0203125
2 0.153125 0.5828125 0.01953125 0.02734375
2 0.70234375 0.76484375 0.0125 0.01484375
16 0.9390625 0.84296875 0.0375 0.0265625
2 0.38984375 0.66640625 0.04140625 0.06796875
16 0.14921875 0.61171875 0.02265625 0.0390625
2 0.915625 0.8859375 0.075 0.08203125
16 0.0703125 0.62109375 0.015625 0.034375
16 0.05078125 0.615625 0.01796875 0.0375
16 0.01796875 0.6140625 0.034375 0.0328125
20 0.7984375 0.1234375 0.0453125 0.08359375
9 0.18671875 0.68359375 0.0515625 0.10234375
9 0.2234375 0.70234375 0.05625 0.12578125
16 0.70546875 0.8609375 0.01875 0.04296875
20 0.73125 0.10234375 0.05 0.0875
16 0.01328125 0.63828125 0.0265625 0.028125
16 0.69140625 0.865625 0.01796875 0.04375
16 0.0453125 0.6609375 0.028125 0.02890625
20 0.871875 0.15234375 0.0484375 0.09453125
9 0.5953125 0.8484375 0.0421875 0.0515625
20 0.83046875 0.13828125 0.046875 0.09296875
20 0.46640625 0.03046875 0.05078125 0.06015625
9 0.28125 0.77265625 0.05078125 0.10625
9 0.3171875 0.78984375 0.0484375 0.11328125
20 0.765625 0.11875 0.046875 0.09609375
2 0.67265625 0.91640625 0.03359375 0.06484375
9 0.4453125 0.84296875 0.05625 0.12109375
2 0.36640625 0.81796875 0.03515625 0.06796875
9 0.48125 0.8609375 0.0578125 0.12578125
2 0.1625 0.76015625 0.0125 0.01171875
20 0.340625 0.01796875 0.06875 0.0359375
2 0.7125 0.96015625 0.05078125 0.06015625
2 0.6671875 0.96328125 0.046875 0.05546875
20 0.3953125 0.03046875 0.07109375 0.06015625
2 0.59375 0.9453125 0.034375 0.0671875
2 0.16328125 0.81875 0.03515625 0.046875
2 0.675 0.9890625 0.02421875 0.0203125
2 0.19453125 0.83984375 0.04375 0.0671875
2 0.41875 0.91484375 0.0265625 0.04921875
2 0.47890625 0.9390625 0.03515625 0.04140625
2 0.24609375 0.86796875 0.03828125 0.0421875
20 0.609375 0.06484375 0.04765625 0.09140625
16 0.32734375 0.90078125 0.02109375 0.046875
2 0.6578125 0.99296875 0.04140625 0.01171875
2 0.28828125 0.90234375 0.04296875 0.05234375
2 0.67109375 0.128125 0.06640625 0.05859375
16 0.80859375 0.18359375 0.01640625 0.03359375
16 0.71875 0.15625 0.02265625 0.0296875
16 0.7453125 0.16640625 0.0203125 0.04375
16 0.7734375 0.17578125 0.01875 0.0390625
16 0.85234375 0.20390625 0.01953125 0.040625
16 0.30234375 0.03203125 0.02265625 0.046875
16 0.36875 0.06875 0.01875 0.040625
2 0.53671875 0.13515625 0.128125 0.175
16 0.3390625 0.07578125 0.01015625 0.02109375
16 0.35390625 0.08046875 0.0109375 0.02265625
16 0.346875 0.07890625 0.0109375 0.02265625
2 0.45703125 0.1171875 0.0453125 0.1
2 0.94296875 0.278125 0.0453125 0.09453125
16 0.84375 0.25390625 0.0171875 0.0203125
2 0.2171875 0.0515625 0.07578125 0.10234375
2 0.91953125 0.28359375 0.046875 0.0921875
20 0.2984375 0.08359375 0.0203125 0.02890625
2 0.79140625 0.25234375 0.04296875 0.05390625
2 0.62734375 0.225 0.1125 0.16875
16 0.45859375 0.1890625 0.03203125 0.034375
16 0.3796875 0.17890625 0.0109375 0.0234375
16 0.38671875 0.18125 0.01171875 0.02578125
16 0.45625 0.20703125 0.034375 0.02890625
16 0.4953125 0.228125 0.021875 0.04375
9 0.30390625 0.18984375 0.02578125 0.03984375
2 0.3171875 0.196875 0.0140625 0.03125
16 0.18515625 0.15390625 0.0265625 0.02578125
16 0.20859375 0.1625 0.025 0.025
2 0.51484375 0.278125 0.01796875 0.028125
9 0.53125 0.2828125 0.021875 0.0359375
16 0.71171875 0.34375 0.01328125 0.0265625
16 0.70234375 0.3421875 0.01171875 0.0234375
16 0.20703125 0.1796875 0.025 0.025
16 0.18203125 0.1734375 0.028125 0.0265625
16 0.68671875 0.34375 0.02734375 0.02734375
2 0.915625 0.4203125 0.071875 0.1421875
16 0.66015625 0.3359375 0.028125 0.03046875
2 0.47578125 0.284375 0.01484375 0.02265625
9 0.4890625 0.29375 0.025 0.040625
20 0.49765625 0.3265625 0.015625 0.02265625
16 0.72734375 0.40390625 0.0078125 0.01796875
20 0.51796875 0.3359375 0.01796875 0.02578125
16 0.7328125 0.41640625 0.00859375 0.01796875
16 0.72421875 0.42578125 0.009375 0.01953125
16 0.88828125 0.49765625 0.03125 0.0265625
16 0.86484375 0.49140625 0.028125 0.0265625
16 0.8375 0.48671875 0.0328125 0.0265625
2 0.28125 0.31328125 0.01328125 0.02265625
16 0.90390625 0.5234375 0.0265625 0.025
2 0.8203125 0.49921875 0.01328125 0.02265625
2 0.86640625 0.51796875 0.01328125 0.0203125
2 0.71640625 0.475 0.009375 0.01328125
16 0.84140625 0.534375 0.01328125 0.0125
16 0.6921875 0.4921875 0.01171875 0.01328125
16 0.8484375 0.5453125 0.01484375 0.0125
16 0.8328125 0.540625 0.009375 0.01171875
16 0.68984375 0.49921875 0.01015625 0.01015625
16 0.84765625 0.5546875 0.01328125 0.01328125
16 0.83203125 0.5515625 0.01015625 0.01015625
16 0.83828125 0.56015625 0.01328125 0.01171875
16 0.82421875 0.5578125 0.01328125 0.01328125
9 0.49921875 0.45390625 0.01640625 0.0296875
9 0.68984375 0.51875 0.02265625 0.03203125
9 0.4640625 0.44453125 0.015625 0.03203125
9 0.71796875 0.53515625 0.02578125 0.03984375