16 0.565625 0.11640625 0.0125 0.0125
9 0.60703125 0.14375 0.0484375 0.0859375
16 0.5453125 0.125 0.01484375 0.02109375
16 0.56640625 0.134375 0.009375 0.0109375
16 0.96328125 0.259375 0.00625 0.0328125
2 0.94375 0.2640625 0.01640625 0.01953125
16 0.54296875 0.14140625 0.01328125 0.0171875
16 0.5640625 0.14921875 0.01015625 0.0125
2 0.11171875 0.01875 0.0109375 0.0140625
2 0.05546875 0.00703125 0.0078125 0.0140625
16 0.5421875 0.16015625 0.01015625 0.01015625
16 0.5625 0.16796875 0.009375 0.0109375
9 0.4578125 0.13671875 0.12734375 0.18046875
2 0.11171875 0.034375 0.01328125 0.015625
16 0.540625 0.17734375 0.0109375 0.015625
2 0.10859375 0.0515625 0.01015625 0.015625
2 0.33671875 0.12734375 0.01171875 0.03671875
16 0.53984375 0.19921875 0.01171875 0.0171875
2 0.10625 0.07109375 0.009375 0.015625
9 0.1671875 0.0921875 0.0609375 0.1296875
16 0.32890625 0.15703125 0.0140625 0.01953125
2 0.10546875 0.0875 0.009375 0.0109375
16 0.5359375 0.2234375 0.0125 0.0109375
16 0.2578125 0.14609375 0.01015625 0.0296875
16 0.325 0.17421875 0.01328125 0.0125
2 0.10390625 0.10703125 0.01015625 0.0171875
4 0.04375 0.0953125 0.0453125 0.165625
2 0.11796875 0.1375 0.01171875 0.015625
16 0.20546875 0.17265625 0.01328125 0.01875
2 0.30703125 0.20546875 0.01171875 0.02109375
2 0.3234375 0.2109375 0.01328125 0.04921875
16 0.2359375 0.196875 0.0046875 0.02109375
16 0.22578125 0.1953125 0.00625 0.02421875
16 0.20546875 0.19375 0.01171875 0.0109375
16 0.20234375 0.21484375 0.01171875 0.0140625
16 0.325 0.25546875 0.00859375 0.03359375
2 0.240625 0.23125 0.0203125 0.02421875
2 0.26875 0.240625 0.0171875 0.02109375
16 0.2015625 0.23828125 0.01328125 0.0125
16 0.25390625 0.26484375 0.00859375 0.0296875
2 0.23671875 0.2609375 0.02578125 0.02421875
9 0.30078125 0.28125 0.03125 0.059375
16 0.2640625 0.26953125 0.0078125 0.03125
9 0.96796875 0.49140625 0.04921875 0.14140625
16 0.275 0.27578125 0.01015625 0.03125
16 0.3265625 0.29453125 0.0109375 0.0125
16 0.3453125 0.3 0.01171875 0.015625
2 0.55 0.36953125 0.00859375 0.02109375
16 0.20078125 0.2609375 0.01171875 0.0171875
16 0.5703125 0.38828125 0.01015625 0.0140625
16 0.34921875 0.31875 0.00859375 0.0125
16 0.3234375 0.3125 0.0109375 0.01015625
16 0.740625 0.44921875 0.01484375 0.0171875
16 0.325 0.32734375 0.0140625 0.015625
16 0.346875 0.33671875 0.01171875 0.0125
16 0.5703125 0.4078125 0.01171875 0.0171875
2 0.54921875 0.4015625 0.01484375 0.02109375
16 0.7859375 0.47578125 0.00703125 0.02578125
2 0.16015625 0.28671875 0.0078125 0.03125
2 0.7421875 0.47109375 0.0203125 0.02109375
16 0.346875 0.35390625 0.0109375 0.015625
16 0.321875 0.34921875 0.015625 0.0171875
2 0.5421875 0.4171875 0.0125 0.01875
2 0.26171875 0.34453125 0.01875 0.01953125
16 0.278125 0.3515625 0.00703125 0.02578125
16 0.78203125 0.5109375 0.009375 0.0296875
2 0.2953125 0.359375 0.0078125 0.0296875
2 0.28671875 0.3578125 0.00703125 0.0296875
2 0.3046875 0.3640625 0.009375 0.03828125
2 0.7390625 0.50703125 0.015625 0.02265625
16 0.56640625 0.46328125 0.0125 0.0140625
16 0.91875 0.1296875 0.0125 0.0140625
2 0.96796875 0.14609375 0.01875 0.015625
16 0.2171875 0.3625 0.01171875 0.0125
16 0.290625 0.390625 0.0109375 0.0125
2 0.54375 0.47421875 0.015625 0.015625
16 0.56640625 0.484375 0.01171875 0.0109375
16 0.3171875 0.4078125 0.01015625 0.0125
16 0.33828125 0.4140625 0.0125 0.0171875
16 0.290625 0.40625 0.0078125 0.01015625
9 0.25078125 0.39453125 0.03359375 0.06328125
2 0.57890625 0.5 0.009375 0.03125
16 0.2140625 0.3859375 0.01171875 0.0125
2 0.775 0.56640625 0.01484375 0.0171875
16 0.53984375 0.4921875 0.01171875 0.015625
16 0.28828125 0.41796875 0.0140625 0.0171875
9 0.44375 0.471875 0.1515625 0.325
16 0.3328125 0.43984375 0.01171875 0.0125
9 0.64609375 0.54296875 0.1265625 0.159375
16 0.21171875 0.4078125 0.01171875 0.015625
2 0.77265625 0.58515625 0.0140625 0.02109375
16 0.28828125 0.4359375 0.01328125 0.0125
2 0.5359375 0.521875 0.0125 0.015625
16 0.21171875 0.4234375 0.01171875 0.0171875
4 0.02421875 0.371875 0.0484375 0.4
2 0.2703125 0.4546875 0.0140625 0.0171875
9 0.115625 0.42265625 0.01796875 0.075
2 0.9359375 0.14453125 0.01015625 0.0296875
9 0.95078125 0.68828125 0.0546875 0.15703125
2 0.53671875 0.5609375 0.0140625 0.01953125
16 0.76953125 0.63984375 0.0140625 0.0140625
16 0.33125 0.5078125 0.01015625 0.015625
2 0.534375 0.58046875 0.01328125 0.0171875
2 0.88828125 0.13125 0.0171875 0.02265625
16 0.33046875 0.52578125 0.0109375 0.0125
16 0.5578125 0.6125 0.0109375 0.0125
2 0.67734375 0.65546875 0.0140625 0.02265625
16 0.3078125 0.540625 0.00859375 0.0125
2 0.5328125 0.6125 0.0140625 0.015625
16 0.328125 0.54921875 0.0109375 0.0140625
16 0.28046875 0.534375 0.01171875 0.015625
2 0.6578125 0.6578125 0.01171875 0.03984375
2 0.10390625 0.49140625 0.01875 0.02578125
16 0.55546875 0.63359375 0.0125 0.015625
16 0.30625 0.56015625 0.00859375 0.0125
16 0.28125 0.5515625 0.01328125 0.015625
2 0.53046875 0.63125 0.0140625 0.0140625
16 0.32578125 0.571875 0.01328125 0.01953125
16 0.30234375 0.5703125 0.01015625 0.0109375
16 0.55546875 0.65078125 0.01328125 0.01875
2 0.52890625 0.646875 0.0140625 0.0171875
2 0.11328125 0.51875 0.0203125 0.02265625
2 0.09140625 0.5125 0.0203125 0.02265625
16 0.32421875 0.58515625 0.0125 0.015625
16 0.61796875 0.68046875 0.00859375 0.03828125
16 0.2796875 0.57734375 0.01328125 0.015625
16 0.55234375 0.66796875 0.01171875 0.0109375
16 0.30390625 0.590625 0.01171875 0.0171875
2 0.5078125 0.65390625 0.01640625 0.0171875
16 0.34765625 0.6046875 0.01015625 0.0140625
16 0.553125 0.6875 0.01640625 0.015625
16 0.759375 0.7546875 0.0140625 0.01875
2 0.10546875 0.56796875 0.0203125 0.05390625
2 0.49296875 0.6953125 0.0078125 0.0328125
2 0.4828125 0.69296875 0.009375 0.0328125
16 0.7578125 0.78125 0.0125 0.0140625
16 0.41640625 0.67578125 0.00859375 0.0265625
2 0.42734375 0.68046875 0.009375 0.028125
16 0.44453125 0.6875 0.00703125 0.02421875
16 0.4359375 0.68359375 0.00703125 0.028125
16 0.4546875 0.6921875 0.00859375 0.03359375
2 0.40703125 0.68046875 0.00703125 0.0296875
2 0.9640625 0.16953125 0.01484375 0.0171875
2 0.084375 0.5921875 0.009375 0.03984375
9 0.0359375 0.5921875 0.03984375 0.1
2 0.709375 0.81171875 0.01875 0.01875
16 0.31640625 0.6875 0.01015625 0.03359375
16 0.30625 0.68515625 0.00625 0.03359375
16 0.29765625 0.68515625 0.0078125 0.028125
16 0.3265625 0.69453125 0.00859375 0.03125
16 0.33515625 0.69921875 0.00703125 0.028125
16 0.46953125 0.74375 0.00625 0.0265625
16 0.4796875 0.7484375 0.00390625 0.02265625
16 0.48828125 0.7515625 0.0046875 0.028125
16 0.49765625 0.75390625 0.0078125 0.028125
9 0.43515625 0.74453125 0.03203125 0.06484375
2 0.09453125 0.6390625 0.025 0.040625
2 0.7078125 0.8359375 0.02109375 0.02578125
16 0.11875 0.6578125 0.01484375 0.01953125
2 0.275 0.7078125 0.02109375 0.0625
2 0.25546875 0.70234375 0.01875 0.059375
2 0.1578125 0.67421875 0.01640625 0.01875
2 0.1375 0.66875 0.0171875 0.01875
16 0.19140625 0.6875 0.01640625 0.01953125
2 0.47265625 0.78203125 0.0125 0.0125
16 0.29453125 0.7265625 0.009375 0.0296875
16 0.17578125 0.69609375 0.0078125 0.028125
16 0.18984375 0.70546875 0.01171875 0.01875
16 0.75 0.884375 0.01640625 0.0171875
2 0.1171875 0.6875 0.01875 0.02109375
16 0.165625 0.7046875 0.00859375 0.02578125
16 0.49453125 0.8125 0.00625 0.028125
16 0.4859375 0.81171875 0.0109375 0.0328125
16 0.5046875 0.8171875 0.00859375 0.0328125
2 0.40078125 0.784375 0.0078125 0.0265625
16 0.5140625 0.82109375 0.0078125 0.02421875
16 0.5234375 0.82578125 0.00859375 0.0328125
16 0.55546875 0.846875 0.00703125 0.02421875
4 0.0140625 0.6953125 0.028125 0.25546875
9 0.14140625 0.74296875 0.028125 0.05625
2 0.60625 0.90078125 0.0203125 0.0265625
2 0.44765625 0.85625 0.015625 0.01875
2 0.42890625 0.8515625 0.0109375 0.0171875
16 0.73828125 0.9609375 0.00625 0.0296875
16 0.746875 0.965625 0.00859375 0.03515625
2 0.59765625 0.93515625 0.01015625 0.03359375
16 0.615625 0.9515625 0.01328125 0.015625
2 0.74375 0.9921875 0.01953125 0.0125
16 0.528125 0.95390625 0.00859375 0.0328125
16 0.58515625 0.07265625 0.01484375 0.02109375
9 0.50859375 0.95234375 0.01171875 0.03828125
2 0.09140625 0.84609375 0.01015625 0.02578125
2 0.9640625 0.19609375 0.015625 0.0140625
9 0.8484375 0.165625 0.03359375 0.10703125
9 0.7640625 0.14296875 0.07890625 0.12109375
16 0.96328125 0.2140625 0.01328125 0.01875
16 0.54765625 0.08515625 0.0125 0.015625
16 0.5703125 0.09609375 0.009375 0.0140625
9 0.69453125 0.13984375 0.04375 0.14140625
16 0.5484375 0.103125 0.0140625 0.0171875