2 0.284375 0.50390625 0.00625 0.00625
2 0.28671875 0.51953125 0.00859375 0.0046875
2 0.32578125 0.52109375 0.04140625 0.03828125
2 0.08203125 0.5484375 0.0515625 0.04921875
2 0.28671875 0.52890625 0.009375 0.00546875
2 0.29140625 0.54609375 0.01015625 0.0078125
2 0.11875 0.565625 0.02890625 0.02578125
16 0.38046875 0.5390625 0.009375 0.00625
16 0.340625 0.546875 0.0078125 0.00625
16 0.3796875 0.54453125 0.01328125 0.0046875
16 0.14765625 0.5703125 0.00703125 0.015625
16 0.3453125 0.55078125 0.01015625 0.00625
2 0.28984375 0.55703125 0.0078125 0.00390625
2 0.28984375 0.5609375 0.009375 0.00625
2 0.084375 0.59296875 0.05078125 0.05
2 0.29375 0.58046875 0.01015625 0.00625
2 0.29296875 0.58515625 0.009375 0.0046875
2 0.528125 0.584375 0.00703125 0.01171875
9 0.13515625 0.6265625 0.0296875 0.03203125
9 0.134375 0.6625 0.02734375 0.02734375
2 0.0765625 0.6859375 0.01484375 0.00703125
16 0.15078125 0.68046875 0.00390625 0.00859375
16 0.1453125 0.68203125 0.00703125 0.009375
16 0.15703125 0.68125 0.00703125 0.0109375
16 0.16171875 0.68125 0.0046875 0.009375
2 0.0765625 0.69140625 0.01328125 0.00546875
2 0.08125 0.69765625 0.01015625 0.00625
16 0.21875 0.071875 0.003125 0.00546875
16 0.22890625 0.071875 0.00546875 0.00625
16 0.08203125 0.7046875 0.00625 0.00234375
16 0.08203125 0.71015625 0.00703125 0.00390625
2 0.5703125 0.66171875 0.01171875 0.01171875
2 0.73984375 0.6453125 0.009375 0.01015625
2 0.69453125 0.65 0.01328125 0.01015625
2 0.6234375 0.65859375 0.00703125 0.0078125
2 0.15234375 0.72578125 0.05078125 0.05234375
2 0.203125 0.72421875 0.05234375 0.04140625
16 0.07578125 0.09140625 0.00703125 0.00625
2 0.77265625 0.69765625 0.01328125 0.0078125
2 0.71171875 0.70546875 0.0140625 0.0078125
16 0.16328125 0.7765625 0.00625 0.0125
2 0.09296875 0.09453125 0.00859375 0.01171875
16 0.1359375 0.08984375 0.01015625 0.00625
2 0.125 0.09140625 0.009375 0.0140625
16 0.23046875 0.08125 0.00390625 0.00546875
16 0.159375 0.79921875 0.00390625 0.0078125
16 0.22421875 0.0828125 0.00234375 0.00703125
2 0.2078125 0.08515625 0.01328125 0.0078125
16 0.14296875 0.8015625 0.00390625 0.00546875
2 0.15078125 0.8015625 0.00703125 0.01171875
16 0.21953125 0.084375 0.0046875 0.00859375
9 0.17890625 0.0890625 0.025 0.025
16 0.21640625 0.8078125 0.0046875 0.0078125
16 0.1640625 0.81328125 0.00703125 0.01171875
16 0.1484375 0.81484375 0.003125 0.0078125
16 0.17265625 0.8125 0.00703125 0.0109375
16 0.14296875 0.815625 0.0046875 0.00859375
16 0.16953125 0.81328125 0.00625 0.009375
2 0.25859375 0.80390625 0.00625 0.00859375
2 0.190625 0.81171875 0.00546875 0.01015625
2 0.2265625 0.8078125 0.00546875 0.0109375
16 0.13359375 0.8171875 0.003125 0.00703125
2 0.24765625 0.80625 0.003125 0.0078125
2 0.20703125 0.8109375 0.00546875 0.0109375
2 0.2765625 0.80625 0.0046875 0.00859375
2 0.65234375 0.78046875 0.0328125 0.0375
2 0.49375 0.79765625 0.046875 0.0390625
2 0.5734375 0.78984375 0.04296875 0.0421875
2 0.84375 0.76328125 0.03984375 0.04375
2 0.5359375 0.7953125 0.040625 0.0390625
16 0.984375 0.75 0.00390625 0.01484375
2 0.61875 0.7875 0.03828125 0.04375
2 0.8109375 0.76796875 0.04375 0.03828125
16 0.99375 0.74921875 0.0046875 0.01484375
16 0.98984375 0.75 0.00703125 0.01796875
2 0.68984375 0.78046875 0.03828125 0.03828125
2 0.73046875 0.7796875 0.0390625 0.03984375
2 0.76875 0.77578125 0.03515625 0.0375
9 0.3921875 0.82109375 0.03125 0.0328125
16 0.11796875 0.09921875 0.003125 0.00625
2 0.3484375 0.83125 0.0359375 0.03203125
2 0.87734375 0.7796875 0.0203125 0.0296875
2 0.284375 0.853125 0.00859375 0.003125
2 0.28359375 0.85703125 0.0078125 0.003125
16 0.978125 0.7890625 0.00859375 0.00390625
16 0.28515625 0.86171875 0.0109375 0.00546875
16 0.76328125 0.81328125 0.00625 0.009375
16 0.1078125 0.8828125 0.00859375 0.00625
9 0.58984375 0.834375 0.03828125 0.03515625
2 0.88671875 0.8078125 0.01484375 0.00703125
16 0.975 0.7984375 0.0109375 0.00390625
16 0.1078125 0.8890625 0.01015625 0.0046875
16 0.1078125 0.89453125 0.0125 0.00625
16 0.109375 0.90078125 0.01015625 0.00625
16 0.35078125 0.8796875 0.015625 0.00859375
9 0.62734375 0.8515625 0.046875 0.03828125
16 0.38984375 0.87578125 0.0171875 0.0109375
16 0.37265625 0.87734375 0.0046875 0.009375
16 0.3765625 0.87734375 0.00390625 0.0078125
16 0.36875 0.87890625 0.00390625 0.009375
16 0.109375 0.90546875 0.0109375 0.0046875
16 0.3625 0.8796875 0.0046875 0.00859375
2 0.30625 0.88671875 0.046875 0.03984375
9 0.2 0.89765625 0.128125 0.121875
16 0.109375 0.91015625 0.009375 0.00546875
16 0.096875 0.9125 0.0046875 0.00234375
2 0.77890625 0.8484375 0.003125 0.0078125
9 0.878125 0.8421875 0.03828125 0.03359375
16 0.0984375 0.921875 0.00546875 0.0046875
16 0.11171875 0.92109375 0.009375 0.0046875
16 0.11171875 0.92578125 0.0125 0.0046875
16 0.98046875 0.8390625 0.01015625 0.003125
2 0.47890625 0.89140625 0.003125 0.01171875
2 0.46484375 0.89296875 0.00703125 0.01328125
2 0.47578125 0.8921875 0.00625 0.01328125
2 0.48515625 0.8921875 0.00546875 0.01640625
2 0.4703125 0.89296875 0.0046875 0.0125
2 0.75703125 0.86484375 0.0125 0.00625
16 0.11328125 0.9328125 0.009375 0.00546875
16 0.1 0.9375 0.0109375 0.00546875
16 0.11328125 0.93671875 0.00625 0.003125
2 0.096875 0.94921875 0.0125 0.0046875
2 0.66015625 0.89296875 0.03359375 0.0265625
16 0.115625 0.95234375 0.0046875 0.00390625
16 0.8453125 0.878125 0.00234375 0.0078125
16 0.840625 0.8796875 0.0046875 0.0109375
16 0.51328125 0.9125 0.0171875 0.00703125
16 0.853125 0.87890625 0.0078125 0.01015625
16 0.834375 0.88046875 0.0046875 0.01171875
2 0.77109375 0.8875 0.0140625 0.00625
16 0.9953125 0.865625 0.0046875 0.00703125
16 0.11484375 0.959375 0.01015625 0.00625
2 0.1 0.96640625 0.0125 0.00625
16 0.115625 0.96796875 0.009375 0.00625
2 0.09765625 0.97109375 0.0140625 0.00625
2 0.075 0.975 0.0140625 0.0046875
16 0.8125 0.9 0.00546875 0.0078125
2 0.3 0.95390625 0.01640625 0.00859375
16 0.1171875 0.97265625 0.009375 0.0046875
16 0.075 0.97890625 0.01171875 0.0046875
16 0.11796875 0.978125 0.009375 0.00703125
16 0.11875 0.1109375 0.0078125 0.0078125
16 0.14921875 0.1078125 0.00546875 0.00625
2 0.075 0.98515625 0.0125 0.00703125
16 0.07578125 0.98828125 0.01328125 0.0078125
16 0.07578125 0.99296875 0.01171875 0.00625
16 0.10859375 0.1140625 0.0046875 0.00625
2 0.13515625 0.1109375 0.0046875 0.0109375
2 0.16015625 0.98828125 0.00546875 0.0109375
16 0.225 0.9828125 0.00625 0.01015625
2 0.1296875 0.11171875 0.0046875 0.0109375
16 0.2796875 0.978125 0.0078125 0.0125
16 0.2203125 0.984375 0.00625 0.01015625
2 0.1453125 0.99140625 0.00390625 0.0078125
16 0.23046875 0.9828125 0.00625 0.01171875
2 0.26328125 0.9796875 0.0078125 0.01328125
2 0.16875 0.9890625 0.0046875 0.00859375
2 0.1328125 0.99296875 0.003125 0.00625
16 0.24609375 0.98125 0.00703125 0.0109375
16 0.28515625 0.978125 0.0046875 0.01015625
16 0.19296875 0.98671875 0.00546875 0.01328125
2 0.1875 0.9875 0.00546875 0.01171875
2 0.13984375 0.99296875 0.00546875 0.01015625
2 0.1984375 0.98671875 0.0046875 0.0109375
16 0.2421875 0.9828125 0.009375 0.01484375
2 0.15234375 0.9921875 0.00546875 0.01171875
2 0.1796875 0.9890625 0.00703125 0.0125
2 0.1734375 0.990625 0.00703125 0.01484375
16 0.453125 0.971875 0.00859375 0.00625
16 0.3796875 0.98125 0.01015625 0.00625
2 0.2109375 0.1046875 0.0109375 0.00703125
16 0.24609375 0.99453125 0.00703125 0.009375
16 0.5578125 0.965625 0.01484375 0.009375
16 0.23828125 0.996875 0.0046875 0.00546875
16 0.40390625 0.98359375 0.009375 0.00703125
16 0.38046875 0.9875 0.0109375 0.00703125
2 0.084375 0.11875 0.03671875 0.0375
16 0.184375 0.11015625 0.009375 0.0046875
16 0.18515625 0.115625 0.00703125 0.00390625
16 0.1859375 0.12109375 0.00859375 0.0046875
16 0.51015625 0.0890625 0.01640625 0.00703125
16 0.1875 0.12734375 0.01171875 0.00625
16 0.18671875 0.13125 0.00703125 0.00234375
2 0.2171875 0.12890625 0.0109375 0.0046875
16 0.028125 0.15 0.00625 0.015625
2 0.08203125 0.14609375 0.0109375 0.0140625
16 0.1875 0.1359375 0.00859375 0.0046875
2 0.01171875 0.1546875 0.01015625 0.015625
16 0.1875 0.140625 0.00703125 0.00390625
16 0.1890625 0.14609375 0.00703125 0.003125
2 0.20859375 0.14375 0.01328125 0.00625
9 0.13828125 0.15625 0.078125 0.075
2 0.325 0.14296875 0.0328125 0.03046875
2 0.29140625 0.1484375 0.02890625 0.0328125
16 0.00546875 0.178125 0.009375 0.00625
9 0.034375 0.1796875 0.0296875 0.0265625
2 0.065625 0.17734375 0.0109375 0.0046875
16 0.00546875 0.18515625 0.0078125 0.0046875
16 0.58984375 0.1265625 0.00703125 0.01171875
16 0.60703125 0.125 0.0046875 0.01015625
16 0.5828125 0.128125 0.00703125 0.0109375
2 0.065625 0.18203125 0.00859375 0.00390625
9 0.54375 0.134375 0.0265625 0.021875
2 0.47265625 0.14140625 0.0359375 0.0390625
2 0.21171875 0.16953125 0.01484375 0.01015625
2 0.19609375 0.171875 0.01796875 0.0078125
2 0.5125 0.1421875 0.0359375 0.0328125
2 0.06875 0.1890625 0.01171875 0.00625
16 0.21171875 0.1765625 0.0125 0.00546875
16 0.56796875 0.14609375 0.0140625 0.0078125
2 0.3890625 0.1671875 0.0390625 0.03515625
16 0.2125 0.18515625 0.0109375 0.0046875
2 0.040625 0.20703125 0.00703125 0.01171875
2 0.04765625 0.2078125 0.00703125 0.01328125
9 0.084375 0.2078125 0.028125 0.02109375
16 0.5515625 0.16328125 0.0171875 0.0078125
16 0.53671875 0.1671875 0.0140625 0.0046875
2 0.0046875 0.22265625 0.009375 0.00703125
2 0.159375 0.21015625 0.00703125 0.0125
2 0.15234375 0.21171875 0.00703125 0.01171875
2 0.009375 0.22890625 0.0125 0.0046875
2 0.4578125 0.18515625 0.0265625 0.02421875
2 0.00390625 0.23828125 0.00625 0.0078125
2 0.10546875 0.23671875 0.01171875 0.015625
16 0.29296875 0.2171875 0.009375 0.00546875
9 0.05546875 0.2453125 0.0203125 0.02421875
16 0.29375 0.2234375 0.0046875 0.003125
16 0.29453125 0.228125 0.00625 0.003125
16 0.03125 0.25625 0.00859375 0.00703125
2 0.41484375 0.2203125 0.0046875 0.01015625
16 0.29453125 0.23359375 0.00859375 0.0046875
9 0.48359375 0.21484375 0.025 0.01875
9 0.334375 0.240625 0.040625 0.084375
16 0.03125 0.27265625 0.0078125 0.003125
2 0.75546875 0.19921875 0.03984375 0.03671875
2 0.9484375 0.18125 0.0390625 0.04375
16 0.296875 0.2484375 0.0078125 0.0046875
16 0.2828125 0.25 0.01171875 0.00625
16 0.41640625 0.23671875 0.015625 0.01015625
2 0.79609375 0.19765625 0.0390625 0.0359375
2 0.91328125 0.1859375 0.04296875 0.04375
2 0.68203125 0.209375 0.03515625 0.03828125
2 0.8734375 0.19140625 0.0421875 0.04296875
2 0.71875 0.2078125 0.046875 0.03984375
2 0.8359375 0.19765625 0.03515625 0.0328125
16 0.29765625 0.253125 0.0109375 0.00625
16 0.28359375 0.25546875 0.00859375 0.0046875
2 0.1859375 0.26953125 0.0421875 0.0484375
16 0.065625 0.3015625 0.00859375 0.01171875
2 0.09609375 0.30390625 0.03046875 0.0328125
9 0.4453125 0.26953125 0.03125 0.0296875
16 0.5515625 0.26015625 0.01953125 0.009375
2 0.47890625 0.27578125 0.03671875 0.03828125
16 0.55390625 0.27109375 0.02265625 0.01015625
16 0.5546875 0.284375 0.02109375 0.01015625
2 0.096875 0.3453125 0.03046875 0.02734375
2 0.47109375 0.3125 0.03671875 0.040625
2 0.42578125 0.31875 0.046875 0.03828125
2 0.3828125 0.32265625 0.03828125 0.04375
2 0.26640625 0.3390625 0.0125 0.0046875
2 0.265625 0.34453125 0.00859375 0.00390625
2 0.30390625 0.34140625 0.04453125 0.04609375
2 0.3421875 0.33984375 0.0390625 0.0453125
2 0.5078125 0.3296875 0.00859375 0.01640625
2 0.26875 0.35625 0.01328125 0.00625
2 0.26875 0.3625 0.01015625 0.0046875
2 0.26953125 0.37421875 0.00859375 0.0046875
2 0.26953125 0.37734375 0.01015625 0.0046875
2 0.50390625 0.3578125 0.01328125 0.0078125
2 0.10703125 0.403125 0.0296875 0.0328125
16 0.50390625 0.36953125 0.00859375 0.009375
2 0.478125 0.371875 0.00703125 0.00703125
16 0.5046875 0.3734375 0.00703125 0.00703125
2 0.27265625 0.4 0.009375 0.00546875
2 0.478125 0.3796875 0.01171875 0.00859375
16 0.50546875 0.378125 0.009375 0.0046875
2 0.27265625 0.4046875 0.00703125 0.00546875
16 0.50546875 0.38359375 0.009375 0.00546875
2 0.4796875 0.38828125 0.009375 0.009375
16 0.50625 0.38828125 0.009375 0.003125
2 0.27421875 0.4171875 0.01015625 0.00546875
16 0.0796875 0.44140625 0.00625 0.01328125
2 0.275 0.42265625 0.00859375 0.00546875
2 0.07734375 0.45234375 0.0140625 0.00703125
2 0.27578125 0.43359375 0.00703125 0.003125
16 0.08203125 0.46328125 0.00859375 0.01328125
2 0.278125 0.45390625 0.0078125 0.00390625
2 0.071875 0.496875 0.0609375 0.0546875
2 0.1203125 0.5078125 0.03125 0.03828125
2 0.36875 0.484375 0.040625 0.04140625