2 0.965625 0.5609375 0.01171875 0.0078125
16 0.03203125 0.08984375 0.00625 0.01640625
2 0.4140625 0.6125 0.0109375 0.009375
16 0.02421875 0.090625 0.00703125 0.01875
2 0.965625 0.571875 0.01015625 0.00859375
2 0.3484375 0.62421875 0.0109375 0.0109375
2 0.17109375 0.640625 0.0109375 0.009375
16 0.0171875 0.09140625 0.00625 0.01953125
2 0.1359375 0.64453125 0.01171875 0.01015625
2 0.765625 0.59609375 0.009375 0.009375
4 0.2625 0.66171875 0.51484375 0.08359375
16 0.8484375 0.6171875 0.0125 0.00859375
16 0.8484375 0.62734375 0.01171875 0.009375
16 0.75078125 0.03984375 0.00625 0.01953125
16 0.73046875 0.0421875 0.00625 0.0171875
16 0.72265625 0.0421875 0.00625 0.01875
4 0.2625 0.7140625 0.51171875 0.08828125
2 0.71640625 0.6765625 0.00625 0.0171875
16 0.709375 0.04375 0.00625 0.01484375
16 0.715625 0.04375 0.00625 0.01796875
16 0.74296875 0.04140625 0.00546875 0.015625
2 0.64609375 0.69296875 0.01015625 0.01328125
16 0.92421875 0.02890625 0.01171875 0.01015625
20 0.87578125 0.0328125 0.015625 0.02265625
9 0.77734375 0.7078125 0.02578125 0.0484375
16 0.9703125 0.6953125 0.01171875 0.01171875
4 0.26015625 0.759375 0.5046875 0.08671875
20 0.775 0.04375 0.0140625 0.021875
16 0.409375 0.76875 0.01171875 0.00703125
2 0.39375 0.7703125 0.0125 0.01015625
2 0.24609375 0.78203125 0.0125 0.009375
16 0.77109375 0.7421875 0.01171875 0.01328125
16 0.7859375 0.74140625 0.01171875 0.01328125
9 0.84375 0.04140625 0.03984375 0.06875
16 0.39453125 0.7828125 0.0109375 0.01015625
16 0.409375 0.78125 0.0109375 0.0125
2 0.103125 0.81171875 0.00625 0.01875
16 0.97265625 0.74296875 0.0109375 0.01015625
16 0.4109375 0.79453125 0.0109375 0.0125
16 0.39375 0.79609375 0.01171875 0.01171875
16 0.4109375 0.80859375 0.0109375 0.009375
2 0.0453125 0.85625 0.00703125 0.01875
20 0.303125 0.83984375 0.0125 0.02421875
16 0.31953125 0.84140625 0.0109375 0.0109375
16 0.5734375 0.8265625 0.01171875 0.01015625
9 0.771875 0.81328125 0.14453125 0.09765625
2 0.03125 0.87578125 0.0109375 0.01015625
2 0.01953125 0.87734375 0.01171875 0.01015625
4 0.15859375 0.86640625 0.15234375 0.06328125
2 0.04375 0.8765625 0.01328125 0.0109375
2 0.31015625 0.8640625 0.0046875 0.015625
16 0.66953125 0.83515625 0.0109375 0.00859375
16 0.8484375 0.828125 0.01015625 0.00859375
16 0.6703125 0.8453125 0.0109375 0.009375
16 0.4765625 0.8625 0.0109375 0.009375
16 0.48984375 0.86171875 0.0109375 0.01015625
16 0.40625 0.86953125 0.009375 0.01015625
16 0.41796875 0.86875 0.0125 0.009375
16 0.84921875 0.8375 0.0109375 0.00859375
9 0.62265625 0.85703125 0.07109375 0.1390625
16 0.3109375 0.88359375 0.00625 0.01796875
2 0.6703125 0.85625 0.01171875 0.009375
16 0.490625 0.87265625 0.009375 0.0078125
16 0.41953125 0.87890625 0.0109375 0.0078125
20 0.38671875 0.88359375 0.0125 0.02421875
2 0.93046875 0.840625 0.01171875 0.009375
16 0.94140625 0.8390625 0.0109375 0.01171875
20 0.475 0.87890625 0.01328125 0.02109375
20 0.4046875 0.88671875 0.01328125 0.0234375
16 0.4203125 0.8890625 0.0109375 0.0078125
16 0.490625 0.88359375 0.01171875 0.01015625
9 0.9015625 0.04765625 0.025 0.046875
16 0.94140625 0.84921875 0.01171875 0.01015625
2 0.93046875 0.85078125 0.0109375 0.01015625
16 0.9421875 0.8609375 0.01171875 0.0109375
2 0.93046875 0.86171875 0.01171875 0.01015625
2 0.82421875 0.87109375 0.01171875 0.01015625
16 0.7234375 0.06328125 0.00625 0.01640625
16 0.75078125 0.0609375 0.00625 0.01640625
16 0.7578125 0.06015625 0.00625 0.01796875
16 0.71640625 0.06328125 0.00625 0.01640625
2 0.1484375 0.93359375 0.01171875 0.01171875
16 0.94296875 0.8703125 0.0109375 0.00859375
2 0.93125 0.87265625 0.01171875 0.01015625
16 0.73046875 0.0640625 0.00625 0.0171875
16 0.74375 0.0625 0.00625 0.0171875
16 0.71015625 0.065625 0.00625 0.0171875
16 0.93125 0.8828125 0.0109375 0.01015625
16 0.94296875 0.88203125 0.0109375 0.009375
9 0.74453125 0.903125 0.046875 0.0609375
9 0.47734375 0.925 0.046875 0.065625
9 0.40703125 0.93359375 0.04765625 0.06875
16 0.8765625 0.053125 0.01171875 0.009375
16 0.94296875 0.89140625 0.0109375 0.01015625
16 0.94375 0.89140625 0.0109375 0.01015625
2 0.9328125 0.89375 0.0109375 0.009375
9 0.79296875 0.90859375 0.03046875 0.0421875
16 0.91640625 0.9 0.0109375 0.0078125
16 0.89140625 0.90390625 0.00625 0.01640625
16 0.88515625 0.90546875 0.00625 0.015625
16 0.8984375 0.90390625 0.00625 0.01796875
16 0.878125 0.90546875 0.00625 0.01796875
16 0.9046875 0.9046875 0.00546875 0.015625
16 0.94453125 0.903125 0.01171875 0.0109375
16 0.94453125 0.90234375 0.0109375 0.00859375
16 0.93203125 0.90390625 0.01171875 0.01015625
16 0.9171875 0.91015625 0.0109375 0.009375
4 0.04609375 0.9609375 0.05546875 0.0765625
16 0.94453125 0.9125 0.01171875 0.00859375
4 0.1125 0.9640625 0.05234375 0.0703125
16 0.94453125 0.91328125 0.0109375 0.009375
16 0.93203125 0.91484375 0.0109375 0.009375
2 0.43828125 0.95390625 0.0109375 0.009375
2 0.509375 0.94921875 0.01171875 0.01015625
16 0.6515625 0.93828125 0.00625 0.0171875
16 0.6265625 0.94140625 0.00625 0.01796875
16 0.91796875 0.9203125 0.0109375 0.0078125
16 0.8859375 0.92265625 0.00703125 0.01796875
16 0.90625 0.92109375 0.00546875 0.01640625
16 0.89921875 0.921875 0.00625 0.01875
16 0.8921875 0.92265625 0.00625 0.01875
4 0.26484375 0.94765625 0.228125 0.103125
16 0.87890625 0.92421875 0.00625 0.0171875
16 0.871875 0.925 0.00546875 0.01640625
2 0.86484375 0.92578125 0.00625 0.01796875
16 0.8765625 0.065625 0.0109375 0.0078125
4 0.4046875 0.10625 0.20078125 0.06796875
16 0.76484375 0.078125 0.00703125 0.0171875
2 0.7109375 0.08203125 0.00703125 0.01953125
2 0.8171875 0.07421875 0.0109375 0.009375
16 0.7375 0.08046875 0.00625 0.01796875
16 0.7515625 0.0796875 0.00546875 0.0140625
16 0.7453125 0.08046875 0.00625 0.01640625
16 0.759375 0.0796875 0.00625 0.01875
2 0.7171875 0.0828125 0.0078125 0.01875
2 0.72421875 0.0828125 0.00625 0.0171875
2 0.73125 0.08203125 0.00625 0.01953125
16 0.8765625 0.07578125 0.009375 0.00859375
2 0.69765625 0.0953125 0.01171875 0.01015625
2 0.90078125 0.08046875 0.0109375 0.009375
2 0.66875 0.11953125 0.0109375 0.0109375
16 0.61015625 0.13359375 0.0109375 0.009375
16 0.66875 0.13125 0.01171875 0.0109375
4 0.41796875 0.15625 0.1703125 0.0640625
2 0.66953125 0.14296875 0.01015625 0.00859375
16 0.609375 0.14765625 0.009375 0.00859375
16 0.596875 0.1484375 0.01171875 0.0125
9 0.27578125 0.1765625 0.0390625 0.1015625
16 0.3125 0.17890625 0.0109375 0.00859375
16 0.6109375 0.1609375 0.01171875 0.01015625
16 0.58203125 0.16328125 0.0109375 0.01015625
16 0.59765625 0.16171875 0.01015625 0.00859375
16 0.66953125 0.159375 0.0109375 0.01015625
2 0.653125 0.16015625 0.0125 0.009375
16 0.3125 0.18984375 0.01171875 0.009375
16 0.61171875 0.1734375 0.0109375 0.009375
16 0.59765625 0.175 0.01171875 0.0109375
16 0.3140625 0.19921875 0.0125 0.009375
2 0.25703125 0.21484375 0.0078125 0.0203125
9 0.85 0.17578125 0.040625 0.06953125
16 0.384375 0.2171875 0.01171875 0.009375
2 0.67109375 0.19453125 0.0109375 0.009375
2 0.8203125 0.19296875 0.00625 0.01796875
16 0.384375 0.23046875 0.01015625 0.00859375
9 0.75078125 0.21484375 0.1140625 0.17578125
16 0.38515625 0.24375 0.01171875 0.00859375
2 0.84453125 0.21796875 0.009375 0.01015625
2 0.6734375 0.2328125 0.0109375 0.01015625
16 0.64765625 0.2359375 0.01171875 0.009375
2 0.659375 0.23515625 0.01171875 0.0109375
2 0.40078125 0.26640625 0.0109375 0.0109375
16 0.66015625 0.246875 0.0109375 0.01015625
2 0.27890625 0.27734375 0.01171875 0.0109375
16 0.67421875 0.246875 0.0109375 0.009375
16 0.29375 0.034375 0.01171875 0.009375
16 0.6734375 0.26171875 0.0109375 0.01015625
2 0.8265625 0.253125 0.0078125 0.01953125
20 0.025 0.31953125 0.05 0.0671875
16 0.77578125 0.00390625 0.00625 0.0078125
9 0.853125 0.27109375 0.04140625 0.07578125
2 0.496875 0.3078125 0.01328125 0.01328125
20 0.78671875 0.0046875 0.0140625 0.009375
16 0.0375 0.059375 0.00546875 0.01640625
16 0.03046875 0.0609375 0.00625 0.01796875
2 0.690625 0.29921875 0.01171875 0.01171875
20 0.01953125 0.06171875 0.01484375 0.0234375
16 0.52109375 0.02109375 0.0109375 0.009375
16 0.80078125 0.00390625 0.0078125 0.0078125
2 0.5 0.33828125 0.0109375 0.0109375
20 0.02734375 0.38125 0.05390625 0.06328125
2 0.8390625 0.31640625 0.00703125 0.01796875
16 0.55 0.34921875 0.0109375 0.009375
9 0.35390625 0.371875 0.1265625 0.19296875
16 0.55078125 0.36015625 0.0109375 0.0078125
2 0.5015625 0.36875 0.0109375 0.0109375
16 0.55078125 0.36953125 0.0109375 0.00859375
16 0.55078125 0.3796875 0.01171875 0.01015625
16 0.50234375 0.384375 0.0109375 0.009375
4 0.40078125 0.0375 0.20546875 0.06171875
16 0.0140625 0.4328125 0.01171875 0.009375
16 0.02890625 0.43125 0.01171875 0.009375
16 0.5515625 0.390625 0.01171875 0.00859375
16 0.95859375 0.36015625 0.01328125 0.0109375
16 0.0421875 0.44296875 0.01171875 0.0109375
16 0.0046875 0.446875 0.009375 0.01171875
2 0.02890625 0.44453125 0.0109375 0.009375
16 0.01484375 0.44609375 0.0109375 0.00859375
16 0.0640625 0.44296875 0.00703125 0.01796875
2 0.50390625 0.409375 0.01171875 0.009375
2 0.834375 0.38671875 0.01328125 0.00859375
16 0.55234375 0.41171875 0.009375 0.009375
2 0.0296875 0.4578125 0.0109375 0.01015625
2 0.0421875 0.45625 0.01328125 0.01171875
2 0.015625 0.45859375 0.01171875 0.009375
16 0.00390625 0.46015625 0.0078125 0.0109375
16 0.55234375 0.42265625 0.0109375 0.01015625
16 0.29453125 0.05 0.01171875 0.01015625
16 0.553125 0.4328125 0.0109375 0.01015625
16 0.52109375 0.034375 0.0109375 0.00859375
16 0.45234375 0.4640625 0.00703125 0.015625
2 0.4796875 0.46171875 0.0046875 0.015625
16 0.471875 0.4640625 0.00546875 0.01484375
16 0.4578125 0.46484375 0.00625 0.0171875
16 0.42421875 0.4671875 0.00703125 0.0171875
16 0.43828125 0.46640625 0.00625 0.01875
16 0.43203125 0.46796875 0.00625 0.01953125
16 0.4453125 0.46640625 0.00703125 0.01796875
4 0.53359375 0.46015625 0.0515625 0.39296875
9 0.0203125 0.503125 0.040625 0.075
2 0.27734375 0.484375 0.01171875 0.009375
16 0.55390625 0.4640625 0.01015625 0.009375
16 0.40859375 0.478125 0.0109375 0.01171875
2 0.04453125 0.50703125 0.00625 0.01796875
2 0.2921875 0.48984375 0.0109375 0.009375
2 0.13203125 0.50390625 0.0109375 0.00859375
16 0.390625 0.484375 0.0109375 0.009375
2 0.27734375 0.49375 0.01171875 0.009375
16 0.4796875 0.48359375 0.00625 0.01640625
16 0.45234375 0.4859375 0.0046875 0.01328125
2 0.48671875 0.48359375 0.0046875 0.015625
16 0.46640625 0.48515625 0.0046875 0.01640625
16 0.47265625 0.48515625 0.00625 0.01796875
16 0.4453125 0.48671875 0.0046875 0.01640625
16 0.43828125 0.4875 0.0046875 0.015625
16 0.43203125 0.4890625 0.0046875 0.01640625
16 0.459375 0.4859375 0.00625 0.01875
16 0.68046875 0.02421875 0.009375 0.01015625
16 0.41640625 0.4921875 0.01171875 0.00859375
16 0.39140625 0.49453125 0.0109375 0.009375
16 0.27734375 0.50390625 0.01015625 0.0078125
9 0.08671875 0.52421875 0.0703125 0.13671875
9 0.18203125 0.51640625 0.06875 0.134375
2 0.40390625 0.50234375 0.009375 0.00859375
16 0.39140625 0.50546875 0.01171875 0.009375
16 0.4171875 0.503125 0.01171875 0.009375
2 0.278125 0.51484375 0.0125 0.009375
16 0.26640625 0.515625 0.01015625 0.00859375
4 0.978125 0.4625 0.0421875 0.734375
4 0.92109375 0.46875 0.06640625 0.725
2 0.00390625 0.54609375 0.00625 0.0203125
2 0.40546875 0.5140625 0.01171875 0.009375
2 0.41640625 0.51328125 0.0125 0.009375
2 0.1328125 0.53671875 0.01171875 0.009375
2 0.39296875 0.515625 0.01328125 0.00859375
2 0.01484375 0.5484375 0.01015625 0.0109375
2 0.4875 0.51015625 0.00625 0.0171875
16 0.02890625 0.54765625 0.0109375 0.01015625
2 0.04296875 0.54609375 0.0109375 0.01015625
2 0.3921875 0.52578125 0.009375 0.01015625
2 0.71171875 0.50390625 0.0078125 0.01875
16 0.92265625 0.00859375 0.0109375 0.00859375
16 0.90859375 0.0109375 0.0109375 0.009375
16 0.87421875 0.01328125 0.01171875 0.01171875
16 0.39140625 0.5359375 0.01015625 0.00859375
2 0.96328125 0.490625 0.0109375 0.01015625
2 0.2765625 0.54609375 0.00703125 0.0203125
2 0.48828125 0.5296875 0.00625 0.0171875
9 0.45546875 0.534375 0.05859375 0.06796875
16 0.89375 0.01328125 0.01171875 0.009375
2 0.39375 0.54609375 0.01171875 0.0078125
16 0.96328125 0.503125 0.01171875 0.0109375
2 0.39140625 0.5578125 0.01015625 0.009375
2 0.48828125 0.55078125 0.00625 0.015625
2 0.9640625 0.51640625 0.01015625 0.00859375
4 0.87578125 0.52734375 0.05625 0.4515625
4 0.81015625 0.5375 0.0546875 0.440625
2 0.96484375 0.5296875 0.01171875 0.009375
4 0.6734375 0.55390625 0.05703125 0.44921875
4 0.60546875 0.559375 0.053125 0.4453125
4 0.7390625 0.54921875 0.0578125 0.44609375
16 0.83828125 0.54609375 0.0125 0.01015625