9 0.67734375 0.45625 0.1421875 0.21015625
2 0.8921875 0.3921875 0.0109375 0.01640625
16 0.74765625 0.44375 0.00859375 0.01640625
9 0.51875 0.51953125 0.14375 0.24609375
2 0.403125 0.5625 0.0140625 0.01484375
16 0.9 0.4171875 0.01328125 0.02578125
2 0.340625 0.5859375 0.00859375 0.01015625
9 0.88125 0.44375 0.0296875 0.0484375
16 0.9296875 0.44296875 0.02265625 0.0265625
16 0.959375 0.434375 0.015625 0.0203125
2 0.6203125 0.5390625 0.00546875 0.0109375
2 0.46171875 0.6046875 0.0078125 0.015625
9 0.3328125 0.64609375 0.10546875 0.128125
2 0.72109375 0.5359375 0.009375 0.0078125
2 0.3828125 0.64375 0.00546875 0.01640625
2 0.74296875 0.5359375 0.00625 0.01328125
2 0.2859375 0.68203125 0.00703125 0.01484375
20 0.26171875 0.7 0.01875 0.0203125
9 0.94453125 0.50546875 0.03125 0.0453125
9 0.89453125 0.525 0.03359375 0.05
2 0.28359375 0.7125 0.01015625 0.00859375
2 0.5546875 0.6328125 0.01015625 0.0078125
16 0.5953125 0.62578125 0.01015625 0.009375
2 0.33984375 0.70390625 0.0109375 0.01171875
16 0.70703125 0.59296875 0.01328125 0.0140625
16 0.77421875 0.5734375 0.01640625 0.015625
16 0.596875 0.634375 0.009375 0.01015625
16 0.7078125 0.6015625 0.01171875 0.01015625
9 0.61875 0.63359375 0.03515625 0.046875
9 0.68828125 0.6125 0.0421875 0.05
9 0.75625 0.596875 0.03359375 0.0421875
16 0.59765625 0.65 0.01015625 0.009375
16 0.59921875 0.6609375 0.01015625 0.0109375
2 0.68671875 0.63828125 0.009375 0.0078125
16 0.6578125 0.64765625 0.00625 0.01484375
2 0.6203125 0.659375 0.0109375 0.01015625
2 0.7546875 0.61953125 0.00859375 0.01015625
2 0.4171875 0.74921875 0.0078125 0.01796875
16 0.3109375 0.0765625 0.01953125 0.021875
2 0.409375 0.75234375 0.00546875 0.01640625
2 0.4390625 0.7515625 0.01015625 0.01953125
16 0.303125 0.8109375 0.02421875 0.025
16 0.28125 0.81796875 0.021875 0.021875
2 0.79609375 0.69453125 0.00703125 0.015625
20 0.29140625 0.85234375 0.01640625 0.02421875
20 0.3203125 0.84375 0.01640625 0.025
9 0.821875 0.7 0.0390625 0.065625
2 0.80078125 0.72265625 0.00703125 0.01796875
16 0.790625 0.72734375 0.0109375 0.009375
2 0.365625 0.8703125 0.07421875 0.1125
16 0.290625 0.90390625 0.021875 0.02890625
2 0.81484375 0.7875 0.028125 0.0453125
2 0.8546875 0.77578125 0.034375 0.05078125
2 0.42890625 0.9453125 0.03125 0.046875
2 0.47265625 0.9453125 0.053125 0.08203125
2 0.2796875 0.98984375 0.0359375 0.01953125
16 0.3140625 0.0984375 0.0171875 0.01953125
2 0.546875 0.94296875 0.0328125 0.0453125
9 0.67890625 0.9109375 0.03671875 0.06015625
9 0.6390625 0.925 0.0296875 0.04375
9 0.5921875 0.94140625 0.034375 0.05
2 0.65625 0.9359375 0.00703125 0.0140625
2 0.69921875 0.92421875 0.00703125 0.01484375
2 0.61484375 0.94921875 0.00390625 0.015625
2 0.2453125 0.1265625 0.0359375 0.04921875
16 0.31875 0.11796875 0.02265625 0.021875
2 0.7328125 0.00546875 0.00859375 0.01015625
2 0.7390625 0.00234375 0.00625 0.0046875
2 0.75234375 0.0015625 0.00625 0.003125
16 0.60078125 0.040625 0.0296875 0.0328125
2 0.74765625 0.003125 0.00859375 0.00625
16 0.484375 0.07734375 0.02734375 0.0359375
2 0.5796875 0.075 0.00703125 0.01640625
2 0.5390625 0.08828125 0.00859375 0.01484375
16 0.01796875 0.2515625 0.01171875 0.009375
2 0.25234375 0.18125 0.034375 0.05078125
2 0.31953125 0.1625 0.0359375 0.05234375
16 0.01953125 0.2640625 0.00859375 0.0078125
2 0.83515625 0.01796875 0.00625 0.0140625
2 0.64375 0.07734375 0.01484375 0.028125
2 0.76953125 0.04296875 0.00859375 0.01875
16 0.02109375 0.2765625 0.01015625 0.01015625
2 0.45859375 0.14375 0.00703125 0.01640625
16 0.6796875 0.07734375 0.01015625 0.0265625
2 0.365625 0.1734375 0.00859375 0.0171875
16 0.6671875 0.0828125 0.0140625 0.02265625
16 0.6921875 0.07734375 0.0125 0.0265625
16 0.9328125 0.00390625 0.00859375 0.0078125
2 0.8171875 0.04375 0.00703125 0.0140625
2 0.7609375 0.06171875 0.00625 0.01328125
2 0.83046875 0.040625 0.0046875 0.01015625
2 0.74140625 0.06796875 0.0078125 0.01328125
2 0.7546875 0.0640625 0.0078125 0.01875
2 0.82421875 0.04296875 0.00546875 0.0109375
2 0.7484375 0.065625 0.00703125 0.0140625
2 0.8125 0.04921875 0.0078125 0.01640625
9 0.06328125 0.275 0.03203125 0.04921875
16 0.0234375 0.2875 0.0109375 0.0078125
2 0.28515625 0.2109375 0.01171875 0.0203125
16 0.934375 0.01640625 0.00703125 0.00625
2 0.515625 0.14296875 0.00703125 0.01640625
16 0.57421875 0.1296875 0.0265625 0.021875
16 0.02578125 0.2984375 0.01015625 0.00859375
2 0.08359375 0.28125 0.00859375 0.01640625
16 0.82578125 0.06015625 0.00546875 0.0140625
16 0.9359375 0.0265625 0.009375 0.01015625
16 0.81953125 0.0625 0.00546875 0.0125
16 0.83359375 0.059375 0.0078125 0.01484375
2 0.9109375 0.0359375 0.00703125 0.021875
16 0.81484375 0.06640625 0.00703125 0.01796875
2 0.69765625 0.10390625 0.01015625 0.01640625
16 0.02578125 0.3109375 0.01015625 0.00859375
16 0.93515625 0.03984375 0.0140625 0.0125
16 0.028125 0.3234375 0.01015625 0.009375
16 0.571875 0.1609375 0.01953125 0.0203125
16 0.93828125 0.053125 0.01171875 0.0109375
2 0.37265625 0.2265625 0.00625 0.015625
16 0.02890625 0.334375 0.00859375 0.0078125
16 0.94140625 0.0640625 0.009375 0.0109375
16 0.646875 0.15625 0.015625 0.02734375
16 0.63671875 0.159375 0.01484375 0.0234375
16 0.03125 0.346875 0.01015625 0.009375
2 0.6015625 0.17734375 0.01171875 0.021875
2 0.61484375 0.1796875 0.01171875 0.021875
16 0.0328125 0.35859375 0.009375 0.00859375
9 0.07421875 0.34921875 0.03125 0.04140625
16 0.9453125 0.0875 0.00859375 0.01328125
9 0.5828125 0.2 0.03671875 0.05078125
9 0.46484375 0.2359375 0.146875 0.2015625
2 0.6578125 0.1828125 0.01171875 0.0203125
2 0.0953125 0.353125 0.00703125 0.01796875
16 0.03671875 0.371875 0.00859375 0.009375
2 0.32265625 0.28671875 0.00859375 0.015625
2 0.60546875 0.203125 0.00859375 0.01640625
2 0.92265625 0.1078125 0.01015625 0.01640625
9 0.221875 0.321875 0.09609375 0.140625
16 0.03671875 0.38359375 0.00859375 0.0078125
16 0.94765625 0.1125 0.0109375 0.00859375
2 0.38125 0.28515625 0.00625 0.01328125
9 0.78515625 0.16875 0.0984375 0.13203125
16 0.03828125 0.3953125 0.01015625 0.009375
16 0.95078125 0.12578125 0.00859375 0.0078125
16 0.040625 0.40625 0.01015625 0.009375
2 0.84375 0.16796875 0.00625 0.01484375
16 0.95234375 0.13828125 0.009375 0.01015625
16 0.0421875 0.41953125 0.00859375 0.0078125
9 0.590625 0.25390625 0.028125 0.04140625
2 0.41015625 0.31015625 0.0078125 0.01328125
9 0.0875 0.41796875 0.0296875 0.04453125
16 0.04375 0.4328125 0.01171875 0.01015625
16 0.04609375 0.44296875 0.00859375 0.00859375
2 0.1046875 0.4296875 0.00703125 0.01875
16 0.04765625 0.45546875 0.01015625 0.009375
16 0.04921875 0.4671875 0.009375 0.01171875
2 0.24765625 0.41640625 0.00859375 0.015625
16 0.05078125 0.47890625 0.01015625 0.00859375
16 0.0515625 0.49140625 0.01015625 0.01015625
2 0.73671875 0.28828125 0.00625 0.01328125
2 0.31015625 0.42109375 0.01015625 0.0109375
9 0.09609375 0.48984375 0.03046875 0.04453125
16 0.05390625 0.503125 0.0109375 0.009375
2 0.38046875 0.4078125 0.01015625 0.0109375
9 0.8578125 0.26484375 0.03359375 0.05
2 0.11640625 0.49609375 0.00859375 0.01953125
16 0.05625 0.515625 0.01015625 0.0078125
2 0.61015625 0.3515625 0.00859375 0.0171875
2 0.87421875 0.27421875 0.0078125 0.01328125
16 0.715625 0.32265625 0.03125 0.03359375
16 0.05859375 0.528125 0.009375 0.01328125
2 0.51953125 0.4 0.01015625 0.0125
16 0.06015625 0.53984375 0.00859375 0.009375
2 0.62265625 0.3796875 0.009375 0.0078125
16 0.0625 0.5515625 0.009375 0.00859375
9 0.309375 0.478125 0.10078125 0.1234375
9 0.1046875 0.54609375 0.0328125 0.040625
16 0.06484375 0.5625 0.00859375 0.009375
9 0.86484375 0.32421875 0.025 0.04140625
2 0.3578125 0.47734375 0.009375 0.015625
2 0.2609375 0.51484375 0.00625 0.0140625
2 0.72734375 0.375 0.00625 0.01328125
16 0.065625 0.57578125 0.009375 0.0078125
2 0.884375 0.33359375 0.00703125 0.01875
16 0.05859375 0.58984375 0.0171875 0.0171875
9 0.396875 0.4875 0.03515625 0.046875
2 0.56953125 0.4390625 0.00625 0.0125
2 0.41640625 0.5 0.00703125 0.015625
16 0.06015625 0.60859375 0.0171875 0.01875
2 0.74296875 0.4046875 0.01015625 0.02421875
2 0.2953125 0.5421875 0.01171875 0.01015625
2 0.45 0.50703125 0.0078125 0.0171875
9 0.87265625 0.38671875 0.0328125 0.04921875