16 0.275 0.1109375 0.00703125 0.01015625
16 0.284375 0.1140625 0.00625 0.01328125
16 0.1234375 0.1125 0.00234375 0.01640625
16 0.12890625 0.1140625 0.003125 0.01953125
2 0.41953125 0.134375 0.0078125 0.01328125
9 0.30859375 0.13203125 0.028125 0.0578125
16 0.1234375 0.1375 0.0046875 0.01953125
16 0.11875 0.1375 0.00390625 0.01953125
16 0.41953125 0.159375 0.0078125 0.01484375
16 0.51328125 0.1640625 0.00703125 0.01015625
2 0.47734375 0.1640625 0.0078125 0.01171875
16 0.28515625 0.15703125 0.00625 0.01015625
9 0.4484375 0.16796875 0.04453125 0.1484375
16 0.51328125 0.178125 0.00859375 0.01328125
16 0.41953125 0.17578125 0.0078125 0.01484375
2 0.29765625 0.1703125 0.00625 0.01015625
16 0.284375 0.1703125 0.00625 0.01328125
2 0.309375 0.171875 0.0078125 0.01015625
2 0.47734375 0.1796875 0.00703125 0.01171875
2 0.34609375 0.17734375 0.00546875 0.0390625
2 0.4109375 0.190625 0.00390625 0.0234375
2 0.47578125 0.2109375 0.0046875 0.02265625
16 0.16015625 0.1953125 0.00625 0.01171875
16 0.684375 0.2296875 0.00859375 0.01328125
16 0.6921875 0.23046875 0.00625 0.01171875
16 0.16015625 0.20703125 0.00625 0.00859375
16 0.35703125 0.22265625 0.003125 0.034375
16 0.34765625 0.221875 0.00546875 0.02109375
16 0.684375 0.2421875 0.00859375 0.01171875
2 0.42265625 0.23203125 0.00546875 0.0234375
16 0.6921875 0.24375 0.00625 0.00859375
2 0.33515625 0.23359375 0.0078125 0.04140625
16 0.159375 0.234375 0.00625 0.01328125
2 0.3703125 0.2625 0.0140625 0.02265625
9 0.275 0.2890625 0.02734375 0.07578125
16 0.5109375 0.3140625 0.00625 0.01171875
16 0.51171875 0.32734375 0.0078125 0.01171875
2 0.2046875 0.3203125 0.009375 0.04765625
22 0.16875 0.3203125 0.0296875 0.07890625
2 0.33359375 0.35546875 0.0046875 0.02109375
2 0.32578125 0.35703125 0.00390625 0.02109375
2 0.30234375 0.35703125 0.0046875 0.02109375
2 0.2921875 0.37109375 0.01328125 0.02265625
2 0.09375 0.3640625 0.0109375 0.01640625
2 0.27265625 0.38203125 0.00625 0.0375
16 0.12890625 0.38515625 0.00703125 0.01484375
16 0.128125 0.4109375 0.0078125 0.01171875
2 0.1140625 0.4140625 0.0109375 0.01953125
2 0.05078125 0.4125 0.00625 0.0328125
9 0.32734375 0.4359375 0.053125 0.125
9 0.0828125 0.4453125 0.0359375 0.10859375
9 0.2703125 0.4578125 0.03203125 0.1203125
2 0.128125 0.47265625 0.0109375 0.01328125
2 0.11328125 0.47265625 0.01328125 0.01328125
2 0.05078125 0.4703125 0.01015625 0.01484375
16 0.12890625 0.48828125 0.0078125 0.01171875
2 0.1125 0.4921875 0.01171875 0.01328125
16 0.3234375 0.5078125 0.0046875 0.01484375
16 0.32890625 0.51015625 0.00390625 0.01796875
16 0.12890625 0.50234375 0.00703125 0.01328125
16 0.05 0.50078125 0.00625 0.01328125
4 0.03671875 0.0296875 0.04921875 0.059375
4 0.21015625 0.0328125 0.05703125 0.059375
22 0.1671875 0.51484375 0.021875 0.0890625
4 0.121875 0.0328125 0.1125 0.065625
16 0.57734375 0.54453125 0.0078125 0.01171875
2 0.06328125 0.5234375 0.01328125 0.01640625
2 0.1015625 0.5234375 0.01328125 0.0234375
2 0.084375 0.525 0.01484375 0.02109375
16 0.053125 0.5234375 0.00390625 0.02265625
16 0.07421875 0.5234375 0.0046875 0.01796875
16 0.0109375 0.52265625 0.0078125 0.01171875
16 0.1140625 0.53203125 0.00625 0.01015625
16 0.26171875 0.53984375 0.00390625 0.02109375
16 0.5765625 0.5546875 0.0078125 0.00859375
16 0.27578125 0.5421875 0.00546875 0.01640625
16 0.01015625 0.53671875 0.0078125 0.01328125
2 0.5359375 0.565625 0.0109375 0.01484375
2 0.54921875 0.56875 0.0109375 0.01171875
16 0.12734375 0.54765625 0.00703125 0.01171875
20 0.2515625 0.559375 0.0125 0.0390625
16 0.01015625 0.5515625 0.0078125 0.01328125
16 0.28359375 0.565625 0.0046875 0.01484375
16 0.26171875 0.56875 0.0046875 0.01171875
16 0.27578125 0.56875 0.003125 0.01796875
16 0.66015625 0.5921875 0.003125 0.01484375
16 0.6640625 0.5953125 0.00390625 0.01796875
2 0.67421875 0.5953125 0.009375 0.01796875
16 0.021875 0.5671875 0.0078125 0.01171875
2 0.2015625 0.57890625 0.0078125 0.04453125
16 0.21875 0.58125 0.00625 0.01015625
2 0.5390625 0.60859375 0.009375 0.01171875
16 0.6640625 0.615625 0.0046875 0.01328125
2 0.6734375 0.615625 0.00859375 0.01328125
16 0.659375 0.6171875 0.00390625 0.01640625
16 0.29609375 0.60078125 0.00625 0.01328125
20 0.25234375 0.6109375 0.01328125 0.04609375
16 0.296875 0.6140625 0.00546875 0.0078125
16 0.265625 0.6140625 0.003125 0.01953125
2 0.5390625 0.628125 0.0109375 0.01796875
16 0.01015625 0.63359375 0.0078125 0.01484375
16 0.55390625 0.70625 0.00703125 0.01328125
16 0.55234375 0.71796875 0.00625 0.01328125
9 0.60390625 0.7265625 0.04296875 0.0890625
9 0.690625 0.73671875 0.04140625 0.0859375
2 0.43046875 0.7265625 0.0046875 0.01796875
2 0.45546875 0.7265625 0.003125 0.01640625
2 0.50390625 0.72890625 0.00234375 0.01484375
2 0.4515625 0.72734375 0.00390625 0.01796875
2 0.48203125 0.72890625 0.003125 0.01796875
2 0.48671875 0.728125 0.00390625 0.01328125
2 0.46875 0.728125 0.00390625 0.01953125
2 0.46328125 0.7296875 0.0046875 0.02265625
2 0.42578125 0.72734375 0.003125 0.0234375
2 0.434375 0.728125 0.00234375 0.01640625
2 0.43984375 0.728125 0.003125 0.01640625
2 0.4609375 0.728125 0.003125 0.01640625
2 0.47421875 0.7296875 0.00390625 0.01640625
2 0.49921875 0.73125 0.0046875 0.01640625
2 0.4921875 0.73046875 0.003125 0.01796875
2 0.44765625 0.728125 0.00234375 0.01953125
2 0.44296875 0.72734375 0.003125 0.01796875
2 0.478125 0.73046875 0.00234375 0.01796875
2 0.5078125 0.73203125 0.00390625 0.01796875
2 0.5171875 0.73203125 0.00390625 0.01796875
2 0.5125 0.73359375 0.003125 0.01796875
16 0.5375 0.73984375 0.00625 0.01171875
16 0.55390625 0.74296875 0.0078125 0.0078125
16 0.5375 0.7515625 0.00625 0.01484375
16 0.43359375 0.74765625 0.00234375 0.01640625
16 0.55390625 0.75390625 0.00625 0.01640625
16 0.46015625 0.75 0.003125 0.01484375
16 0.4859375 0.7515625 0.0046875 0.01484375
16 0.4703125 0.75078125 0.00234375 0.01640625
16 0.48203125 0.7515625 0.00390625 0.01171875
16 0.503125 0.75234375 0.00390625 0.01640625
16 0.51640625 0.753125 0.0046875 0.01484375
16 0.425 0.7484375 0.0046875 0.01796875
16 0.47421875 0.75078125 0.00234375 0.01328125
16 0.45546875 0.75078125 0.003125 0.01953125
16 0.51171875 0.7546875 0.003125 0.01484375
16 0.4953125 0.75390625 0.00234375 0.01328125
16 0.4515625 0.75078125 0.0046875 0.02265625
16 0.43828125 0.75078125 0.0046875 0.01953125
16 0.4640625 0.7515625 0.0046875 0.01484375
16 0.4421875 0.75 0.00390625 0.01171875
16 0.478125 0.7546875 0.0046875 0.01171875
16 0.5078125 0.75625 0.0046875 0.01484375
16 0.5 0.75546875 0.00234375 0.01328125
16 0.4296875 0.75078125 0.003125 0.01953125
16 0.446875 0.7546875 0.00234375 0.02109375
16 0.446875 0.75390625 0.003125 0.02265625
2 0.5375 0.765625 0.00625 0.0078125
16 0.48046875 0.76953125 0.00625 0.00859375
2 0.53125 0.7734375 0.00625 0.0078125
16 0.521875 0.771875 0.00703125 0.01015625
16 0.434375 0.7703125 0.00390625 0.01640625
16 0.42578125 0.77109375 0.00390625 0.01796875
16 0.53828125 0.78046875 0.00625 0.0078125
16 0.475 0.7796875 0.00625 0.00859375
2 0.521875 0.78359375 0.00625 0.01015625
16 0.53046875 0.78671875 0.00546875 0.01015625
16 0.5375 0.790625 0.00546875 0.01015625
2 0.4859375 0.790625 0.009375 0.01015625
16 0.53046875 0.79609375 0.0046875 0.00625
16 0.13984375 0.784375 0.00390625 0.01796875
16 0.19921875 0.78828125 0.00546875 0.01953125
16 0.16328125 0.7859375 0.0046875 0.02109375
16 0.11328125 0.78359375 0.0046875 0.01953125
16 0.14609375 0.78515625 0.00546875 0.02265625
16 0.203125 0.7890625 0.00546875 0.01796875
16 0.2109375 0.78828125 0.0046875 0.02265625
16 0.18125 0.7875 0.00234375 0.02109375
16 0.1 0.7828125 0.0046875 0.02109375
16 0.13125 0.78515625 0.0046875 0.01640625
16 0.190625 0.78828125 0.00390625 0.01640625
16 0.109375 0.784375 0.00390625 0.02109375
16 0.17734375 0.7875 0.00234375 0.02109375
16 0.19453125 0.7875 0.0046875 0.01796875
16 0.15703125 0.7875 0.003125 0.01796875
16 0.12265625 0.78671875 0.0046875 0.01953125
16 0.12734375 0.78671875 0.0046875 0.01953125
16 0.2078125 0.78984375 0.003125 0.01484375
16 0.2171875 0.790625 0.00546875 0.01953125
16 0.11796875 0.7859375 0.00390625 0.02109375
2 0.5375 0.80546875 0.0078125 0.01015625
16 0.1046875 0.78515625 0.00390625 0.01953125
16 0.18515625 0.7890625 0.00546875 0.01796875
16 0.42578125 0.80234375 0.00234375 0.01796875
16 0.42890625 0.80234375 0.00390625 0.02109375
16 0.553125 0.8078125 0.00703125 0.01171875
16 0.56015625 0.809375 0.0078125 0.00859375
16 0.47265625 0.8046875 0.00859375 0.01171875
2 0.49765625 0.809375 0.0078125 0.01171875
2 0.48515625 0.809375 0.0109375 0.00859375
2 0.50859375 0.8140625 0.0078125 0.01484375
16 0.58125 0.81640625 0.003125 0.01640625
2 0.52265625 0.815625 0.0109375 0.01171875
16 0.58515625 0.81875 0.0046875 0.01796875
16 0.47265625 0.8203125 0.009375 0.01328125
2 0.484375 0.8265625 0.009375 0.01015625
2 0.50625 0.828125 0.009375 0.01328125
16 0.53046875 0.82890625 0.00625 0.01171875
16 0.51484375 0.8296875 0.00625 0.01015625
2 0.1828125 0.8171875 0.00546875 0.0234375
2 0.09375 0.8125 0.0046875 0.0234375
2 0.0984375 0.81484375 0.0046875 0.02265625
16 0.584375 0.83828125 0.003125 0.01640625
16 0.2671875 0.821875 0.0078125 0.01328125
16 0.21953125 0.8203125 0.0046875 0.02109375
2 0.178125 0.81796875 0.0046875 0.025
16 0.4984375 0.840625 0.00625 0.01171875
16 0.50625 0.840625 0.00625 0.00859375
16 0.53125 0.8421875 0.0046875 0.00859375
16 0.5140625 0.8421875 0.00625 0.00859375
2 0.29921875 0.8328125 0.00703125 0.01328125
2 0.31015625 0.83359375 0.00625 0.00859375
2 0.484375 0.84296875 0.0109375 0.01640625
16 0.28828125 0.84453125 0.0078125 0.01328125
16 0.309375 0.8453125 0.00625 0.00859375
16 0.29921875 0.84609375 0.00625 0.01015625
16 0.16875 0.84609375 0.00390625 0.01953125
16 0.21953125 0.8484375 0.003125 0.01796875
16 0.2234375 0.8484375 0.0046875 0.01796875
16 0.09375 0.84453125 0.003125 0.01953125
16 0.0984375 0.84453125 0.00546875 0.01953125
16 0.178125 0.84765625 0.0046875 0.01953125
16 0.084375 0.84296875 0.003125 0.01640625
2 0.31875 0.8578125 0.00625 0.01015625
2 0.32734375 0.86015625 0.0078125 0.01171875
16 0.2984375 0.85859375 0.00625 0.01171875
16 0.28828125 0.8578125 0.00625 0.01015625
2 0.33515625 0.859375 0.00625 0.01328125
16 0.309375 0.8609375 0.0078125 0.01015625
2 0.371875 0.87421875 0.0078125 0.01015625
2 0.3609375 0.8734375 0.00703125 0.00859375
16 0.28828125 0.87109375 0.00625 0.01015625
4 0.61328125 0.0875 0.16328125 0.059375
16 0.2875 0.88125 0.0078125 0.01171875
16 0.146875 0.87578125 0.0078125 0.01015625
16 0.3609375 0.8859375 0.0078125 0.01328125
16 0.37265625 0.88828125 0.00859375 0.01171875
16 0.146875 0.89140625 0.00703125 0.01171875
16 0.24375 0.90625 0.00234375 0.01796875
16 0.253125 0.9078125 0.003125 0.01796875
16 0.14609375 0.90390625 0.00703125 0.01328125
16 0.1984375 0.0703125 0.003125 0.01796875
16 0.203125 0.07265625 0.00390625 0.02109375
16 0.14609375 0.9203125 0.0078125 0.01015625
16 0.221875 0.07421875 0.0046875 0.01796875
16 0.18515625 0.0734375 0.00390625 0.01953125
2 0.4765625 0.103125 0.00625 0.01328125
16 0.18984375 0.09375 0.003125 0.01796875
16 0.28515625 0.1 0.00859375 0.01484375
16 0.19765625 0.09765625 0.003125 0.01953125
16 0.50234375 0.11171875 0.003125 0.01796875
16 0.5078125 0.1125 0.00546875 0.01953125
2 0.49765625 0.1140625 0.0046875 0.01953125
2 0.375 0.10859375 0.01484375 0.02109375