2 0.71640625 0.51328125 0.003125 0.02734375
16 0.29296875 0.55859375 0.003125 0.025
2 0.296875 0.55859375 0.003125 0.0296875
16 0.9671875 0.51796875 0.00234375 0.02734375
2 0.971875 0.51875 0.00390625 0.0296875
2 0.40625 0.55859375 0.00390625 0.0296875
16 0.4328125 0.5578125 0.003125 0.03125
2 0.428125 0.55859375 0.00390625 0.025
16 0.4015625 0.56328125 0.00234375 0.0296875
2 0.09921875 0.5859375 0.00234375 0.025
16 0.31640625 0.56953125 0.00234375 0.025
16 0.10390625 0.584375 0.00390625 0.0296875
2 0.3125 0.57265625 0.00390625 0.02734375
2 0.39375 0.56640625 0.003125 0.02734375
16 0.76796875 0.53984375 0.00390625 0.0296875
16 0.7375 0.54375 0.003125 0.0296875
2 0.76328125 0.54375 0.00390625 0.0296875
2 0.73125 0.54609375 0.00390625 0.0296875
2 0.74140625 0.54375 0.00390625 0.0296875
2 0.9875 0.5296875 0.003125 0.0296875
16 0.9921875 0.5296875 0.00234375 0.0296875
2 0.3859375 0.5984375 0.003125 0.025
16 0.66953125 0.584375 0.00234375 0.025
16 0.65546875 0.58515625 0.00546875 0.03984375
16 0.6859375 0.584375 0.00390625 0.0296875
16 0.63203125 0.62265625 0.00546875 0.03984375
16 0.64609375 0.62578125 0.003125 0.0296875
16 0.64140625 0.628125 0.00234375 0.0296875
16 0.6515625 0.62578125 0.003125 0.0296875
16 0.6640625 0.628125 0.003125 0.0296875
16 0.6375 0.63046875 0.003125 0.02109375
2 0.50625 0.68359375 0.00546875 0.05234375
2 0.16171875 0.709375 0.00625 0.05703125
2 0.17421875 0.7078125 0.00625 0.05859375
2 0.48671875 0.6859375 0.00546875 0.05234375
2 0.496875 0.6859375 0.00546875 0.05703125
2 0.8734375 0.659375 0.00546875 0.0546875
2 0.1859375 0.70703125 0.00546875 0.05234375
2 0.85 0.66171875 0.00546875 0.05078125
2 0.86171875 0.6625 0.00625 0.05703125
16 0.5953125 0.70390625 0.00234375 0.025
20 0.13671875 0.75625 0.0171875 0.0921875
20 0.22109375 0.75390625 0.0171875 0.0921875
20 0.465625 0.73828125 0.01640625 0.09453125
20 0.5453125 0.7328125 0.0171875 0.08828125
2 0.615625 0.728125 0.00390625 0.02734375
16 0.61171875 0.728125 0.00234375 0.02734375
16 0.659375 0.7265625 0.003125 0.025
2 0.6546875 0.728125 0.003125 0.02734375
2 0.6515625 0.728125 0.003125 0.02734375
2 0.646875 0.72890625 0.00234375 0.025
16 0.70859375 0.740625 0.00390625 0.02734375
16 0.71484375 0.74296875 0.00390625 0.0359375
2 0.20078125 0.78671875 0.00703125 0.05703125
16 0.65859375 0.75625 0.00234375 0.025
16 0.615625 0.75859375 0.003125 0.025
2 0.52734375 0.7671875 0.00546875 0.0546875
2 0.453125 0.771875 0.00546875 0.05234375
2 0.12109375 0.79765625 0.00625 0.05703125
2 0.6375 0.76875 0.00234375 0.03359375
16 0.6640625 0.778125 0.00234375 0.02734375
16 0.69453125 0.77734375 0.00234375 0.0296875
2 0.69921875 0.77734375 0.00390625 0.025
20 0.86796875 0.765625 0.015625 0.0859375
16 0.70234375 0.7765625 0.00234375 0.02734375
16 0.68359375 0.7796875 0.003125 0.03359375
20 0.95390625 0.76328125 0.015625 0.08203125
16 0.5953125 0.790625 0.00390625 0.0359375
16 0.7453125 0.7890625 0.003125 0.02734375
16 0.740625 0.78984375 0.00390625 0.0296875
16 0.73046875 0.790625 0.00234375 0.02734375
16 0.71015625 0.7921875 0.00234375 0.025
2 0.93828125 0.77734375 0.00546875 0.05078125
2 0.70703125 0.79296875 0.00390625 0.0234375
16 0.71484375 0.7921875 0.00234375 0.0296875
2 0.73515625 0.79375 0.00390625 0.0375
2 0.3984375 0.82421875 0.07109375 0.11953125
2 0.3171875 0.83203125 0.0703125 0.11328125
2 0.18984375 0.84453125 0.00390625 0.0296875
2 0.1953125 0.84375 0.003125 0.02734375
2 0.20703125 0.84453125 0.00390625 0.025
2 0.6640625 0.81171875 0.00234375 0.03125
2 0.20078125 0.8453125 0.00390625 0.02734375
16 0.6796875 0.81171875 0.00390625 0.02734375
16 0.66875 0.81484375 0.00390625 0.0296875
2 0.85 0.80234375 0.00546875 0.05078125
2 0.63359375 0.82109375 0.00390625 0.0296875
16 0.6234375 0.83203125 0.003125 0.025
2 0.69609375 0.82734375 0.00234375 0.0296875
16 0.62890625 0.8328125 0.003125 0.0234375
16 0.69140625 0.82734375 0.00234375 0.0296875
2 0.6125 0.8453125 0.00546875 0.03984375
16 0.96484375 0.82265625 0.003125 0.02734375
2 0.5921875 0.85 0.00390625 0.02734375
16 0.8890625 0.83203125 0.00234375 0.0296875
16 0.746875 0.8421875 0.003125 0.0296875
2 0.940625 0.8296875 0.003125 0.025
16 0.67734375 0.853125 0.003125 0.0296875
16 0.72578125 0.85078125 0.003125 0.025
2 0.66484375 0.859375 0.00390625 0.0296875
9 0.70546875 0.85625 0.015625 0.090625
16 0.62421875 0.86484375 0.00234375 0.02734375
16 0.63359375 0.86328125 0.003125 0.0296875
16 0.69140625 0.8578125 0.003125 0.02734375
2 0.69609375 0.859375 0.00234375 0.0296875
16 0.6296875 0.8625 0.00390625 0.02734375
22 0.7375 0.8578125 0.01640625 0.090625
16 0.89296875 0.853125 0.003125 0.0296875
16 0.86796875 0.85625 0.00390625 0.02734375
16 0.95078125 0.85 0.00234375 0.02734375
16 0.96171875 0.84765625 0.00390625 0.03125
2 0.79375 0.8625 0.071875 0.11953125
16 0.878125 0.85703125 0.003125 0.0296875
16 0.8890625 0.86171875 0.00234375 0.025
16 0.940625 0.86171875 0.003125 0.0296875
16 0.965625 0.8578125 0.00234375 0.02734375
2 0.65859375 0.88515625 0.0015625 0.0234375
16 0.746875 0.88359375 0.003125 0.03125
2 0.72734375 0.884375 0.003125 0.025
16 0.696875 0.890625 0.00390625 0.0296875
16 0.60390625 0.89609375 0.00703125 0.0484375
16 0.6140625 0.89921875 0.00625 0.05078125
16 0.59140625 0.89921875 0.0046875 0.05078125
2 0.63984375 0.89609375 0.00234375 0.02734375
16 0.66953125 0.89609375 0.003125 0.02734375
16 0.63125 0.8984375 0.00234375 0.02734375
16 0.65390625 0.8984375 0.003125 0.02734375
16 0.6359375 0.89921875 0.003125 0.025
16 0.64921875 0.896875 0.003125 0.025
16 0.665625 0.896875 0.003125 0.0296875
2 0.64375 0.9015625 0.003125 0.0296875
4 0.16640625 0.93828125 0.0890625 0.11953125
2 0.95078125 0.8984375 0.00390625 0.0359375
2 0.87890625 0.903125 0.0046875 0.0375
2 0.7046875 0.91796875 0.003125 0.0296875
16 0.71171875 0.91796875 0.003125 0.0296875
16 0.85078125 0.9140625 0.00390625 0.0296875
16 0.9234375 0.90859375 0.00234375 0.02734375
16 0.64765625 0.9296875 0.003125 0.02734375
16 0.6515625 0.93046875 0.003125 0.0296875
16 0.65625 0.93203125 0.003125 0.02734375
16 0.60390625 0.95078125 0.00546875 0.0484375
16 0.5921875 0.95234375 0.0046875 0.0484375
16 0.6140625 0.95390625 0.00546875 0.05078125