16 0.07265625 0.7890625 0.00390625 0.03671875
16 0.05625 0.7984375 0.00390625 0.03046875
16 0.184375 0.73046875 0.0046875 0.0328125
16 0.15234375 0.746875 0.0046875 0.03046875
2 0.15703125 0.7453125 0.0046875 0.0328125
2 0.0515625 0.80390625 0.0046875 0.03671875
16 0.47734375 0.5734375 0.0046875 0.03046875
2 0.07890625 0.7890625 0.00390625 0.03671875
16 0.3203125 0.659375 0.0046875 0.03671875
16 0.4734375 0.5765625 0.0046875 0.028125
16 0.04609375 0.80703125 0.00390625 0.03046875
16 0.3 0.67109375 0.0046875 0.034375
2 0.18984375 0.73125 0.0046875 0.034375
16 0.0375 0.8140625 0.00390625 0.034375
16 0.0421875 0.81171875 0.0046875 0.034375
16 0.0875 0.78671875 0.00390625 0.0328125
16 0.09140625 0.784375 0.00546875 0.0328125
16 0.1703125 0.7421875 0.00546875 0.03046875
16 0.4 0.61796875 0.0046875 0.028125
16 0.16171875 0.746875 0.0046875 0.03046875
2 0.29453125 0.675 0.00546875 0.0390625
16 0.08359375 0.7921875 0.00390625 0.03046875
16 0.16640625 0.7453125 0.0046875 0.0328125
2 0.32578125 0.66015625 0.00546875 0.034375
16 0.5234375 0.55390625 0.0046875 0.03046875
16 0.19453125 0.73125 0.00390625 0.03046875
16 0.203125 0.72734375 0.0046875 0.034375
16 0.1984375 0.7296875 0.0046875 0.034375
16 0.4359375 0.60078125 0.00390625 0.028125
16 0.2859375 0.6828125 0.0046875 0.0328125
2 0.440625 0.59765625 0.00546875 0.034375
16 0.290625 0.68046875 0.0046875 0.0328125
16 0.55546875 0.5375 0.0046875 0.0328125
16 0.33046875 0.659375 0.003125 0.028125
16 0.65703125 0.48359375 0.00390625 0.028125
16 0.33515625 0.65703125 0.00390625 0.028125
2 0.4046875 0.6203125 0.00625 0.03671875
2 0.52734375 0.55390625 0.0046875 0.034375
16 0.28125 0.6859375 0.0046875 0.034375
16 0.6859375 0.46640625 0.00390625 0.028125
16 0.3390625 0.65546875 0.003125 0.02578125
2 0.5609375 0.5375 0.00546875 0.03671875
16 0.45 0.5984375 0.003125 0.028125
16 0.44609375 0.60078125 0.00390625 0.028125
16 0.45390625 0.5953125 0.003125 0.02578125
2 0.66171875 0.48359375 0.0046875 0.03671875
16 0.42578125 0.61015625 0.00390625 0.02578125
16 0.540625 0.54765625 0.0046875 0.03046875
16 0.421875 0.615625 0.003125 0.028125
16 0.5453125 0.54765625 0.00546875 0.03046875
16 0.565625 0.53671875 0.00390625 0.03046875
16 0.41640625 0.61796875 0.003125 0.028125
16 0.5375 0.5515625 0.00390625 0.03046875
16 0.57421875 0.53359375 0.003125 0.028125
16 0.77421875 0.425 0.0046875 0.0328125
16 0.5703125 0.5359375 0.003125 0.028125
2 0.6921875 0.46953125 0.00546875 0.034375
16 0.6796875 0.475 0.00390625 0.028125
16 0.84140625 0.3875 0.0046875 0.03046875
16 0.67109375 0.4796875 0.003125 0.028125
2 0.7796875 0.4234375 0.0046875 0.03671875
16 0.94296875 0.33515625 0.0046875 0.03046875
16 0.7046875 0.4640625 0.003125 0.028125
2 0.83671875 0.39140625 0.0046875 0.0390625
16 0.675 0.4796875 0.00390625 0.028125
16 0.70078125 0.46640625 0.003125 0.0234375
16 0.92734375 0.34296875 0.003125 0.028125
16 0.70859375 0.4625 0.00390625 0.028125
16 0.81875 0.40390625 0.0046875 0.028125
16 0.8234375 0.4015625 0.00390625 0.028125
2 0.92265625 0.3484375 0.0046875 0.0390625
16 0.79296875 0.41796875 0.0046875 0.03046875
2 0.94765625 0.33515625 0.00546875 0.0390625
2 0.13203125 0.775 0.00625 0.0515625
16 0.78984375 0.42109375 0.0046875 0.028125
16 0.79765625 0.415625 0.0046875 0.03046875
16 0.828125 0.40078125 0.003125 0.02578125
16 0.90859375 0.35859375 0.003125 0.028125
2 0.140625 0.7734375 0.00625 0.05
16 0.9046875 0.359375 0.003125 0.02578125
2 0.4671875 0.59765625 0.003125 0.02578125
16 0.9609375 0.32890625 0.00390625 0.03046875
16 0.9140625 0.35625 0.003125 0.028125
16 0.95703125 0.33125 0.003125 0.02578125
2 0.12421875 0.784375 0.00546875 0.05390625
16 0.965625 0.33046875 0.00390625 0.028125
16 0.5140625 0.57890625 0.0046875 0.0328125
2 0.62734375 0.51640625 0.00703125 0.05390625
2 0.63828125 0.509375 0.00625 0.05390625
16 0.41328125 0.634375 0.0046875 0.03046875
2 0.65 0.5078125 0.00625 0.05390625
16 0.5328125 0.56953125 0.0046875 0.03046875
16 0.6671875 0.50234375 0.0046875 0.03046875
16 0.696875 0.48515625 0.003125 0.03046875
2 0.47734375 0.60390625 0.003125 0.02578125
16 0.784375 0.43828125 0.0046875 0.0328125
16 0.83203125 0.41484375 0.003125 0.028125
16 0.95234375 0.35078125 0.0046875 0.03046875
16 0.05234375 0.8375 0.00390625 0.03046875
16 0.0796875 0.825 0.0046875 0.03046875
16 0.91796875 0.3703125 0.00390625 0.02578125
16 0.1578125 0.78359375 0.00390625 0.02578125
16 0.190625 0.76640625 0.0046875 0.034375
16 0.50625 0.59765625 0.0046875 0.03046875
16 0.5015625 0.60078125 0.0046875 0.028125
16 0.29609375 0.7125 0.0046875 0.03046875
16 0.4421875 0.63515625 0.00390625 0.028125
16 0.33125 0.69453125 0.0046875 0.03046875
16 0.56640625 0.56953125 0.0046875 0.03046875
2 0.46796875 0.6265625 0.00390625 0.028125
16 0.46328125 0.62890625 0.003125 0.028125
16 0.459375 0.6328125 0.003125 0.028125
2 0.48359375 0.62109375 0.0046875 0.03046875
16 0.21640625 0.778125 0.0046875 0.0328125
16 0.20625 0.78671875 0.0046875 0.0328125
16 0.22109375 0.77890625 0.0046875 0.034375
16 0.40234375 0.68203125 0.00390625 0.03046875
16 0.41953125 0.6734375 0.00390625 0.02578125
16 0.415625 0.67421875 0.003125 0.028125
16 0.30390625 0.746875 0.0046875 0.03046875
2 0.21171875 0.79765625 0.003125 0.028125
16 0.3078125 0.74921875 0.0046875 0.02578125
2 0.49453125 0.6515625 0.00546875 0.034375
16 0.353125 0.73125 0.0046875 0.034375
16 0.33828125 0.7390625 0.0046875 0.0328125
16 0.32265625 0.75078125 0.00390625 0.03046875
16 0.3265625 0.74921875 0.00546875 0.03046875
16 0.403125 0.71015625 0.0046875 0.02578125
16 0.4078125 0.70859375 0.00390625 0.028125
16 0.4203125 0.703125 0.003125 0.02578125
16 0.415625 0.70546875 0.003125 0.02578125
2 0.39921875 0.715625 0.003125 0.028125
16 0.41171875 0.70703125 0.003125 0.028125
16 0.42734375 0.7 0.003125 0.028125
2 0.45234375 0.69296875 0.003125 0.02578125
2 0.37109375 0.7390625 0.00390625 0.028125
2 0.45703125 0.69296875 0.0046875 0.03046875
16 0.54765625 0.64140625 0.003125 0.028125
2 0.46171875 0.6890625 0.003125 0.028125
16 0.55625 0.63828125 0.0046875 0.03046875
16 0.55234375 0.64296875 0.0046875 0.03046875
16 0.66484375 0.58359375 0.0046875 0.028125
16 0.31328125 0.77734375 0.003125 0.02578125
16 0.30859375 0.78046875 0.00390625 0.028125
16 0.66953125 0.59765625 0.00390625 0.03046875
16 0.51484375 0.6796875 0.00390625 0.02578125
16 0.42421875 0.73125 0.0046875 0.03046875
2 0.67421875 0.5953125 0.0046875 0.03046875
2 0.42890625 0.7296875 0.0046875 0.03046875
2 0.50078125 0.69140625 0.00546875 0.0328125
2 0.33125 0.7890625 0.00390625 0.028125
16 0.3265625 0.78984375 0.0046875 0.034375
2 0.5390625 0.67890625 0.00390625 0.028125
16 0.54296875 0.675 0.00390625 0.03046875
16 0.553125 0.671875 0.00390625 0.028125
16 0.54765625 0.675 0.0046875 0.03046875
16 0.665625 0.615625 0.0046875 0.028125
16 0.3015625 0.8140625 0.0046875 0.034375
2 0.46328125 0.7296875 0.00390625 0.02578125
16 0.27890625 0.83046875 0.0078125 0.0234375
16 0.45859375 0.73125 0.0046875 0.03046875
16 0.159375 0.89921875 0.0046875 0.03671875
16 0.33984375 0.8015625 0.0046875 0.0328125
16 0.3546875 0.7953125 0.0046875 0.0328125
16 0.63359375 0.6453125 0.00703125 0.021875
2 0.53046875 0.70234375 0.00390625 0.028125
16 0.846875 0.53359375 0.00703125 0.01953125
16 0.38203125 0.78671875 0.003125 0.028125
16 0.43515625 0.76328125 0.003125 0.028125
16 0.43984375 0.77734375 0.00390625 0.02578125
16 0.43515625 0.7921875 0.0046875 0.03046875
16 0.43203125 0.79765625 0.00390625 0.028125
16 0.9171875 0.5359375 0.00390625 0.028125
2 0.18515625 0.9375 0.00390625 0.02578125
2 0.18125 0.93828125 0.00390625 0.028125
16 0.1359375 0.9671875 0.0078125 0.02578125
16 0.60078125 0.71640625 0.0046875 0.03046875
2 0.1921875 0.940625 0.009375 0.05390625
16 0.2375 0.915625 0.00703125 0.021875
2 0.30703125 0.88515625 0.00859375 0.05625
2 0.8375 0.60078125 0.00390625 0.028125
2 0.8421875 0.59921875 0.0046875 0.02578125
2 0.26640625 0.91015625 0.00390625 0.028125
2 0.2625 0.915625 0.003125 0.02578125
16 0.38984375 0.84765625 0.00390625 0.028125
2 0.43671875 0.82265625 0.00390625 0.03046875
2 0.6328125 0.71875 0.003125 0.02578125
2 0.6375 0.71640625 0.003125 0.02578125
2 0.85 0.60390625 0.009375 0.05625
2 0.4109375 0.8453125 0.00390625 0.0328125
2 0.6625 0.70859375 0.01015625 0.05390625
16 0.7890625 0.64296875 0.00390625 0.02578125
2 0.81875 0.63203125 0.0046875 0.0390625
16 0.8140625 0.634375 0.0046875 0.034375
2 0.49765625 0.8109375 0.0046875 0.03671875
2 0.4625 0.83203125 0.00390625 0.028125
2 0.47578125 0.825 0.0046875 0.03046875
16 0.4921875 0.8171875 0.003125 0.028125
2 0.46640625 0.83125 0.0046875 0.03046875
16 0.47109375 0.828125 0.003125 0.028125
2 0.48359375 0.8203125 0.0046875 0.03046875
2 0.4890625 0.81796875 0.00390625 0.02578125
16 0.4203125 0.85859375 0.003125 0.028125
16 0.42890625 0.8546875 0.00390625 0.02578125
16 0.41640625 0.86171875 0.003125 0.02578125
16 0.425 0.85703125 0.00390625 0.02578125
2 0.43359375 0.85390625 0.003125 0.028125