4 0.1125 0.20546875 0.18828125 0.23046875
4 0.240625 0.16875 0.06953125 0.2
4 0.74296875 0.0421875 0.0765625 0.084375
16 0.70390625 0.03828125 0.00625 0.025
16 0.70859375 0.0375 0.0078125 0.0234375
16 0.7859375 0.0203125 0.00625 0.02265625
16 0.790625 0.0203125 0.00546875 0.02734375
16 0.7875 0.0421875 0.00625 0.01796875
16 0.79296875 0.03984375 0.00546875 0.01875
16 0.6921875 0.07890625 0.009375 0.0140625
16 0.6734375 0.08515625 0.01015625 0.0140625
16 0.66171875 0.08828125 0.0078125 0.015625
16 0.6515625 0.09609375 0.009375 0.01171875
16 0.88828125 0.025 0.00546875 0.01875
16 0.8828125 0.02734375 0.0046875 0.02109375
16 0.625 0.1078125 0.00625 0.02265625
2 0.61953125 0.1109375 0.00625 0.0234375
16 0.875 0.03359375 0.0109375 0.01796875
16 0.78828125 0.06171875 0.0046875 0.01875
16 0.68515625 0.09296875 0.0078125 0.0109375
16 0.6640625 0.10234375 0.01015625 0.01328125
16 0.6765625 0.0984375 0.009375 0.015625
16 0.7625 0.0734375 0.009375 0.01171875
16 0.79453125 0.06328125 0.00625 0.01796875
16 0.65078125 0.1078125 0.01015625 0.0140625
2 0.80390625 0.059375 0.009375 0.0109375
16 0.8546875 0.04453125 0.00703125 0.0203125
16 0.86015625 0.04375 0.00625 0.01875
16 0.64296875 0.1109375 0.00703125 0.0140625
16 0.78046875 0.06796875 0.0078125 0.0109375
16 0.63515625 0.115625 0.01015625 0.01640625
16 0.68515625 0.10703125 0.00625 0.01328125
16 0.6640625 0.1140625 0.0109375 0.01328125
2 0.81640625 0.06640625 0.01328125 0.03984375
2 0.83125 0.06640625 0.00625 0.02109375
9 0.709375 0.10546875 0.03515625 0.053125
2 0.67890625 0.115625 0.00625 0.02265625
2 0.6734375 0.11796875 0.00703125 0.0203125
16 0.68671875 0.1171875 0.0078125 0.009375
2 0.634375 0.1375 0.0109375 0.01640625
16 0.4828125 0.190625 0.0109375 0.009375
16 0.4734375 0.19453125 0.0078125 0.0109375
16 0.4625 0.1984375 0.01015625 0.01171875
16 0.4515625 0.20234375 0.00859375 0.01171875
2 0.6875 0.1296875 0.0109375 0.01328125
16 0.49296875 0.19140625 0.0109375 0.01171875
9 0.79453125 0.09765625 0.03359375 0.05546875
16 0.44140625 0.2078125 0.009375 0.01796875
16 0.4109375 0.2171875 0.009375 0.0140625
16 0.4203125 0.21484375 0.0109375 0.0140625
16 0.43125 0.2125 0.009375 0.01171875
2 0.8734375 0.07578125 0.01796875 0.02578125
2 0.33828125 0.24375 0.01328125 0.0140625
2 0.3640625 0.23671875 0.01484375 0.01796875
2 0.39453125 0.228125 0.01640625 0.0234375
16 0.5171875 0.1921875 0.009375 0.01328125
16 0.48359375 0.20546875 0.00859375 0.0109375
16 0.49375 0.2015625 0.009375 0.0109375
16 0.4734375 0.2078125 0.00859375 0.0109375
16 0.4640625 0.21171875 0.009375 0.01171875
16 0.525 0.19296875 0.00625 0.01875
16 0.41171875 0.2296875 0.009375 0.0140625
16 0.4421875 0.21953125 0.009375 0.01328125
2 0.43125 0.22265625 0.009375 0.01328125
16 0.18203125 0.3015625 0.0140625 0.01875
16 0.2328125 0.28515625 0.00625 0.0203125
2 0.37890625 0.24140625 0.01015625 0.0109375
16 0.45625 0.21953125 0.00546875 0.0203125
2 0.62421875 0.16640625 0.0078125 0.0234375
2 0.4515625 0.221875 0.00546875 0.02109375
2 0.63515625 0.165625 0.00703125 0.02578125
16 0.51796875 0.203125 0.0078125 0.01171875
16 0.47421875 0.21953125 0.0109375 0.01328125
2 0.54453125 0.2 0.02578125 0.05
2 0.18203125 0.3125 0.0125 0.015625
16 0.44296875 0.23203125 0.009375 0.0109375
16 0.1265625 0.33125 0.01171875 0.01796875
2 0.390625 0.25078125 0.01015625 0.01171875
16 0.403125 0.24609375 0.009375 0.01171875
16 0.38046875 0.25390625 0.0109375 0.01328125
20 0.353125 0.26171875 0.0125 0.01796875
20 0.3671875 0.25859375 0.01484375 0.01796875
2 0.8703125 0.103125 0.0109375 0.0140625
2 0.4828125 0.22421875 0.0078125 0.025
2 0.340625 0.26875 0.0125 0.01328125
2 0.4625 0.23125 0.00546875 0.0203125
16 0.4921875 0.221875 0.0078125 0.02109375
16 0.4671875 0.23046875 0.0046875 0.01875
20 0.503125 0.21953125 0.0125 0.0140625
16 0.52734375 0.2140625 0.00625 0.01875
2 0.1265625 0.3390625 0.009375 0.009375
2 0.809375 0.1296875 0.0125 0.01328125
2 0.44375 0.2421875 0.0109375 0.0140625
16 0.4546875 0.23984375 0.009375 0.0140625
16 0.14609375 0.3359375 0.0109375 0.015625
16 0.403125 0.25625 0.00859375 0.01171875
16 0.39140625 0.2625 0.0109375 0.01171875
16 0.38046875 0.265625 0.01015625 0.01328125
20 0.51875 0.2265625 0.01015625 0.0296875
16 0.95234375 0.09609375 0.01015625 0.01328125
16 0.128125 0.35234375 0.01015625 0.01640625
2 0.93359375 0.103125 0.00625 0.02109375
16 0.94453125 0.1 0.00625 0.02265625
9 0.84375 0.13125 0.05234375 0.11328125
16 0.49140625 0.240625 0.01015625 0.015625
16 0.5296875 0.2296875 0.009375 0.009375
16 0.40390625 0.26953125 0.009375 0.0140625
16 0.3640625 0.28359375 0.01015625 0.0140625
16 0.353125 0.2890625 0.01015625 0.015625
16 0.73046875 0.17890625 0.00859375 0.01328125
16 0.73984375 0.1765625 0.00859375 0.0109375
16 0.71953125 0.1828125 0.01015625 0.0109375
16 0.40390625 0.2828125 0.01015625 0.01328125
16 0.75 0.17578125 0.00625 0.01875
9 0.42734375 0.27578125 0.028125 0.07421875
16 0.74140625 0.18828125 0.009375 0.0140625
16 0.73046875 0.19296875 0.00859375 0.009375
16 0.721875 0.19609375 0.0109375 0.01171875
16 0.40546875 0.2953125 0.00859375 0.01171875
16 0.81796875 0.16796875 0.0109375 0.01640625
16 0.70390625 0.209375 0.00546875 0.0234375
16 0.69375 0.21328125 0.00625 0.01796875
16 0.709375 0.21015625 0.00546875 0.01796875
16 0.6984375 0.21328125 0.00625 0.02265625
16 0.77109375 0.190625 0.009375 0.01328125
16 0.6875 0.21640625 0.00546875 0.01875
16 0.7140625 0.2078125 0.0046875 0.01875
16 0.63984375 0.23203125 0.00625 0.01796875
16 0.75703125 0.196875 0.0046875 0.0203125
16 0.66015625 0.22890625 0.00625 0.01796875
16 0.6515625 0.23203125 0.009375 0.01171875
16 0.92578125 0.14765625 0.009375 0.01171875
16 0.7296875 0.20859375 0.00625 0.01796875
16 0.40625 0.30859375 0.009375 0.01171875
16 0.73359375 0.20859375 0.00546875 0.015625
16 0.71953125 0.2125 0.00546875 0.015625
16 0.73984375 0.20703125 0.00703125 0.01640625
16 0.72421875 0.2125 0.00546875 0.01796875
16 0.66640625 0.23515625 0.00625 0.01875
9 0.94375 0.14921875 0.0234375 0.071875
16 0.7734375 0.2046875 0.0078125 0.01171875
16 0.67109375 0.2375 0.00625 0.01875
16 0.92578125 0.15859375 0.0109375 0.01328125
9 0.796875 0.2 0.0296875 0.0640625
16 0.68359375 0.234375 0.0046875 0.01796875
16 0.67734375 0.23671875 0.00546875 0.0140625
16 0.40859375 0.321875 0.009375 0.01171875
2 0.6484375 0.24921875 0.0078125 0.02109375
16 0.884375 0.178125 0.009375 0.0140625
16 0.87421875 0.18203125 0.009375 0.0140625
2 0.6953125 0.23671875 0.00546875 0.0203125
16 0.82421875 0.19765625 0.00546875 0.01796875
2 0.68984375 0.2390625 0.00625 0.02265625
2 0.69921875 0.23671875 0.00546875 0.02265625
2 0.7109375 0.2328125 0.0046875 0.01875
2 0.65703125 0.24921875 0.00546875 0.02109375
16 0.81875 0.2 0.00546875 0.0203125
2 0.715625 0.2328125 0.00625 0.02109375
2 0.70546875 0.2375 0.0046875 0.01875
2 0.84296875 0.1953125 0.00625 0.0234375
16 0.8296875 0.2 0.00625 0.02109375
16 0.8359375 0.19765625 0.00546875 0.02265625
2 0.73671875 0.23046875 0.00625 0.02109375
2 0.72109375 0.23671875 0.00625 0.01875
2 0.66171875 0.2546875 0.00546875 0.02265625
2 0.72578125 0.23515625 0.00546875 0.01875
2 0.73125 0.234375 0.00625 0.015625
2 0.74140625 0.23046875 0.00625 0.02109375
2 0.77265625 0.22265625 0.0109375 0.015625
2 0.66796875 0.2578125 0.0046875 0.02109375
16 0.92734375 0.17890625 0.0109375 0.01328125
16 0.865625 0.19921875 0.009375 0.01328125
2 0.67265625 0.26015625 0.00390625 0.02109375
16 0.875 0.19765625 0.0046875 0.01796875
2 0.67890625 0.259375 0.0046875 0.02265625
2 0.68359375 0.259375 0.00546875 0.01796875
16 0.88515625 0.1984375 0.00625 0.01875
16 0.8796875 0.20078125 0.00625 0.02109375
16 0.928125 0.190625 0.01015625 0.01171875
2 0.90625 0.196875 0.0125 0.0390625
2 0.8953125 0.20078125 0.01171875 0.03984375
16 0.96875 0.1796875 0.00625 0.02109375
16 0.9640625 0.18125 0.00703125 0.02265625
16 0.69140625 0.265625 0.00546875 0.02265625
2 0.6546875 0.28125 0.0078125 0.02109375
16 0.86796875 0.2171875 0.00546875 0.02109375
16 0.8828125 0.21484375 0.0109375 0.0109375
2 0.72890625 0.26953125 0.0046875 0.02109375
2 0.734375 0.26796875 0.00390625 0.02109375
2 0.615625 0.30625 0.01640625 0.01640625
2 0.72109375 0.27578125 0.01015625 0.01171875
2 0.59921875 0.31484375 0.01640625 0.01796875
2 0.69296875 0.28828125 0.0046875 0.01875
16 0.68359375 0.2921875 0.0078125 0.0203125
9 0.19921875 0.4453125 0.06328125 0.08984375
2 0.565625 0.334375 0.0125 0.01640625
2 0.5515625 0.3421875 0.015625 0.01796875
2 0.64375 0.3171875 0.0109375 0.025
2 0.146875 0.471875 0.0109375 0.0140625
2 0.728125 0.2921875 0.00625 0.02265625
16 0.54140625 0.35078125 0.00625 0.02109375
16 0.53046875 0.3546875 0.00625 0.0234375
2 0.5359375 0.353125 0.0046875 0.02265625
16 0.72265625 0.296875 0.0078125 0.0234375
20 0.8921875 0.2484375 0.0140625 0.01640625
20 0.8671875 0.25625 0.009375 0.0296875
2 0.7359375 0.29765625 0.00625 0.02109375
2 0.6859375 0.3140625 0.00703125 0.02578125
2 0.69375 0.3125 0.0046875 0.01796875
16 0.8765625 0.25859375 0.00703125 0.02109375
2 0.55234375 0.359375 0.0140625 0.0140625
2 0.6265625 0.3359375 0.00859375 0.02109375
16 0.88203125 0.25703125 0.00625 0.0203125
2 0.6 0.3453125 0.00546875 0.02109375
2 0.6125 0.3453125 0.01015625 0.009375
4 0.07421875 0.515625 0.1484375 0.7671875
2 0.16328125 0.48515625 0.01640625 0.02734375
16 0.9046875 0.25625 0.009375 0.015625
16 0.91484375 0.25390625 0.01015625 0.015625
16 0.409375 0.4125 0.0109375 0.01875
2 0.42265625 0.40859375 0.0140625 0.015625
2 0.59296875 0.35546875 0.00703125 0.034375
16 0.39921875 0.41640625 0.0109375 0.01875
16 0.53203125 0.37890625 0.0046875 0.0203125
16 0.5421875 0.37578125 0.00625 0.0234375
16 0.12734375 0.50625 0.00625 0.0234375
2 0.5375 0.37890625 0.00625 0.025
16 0.4703125 0.403125 0.00625 0.02109375
16 0.46484375 0.40546875 0.00625 0.02109375
2 0.459375 0.40859375 0.00546875 0.0203125
2 0.45390625 0.4140625 0.0078125 0.0328125
16 0.25 0.478125 0.00625 0.0203125
16 0.2453125 0.4796875 0.00625 0.0234375
16 0.13125 0.521875 0.009375 0.0109375
16 0.44765625 0.42578125 0.00625 0.0234375
2 0.403125 0.440625 0.00859375 0.03671875
2 0.225 0.5 0.0125 0.0140625
16 0.465625 0.42734375 0.00625 0.0203125
16 0.471875 0.42578125 0.00625 0.01875
2 0.46171875 0.4296875 0.00625 0.0203125
2 0.22578125 0.5078125 0.0109375 0.01796875
16 0.13203125 0.5375 0.01015625 0.01171875
16 0.90546875 0.3 0.009375 0.01171875
16 0.89609375 0.3046875 0.01015625 0.01328125
16 0.4546875 0.446875 0.00390625 0.02109375
2 0.44921875 0.44765625 0.00625 0.0234375
16 0.896875 0.315625 0.01015625 0.01171875
16 0.13046875 0.55234375 0.00625 0.0203125
16 0.9078125 0.3140625 0.01015625 0.0140625
2 0.403125 0.47109375 0.0109375 0.01328125
9 0.96640625 0.3015625 0.0453125 0.078125
2 0.59921875 0.415625 0.01015625 0.015625
2 0.27734375 0.51796875 0.0078125 0.02109375
2 0.46796875 0.46015625 0.00859375 0.034375
2 0.2734375 0.5203125 0.00546875 0.02109375
2 0.284375 0.51796875 0.0078125 0.0234375
2 0.2890625 0.51640625 0.009375 0.0234375
2 0.25703125 0.528125 0.015625 0.01875
16 0.51640625 0.44765625 0.009375 0.01171875
16 0.45625 0.465625 0.00546875 0.01875
2 0.4515625 0.46953125 0.00390625 0.02109375
16 0.46171875 0.465625 0.00546875 0.02109375
16 0.13359375 0.56953125 0.00859375 0.0140625
2 0.228125 0.54140625 0.01171875 0.01875
16 0.5171875 0.459375 0.009375 0.01328125
2 0.25859375 0.54375 0.0125 0.0140625
2 0.2296875 0.55390625 0.01171875 0.015625
2 0.91484375 0.34375 0.00625 0.02265625
16 0.27421875 0.5421875 0.00546875 0.0203125
16 0.27890625 0.53984375 0.00625 0.025
2 0.9203125 0.34296875 0.00625 0.02109375
16 0.28359375 0.53984375 0.00625 0.02109375
16 0.2953125 0.5359375 0.0078125 0.02265625
16 0.28984375 0.53984375 0.00625 0.01796875
2 0.26875 0.54765625 0.00703125 0.0234375
16 0.28828125 0.55234375 0.01171875 0.015625
2 0.990625 0.33671875 0.00625 0.01171875
2 0.4671875 0.4984375 0.0046875 0.02265625
16 0.2765625 0.559375 0.0109375 0.015625
2 0.4609375 0.50859375 0.0078125 0.0328125
16 0.4015625 0.52734375 0.00859375 0.02578125
9 0.2171875 0.5859375 0.03515625 0.17265625
16 0.9921875 0.3484375 0.00546875 0.0140625
9 0.190625 0.596875 0.03203125 0.165625
2 0.38984375 0.54140625 0.009375 0.0328125
16 0.15859375 0.615625 0.01171875 0.0140625
2 0.3125 0.56796875 0.009375 0.0296875
16 0.4734375 0.51796875 0.00390625 0.02109375
16 0.46953125 0.5203125 0.00390625 0.01796875
2 0.45546875 0.525 0.0046875 0.02109375
2 0.44375 0.53046875 0.0046875 0.01796875
16 0.99296875 0.36171875 0.00546875 0.009375
16 0.44921875 0.52890625 0.0078125 0.02265625
16 0.8625 0.40390625 0.00625 0.02265625
2 0.24609375 0.5984375 0.0078125 0.025
16 0.15078125 0.62734375 0.0078125 0.0234375
16 0.14375 0.63203125 0.01015625 0.01328125
16 0.8578125 0.41171875 0.00703125 0.025
16 0.99375 0.37109375 0.00546875 0.009375
16 0.159375 0.6296875 0.0109375 0.01328125
2 0.40390625 0.5578125 0.00546875 0.0234375
9 0.9734375 0.38125 0.0296875 0.0578125
16 0.23359375 0.61015625 0.0109375 0.01328125
2 0.315625 0.5859375 0.0109375 0.015625
16 0.396875 0.56171875 0.00625 0.0234375
16 0.4703125 0.53984375 0.00625 0.01796875
2 0.4640625 0.5421875 0.00625 0.025
16 0.475 0.53984375 0.00625 0.01796875
2 0.14921875 0.64453125 0.0125 0.01796875
16 0.16015625 0.64140625 0.009375 0.015625
2 0.24296875 0.61640625 0.0078125 0.025
16 0.86640625 0.4234375 0.00625 0.02265625
16 0.234375 0.621875 0.0109375 0.0140625
16 0.13671875 0.653125 0.00625 0.0203125
2 0.99453125 0.3875 0.00625 0.025
2 0.459375 0.5546875 0.0078125 0.03046875
2 0.44609375 0.559375 0.00390625 0.01796875
16 0.4515625 0.55859375 0.00625 0.01796875
2 0.24921875 0.62890625 0.00546875 0.01875
2 0.40625 0.5828125 0.00625 0.0234375
2 0.8171875 0.45703125 0.01171875 0.03671875
2 0.853125 0.446875 0.0125 0.0140625
16 0.23828125 0.6390625 0.01328125 0.015625
2 0.79375 0.4671875 0.0109375 0.015625
2 0.80234375 0.4671875 0.00625 0.02734375
2 0.84296875 0.45625 0.01171875 0.0375
16 0.4484375 0.58046875 0.00625 0.01875
2 0.453125 0.5796875 0.00625 0.0203125
9 0.28359375 0.6328125 0.065625 0.14296875
2 0.834375 0.4640625 0.00625 0.025
2 0.8921875 0.4453125 0.0109375 0.01640625
16 0.2359375 0.64921875 0.009375 0.015625
2 0.24609375 0.64921875 0.009375 0.01328125
16 0.1375 0.6859375 0.00625 0.0203125
9 0.69921875 0.51640625 0.1921875 0.41640625
16 0.23671875 0.66015625 0.0109375 0.015625
2 0.24765625 0.66015625 0.0109375 0.01796875
16 0.3296875 0.63984375 0.0109375 0.01171875
2 0.2125 0.67890625 0.0109375 0.01328125
16 0.3203125 0.6484375 0.009375 0.01328125
2 0.61015625 0.559375 0.0109375 0.01328125
2 0.2390625 0.67421875 0.01328125 0.015625
16 0.2484375 0.67265625 0.0109375 0.0140625
16 0.48046875 0.60078125 0.0109375 0.025
16 0.4703125 0.60546875 0.01171875 0.02578125
16 0.33125 0.6515625 0.009375 0.0109375
2 0.1640625 0.70546875 0.009375 0.0296875
16 0.46015625 0.61328125 0.0078125 0.028125
2 0.21328125 0.68984375 0.00859375 0.0109375
2 0.90546875 0.47734375 0.0125 0.0421875
16 0.203125 0.69453125 0.0109375 0.015625
2 0.97109375 0.459375 0.0109375 0.015625
2 0.23984375 0.68671875 0.0109375 0.01171875
16 0.86015625 0.49453125 0.0109375 0.01328125
16 0.32109375 0.6640625 0.0109375 0.02265625
16 0.25 0.6859375 0.01171875 0.01171875
16 0.1953125 0.70390625 0.00625 0.0203125
16 0.190625 0.70625 0.00625 0.02265625
2 0.83203125 0.50859375 0.00546875 0.0203125
2 0.2046875 0.70703125 0.01015625 0.0140625
16 0.32265625 0.67265625 0.00859375 0.0140625
2 0.8375 0.51484375 0.00625 0.015625
2 0.6125 0.59375 0.01171875 0.01640625
2 0.84296875 0.52265625 0.00859375 0.03515625
16 0.20546875 0.71953125 0.0109375 0.01171875
2 0.3234375 0.68359375 0.01015625 0.015625
9 0.43671875 0.6578125 0.04765625 0.103125
2 0.2453125 0.71640625 0.0109375 0.01171875
2 0.225 0.721875 0.009375 0.0140625
16 0.234375 0.71953125 0.00859375 0.01171875
16 0.25859375 0.7140625 0.009375 0.0140625
16 0.2859375 0.709375 0.0046875 0.02578125
16 0.296875 0.70703125 0.00625 0.02109375
2 0.98984375 0.49140625 0.01875 0.0765625
16 0.303125 0.7046875 0.00625 0.0234375
2 0.8515625 0.5359375 0.00859375 0.025
2 0.28046875 0.71328125 0.0078125 0.025
2 0.27421875 0.7171875 0.0078125 0.025
16 0.28203125 0.73671875 0.00625 0.02734375
2 0.2765625 0.74296875 0.00859375 0.0296875
16 0.825 0.57421875 0.00703125 0.02109375
16 0.83203125 0.58984375 0.00625 0.01640625
2 0.99140625 0.5546875 0.01640625 0.05078125
16 0.81328125 0.61875 0.00703125 0.025
16 0.834375 0.6125 0.0078125 0.025
16 0.8078125 0.62109375 0.00390625 0.0203125
16 0.84453125 0.609375 0.00703125 0.02734375
16 0.8265625 0.615625 0.00625 0.0234375
2 0.803125 0.625 0.00625 0.02265625
16 0.8125 0.64453125 0.00625 0.0234375
2 0.98828125 0.58984375 0.00703125 0.01875
2 0.8 0.64921875 0.00546875 0.02265625
16 0.83125 0.63984375 0.0078125 0.025
16 0.80703125 0.6484375 0.00625 0.02265625
9 0.94765625 0.60625 0.0859375 0.1296875
16 0.3 0.825 0.01328125 0.01640625
16 0.8046875 0.67265625 0.009375 0.01171875
16 0.98984375 0.615625 0.00703125 0.02109375
2 0.7671875 0.69765625 0.00546875 0.02265625
2 0.7296875 0.71171875 0.00625 0.01875
2 0.75078125 0.70546875 0.00703125 0.02109375
2 0.71796875 0.7171875 0.0078125 0.0203125
2 0.75703125 0.7046875 0.00625 0.02578125
2 0.26484375 0.8578125 0.015625 0.0203125
2 0.640625 0.74140625 0.00703125 0.0234375
2 0.2359375 0.8671875 0.01796875 0.025
2 0.73984375 0.71171875 0.0078125 0.0234375
2 0.71328125 0.71953125 0.00625 0.0234375
16 0.99140625 0.63359375 0.0078125 0.02109375
16 0.6890625 0.7265625 0.00390625 0.01875
16 0.70703125 0.72265625 0.00625 0.02265625
16 0.6953125 0.7265625 0.00625 0.02109375
16 0.68515625 0.7296875 0.00546875 0.0203125
2 0.67421875 0.734375 0.0078125 0.0234375
2 0.6796875 0.7328125 0.00625 0.0234375
16 0.7 0.7265625 0.00625 0.025
2 0.26640625 0.87265625 0.01640625 0.02109375
2 0.2109375 0.8921875 0.01015625 0.0328125
16 0.7078125 0.74375 0.00625 0.02265625
2 0.79375 0.72421875 0.00625 0.025
2 0.82890625 0.71484375 0.00703125 0.0234375
2 0.26796875 0.88828125 0.0140625 0.015625
16 0.8171875 0.7203125 0.01171875 0.015625
16 0.21015625 0.9140625 0.0125 0.01796875
2 0.26796875 0.9046875 0.01484375 0.0203125
16 0.99609375 0.68359375 0.0078125 0.025
9 0.23828125 0.91953125 0.03984375 0.0875
2 0.78203125 0.7515625 0.0109375 0.01171875
16 0.2109375 0.928125 0.01328125 0.01796875
2 0.9421875 0.709375 0.0359375 0.06640625
2 0.2703125 0.921875 0.01640625 0.02109375
2 0.2078125 0.94296875 0.0125 0.015625
2 0.7828125 0.76484375 0.009375 0.0140625
9 0.9765625 0.71015625 0.03671875 0.07578125
16 0.996875 0.70546875 0.00625 0.01875
2 0.2703125 0.93671875 0.01640625 0.0203125
2 0.20859375 0.965625 0.01484375 0.02109375
2 0.2734375 0.95390625 0.01640625 0.02109375
9 0.81640625 0.78515625 0.059375 0.0984375
16 0.775 0.80234375 0.009375 0.0140625
16 0.765625 0.8125 0.01171875 0.015625
2 0.78359375 0.8140625 0.0078125 0.01875
16 0.9109375 0.7765625 0.0109375 0.0140625
2 0.85234375 0.7953125 0.009375 0.009375
2 0.78828125 0.8171875 0.00625 0.02734375
2 0.675 0.8578125 0.00625 0.0234375
2 0.66796875 0.8609375 0.00703125 0.025
2 0.615625 0.88046875 0.00625 0.0234375
16 0.99375 0.76328125 0.00859375 0.01171875
2 0.6234375 0.87890625 0.00625 0.02734375
16 0.91953125 0.78828125 0.00625 0.01875
16 0.92421875 0.78828125 0.00546875 0.02109375
20 0.903125 0.8 0.01640625 0.02578125
16 0.9953125 0.778125 0.00859375 0.01640625
2 0.80390625 0.84140625 0.01328125 0.0203125
2 0.49609375 0.93671875 0.009375 0.034375
16 0.9234375 0.80703125 0.00859375 0.00859375
16 0.534375 0.92890625 0.00703125 0.0234375
20 0.88984375 0.81953125 0.01484375 0.02109375
2 0.8484375 0.83203125 0.0078125 0.02578125
16 0.50234375 0.940625 0.00625 0.0234375
16 0.96015625 0.8 0.00625 0.0203125
16 0.84140625 0.83671875 0.00546875 0.01875
16 0.83671875 0.83828125 0.00625 0.0203125
16 0.9359375 0.8078125 0.00625 0.01796875
16 0.94296875 0.80546875 0.00625 0.01796875
16 0.9703125 0.79765625 0.00625 0.01796875
16 0.9765625 0.7953125 0.00859375 0.02109375
16 0.4125 0.96953125 0.00703125 0.0203125
16 0.4015625 0.975 0.0078125 0.0234375
16 0.40703125 0.97265625 0.00703125 0.02109375
16 0.93125 0.81015625 0.0078125 0.01796875
2 0.965625 0.8 0.00546875 0.0203125
16 0.42421875 0.96875 0.0078125 0.02265625
16 0.41875 0.9703125 0.00546875 0.01875
16 0.8796875 0.828125 0.0078125 0.02265625
20 0.99296875 0.79375 0.0125 0.0203125
16 0.92421875 0.81640625 0.01015625 0.01328125
16 0.903125 0.82421875 0.009375 0.01328125
2 0.8203125 0.85546875 0.00703125 0.028125
2 0.83125 0.853125 0.00859375 0.0296875
2 0.825 0.8546875 0.00625 0.0234375
2 0.94140625 0.8234375 0.0078125 0.01328125
16 0.90390625 0.8359375 0.0078125 0.01328125
16 0.91953125 0.83125 0.009375 0.0109375
16 0.89296875 0.83984375 0.009375 0.0109375
2 0.93046875 0.82890625 0.009375 0.009375
16 0.88359375 0.84453125 0.0109375 0.01328125
16 0.5046875 0.96171875 0.00625 0.02265625
16 0.56875 0.94296875 0.00625 0.02265625
2 0.91171875 0.8375 0.00546875 0.02265625
16 0.55 0.95 0.00703125 0.02109375
16 0.4796875 0.971875 0.00546875 0.0234375
16 0.97109375 0.81953125 0.00546875 0.01796875
2 0.98828125 0.81640625 0.00703125 0.0203125
2 0.95625 0.82578125 0.00625 0.0203125
2 0.87578125 0.85078125 0.00625 0.02265625
16 0.9765625 0.81953125 0.00546875 0.0203125
2 0.9828125 0.8171875 0.0046875 0.0203125
16 0.96171875 0.825 0.00625 0.02109375
2 0.965625 0.82421875 0.00625 0.02109375
16 0.8703125 0.85546875 0.00625 0.0203125
16 0.9203125 0.8421875 0.009375 0.01328125
2 0.9046875 0.84765625 0.01171875 0.0140625
2 0.94140625 0.8359375 0.009375 0.0109375
2 0.89375 0.85234375 0.009375 0.01171875
2 0.93046875 0.840625 0.0109375 0.0140625
16 0.88359375 0.85546875 0.00859375 0.01171875
16 0.5171875 0.97265625 0.009375 0.009375
16 0.50859375 0.97578125 0.01015625 0.0109375
16 0.54765625 0.96796875 0.0109375 0.01640625
2 0.85078125 0.88671875 0.01875 0.0234375
4 0.63203125 0.0609375 0.1375 0.121875