1 0.4453125 0.38515625 0.0109375 0.01796875
1 0.46015625 0.396875 0.01640625 0.0171875
1 0.5296875 0.453125 0.00703125 0.0125
1 0.5390625 0.4609375 0.01015625 0.01328125
1 0.546875 0.465625 0.00859375 0.0140625
1 0.525 0.47109375 0.0078125 0.01328125
1 0.5546875 0.471875 0.0109375 0.01328125
1 0.5546875 0.47265625 0.01171875 0.0125
1 0.53671875 0.48203125 0.00859375 0.0109375
1 0.496875 0.48359375 0.009375 0.01328125
1 0.54453125 0.4875 0.00859375 0.0109375
15 0.4828125 0.49140625 0.00859375 0.0125
1 0.55234375 0.49453125 0.00625 0.01171875
15 0.48828125 0.49609375 0.00703125 0.01015625
1 0.55625 0.49765625 0.00703125 0.0125
1 0.4921875 0.5 0.0078125 0.0109375
1 0.56171875 0.5015625 0.0078125 0.0125
1 0.5671875 0.5046875 0.0078125 0.0109375
15 0.5703125 0.50859375 0.00859375 0.0140625
15 0.57578125 0.51171875 0.0078125 0.01171875
9 0.4609375 0.51328125 0.015625 0.03125
15 0.5796875 0.5140625 0.0109375 0.01171875
1 0.484375 0.5203125 0.009375 0.01171875
1 0.5984375 0.53203125 0.0078125 0.01015625
15 0.45 0.53359375 0.00859375 0.0109375
1 0.6328125 0.5359375 0.0109375 0.0140625
15 0.4546875 0.5359375 0.00703125 0.01171875
1 0.4796875 0.53671875 0.00703125 0.01015625
1 0.60546875 0.5375 0.009375 0.0109375
15 0.459375 0.53984375 0.00859375 0.009375
1 0.56796875 0.54140625 0.00703125 0.01015625
15 0.44609375 0.54296875 0.00703125 0.01015625
9 0.52109375 0.54296875 0.10390625 0.1421875
1 0.57265625 0.5453125 0.00859375 0.009375
15 0.45078125 0.54609375 0.00703125 0.009375
1 0.6484375 0.5484375 0.0140625 0.01796875
15 0.4546875 0.55 0.00703125 0.01015625
1 0.459375 0.55234375 0.00625 0.01015625
1 0.62265625 0.55234375 0.01171875 0.0140625
15 0.44296875 0.5546875 0.00703125 0.0109375
15 0.4625 0.55546875 0.00703125 0.009375
15 0.446875 0.55703125 0.00625 0.01015625
1 0.56171875 0.55859375 0.00703125 0.0125
15 0.4671875 0.55859375 0.00859375 0.01015625
15 0.45078125 0.559375 0.00625 0.01015625
1 0.5671875 0.56015625 0.00859375 0.009375
15 0.4375 0.56328125 0.009375 0.01484375
15 0.4546875 0.56328125 0.0078125 0.01171875
15 0.44296875 0.56875 0.0078125 0.01171875
9 0.6046875 0.56953125 0.059375 0.0875
15 0.44765625 0.571875 0.00859375 0.01171875
1 0.47421875 0.57734375 0.009375 0.01015625
1 0.55546875 0.578125 0.00625 0.01171875
1 0.4828125 0.58203125 0.00703125 0.0109375
15 0.559375 0.58203125 0.0078125 0.0109375
1 0.575 0.58359375 0.00703125 0.0109375
15 0.56328125 0.5859375 0.00859375 0.0109375
1 0.48671875 0.58671875 0.00625 0.01171875
1 0.578125 0.5875 0.00625 0.0109375
15 0.56796875 0.58828125 0.00859375 0.0125
15 0.48984375 0.5890625 0.00859375 0.01328125
1 0.58203125 0.59140625 0.00625 0.00859375
15 0.4953125 0.5921875 0.00859375 0.01171875
1 0.58671875 0.5953125 0.00625 0.01171875
15 0.4984375 0.59609375 0.0078125 0.0109375
1 0.54765625 0.59765625 0.00625 0.01328125
15 0.50234375 0.5984375 0.0078125 0.0109375
1 0.553125 0.60078125 0.00703125 0.01484375
1 0.575 0.60078125 0.009375 0.01328125
15 0.50625 0.6015625 0.009375 0.0109375
1 0.509375 0.60546875 0.0078125 0.0109375
1 0.6015625 0.60703125 0.0078125 0.0140625
1 0.58046875 0.60703125 0.00703125 0.0125
1 0.5140625 0.60859375 0.00703125 0.0109375
15 0.58359375 0.61015625 0.00859375 0.0125
1 0.51796875 0.6109375 0.0078125 0.0109375
1 0.60703125 0.61171875 0.00859375 0.0109375
1 0.72578125 0.6125 0.0125 0.0140625
15 0.5875 0.6125 0.0078125 0.01015625
1 0.521875 0.61328125 0.0078125 0.0109375
1 0.6109375 0.61484375 0.00703125 0.0125
15 0.59296875 0.61640625 0.009375 0.01015625
1 0.665625 0.6171875 0.01484375 0.02265625
1 0.61640625 0.6171875 0.009375 0.0109375
1 0.52734375 0.61796875 0.0109375 0.0140625
1 0.59921875 0.62265625 0.009375 0.0109375
1 0.671875 0.6234375 0.01171875 0.02421875
1 0.6375 0.6234375 0.0125 0.02109375
1 0.7453125 0.62421875 0.009375 0.01796875
1 0.60625 0.62734375 0.009375 0.0109375
15 0.6578125 0.63671875 0.01015625 0.0125
1 0.534375 0.6375 0.01328125 0.01796875
15 0.66171875 0.63984375 0.009375 0.009375
9 0.64609375 0.640625 0.01875 0.03671875
9 0.58046875 0.6421875 0.06328125 0.06875
1 0.54140625 0.64296875 0.0125 0.021875
1 0.65625 0.6515625 0.0140625 0.01953125
1 0.5515625 0.6546875 0.00703125 0.01171875
1 0.5546875 0.65703125 0.00703125 0.0125
1 0.559375 0.6609375 0.00703125 0.009375
1 0.5625 0.66484375 0.00859375 0.01171875
15 0.63515625 0.66796875 0.00859375 0.0109375
15 0.64140625 0.66953125 0.00859375 0.01328125
1 0.65 0.67109375 0.0125 0.01796875
1 0.6203125 0.67421875 0.0140625 0.021875
1 0.578125 0.6765625 0.0078125 0.01484375
1 0.58359375 0.68046875 0.0078125 0.01328125
1 0.03125 0.06875 0.00625 0.0140625
1 0.5875 0.68515625 0.00703125 0.0109375
1 0.5921875 0.6875 0.0078125 0.0109375
1 0.64296875 0.6921875 0.01484375 0.02734375
1 0.65078125 0.6984375 0.015625 0.0234375
15 0.03515625 0.07109375 0.00703125 0.0109375
15 0.746875 0.709375 0.01015625 0.0109375
1 0.7546875 0.709375 0.0125 0.01875
1 0.73046875 0.7125 0.009375 0.01484375
15 0.73515625 0.715625 0.0078125 0.01015625
15 0.73828125 0.71875 0.0078125 0.009375
15 0.7421875 0.72265625 0.00625 0.01015625
15 0.746875 0.72578125 0.0078125 0.01171875
1 0.78515625 0.72578125 0.01484375 0.02265625
15 0.75 0.72734375 0.009375 0.01171875
9 0.72734375 0.72890625 0.01484375 0.01640625
1 0.79375 0.73125 0.01640625 0.021875
15 0.03984375 0.0734375 0.00703125 0.01171875
1 0.73515625 0.7359375 0.01328125 0.021875
15 0.709375 0.73828125 0.0078125 0.015625
15 0.71328125 0.7421875 0.0078125 0.01171875
1 0.71875 0.7484375 0.0125 0.01875
1 0.8765625 0.7484375 0.0109375 0.0140625
1 0.778125 0.75 0.015625 0.0234375
15 0.88046875 0.75234375 0.01015625 0.01171875
15 0.884375 0.75546875 0.0109375 0.0125
1 0.78671875 0.75703125 0.01328125 0.0234375
9 0.73046875 0.7578125 0.015625 0.02265625
15 0.88828125 0.7578125 0.00859375 0.0109375
1 0.79453125 0.7609375 0.0140625 0.02109375
15 0.8921875 0.76171875 0.01171875 0.01171875
15 0.896875 0.76484375 0.0078125 0.01015625
1 0.8765625 0.76640625 0.00859375 0.01171875
1 0.803125 0.7671875 0.0171875 0.0203125
15 0.9 0.76796875 0.0078125 0.009375
1 0.709375 0.76796875 0.01015625 0.01640625
1 0.7703125 0.76953125 0.01328125 0.01796875
1 0.8796875 0.7703125 0.009375 0.01171875
15 0.9046875 0.77109375 0.009375 0.0109375
15 0.71328125 0.77265625 0.0109375 0.01171875
1 0.88515625 0.77265625 0.009375 0.01171875
1 0.909375 0.775 0.009375 0.0109375
1 0.71875 0.77578125 0.00859375 0.0125
1 0.88828125 0.77578125 0.00703125 0.01015625
15 0.72265625 0.77734375 0.01015625 0.0109375
15 0.9125 0.778125 0.0078125 0.009375
1 0.89296875 0.77890625 0.0078125 0.0125
15 0.04375 0.078125 0.00859375 0.01015625
15 0.9171875 0.78046875 0.00859375 0.00859375
15 0.72578125 0.78125 0.0109375 0.01171875
1 0.7859375 0.78203125 0.0140625 0.01875
1 0.73046875 0.78359375 0.00703125 0.0125
15 0.92109375 0.78359375 0.01015625 0.009375
15 0.8109375 0.78515625 0.009375 0.0125
1 0.734375 0.7875 0.00703125 0.009375
15 0.840625 0.78828125 0.0078125 0.0109375
15 0.925 0.78828125 0.009375 0.0109375
15 0.928125 0.7890625 0.00859375 0.009375
15 0.8453125 0.78984375 0.0078125 0.0125
1 0.76484375 0.790625 0.015625 0.01640625
15 0.7375 0.790625 0.00859375 0.0109375
1 0.90859375 0.79296875 0.00859375 0.01328125
15 0.8484375 0.79296875 0.00703125 0.0125
15 0.9328125 0.79375 0.0078125 0.01015625
1 0.953125 0.79375 0.00703125 0.0125
15 0.74140625 0.79453125 0.00859375 0.01171875
1 0.9125 0.7953125 0.00859375 0.0125
1 0.80234375 0.7953125 0.009375 0.01171875
15 0.85234375 0.796875 0.00859375 0.0125
1 0.95625 0.796875 0.00859375 0.0109375
15 0.9359375 0.796875 0.00859375 0.009375
15 0.7453125 0.79765625 0.009375 0.0140625
1 0.83671875 0.7984375 0.01015625 0.01484375
1 0.915625 0.79921875 0.0078125 0.0140625
15 0.940625 0.8 0.00859375 0.0109375
15 0.85703125 0.8 0.0078125 0.01484375
1 0.75078125 0.8 0.009375 0.01484375
1 0.9203125 0.8015625 0.0078125 0.0125
1 0.7796875 0.80078125 0.01484375 0.021875
15 0.840625 0.8015625 0.0078125 0.01171875
15 0.8609375 0.8015625 0.009375 0.01171875
9 0.80625 0.8015625 0.01328125 0.01796875
1 0.94375 0.803125 0.0078125 0.00859375
1 0.92421875 0.80390625 0.0078125 0.0109375
15 0.784375 0.8046875 0.00859375 0.0125
15 0.84453125 0.80546875 0.00703125 0.0109375
1 0.8140625 0.80546875 0.00859375 0.01796875
15 0.8640625 0.80625 0.009375 0.01171875
1 0.92734375 0.80703125 0.00859375 0.0125
15 0.81875 0.809375 0.01015625 0.0125
15 0.8484375 0.809375 0.0078125 0.0109375
1 0.95234375 0.81015625 0.009375 0.01171875
15 0.04765625 0.08125 0.009375 0.01171875
1 0.93125 0.8109375 0.009375 0.0109375
15 0.82265625 0.8125 0.009375 0.015625
15 0.8515625 0.8125 0.00859375 0.01015625
1 0.79296875 0.81328125 0.00859375 0.01640625
1 0.9359375 0.8140625 0.009375 0.01015625
1 0.79765625 0.815625 0.0078125 0.015625
15 0.85546875 0.81640625 0.009375 0.0125
1 0.83125 0.81796875 0.01015625 0.01328125
1 0.80234375 0.81796875 0.0078125 0.01328125
15 0.86015625 0.81875 0.00703125 0.01015625
15 0.80703125 0.82109375 0.00859375 0.01484375
15 0.86328125 0.821875 0.00859375 0.009375
15 0.8671875 0.82421875 0.00625 0.0125
1 0.8390625 0.825 0.00859375 0.01640625
15 0.81015625 0.8265625 0.0109375 0.0125
1 0.87265625 0.82890625 0.01171875 0.0125
1 0.82578125 0.83359375 0.009375 0.0125
9 0.84453125 0.8359375 0.021875 0.0328125
15 0.853125 0.83828125 0.00859375 0.0125
1 0.834375 0.83984375 0.0078125 0.0109375
15 0.8578125 0.840625 0.0078125 0.0109375
1 0.86171875 0.84375 0.00859375 0.0109375
15 0.0515625 0.08515625 0.0078125 0.01171875
15 0.865625 0.84609375 0.00859375 0.01328125
1 0.8703125 0.85 0.00859375 0.0140625
15 0.8484375 0.8515625 0.0078125 0.009375
1 0.87421875 0.8546875 0.0078125 0.0125
15 0.853125 0.85546875 0.00859375 0.0125
15 0.878125 0.85625 0.00625 0.0125
1 0.85703125 0.8578125 0.0078125 0.01171875
15 0.8609375 0.8609375 0.00703125 0.0125
1 0.88125 0.8609375 0.009375 0.0125
1 0.86484375 0.8640625 0.0078125 0.01171875
1 0.86875 0.8671875 0.0078125 0.01484375
1 0.05625 0.08671875 0.00703125 0.01484375
15 0.87421875 0.87109375 0.00859375 0.0109375
9 0.8875 0.871875 0.025 0.0328125
15 0.89765625 0.87265625 0.01015625 0.01328125
1 0.878125 0.87578125 0.01171875 0.01171875
15 0.90234375 0.8765625 0.009375 0.01328125
15 0.89296875 0.88515625 0.0078125 0.009375
15 0.896875 0.8890625 0.0078125 0.00859375
1 0.034375 0.0890625 0.00859375 0.01328125
1 0.0390625 0.08984375 0.0046875 0.01953125
15 0.0609375 0.09140625 0.0078125 0.01171875
1 0.04375 0.09453125 0.0078125 0.01328125
15 0.06484375 0.09609375 0.01015625 0.0109375
1 0.04609375 0.09765625 0.009375 0.0140625
15 0.06796875 0.0984375 0.00859375 0.0109375
15 0.071875 0.10078125 0.0078125 0.01015625
1 0.05546875 0.1046875 0.00625 0.01640625
15 0.07578125 0.1046875 0.0078125 0.0125
15 0.08046875 0.10703125 0.009375 0.009375
1 0.05859375 0.10859375 0.009375 0.0125
15 0.084375 0.11015625 0.00625 0.01171875
1 0.06328125 0.11171875 0.00859375 0.0109375
15 0.0875 0.1140625 0.00859375 0.009375
1 0.06640625 0.11484375 0.01015625 0.009375
1 0.0921875 0.11640625 0.00703125 0.0171875
1 0.07109375 0.11796875 0.0109375 0.0140625
1 0.07578125 0.121875 0.0109375 0.01015625
1 0.0796875 0.12421875 0.009375 0.0109375
1 0.08515625 0.1265625 0.009375 0.01328125
1 0.1609375 0.15390625 0.009375 0.01875
1 0.1265625 0.159375 0.0078125 0.01484375
15 0.13125 0.16328125 0.009375 0.01015625
1 0.178125 0.16640625 0.00859375 0.025
1 0.12109375 0.171875 0.0078125 0.0140625
15 0.14296875 0.17265625 0.0078125 0.0109375
9 0.13515625 0.1734375 0.015625 0.0265625
1 0.14765625 0.1765625 0.00859375 0.01328125
15 0.12734375 0.1765625 0.00859375 0.0109375
15 0.13828125 0.18515625 0.00625 0.00859375
1 0.14296875 0.18671875 0.009375 0.0140625
1 0.175 0.1984375 0.0140625 0.02734375
15 0.1921875 0.203125 0.01015625 0.01640625
1 0.18203125 0.20625 0.01328125 0.025
15 0.19609375 0.20859375 0.009375 0.0109375
15 0.2015625 0.21171875 0.009375 0.01484375
15 0.20546875 0.2140625 0.01015625 0.0140625
1 0.1875 0.21484375 0.0078125 0.01484375
1 0.1921875 0.21796875 0.00859375 0.01484375
15 0.21015625 0.21875 0.01015625 0.01328125
1 0.24296875 0.21875 0.0109375 0.01953125
15 0.21484375 0.22109375 0.01015625 0.015625
1 0.196875 0.221875 0.009375 0.01640625
15 0.21875 0.225 0.009375 0.01328125
1 0.20078125 0.2265625 0.0078125 0.01484375
15 0.22265625 0.2296875 0.00859375 0.01328125
1 0.25703125 0.23125 0.0125 0.0171875
1 0.21015625 0.2328125 0.0078125 0.01328125
15 0.22734375 0.23359375 0.00859375 0.0125
1 0.21484375 0.23671875 0.00703125 0.0171875
15 0.23125 0.2375 0.00859375 0.01171875
1 0.23671875 0.23984375 0.00859375 0.01171875
15 0.24140625 0.24375 0.0078125 0.01015625
1 0.22265625 0.24453125 0.009375 0.015625
1 0.228125 0.246875 0.00546875 0.0171875
15 0.2453125 0.24765625 0.00859375 0.01328125
1 0.2328125 0.25078125 0.00859375 0.0140625
15 0.25 0.2515625 0.00703125 0.01328125
15 0.2546875 0.25546875 0.009375 0.01171875
1 0.23671875 0.25546875 0.00859375 0.0109375
15 0.25859375 0.2578125 0.00859375 0.01328125
1 0.240625 0.259375 0.01015625 0.0109375
15 0.2640625 0.2625 0.0078125 0.0125
1 0.24609375 0.26328125 0.0109375 0.0140625
15 0.26875 0.26640625 0.00859375 0.01328125
1 0.25390625 0.26953125 0.01015625 0.01484375
15 0.27265625 0.26953125 0.00859375 0.01328125
1 0.26015625 0.27265625 0.009375 0.01484375
15 0.27734375 0.27265625 0.009375 0.01328125
15 0.28125 0.27578125 0.0078125 0.01171875
1 0.2671875 0.28046875 0.009375 0.01171875
1 0.27265625 0.284375 0.009375 0.0125
1 0.278125 0.28828125 0.009375 0.0125
1 0.35 0.30859375 0.0109375 0.0125
1 0.36640625 0.32109375 0.01171875 0.015625
1 0.43515625 0.378125 0.01171875 0.01328125
15 0.440625 0.38046875 0.01015625 0.0125