2 0.69921875 0.6625 0.00390625 0.028125
16 0.26640625 0.53046875 0.00390625 0.02578125
2 0.27109375 0.53046875 0.00390625 0.03046875
16 0.95390625 0.7765625 0.00234375 0.028125
2 0.95859375 0.7765625 0.0046875 0.03203125
2 0.38203125 0.57890625 0.0046875 0.03203125
16 0.409375 0.5875 0.00390625 0.03203125
2 0.4046875 0.58515625 0.0046875 0.028125
16 0.37734375 0.5796875 0.003125 0.03046875
2 0.06875 0.47421875 0.003125 0.02578125
16 0.290625 0.54921875 0.003125 0.02578125
16 0.0734375 0.475 0.0046875 0.03203125
2 0.28671875 0.5515625 0.0046875 0.03046875
2 0.36953125 0.58046875 0.00390625 0.028125
16 0.75078125 0.7140625 0.0046875 0.03203125
16 0.71953125 0.7046875 0.00390625 0.03046875
2 0.74609375 0.7140625 0.0046875 0.03203125
2 0.71328125 0.70390625 0.0046875 0.03203125
2 0.72421875 0.70546875 0.0046875 0.03203125
2 0.975 0.79765625 0.00390625 0.03046875
16 0.9796875 0.79765625 0.003125 0.03046875
2 0.3609375 0.61015625 0.00390625 0.02578125
16 0.65 0.715625 0.003125 0.02578125
16 0.63515625 0.709375 0.00625 0.04296875
16 0.66640625 0.7234375 0.0046875 0.03203125
16 0.6109375 0.74140625 0.00625 0.04296875
16 0.625 0.75 0.00390625 0.03046875
16 0.6203125 0.74765625 0.00234375 0.03046875
16 0.63046875 0.75234375 0.00390625 0.03046875
16 0.64296875 0.75859375 0.00390625 0.03046875
16 0.61640625 0.74765625 0.00390625 0.021875
2 0.48125 0.74765625 0.00703125 0.05625
2 0.1296875 0.62734375 0.0078125 0.06015625
2 0.1421875 0.63046875 0.0078125 0.0625
2 0.4609375 0.74140625 0.00703125 0.05625
2 0.47109375 0.7453125 0.00703125 0.06015625
2 0.85546875 0.88046875 0.00703125 0.0578125
2 0.15390625 0.6359375 0.00703125 0.05625
2 0.83125 0.871875 0.00703125 0.05390625
2 0.84296875 0.87734375 0.0078125 0.06015625
16 0.57109375 0.80625 0.003125 0.02578125
20 0.10234375 0.6640625 0.01953125 0.09921875
20 0.18828125 0.69609375 0.01875 0.09921875
20 0.4375 0.78671875 0.01796875 0.09921875
20 0.51953125 0.81484375 0.01796875 0.09453125
2 0.590625 0.83828125 0.0046875 0.03046875
16 0.5859375 0.8375 0.003125 0.028125
16 0.63515625 0.8578125 0.00390625 0.02578125
2 0.63046875 0.85703125 0.00390625 0.028125
2 0.62734375 0.8546875 0.00390625 0.028125
2 0.62265625 0.85546875 0.003125 0.02578125
16 0.68515625 0.8921875 0.0046875 0.03046875
16 0.69140625 0.896875 0.0046875 0.0390625
2 0.16640625 0.721875 0.00859375 0.06015625
16 0.634375 0.88828125 0.003125 0.02578125
16 0.58984375 0.8703125 0.00390625 0.02578125
2 0.5 0.84140625 0.00703125 0.0578125
2 0.4234375 0.81484375 0.00703125 0.05625
2 0.08515625 0.70078125 0.0078125 0.06015625
2 0.6125 0.88984375 0.003125 0.034375
16 0.6390625 0.9125 0.003125 0.028125
16 0.66953125 0.92265625 0.003125 0.03046875
2 0.67421875 0.92578125 0.0046875 0.028125
20 0.846875 0.96796875 0.01796875 0.06015625
16 0.678125 0.92578125 0.003125 0.028125
16 0.65859375 0.92265625 0.00390625 0.034375
20 0.934375 0.98671875 0.01796875 0.021875
16 0.56796875 0.89453125 0.0046875 0.0390625
16 0.72109375 0.95546875 0.00390625 0.028125
16 0.71640625 0.9578125 0.0046875 0.03203125
16 0.70546875 0.95390625 0.00234375 0.028125
16 0.6859375 0.94609375 0.003125 0.02578125
2 0.68203125 0.94375 0.0046875 0.02578125
16 0.690625 0.9484375 0.003125 0.03046875
2 0.71015625 0.96015625 0.00546875 0.040625
2 0.36640625 0.84453125 0.07421875 0.1421875
2 0.284375 0.81796875 0.0734375 0.1359375
2 0.15390625 0.775 0.0046875 0.03203125
2 0.16015625 0.7765625 0.00390625 0.028125
2 0.17109375 0.78359375 0.0046875 0.028125
2 0.63828125 0.946875 0.003125 0.03203125
2 0.165625 0.78203125 0.0046875 0.03046875
16 0.65390625 0.95234375 0.0046875 0.03046875
16 0.64296875 0.9515625 0.0046875 0.03203125
2 0.828125 0.9921875 0.0078125 0.0109375
2 0.60625 0.94296875 0.0046875 0.03203125
16 0.59609375 0.95078125 0.00390625 0.02578125
2 0.66953125 0.9765625 0.003125 0.03046875
16 0.60078125 0.9515625 0.00390625 0.0234375
16 0.66484375 0.97421875 0.003125 0.03046875
2 0.584375 0.959375 0.00625 0.04296875
2 0.5640625 0.95234375 0.0046875 0.03046875
16 0.65078125 0.98828125 0.0046875 0.01953125
2 0.6375 0.98671875 0.0046875 0.021875
9 0.67890625 0.978125 0.01796875 0.0390625
16 0.59609375 0.98203125 0.003125 0.028125
16 0.60546875 0.98359375 0.0046875 0.028125
16 0.66484375 0.99453125 0.0046875 0.00625
2 0.66875 0.99453125 0.00390625 0.00625
16 0.60078125 0.9828125 0.0046875 0.03046875
22 0.7109375 0.98671875 0.01875 0.021875
16 0.57421875 0.98828125 0.009375 0.01953125
16 0.584375 0.99140625 0.00859375 0.01328125
16 0.56171875 0.98671875 0.00703125 0.021875
4 0.12890625 0.8359375 0.09140625 0.09921875