1 0.67109375 0.546875 0.003125 0.02578125
15 0.27890625 0.56015625 0.003125 0.02421875
1 0.2828125 0.5609375 0.003125 0.02734375
15 0.903125 0.5671875 0.00234375 0.02578125
1 0.90703125 0.5671875 0.0046875 0.028125
1 0.38359375 0.5671875 0.00390625 0.02890625
15 0.40859375 0.56796875 0.003125 0.03046875
1 0.4046875 0.56875 0.00390625 0.02421875
15 0.3796875 0.56953125 0.00234375 0.028125
1 0.09921875 0.571875 0.003125 0.0234375
15 0.30078125 0.57265625 0.003125 0.025
15 0.103125 0.57265625 0.00390625 0.028125
1 0.296875 0.57421875 0.00390625 0.02578125
1 0.371875 0.57421875 0.003125 0.02578125
15 0.71875 0.575 0.00390625 0.028125
15 0.690625 0.57578125 0.003125 0.02734375
1 0.71484375 0.5765625 0.003125 0.028125
1 0.68515625 0.5765625 0.00390625 0.028125
1 0.69453125 0.5765625 0.00390625 0.02890625
1 0.92265625 0.578125 0.003125 0.02890625
15 0.9265625 0.57890625 0.003125 0.028125
1 0.36484375 0.603125 0.003125 0.02421875
15 0.628125 0.60625 0.00234375 0.02421875
15 0.6140625 0.6078125 0.00546875 0.03671875
15 0.64296875 0.609375 0.00390625 0.02734375
15 0.59296875 0.6421875 0.0046875 0.03671875
15 0.60546875 0.64609375 0.003125 0.028125
15 0.6015625 0.646875 0.00234375 0.02734375
15 0.6109375 0.646875 0.003125 0.02734375
15 0.621875 0.64765625 0.003125 0.028125
15 0.59765625 0.6484375 0.003125 0.0203125
1 0.4765625 0.68984375 0.00546875 0.05078125
1 0.15625 0.68984375 0.00625 0.05390625
1 0.16796875 0.68984375 0.00625 0.05625
1 0.4578125 0.690625 0.00546875 0.05078125
1 0.4671875 0.690625 0.00546875 0.05234375
1 0.81640625 0.69140625 0.00546875 0.0515625
1 0.17890625 0.69140625 0.00546875 0.04921875
1 0.79453125 0.69140625 0.00546875 0.04765625
1 0.80546875 0.69453125 0.00625 0.05234375
15 0.559375 0.7140625 0.003125 0.0234375
20 0.13359375 0.734375 0.01640625 0.08515625
20 0.21171875 0.73515625 0.015625 0.08515625
20 0.4375 0.7359375 0.01484375 0.08671875
20 0.51171875 0.7375 0.01484375 0.0796875
1 0.57734375 0.7375 0.00390625 0.02578125
15 0.5734375 0.73828125 0.003125 0.0265625
15 0.61796875 0.73828125 0.003125 0.02421875
1 0.6140625 0.73984375 0.003125 0.02578125
1 0.61015625 0.73984375 0.003125 0.02578125
1 0.60625 0.740625 0.003125 0.02421875
15 0.66328125 0.7546875 0.00390625 0.02578125
15 0.66953125 0.75703125 0.0046875 0.034375
1 0.1921875 0.76484375 0.00703125 0.05390625
15 0.6171875 0.76640625 0.003125 0.0234375
15 0.57734375 0.76640625 0.003125 0.0234375
1 0.49453125 0.76796875 0.00546875 0.05078125
1 0.42578125 0.76953125 0.00546875 0.05
1 0.11875 0.77109375 0.00625 0.05390625
1 0.59765625 0.77734375 0.00234375 0.03125
15 0.621875 0.78828125 0.00234375 0.0265625
15 0.65 0.7890625 0.00234375 0.028125
1 0.65390625 0.78828125 0.00390625 0.025
20 0.8109375 0.78828125 0.0140625 0.08125
15 0.6578125 0.7890625 0.00234375 0.0265625
15 0.63984375 0.78984375 0.003125 0.03125
20 0.890625 0.7921875 0.01484375 0.075
15 0.5578125 0.79296875 0.00390625 0.03515625
15 0.69609375 0.80234375 0.003125 0.0265625
15 0.69296875 0.803125 0.003125 0.028125
15 0.6828125 0.803125 0.00234375 0.02578125
15 0.66484375 0.80390625 0.003125 0.025
1 0.8765625 0.80390625 0.00546875 0.04765625
1 0.6609375 0.8046875 0.003125 0.021875
15 0.66875 0.8046875 0.00234375 0.02890625
1 0.6875 0.80703125 0.00390625 0.0359375
1 0.375 0.81328125 0.065625 0.1078125
1 0.3 0.81484375 0.06484375 0.1015625
1 0.18203125 0.8171875 0.00390625 0.02734375
1 0.18671875 0.81796875 0.003125 0.0265625
1 0.19765625 0.81796875 0.003125 0.025
1 0.621875 0.81796875 0.00234375 0.03046875
1 0.1921875 0.81875 0.00390625 0.0265625
15 0.6359375 0.81875 0.0046875 0.0265625
15 0.6265625 0.82109375 0.00390625 0.02890625
1 0.79453125 0.82109375 0.00546875 0.0484375
1 0.59296875 0.825 0.00390625 0.02734375
15 0.584375 0.8328125 0.003125 0.02421875
1 0.65078125 0.83359375 0.003125 0.02734375
15 0.58828125 0.834375 0.003125 0.02265625
15 0.646875 0.834375 0.00234375 0.02734375
1 0.57421875 0.846875 0.0046875 0.0375
15 0.90078125 0.846875 0.003125 0.0265625
1 0.55546875 0.8484375 0.00390625 0.02578125
15 0.8296875 0.85234375 0.003125 0.02734375
15 0.6984375 0.85234375 0.003125 0.02734375
1 0.878125 0.853125 0.003125 0.0234375
15 0.634375 0.85703125 0.003125 0.02734375
15 0.67890625 0.85859375 0.003125 0.0234375
1 0.621875 0.86171875 0.00390625 0.02890625
9 0.66015625 0.86171875 0.0140625 0.084375
15 0.58515625 0.8625 0.00234375 0.0265625
15 0.59296875 0.86328125 0.003125 0.02734375
15 0.646875 0.86328125 0.003125 0.02578125
1 0.65078125 0.8640625 0.003125 0.02890625
15 0.5890625 0.86484375 0.00390625 0.02578125
22 0.6890625 0.865625 0.01484375 0.0828125
15 0.834375 0.871875 0.003125 0.028125
15 0.81015625 0.871875 0.00390625 0.025
15 0.88671875 0.871875 0.00234375 0.025
15 0.896875 0.871875 0.00390625 0.03046875
1 0.7421875 0.87265625 0.06640625 0.10859375
15 0.8203125 0.8734375 0.003125 0.02890625
15 0.8296875 0.8796875 0.003125 0.025
15 0.878125 0.88125 0.003125 0.02734375
15 0.90078125 0.88125 0.003125 0.0265625
1 0.61640625 0.88515625 0.0015625 0.021875
15 0.6984375 0.8890625 0.003125 0.0296875
1 0.67890625 0.8890625 0.003125 0.02421875
15 0.6515625 0.89296875 0.003125 0.02734375
15 0.56484375 0.89296875 0.00625 0.0453125
15 0.57421875 0.89453125 0.00625 0.0484375
15 0.55390625 0.89453125 0.0046875 0.04765625
1 0.5984375 0.89609375 0.00234375 0.0265625
15 0.62578125 0.8953125 0.003125 0.02578125
15 0.590625 0.896875 0.003125 0.02578125
15 0.61171875 0.896875 0.003125 0.02578125
15 0.59453125 0.896875 0.003125 0.0234375
15 0.60703125 0.89765625 0.003125 0.025
15 0.621875 0.896875 0.003125 0.02890625
1 0.60234375 0.8984375 0.003125 0.02734375
4 0.16015625 0.90390625 0.08203125 0.1078125
1 0.88671875 0.91640625 0.0046875 0.034375
1 0.8203125 0.91640625 0.0046875 0.03671875
1 0.65859375 0.9203125 0.003125 0.028125
15 0.665625 0.9203125 0.003125 0.028125
15 0.79453125 0.92421875 0.00390625 0.02890625
15 0.86171875 0.92421875 0.003125 0.02734375
15 0.60546875 0.925 0.003125 0.02578125
15 0.609375 0.92734375 0.003125 0.02734375
15 0.6140625 0.928125 0.003125 0.0265625
15 0.56484375 0.94375 0.00546875 0.04609375
15 0.5546875 0.94453125 0.0046875 0.0453125
15 0.57421875 0.94453125 0.00546875 0.0484375