9 0.65 0.5328125 0.1140625 0.171875
16 0.81796875 0.05078125 0.00625 0.0140625
2 0.7640625 0.0515625 0.0078125 0.0171875
16 0.80234375 0.0515625 0.0015625 0.01328125
2 0.8609375 0.53359375 0.00859375 0.01328125
16 0.7171875 0.53984375 0.00625 0.0140625
9 0.49140625 0.54609375 0.11015625 0.20859375
2 0.3765625 0.5546875 0.01171875 0.0109375
16 0.86484375 0.5578125 0.009375 0.02265625
2 0.3140625 0.55859375 0.00703125 0.0078125
16 0.92890625 0.0546875 0.0171875 0.01484375
9 0.84296875 0.578125 0.0234375 0.040625
16 0.8890625 0.59140625 0.01953125 0.02109375
16 0.91796875 0.590625 0.01328125 0.015625
2 0.58359375 0.59375 0.00390625 0.01015625
2 0.42578125 0.61015625 0.00546875 0.01328125
9 0.29765625 0.6125 0.0890625 0.0984375
2 0.6796875 0.61875 0.00859375 0.0046875
2 0.34609375 0.625 0.00390625 0.01484375
2 0.7 0.625 0.0046875 0.0125
16 0.95546875 0.0609375 0.00859375 0.0046875
2 0.24921875 0.63359375 0.0046875 0.01328125
20 0.2234375 0.64375 0.01640625 0.01484375
9 0.89453125 0.65390625 0.025 0.0375
9 0.84375 0.65859375 0.0265625 0.040625
2 0.24296875 0.6609375 0.009375 0.00546875
2 0.509375 0.66328125 0.009375 0.0046875
16 0.5484375 0.66796875 0.009375 0.00625
2 0.296875 0.66875 0.009375 0.00859375
16 0.6578125 0.66953125 0.0109375 0.0109375
16 0.72421875 0.66953125 0.01484375 0.0109375
16 0.5484375 0.6765625 0.0078125 0.0078125
16 0.6578125 0.67734375 0.0109375 0.00703125
9 0.56953125 0.68203125 0.02890625 0.0375
9 0.6375 0.6828125 0.0359375 0.0375
9 0.70390625 0.68671875 0.02734375 0.03359375
16 0.546875 0.690625 0.00859375 0.00703125
16 0.54765625 0.70234375 0.009375 0.00859375
2 0.6328125 0.70546875 0.00859375 0.00546875
16 0.60390625 0.70703125 0.00390625 0.01328125
2 0.5671875 0.70625 0.009375 0.00703125
2 0.69921875 0.7078125 0.0078125 0.0078125
2 0.36328125 0.73359375 0.00546875 0.015625
16 0.3578125 0.07109375 0.0171875 0.015625
2 0.35546875 0.734375 0.00390625 0.01484375
2 0.3828125 0.7421875 0.0078125 0.01640625
16 0.246875 0.75859375 0.0203125 0.01875
16 0.225 0.76015625 0.01953125 0.015625
16 0.95625 0.07578125 0.009375 0.00546875
2 0.728125 0.78984375 0.0046875 0.01328125
20 0.23046875 0.7953125 0.01328125 0.0203125
20 0.259375 0.7953125 0.01328125 0.02109375
9 0.75078125 0.80234375 0.03046875 0.0546875
16 0.92890625 0.07890625 0.01796875 0.02109375
2 0.728125 0.81796875 0.00390625 0.01640625
16 0.71796875 0.81875 0.01015625 0.00625
2 0.29765625 0.83359375 0.059375 0.0921875
16 0.22265625 0.84296875 0.01796875 0.02265625
16 0.95390625 0.08515625 0.00703125 0.003125
2 0.73203125 0.88359375 0.021875 0.0375
2 0.771875 0.8828125 0.02734375 0.04140625
2 0.346875 0.92109375 0.025 0.03828125
2 0.3875 0.93359375 0.0421875 0.06796875
2 0.19765625 0.93828125 0.02734375 0.04609375
16 0.3578125 0.0921875 0.01484375 0.0140625
2 0.4578125 0.953125 0.02734375 0.03671875
9 0.5859375 0.96015625 0.028125 0.05078125
9 0.546875 0.9625 0.0234375 0.03671875
9 0.50078125 0.96484375 0.02734375 0.040625
2 0.56171875 0.9765625 0.0046875 0.0125
2 0.60390625 0.978125 0.0046875 0.01328125
2 0.52109375 0.978125 0.00234375 0.01484375
16 0.95390625 0.096875 0.00625 0.0078125
2 0.2890625 0.1 0.02890625 0.0390625
2 0.846875 0.10234375 0.0046875 0.0109375
2 0.83984375 0.10234375 0.00234375 0.0125
2 0.85234375 0.10234375 0.003125 0.0125
2 0.83359375 0.103125 0.0046875 0.01171875
16 0.9546875 0.109375 0.00859375 0.00625
16 0.359375 0.11171875 0.0203125 0.01484375
2 0.76640625 0.11875 0.0046875 0.0171875
2 0.7734375 0.11875 0.00390625 0.0125
2 0.78515625 0.11953125 0.00390625 0.01328125
16 0.6359375 0.11953125 0.025 0.02421875
2 0.84609375 0.1203125 0.00390625 0.0125
2 0.78046875 0.1203125 0.00546875 0.01484375
2 0.85234375 0.12109375 0.00390625 0.0125
2 0.8328125 0.12109375 0.0046875 0.01484375
2 0.8390625 0.12109375 0.0046875 0.01171875
16 0.52109375 0.12109375 0.02265625 0.028125
16 0.95546875 0.121875 0.00625 0.0046875
2 0.92890625 0.1328125 0.0046875 0.01328125
16 0.95390625 0.134375 0.00625 0.003125
16 0.9546875 0.14296875 0.0078125 0.00390625
2 0.61171875 0.14609375 0.0046875 0.01484375
2 0.57109375 0.14609375 0.00625 0.0125
16 0.0578125 0.15234375 0.0109375 0.00625
2 0.28828125 0.153125 0.02734375 0.04140625
2 0.35390625 0.1546875 0.02890625 0.0421875
16 0.95390625 0.15546875 0.0078125 0.00703125
16 0.05703125 0.16484375 0.0078125 0.0046875
2 0.86015625 0.16484375 0.00390625 0.0125
2 0.67109375 0.165625 0.0109375 0.02421875
16 0.95390625 0.16796875 0.0078125 0.00625
2 0.79453125 0.16953125 0.00625 0.01640625
16 0.05625 0.1765625 0.009375 0.00703125
2 0.4875 0.1765625 0.0046875 0.0140625
16 0.70546875 0.1765625 0.00625 0.02421875
2 0.39609375 0.17734375 0.00625 0.01484375
16 0.6921875 0.17734375 0.0109375 0.01875
16 0.71640625 0.1796875 0.009375 0.0234375
16 0.95390625 0.17890625 0.0078125 0.00546875
2 0.83984375 0.18359375 0.0046875 0.0125
2 0.784375 0.184375 0.0046875 0.0125
2 0.8515625 0.184375 0.003125 0.009375
2 0.7640625 0.18515625 0.00625 0.01171875
2 0.77734375 0.18515625 0.0046875 0.01640625
2 0.84609375 0.18515625 0.00390625 0.01015625
2 0.77109375 0.18515625 0.0046875 0.0125
2 0.834375 0.1875 0.00546875 0.0140625
9 0.09765625 0.1875 0.025 0.040625
16 0.0578125 0.1875 0.01015625 0.0046875
2 0.31484375 0.1890625 0.00859375 0.0171875
16 0.9546875 0.190625 0.0078125 0.003125
2 0.54140625 0.190625 0.0046875 0.0140625
16 0.5984375 0.19609375 0.02421875 0.01328125
16 0.0578125 0.1984375 0.009375 0.00546875
2 0.1140625 0.19921875 0.00625 0.0140625
16 0.8453125 0.2015625 0.00390625 0.0125
16 0.953125 0.2015625 0.0078125 0.0078125
16 0.8390625 0.20234375 0.00390625 0.01171875
16 0.853125 0.203125 0.00546875 0.0125
2 0.928125 0.203125 0.00390625 0.0203125
16 0.834375 0.2046875 0.0046875 0.01640625
2 0.71796875 0.20703125 0.0078125 0.01328125
16 0.05625 0.2109375 0.009375 0.00546875
16 0.95078125 0.2140625 0.01328125 0.0078125
16 0.05703125 0.2234375 0.009375 0.00625
16 0.5921875 0.22421875 0.01796875 0.0140625
16 0.95234375 0.2265625 0.01015625 0.0078125
2 0.3953125 0.22890625 0.00390625 0.0140625
16 0.05546875 0.23359375 0.0078125 0.00546875
16 0.95390625 0.23828125 0.00859375 0.0078125
16 0.6625 0.24140625 0.01171875 0.0234375
16 0.653125 0.24140625 0.01171875 0.0203125
16 0.05703125 0.24609375 0.009375 0.00625
2 0.61796875 0.24765625 0.00859375 0.01875
2 0.6296875 0.25390625 0.009375 0.01875
16 0.05625 0.2578125 0.0078125 0.00625
9 0.09609375 0.26015625 0.025 0.03359375
16 0.95546875 0.26171875 0.009375 0.0109375
9 0.596875 0.2640625 0.0296875 0.040625
9 0.48125 0.2640625 0.1203125 0.16171875
2 0.66953125 0.26953125 0.009375 0.0171875
2 0.115625 0.26953125 0.00390625 0.01640625
16 0.0578125 0.27109375 0.0078125 0.00703125
2 0.33984375 0.271875 0.00625 0.01328125
2 0.61796875 0.27265625 0.00625 0.0140625
2 0.9296875 0.27421875 0.0078125 0.01328125
9 0.2390625 0.2765625 0.07734375 0.1140625
16 0.05703125 0.28203125 0.0078125 0.00546875
16 0.953125 0.28515625 0.01171875 0.0046875
2 0.39453125 0.2875 0.0046875 0.0125
9 0.7921875 0.2921875 0.08125 0.10546875
16 0.05625 0.29375 0.009375 0.00625
16 0.9546875 0.29765625 0.009375 0.00390625
16 0.05703125 0.3046875 0.009375 0.00625
2 0.846875 0.30859375 0.00390625 0.01328125
16 0.9546875 0.31015625 0.0109375 0.00703125
16 0.05703125 0.3171875 0.0078125 0.00546875
9 0.596875 0.3171875 0.02265625 0.034375
2 0.41796875 0.31875 0.00625 0.01171875
9 0.09921875 0.32890625 0.0234375 0.03671875
16 0.05625 0.3296875 0.01015625 0.00703125
16 0.05703125 0.340625 0.0078125 0.00625
2 0.1140625 0.34453125 0.00390625 0.0171875
16 0.05703125 0.353125 0.009375 0.00625
16 0.05625 0.36484375 0.0078125 0.009375
2 0.25078125 0.371875 0.00703125 0.0125
16 0.05625 0.37578125 0.009375 0.00546875
16 0.05546875 0.3875 0.009375 0.00703125
2 0.72890625 0.390625 0.0046875 0.01171875
2 0.30859375 0.39453125 0.009375 0.0078125
9 0.09765625 0.39921875 0.02421875 0.03671875
16 0.05625 0.4 0.01015625 0.00625
2 0.3765625 0.4015625 0.00859375 0.00859375
9 0.846875 0.403125 0.0265625 0.040625
2 0.11640625 0.4109375 0.00546875 0.0171875
16 0.05625 0.41171875 0.009375 0.0046875
2 0.6015625 0.415625 0.00625 0.01484375
2 0.8609375 0.41640625 0.00625 0.01171875
16 0.70390625 0.4171875 0.02734375 0.025
16 0.05703125 0.425 0.0078125 0.0109375
2 0.50859375 0.434375 0.00859375 0.01015625
16 0.05703125 0.43515625 0.0078125 0.00703125
2 0.609375 0.44453125 0.00859375 0.0046875
16 0.05703125 0.446875 0.0078125 0.00625
9 0.3 0.4484375 0.084375 0.09609375
9 0.09765625 0.4546875 0.02734375 0.03203125
16 0.0578125 0.45859375 0.0078125 0.00703125
9 0.8453125 0.4609375 0.01953125 0.03515625
2 0.34609375 0.4609375 0.0078125 0.0125
2 0.24921875 0.46875 0.00390625 0.0125
2 0.7078125 0.4703125 0.0046875 0.01171875
16 0.05703125 0.47109375 0.00859375 0.0046875
2 0.86171875 0.475 0.0046875 0.0171875
16 0.04765625 0.48203125 0.01484375 0.0125
9 0.38125 0.48203125 0.02890625 0.0375
2 0.55078125 0.4859375 0.0046875 0.0109375
2 0.396875 0.49921875 0.0046875 0.01328125
16 0.046875 0.5 0.01484375 0.01328125
2 0.71796875 0.5015625 0.00703125 0.021875
2 0.27734375 0.50390625 0.01015625 0.00703125
2 0.746875 0.04921875 0.00390625 0.0140625
2 0.79609375 0.05 0.00625 0.01328125
2 0.428125 0.515625 0.00546875 0.01484375
2 0.81328125 0.05 0.00390625 0.0125
16 0.753125 0.04921875 0.00546875 0.015625
16 0.95390625 0.04921875 0.01015625 0.01015625
2 0.7796875 0.05 0.00546875 0.0140625
9 0.84375 0.52265625 0.02578125 0.040625
16 0.834375 0.05 0.003125 0.01328125
2 0.8296875 0.05 0.00703125 0.0140625
16 0.76953125 0.05078125 0.00546875 0.0125