2 0.6640625 0.4421875 0.009375 0.02421875
2 0.3921875 0.5234375 0.00703125 0.01796875
2 0.34609375 0.53359375 0.0078125 0.01953125
2 0.94453125 0.4578125 0.0140625 0.00859375
2 0.6984375 0.5015625 0.021875 0.01171875
2 0.90234375 0.48515625 0.01875 0.01015625
2 0.8703125 0.48984375 0.0171875 0.009375
16 0.6328125 0.52109375 0.00546875 0.0171875
2 0.81171875 0.50078125 0.0203125 0.00859375
2 0.7859375 0.51171875 0.00859375 0.02109375
2 0.44453125 0.56796875 0.00703125 0.0140625
2 0.40234375 0.57421875 0.00703125 0.01875
16 0.6375 0.54765625 0.00703125 0.01640625
2 0.9515625 0.50703125 0.00390625 0.0125
2 0.71953125 0.53828125 0.0171875 0.01015625
2 0.65546875 0.546875 0.0203125 0.01171875
2 0.94453125 0.509375 0.00390625 0.0125
2 0.6890625 0.5421875 0.021875 0.01171875
2 0.9578125 0.5078125 0.0046875 0.01484375
2 0.36796875 0.5859375 0.00703125 0.01796875
2 0.340625 0.590625 0.00859375 0.01640625
2 0.81953125 0.53671875 0.00703125 0.00546875
2 0.83125 0.5390625 0.00546875 0.01171875
2 0.6375 0.56875 0.00546875 0.0125
2 0.95625 0.528125 0.00546875 0.01328125
2 0.78828125 0.55859375 0.01875 0.009375
2 0.640625 0.5859375 0.01015625 0.00625
2 0.74140625 0.57265625 0.0109375 0.0078125
2 0.1671875 0.653125 0.00703125 0.01953125
2 0.02578125 0.67265625 0.01484375 0.00859375
2 0.8109375 0.5734375 0.00859375 0.02578125
2 0.32734375 0.6421875 0.00546875 0.01640625
2 0.471875 0.62578125 0.00703125 0.01796875
2 0.97265625 0.5703125 0.00859375 0.00625
2 0.7984375 0.59765625 0.0171875 0.01015625
2 0.446875 0.64453125 0.0125 0.01015625
2 0.3296875 0.6609375 0.00546875 0.01328125
2 0.39609375 0.6609375 0.00546875 0.01875
2 0.83671875 0.6046875 0.00546875 0.01171875
2 0.37109375 0.66484375 0.00546875 0.01875
2 0.82890625 0.60546875 0.0046875 0.0109375
2 0.18046875 0.7125 0.00703125 0.01953125
2 0.06640625 0.73046875 0.0140625 0.01015625
2 0.12578125 0.7234375 0.0140625 0.00859375
2 0.7828125 0.66015625 0.0171875 0.01015625
2 0.3671875 0.74375 0.00703125 0.01796875
2 0.85078125 0.68046875 0.00859375 0.00546875
2 0.95859375 0.66796875 0.0140625 0.00859375
2 0.97265625 0.66796875 0.00703125 0.01484375
2 0.7671875 0.696875 0.01015625 0.00546875
2 0.41796875 0.74375 0.01484375 0.009375
2 0.88515625 0.68359375 0.00703125 0.01875
2 0.309375 0.759375 0.0140625 0.009375
2 0.8625 0.690625 0.01484375 0.00859375
2 0.48125 0.75859375 0.00703125 0.021875
2 0.11875 0.80859375 0.00390625 0.0125
2 0.703125 0.734375 0.0140625 0.0078125
2 0.92109375 0.7125 0.00625 0.01796875
2 0.05390625 0.8296875 0.01171875 0.00703125
2 0.9234375 0.73515625 0.00703125 0.0171875
2 0.046875 0.853125 0.01171875 0.00546875
2 0.49375 0.79765625 0.01484375 0.0109375
2 0.5625 0.79453125 0.015625 0.0125
2 0.91015625 0.7609375 0.00703125 0.01875
16 0.828125 0.7734375 0.00703125 0.0171875
2 0.21796875 0.865625 0.00625 0.01640625
2 0.18828125 0.87890625 0.01015625 0.00703125
16 0.8296875 0.79765625 0.00546875 0.0171875
2 0.3109375 0.8703125 0.00703125 0.01796875
2 0.0546875 0.91640625 0.0140625 0.0078125
16 0.83359375 0.82109375 0.00703125 0.02265625
2 0.55859375 0.86328125 0.0125 0.0078125
2 0.31328125 0.89921875 0.00703125 0.01796875
2 0.94296875 0.825 0.015625 0.0109375
2 0.9734375 0.83046875 0.00703125 0.0203125
2 0.98125 0.82890625 0.00703125 0.01953125
2 0.965625 0.83125 0.00703125 0.01796875
2 0.95859375 0.834375 0.00546875 0.0125
2 0.2234375 0.9359375 0.00703125 0.01640625
2 0.42734375 0.90859375 0.01328125 0.01015625
16 0.49140625 0.909375 0.00625 0.01640625
16 0.9515625 0.8515625 0.00859375 0.0203125
2 0.89609375 0.00625 0.0046875 0.0125
16 0.04453125 0.98203125 0.00625 0.01953125
16 0.978125 0.865625 0.01328125 0.0078125
2 0.93515625 0.87265625 0.01640625 0.009375
16 0.1796875 0.9734375 0.00546875 0.01640625
2 0.90859375 0.00546875 0.0046875 0.0109375
2 0.91484375 0.00546875 0.0046875 0.0109375
2 0.90234375 0.00703125 0.00546875 0.01328125
2 0.95625 0.878125 0.0140625 0.00703125
16 0.9359375 0.88359375 0.01484375 0.009375
2 0.784375 0.90546875 0.0125 0.00859375
2 0.76171875 0.90859375 0.00390625 0.0125
2 0.675 0.91953125 0.00546875 0.0140625
2 0.74296875 0.91171875 0.00390625 0.01328125
2 0.64296875 0.925 0.00546875 0.01640625
2 0.68828125 0.91875 0.0046875 0.0109375
2 0.578125 0.93359375 0.00390625 0.00859375
2 0.7078125 0.9171875 0.0046875 0.01171875
2 0.6484375 0.925 0.00390625 0.009375
2 0.7140625 0.91640625 0.00390625 0.009375
2 0.66171875 0.92421875 0.00390625 0.009375
2 0.69453125 0.91953125 0.0046875 0.01171875
2 0.85234375 0.9 0.0140625 0.00859375
16 0.91484375 0.89296875 0.01640625 0.009375
16 0.83203125 0.90546875 0.01640625 0.01015625
2 0.79765625 0.91328125 0.01015625 0.0109375
2 0.16796875 0.99453125 0.00625 0.009375
2 0.8546875 0.91015625 0.01484375 0.00859375
2 0.25859375 0.98984375 0.01015625 0.00625
2 0.9390625 0.903125 0.0140625 0.00859375
16 0.8328125 0.9203125 0.0171875 0.009375
2 0.85703125 0.93203125 0.0140625 0.00859375
16 0.82890625 0.9390625 0.00703125 0.01953125
16 0.840625 0.9390625 0.00859375 0.01953125
2 0.94140625 0.9265625 0.0125 0.00703125
2 0.896875 0.93828125 0.015625 0.00703125
2 0.05078125 0.15390625 0.0140625 0.00859375
2 0.33046875 0.128125 0.0140625 0.00859375
2 0.7390625 0.084375 0.00703125 0.01953125
2 0.721875 0.0859375 0.00703125 0.0171875
2 0.73125 0.0875 0.00625 0.0203125
2 0.565625 0.11015625 0.00703125 0.0171875
2 0.765625 0.0890625 0.0109375 0.00859375
2 0.2453125 0.1578125 0.01015625 0.00546875
2 0.05234375 0.18671875 0.0125 0.00625
2 0.30859375 0.15625 0.02109375 0.01171875
2 0.45078125 0.14453125 0.01328125 0.00859375
2 0.48828125 0.1390625 0.0140625 0.00859375
2 0.11796875 0.19453125 0.0140625 0.00859375
2 0.309375 0.16953125 0.0171875 0.0078125
2 0.37734375 0.16953125 0.01484375 0.01015625
2 0.6453125 0.1421875 0.0125 0.0078125
2 0.30703125 0.1875 0.0140625 0.00859375
2 0.05078125 0.23046875 0.015625 0.0078125
2 0.64765625 0.1546875 0.0140625 0.00859375
2 0.25234375 0.21796875 0.01171875 0.00625
2 0.23203125 0.2265625 0.01015625 0.0078125
2 0.2515625 0.22890625 0.01015625 0.00703125
2 0.2328125 0.23671875 0.0109375 0.00859375
2 0.80703125 0.165625 0.0125 0.00859375
2 0.78203125 0.16875 0.0109375 0.00859375
2 0.92109375 0.15625 0.0140625 0.00859375
2 0.234375 0.24765625 0.01171875 0.00703125
2 0.25234375 0.24453125 0.0109375 0.00625
2 0.93828125 0.159375 0.0046875 0.01328125
2 0.7703125 0.1859375 0.00546875 0.015625
2 0.76171875 0.1875 0.00625 0.015625
2 0.921875 0.165625 0.01328125 0.00703125
2 0.5265625 0.21953125 0.0125 0.00703125
2 0.065625 0.28203125 0.01015625 0.00546875
2 0.9234375 0.175 0.0125 0.00703125
2 0.9390625 0.17421875 0.00546875 0.01328125
2 0.065625 0.29375 0.01015625 0.00703125
2 0.75078125 0.2046875 0.00546875 0.0140625
2 0.9234375 0.184375 0.01171875 0.00703125
2 0.64921875 0.2203125 0.01328125 0.00859375
2 0.66484375 0.225 0.00703125 0.01953125
2 0.0671875 0.3046875 0.01171875 0.00546875
2 0.8109375 0.20703125 0.00546875 0.01640625
2 0.775 0.2125 0.00546875 0.01640625
2 0.784375 0.2125 0.00546875 0.015625
2 0.925 0.19453125 0.0125 0.00625
2 0.6515625 0.23125 0.01328125 0.0078125
2 0.44375 0.2625 0.0046875 0.0125
2 0.953125 0.19921875 0.01640625 0.00859375
2 0.0671875 0.315625 0.009375 0.00703125
2 0.6515625 0.2421875 0.0125 0.0078125
2 0.753125 0.23203125 0.00625 0.0140625
2 0.76484375 0.23046875 0.00703125 0.0125
2 0.9546875 0.20859375 0.01484375 0.01015625
2 0.38203125 0.28671875 0.01171875 0.00703125
2 0.93828125 0.225 0.009375 0.02265625
2 0.24375 0.31796875 0.0171875 0.009375
2 0.3125 0.309375 0.0171875 0.01015625
2 0.0703125 0.34921875 0.009375 0.00625
2 0.38359375 0.30859375 0.015625 0.00859375
2 0.6515625 0.2796875 0.00625 0.01015625
2 0.38515625 0.321875 0.0125 0.00625
2 0.2484375 0.34140625 0.0140625 0.009375
2 0.79140625 0.27578125 0.00546875 0.01484375
2 0.77421875 0.27890625 0.00625 0.01328125
2 0.07265625 0.3703125 0.01015625 0.00546875
2 0.7828125 0.27734375 0.00625 0.01640625
2 0.80078125 0.275 0.00703125 0.015625
2 0.3859375 0.33203125 0.0140625 0.00859375
2 0.96484375 0.25859375 0.00390625 0.01015625
2 0.6359375 0.30625 0.00859375 0.00546875
2 0.9421875 0.2671875 0.00859375 0.02578125
2 0.2515625 0.36015625 0.0203125 0.01015625
2 0.39140625 0.34375 0.01484375 0.01015625
2 0.75546875 0.29609375 0.00703125 0.01875
2 0.821875 0.28828125 0.00546875 0.01640625
2 0.85 0.284375 0.0046875 0.01484375
2 0.83125 0.2875 0.00546875 0.0140625
2 0.653125 0.3203125 0.00859375 0.025
2 0.4546875 0.346875 0.01015625 0.00625
2 0.77734375 0.309375 0.00546875 0.01484375
2 0.76796875 0.3109375 0.00546875 0.01484375
2 0.79453125 0.3078125 0.00625 0.015625
2 0.803125 0.30625 0.00546875 0.015625
2 0.81171875 0.30546875 0.00625 0.0125
2 0.7859375 0.309375 0.00625 0.01484375
2 0.31875 0.3734375 0.01640625 0.01015625
2 0.24921875 0.38359375 0.01796875 0.00859375
2 0.83359375 0.3125 0.00546875 0.01640625
2 0.84375 0.3109375 0.00625 0.0171875
2 0.8234375 0.31484375 0.00625 0.01640625
2 0.03984375 0.06328125 0.00625 0.0125
2 0.96796875 0.3 0.00546875 0.0140625
2 0.9453125 0.3078125 0.01015625 0.0234375
2 0.6296875 0.35234375 0.00859375 0.00546875
2 0.75859375 0.34140625 0.0046875 0.01328125
2 0.77109375 0.34140625 0.00625 0.015625
2 0.7796875 0.3421875 0.00703125 0.01953125
2 0.65703125 0.35859375 0.00703125 0.021875
2 0.00625 0.44453125 0.0125 0.009375
2 0.1453125 0.4265625 0.0140625 0.00859375
2 0.8453125 0.33671875 0.00703125 0.01328125
2 0.8359375 0.3390625 0.00625 0.01484375
2 0.8265625 0.340625 0.00546875 0.01484375
2 0.9703125 0.3328125 0.00546875 0.01484375
2 0.8609375 0.3484375 0.0046875 0.0125
2 0.759375 0.36640625 0.00390625 0.01171875
2 0.7859375 0.3703125 0.00703125 0.0171875
2 0.8453125 0.3625 0.00546875 0.01484375
2 0.83671875 0.36328125 0.00546875 0.015625
2 0.82890625 0.36484375 0.00625 0.01640625
2 0.9484375 0.34921875 0.00859375 0.0234375
2 0.81875 0.36640625 0.00703125 0.01640625
2 0.79453125 0.36953125 0.00546875 0.0171875
2 0.77578125 0.37265625 0.00625 0.01640625
2 0.634375 0.39296875 0.0078125 0.00546875
2 0.4625 0.41953125 0.00625 0.01640625
2 0.66015625 0.4 0.00703125 0.02265625
2 0.6359375 0.428125 0.00859375 0.00546875