16 0.29375 0.0015625 0.01796875 0.003125
2 0.34453125 0.56875 0.01171875 0.02109375
16 0.9421875 0.69765625 0.01015625 0.01875
16 0.7375 0.67265625 0.0140625 0.021875
16 0.7015625 0.665625 0.0109375 0.0171875
16 0.7109375 0.6671875 0.01171875 0.01796875
16 0.665625 0.65859375 0.01171875 0.01796875
16 0.67421875 0.6609375 0.0140625 0.01953125
16 0.71875 0.6703125 0.0140625 0.01875
16 0.6390625 0.6546875 0.01171875 0.01796875
16 0.63125 0.65234375 0.01171875 0.0171875
16 0.6578125 0.65859375 0.01328125 0.01953125
16 0.6828125 0.66328125 0.0140625 0.021875
16 0.62265625 0.6515625 0.01171875 0.0171875
16 0.6484375 0.65703125 0.01015625 0.01484375
2 0.49765625 0.62734375 0.01875 0.0140625
16 0.725 0.67265625 0.01171875 0.02421875
16 0.6921875 0.66640625 0.009375 0.0171875
16 0.853125 0.69921875 0.01015625 0.0171875
16 0.90859375 0.71328125 0.0125 0.01875
16 0.928125 0.7171875 0.0109375 0.015625
2 0.93828125 0.71875 0.0125 0.01953125
16 0.50078125 0.6421875 0.01015625 0.015625
2 0.490625 0.64140625 0.01171875 0.01796875
2 0.36328125 0.61875 0.01796875 0.01328125
2 0.45234375 0.6390625 0.01796875 0.01484375
16 0.659375 0.07890625 0.025 0.021875
2 0.234375 0.6453125 0.01796875 0.0140625
16 0.25234375 0.65234375 0.0109375 0.01796875
2 0.2609375 0.6546875 0.0109375 0.0171875
16 0.5109375 0.05078125 0.02265625 0.0203125
16 0.4703125 0.04375 0.025 0.021875
2 0.23125 0.6640625 0.01875 0.01328125
16 0.4359375 0.03828125 0.02265625 0.02109375
16 0.9953125 0.1484375 0.00859375 0.01875
16 0.3453125 0.0203125 0.02265625 0.01953125
16 0.40234375 0.03203125 0.025 0.021875
2 0.98828125 0.14765625 0.01171875 0.0171875
2 0.97890625 0.14609375 0.01171875 0.01953125
2 0.93671875 0.81875 0.01875 0.01328125
2 0.93515625 0.82734375 0.01875 0.0125
2 0.0125 0.653125 0.0125 0.0171875
2 0.02109375 0.65546875 0.0109375 0.01640625
2 0.00546875 0.653125 0.0109375 0.01953125
2 0.93359375 0.8375 0.01640625 0.0125
2 0.93125 0.8453125 0.01796875 0.0125
9 0.58125 0.78203125 0.14375 0.1546875
2 0.03046875 0.67734375 0.0140625 0.01875
2 0.0390625 0.67890625 0.01171875 0.0171875
16 0.01875 0.67578125 0.01015625 0.0171875
16 0.003125 0.671875 0.00625 0.01875
16 0.01015625 0.6765625 0.015625 0.0203125
2 0.21484375 0.75078125 0.0203125 0.01484375
9 0.13125 0.7359375 0.07578125 0.121875
9 0.01953125 0.7234375 0.0390625 0.078125
16 0.196875 0.78359375 0.01875 0.0125
16 0.18828125 0.79296875 0.01875 0.0125
16 0.1859375 0.80390625 0.01875 0.01015625
16 0.53203125 0.87421875 0.01015625 0.01640625
16 0.540625 0.87578125 0.01015625 0.01875
16 0.52265625 0.87265625 0.01171875 0.01953125
16 0.55703125 0.8796875 0.0109375 0.01796875
16 0.5484375 0.878125 0.0109375 0.01953125
2 0.575 0.88359375 0.01015625 0.01796875
2 0.56484375 0.88125 0.01015625 0.01640625
2 0.484375 0.86640625 0.01328125 0.01953125
2 0.49296875 0.86796875 0.01015625 0.015625
16 0.50234375 0.87109375 0.0109375 0.0171875
16 0.153125 0.80703125 0.0234375 0.01015625
16 0.12109375 0.80078125 0.0375 0.015625
16 0.02421875 0.784375 0.01015625 0.01484375
16 0.00625 0.78125 0.01015625 0.01640625
16 0.0015625 0.7796875 0.003125 0.01640625
16 0.015625 0.78359375 0.01015625 0.015625
16 0.03359375 0.78671875 0.009375 0.01328125
16 0.0890625 0.80078125 0.01875 0.0109375
16 0.5953125 0.909375 0.0125 0.0171875
16 0.61171875 0.9140625 0.01171875 0.01796875
16 0.5859375 0.90859375 0.01015625 0.01484375
16 0.62109375 0.915625 0.01171875 0.01640625
16 0.603125 0.9125 0.01171875 0.0171875
16 0.578125 0.9078125 0.0109375 0.01640625
16 0.49921875 0.89375 0.01171875 0.01953125
2 0.4796875 0.88984375 0.01015625 0.01953125
16 0.48828125 0.8921875 0.009375 0.0171875
2 0.00546875 0.803125 0.01015625 0.01953125
2 0.01171875 0.8046875 0.0140625 0.01953125
2 0.03046875 0.81015625 0.01328125 0.01796875
2 0.021875 0.80859375 0.0140625 0.02265625
2 0.5203125 0.91875 0.01015625 0.0171875
2 0.53828125 0.9234375 0.01015625 0.01640625
16 0.5546875 0.92734375 0.01328125 0.01875
16 0.5640625 0.9296875 0.0125 0.01875
16 0.52890625 0.92265625 0.01015625 0.0171875
2 0.546875 0.92578125 0.0125 0.01875
16 0.571875 0.93125 0.01171875 0.01953125
2 0.46640625 0.91328125 0.01171875 0.015625
2 0.48359375 0.91640625 0.01328125 0.01953125
2 0.4921875 0.91953125 0.01171875 0.01796875
16 0.15234375 0.85859375 0.01875 0.01171875
16 0.01015625 0.8390625 0.0140625 0.01953125
16 0.0046875 0.8375 0.00859375 0.021875
2 0.48359375 0.9390625 0.021875 0.0171875
2 0.4609375 0.93515625 0.021875 0.01328125
2 0.48203125 0.9390625 0.01875 0.0125
2 0.49609375 0.9421875 0.02109375 0.01484375
2 0.46171875 0.9359375 0.02109375 0.0125
16 0.37421875 0.92265625 0.01171875 0.0171875
2 0.40234375 0.92890625 0.01171875 0.01875
16 0.3390625 0.91640625 0.01015625 0.015625
2 0.34765625 0.91796875 0.009375 0.01640625
16 0.32109375 0.9125 0.02109375 0.02265625
16 0.38359375 0.925 0.01171875 0.01953125
16 0.096875 0.86953125 0.0109375 0.01796875
16 0.3015625 0.91015625 0.01015625 0.01640625
16 0.0828125 0.86796875 0.02421875 0.02265625
16 0.0625 0.87109375 0.01640625 0.01171875
4 0.684375 0.940625 0.090625 0.1171875
4 0.79140625 0.96328125 0.08046875 0.071875
16 0.26875 0.0796875 0.01640625 0.0109375
16 0.2671875 0.08828125 0.01796875 0.01015625
16 0.20234375 0.090625 0.0171875 0.0109375
16 0.2640625 0.1046875 0.02109375 0.021875
16 0.21953125 0.096875 0.02265625 0.02734375
16 0.4671875 0.15078125 0.01953125 0.0140625
16 0.465625 0.16015625 0.0171875 0.0109375
2 0.46328125 0.1671875 0.0171875 0.01015625
16 0.11171875 0.0984375 0.0203125 0.01484375
16 0.1265625 0.103125 0.01640625 0.00859375
16 0.2453125 0.1328125 0.01640625 0.0125
2 0.46328125 0.1765625 0.01875 0.0140625
16 0.1875 0.12734375 0.0109375 0.01796875
2 0.19765625 0.1296875 0.0109375 0.0171875
16 0.17890625 0.12734375 0.01015625 0.015625
16 0.7453125 0.240625 0.009375 0.0171875
16 0.7359375 0.2390625 0.01015625 0.015625
2 0.459375 0.18671875 0.0171875 0.01328125
16 0.4578125 0.19609375 0.01640625 0.01171875
16 0.16640625 0.15 0.01171875 0.0171875
16 0.175 0.1515625 0.01015625 0.0171875
16 0.10234375 0.14296875 0.01875 0.01171875
2 0.25859375 0.17734375 0.01171875 0.01484375
16 0.10078125 0.15390625 0.0203125 0.01015625
2 0.4453125 0.22890625 0.01875 0.01484375
16 0.61484375 0.2625 0.0296875 0.025
16 0.59453125 0.25859375 0.01328125 0.01953125
16 0.91953125 0.32421875 0.025 0.02578125
16 0.6390625 0.26953125 0.025 0.0265625
16 0.6609375 0.275 0.02265625 0.02265625
16 0.6859375 0.28125 0.01015625 0.0171875
2 0.678125 0.28046875 0.01015625 0.0171875
9 0.34921875 0.21640625 0.1984375 0.19609375
4 0.78984375 0.07265625 0.41953125 0.1296875
16 0.12109375 0.20234375 0.0109375 0.01796875
4 0.43984375 0.0265625 0.2984375 0.053125
2 0.203125 0.225 0.01015625 0.0140625
2 0.4359375 0.271875 0.01171875 0.0171875
16 0.21796875 0.23359375 0.0109375 0.01796875
16 0.42578125 0.31328125 0.02109375 0.0203125
9 0.94296875 0.41796875 0.11328125 0.1640625
16 0.85 0.39921875 0.02265625 0.0265625
16 0.67890625 0.365625 0.0125 0.021875
16 0.72578125 0.375 0.01015625 0.0171875
16 0.7390625 0.378125 0.01171875 0.01953125
16 0.74921875 0.38046875 0.01015625 0.0171875
2 0.16328125 0.26796875 0.01015625 0.01953125
16 0.21171875 0.2875 0.009375 0.0171875
16 0.20234375 0.2859375 0.01171875 0.01875
2 0.22109375 0.2890625 0.0109375 0.01484375
16 0.84609375 0.41875 0.021875 0.02265625
2 0.7984375 0.409375 0.01171875 0.0171875
16 0.74296875 0.39921875 0.02421875 0.02421875
2 0.31640625 0.315625 0.01875 0.0140625
16 0.78203125 0.40859375 0.0234375 0.0234375
16 0.71328125 0.39453125 0.01171875 0.01640625
16 0.81484375 0.41484375 0.02265625 0.021875
16 0.5671875 0.3671875 0.02421875 0.02421875
16 0.5890625 0.371875 0.02421875 0.02265625
16 0.62265625 0.378125 0.02578125 0.02421875
16 0.24453125 0.3046875 0.01640625 0.01171875
16 0.259375 0.3078125 0.01640625 0.009375
16 0.2703125 0.31484375 0.0109375 0.01953125
2 0.31484375 0.325 0.01875 0.0125
2 0.29375 0.321875 0.01875 0.0125
16 0.4578125 0.35390625 0.01875 0.01484375
16 0.390625 0.36171875 0.0140625 0.021875
16 0.90234375 0.49296875 0.0109375 0.01875
2 0.2484375 0.3734375 0.01171875 0.01875
2 0.51640625 0.4375 0.01875 0.0125
2 0.04296875 0.34609375 0.02109375 0.01484375
2 0.0265625 0.34453125 0.0140625 0.01484375
16 0.646875 0.46640625 0.0125 0.021875
16 0.66328125 0.46953125 0.0125 0.0203125
9 0.3125 0.403125 0.13125 0.14921875
16 0.51328125 0.446875 0.01796875 0.0125
16 0.5765625 0.46640625 0.02421875 0.02578125
16 0.5109375 0.45859375 0.01796875 0.0109375
2 0.375 0.4328125 0.01484375 0.02265625
16 0.7078125 0.50546875 0.01015625 0.01640625
2 0.51171875 0.46875 0.0171875 0.01171875
16 0.09609375 0.38671875 0.02265625 0.01640625
2 0.040625 0.38203125 0.02109375 0.0140625
2 0.06171875 0.38671875 0.02109375 0.01484375
2 0.02109375 0.3796875 0.015625 0.0125
2 0.0953125 0.3984375 0.02109375 0.01015625
2 0.11953125 0.40390625 0.021875 0.0125
2 0.03828125 0.39296875 0.02109375 0.0125
2 0.0609375 0.39765625 0.01640625 0.0109375
2 0.01875 0.3890625 0.0140625 0.01015625
2 0.11875 0.4109375 0.02109375 0.0140625
2 0.0921875 0.409375 0.01796875 0.01171875
2 0.0578125 0.40703125 0.01953125 0.01328125
2 0.0171875 0.39921875 0.015625 0.01015625
2 0.0359375 0.40390625 0.01875 0.01171875
2 0.08984375 0.41875 0.01640625 0.01015625
2 0.034375 0.41328125 0.01640625 0.01015625
2 0.015625 0.4109375 0.01640625 0.0125
16 0.3515625 0.478125 0.028125 0.01328125
2 0.0890625 0.4265625 0.02109375 0.0125
2 0.0140625 0.42109375 0.0171875 0.0125
2 0.0875 0.43671875 0.01796875 0.01171875
2 0.115625 0.44296875 0.01796875 0.0109375
2 0.35703125 0.490625 0.01796875 0.01328125
2 0.08515625 0.446875 0.01953125 0.0125
2 0.11328125 0.45234375 0.01953125 0.0125
2 0.0125 0.43359375 0.01953125 0.01484375
16 0.84609375 0.603125 0.0109375 0.01953125
16 0.7234375 0.58359375 0.01171875 0.01953125
16 0.75234375 0.5890625 0.01015625 0.015625
16 0.7421875 0.58828125 0.0109375 0.01953125
16 0.021875 0.459375 0.02265625 0.01484375
16 0.875 0.628125 0.0109375 0.015625
16 0.8640625 0.6265625 0.0125 0.021875
16 0.66640625 0.58984375 0.01171875 0.0171875
2 0.00703125 0.46015625 0.0140625 0.0171875
16 0.6734375 0.5921875 0.0109375 0.01640625
16 0.6921875 0.59609375 0.01015625 0.01640625
16 0.70859375 0.59921875 0.01171875 0.0171875
16 0.7 0.59765625 0.009375 0.01640625
16 0.740625 0.60546875 0.01171875 0.0171875
16 0.728125 0.603125 0.0140625 0.021875
16 0.71796875 0.6015625 0.01171875 0.01796875
16 0.75078125 0.6078125 0.0125 0.0171875
16 0.6828125 0.59609375 0.0125 0.02109375
16 0.65546875 0.590625 0.01171875 0.0171875
2 0.0984375 0.4859375 0.01796875 0.0125
16 0.04296875 0.4765625 0.02109375 0.01328125
16 0.07890625 0.48671875 0.02109375 0.0125