16 0.28671875 0.040625 0.01796875 0.0140625
16 0.59375 0.1265625 0.02109375 0.01640625
16 0.2578125 0.0421875 0.0078125 0.02421875
16 0.265625 0.05234375 0.0078125 0.02421875
16 0.240625 0.046875 0.0234375 0.01953125
16 0.29375 0.0625 0.0125 0.0296875
16 0.65234375 0.159375 0.01484375 0.01328125
2 0.5859375 0.1421875 0.0234375 0.0203125
2 0.30625 0.06875 0.01484375 0.03046875
16 0.6921875 0.17734375 0.01171875 0.0296875
2 0.2 0.0515625 0.01484375 0.0359375
16 0.6484375 0.1703125 0.01640625 0.0109375
16 0.1765625 0.04609375 0.01171875 0.02890625
16 0.18828125 0.05078125 0.0125 0.02890625
2 0.95703125 0.2578125 0.0234375 0.02109375
9 0.5328125 0.14765625 0.05390625 0.08046875
16 0.646875 0.18125 0.01640625 0.0125
9 0.61875 0.175 0.05234375 0.07890625
9 0.2578125 0.08671875 0.04375 0.05546875
2 0.35 0.11171875 0.0125 0.0265625
9 0.3640625 0.11484375 0.0171875 0.0296875
2 0.1 0.04609375 0.02734375 0.02421875
9 0.14375 0.0578125 0.04609375 0.06640625
16 0.28671875 0.096875 0.01171875 0.02734375
16 0.31484375 0.10390625 0.0109375 0.0296875
2 0.178125 0.0671875 0.01484375 0.0125
16 0.29609375 0.1 0.009375 0.02734375
16 0.30546875 0.1015625 0.009375 0.0296875
16 0.33671875 0.11171875 0.01015625 0.0265625
2 0.17734375 0.08828125 0.009375 0.02421875
16 0.18828125 0.090625 0.009375 0.02421875
16 0.1984375 0.09375 0.0125 0.02890625
16 0.2296875 0.11015625 0.0109375 0.0265625
2 0.484375 0.19765625 0.00859375 0.0203125
2 0.18984375 0.1203125 0.028125 0.02109375
2 0.18984375 0.13828125 0.03125 0.02578125
16 0.48203125 0.21953125 0.0078125 0.02265625
2 0.49375 0.22890625 0.0171875 0.01640625
16 0.34765625 0.18984375 0.01640625 0.0140625
2 0.4609375 0.228125 0.01796875 0.0125
2 0.72578125 0.30546875 0.0125 0.03046875
16 0.459375 0.23984375 0.01796875 0.01328125
16 0.634375 0.290625 0.01875 0.01640625
16 0.48515625 0.265625 0.0140625 0.01328125
16 0.63359375 0.30546875 0.0171875 0.01328125
16 0.853125 0.36484375 0.02109375 0.02265625
16 0.75390625 0.3390625 0.02578125 0.02578125
16 0.63203125 0.31484375 0.015625 0.0125
2 0.71015625 0.3359375 0.015625 0.01328125
2 0.80859375 0.36328125 0.01796875 0.0125
16 0.478125 0.28203125 0.01015625 0.02265625
16 0.48671875 0.284375 0.0078125 0.0234375
16 0.709375 0.346875 0.0140625 0.009375
16 0.63125 0.3265625 0.0171875 0.01328125
16 0.80625 0.375 0.01484375 0.0109375
16 0.62890625 0.33671875 0.01796875 0.0140625
16 0.8 0.38828125 0.0234375 0.02421875
16 0.70234375 0.36328125 0.0234375 0.02265625
16 0.6265625 0.346875 0.01484375 0.0109375
9 0.73671875 0.3875 0.04375 0.07578125
16 0.62421875 0.35703125 0.0171875 0.01328125
9 0.8328125 0.415625 0.04296875 0.08046875
2 0.11328125 0.22578125 0.02890625 0.02578125
2 0.76796875 0.3984375 0.021875 0.01640625
2 0.8671875 0.42578125 0.02421875 0.02578125
16 0.14765625 0.2421875 0.0109375 0.02421875
16 0.171875 0.24921875 0.00859375 0.02109375
16 0.17890625 0.2515625 0.0078125 0.0203125
16 0.15703125 0.2453125 0.01015625 0.0265625
16 0.621875 0.36953125 0.01484375 0.01328125
9 0.55234375 0.35390625 0.140625 0.2140625
2 0.70234375 0.39609375 0.0171875 0.03671875
2 0.8015625 0.42265625 0.0140625 0.040625
9 0.303125 0.290625 0.096875 0.21953125
9 0.38828125 0.3140625 0.096875 0.21796875
16 0.1078125 0.24296875 0.01796875 0.0140625
9 0.075 0.2375 0.0390625 0.0671875
16 0.62265625 0.38359375 0.0171875 0.0109375
16 0.76796875 0.4234375 0.02265625 0.0234375
16 0.86796875 0.4515625 0.021875 0.02265625
16 0.61953125 0.3953125 0.0171875 0.01328125
16 0.76796875 0.43984375 0.01875 0.01953125
2 0.69765625 0.4234375 0.03125 0.02109375
2 0.796875 0.45078125 0.02890625 0.02265625
16 0.865625 0.46953125 0.021875 0.0203125
16 0.84375 0.4640625 0.0234375 0.02109375
16 0.74453125 0.4390625 0.02265625 0.02109375
16 0.121875 0.278125 0.0125 0.02890625
2 0.10234375 0.27421875 0.0234375 0.02109375
9 0.15390625 0.28984375 0.04375 0.07265625
16 0.81796875 0.475 0.01875 0.015625
16 0.72109375 0.44921875 0.01953125 0.01640625
16 0.74140625 0.4546875 0.01796875 0.01640625
16 0.83984375 0.48125 0.01875 0.01640625
16 0.6984375 0.459375 0.01328125 0.0328125
16 0.6859375 0.45625 0.0125 0.02890625
16 0.7953125 0.48515625 0.0125 0.03203125
16 0.784375 0.48359375 0.0109375 0.02890625
16 0.0984375 0.30390625 0.01953125 0.0171875
2 0.42265625 0.39453125 0.01171875 0.0296875
16 0.1484375 0.33671875 0.0078125 0.0234375
16 0.15546875 0.3390625 0.0078125 0.02109375
2 0.8375 0.5203125 0.03125 0.06328125
2 0.81328125 0.5140625 0.03046875 0.0671875
2 0.09921875 0.33828125 0.02890625 0.0265625
16 0.15390625 0.35546875 0.01328125 0.0125
16 0.5828125 0.46953125 0.01484375 0.01328125
16 0.13984375 0.353125 0.0125 0.01015625
16 0.48671875 0.44609375 0.0078125 0.0234375
2 0.11875 0.35546875 0.01953125 0.04609375
16 0.34609375 0.41796875 0.01171875 0.0265625
16 0.6859375 0.509375 0.0171875 0.04375
16 0.784375 0.5359375 0.01796875 0.03984375
16 0.7625 0.53046875 0.01796875 0.0484375
16 0.4359375 0.44609375 0.0109375 0.02890625
16 0.86015625 0.55859375 0.01796875 0.0453125
2 0.80546875 0.55390625 0.028125 0.03203125
2 0.1359375 0.38125 0.01796875 0.03984375
2 0.1515625 0.38671875 0.01796875 0.0390625
16 0.42109375 0.01953125 0.0078125 0.0203125
2 0.87109375 0.5984375 0.01796875 0.01328125
16 0.4140625 0.01875 0.0078125 0.02109375
16 0.35 0.47109375 0.0171875 0.015625
9 0.03828125 0.396875 0.04765625 0.05703125
9 0.38046875 0.4890625 0.046875 0.034375
16 0.41015625 0.4984375 0.01640625 0.015625
16 0.34765625 0.4859375 0.0171875 0.0171875
16 0.52265625 0.53359375 0.01484375 0.0140625
16 0.5203125 0.54375 0.0140625 0.0125
16 0.42421875 0.5203125 0.00859375 0.02265625
16 0.415625 0.51953125 0.009375 0.02421875
2 0.34453125 0.50234375 0.01484375 0.0140625
16 0.403125 0.51953125 0.015625 0.0203125
16 0.503125 0.55078125 0.01875 0.01640625
16 0.51875 0.55546875 0.01328125 0.01015625
16 0.39140625 0.52265625 0.00859375 0.0203125
16 0.378125 0.5203125 0.00859375 0.02109375
2 0.38515625 0.52109375 0.00625 0.01875
2 0.34296875 0.51484375 0.01484375 0.01328125
16 0.02734375 0.43125 0.01171875 0.0265625
2 0.01796875 0.43125 0.01015625 0.02734375
2 0.53828125 0.57890625 0.0171875 0.015625
2 0.17265625 0.49140625 0.01328125 0.0109375
2 0.3828125 0.54921875 0.03125 0.02578125
16 0.5703125 0.06875 0.015625 0.0125
9 0.259375 0.51796875 0.1515625 0.228125
2 0.75390625 0.66015625 0.01484375 0.0140625
16 0.1734375 0.5109375 0.00859375 0.02265625
2 0.38515625 0.5671875 0.0140625 0.0109375
16 0.6828125 0.64765625 0.01796875 0.015625
16 0.3359375 0.009375 0.009375 0.01875
2 0.7515625 0.67265625 0.0171875 0.01328125
16 0.62109375 0.64296875 0.0078125 0.0265625
2 0.1125 0.5078125 0.01796875 0.0140625
16 0.63203125 0.646875 0.0125 0.02421875
16 0.68125 0.6609375 0.01640625 0.015625
16 0.1328125 0.5203125 0.015625 0.0125
2 0.7515625 0.6875 0.0234375 0.0203125
9 0.71640625 0.678125 0.046875 0.07578125
16 0.16015625 0.5359375 0.0109375 0.02734375
16 0.38046875 0.6 0.01484375 0.01328125
16 0.44765625 0.03984375 0.0125 0.02890625
16 0.36796875 0.6 0.00859375 0.0203125
2 0.74921875 0.7046875 0.0203125 0.0203125
2 0.7828125 0.71484375 0.04140625 0.0328125
16 0.675 0.6875 0.01953125 0.01875
2 0.17109375 0.55390625 0.0125 0.0109375
16 0.37890625 0.60859375 0.01640625 0.0109375
20 0.6234375 0.675 0.02578125 0.03671875
9 0.4625 0.63828125 0.153125 0.19296875
2 0.1703125 0.5640625 0.01171875 0.0109375
2 0.36875 0.02109375 0.0078125 0.02421875
20 0.83359375 0.74453125 0.02421875 0.0421875
2 0.8140625 0.740625 0.01953125 0.046875
20 0.91015625 0.76640625 0.0203125 0.04375
16 0.36484375 0.621875 0.00859375 0.02109375
20 0.884375 0.76015625 0.02421875 0.03984375
20 0.85859375 0.75390625 0.02578125 0.0390625
2 0.16875 0.5734375 0.01328125 0.015625
16 0.94453125 0.175 0.00859375 0.02578125
16 0.290625 0.0078125 0.0125 0.015625
16 0.325 0.61875 0.00859375 0.02578125
16 0.5453125 0.678125 0.01796875 0.01640625
2 0.16875 0.584375 0.015625 0.0109375
2 0.77734375 0.7453125 0.0453125 0.034375
16 0.5203125 0.0640625 0.0125 0.03203125
2 0.56484375 0.69765625 0.01484375 0.0125
16 0.5453125 0.69296875 0.01640625 0.0140625
16 0.365625 0.64609375 0.01484375 0.01328125
2 0.17421875 0.596875 0.0125 0.0109375
2 0.3171875 0.63515625 0.01328125 0.01328125
16 0.4859375 0.05546875 0.00859375 0.0296875
16 0.90703125 0.796875 0.02109375 0.02265625
2 0.184375 0.60859375 0.00859375 0.02265625
16 0.5421875 0.7046875 0.01875 0.01640625
2 0.34296875 0.653125 0.01640625 0.015625
2 0.56328125 0.7109375 0.01484375 0.0109375
16 0.36328125 0.65859375 0.01640625 0.0125
16 0.5953125 0.08515625 0.01796875 0.0171875
16 0.29375 0.64140625 0.01796875 0.015625
16 0.27421875 0.6375 0.015625 0.01328125
16 0.25078125 0.63125 0.01640625 0.0140625
2 0.16484375 0.609375 0.02890625 0.0265625
2 0.88046875 0.79921875 0.01953125 0.01640625
16 0.1984375 0.62109375 0.01015625 0.0234375
16 0.22578125 0.6296875 0.01015625 0.02578125
16 0.20859375 0.625 0.0078125 0.0234375
16 0.215625 0.628125 0.009375 0.0234375
16 0.67265625 0.10703125 0.0171875 0.015625
16 0.36328125 0.66953125 0.01796875 0.0140625
16 0.53984375 0.7171875 0.01796875 0.0171875
2 0.09765625 0.6 0.046875 0.034375
16 0.24921875 0.64140625 0.0171875 0.0125
9 0.6125 0.7421875 0.03828125 0.06953125
16 0.87734375 0.8140625 0.02265625 0.0171875
9 0.64453125 0.75390625 0.03984375 0.07734375
16 0.7484375 0.128125 0.01796875 0.01953125
16 0.49453125 0.0609375 0.00859375 0.0234375
2 0.71953125 0.1203125 0.0125 0.02890625
2 0.3421875 0.678125 0.0171875 0.0140625
16 0.2625 0.6578125 0.01484375 0.0125
16 0.3609375 0.684375 0.01796875 0.0140625
16 0.7140625 0.78125 0.0078125 0.0265625
2 0.54296875 0.73671875 0.02890625 0.02734375
16 0.6953125 0.77734375 0.00859375 0.02890625
2 0.52578125 0.73203125 0.0109375 0.02265625
16 0.70390625 0.78046875 0.00859375 0.03046875
16 0.8234375 0.14921875 0.01875 0.02265625
16 0.684375 0.77578125 0.0109375 0.0328125
16 0.67265625 0.7734375 0.0125 0.0296875
16 0.72265625 0.7875 0.01171875 0.0328125
16 0.6640625 0.77109375 0.01171875 0.02890625
2 0.8734375 0.83046875 0.02421875 0.02265625
2 0.24453125 0.66484375 0.01640625 0.0125
16 0.26171875 0.67109375 0.015625 0.01328125
2 0.8953125 0.16953125 0.00859375 0.02265625
16 0.41875 0.04296875 0.01015625 0.02421875
2 0.36640625 0.7015625 0.028125 0.0234375
2 0.09453125 0.63203125 0.0453125 0.0390625
2 0.2171875 0.6640625 0.009375 0.02578125
2 0.1375 0.64453125 0.01875 0.046875
2 0.16015625 0.6515625 0.028125 0.02890625
9 0.9109375 0.8515625 0.04921875 0.05390625
9 0.8171875 0.83203125 0.04921875 0.096875
16 0.41015625 0.04140625 0.0078125 0.0234375
16 0.4171875 0.7328125 0.009375 0.02578125
16 0.46328125 0.74609375 0.009375 0.0234375
16 0.8703125 0.85546875 0.01953125 0.0171875
16 0.40859375 0.7328125 0.0078125 0.02578125
16 0.4828125 0.75234375 0.01015625 0.0234375
16 0.4984375 0.75703125 0.009375 0.0234375
16 0.4 0.73046875 0.009375 0.0296875
16 0.42578125 0.7375 0.0078125 0.0265625
16 0.49140625 0.75546875 0.009375 0.02578125
16 0.50703125 0.75859375 0.009375 0.0265625
16 0.47265625 0.75078125 0.0125 0.02890625
16 0.45625 0.74609375 0.00859375 0.02421875
16 0.446875 0.74453125 0.009375 0.02265625
2 0.525 0.76953125 0.01640625 0.04375
2 0.86953125 0.86875 0.01875 0.01328125
2 0.0765625 0.659375 0.015625 0.0375
2 0.08984375 0.6625 0.01640625 0.0390625
16 0.29921875 0.71875 0.01171875 0.02265625
16 0.29921875 0.71875 0.01171875 0.0265625
16 0.33046875 0.7296875 0.0109375 0.02734375
16 0.33828125 0.7328125 0.0078125 0.02578125
16 0.34453125 0.73515625 0.00859375 0.0265625
16 0.23984375 0.7078125 0.0109375 0.0296875
16 0.2640625 0.7140625 0.0109375 0.02578125
16 0.35390625 0.73828125 0.009375 0.02421875
16 0.36796875 0.7421875 0.0109375 0.02734375
16 0.25625 0.7125 0.00859375 0.02421875
16 0.24921875 0.7109375 0.0078125 0.02578125
2 0.8953125 0.88359375 0.0234375 0.02109375
2 0.45234375 0.77578125 0.01015625 0.02578125
2 0.40234375 0.7625 0.015625 0.03359375
16 0.5671875 0.08671875 0.01796875 0.01640625
2 0.48515625 0.7859375 0.01171875 0.02890625
2 0.4703125 0.7828125 0.0140625 0.02734375
2 0.503125 0.790625 0.01171875 0.0234375
2 0.42109375 0.7703125 0.0125 0.02890625
2 0.61015625 0.825 0.03203125 0.02578125
16 0.890625 0.89921875 0.01953125 0.0171875
2 0.6375 0.83359375 0.02578125 0.02421875
2 0.278125 0.74296875 0.00859375 0.02578125
2 0.125 0.7109375 0.00859375 0.02421875
16 0.11796875 0.709375 0.00859375 0.02578125
16 0.1078125 0.70625 0.009375 0.02421875
2 0.54375 0.8234375 0.021875 0.0203125
2 0.49453125 0.81171875 0.0171875 0.015625
2 0.25546875 0.75 0.009375 0.0234375
16 0.2484375 0.7484375 0.009375 0.02421875
2 0.2296875 0.74453125 0.01875 0.015625
2 0.29921875 0.7640625 0.021875 0.0203125
2 0.40390625 0.803125 0.01015625 0.02578125
16 0.146875 0.73515625 0.01484375 0.0125
16 0.1828125 0.74375 0.01328125 0.01328125
16 0.13203125 0.73125 0.015625 0.01015625
2 0.8984375 0.93828125 0.046875 0.03671875
16 0.33359375 0.03203125 0.009375 0.0234375
2 0.0671875 0.75234375 0.01953125 0.04921875
16 0.940625 0.2 0.01015625 0.02578125
4 0.43671875 0.88359375 0.45 0.23125
4 0.17109375 0.8421875 0.1109375 0.175
4 0.0328125 0.8265625 0.065625 0.1234375
2 0.2515625 0.02578125 0.01484375 0.0328125