15 0.26875 0.05390625 0.0140625 0.0078125
1 0.409375 0.54765625 0.0078125 0.01796875
15 0.95546875 0.55703125 0.00546875 0.015625
15 0.771875 0.5703125 0.009375 0.01796875
15 0.7390625 0.5703125 0.00703125 0.01484375
15 0.74765625 0.5703125 0.0078125 0.01484375
15 0.70625 0.5703125 0.00859375 0.01484375
15 0.7140625 0.57109375 0.009375 0.015625
15 0.7546875 0.57109375 0.01015625 0.01484375
15 0.68203125 0.571875 0.0078125 0.01484375
15 0.675 0.57109375 0.00859375 0.01484375
15 0.69921875 0.57109375 0.00859375 0.01640625
15 0.721875 0.571875 0.009375 0.01796875
15 0.6671875 0.571875 0.00859375 0.0140625
15 0.690625 0.571875 0.00625 0.0125
1 0.55390625 0.571875 0.015625 0.01015625
15 0.7609375 0.571875 0.00703125 0.0203125
15 0.73125 0.57265625 0.00546875 0.01484375
15 0.87734375 0.5734375 0.00703125 0.0140625
15 0.92890625 0.5765625 0.00859375 0.01484375
15 0.94609375 0.5765625 0.00703125 0.01328125
1 0.95546875 0.5765625 0.00859375 0.01640625
15 0.55859375 0.584375 0.00703125 0.01328125
1 0.54921875 0.58515625 0.0078125 0.01484375
1 0.434375 0.58828125 0.0140625 0.009375
1 0.515625 0.58984375 0.0140625 0.0109375
15 0.21484375 0.06171875 0.0078125 0.01328125
15 0.60234375 0.0625 0.0203125 0.015625
15 0.14765625 0.06328125 0.01171875 0.00625
1 0.32578125 0.63359375 0.0140625 0.01015625
15 0.3421875 0.63671875 0.00703125 0.015625
1 0.35078125 0.63671875 0.00703125 0.0140625
15 0.1328125 0.0640625 0.015625 0.0078125
15 0.46796875 0.0640625 0.01796875 0.015625
15 0.43203125 0.06484375 0.01953125 0.01640625
1 0.32578125 0.65078125 0.015625 0.00859375
15 0.4 0.065625 0.01796875 0.015625
15 0.91015625 0.065625 0.00625 0.01484375
15 0.31796875 0.065625 0.0171875 0.01484375
15 0.36953125 0.06640625 0.0203125 0.015625
1 0.903125 0.065625 0.0078125 0.0140625
1 0.91953125 0.06640625 0.0078125 0.0140625
1 0.8953125 0.0671875 0.00703125 0.01640625
1 0.97109375 0.6640625 0.015625 0.009375
1 0.97109375 0.671875 0.015625 0.00859375
1 0.090625 0.678125 0.0078125 0.01796875
1 0.1078125 0.678125 0.00703125 0.0140625
1 0.13203125 0.67890625 0.00859375 0.0140625
1 0.13984375 0.6796875 0.00703125 0.0140625
15 0.09921875 0.6796875 0.00703125 0.015625
15 0.0828125 0.6796875 0.00859375 0.01484375
1 0.11640625 0.6796875 0.009375 0.015625
1 0.12421875 0.6796875 0.00859375 0.015625
1 0.97109375 0.68125 0.0140625 0.00859375
1 0.9703125 0.68828125 0.01484375 0.00859375
1 0.0609375 0.06953125 0.01796875 0.00625
9 0.65234375 0.69296875 0.10703125 0.1203125
1 0.1515625 0.69609375 0.01015625 0.01484375
1 0.159375 0.696875 0.0078125 0.01484375
15 0.140625 0.696875 0.00703125 0.0140625
15 0.1015625 0.69765625 0.00859375 0.01640625
15 0.09375 0.69765625 0.00859375 0.0140625
15 0.12421875 0.6984375 0.00859375 0.0140625
15 0.1171875 0.69765625 0.009375 0.0125
15 0.109375 0.6984375 0.009375 0.0140625
15 0.13359375 0.7 0.0109375 0.01640625
1 0.32578125 0.7296875 0.01640625 0.01015625
9 0.25 0.73046875 0.04921875 0.1015625
9 0.121875 0.74453125 0.0828125 0.05546875
15 0.315625 0.7609375 0.015625 0.0078125
15 0.309375 0.771875 0.015625 0.00859375
15 0.31015625 0.78046875 0.015625 0.00625
15 0.62578125 0.78203125 0.00625 0.01328125
15 0.63203125 0.7828125 0.00625 0.015625
15 0.6171875 0.7828125 0.00703125 0.01640625
15 0.6484375 0.7828125 0.00703125 0.01484375
15 0.640625 0.78359375 0.00703125 0.01640625
1 0.6640625 0.7828125 0.00625 0.015625
1 0.65546875 0.78359375 0.00625 0.01328125
1 0.5828125 0.78359375 0.00859375 0.01640625
1 0.5890625 0.784375 0.00625 0.01328125
15 0.5984375 0.78515625 0.00703125 0.01484375
15 0.28203125 0.7890625 0.0203125 0.00546875
15 0.25234375 0.78984375 0.03203125 0.0078125
15 0.16484375 0.7921875 0.00625 0.0125
15 0.09296875 0.7921875 0.00625 0.01328125
15 0.14765625 0.7921875 0.00625 0.01328125
15 0.10859375 0.7921875 0.00625 0.01484375
15 0.140625 0.7921875 0.00703125 0.01328125
15 0.10078125 0.7921875 0.00625 0.0125
15 0.15703125 0.7921875 0.00625 0.01328125
15 0.0765625 0.79296875 0.00546875 0.01328125
15 0.17265625 0.79296875 0.00625 0.0109375
15 0.0609375 0.79296875 0.0046875 0.01171875
15 0.06875 0.79296875 0.00546875 0.0109375
15 0.084375 0.79296875 0.00625 0.01328125
15 0.12421875 0.79296875 0.00625 0.01015625
1 0.053125 0.79296875 0.00703125 0.0140625
15 0.11640625 0.79375 0.00625 0.01171875
15 0.1328125 0.79375 0.00546875 0.0125
15 0.22421875 0.79453125 0.01640625 0.00703125
15 0.68671875 0.803125 0.00859375 0.0140625
15 0.7015625 0.80390625 0.0078125 0.01484375
15 0.67890625 0.80390625 0.00625 0.0125
15 0.71015625 0.80390625 0.0078125 0.01328125
15 0.69375 0.80390625 0.0078125 0.01328125
15 0.67109375 0.8046875 0.00703125 0.01328125
15 0.59921875 0.80546875 0.00703125 0.01640625
1 0.58203125 0.80625 0.00625 0.01640625
15 0.58984375 0.80625 0.00546875 0.01484375
15 0.1171875 0.81171875 0.009375 0.01796875
1 0.14921875 0.81171875 0.00859375 0.015625
1 0.15703125 0.8125 0.009375 0.01640625
1 0.1328125 0.81171875 0.01015625 0.0140625
1 0.14140625 0.8125 0.009375 0.0171875
1 0.1078125 0.81328125 0.00859375 0.01484375
1 0.175 0.81328125 0.009375 0.01484375
1 0.1265625 0.81328125 0.009375 0.0140625
1 0.165625 0.81328125 0.009375 0.01875
1 0.62265625 0.82421875 0.00625 0.0140625
1 0.6390625 0.825 0.00703125 0.0140625
15 0.6546875 0.825 0.009375 0.01484375
15 0.6625 0.825 0.00859375 0.01484375
15 0.63046875 0.82578125 0.00625 0.0140625
1 0.646875 0.82578125 0.00859375 0.015625
15 0.66953125 0.8265625 0.0078125 0.015625
1 0.57421875 0.828125 0.0078125 0.0125
1 0.58984375 0.828125 0.00859375 0.015625
1 0.59765625 0.8296875 0.0078125 0.01484375
15 0.2890625 0.83515625 0.015625 0.0078125
15 0.1609375 0.8421875 0.009375 0.01640625
15 0.12734375 0.8421875 0.009375 0.01640625
15 0.1359375 0.84296875 0.0109375 0.01640625
15 0.14296875 0.8421875 0.01015625 0.015625
15 0.1515625 0.8421875 0.01171875 0.0171875
15 0.11953125 0.84375 0.009375 0.015625
1 0.59296875 0.8484375 0.01796875 0.0125
1 0.5734375 0.8484375 0.01796875 0.00859375
1 0.5921875 0.8484375 0.015625 0.00859375
1 0.6046875 0.84921875 0.01796875 0.01015625
1 0.5734375 0.84921875 0.0171875 0.0078125
15 0.4953125 0.85234375 0.0078125 0.0140625
1 0.52109375 0.85234375 0.0078125 0.015625
15 0.4625 0.853125 0.00625 0.0125
1 0.47109375 0.853125 0.00546875 0.01328125
15 0.446875 0.853125 0.015625 0.01796875
15 0.50390625 0.853125 0.0078125 0.01640625
15 0.2421875 0.85390625 0.00703125 0.01484375
15 0.42890625 0.85390625 0.00625 0.01328125
15 0.2296875 0.85546875 0.01875 0.0171875
1 0.11171875 0.85859375 0.00625 0.01328125
15 0.2125 0.86171875 0.01328125 0.0078125
4 0.77421875 0.8765625 0.0546875 0.2203125
4 0.87421875 0.88984375 0.05 0.20390625
15 0.92421875 0.934375 0.0078125 0.0140625
15 0.93203125 0.93515625 0.0078125 0.01796875
1 0.921875 0.975 0.009375 0.01875
1 0.93203125 0.975 0.00546875 0.0140625
15 0.93671875 0.12890625 0.0140625 0.01015625
15 0.26015625 0.13125 0.0140625 0.00703125
15 0.26015625 0.1390625 0.01484375 0.00625
15 0.203125 0.1515625 0.0140625 0.00703125
15 0.2609375 0.15390625 0.015625 0.0171875
15 0.21953125 0.1546875 0.01640625 0.021875
15 0.44609375 0.15859375 0.015625 0.009375
15 0.446875 0.16796875 0.0140625 0.00703125
1 0.44609375 0.17421875 0.01484375 0.00625
15 0.125 0.175 0.01640625 0.01015625
15 0.13984375 0.17578125 0.0140625 0.00546875
15 0.24921875 0.18125 0.01328125 0.009375
1 0.44765625 0.18203125 0.015625 0.01015625
15 0.196875 0.18671875 0.00703125 0.01484375
1 0.20546875 0.1875 0.0078125 0.0140625
15 0.1890625 0.18828125 0.00703125 0.01328125
15 0.70546875 0.18984375 0.00546875 0.0140625
15 0.696875 0.190625 0.00703125 0.0125
1 0.44609375 0.19140625 0.0140625 0.009375
15 0.44609375 0.20078125 0.0140625 0.0078125
15 0.1828125 0.21015625 0.0078125 0.01484375
15 0.190625 0.21015625 0.00625 0.01484375
15 0.125 0.215625 0.015625 0.0078125
1 0.26796875 0.21875 0.0078125 0.0125
15 0.12578125 0.22578125 0.0171875 0.00625
1 0.440625 0.23203125 0.01484375 0.01015625
15 0.5953125 0.23125 0.0234375 0.01796875
15 0.57578125 0.23125 0.00859375 0.01640625
15 0.87265625 0.2328125 0.01953125 0.01953125
15 0.6171875 0.23359375 0.01953125 0.02109375
15 0.6375 0.23515625 0.0171875 0.0171875
15 0.66015625 0.2359375 0.00703125 0.0140625
1 0.653125 0.2359375 0.00625 0.0140625
9 0.35390625 0.23671875 0.153125 0.1484375
4 0.0390625 0.02578125 0.06328125 0.03359375
4 0.7265625 0.0265625 0.39453125 0.05234375
15 0.1515625 0.26484375 0.00703125 0.015625
4 0.3984375 0.02734375 0.2625 0.05390625
1 0.2265625 0.26953125 0.00703125 0.0109375
1 0.43984375 0.27109375 0.0078125 0.0140625
15 0.24140625 0.275 0.00703125 0.01484375
4 0.16015625 0.028125 0.15078125 0.03203125
15 0.08671875 0.02890625 0.00625 0.01796875
15 0.07890625 0.0296875 0.00625 0.015625
15 0.4375 0.30859375 0.015625 0.015625
9 0.9203125 0.309375 0.10078125 0.12890625
15 0.82421875 0.3109375 0.0171875 0.02109375
15 0.66875 0.3109375 0.0078125 0.01796875
15 0.7109375 0.3109375 0.00625 0.0140625
15 0.7234375 0.3125 0.0078125 0.01640625
15 0.7328125 0.3125 0.00625 0.01484375
15 0.22578125 0.03125 0.01328125 0.00859375
1 0.19921875 0.3140625 0.00625 0.01640625
15 0.2453125 0.3234375 0.00546875 0.01484375
15 0.23671875 0.3234375 0.0078125 0.015625
1 0.25390625 0.3234375 0.0078125 0.01171875
15 0.82421875 0.32890625 0.0171875 0.0171875
1 0.78046875 0.32890625 0.0078125 0.0140625
15 0.73046875 0.3296875 0.01875 0.01875
1 0.3421875 0.33046875 0.015625 0.009375
15 0.76640625 0.33046875 0.01796875 0.01796875
15 0.70390625 0.33125 0.00859375 0.01328125
15 0.79609375 0.33046875 0.01796875 0.01640625
15 0.57109375 0.33203125 0.01875 0.01796875
15 0.59140625 0.33203125 0.01875 0.0171875
15 0.62109375 0.33203125 0.01953125 0.01796875
15 0.2765625 0.3328125 0.01328125 0.0078125
15 0.28984375 0.3328125 0.0140625 0.00546875
15 0.3015625 0.33671875 0.00703125 0.015625
1 0.3421875 0.33828125 0.01484375 0.00859375
1 0.3234375 0.3390625 0.01484375 0.00859375
15 0.47265625 0.3390625 0.015625 0.0109375
15 0.41484375 0.3578125 0.009375 0.0171875
15 0.8859375 0.384375 0.00703125 0.015625
1 0.2921875 0.3921875 0.0078125 0.015625
1 0.53828125 0.40234375 0.015625 0.00859375
1 0.10703125 0.40390625 0.0171875 0.0109375
1 0.08984375 0.40546875 0.01484375 0.0109375
15 0.65703125 0.4046875 0.00859375 0.01875
15 0.67265625 0.40546875 0.0078125 0.0171875
9 0.353125 0.40703125 0.096875 0.11640625
15 0.5375 0.4109375 0.01484375 0.0078125
15 0.59609375 0.41796875 0.01796875 0.01953125
15 0.53671875 0.42109375 0.01484375 0.00703125
1 0.41328125 0.42265625 0.01015625 0.01875
15 0.71796875 0.42890625 0.00703125 0.01328125
1 0.5390625 0.43046875 0.0140625 0.0078125
15 0.16015625 0.43046875 0.01875 0.0109375
1 0.1109375 0.43515625 0.0171875 0.009375
1 0.1296875 0.4359375 0.01796875 0.009375
1 0.090625 0.4375 0.015625 0.00859375
1 0.16171875 0.440625 0.01796875 0.00625
1 0.18359375 0.44140625 0.01875 0.0078125
1 0.11015625 0.4453125 0.01796875 0.0078125
1 0.13125 0.44609375 0.01328125 0.0078125
1 0.09140625 0.44609375 0.01484375 0.00703125
1 0.184375 0.44765625 0.01796875 0.009375
1 0.16015625 0.4515625 0.01484375 0.0078125
1 0.13046875 0.4546875 0.01640625 0.009375
1 0.0921875 0.4546875 0.01484375 0.00625
1 0.11015625 0.45625 0.015625 0.0078125
15 0.26875 0.04609375 0.01484375 0.00859375
1 0.1609375 0.459375 0.0140625 0.00625
1 0.11015625 0.46484375 0.01328125 0.00703125
1 0.09140625 0.46484375 0.01640625 0.00859375
15 0.4 0.46640625 0.02421875 0.0078125
1 0.1609375 0.46640625 0.0171875 0.0078125
1 0.0921875 0.475 0.01640625 0.00859375
1 0.1609375 0.4765625 0.01484375 0.0078125
1 0.1875 0.4765625 0.01484375 0.00703125
1 0.40703125 0.4765625 0.0140625 0.009375
1 0.1609375 0.48515625 0.01640625 0.0078125
1 0.18671875 0.48515625 0.01640625 0.00859375
1 0.09296875 0.4859375 0.0203125 0.009375
15 0.8546875 0.490625 0.00703125 0.01640625
15 0.74453125 0.49453125 0.00859375 0.015625
15 0.77109375 0.49453125 0.00703125 0.01328125
15 0.76171875 0.49609375 0.00703125 0.01640625
15 0.028125 0.05 0.009375 0.0171875
15 0.1078125 0.50703125 0.01875 0.01015625
15 0.88515625 0.5078125 0.0078125 0.0125
15 0.875 0.5078125 0.0078125 0.01796875
15 0.6953125 0.51015625 0.0078125 0.0140625
1 0.090625 0.51015625 0.015625 0.0125
15 0.70234375 0.5109375 0.0078125 0.01328125
15 0.71875 0.5109375 0.00625 0.01328125
15 0.73359375 0.5109375 0.0078125 0.0140625
15 0.72578125 0.5109375 0.00625 0.0140625
15 0.76328125 0.5109375 0.00859375 0.0140625
15 0.7515625 0.51171875 0.009375 0.01796875
15 0.74296875 0.51171875 0.0078125 0.01484375
15 0.771875 0.5109375 0.009375 0.0140625
15 0.7109375 0.51171875 0.0078125 0.0171875
15 0.6859375 0.5125 0.0078125 0.0140625
1 0.1796875 0.5171875 0.01484375 0.00859375
15 0.12890625 0.51796875 0.0171875 0.00859375
15 0.1625 0.521875 0.01796875 0.0078125