2 0.43359375 0.06015625 0.09453125 0.05390625
16 0.75390625 0.00703125 0.0203125 0.0140625
16 0.76875 0.00859375 0.01953125 0.01640625
2 0.11328125 0.17578125 0.01796875 0.03125
2 0.1265625 0.1734375 0.01953125 0.03203125
2 0.39140625 0.1203125 0.0328125 0.04921875
2 0.4890625 0.09921875 0.0296875 0.046875
2 0.42890625 0.11640625 0.03125 0.04921875
2 0.02421875 0.228125 0.04765625 0.08984375
2 0.06640625 0.2234375 0.01953125 0.02578125
16 0.053125 0.23125 0.02265625 0.03515625
2 0.46875 0.140625 0.04609375 0.02734375
2 0.8296875 0.06171875 0.0328125 0.05234375
16 0.4125 0.17421875 0.01953125 0.03046875
2 0.7828125 0.07734375 0.0203125 0.02578125
2 0.85 0.06015625 0.0203125 0.03515625
16 0.3984375 0.18125 0.01953125 0.02734375
16 0.1203125 0.2875 0.03203125 0.01640625
16 0.125 0.29921875 0.02734375 0.01640625
16 0.12890625 0.31171875 0.02734375 0.01796875
16 0.1328125 0.3234375 0.02890625 0.01796875
16 0.13671875 0.33359375 0.02578125 0.01328125
16 0.45546875 0.25546875 0.03203125 0.01953125
9 0.284375 0.30546875 0.2640625 0.25859375
16 0.14140625 0.34609375 0.02265625 0.01484375
16 0.45859375 0.26640625 0.02890625 0.01875
9 0.0640625 0.3921875 0.128125 0.21796875
4 0.9 0.16875 0.0796875 0.13125
16 0.63828125 0.23828125 0.02421875 0.01640625
2 0.8375 0.19375 0.05 0.03359375
16 0.625 0.25390625 0.02890625 0.01640625
2 0.63203125 0.26640625 0.02890625 0.01875
16 0.67421875 0.26796875 0.01796875 0.02734375
16 0.825 0.228125 0.02578125 0.01640625
16 0.69765625 0.26171875 0.01796875 0.02578125
16 0.68828125 0.26640625 0.01796875 0.02890625
16 0.4546875 0.33125 0.02890625 0.02109375
20 0.86171875 0.228125 0.040625 0.03515625
16 0.8015625 0.24609375 0.02421875 0.015625
16 0.83046875 0.23828125 0.02734375 0.01875
16 0.45859375 0.346875 0.03125 0.01875
16 0.82109375 0.25390625 0.02734375 0.01796875
20 0.77734375 0.26953125 0.046875 0.040625
16 0.80234375 0.26953125 0.0203125 0.028125
16 0.46328125 0.35859375 0.0265625 0.015625
20 0.740625 0.28828125 0.0359375 0.03828125
16 0.8296875 0.27109375 0.02421875 0.01484375
20 0.87421875 0.2625 0.040625 0.03984375
16 0.8359375 0.28359375 0.02734375 0.01875
2 0.76953125 0.3046875 0.02890625 0.01796875
16 0.8 0.29765625 0.02890625 0.01953125
16 0.8 0.3109375 0.02421875 0.01328125
16 0.77578125 0.31953125 0.03125 0.01875
9 0.609375 0.36328125 0.13984375 0.13515625
16 0.9125 0.29140625 0.034375 0.021875
20 0.85859375 0.30703125 0.040625 0.03828125
16 0.80703125 0.32578125 0.02578125 0.015625
16 0.8859375 0.30546875 0.02109375 0.02734375
2 0.77734375 0.33359375 0.02734375 0.015625
16 0.4921875 0.4109375 0.02578125 0.015625
2 0.81015625 0.33671875 0.02734375 0.01875
16 0.78203125 0.34375 0.02421875 0.01484375
16 0.49375 0.42265625 0.02890625 0.01796875
16 0.8125 0.34921875 0.0234375 0.0125
2 0.78515625 0.35703125 0.02890625 0.01796875
16 0.0359375 0.55546875 0.0171875 0.028125
2 0.01953125 0.56015625 0.01796875 0.028125
2 0.1125 0.53671875 0.02265625 0.03046875
2 0.0953125 0.54140625 0.02265625 0.028125
16 0.0828125 0.54453125 0.02265625 0.03125
16 0.053125 0.553125 0.01953125 0.025
2 0.06953125 0.54921875 0.0203125 0.03203125
2 0.81640625 0.36171875 0.0296875 0.01640625
16 0.78671875 0.36953125 0.02578125 0.015625
16 0.9140625 0.34453125 0.0265625 0.01640625
2 0.78984375 0.38203125 0.02734375 0.015625
16 0.82109375 0.37421875 0.02734375 0.01484375
16 0.91328125 0.3578125 0.02734375 0.015625
16 0.02734375 0.59140625 0.015625 0.02734375
16 0.79140625 0.39296875 0.02734375 0.01640625
16 0.82421875 0.38671875 0.02734375 0.01640625
16 0.91875 0.37109375 0.02890625 0.01640625
16 0.88984375 0.37890625 0.02265625 0.01484375
16 0.82734375 0.39765625 0.02734375 0.015625
16 0.46328125 0.4953125 0.0265625 0.01796875
16 0.796875 0.40859375 0.0265625 0.01796875
2 0.690625 0.43828125 0.01953125 0.02890625
16 0.52109375 0.4890625 0.01953125 0.02578125
2 0.03515625 0.61640625 0.01953125 0.02734375
16 0.5078125 0.49453125 0.0203125 0.034375
16 0.83125 0.4109375 0.02578125 0.01796875
16 0.803125 0.41875 0.03203125 0.02109375
2 0.65859375 0.45703125 0.03125 0.01640625
16 0.465625 0.5078125 0.02734375 0.01796875
9 0.09296875 0.60703125 0.10625 0.09453125
2 0.87890625 0.4046875 0.03125 0.01796875
16 0.80390625 0.4296875 0.02734375 0.015625
16 0.834375 0.42265625 0.0234375 0.01484375
2 0.0421875 0.64375 0.01796875 0.02734375
2 0.45625 0.53828125 0.03203125 0.01875
16 0.61640625 0.50703125 0.03125 0.01875
16 0.89375 0.44296875 0.0296875 0.01953125
2 0.465625 0.55625 0.04921875 0.03125
16 0.61796875 0.5203125 0.0265625 0.015625
2 0.1484375 0.646875 0.01953125 0.03125
16 0.3703125 0.5890625 0.01953125 0.03046875
16 0.0875 0.6640625 0.01953125 0.02578125
16 0.10078125 0.66171875 0.015625 0.02734375
2 0.07421875 0.66875 0.01796875 0.02890625
2 0.11484375 0.659375 0.015625 0.02890625
2 0.0359375 0.67890625 0.015625 0.03515625
2 0.059375 0.6734375 0.02265625 0.03203125
16 0.04765625 0.67734375 0.01796875 0.02734375
2 0.13203125 0.65625 0.01953125 0.02890625
9 0.55859375 0.54765625 0.08515625 0.078125
2 0.89921875 0.4625 0.0265625 0.01640625
4 0.9671875 0.44609375 0.0640625 0.2625
16 0.63125 0.5421875 0.0171875 0.02578125
16 0.31640625 0.62890625 0.01953125 0.028125
16 0.9328125 0.475 0.02734375 0.01640625
9 0.74921875 0.53203125 0.17890625 0.16328125
16 0.87734375 0.503125 0.01953125 0.02734375
16 0.49375 0.60390625 0.01796875 0.03203125
16 0.940625 0.4875 0.0265625 0.01640625
16 0.44296875 0.61796875 0.0203125 0.03125
16 0.428125 0.62265625 0.0203125 0.034375
16 0.48046875 0.60859375 0.01796875 0.03046875
16 0.45546875 0.61640625 0.0171875 0.02734375
16 0.4703125 0.61328125 0.01484375 0.02734375
2 0.13359375 0.709375 0.02265625 0.02890625
2 0.64140625 0.578125 0.02734375 0.01640625
16 0.94375 0.49921875 0.02890625 0.01875
2 0.55 0.603125 0.03203125 0.02109375
16 0.31796875 0.66796875 0.02734375 0.01484375
16 0.1640625 0.70859375 0.034375 0.02421875
2 0.9 0.51953125 0.02890625 0.02109375
16 0.646875 0.5921875 0.0265625 0.015625
2 0.5125 0.63203125 0.0203125 0.03046875
2 0.48984375 0.64140625 0.03125 0.021875
16 0.65078125 0.60546875 0.02890625 0.01796875
16 0.85234375 0.5609375 0.0203125 0.028125
2 0.13203125 0.75234375 0.096875 0.05859375
16 0.65390625 0.6171875 0.02890625 0.015625
9 0.596875 0.64140625 0.07890625 0.08984375
2 0.94609375 0.5546875 0.01796875 0.03046875
16 0.65703125 0.63125 0.02734375 0.01484375
2 0.921875 0.56484375 0.01953125 0.02734375
16 0.86328125 0.58984375 0.01796875 0.02578125
16 0.66015625 0.64296875 0.02578125 0.01484375
16 0.79453125 0.61171875 0.02109375 0.02890625
16 0.76875 0.61875 0.01953125 0.02734375
16 0.7171875 0.6328125 0.01796875 0.028125
16 0.7421875 0.6265625 0.01796875 0.028125
16 0.6921875 0.63984375 0.01484375 0.02421875
16 0.70546875 0.6359375 0.0171875 0.02421875
16 0.75625 0.62421875 0.02578125 0.03125
16 0.7828125 0.6171875 0.0203125 0.03046875
16 0.7296875 0.63203125 0.0203125 0.028125
16 0.8078125 0.615625 0.01953125 0.02890625
16 0.83359375 0.609375 0.0171875 0.025
16 0.821875 0.61328125 0.01484375 0.02421875
16 0.54765625 0.69296875 0.02890625 0.01875
16 0.68203125 0.65703125 0.01484375 0.025
16 0.6703125 0.6609375 0.01953125 0.028125
16 0.55234375 0.70390625 0.02578125 0.015625
16 0.78984375 0.64453125 0.01484375 0.02734375
16 0.725 0.6625 0.01953125 0.02734375
16 0.76484375 0.653125 0.01796875 0.02734375
2 0.7765625 0.65 0.01796875 0.02890625
16 0.75078125 0.65703125 0.01796875 0.028125
16 0.803125 0.64375 0.01953125 0.02734375
16 0.69921875 0.67109375 0.0171875 0.02578125
16 0.71171875 0.66875 0.01796875 0.02734375
2 0.7375 0.66171875 0.01953125 0.028125
16 0.81640625 0.6421875 0.01796875 0.03203125
16 0.84140625 0.6375 0.01953125 0.02734375
16 0.82890625 0.64140625 0.01796875 0.02578125
16 0.66796875 0.69296875 0.015625 0.02265625
16 0.653125 0.70078125 0.01796875 0.02734375
9 0.4421875 0.75703125 0.20546875 0.2
9 0.11328125 0.86484375 0.0671875 0.08203125
2 0.27734375 0.828125 0.02109375 0.02890625
16 0.3078125 0.82734375 0.03203125 0.021875
2 0.84375 0.69609375 0.02421875 0.03359375
9 0.88984375 0.684375 0.0796875 0.08125
9 0.7921875 0.71171875 0.07890625 0.084375
4 0.13515625 0.09921875 0.26953125 0.109375
9 0.62265625 0.75859375 0.06640625 0.08046875
2 0.74921875 0.73203125 0.02265625 0.03203125
2 0.665625 0.76484375 0.01953125 0.028125
2 0.28125 0.8703125 0.1 0.065625
2 0.58671875 0.81875 0.04140625 0.02734375
16 0.59453125 0.83203125 0.03828125 0.01953125
20 0.26328125 0.97578125 0.06171875 0.046875
4 0.75 0.86484375 0.165625 0.11015625
2 0.940625 0.82265625 0.0234375 0.02890625
2 0.22421875 0.9921875 0.03515625 0.01328125
2 0.95859375 0.8203125 0.02109375 0.03046875
9 0.88671875 0.84140625 0.08515625 0.059375