16 0.27421875 0.0625 0.0171875 0.0125
16 0.59140625 0.11796875 0.02109375 0.01484375
16 0.2453125 0.0671875 0.00625 0.025
16 0.253125 0.0765625 0.00625 0.025
16 0.2265625 0.0734375 0.0234375 0.01796875
16 0.2828125 0.084375 0.0109375 0.02890625
16 0.65234375 0.14375 0.01484375 0.0125
2 0.584375 0.13359375 0.02421875 0.01875
2 0.29453125 0.08828125 0.0140625 0.03046875
16 0.69453125 0.1578125 0.01015625 0.02890625
2 0.18671875 0.0828125 0.0140625 0.03515625
16 0.64921875 0.15546875 0.015625 0.01015625
16 0.1625 0.07890625 0.01015625 0.028125
16 0.1734375 0.084375 0.0109375 0.028125
2 0.96796875 0.2125 0.0234375 0.01953125
9 0.53046875 0.14453125 0.05234375 0.078125
16 0.64921875 0.16640625 0.01640625 0.01171875
9 0.61875 0.16328125 0.05078125 0.0765625
9 0.246875 0.11171875 0.04296875 0.05234375
2 0.3421875 0.12734375 0.01171875 0.02734375
9 0.35703125 0.13046875 0.015625 0.02890625
2 0.08359375 0.08828125 0.028125 0.021875
9 0.1296875 0.09609375 0.0453125 0.06484375
16 0.2765625 0.11875 0.0109375 0.02734375
16 0.30625 0.1234375 0.01015625 0.03046875
2 0.1640625 0.1015625 0.015625 0.01171875
16 0.2859375 0.12109375 0.009375 0.02734375
16 0.29609375 0.1234375 0.00859375 0.02890625
16 0.32890625 0.12890625 0.009375 0.02578125
2 0.16484375 0.12265625 0.009375 0.02421875
16 0.17578125 0.125 0.00859375 0.025
16 0.18671875 0.1265625 0.0109375 0.02890625
16 0.21875 0.1390625 0.01015625 0.02578125
2 0.484375 0.20078125 0.00859375 0.02109375
2 0.1796875 0.153125 0.02890625 0.01875
2 0.18046875 0.171875 0.03125 0.02265625
16 0.48125 0.22421875 0.0078125 0.021875
2 0.49453125 0.23203125 0.01640625 0.01484375
16 0.34296875 0.20859375 0.01640625 0.0125
2 0.46015625 0.23515625 0.0171875 0.01171875
2 0.734375 0.28515625 0.0109375 0.03046875
16 0.459375 0.246875 0.0171875 0.01171875
16 0.63984375 0.28046875 0.01953125 0.015625
16 0.4875 0.26953125 0.01484375 0.0125
16 0.640625 0.29453125 0.0171875 0.01171875
16 0.8671875 0.33203125 0.02109375 0.02109375
16 0.76484375 0.315625 0.02578125 0.02421875
16 0.63984375 0.3046875 0.015625 0.01015625
2 0.7203125 0.3171875 0.015625 0.0125
2 0.82109375 0.3359375 0.01796875 0.01171875
16 0.48046875 0.2875 0.009375 0.021875
16 0.48984375 0.28984375 0.0078125 0.02421875
16 0.71953125 0.32890625 0.01484375 0.00859375
16 0.6390625 0.3171875 0.0171875 0.01171875
16 0.81953125 0.34609375 0.015625 0.009375
16 0.6375 0.32734375 0.01875 0.01328125
16 0.8140625 0.3609375 0.0234375 0.02265625
16 0.71328125 0.346875 0.0234375 0.02109375
16 0.63515625 0.33828125 0.015625 0.01015625
9 0.75 0.3671875 0.04140625 0.07421875
16 0.6328125 0.34921875 0.01640625 0.01171875
9 0.8484375 0.3859375 0.03984375 0.0796875
2 0.10625 0.26796875 0.02890625 0.02265625
2 0.78203125 0.37578125 0.021875 0.01484375
2 0.884375 0.3921875 0.02421875 0.02421875
16 0.1421875 0.28359375 0.009375 0.02421875
16 0.1671875 0.28671875 0.00859375 0.02109375
16 0.17421875 0.28828125 0.00703125 0.01953125
16 0.1515625 0.28515625 0.009375 0.02578125
16 0.63203125 0.36171875 0.015625 0.01171875
9 0.56015625 0.35390625 0.1359375 0.20703125
2 0.715625 0.3796875 0.015625 0.03671875
2 0.8171875 0.39609375 0.01328125 0.040625
9 0.303125 0.315625 0.08984375 0.21796875
9 0.39140625 0.33046875 0.08984375 0.21640625
16 0.10078125 0.28828125 0.01875 0.01328125
9 0.0671875 0.284375 0.0375 0.065625
16 0.6328125 0.37578125 0.0171875 0.01015625
16 0.78359375 0.4015625 0.02265625 0.021875
16 0.8859375 0.41875 0.021875 0.02109375
16 0.63125 0.3875 0.01640625 0.0125
16 0.78359375 0.41796875 0.01953125 0.01796875
2 0.7109375 0.409375 0.03125 0.01875
2 0.81328125 0.425 0.02890625 0.02109375
16 0.88515625 0.4359375 0.021875 0.01875
16 0.86171875 0.43359375 0.0234375 0.01953125
16 0.76015625 0.41875 0.021875 0.02109375
16 0.1171875 0.321875 0.01171875 0.028125
2 0.09765625 0.3203125 0.02265625 0.01953125
9 0.15 0.33125 0.0421875 0.07109375
16 0.83671875 0.44765625 0.01875 0.01328125
16 0.7359375 0.43125 0.0203125 0.015625
16 0.7578125 0.43515625 0.01875 0.01484375
16 0.85859375 0.45234375 0.01875 0.01484375
16 0.71328125 0.44453125 0.0125 0.03203125
16 0.70078125 0.44296875 0.01171875 0.028125
16 0.81328125 0.46171875 0.0109375 0.03125
16 0.80234375 0.46015625 0.01015625 0.028125
16 0.0953125 0.3515625 0.01953125 0.015625
2 0.43046875 0.4078125 0.01015625 0.02890625
16 0.146875 0.378125 0.00703125 0.02421875
16 0.1546875 0.38046875 0.00703125 0.021875
2 0.85859375 0.49296875 0.02890625 0.0625
2 0.83359375 0.48828125 0.028125 0.0671875
2 0.096875 0.3859375 0.02890625 0.02421875
16 0.15390625 0.39765625 0.0140625 0.01015625
16 0.59609375 0.46796875 0.01484375 0.0125
16 0.1390625 0.39609375 0.0125 0.009375
16 0.496875 0.45390625 0.0078125 0.02265625
2 0.11796875 0.40078125 0.01796875 0.04609375
16 0.2484375 0.00234375 0.01875 0.0046875
16 0.35234375 0.43984375 0.01015625 0.02578125
16 0.70390625 0.496875 0.015625 0.04375
16 0.8046875 0.51328125 0.015625 0.03984375
16 0.78203125 0.51015625 0.01640625 0.04765625
16 0.44609375 0.459375 0.009375 0.02890625
16 0.88359375 0.52890625 0.01640625 0.04453125
2 0.82734375 0.5296875 0.028125 0.03046875
2 0.1359375 0.425 0.01640625 0.03984375
2 0.153125 0.4296875 0.0171875 0.03828125
16 0.41015625 0.02734375 0.00703125 0.02109375
2 0.896875 0.56796875 0.01796875 0.0125
16 0.403125 0.02578125 0.00703125 0.02109375
16 0.359375 0.49375 0.01640625 0.01484375
9 0.0375 0.45234375 0.046875 0.05390625
9 0.390625 0.50859375 0.046875 0.03125
16 0.421875 0.515625 0.01640625 0.01484375
16 0.3578125 0.51015625 0.01640625 0.015625
16 0.5375 0.5390625 0.01484375 0.01328125
16 0.53671875 0.55078125 0.01484375 0.01171875
16 0.4375 0.53671875 0.0078125 0.02265625
16 0.42890625 0.53671875 0.00859375 0.02421875
2 0.3546875 0.52578125 0.01484375 0.01328125
16 0.41640625 0.5375 0.015625 0.01875
16 0.51875 0.55859375 0.01875 0.01484375
16 0.5359375 0.5609375 0.01328125 0.009375
16 0.40390625 0.5421875 0.0078125 0.01953125
16 0.38984375 0.53984375 0.00859375 0.021875
2 0.396875 0.5421875 0.00546875 0.01796875
2 0.3546875 0.53984375 0.015625 0.0125
16 0.028125 0.4890625 0.01015625 0.02578125
2 0.01875 0.48828125 0.009375 0.02734375
2 0.55625 0.58359375 0.01640625 0.01484375
2 0.17890625 0.5328125 0.0140625 0.009375
2 0.39609375 0.5703125 0.03125 0.02265625
16 0.56484375 0.059375 0.015625 0.01015625
9 0.26875 0.55234375 0.146875 0.22109375
16 0.19375 0.00703125 0.009375 0.01328125
2 0.78046875 0.64375 0.015625 0.01328125
16 0.18046875 0.55390625 0.0078125 0.021875
2 0.3984375 0.5890625 0.0140625 0.01015625
16 0.70703125 0.63828125 0.01796875 0.01328125
16 0.17265625 0.00703125 0.009375 0.01328125
16 0.32421875 0.0234375 0.0078125 0.021875
16 0.20078125 0.00859375 0.00859375 0.01640625
2 0.778125 0.65546875 0.01640625 0.0125
16 0.64375 0.6390625 0.00703125 0.02578125
2 0.11875 0.55625 0.01796875 0.0125
16 0.65546875 0.64375 0.0125 0.02421875
16 0.70546875 0.6515625 0.015625 0.01484375
16 0.13984375 0.56796875 0.015625 0.01015625
2 0.77890625 0.6703125 0.0234375 0.01875
9 0.7421875 0.66484375 0.0453125 0.0734375
16 0.16875 0.58125 0.009375 0.028125
16 0.39609375 0.621875 0.01484375 0.01171875
16 0.43828125 0.04453125 0.01171875 0.028125
16 0.38359375 0.62421875 0.0078125 0.02109375
2 0.77734375 0.6890625 0.0203125 0.01875
2 0.81171875 0.69609375 0.04140625 0.03046875
16 0.70078125 0.6796875 0.0203125 0.01640625
2 0.18125 0.596875 0.0125 0.01015625
16 0.39453125 0.63125 0.015625 0.01015625
20 0.64765625 0.671875 0.025 0.03515625
9 0.48125 0.6515625 0.15078125 0.184375
2 0.1796875 0.60859375 0.01171875 0.01015625
2 0.35625 0.034375 0.0078125 0.025
20 0.865625 0.72109375 0.0234375 0.04140625
2 0.84453125 0.71875 0.01796875 0.046875
20 0.94375 0.73515625 0.01875 0.04296875
16 0.38125 0.6453125 0.00859375 0.021875
20 0.9171875 0.73125 0.02265625 0.03828125
20 0.89140625 0.72734375 0.025 0.0375
2 0.17890625 0.6171875 0.01328125 0.01328125
16 0.9515625 0.128125 0.00859375 0.025
16 0.278125 0.021875 0.01015625 0.02734375
16 0.33984375 0.64765625 0.0078125 0.02578125
16 0.56796875 0.68359375 0.01796875 0.01484375
2 0.1796875 0.62890625 0.015625 0.009375
2 0.8078125 0.72734375 0.04609375 0.03125
16 0.51328125 0.06015625 0.0109375 0.03125
2 0.5890625 0.70234375 0.015625 0.01171875
16 0.56796875 0.69921875 0.015625 0.01328125
16 0.38359375 0.6703125 0.015625 0.0125
2 0.1859375 0.640625 0.0125 0.01015625
2 0.33359375 0.66484375 0.0140625 0.0125
16 0.478125 0.05703125 0.0078125 0.03046875
16 0.9421875 0.76484375 0.02109375 0.02109375
2 0.196875 0.65078125 0.00859375 0.021875
16 0.56640625 0.71171875 0.01875 0.01484375
2 0.3609375 0.6796875 0.01640625 0.01484375
2 0.5875 0.71640625 0.015625 0.01015625
16 0.3828125 0.68359375 0.015625 0.01015625
16 0.590625 0.075 0.01796875 0.01640625
16 0.309375 0.67421875 0.01796875 0.01484375
16 0.28984375 0.67109375 0.015625 0.0125
16 0.265625 0.66796875 0.015625 0.0125
2 0.17734375 0.6546875 0.02890625 0.02421875
2 0.91484375 0.77109375 0.0203125 0.01484375
16 0.21171875 0.66328125 0.009375 0.02421875
16 0.23984375 0.66875 0.009375 0.02578125
16 0.221875 0.665625 0.00703125 0.02265625
16 0.2296875 0.66875 0.00859375 0.02421875
16 0.67109375 0.0890625 0.0171875 0.01484375
16 0.38203125 0.6953125 0.0171875 0.0125
16 0.56484375 0.72421875 0.0171875 0.01640625
2 0.1078125 0.653125 0.046875 0.03125
16 0.26484375 0.678125 0.0171875 0.01015625
9 0.63984375 0.74296875 0.0359375 0.06796875
16 0.91328125 0.7875 0.021875 0.015625
9 0.67265625 0.75078125 0.03828125 0.07734375
16 0.7484375 0.1015625 0.0171875 0.01796875
16 0.48671875 0.0609375 0.0078125 0.02421875
2 0.7203125 0.09765625 0.01171875 0.028125
2 0.3609375 0.7046875 0.0171875 0.0125
16 0.27890625 0.69375 0.015625 0.01171875
16 0.38046875 0.71015625 0.01875 0.0125
16 0.7453125 0.77109375 0.0078125 0.02578125
2 0.56875 0.74375 0.02890625 0.02578125
16 0.725 0.76875 0.00859375 0.028125
2 0.55 0.740625 0.01015625 0.021875
16 0.734375 0.76953125 0.0078125 0.03046875
16 0.82734375 0.115625 0.01875 0.021875
16 0.71484375 0.76796875 0.009375 0.03359375
16 0.70234375 0.7671875 0.0109375 0.02890625
16 0.75390625 0.77578125 0.01015625 0.03203125
16 0.69375 0.76640625 0.0109375 0.02890625
2 0.91015625 0.80390625 0.02421875 0.02109375
2 0.26171875 0.703125 0.01640625 0.01171875
16 0.278125 0.7078125 0.015625 0.0125
2 0.90078125 0.128125 0.00859375 0.02265625
16 0.409375 0.05078125 0.009375 0.02421875
2 0.38671875 0.72734375 0.028125 0.021875
2 0.10625 0.68515625 0.04609375 0.034375
2 0.2328125 0.70546875 0.009375 0.025
2 0.1515625 0.69296875 0.01796875 0.046875
2 0.1734375 0.69765625 0.028125 0.02734375
9 0.9484375 0.821875 0.04921875 0.05
9 0.85234375 0.8109375 0.046875 0.09609375
16 0.11640625 0.00546875 0.0171875 0.0109375
16 0.4 0.05078125 0.0078125 0.02421875
16 0.43984375 0.753125 0.009375 0.02578125
16 0.4875 0.7625 0.00859375 0.02421875
16 0.90703125 0.8296875 0.0203125 0.015625
16 0.43046875 0.7546875 0.00703125 0.025
16 0.5078125 0.76640625 0.009375 0.02265625
16 0.52421875 0.76953125 0.00859375 0.02265625
16 0.42265625 0.753125 0.00859375 0.03046875
16 0.4484375 0.7578125 0.00703125 0.02734375
16 0.51640625 0.76796875 0.009375 0.025
16 0.5328125 0.77109375 0.00859375 0.02578125
16 0.496875 0.765625 0.01171875 0.028125
16 0.4796875 0.76328125 0.00859375 0.02421875
16 0.471875 0.76171875 0.00859375 0.02265625
2 0.5515625 0.7796875 0.01484375 0.04375
16 0.196875 0.02109375 0.015625 0.01015625
2 0.9078125 0.84375 0.01953125 0.01171875
2 0.0890625 0.71484375 0.01484375 0.0375
2 0.10234375 0.71640625 0.015625 0.03828125
16 0.31875 0.75078125 0.01015625 0.021875
16 0.31953125 0.75234375 0.01015625 0.02578125
16 0.3515625 0.75859375 0.01015625 0.02734375
16 0.359375 0.7609375 0.0078125 0.025
16 0.365625 0.76328125 0.0078125 0.02734375
16 0.25859375 0.74765625 0.01015625 0.02890625
16 0.2828125 0.75078125 0.009375 0.025
16 0.37578125 0.765625 0.00859375 0.02421875
16 0.390625 0.76796875 0.009375 0.02734375
16 0.275 0.75078125 0.0078125 0.025
16 0.2671875 0.74921875 0.0078125 0.025
2 0.93515625 0.85625 0.0234375 0.01953125
2 0.47734375 0.79296875 0.009375 0.02578125
2 0.4265625 0.78515625 0.01484375 0.03359375
16 0.5625 0.08046875 0.01796875 0.01484375
2 0.5125 0.8 0.01015625 0.028125
2 0.496875 0.7984375 0.01328125 0.02734375
2 0.53046875 0.80390625 0.0109375 0.02265625
2 0.44609375 0.790625 0.0125 0.028125
2 0.640625 0.8265625 0.03203125 0.02421875
16 0.93125 0.871875 0.0203125 0.015625
2 0.66953125 0.8328125 0.02578125 0.02265625
2 0.29921875 0.778125 0.0078125 0.02578125
2 0.14140625 0.76171875 0.0078125 0.02421875
16 0.13359375 0.7609375 0.0078125 0.025
16 0.1234375 0.76015625 0.00859375 0.025
2 0.5734375 0.83203125 0.021875 0.01875
2 0.521875 0.825 0.01640625 0.01328125
2 0.2765625 0.78828125 0.009375 0.02421875
16 0.26875 0.7875 0.009375 0.02421875
2 0.24921875 0.78515625 0.01875 0.01328125
2 0.32109375 0.79765625 0.021875 0.01875
2 0.43046875 0.8265625 0.009375 0.02578125
16 0.16484375 0.784375 0.015625 0.01171875
16 0.20234375 0.78984375 0.01328125 0.0125
16 0.1484375 0.78203125 0.015625 0.009375
2 0.940625 0.9109375 0.046875 0.03359375
16 0.32109375 0.0484375 0.009375 0.02421875
2 0.084375 0.81015625 0.01796875 0.04921875
2 0.13984375 0.02421875 0.015625 0.01171875
16 0.9484375 0.1546875 0.009375 0.025
4 0.46875 0.90390625 0.45546875 0.18984375
4 0.19453125 0.8828125 0.10546875 0.1546875
4 0.0515625 0.8828125 0.06484375 0.1046875
2 0.2375 0.05 0.0140625 0.03359375