16 0.934375 0.69140625 0.03125 0.009375
9 0.65546875 0.68203125 0.0859375 0.06640625
9 0.396875 0.67734375 0.0890625 0.0453125
9 0.49296875 0.69140625 0.03984375 0.034375
16 0.959375 0.7234375 0.02578125 0.00859375
16 0.9296875 0.7234375 0.02890625 0.01015625
2 0.55703125 0.71015625 0.01171875 0.0171875
16 0.92734375 0.025 0.01953125 0.01953125
9 0.48203125 0.725 0.0296875 0.01015625
2 0.09921875 0.71328125 0.0140625 0.0171875
2 0.084375 0.7140625 0.01640625 0.02421875
2 0.24140625 0.7328125 0.1703125 0.11640625
2 0.3703125 0.7390625 0.02109375 0.02421875
2 0.83125 0.02265625 0.02890625 0.01015625
2 0.13828125 0.74609375 0.0328125 0.009375
2 0.10078125 0.7484375 0.02578125 0.0328125
2 0.075 0.7484375 0.02578125 0.03359375
2 0.8703125 0.78203125 0.0171875 0.025
2 0.1375 0.75625 0.0328125 0.01171875
2 0.1375 0.76796875 0.03515625 0.01171875
2 0.378125 0.78203125 0.0375 0.01171875
2 0.76015625 0.8 0.02109375 0.00703125
16 0.725 0.7984375 0.01953125 0.00625
2 0.8625 0.80625 0.01796875 0.00859375
16 0.7984375 0.80390625 0.02109375 0.0078125
2 0.72421875 0.8046875 0.0203125 0.00546875
16 0.759375 0.80625 0.0203125 0.00703125
16 0.79375 0.809375 0.0203125 0.00625
16 0.86171875 0.81484375 0.01953125 0.00546875
16 0.75859375 0.8125 0.0203125 0.00703125
2 0.72421875 0.8109375 0.0203125 0.00625
16 0.79375 0.81640625 0.0203125 0.00703125
9 0.92265625 0.82265625 0.0890625 0.04921875
16 0.86171875 0.821875 0.0234375 0.00859375
2 0.7234375 0.8171875 0.01953125 0.00703125
16 0.7578125 0.81875 0.02109375 0.00546875
16 0.79375 0.82265625 0.02109375 0.00625
2 0.75859375 0.825 0.02265625 0.00625
2 0.72421875 0.82421875 0.0203125 0.00625
16 0.79296875 0.82890625 0.02265625 0.00703125
9 0.653125 0.828125 0.11796875 0.07890625
2 0.79140625 0.8390625 0.0203125 0.00625
2 0.48671875 0.828125 0.0203125 0.00546875
2 0.48515625 0.83359375 0.0203125 0.00546875
16 0.79296875 0.846875 0.02265625 0.00703125
2 0.48515625 0.83984375 0.02109375 0.00625
2 0.94765625 0.8578125 0.0234375 0.00859375
2 0.790625 0.853125 0.0203125 0.00625
16 0.90546875 0.859375 0.0125 0.0203125
2 0.48359375 0.84609375 0.0234375 0.0078125
16 0.79296875 0.85859375 0.02265625 0.00625
9 0.09765625 0.83359375 0.03125 0.03203125
2 0.23515625 0.84609375 0.153125 0.10859375
16 0.88203125 0.871875 0.01640625 0.0171875
16 0.86640625 0.87265625 0.01484375 0.021875
16 0.94375 0.89296875 0.025 0.009375
2 0.6625 0.88515625 0.0203125 0.0234375
2 0.71484375 0.8890625 0.0203125 0.025
2 0.13046875 0.87109375 0.05 0.0140625
9 0.0640625 0.8703125 0.046875 0.02265625
2 0.528125 0.88828125 0.03515625 0.01171875
16 0.94453125 0.90390625 0.02578125 0.00859375
2 0.984375 0.0421875 0.02890625 0.01171875
9 0.88828125 0.909375 0.0703125 0.03671875
16 0.95078125 0.91875 0.01484375 0.01796875
2 0.67890625 0.92265625 0.01953125 0.0125
2 0.69453125 0.9234375 0.01640625 0.0125
16 0.9421875 0.934375 0.028125 0.0109375
16 0.890625 0.93828125 0.01640625 0.01953125
16 0.90390625 0.9390625 0.01484375 0.0171875
16 0.91953125 0.940625 0.01640625 0.01953125
16 0.8734375 0.9390625 0.0125 0.01875
16 0.94140625 0.946875 0.02890625 0.009375
2 0.9140625 0.9609375 0.0125 0.0171875
2 0.90078125 0.96171875 0.0140625 0.0171875
2 0.87265625 0.9640625 0.0125 0.01640625
9 0.609375 0.95703125 0.07578125 0.05
9 0.18984375 0.9421875 0.0265625 0.0265625
9 0.40390625 0.95625 0.0328125 0.0125
2 0.68828125 0.96875 0.01953125 0.00625
2 0.66796875 0.96796875 0.01953125 0.00546875
9 0.1359375 0.94921875 0.01953125 0.01484375
9 0.53984375 0.9671875 0.0296875 0.021875
16 0.6890625 0.975 0.01796875 0.00625
2 0.66953125 0.975 0.01953125 0.00625
16 0.74609375 0.98359375 0.0203125 0.00703125
16 0.765625 0.984375 0.01953125 0.00625
2 0.7203125 0.9828125 0.0234375 0.00703125
16 0.68828125 0.98203125 0.01953125 0.00703125
2 0.66953125 0.98125 0.01953125 0.00546875
16 0.3984375 0.975 0.0171875 0.00625
2 0.76484375 0.98984375 0.0203125 0.00625
16 0.7453125 0.9890625 0.01953125 0.00546875
16 0.7203125 0.9890625 0.0203125 0.00625
16 0.50703125 0.98515625 0.0203125 0.00703125
2 0.76484375 0.9953125 0.02109375 0.00625
16 0.74453125 0.9953125 0.0203125 0.00703125
16 0.7203125 0.99453125 0.0203125 0.00625
2 0.63515625 0.99140625 0.00859375 0.01328125
16 0.565625 0.98984375 0.009375 0.0140625
2 0.5296875 0.9890625 0.0109375 0.0125
2 0.590625 0.99140625 0.009375 0.0140625
2 0.5390625 0.98984375 0.01171875 0.0140625
2 0.5484375 0.98984375 0.0109375 0.0140625
16 0.57578125 0.99140625 0.009375 0.01328125
2 0.521875 0.98984375 0.0078125 0.015625
2 0.50703125 0.990625 0.02265625 0.00703125
2 0.50859375 0.99140625 0.0234375 0.0078125
2 0.71953125 0.99765625 0.0234375 0.003125
2 0.98515625 0.053125 0.028125 0.0125
2 0.8390625 0.04921875 0.0640625 0.0453125
16 0.75234375 0.04609375 0.028125 0.01015625
16 0.6078125 0.04140625 0.0328125 0.01015625
2 0.94140625 0.05390625 0.06328125 0.0453125
2 0.64140625 0.04375 0.0296875 0.0109375
2 0.71796875 0.046875 0.0328125 0.0109375
2 0.896875 0.05546875 0.01484375 0.02421875
2 0.68984375 0.0515625 0.01953125 0.025
2 0.66953125 0.05078125 0.0203125 0.025
16 0.7515625 0.05859375 0.0296875 0.01015625
2 0.7171875 0.0578125 0.034375 0.009375
2 0.640625 0.05546875 0.0328125 0.009375
16 0.60703125 0.0546875 0.03203125 0.01015625
16 0.9828125 0.0765625 0.0234375 0.00859375
2 0.715625 0.06953125 0.0328125 0.0109375
16 0.75078125 0.07109375 0.03125 0.009375
2 0.63984375 0.0671875 0.0328125 0.0109375
16 0.60546875 0.0671875 0.03125 0.01015625
2 0.68828125 0.0796875 0.01796875 0.025
2 0.66953125 0.0796875 0.0203125 0.02421875
16 0.74921875 0.08359375 0.02890625 0.009375
2 0.71484375 0.0828125 0.0328125 0.009375
2 0.63828125 0.08046875 0.0328125 0.01171875
16 0.6046875 0.0796875 0.0296875 0.0109375
2 0.71328125 0.09453125 0.03515625 0.0109375
16 0.74921875 0.096875 0.0296875 0.0109375
2 0.6390625 0.09296875 0.034375 0.0109375
16 0.60390625 0.09140625 0.03203125 0.009375
2 0.7125 0.10703125 0.0375 0.01015625
16 0.7484375 0.10859375 0.0296875 0.0109375
16 0.60390625 0.103125 0.03203125 0.009375
2 0.63671875 0.10546875 0.03671875 0.0125
2 0.66484375 0.1125 0.02109375 0.025
2 0.68515625 0.1125 0.01953125 0.025
2 0.86953125 0.12109375 0.08125 0.0578125
2 0.71328125 0.11953125 0.03828125 0.01015625
2 0.63671875 0.11640625 0.03828125 0.0109375
16 0.603125 0.115625 0.03125 0.00859375
16 0.7484375 0.121875 0.0296875 0.01015625
16 0.98828125 0.13203125 0.02109375 0.0109375
16 0.9546875 0.13125 0.0140625 0.00859375
2 0.03203125 0.1046875 0.00859375 0.021875
2 0.71171875 0.13203125 0.03671875 0.009375
16 0.603125 0.12890625 0.03203125 0.0109375
2 0.6359375 0.13046875 0.03671875 0.0109375
16 0.7484375 0.134375 0.0296875 0.01015625
16 0.97734375 0.1578125 0.03203125 0.034375
2 0.93125 0.15546875 0.07890625 0.04375
2 0.83515625 0.165625 0.0234375 0.0078125
2 0.834375 0.1734375 0.025 0.0078125
16 0.9828125 0.18125 0.00859375 0.00625
16 0.95703125 0.18125 0.00859375 0.0078125
16 0.971875 0.18203125 0.009375 0.0078125
16 0.99453125 0.18515625 0.00859375 0.0171875
2 0.83359375 0.18125 0.0265625 0.00859375
16 0.98359375 0.18984375 0.0078125 0.0078125
16 0.8328125 0.190625 0.0296875 0.01171875
16 0.9046875 0.2078125 0.034375 0.0109375
2 0.903125 0.21953125 0.0328125 0.01015625
16 0.9359375 0.22109375 0.0171875 0.02109375
2 0.99453125 0.2265625 0.00859375 0.021875
16 0.90390625 0.2296875 0.03203125 0.00859375
2 0.92890625 0.23828125 0.0265625 0.009375
16 0.590625 0.22734375 0.0265625 0.01015625
2 0.96484375 0.24296875 0.0171875 0.0359375
2 0.98203125 0.24375 0.0203125 0.03671875
16 0.86015625 0.2421875 0.01640625 0.0234375
16 0.875 0.24375 0.009375 0.01328125
16 0.8421875 0.24609375 0.0265625 0.00859375
16 0.815625 0.24609375 0.0296875 0.0109375
16 0.78125 0.24453125 0.0296875 0.0109375
16 0.58828125 0.2390625 0.02890625 0.0078125
2 0.61953125 0.24453125 0.01640625 0.021875
2 0.92734375 0.2609375 0.028125 0.03203125
2 0.384375 0.24140625 0.02578125 0.0109375
2 0.35078125 0.23984375 0.02890625 0.0109375
16 0.60546875 0.259375 0.009375 0.01484375
16 0.59296875 0.259375 0.00859375 0.015625
2 0.57734375 0.25859375 0.01640625 0.01953125
16 0.565625 0.2609375 0.00859375 0.01640625
2 0.5515625 0.26171875 0.01484375 0.02109375
2 0.5328125 0.2625 0.0125 0.01875
2 0.32265625 0.259375 0.01640625 0.02421875
2 0.91015625 0.28203125 0.02109375 0.00703125
16 0.3421875 0.2609375 0.0203125 0.02734375
2 0.515625 0.26796875 0.02265625 0.01328125
16 0.36328125 0.26484375 0.02109375 0.03359375
16 0.26640625 0.26328125 0.0328125 0.01171875
2 0.63828125 0.27890625 0.02890625 0.0109375
2 0.90859375 0.28984375 0.02265625 0.0078125
16 0.909375 0.29609375 0.02265625 0.00859375
2 0.53203125 0.28359375 0.01484375 0.0203125
2 0.55 0.284375 0.01640625 0.02109375
2 0.515625 0.28359375 0.0203125 0.0140625
16 0.26328125 0.2765625 0.03828125 0.01328125
2 0.02890625 0.26953125 0.028125 0.046875
2 0.21171875 0.27734375 0.034375 0.04765625
2 0.17890625 0.2765625 0.03671875 0.0484375
16 0.90859375 0.3046875 0.0203125 0.00625
16 0.3 0.28671875 0.0171875 0.02109375
2 0.390625 0.2921875 0.0140625 0.01953125
2 0.5140625 0.3 0.01953125 0.015625
2 0.26171875 0.29140625 0.03515625 0.00859375
2 0.53828125 0.30234375 0.025 0.01328125
16 0.153125 0.29765625 0.0171875 0.021875
16 0.1359375 0.29765625 0.01484375 0.021875
16 0.12109375 0.296875 0.0171875 0.02265625
16 0.25703125 0.3046875 0.02578125 0.00859375
16 0.290625 0.30703125 0.0328125 0.01015625
2 0.64609375 0.3203125 0.0140625 0.01953125
2 0.53828125 0.31640625 0.02109375 0.01875
2 0.5125 0.31640625 0.02109375 0.0203125
16 0.3328125 0.31953125 0.02578125 0.00859375
2 0.21328125 0.31640625 0.01796875 0.021875
2 0.28671875 0.31875 0.0375 0.0125
2 0.18203125 0.31640625 0.01484375 0.0203125
16 0.1984375 0.3171875 0.0171875 0.0203125
2 0.5125 0.3359375 0.028125 0.01640625
2 0.64453125 0.34140625 0.0125 0.0171875
16 0.28671875 0.3296875 0.02265625 0.0078125
2 0.26796875 0.3375 0.0296875 0.009375
16 0.2671875 0.3484375 0.02890625 0.0109375
16 0.90546875 0.37890625 0.0265625 0.0078125
16 0.61484375 0.371875 0.03125 0.01328125
16 0.3046875 0.3609375 0.01796875 0.021875
16 0.26640625 0.36171875 0.03125 0.0109375
16 0.90390625 0.38671875 0.0265625 0.00703125
16 0.90546875 0.39375 0.0296875 0.0078125
2 0.6203125 0.38515625 0.0203125 0.0078125
16 0.26484375 0.3734375 0.03125 0.01171875
16 0.59609375 0.3875 0.00859375 0.0140625
16 0.90390625 0.40078125 0.03125 0.0078125
16 0.61484375 0.39296875 0.02265625 0.00625
16 0.525 0.390625 0.03203125 0.02578125
16 0.90234375 0.4078125 0.03203125 0.00859375
16 0.26484375 0.38671875 0.03125 0.01171875
16 0.903125 0.415625 0.03125 0.00859375
16 0.615625 0.40703125 0.0234375 0.00546875
2 0.26484375 0.39765625 0.0296875 0.01171875
16 0.30703125 0.40625 0.01171875 0.01484375
16 0.90234375 0.4296875 0.0125 0.01875
16 0.840625 0.428125 0.009375 0.01796875
16 0.8921875 0.43046875 0.009375 0.01953125
16 0.88203125 0.43046875 0.01171875 0.01875
16 0.86953125 0.4296875 0.01171875 0.01796875
2 0.2640625 0.4078125 0.03125 0.009375
16 0.80546875 0.428125 0.0109375 0.01875
16 0.86171875 0.43046875 0.00859375 0.01875
16 0.815625 0.42890625 0.01171875 0.0203125
16 0.7421875 0.42578125 0.0109375 0.01640625
16 0.75234375 0.4265625 0.009375 0.01796875
16 0.78515625 0.428125 0.0109375 0.01953125
16 0.7640625 0.42734375 0.01171875 0.01796875
16 0.77421875 0.428125 0.0109375 0.01796875
2 0.65546875 0.42421875 0.009375 0.01640625
16 0.68828125 0.42578125 0.0109375 0.015625
16 0.95703125 0.4359375 0.02578125 0.00859375
2 0.665625 0.425 0.009375 0.01796875
2 0.675 0.4265625 0.009375 0.0171875
2 0.7 0.4265625 0.0125 0.01640625
9 0.40546875 0.421875 0.18515625 0.159375
16 0.92734375 0.44140625 0.0171875 0.00546875
16 0.2625 0.41953125 0.03125 0.009375
16 0.2609375 0.4328125 0.03203125 0.01171875
16 0.8625 0.459375 0.01171875 0.0171875
16 0.90859375 0.4609375 0.009375 0.01484375
16 0.778125 0.45703125 0.0125 0.01484375
16 0.8859375 0.46015625 0.01171875 0.01484375
16 0.76640625 0.45625 0.009375 0.015625
16 0.87578125 0.4609375 0.00859375 0.015625
16 0.84296875 0.459375 0.009375 0.01796875
16 0.790625 0.4578125 0.01171875 0.0140625
16 0.8140625 0.45859375 0.0140625 0.015625
16 0.8015625 0.45859375 0.0125 0.01640625
16 0.8515625 0.4609375 0.0109375 0.01640625
2 0.51328125 0.45390625 0.03125 0.009375
2 0.30078125 0.45 0.0125 0.01953125
2 0.259375 0.44921875 0.0328125 0.0109375
16 0.8859375 0.478125 0.009375 0.01484375
16 0.259375 0.46015625 0.03125 0.01171875
16 0.25859375 0.475 0.03125 0.01015625
2 0.6453125 0.49765625 0.0890625 0.06640625
16 0.2578125 0.48515625 0.0296875 0.01015625
2 0.32578125 0.49140625 0.01796875 0.01953125
16 0.259375 0.49609375 0.03203125 0.0109375
2 0.9125 0.521875 0.01640625 0.02109375
2 0.396875 0.51171875 0.0375 0.0109375
2 0.25703125 0.50703125 0.03203125 0.009375
16 0.33046875 0.51875 0.03671875 0.015625
16 0.25625 0.5171875 0.0328125 0.01171875
9 0.78984375 0.546875 0.21875 0.08828125
16 0.25625 0.53203125 0.03125 0.009375
2 0.52421875 0.54140625 0.025 0.01640625
2 0.32890625 0.534375 0.0375 0.0125
2 0.546875 0.5421875 0.0234375 0.01640625
2 0.6484375 0.54765625 0.01796875 0.02109375
2 0.2546875 0.54140625 0.0296875 0.0109375
16 0.2546875 0.55234375 0.034375 0.01171875
2 0.40546875 0.56796875 0.1125 0.075
16 0.25390625 0.5671875 0.03203125 0.0125
2 0.82421875 0.5984375 0.028125 0.01171875
2 0.253125 0.578125 0.0328125 0.00859375
2 0.75390625 0.5984375 0.025 0.00859375
2 0.7796875 0.6 0.0109375 0.0171875
16 0.93359375 0.60625 0.01484375 0.01953125
2 0.25390625 0.58671875 0.0328125 0.009375
16 0.85859375 0.61328125 0.01484375 0.01875
16 0.25234375 0.5984375 0.0296875 0.0109375
2 0.815625 0.6328125 0.028125 0.0109375
16 0.25234375 0.61171875 0.0328125 0.01171875
16 0.878125 0.01640625 0.04609375 0.0078125
2 0.384375 0.63046875 0.046875 0.01796875
2 0.4171875 0.63359375 0.01484375 0.0203125
2 0.8328125 0.0140625 0.0296875 0.00546875
16 0.165625 0.62734375 0.01171875 0.0203125
16 0.19375 0.62890625 0.0125 0.0203125
16 0.17890625 0.62890625 0.01484375 0.02109375
2 0.2359375 0.63125 0.0671875 0.02421875
2 0.23359375 0.65390625 0.06875 0.02265625
16 0.19296875 0.65234375 0.0171875 0.0203125
16 0.17734375 0.653125 0.01484375 0.021875
16 0.16171875 0.653125 0.0171875 0.021875
9 0.8015625 0.678125 0.19296875 0.08671875