15 0.2390625 0.103125 0.01640625 0.01015625
15 0.54375 0.1078125 0.01953125 0.0109375
15 0.2125 0.11171875 0.0046875 0.02265625
15 0.2203125 0.1203125 0.0046875 0.02265625
15 0.1953125 0.12109375 0.021875 0.01328125
15 0.24921875 0.12265625 0.00859375 0.0265625
15 0.603125 0.1234375 0.01328125 0.01015625
1 0.5375 0.125 0.021875 0.01484375
1 0.2609375 0.125 0.0109375 0.02734375
15 0.64375 0.13125 0.0078125 0.02734375
1 0.1578125 0.1359375 0.0109375 0.0328125
15 0.60078125 0.1359375 0.01484375 0.00703125
15 0.13515625 0.13671875 0.0078125 0.0265625
15 0.1453125 0.1390625 0.00859375 0.02578125
1 0.90703125 0.1421875 0.02109375 0.015625
9 0.4875 0.14296875 0.0453125 0.06796875
15 0.60078125 0.146875 0.01484375 0.00859375
9 0.5734375 0.146875 0.04453125 0.065625
9 0.21640625 0.1546875 0.03828125 0.04375
1 0.3078125 0.15546875 0.009375 0.02421875
9 0.321875 0.1546875 0.0140625 0.02578125
1 0.06015625 0.15625 0.025 0.0171875
9 0.10390625 0.15625 0.0390625 0.05546875
15 0.2453125 0.15625 0.00859375 0.025
15 0.2734375 0.15703125 0.0078125 0.028125
1 0.1375 0.1578125 0.0140625 0.00859375
15 0.2546875 0.1578125 0.00703125 0.025
15 0.26328125 0.1578125 0.00625 0.02734375
15 0.2953125 0.15859375 0.00703125 0.02421875
1 0.13984375 0.1765625 0.00703125 0.021875
15 0.15 0.17734375 0.00703125 0.02265625
15 0.1609375 0.17734375 0.00859375 0.0265625
15 0.19140625 0.18515625 0.0078125 0.02421875
1 0.44765625 0.20234375 0.00625 0.01875
1 0.15546875 0.20390625 0.0265625 0.0140625
1 0.1578125 0.221875 0.02890625 0.0171875
15 0.446875 0.225 0.00625 0.0203125
1 0.459375 0.23046875 0.015625 0.01171875
15 0.3140625 0.23203125 0.01484375 0.01015625
1 0.42734375 0.2390625 0.01640625 0.0078125
1 0.690625 0.24609375 0.00859375 0.028125
15 0.42734375 0.25078125 0.01640625 0.00859375
15 0.60078125 0.2546875 0.01796875 0.01171875
15 0.4546875 0.26796875 0.01328125 0.01015625
15 0.6015625 0.26875 0.015625 0.00859375
15 0.81875 0.2703125 0.01875 0.01640625
15 0.72109375 0.2703125 0.0234375 0.01875
15 0.6015625 0.27734375 0.01484375 0.0078125
1 0.67890625 0.278125 0.01484375 0.009375
1 0.77578125 0.2796875 0.0171875 0.0078125
15 0.45 0.28671875 0.0078125 0.01953125
15 0.45859375 0.28671875 0.00546875 0.021875
15 0.67890625 0.28984375 0.01328125 0.00625
15 0.6015625 0.28984375 0.015625 0.00859375
15 0.775 0.29140625 0.0140625 0.00703125
15 0.60078125 0.30078125 0.0171875 0.01015625
15 0.77109375 0.30546875 0.02109375 0.01875
15 0.67421875 0.30703125 0.021875 0.01640625
15 0.6 0.3109375 0.0140625 0.00703125
9 0.709375 0.32109375 0.03515625 0.065625
15 0.5984375 0.321875 0.015625 0.00859375
9 0.80546875 0.32421875 0.03359375 0.07109375
1 0.09375 0.32421875 0.0265625 0.01796875
1 0.740625 0.325 0.0203125 0.0109375
1 0.83984375 0.325 0.021875 0.01953125
15 0.12890625 0.33203125 0.0078125 0.021875
15 0.15234375 0.3328125 0.00703125 0.01953125
15 0.159375 0.3328125 0.00546875 0.01796875
15 0.1375 0.33359375 0.00703125 0.02421875
15 0.59765625 0.334375 0.0140625 0.009375
9 0.5296875 0.33671875 0.11796875 0.1796875
1 0.678125 0.3375 0.01328125 0.0328125
1 0.77578125 0.33828125 0.01015625 0.0375
9 0.2828125 0.33984375 0.07265625 0.19765625
9 0.36796875 0.33984375 0.07265625 0.19609375
15 0.08984375 0.34453125 0.0171875 0.01015625
9 0.0578125 0.3453125 0.03203125 0.0578125
15 0.6 0.346875 0.015625 0.00703125
15 0.74453125 0.34765625 0.0203125 0.0171875
15 0.84296875 0.35 0.01953125 0.0171875
15 0.5984375 0.3578125 0.015625 0.009375
15 0.7453125 0.36328125 0.0171875 0.01484375
1 0.6765625 0.365625 0.02890625 0.01328125
1 0.775 0.3671875 0.02734375 0.015625
15 0.84375 0.36640625 0.0203125 0.01484375
15 0.821875 0.36796875 0.02109375 0.015625
15 0.7234375 0.36875 0.0203125 0.01640625
15 0.1078125 0.37265625 0.01015625 0.02578125
1 0.0890625 0.37421875 0.0203125 0.01640625
9 0.1390625 0.3765625 0.0359375 0.06171875
15 0.79765625 0.384375 0.0171875 0.0109375
15 0.7015625 0.38359375 0.01875 0.01171875
15 0.721875 0.384375 0.0171875 0.0109375
15 0.81953125 0.384375 0.0171875 0.0109375
15 0.68125 0.4 0.01015625 0.0296875
15 0.66875 0.4 0.009375 0.02578125
15 0.77734375 0.4 0.00859375 0.02890625
15 0.76640625 0.40078125 0.0078125 0.02578125
15 0.08828125 0.40390625 0.01796875 0.0125
1 0.41015625 0.40703125 0.0078125 0.0265625
15 0.13515625 0.04140625 0.01640625 0.01015625
15 0.13984375 0.421875 0.00546875 0.021875
15 0.146875 0.42265625 0.0046875 0.01953125
1 0.82109375 0.4234375 0.02421875 0.05625
1 0.79765625 0.42421875 0.0234375 0.06015625
1 0.09296875 0.4359375 0.0265625 0.01875
15 0.146875 0.4390625 0.0125 0.00859375
15 0.57109375 0.43984375 0.01328125 0.01015625
15 0.13359375 0.43984375 0.01171875 0.00703125
15 0.47578125 0.44140625 0.00546875 0.02109375
1 0.1140625 0.44765625 0.01484375 0.04140625
15 0.21171875 0.0453125 0.01640625 0.0109375
15 0.3390625 0.45 0.00859375 0.0234375
15 0.67578125 0.45078125 0.01171875 0.03984375
15 0.771875 0.45078125 0.0125 0.0359375
15 0.75078125 0.4515625 0.0125 0.04375
15 0.428125 0.45390625 0.0078125 0.0265625
15 0.84765625 0.453125 0.01328125 0.040625
1 0.7953125 0.46328125 0.025 0.025
1 0.13203125 0.46796875 0.01328125 0.0359375
1 0.1484375 0.46953125 0.0140625 0.03515625
15 0.36640625 0.04921875 0.00546875 0.01875
1 0.86328125 0.4890625 0.0171875 0.00859375
15 0.35859375 0.05078125 0.00546875 0.01953125
15 0.3484375 0.5 0.015625 0.0109375
9 0.040625 0.5078125 0.04140625 0.0453125
9 0.37890625 0.509375 0.04375 0.02265625
15 0.409375 0.5109375 0.01484375 0.0109375
15 0.34765625 0.51484375 0.01484375 0.01328125
15 0.52109375 0.515625 0.01328125 0.0109375
15 0.52109375 0.5265625 0.01328125 0.00859375
15 0.425 0.528125 0.00625 0.02109375
15 0.4171875 0.5296875 0.00703125 0.02265625
1 0.34609375 0.53046875 0.01328125 0.0109375
15 0.40546875 0.53359375 0.01328125 0.01640625
15 0.5046875 0.53671875 0.0171875 0.0109375
15 0.5203125 0.53671875 0.0125 0.00703125
15 0.39375 0.53828125 0.00625 0.01796875
15 0.38046875 0.5390625 0.00703125 0.01953125
1 0.3875 0.53984375 0.00390625 0.01640625
1 0.346875 0.54375 0.0140625 0.009375
15 0.034375 0.54375 0.00859375 0.0234375
1 0.025 0.54609375 0.00703125 0.025
1 0.54140625 0.55625 0.015625 0.0109375
15 0.0921875 0.05625 0.00390625 0.02265625
1 0.18046875 0.5640625 0.0125 0.00703125
1 0.38828125 0.5671875 0.02890625 0.0171875
15 0.084375 0.05625 0.00625 0.02109375
15 0.5140625 0.0578125 0.01484375 0.0078125
9 0.26640625 0.56875 0.12734375 0.19140625
15 0.159375 0.05859375 0.00703125 0.01953125
1 0.75703125 0.578125 0.0140625 0.0109375
15 0.1828125 0.58359375 0.00625 0.0203125
1 0.3921875 0.58359375 0.01328125 0.0078125
15 0.6875 0.584375 0.01640625 0.0109375
15 0.13828125 0.05859375 0.00625 0.02421875
15 0.28359375 0.05859375 0.00625 0.01953125
15 0.16640625 0.059375 0.00625 0.02265625
1 0.75625 0.58984375 0.015625 0.009375
15 0.62734375 0.5953125 0.0046875 0.02421875
1 0.12421875 0.59609375 0.01640625 0.009375
15 0.6390625 0.596875 0.01015625 0.02109375
15 0.6875 0.59765625 0.01484375 0.0109375
15 0.1453125 0.603125 0.01484375 0.0078125
1 0.7578125 0.6046875 0.021875 0.01484375
9 0.72265625 0.6046875 0.0390625 0.0640625
15 0.1734375 0.6109375 0.00703125 0.02578125
15 0.3921875 0.615625 0.01328125 0.009375
15 0.39375 0.06171875 0.009375 0.02578125
15 0.3796875 0.61953125 0.00625 0.01875
1 0.75703125 0.62109375 0.01875 0.01484375
1 0.79140625 0.6234375 0.03828125 0.02265625
15 0.684375 0.62421875 0.01796875 0.01328125
1 0.1859375 0.62421875 0.01171875 0.00859375
15 0.390625 0.625 0.01484375 0.0078125
20 0.63359375 0.62578125 0.021875 0.03046875
9 0.475 0.63125 0.13359375 0.15625
1 0.1859375 0.63515625 0.01015625 0.0078125
1 0.315625 0.0640625 0.00546875 0.02265625
20 0.84375 0.6390625 0.01953125 0.03671875
1 0.8234375 0.63984375 0.0140625 0.04296875
20 0.91875 0.640625 0.015625 0.0390625
15 0.3796875 0.640625 0.00703125 0.01953125
20 0.89296875 0.64140625 0.01953125 0.034375
20 0.86796875 0.64140625 0.021875 0.0328125
1 0.18671875 0.64375 0.01171875 0.01171875
15 0.88515625 0.0640625 0.00625 0.0234375
15 0.23984375 0.065625 0.00859375 0.025
15 0.340625 0.64765625 0.00625 0.0234375
15 0.55859375 0.6484375 0.0171875 0.0109375
1 0.18671875 0.65390625 0.0140625 0.00703125
1 0.7890625 0.6546875 0.0421875 0.0234375
15 0.465625 0.06640625 0.00859375 0.02890625
1 0.5796875 0.66171875 0.0140625 0.00859375
15 0.56015625 0.66328125 0.01484375 0.0109375
15 0.3828125 0.6625 0.0140625 0.01015625
1 0.19375 0.66484375 0.0109375 0.0078125
1 0.33515625 0.665625 0.0125 0.01015625
15 0.43203125 0.06796875 0.00546875 0.028125
15 0.91953125 0.6703125 0.01875 0.0171875
1 0.2046875 0.67265625 0.00625 0.0203125
15 0.55859375 0.675 0.0171875 0.0109375
1 0.3625 0.675 0.01484375 0.0109375
1 0.5796875 0.675 0.0140625 0.00703125
15 0.3828125 0.6765625 0.01484375 0.0078125
15 0.53984375 0.06796875 0.01640625 0.01328125
15 0.31328125 0.678125 0.01640625 0.0109375
15 0.29453125 0.678125 0.0140625 0.009375
15 0.271875 0.67890625 0.01484375 0.01015625
1 0.18671875 0.67890625 0.0265625 0.01875
1 0.89375 0.67890625 0.01875 0.0109375
15 0.21953125 0.68203125 0.0078125 0.02109375
15 0.246875 0.68359375 0.00703125 0.0234375
15 0.2296875 0.68359375 0.00546875 0.02109375
15 0.2375 0.684375 0.00703125 0.02109375
15 0.6171875 0.06796875 0.015625 0.0109375
15 0.3828125 0.6875 0.01640625 0.009375
15 0.55859375 0.6875 0.015625 0.01328125
1 0.12109375 0.68828125 0.04375 0.02265625
15 0.27109375 0.68828125 0.015625 0.0078125
9 0.63125 0.69296875 0.03046875 0.06015625
15 0.89296875 0.69453125 0.0203125 0.0125
9 0.6625 0.69609375 0.03125 0.06875
15 0.6921875 0.0703125 0.015625 0.01484375
15 0.440625 0.06953125 0.00625 0.021875
1 0.6640625 0.06953125 0.009375 0.02578125
1 0.3640625 0.69921875 0.015625 0.01015625
15 0.28515625 0.70078125 0.0140625 0.00859375
15 0.38359375 0.7015625 0.0171875 0.009375
15 0.73203125 0.70390625 0.00546875 0.02421875
1 0.56328125 0.7046875 0.0265625 0.0203125
15 0.7140625 0.7046875 0.00625 0.0265625
1 0.54609375 0.70546875 0.00859375 0.01953125
15 0.72265625 0.70546875 0.00546875 0.02890625
15 0.76640625 0.0703125 0.0171875 0.01796875
15 0.70390625 0.70703125 0.00703125 0.03046875
15 0.6921875 0.70703125 0.00859375 0.0265625
15 0.74140625 0.7078125 0.0078125 0.0296875
15 0.6828125 0.7078125 0.00859375 0.0265625
1 0.89140625 0.7109375 0.021875 0.01640625
1 0.26953125 0.7125 0.01484375 0.00859375
15 0.28515625 0.7140625 0.0140625 0.009375
1 0.8375 0.071875 0.00625 0.0203125
15 0.365625 0.07265625 0.0078125 0.021875
1 0.38984375 0.7171875 0.025 0.01640625
1 0.121875 0.71875 0.0421875 0.0265625
1 0.24296875 0.71875 0.00703125 0.02265625
1 0.1640625 0.7203125 0.0140625 0.04296875
1 0.1859375 0.7203125 0.02578125 0.021875
9 0.92890625 0.72109375 0.04453125 0.04140625
9 0.8375 0.7265625 0.0390625 0.0859375
15 0.08671875 0.0734375 0.01484375 0.00859375
15 0.3578125 0.0734375 0.00546875 0.021875
15 0.44140625 0.73359375 0.00703125 0.0234375
15 0.4875 0.73515625 0.00703125 0.021875
15 0.890625 0.7359375 0.01796875 0.0125
15 0.43359375 0.7359375 0.00546875 0.0234375
15 0.5078125 0.7359375 0.0078125 0.02109375
15 0.52265625 0.7359375 0.00703125 0.02109375
15 0.42578125 0.73671875 0.00625 0.028125
15 0.45078125 0.7359375 0.0046875 0.02578125
15 0.515625 0.7359375 0.00703125 0.02265625
15 0.53046875 0.73671875 0.00625 0.02421875
15 0.496875 0.7359375 0.009375 0.02578125
15 0.48125 0.73671875 0.00625 0.02265625
15 0.47265625 0.7375 0.00703125 0.0203125
1 0.55 0.74140625 0.0109375 0.040625
15 0.16328125 0.075 0.0140625 0.00703125
1 0.89140625 0.74921875 0.01796875 0.0078125
1 0.10703125 0.75 0.01171875 0.034375
1 0.11953125 0.75 0.0125 0.03515625
15 0.3265625 0.75 0.00859375 0.01953125
15 0.32734375 0.75 0.00859375 0.0234375
15 0.35859375 0.753125 0.0078125 0.025
15 0.36640625 0.753125 0.00546875 0.0234375
15 0.37265625 0.7546875 0.00625 0.025
15 0.26953125 0.7546875 0.0078125 0.0265625
15 0.29375 0.7546875 0.0078125 0.02265625
15 0.38203125 0.75546875 0.00703125 0.02265625
15 0.39609375 0.7546875 0.0078125 0.025
15 0.28515625 0.7546875 0.00546875 0.02265625
15 0.278125 0.75625 0.00546875 0.0234375
1 0.91796875 0.75703125 0.021875 0.015625
1 0.48046875 0.76640625 0.00703125 0.0234375
1 0.43203125 0.765625 0.0125 0.03046875
15 0.5140625 0.0765625 0.01640625 0.01171875
1 0.5140625 0.7671875 0.00859375 0.02578125
1 0.49921875 0.7671875 0.0109375 0.02421875
1 0.53125 0.7671875 0.00859375 0.0203125
1 0.45 0.76796875 0.01015625 0.02578125
1 0.6375 0.771875 0.02890625 0.01796875
15 0.915625 0.7734375 0.01796875 0.01171875
1 0.66484375 0.77421875 0.0234375 0.01875
1 0.31015625 0.77890625 0.00625 0.0234375
1 0.159375 0.78671875 0.00625 0.02265625
15 0.15234375 0.78671875 0.00546875 0.0234375
15 0.14296875 0.7875 0.00703125 0.02265625
1 0.57421875 0.7875 0.01953125 0.015625
1 0.52421875 0.7890625 0.015625 0.0109375
1 0.28984375 0.790625 0.00703125 0.021875
15 0.2828125 0.79140625 0.00703125 0.02265625
1 0.2640625 0.79296875 0.0171875 0.01015625
1 0.3328125 0.79375 0.01953125 0.01484375
1 0.4375 0.80390625 0.00703125 0.0234375
15 0.18359375 0.8046875 0.0140625 0.00859375
15 0.21875 0.80390625 0.01171875 0.01015625
15 0.16796875 0.80390625 0.01484375 0.00625
1 0.92734375 0.80859375 0.04296875 0.025
15 0.2828125 0.08359375 0.00703125 0.02109375
1 0.10859375 0.84140625 0.0140625 0.0453125
1 0.11015625 0.0875 0.0140625 0.00859375
15 0.884375 0.0890625 0.0078125 0.0234375
4 0.48046875 0.90703125 0.42421875 0.184375
4 0.21796875 0.91328125 0.090625 0.17265625
4 0.08203125 0.934375 0.05390625 0.13125
1 0.20390625 0.09765625 0.0109375 0.0296875