16 0.94375 0.69375 0.0296875 0.00859375
9 0.67578125 0.690625 0.07890625 0.0625
9 0.4265625 0.69296875 0.08359375 0.04140625
9 0.51953125 0.7046875 0.03671875 0.03203125
16 0.96875 0.7234375 0.025 0.0078125
16 0.93984375 0.72421875 0.028125 0.009375
2 0.58125 0.7203125 0.01015625 0.01640625
16 0.9046875 0.05234375 0.01640625 0.021875
9 0.51015625 0.7359375 0.02890625 0.009375
2 0.1421875 0.73359375 0.01328125 0.01640625
2 0.12734375 0.73515625 0.0140625 0.021875
2 0.2796875 0.75 0.15859375 0.1078125
2 0.4046875 0.7515625 0.01953125 0.021875
2 0.8125 0.0546875 0.028125 0.009375
2 0.18125 0.7640625 0.03203125 0.00859375
2 0.1453125 0.76875 0.0234375 0.03125
2 0.12109375 0.76875 0.02265625 0.03125
2 0.8859375 0.78125 0.015625 0.02265625
2 0.18046875 0.77421875 0.03203125 0.0109375
2 0.18203125 0.7859375 0.0328125 0.0109375
2 0.4140625 0.79375 0.0359375 0.0109375
2 0.78125 0.8015625 0.01953125 0.00546875
16 0.74765625 0.8015625 0.01875 0.0046875
2 0.87890625 0.80625 0.0171875 0.00859375
16 0.81796875 0.8046875 0.0203125 0.00625
2 0.746875 0.80703125 0.01875 0.0046875
16 0.78125 0.8078125 0.01953125 0.00546875
16 0.8140625 0.81015625 0.01953125 0.0046875
16 0.8796875 0.8140625 0.01875 0.0046875
16 0.78046875 0.8140625 0.01953125 0.00546875
2 0.74765625 0.81328125 0.01953125 0.0046875
16 0.8140625 0.8171875 0.01953125 0.00625
9 0.9390625 0.81953125 0.08359375 0.0453125
16 0.8796875 0.8203125 0.02265625 0.0078125
2 0.746875 0.81953125 0.01875 0.00546875
16 0.78125 0.81953125 0.0203125 0.0046875
16 0.8140625 0.82265625 0.0203125 0.0046875
2 0.78046875 0.82578125 0.021875 0.0046875
2 0.74765625 0.8265625 0.01953125 0.0046875
16 0.8140625 0.82890625 0.021875 0.00625
9 0.6796875 0.83203125 0.11015625 0.0734375
2 0.8140625 0.83828125 0.01953125 0.0046875
2 0.5203125 0.8359375 0.01953125 0.0046875
2 0.51875 0.840625 0.01875 0.0046875
16 0.81484375 0.84609375 0.0203125 0.00546875
2 0.51875 0.84609375 0.0203125 0.00546875
2 0.96328125 0.853125 0.021875 0.0078125
2 0.81328125 0.8515625 0.01953125 0.00546875
16 0.92421875 0.8546875 0.0109375 0.01953125
2 0.51875 0.853125 0.02265625 0.00703125
16 0.815625 0.8578125 0.021875 0.0046875
9 0.14765625 0.85 0.028125 0.03046875
2 0.27890625 0.8578125 0.1421875 0.10078125
16 0.9015625 0.86796875 0.0140625 0.01640625
16 0.8859375 0.86953125 0.01328125 0.02109375
16 0.96328125 0.88671875 0.02265625 0.00859375
2 0.69140625 0.8859375 0.01875 0.021875
2 0.74140625 0.88828125 0.01875 0.0234375
2 0.1796875 0.88515625 0.04765625 0.0125
9 0.11640625 0.88515625 0.04453125 0.0203125
2 0.56328125 0.8921875 0.03359375 0.0109375
16 0.96328125 0.896875 0.025 0.0078125
2 0.96015625 0.06953125 0.028125 0.0109375
9 0.91015625 0.90390625 0.0671875 0.03359375
16 0.9703125 0.91171875 0.01328125 0.01640625
2 0.71015625 0.921875 0.01875 0.0125
2 0.72421875 0.921875 0.0140625 0.0125
16 0.96171875 0.9265625 0.0265625 0.01015625
16 0.91171875 0.93125 0.015625 0.01875
16 0.92578125 0.93203125 0.01328125 0.015625
16 0.940625 0.93203125 0.0140625 0.01796875
16 0.896875 0.9328125 0.0125 0.01796875
16 0.96328125 0.93828125 0.0265625 0.00859375
2 0.9375 0.95234375 0.0109375 0.01640625
2 0.925 0.95390625 0.0125 0.01640625
2 0.89765625 0.95703125 0.0109375 0.01484375
9 0.64453125 0.95625 0.07109375 0.04609375
9 0.240625 0.9515625 0.025 0.025
9 0.44765625 0.9609375 0.03125 0.01171875
2 0.7203125 0.96484375 0.01875 0.00546875
2 0.70078125 0.965625 0.01875 0.0046875
9 0.1890625 0.96015625 0.01875 0.0140625
9 0.57734375 0.96796875 0.028125 0.02109375
16 0.7203125 0.971875 0.0171875 0.0046875
2 0.7015625 0.971875 0.01875 0.0046875
16 0.77578125 0.978125 0.01875 0.00625
16 0.7953125 0.978125 0.01875 0.0046875
2 0.75234375 0.978125 0.021875 0.00546875
16 0.72109375 0.978125 0.01875 0.00625
2 0.70234375 0.978125 0.0171875 0.0046875
16 0.4421875 0.978125 0.01640625 0.0046875
2 0.79609375 0.984375 0.01953125 0.00546875
16 0.77578125 0.98359375 0.01875 0.0046875
16 0.7515625 0.98359375 0.01953125 0.0046875
16 0.546875 0.9859375 0.01953125 0.00546875
2 0.79453125 0.9890625 0.01953125 0.0046875
16 0.77578125 0.98984375 0.01875 0.00625
16 0.75234375 0.98984375 0.01875 0.0046875
2 0.6703125 0.9890625 0.00703125 0.01328125
16 0.60390625 0.9890625 0.00859375 0.01328125
2 0.5703125 0.9890625 0.01015625 0.0125
2 0.62734375 0.98984375 0.009375 0.01328125
2 0.57734375 0.9890625 0.01015625 0.01328125
2 0.58671875 0.98984375 0.009375 0.01328125
16 0.6125 0.98984375 0.009375 0.01328125
2 0.5609375 0.98984375 0.00703125 0.01484375
2 0.546875 0.990625 0.021875 0.00546875
2 0.5484375 0.99140625 0.02265625 0.00625
2 0.7515625 0.99453125 0.021875 0.0046875
16 0.775 0.99609375 0.01953125 0.0046875
2 0.96328125 0.08046875 0.028125 0.0109375
2 0.82109375 0.0796875 0.059375 0.0421875
16 0.7390625 0.07890625 0.0265625 0.009375
16 0.5984375 0.07734375 0.03203125 0.009375
2 0.91953125 0.08203125 0.05859375 0.0421875
2 0.63046875 0.07890625 0.02890625 0.01015625
2 0.70390625 0.08046875 0.03203125 0.01015625
2 0.87734375 0.084375 0.01328125 0.021875
2 0.67734375 0.08515625 0.0171875 0.02421875
2 0.65859375 0.08515625 0.0171875 0.02421875
16 0.7375 0.090625 0.028125 0.009375
2 0.70390625 0.090625 0.03203125 0.00859375
2 0.63125 0.090625 0.03203125 0.00859375
16 0.5984375 0.090625 0.0296875 0.009375
16 0.96015625 0.103125 0.021875 0.00703125
2 0.70390625 0.103125 0.03125 0.01015625
16 0.7375 0.103125 0.02890625 0.00859375
2 0.63046875 0.10234375 0.03203125 0.01015625
16 0.596875 0.10234375 0.0296875 0.009375
2 0.67734375 0.11171875 0.01640625 0.0234375
2 0.659375 0.11328125 0.01875 0.02265625
16 0.73671875 0.11484375 0.0265625 0.009375
2 0.703125 0.11484375 0.03203125 0.00859375
2 0.63046875 0.11484375 0.03203125 0.01015625
16 0.59765625 0.11484375 0.02890625 0.01015625
2 0.70234375 0.1265625 0.03359375 0.01015625
16 0.7375 0.12734375 0.02890625 0.01015625
2 0.63046875 0.1265625 0.0328125 0.01015625
16 0.596875 0.12578125 0.0296875 0.00859375
2 0.7015625 0.13828125 0.03515625 0.009375
16 0.7375 0.1390625 0.028125 0.01015625
16 0.596875 0.1375 0.0296875 0.00859375
2 0.63046875 0.13828125 0.03359375 0.01171875
2 0.65703125 0.14453125 0.01953125 0.0234375
2 0.67578125 0.14453125 0.0171875 0.0234375
2 0.853125 0.1484375 0.07578125 0.053125
2 0.70390625 0.15 0.0359375 0.009375
2 0.63046875 0.14921875 0.0359375 0.01015625
16 0.596875 0.14921875 0.0296875 0.0078125
16 0.7375 0.1515625 0.02890625 0.009375
16 0.971875 0.15546875 0.02578125 0.009375
16 0.9359375 0.15625 0.01328125 0.0078125
2 0.04453125 0.1515625 0.01328125 0.0203125
2 0.70234375 0.1625 0.03515625 0.0078125
16 0.59765625 0.1609375 0.03125 0.01015625
2 0.6296875 0.16171875 0.03515625 0.01015625
16 0.7375 0.1640625 0.02890625 0.009375
16 0.95859375 0.18046875 0.02890625 0.03203125
2 0.91484375 0.1796875 0.07421875 0.03984375
2 0.82265625 0.19140625 0.021875 0.00625
2 0.82265625 0.1984375 0.0234375 0.00625
16 0.965625 0.203125 0.00703125 0.00546875
16 0.940625 0.203125 0.00703125 0.00703125
16 0.95390625 0.20390625 0.009375 0.00703125
16 0.978125 0.20703125 0.01015625 0.015625
2 0.82265625 0.20625 0.02578125 0.00703125
16 0.96640625 0.2109375 0.00625 0.00703125
16 0.821875 0.215625 0.028125 0.0109375
16 0.890625 0.23125 0.0328125 0.009375
2 0.89140625 0.24140625 0.03203125 0.009375
16 0.92265625 0.2421875 0.015625 0.0203125
2 0.9828125 0.24609375 0.0140625 0.01953125
16 0.89140625 0.2515625 0.0296875 0.0078125
2 0.91640625 0.259375 0.02578125 0.00859375
16 0.590625 0.25703125 0.025 0.009375
2 0.95078125 0.26328125 0.015625 0.03359375
2 0.96796875 0.26328125 0.0171875 0.03515625
16 0.85078125 0.2640625 0.0140625 0.021875
16 0.86484375 0.265625 0.00859375 0.01328125
16 0.8328125 0.26875 0.02578125 0.0078125
16 0.80703125 0.26875 0.028125 0.01015625
2 0.83515625 0.0078125 0.02890625 0.00625
16 0.775 0.26875 0.028125 0.01015625
16 0.5890625 0.2671875 0.028125 0.00625
2 0.61953125 0.271875 0.0140625 0.0203125
2 0.91484375 0.28046875 0.02578125 0.03046875
2 0.39296875 0.27421875 0.025 0.01015625
2 0.36171875 0.275 0.028125 0.0109375
16 0.60625 0.2875 0.00859375 0.0140625
16 0.59453125 0.2875 0.00859375 0.01484375
2 0.5796875 0.2875 0.015625 0.01875
16 0.56875 0.28984375 0.00703125 0.01484375
2 0.55390625 0.28984375 0.01328125 0.0203125
2 0.5375 0.29140625 0.0109375 0.01796875
2 0.33515625 0.29375 0.0140625 0.021875
2 0.9 0.30078125 0.0203125 0.00546875
16 0.35390625 0.29453125 0.01875 0.02578125
2 0.52109375 0.29765625 0.021875 0.01328125
16 0.37421875 0.29765625 0.01875 0.03125
16 0.28125 0.2984375 0.03203125 0.01015625
2 0.6390625 0.3046875 0.028125 0.01015625
2 0.9 0.309375 0.021875 0.00625
16 0.90078125 0.31484375 0.021875 0.00703125
2 0.5375 0.31171875 0.01328125 0.01875
2 0.5546875 0.3125 0.0140625 0.0203125
2 0.52109375 0.3125 0.01953125 0.01328125
16 0.278125 0.31171875 0.0359375 0.01171875
2 0.04921875 0.31015625 0.03359375 0.04375
2 0.23046875 0.31328125 0.03125 0.0453125
2 0.19765625 0.31328125 0.0328125 0.046875
16 0.9 0.3234375 0.01875 0.00546875
16 0.3140625 0.3203125 0.015625 0.0203125
2 0.4015625 0.3234375 0.01328125 0.01875
2 0.5203125 0.32734375 0.01875 0.0140625
2 0.27890625 0.32578125 0.0328125 0.0078125
2 0.54453125 0.3296875 0.02265625 0.0125
16 0.1734375 0.33359375 0.015625 0.0203125
16 0.1578125 0.334375 0.01328125 0.0203125
16 0.1421875 0.334375 0.015625 0.021875
16 0.2734375 0.3375 0.025 0.0078125
16 0.30625 0.33984375 0.03203125 0.009375
2 0.6484375 0.34375 0.0125 0.01875
2 0.54453125 0.34296875 0.01953125 0.0171875
2 0.5203125 0.34453125 0.01953125 0.01953125
16 0.34765625 0.35078125 0.025 0.0078125
2 0.2328125 0.35078125 0.01640625 0.02109375
2 0.30234375 0.3515625 0.03515625 0.01171875
2 0.203125 0.35234375 0.01328125 0.01953125
16 0.21796875 0.35234375 0.015625 0.01953125
2 0.5203125 0.36171875 0.0265625 0.01484375
2 0.6484375 0.3640625 0.0125 0.01640625
16 0.30390625 0.36171875 0.021875 0.00625
2 0.2859375 0.3703125 0.02890625 0.00859375
16 0.28515625 0.3796875 0.028125 0.0109375
16 0.9 0.39453125 0.025 0.00703125
16 0.62109375 0.39453125 0.0296875 0.0125
16 0.32265625 0.3921875 0.01640625 0.0203125
16 0.2859375 0.3921875 0.02890625 0.01015625
16 0.9 0.40234375 0.02578125 0.00546875
16 0.90078125 0.409375 0.028125 0.00625
2 0.628125 0.40703125 0.01953125 0.00625
16 0.28515625 0.40390625 0.0296875 0.0109375
16 0.8578125 0.01953125 0.04453125 0.01484375
16 0.6046875 0.41015625 0.00703125 0.01328125
16 0.90078125 0.415625 0.0296875 0.00625
16 0.62265625 0.41484375 0.021875 0.00546875
16 0.5359375 0.41484375 0.02890625 0.02421875
16 0.9 0.42265625 0.0296875 0.00703125
16 0.2859375 0.4171875 0.02890625 0.0109375
16 0.9 0.43046875 0.0296875 0.0078125
16 0.6234375 0.42890625 0.02265625 0.0046875
2 0.2859375 0.428125 0.02890625 0.0109375
16 0.32734375 0.434375 0.01015625 0.0140625
16 0.9 0.44375 0.0109375 0.01796875
16 0.840625 0.44375 0.00859375 0.0171875
16 0.88984375 0.44453125 0.00859375 0.01875
16 0.8796875 0.44453125 0.01015625 0.01796875
16 0.86953125 0.44453125 0.01015625 0.01640625
2 0.2859375 0.4375 0.02890625 0.00859375
16 0.80625 0.44375 0.009375 0.01796875
16 0.8609375 0.44453125 0.00703125 0.01796875
16 0.8171875 0.44375 0.01015625 0.01875
16 0.74609375 0.44375 0.009375 0.015625
16 0.75546875 0.44375 0.009375 0.0171875
16 0.78671875 0.44453125 0.009375 0.01796875
16 0.76640625 0.44453125 0.01015625 0.01640625
16 0.7765625 0.44453125 0.009375 0.0171875
2 0.6625 0.44375 0.00859375 0.01484375
16 0.69375 0.44453125 0.009375 0.0140625
16 0.95234375 0.4484375 0.025 0.0078125
2 0.671875 0.44453125 0.00859375 0.0171875
2 0.68125 0.4453125 0.00859375 0.01640625
2 0.70546875 0.4453125 0.0109375 0.015625
9 0.421875 0.446875 0.17109375 0.14921875
16 0.925 0.4546875 0.01640625 0.0046875
16 0.28515625 0.44921875 0.0296875 0.00859375
16 0.28359375 0.46171875 0.03125 0.0109375
16 0.86328125 0.47265625 0.01015625 0.015625
16 0.90703125 0.4734375 0.00859375 0.0140625
16 0.7828125 0.47265625 0.0125 0.01328125
16 0.8859375 0.4734375 0.01015625 0.0140625
16 0.7703125 0.47265625 0.00859375 0.01484375
16 0.87578125 0.47421875 0.00859375 0.01484375
16 0.84453125 0.4734375 0.00859375 0.0171875
16 0.79375 0.47265625 0.0109375 0.01328125
16 0.81640625 0.4734375 0.01328125 0.0140625
16 0.8046875 0.4734375 0.0125 0.01484375
16 0.85234375 0.475 0.009375 0.015625
2 0.528125 0.4765625 0.0296875 0.00859375
2 0.3234375 0.4765625 0.0109375 0.01875
2 0.28359375 0.47734375 0.03203125 0.01015625
16 0.88671875 0.49140625 0.00859375 0.01328125
16 0.284375 0.48828125 0.0296875 0.0109375
16 0.284375 0.50234375 0.0296875 0.009375
2 0.65625 0.5140625 0.08203125 0.06171875
16 0.28359375 0.51171875 0.02890625 0.009375
2 0.3484375 0.5171875 0.01640625 0.01796875
16 0.28515625 0.521875 0.0296875 0.01015625
2 0.9140625 0.53046875 0.015625 0.0203125
2 0.41953125 0.53359375 0.0359375 0.01015625
2 0.284375 0.53203125 0.0296875 0.00859375
16 0.3546875 0.54296875 0.03515625 0.0140625
16 0.284375 0.54296875 0.03203125 0.0109375
9 0.7984375 0.55859375 0.20546875 0.0796875
16 0.28515625 0.55625 0.02890625 0.00859375
2 0.54296875 0.56015625 0.0234375 0.01484375
2 0.3546875 0.55703125 0.03515625 0.01171875
2 0.5640625 0.56015625 0.02265625 0.01484375
2 0.66171875 0.5625 0.01640625 0.01953125
2 0.2828125 0.565625 0.02890625 0.01015625
16 0.284375 0.5765625 0.03203125 0.0109375
2 0.428125 0.58828125 0.10390625 0.0703125
16 0.28359375 0.590625 0.03125 0.01171875
2 0.8328125 0.60703125 0.02578125 0.0109375
2 0.28359375 0.60078125 0.03125 0.00703125
2 0.765625 0.60859375 0.0234375 0.0078125
2 0.790625 0.609375 0.009375 0.015625
16 0.9390625 0.61171875 0.01328125 0.01796875
2 0.28515625 0.609375 0.03125 0.00859375
16 0.86640625 0.6203125 0.01328125 0.0171875
16 0.284375 0.6203125 0.028125 0.01015625
2 0.8265625 0.63984375 0.02578125 0.01015625
16 0.284375 0.63359375 0.03203125 0.0109375
16 0.85703125 0.04296875 0.04296875 0.01484375
2 0.4125 0.64765625 0.0453125 0.01640625
2 0.4453125 0.64921875 0.01328125 0.01953125
2 0.81328125 0.04375 0.028125 0.009375
16 0.2015625 0.65 0.01015625 0.01953125
16 0.22890625 0.65078125 0.0109375 0.01875
16 0.21484375 0.65078125 0.0140625 0.0203125
2 0.26953125 0.65234375 0.0640625 0.021875
2 0.2671875 0.67421875 0.065625 0.0203125
16 0.22890625 0.67421875 0.015625 0.01875
16 0.21484375 0.675 0.01328125 0.0203125
16 0.19921875 0.675 0.015625 0.02109375
9 0.815625 0.684375 0.18125 0.07890625