15 0.9171875 0.68359375 0.028125 0.0078125
9 0.66171875 0.684375 0.07421875 0.05859375
9 0.425 0.6890625 0.07890625 0.0390625
9 0.5140625 0.69921875 0.034375 0.03046875
15 0.9421875 0.7109375 0.0234375 0.00703125
15 0.9140625 0.7125 0.0265625 0.00859375
1 0.5734375 0.7125 0.009375 0.015625
15 0.8640625 0.071875 0.015625 0.0203125
9 0.50625 0.72890625 0.0265625 0.00859375
1 0.15546875 0.73125 0.01171875 0.015625
1 0.14140625 0.7328125 0.01328125 0.02109375
1 0.28671875 0.74453125 0.14765625 0.10078125
1 0.40546875 0.7453125 0.01796875 0.02109375
1 0.77734375 0.075 0.02578125 0.00859375
1 0.19296875 0.76015625 0.03046875 0.0078125
1 0.159375 0.7640625 0.021875 0.0296875
1 0.1359375 0.7640625 0.02109375 0.03046875
1 0.86484375 0.76796875 0.0140625 0.021875
1 0.19296875 0.76953125 0.03046875 0.01015625
1 0.1953125 0.78046875 0.03125 0.01015625
1 0.415625 0.78515625 0.03359375 0.01015625
1 0.765625 0.78828125 0.01875 0.00546875
15 0.73359375 0.78828125 0.01796875 0.0046875
1 0.85859375 0.790625 0.01640625 0.0078125
15 0.8 0.79140625 0.01875 0.00625
1 0.73359375 0.79375 0.01796875 0.00390625
15 0.765625 0.79453125 0.01875 0.00546875
15 0.796875 0.796875 0.01875 0.0046875
15 0.859375 0.79921875 0.01796875 0.00390625
15 0.765625 0.8 0.01875 0.00546875
1 0.73359375 0.8 0.01796875 0.0046875
15 0.79765625 0.80234375 0.01796875 0.00546875
9 0.915625 0.80390625 0.07890625 0.0421875
15 0.859375 0.8046875 0.02109375 0.00703125
1 0.73359375 0.80625 0.0171875 0.00546875
15 0.76484375 0.80546875 0.01953125 0.0046875
15 0.79765625 0.80859375 0.01953125 0.0046875
1 0.765625 0.8109375 0.0203125 0.0046875
1 0.73359375 0.81171875 0.01796875 0.0046875
15 0.79765625 0.81328125 0.0203125 0.00546875
9 0.66953125 0.81796875 0.103125 0.06875
1 0.79765625 0.8234375 0.01875 0.0046875
1 0.5171875 0.82421875 0.01875 0.0046875
1 0.51640625 0.828125 0.01796875 0.00390625
15 0.7984375 0.8296875 0.01953125 0.00546875
1 0.51640625 0.83359375 0.01953125 0.0046875
1 0.940625 0.83515625 0.02109375 0.0078125
1 0.796875 0.8359375 0.01875 0.00546875
15 0.90234375 0.8375 0.0109375 0.01796875
1 0.5171875 0.83984375 0.02109375 0.00625
15 0.7984375 0.8421875 0.0203125 0.0046875
9 0.16328125 0.84140625 0.02578125 0.02890625
1 0.28828125 0.84765625 0.1328125 0.09453125
15 0.88125 0.85 0.01328125 0.015625
15 0.8671875 0.8515625 0.01171875 0.01953125
15 0.940625 0.8671875 0.021875 0.0078125
1 0.68203125 0.8703125 0.0171875 0.0203125
1 0.73046875 0.87109375 0.0171875 0.02265625
1 0.19453125 0.87421875 0.04453125 0.0109375
9 0.134375 0.87578125 0.0421875 0.01875
1 0.56015625 0.87734375 0.03125 0.009375
15 0.940625 0.87734375 0.0234375 0.00703125
1 0.91875 0.08828125 0.02578125 0.01015625
9 0.890625 0.88359375 0.0625 0.03125
15 0.9484375 0.890625 0.0125 0.015625
1 0.7 0.903125 0.0171875 0.0109375
1 0.7140625 0.903125 0.0140625 0.01171875
15 0.94140625 0.90546875 0.025 0.009375
15 0.89296875 0.91015625 0.0140625 0.0171875
15 0.90546875 0.9109375 0.0125 0.01484375
15 0.9203125 0.91171875 0.01328125 0.0171875
15 0.878125 0.91171875 0.0109375 0.01640625
15 0.94140625 0.91640625 0.02578125 0.0078125
1 0.91796875 0.93046875 0.01015625 0.015625
1 0.90546875 0.93125 0.01171875 0.015625
1 0.87890625 0.93515625 0.0109375 0.01484375
9 0.63828125 0.93671875 0.06640625 0.04296875
9 0.2546875 0.9375 0.02265625 0.02421875
9 0.4515625 0.94375 0.02890625 0.0109375
1 0.71171875 0.9453125 0.0171875 0.0046875
1 0.69296875 0.9453125 0.0171875 0.00390625
9 0.20546875 0.94609375 0.0171875 0.01328125
9 0.575 0.94921875 0.02578125 0.01953125
15 0.7125 0.95078125 0.01640625 0.0046875
1 0.69453125 0.95078125 0.0171875 0.0046875
15 0.7640625 0.95625 0.01796875 0.00546875
15 0.78203125 0.95703125 0.0171875 0.0046875
1 0.7421875 0.95703125 0.02109375 0.00546875
15 0.71171875 0.95703125 0.0171875 0.00546875
1 0.69375 0.95703125 0.0171875 0.0046875
15 0.44609375 0.9609375 0.015625 0.0046875
1 0.7828125 0.9625 0.01875 0.00546875
15 0.7640625 0.96171875 0.0171875 0.00390625
15 0.74140625 0.9625 0.01796875 0.0046875
15 0.546875 0.96640625 0.01796875 0.00546875
1 0.7828125 0.96640625 0.01875 0.0046875
15 0.7640625 0.9671875 0.01796875 0.00546875
15 0.74140625 0.9671875 0.01796875 0.0046875
1 0.66484375 0.96875 0.00703125 0.01171875
15 0.6015625 0.96875 0.0078125 0.01328125
1 0.56875 0.96875 0.009375 0.01171875
1 0.6234375 0.96875 0.00859375 0.0125
1 0.57578125 0.96953125 0.009375 0.0125
1 0.58515625 0.96953125 0.00859375 0.01328125
15 0.609375 0.96953125 0.0078125 0.01171875
1 0.56015625 0.9703125 0.00625 0.0140625
1 0.546875 0.97109375 0.0203125 0.00546875
1 0.5484375 0.97109375 0.02109375 0.00546875
1 0.74140625 0.97265625 0.0203125 0.0046875
15 0.7640625 0.9734375 0.01796875 0.0046875
1 0.92109375 0.0984375 0.0265625 0.009375
1 0.7859375 0.1 0.05625 0.03984375
15 0.70703125 0.1 0.025 0.00859375
15 0.57421875 0.10078125 0.03046875 0.00859375
1 0.8796875 0.10078125 0.0546875 0.03984375
1 0.6046875 0.10078125 0.0265625 0.009375
1 0.675 0.10078125 0.0296875 0.009375
1 0.83984375 0.103125 0.0125 0.02109375
1 0.65 0.10625 0.01640625 0.02265625
1 0.63125 0.10703125 0.01640625 0.02265625
15 0.70703125 0.1109375 0.0265625 0.00859375
1 0.675 0.1109375 0.03046875 0.0078125
1 0.60546875 0.11171875 0.03046875 0.0078125
15 0.57421875 0.1125 0.028125 0.00859375
15 0.91953125 0.1203125 0.0203125 0.00625
1 0.675 0.12265625 0.0296875 0.009375
15 0.70703125 0.12265625 0.02734375 0.0078125
1 0.60546875 0.1234375 0.0296875 0.009375
15 0.57421875 0.1234375 0.028125 0.00859375
1 0.65 0.13203125 0.01484375 0.021875
1 0.63359375 0.13359375 0.0171875 0.02109375
15 0.70625 0.13359375 0.02578125 0.00859375
1 0.675 0.134375 0.03046875 0.0078125
1 0.60546875 0.134375 0.0296875 0.009375
15 0.575 0.13515625 0.02734375 0.009375
1 0.67421875 0.1453125 0.03125 0.009375
15 0.7078125 0.14609375 0.02734375 0.009375
1 0.60625 0.14609375 0.03046875 0.009375
15 0.57421875 0.14609375 0.02890625 0.0078125
1 0.67421875 0.15703125 0.03359375 0.00859375
15 0.7078125 0.15703125 0.0265625 0.009375
15 0.57421875 0.15703125 0.028125 0.0078125
1 0.60546875 0.1578125 0.03203125 0.01015625
1 0.63125 0.1625 0.01796875 0.021875
1 0.64921875 0.1625 0.01640625 0.02265625
1 0.81796875 0.1640625 0.07109375 0.05
1 0.6765625 0.1671875 0.034375 0.00859375
1 0.60546875 0.16796875 0.034375 0.00859375
15 0.575 0.16796875 0.028125 0.00703125
15 0.7078125 0.16875 0.0265625 0.00859375
15 0.93203125 0.1703125 0.025 0.00859375
15 0.896875 0.17109375 0.0125 0.0078125
1 0.04921875 0.17734375 0.0125 0.01953125
1 0.675 0.17890625 0.03359375 0.0078125
15 0.57578125 0.18046875 0.02890625 0.009375
1 0.60625 0.1796875 0.0328125 0.009375
15 0.709375 0.18046875 0.02734375 0.00859375
15 0.91953125 0.19375 0.0265625 0.03046875
1 0.878125 0.19453125 0.06953125 0.0375
1 0.78984375 0.20625 0.02109375 0.00625
1 0.78984375 0.21328125 0.02265625 0.00625
15 0.9265625 0.215625 0.00703125 0.00546875
15 0.90390625 0.21640625 0.00703125 0.00703125
15 0.91640625 0.21640625 0.00859375 0.00703125
15 0.9390625 0.21875 0.009375 0.01484375
1 0.78984375 0.2203125 0.02421875 0.00703125
15 0.92734375 0.2234375 0.00625 0.00703125
15 0.78984375 0.22890625 0.0265625 0.01015625
15 0.85703125 0.24296875 0.03046875 0.00859375
1 0.85625 0.253125 0.0296875 0.00859375
15 0.8859375 0.253125 0.0140625 0.01875
1 0.94375 0.25625 0.01328125 0.01875
15 0.85625 0.2625 0.02890625 0.0078125
1 0.88125 0.2703125 0.02421875 0.0078125
15 0.57109375 0.27109375 0.0234375 0.00859375
1 0.91484375 0.27265625 0.01328125 0.03203125
1 0.93046875 0.27265625 0.015625 0.0328125
15 0.81875 0.275 0.01328125 0.0203125
15 0.8328125 0.2765625 0.0078125 0.01171875
15 0.80234375 0.2796875 0.02421875 0.00703125
15 0.778125 0.2796875 0.0265625 0.009375
1 0.79765625 0.028125 0.02578125 0.009375
15 0.746875 0.28046875 0.0265625 0.009375
15 0.56953125 0.28125 0.02578125 0.00625
1 0.5984375 0.28515625 0.01328125 0.01875
1 0.88046875 0.28984375 0.0234375 0.028125
1 0.38359375 0.28984375 0.02265625 0.009375
1 0.353125 0.290625 0.0265625 0.009375
15 0.58671875 0.3 0.0078125 0.0140625
15 0.57578125 0.3 0.00703125 0.0140625
1 0.5609375 0.3 0.0140625 0.0171875
15 0.55 0.30234375 0.00703125 0.01484375
1 0.5375 0.30390625 0.0125 0.01875
1 0.52109375 0.3046875 0.01015625 0.01640625
1 0.32890625 0.309375 0.01328125 0.02109375
1 0.86796875 0.309375 0.01953125 0.00546875
15 0.34609375 0.309375 0.0171875 0.02421875
1 0.50546875 0.3109375 0.0203125 0.01171875
15 0.365625 0.31171875 0.0171875 0.0296875
15 0.27734375 0.31484375 0.0296875 0.009375
1 0.61953125 0.31640625 0.02578125 0.009375
1 0.86640625 0.3171875 0.0203125 0.00625
15 0.8671875 0.32265625 0.0203125 0.00625
1 0.521875 0.3234375 0.0125 0.01796875
1 0.5375 0.32421875 0.01328125 0.01875
1 0.50625 0.325 0.01796875 0.0125
15 0.27578125 0.32734375 0.034375 0.0109375
1 0.05625 0.32890625 0.03046875 0.04140625
1 0.22890625 0.32890625 0.028125 0.04296875
1 0.1984375 0.32890625 0.0296875 0.04375
15 0.8671875 0.33046875 0.01796875 0.0046875
15 0.30859375 0.334375 0.0140625 0.01875
1 0.39296875 0.3375 0.01171875 0.0171875
1 0.50625 0.33984375 0.0171875 0.01328125
1 0.275 0.340625 0.03125 0.00703125
1 0.528125 0.34140625 0.02109375 0.01171875
15 0.17578125 0.35 0.0140625 0.01953125
15 0.1609375 0.35 0.0125 0.01953125
15 0.14609375 0.35 0.0140625 0.0203125
15 0.27109375 0.3515625 0.02265625 0.00703125
15 0.30234375 0.353125 0.0296875 0.00859375
1 0.62734375 0.35390625 0.01171875 0.0171875
1 0.52890625 0.35390625 0.01875 0.01640625
1 0.50546875 0.35546875 0.01796875 0.01796875
15 0.34140625 0.36328125 0.0234375 0.00703125
1 0.2328125 0.36484375 0.01484375 0.01953125
1 0.2984375 0.36484375 0.03359375 0.01015625
1 0.20390625 0.36640625 0.01171875 0.01796875
15 0.21875 0.36640625 0.0140625 0.01796875
1 0.50703125 0.37265625 0.025 0.0140625
1 0.628125 0.3734375 0.0109375 0.015625
15 0.3 0.375 0.0203125 0.00625
1 0.28359375 0.38203125 0.02734375 0.0078125
15 0.28359375 0.3921875 0.02578125 0.009375
15 0.86875 0.39921875 0.02421875 0.00625
15 0.60390625 0.40234375 0.028125 0.0109375
15 0.31875 0.40234375 0.01484375 0.01875
15 0.284375 0.40390625 0.02734375 0.009375
15 0.86953125 0.40625 0.02421875 0.0046875
15 0.8703125 0.4125 0.0265625 0.00546875
1 0.609375 0.4140625 0.01875 0.00625
15 0.284375 0.41484375 0.028125 0.01015625
15 0.8203125 0.04140625 0.04140625 0.01328125
15 0.5875 0.4171875 0.00703125 0.0125
15 0.8703125 0.41875 0.028125 0.00625
15 0.6046875 0.42109375 0.0203125 0.0046875
15 0.521875 0.42265625 0.02734375 0.02265625
15 0.86796875 0.42578125 0.02890625 0.00625
15 0.28515625 0.42734375 0.02734375 0.01015625
15 0.8703125 0.4328125 0.028125 0.00703125
15 0.60625 0.43515625 0.02109375 0.00390625
1 0.28515625 0.43828125 0.02734375 0.009375
15 0.32421875 0.44296875 0.009375 0.01328125
15 0.86953125 0.4453125 0.0109375 0.01640625
15 0.8140625 0.44609375 0.0078125 0.01640625
15 0.8609375 0.446875 0.0078125 0.0171875
15 0.85078125 0.44609375 0.009375 0.0171875
15 0.84140625 0.446875 0.009375 0.015625
1 0.28515625 0.446875 0.02734375 0.0078125
15 0.78046875 0.446875 0.00859375 0.0171875
15 0.8328125 0.446875 0.00703125 0.0171875
15 0.78984375 0.446875 0.009375 0.01796875
15 0.7234375 0.44765625 0.00859375 0.01484375
15 0.7328125 0.44765625 0.0078125 0.01640625
15 0.7625 0.44765625 0.00859375 0.0171875
15 0.74296875 0.44765625 0.009375 0.015625
15 0.75234375 0.44765625 0.00859375 0.01640625
1 0.64453125 0.4484375 0.00703125 0.01484375
15 0.67421875 0.44921875 0.00859375 0.0140625
15 0.9203125 0.44921875 0.02265625 0.0078125
1 0.653125 0.45 0.0078125 0.01640625
1 0.66171875 0.45 0.0078125 0.015625
1 0.68515625 0.45 0.01015625 0.01484375
9 0.415625 0.45390625 0.15859375 0.140625
15 0.89296875 0.4546875 0.01484375 0.0046875
15 0.28515625 0.4578125 0.028125 0.0078125
15 0.28359375 0.4703125 0.02890625 0.009375
15 0.83515625 0.47421875 0.01015625 0.01484375
15 0.87734375 0.47421875 0.0078125 0.01328125
15 0.75859375 0.47421875 0.0109375 0.01328125
15 0.85703125 0.47421875 0.01015625 0.01328125
15 0.746875 0.47421875 0.0078125 0.0140625
15 0.84765625 0.47421875 0.00703125 0.0140625
15 0.81796875 0.47421875 0.0078125 0.01640625
15 0.7703125 0.47421875 0.01015625 0.0125
15 0.790625 0.475 0.01171875 0.01328125
15 0.78046875 0.475 0.0109375 0.01484375
15 0.825 0.47578125 0.00859375 0.01484375
1 0.51640625 0.48046875 0.028125 0.0078125
1 0.321875 0.48359375 0.01015625 0.0171875
1 0.284375 0.484375 0.0296875 0.00859375
15 0.85859375 0.490625 0.0078125 0.01328125
15 0.28515625 0.4953125 0.028125 0.01015625
15 0.28515625 0.50859375 0.028125 0.00859375
1 0.6390625 0.515625 0.07734375 0.0578125
15 0.28515625 0.51796875 0.02734375 0.00859375
1 0.34765625 0.521875 0.015625 0.0171875
15 0.28671875 0.52734375 0.02890625 0.009375
1 0.88515625 0.52890625 0.0140625 0.01875
1 0.4140625 0.5375 0.034375 0.009375
1 0.28515625 0.5375 0.028125 0.0078125
15 0.353125 0.54609375 0.0328125 0.01328125
15 0.2859375 0.54765625 0.0296875 0.01015625
9 0.77578125 0.55625 0.19453125 0.0734375
15 0.28671875 0.56015625 0.02734375 0.0078125
1 0.5328125 0.56015625 0.021875 0.0140625
1 0.35390625 0.56015625 0.03359375 0.01015625
1 0.553125 0.56015625 0.02109375 0.0140625
1 0.6453125 0.56171875 0.015625 0.01796875
1 0.2859375 0.56875 0.02734375 0.009375
15 0.28671875 0.5796875 0.03046875 0.01015625
1 0.425 0.5890625 0.09765625 0.065625
15 0.28671875 0.59296875 0.02890625 0.0109375
1 0.81015625 0.60234375 0.02421875 0.01015625
1 0.28671875 0.60234375 0.0296875 0.00703125
1 0.74609375 0.6046875 0.02265625 0.00703125
1 0.76953125 0.60546875 0.00859375 0.015625
15 0.91171875 0.60546875 0.0125 0.0171875
1 0.28828125 0.6109375 0.0296875 0.0078125
15 0.84296875 0.6140625 0.0125 0.01640625
15 0.28828125 0.621875 0.0265625 0.009375
1 0.8046875 0.63359375 0.02421875 0.009375
15 0.28828125 0.63359375 0.0296875 0.009375
15 0.81953125 0.06328125 0.040625 0.0140625
1 0.41015625 0.64609375 0.0421875 0.01484375
1 0.440625 0.646875 0.01171875 0.01796875
1 0.778125 0.065625 0.0265625 0.00859375
15 0.209375 0.65078125 0.009375 0.01875
15 0.23515625 0.65078125 0.0109375 0.01796875
15 0.22265625 0.6515625 0.0125 0.01875
1 0.275 0.65234375 0.06015625 0.01953125
1 0.2734375 0.67265625 0.06171875 0.01796875
15 0.2375 0.67265625 0.0140625 0.01796875
15 0.22265625 0.67421875 0.0125 0.01875
15 0.2078125 0.67421875 0.01484375 0.01953125
9 0.7953125 0.67578125 0.1703125 0.07265625