16 0.91171875 0.69609375 0.02890625 0.009375
9 0.65 0.68671875 0.08046875 0.0625
9 0.40703125 0.6828125 0.08359375 0.04296875
9 0.49765625 0.69609375 0.0375 0.03203125
16 0.9359375 0.72578125 0.02421875 0.00859375
16 0.90703125 0.72578125 0.02734375 0.01015625
2 0.55703125 0.71328125 0.0109375 0.01640625
16 0.9046875 0.0671875 0.0171875 0.02109375
9 0.48671875 0.72734375 0.028125 0.01015625
2 0.12734375 0.71640625 0.01328125 0.01640625
2 0.1125 0.7171875 0.01484375 0.02265625
2 0.26015625 0.7359375 0.16015625 0.109375
2 0.38203125 0.740625 0.0203125 0.02265625
2 0.815625 0.0671875 0.02734375 0.01015625
2 0.16328125 0.746875 0.03125 0.009375
2 0.12890625 0.75 0.02421875 0.03046875
2 0.1046875 0.74921875 0.02421875 0.03125
2 0.85234375 0.78046875 0.01640625 0.0234375
2 0.16328125 0.75703125 0.03125 0.0109375
2 0.16328125 0.76796875 0.0328125 0.0109375
2 0.38984375 0.78125 0.03515625 0.0109375
2 0.7484375 0.79765625 0.0203125 0.00625
16 0.715625 0.796875 0.01796875 0.00546875
2 0.84375 0.8046875 0.0171875 0.00859375
16 0.78359375 0.80234375 0.0203125 0.00703125
2 0.71484375 0.80234375 0.01875 0.0046875
16 0.74765625 0.80390625 0.01875 0.00625
16 0.78046875 0.8078125 0.01875 0.00546875
16 0.84375 0.8125 0.01796875 0.0046875
16 0.746875 0.809375 0.01875 0.00625
2 0.71484375 0.80859375 0.01875 0.00546875
16 0.78046875 0.81328125 0.01875 0.00625
9 0.90078125 0.81875 0.08359375 0.04609375
16 0.84296875 0.81875 0.021875 0.00859375
2 0.7140625 0.81484375 0.01796875 0.00625
16 0.74609375 0.815625 0.0203125 0.0046875
16 0.7796875 0.81875 0.0203125 0.00546875
2 0.746875 0.82109375 0.02109375 0.00546875
2 0.7140625 0.82109375 0.01875 0.00546875
16 0.77890625 0.825 0.02109375 0.00625
9 0.64765625 0.825 0.1109375 0.07421875
2 0.778125 0.83515625 0.01875 0.00546875
2 0.49140625 0.825 0.01875 0.0046875
2 0.490625 0.8296875 0.01875 0.0046875
16 0.77890625 0.8421875 0.02109375 0.00625
2 0.48984375 0.83515625 0.0203125 0.00546875
2 0.92421875 0.85234375 0.021875 0.00859375
2 0.77734375 0.84765625 0.01875 0.00546875
16 0.88515625 0.85390625 0.01171875 0.01875
2 0.4890625 0.84140625 0.021875 0.00703125
16 0.77890625 0.85390625 0.02109375 0.00546875
9 0.1265625 0.8296875 0.02890625 0.03046875
2 0.2546875 0.84140625 0.14375 0.1015625
16 0.8625 0.865625 0.01484375 0.01640625
16 0.846875 0.86640625 0.0140625 0.0203125
16 0.92109375 0.8859375 0.0234375 0.009375
2 0.65625 0.878125 0.01875 0.021875
2 0.70546875 0.88125 0.01875 0.02421875
2 0.15625 0.86484375 0.04765625 0.01328125
9 0.09453125 0.8640625 0.04453125 0.02109375
2 0.53046875 0.88046875 0.0328125 0.0109375
16 0.921875 0.89609375 0.02421875 0.00859375
2 0.959375 0.0859375 0.02734375 0.0109375
9 0.86953125 0.90078125 0.06640625 0.034375
16 0.92734375 0.909375 0.0140625 0.0171875
2 0.671875 0.91328125 0.01796875 0.01171875
2 0.68671875 0.9140625 0.01484375 0.01171875
16 0.91953125 0.925 0.02578125 0.01015625
16 0.87109375 0.928125 0.01484375 0.01796875
16 0.88203125 0.92890625 0.0140625 0.01640625
16 0.89765625 0.9296875 0.01484375 0.01796875
16 0.85546875 0.92890625 0.01171875 0.0171875
16 0.91875 0.9359375 0.02734375 0.009375
2 0.89375 0.94921875 0.01171875 0.01640625
2 0.88046875 0.95 0.01328125 0.01640625
2 0.85390625 0.95234375 0.01171875 0.015625
9 0.60703125 0.9453125 0.07109375 0.046875
9 0.2125 0.93203125 0.025 0.025
9 0.4140625 0.9453125 0.03125 0.01171875
2 0.68125 0.95625 0.01796875 0.00546875
2 0.66171875 0.95625 0.01796875 0.0046875
9 0.16171875 0.93828125 0.01796875 0.0140625
9 0.54140625 0.95625 0.028125 0.0203125
16 0.68125 0.9625 0.0171875 0.00546875
2 0.66328125 0.9625 0.01796875 0.00546875
16 0.73359375 0.9703125 0.01875 0.00625
16 0.75390625 0.97109375 0.01796875 0.00546875
2 0.7109375 0.96953125 0.021875 0.00625
16 0.68125 0.96875 0.01796875 0.00625
2 0.66328125 0.96796875 0.01796875 0.0046875
16 0.40859375 0.9625 0.01640625 0.00546875
2 0.753125 0.9765625 0.01875 0.00546875
16 0.73359375 0.97578125 0.01796875 0.0046875
16 0.7109375 0.97578125 0.01875 0.00546875
16 0.509375 0.97265625 0.01875 0.00625
2 0.75234375 0.98203125 0.0203125 0.00546875
16 0.7328125 0.98125 0.01875 0.00625
16 0.709375 0.98125 0.01875 0.00546875
2 0.63046875 0.97890625 0.0078125 0.0125
16 0.565625 0.9765625 0.009375 0.01328125
2 0.53203125 0.97578125 0.01015625 0.01171875
2 0.5890625 0.978125 0.009375 0.01328125
2 0.53984375 0.9765625 0.0109375 0.01328125
2 0.54921875 0.97734375 0.01015625 0.01328125
16 0.57421875 0.97734375 0.009375 0.0125
2 0.525 0.9765625 0.00703125 0.01484375
2 0.5109375 0.97734375 0.02109375 0.00625
2 0.51171875 0.97734375 0.021875 0.00703125
2 0.709375 0.9859375 0.02109375 0.00546875
16 0.7328125 0.98828125 0.01875 0.00546875
2 0.9609375 0.096875 0.028125 0.0109375
2 0.821875 0.0921875 0.06015625 0.04296875
16 0.74140625 0.08984375 0.02578125 0.01015625
16 0.60546875 0.0859375 0.03125 0.01015625
2 0.91796875 0.096875 0.059375 0.04296875
2 0.63671875 0.0875 0.028125 0.01015625
2 0.70859375 0.08984375 0.03125 0.01015625
2 0.87734375 0.0984375 0.0140625 0.02265625
2 0.68203125 0.09453125 0.01796875 0.02421875
2 0.66328125 0.09375 0.01875 0.02421875
16 0.740625 0.1015625 0.028125 0.01015625
2 0.70859375 0.10078125 0.03203125 0.009375
2 0.6359375 0.0984375 0.03125 0.009375
16 0.6046875 0.0984375 0.03046875 0.01015625
16 0.9578125 0.11796875 0.021875 0.0078125
2 0.70703125 0.1125 0.03125 0.01015625
16 0.73984375 0.1140625 0.02890625 0.009375
2 0.63515625 0.11015625 0.03125 0.01015625
16 0.603125 0.109375 0.02890625 0.01015625
2 0.68046875 0.12109375 0.0171875 0.0234375
2 0.66328125 0.12109375 0.01875 0.02265625
16 0.73828125 0.12421875 0.02734375 0.009375
2 0.70546875 0.1234375 0.03125 0.009375
2 0.634375 0.121875 0.03125 0.0109375
16 0.60234375 0.12109375 0.028125 0.01015625
2 0.7046875 0.1359375 0.0328125 0.01015625
16 0.73828125 0.13671875 0.028125 0.01015625
2 0.63515625 0.13359375 0.03203125 0.01015625
16 0.6015625 0.1328125 0.03046875 0.009375
2 0.70390625 0.146875 0.03515625 0.01015625
16 0.7375 0.14921875 0.028125 0.01015625
16 0.6015625 0.14375 0.03046875 0.009375
2 0.6328125 0.1453125 0.034375 0.01171875
2 0.65859375 0.1515625 0.0203125 0.0234375
2 0.67734375 0.153125 0.01796875 0.02421875
2 0.85078125 0.16015625 0.0765625 0.05390625
2 0.70390625 0.15859375 0.0359375 0.01015625
2 0.63203125 0.15625 0.0359375 0.01015625
16 0.60078125 0.1546875 0.02890625 0.00859375
16 0.7375 0.1609375 0.028125 0.01015625
16 0.9671875 0.1703125 0.02578125 0.01015625
16 0.93046875 0.1703125 0.01328125 0.00859375
2 0.06015625 0.14453125 0.0140625 0.0203125
2 0.70234375 0.1703125 0.034375 0.009375
16 0.60078125 0.1671875 0.03046875 0.01015625
2 0.63203125 0.16875 0.034375 0.01015625
16 0.7375 0.1734375 0.028125 0.01015625
16 0.95234375 0.19453125 0.03046875 0.03203125
2 0.909375 0.19296875 0.07421875 0.04140625
2 0.81875 0.20234375 0.021875 0.00703125
2 0.81875 0.20859375 0.0234375 0.00703125
16 0.9578125 0.21640625 0.0078125 0.00546875
16 0.93359375 0.21640625 0.0078125 0.00703125
16 0.946875 0.2171875 0.009375 0.00703125
16 0.9703125 0.22109375 0.0109375 0.015625
2 0.8171875 0.21640625 0.025 0.0078125
16 0.95859375 0.22421875 0.00703125 0.00703125
16 0.8171875 0.225 0.028125 0.0109375
16 0.88359375 0.24140625 0.03203125 0.01015625
2 0.8828125 0.25234375 0.03125 0.01015625
16 0.91328125 0.25390625 0.01640625 0.01953125
2 0.97265625 0.259375 0.01484375 0.01953125
16 0.88203125 0.2625 0.03046875 0.00859375
2 0.90703125 0.27109375 0.025 0.009375
16 0.58828125 0.26015625 0.025 0.01015625
2 0.940625 0.275 0.01640625 0.03359375
2 0.95703125 0.27578125 0.01875 0.034375
16 0.8421875 0.27421875 0.01484375 0.021875
16 0.85625 0.27578125 0.009375 0.0125
16 0.82578125 0.27734375 0.025 0.00859375
16 0.8 0.27734375 0.028125 0.01015625
2 0.840625 0.01953125 0.02734375 0.0109375
16 0.76875 0.2765625 0.028125 0.01015625
16 0.5859375 0.2703125 0.02734375 0.00703125
2 0.61640625 0.27578125 0.01484375 0.0203125
2 0.9046875 0.29140625 0.02578125 0.03046875
2 0.39453125 0.2734375 0.02421875 0.01015625
2 0.3640625 0.27265625 0.02734375 0.01015625
16 0.60234375 0.290625 0.009375 0.0140625
16 0.59140625 0.28984375 0.0078125 0.01484375
2 0.57734375 0.28984375 0.01484375 0.01796875
16 0.565625 0.29140625 0.0078125 0.015625
2 0.5515625 0.2921875 0.0140625 0.01953125
2 0.53515625 0.29296875 0.01171875 0.0171875
2 0.3375 0.290625 0.01484375 0.02265625
2 0.8890625 0.3109375 0.0203125 0.00625
16 0.3546875 0.29140625 0.01875 0.02578125
2 0.51875 0.29765625 0.02109375 0.0125
16 0.375 0.29453125 0.0203125 0.03125
16 0.284375 0.29375 0.03125 0.0109375
2 0.634375 0.30859375 0.02734375 0.01015625
2 0.8875 0.31875 0.02109375 0.00703125
16 0.8890625 0.325 0.02109375 0.0078125
2 0.534375 0.31328125 0.0140625 0.01875
2 0.55078125 0.3140625 0.01484375 0.01953125
2 0.51875 0.31328125 0.01875 0.01328125
16 0.28203125 0.30625 0.0359375 0.0125
2 0.05703125 0.3 0.03515625 0.04375
2 0.23359375 0.30703125 0.03203125 0.04453125
2 0.20234375 0.30625 0.034375 0.0453125
16 0.8875 0.33203125 0.01875 0.00546875
16 0.31484375 0.315625 0.01640625 0.01953125
2 0.40078125 0.32109375 0.01328125 0.01796875
2 0.5171875 0.328125 0.01796875 0.01484375
2 0.28046875 0.3203125 0.0328125 0.00859375
2 0.53984375 0.33125 0.0234375 0.0125
16 0.17734375 0.32578125 0.01640625 0.0203125
16 0.16171875 0.32578125 0.0140625 0.0203125
16 0.146875 0.325 0.01640625 0.02109375
16 0.275 0.33203125 0.02421875 0.00859375
16 0.30625 0.334375 0.03125 0.01015625
2 0.64140625 0.346875 0.01328125 0.01796875
2 0.540625 0.34375 0.0203125 0.0171875
2 0.51640625 0.34375 0.0203125 0.01875
16 0.34609375 0.34609375 0.02421875 0.00859375
2 0.23359375 0.34296875 0.0171875 0.0203125
2 0.30234375 0.346875 0.03515625 0.01171875
2 0.20546875 0.34375 0.0140625 0.01875
16 0.21953125 0.34453125 0.01640625 0.01875
2 0.51484375 0.36171875 0.02578125 0.015625
2 0.63984375 0.3671875 0.01171875 0.01640625
16 0.303125 0.35625 0.02109375 0.00703125
2 0.2859375 0.36328125 0.028125 0.009375
16 0.28515625 0.3734375 0.02734375 0.01015625
16 0.88515625 0.40234375 0.025 0.00703125
16 0.6125 0.3953125 0.02890625 0.0125
16 0.3203125 0.38515625 0.0171875 0.0203125
16 0.284375 0.3859375 0.02890625 0.01015625
16 0.88359375 0.41015625 0.025 0.00625
16 0.884375 0.41640625 0.028125 0.00703125
2 0.6171875 0.4078125 0.01875 0.00703125
16 0.2828125 0.396875 0.02890625 0.0109375
16 0.8609375 0.034375 0.04453125 0.015625
16 0.59453125 0.4109375 0.0078125 0.01328125
16 0.88359375 0.42265625 0.02890625 0.00703125
16 0.6125 0.415625 0.02109375 0.00546875
16 0.52734375 0.41328125 0.03046875 0.02421875
16 0.88203125 0.4296875 0.03046875 0.0078125
16 0.2828125 0.409375 0.02890625 0.0109375
16 0.8828125 0.4375 0.02890625 0.00859375
16 0.61171875 0.4296875 0.021875 0.0046875
2 0.2828125 0.42109375 0.028125 0.0109375
16 0.32265625 0.428125 0.0109375 0.0140625
16 0.88125 0.45078125 0.01171875 0.0171875
16 0.82421875 0.4484375 0.009375 0.0171875
16 0.87265625 0.45078125 0.009375 0.01796875
16 0.86171875 0.45078125 0.0109375 0.0171875
16 0.8515625 0.45078125 0.0109375 0.0171875
2 0.28203125 0.43046875 0.02890625 0.009375
16 0.790625 0.4484375 0.01015625 0.0171875
16 0.84375 0.45078125 0.0078125 0.0171875
16 0.8 0.44921875 0.0109375 0.01875
16 0.73125 0.446875 0.01015625 0.015625
16 0.740625 0.44765625 0.009375 0.0171875
16 0.771875 0.4484375 0.01015625 0.01796875
16 0.75078125 0.4484375 0.0109375 0.0171875
16 0.76171875 0.4484375 0.01015625 0.0171875
2 0.64921875 0.44453125 0.009375 0.015625
16 0.68125 0.446875 0.01015625 0.01484375
16 0.9328125 0.45625 0.02421875 0.00859375
2 0.659375 0.446875 0.009375 0.0171875
2 0.66875 0.446875 0.009375 0.01640625
2 0.6921875 0.4484375 0.01171875 0.015625
9 0.41484375 0.4421875 0.17421875 0.15
16 0.90546875 0.4609375 0.01640625 0.0046875
16 0.28125 0.440625 0.02890625 0.009375
16 0.27890625 0.45390625 0.03046875 0.0109375
16 0.84453125 0.47890625 0.0109375 0.01640625
16 0.8875 0.4796875 0.009375 0.0140625
16 0.765625 0.47578125 0.01171875 0.0140625
16 0.86640625 0.4796875 0.0109375 0.0140625
16 0.75390625 0.475 0.009375 0.01484375
16 0.85703125 0.4796875 0.0078125 0.01484375
16 0.8265625 0.478125 0.009375 0.0171875
16 0.77734375 0.4765625 0.0109375 0.01328125
16 0.7984375 0.47734375 0.01328125 0.01484375
16 0.7875 0.47734375 0.01171875 0.015625
16 0.834375 0.4796875 0.01015625 0.015625
2 0.51640625 0.47265625 0.02890625 0.009375
2 0.3171875 0.46953125 0.01171875 0.01796875
2 0.278125 0.46796875 0.03125 0.01015625
16 0.86640625 0.496875 0.009375 0.0140625
16 0.278125 0.47890625 0.02890625 0.0109375
16 0.27734375 0.49296875 0.02890625 0.01015625
2 0.640625 0.5140625 0.08359375 0.0625
16 0.2765625 0.503125 0.028125 0.01015625
2 0.33984375 0.509375 0.0171875 0.01796875
16 0.27734375 0.51328125 0.03046875 0.01015625
2 0.890625 0.53671875 0.01484375 0.01953125
2 0.40703125 0.52734375 0.03515625 0.01015625
2 0.27578125 0.52265625 0.03046875 0.009375
16 0.3453125 0.534375 0.034375 0.01484375
16 0.275 0.5328125 0.03125 0.0109375
9 0.7765625 0.56015625 0.20546875 0.0828125
16 0.275 0.54609375 0.02890625 0.009375
2 0.5265625 0.55546875 0.0234375 0.015625
2 0.34375 0.5484375 0.03515625 0.01171875
2 0.54765625 0.55625 0.021875 0.015625
2 0.6421875 0.5609375 0.0171875 0.01953125
2 0.2734375 0.5546875 0.028125 0.01015625
16 0.2734375 0.565625 0.03203125 0.0109375
2 0.4140625 0.58046875 0.10546875 0.07109375
16 0.27265625 0.5796875 0.03046875 0.01171875
2 0.80859375 0.60859375 0.02578125 0.0109375
2 0.271875 0.5890625 0.03125 0.0078125
2 0.74296875 0.60859375 0.0234375 0.0078125
2 0.76640625 0.61015625 0.01015625 0.01640625
16 0.91171875 0.615625 0.0140625 0.01796875
2 0.271875 0.59765625 0.03125 0.009375
16 0.84140625 0.62265625 0.0140625 0.0171875
16 0.271875 0.609375 0.028125 0.01015625
2 0.80078125 0.640625 0.02578125 0.01015625
16 0.27109375 0.62109375 0.03125 0.0109375
16 0.859375 0.05703125 0.04296875 0.01640625
2 0.3953125 0.6390625 0.04453125 0.0171875
2 0.4265625 0.64140625 0.0140625 0.01875
2 0.8171875 0.0578125 0.028125 0.01015625
16 0.18828125 0.6359375 0.0109375 0.01875
16 0.215625 0.6375 0.01171875 0.01875
16 0.20234375 0.6375 0.0140625 0.01953125
2 0.25625 0.640625 0.06328125 0.02265625
2 0.25234375 0.6609375 0.0640625 0.02109375
16 0.215625 0.66015625 0.01640625 0.01875
16 0.2 0.66015625 0.0140625 0.0203125
16 0.18515625 0.66015625 0.01640625 0.0203125
9 0.7875 0.68359375 0.18125 0.08125