2 0.34921875 0.946875 0.0296875 0.075
2 0.2234375 0.97734375 0.028125 0.04375
2 0.2640625 0.97421875 0.02578125 0.04921875
2 0.09453125 0.084375 0.0296875 0.05390625
2 0.14375 0.09296875 0.0453125 0.11484375
16 0.171875 0.10625 0.01640625 0.04453125
2 0.0015625 0.17578125 0.003125 0.0640625
2 0.09921875 0.17578125 0.03203125 0.06328125
2 0.16953125 0.3078125 0.0296875 0.05390625
16 0.05625 0.33046875 0.01171875 0.06015625
16 0.0671875 0.3296875 0.01328125 0.05625
2 0.165625 0.36015625 0.02734375 0.053125
2 0.0984375 0.03671875 0.0328125 0.0203125
16 0.096875 0.41484375 0.02265625 0.0296875
2 0.60859375 0.4015625 0.0390625 0.0609375
16 0.096875 0.4375 0.02421875 0.0265625
2 0.56484375 0.425 0.025 0.05703125
16 0.096875 0.45859375 0.0203125 0.0265625
2 0.46171875 0.4796875 0.02734375 0.05078125
16 0.17421875 0.54140625 0.03125 0.0375
16 0.56015625 0.01796875 0.0265625 0.0359375
2 0.24296875 0.62890625 0.05625 0.0765625
16 0.171875 0.6890625 0.01796875 0.05078125
16 0.11328125 0.71171875 0.02265625 0.034375
16 0.1203125 0.73359375 0.02109375 0.0234375
16 0.8453125 0.68984375 0.01953125 0.05
2 0.35859375 0.8125 0.03359375 0.08828125
2 0.2140625 0.83125 0.02578125 0.05078125
16 0.040625 0.84453125 0.021875 0.02734375
2 0.246875 0.85390625 0.0296875 0.0640625