16 0.5703125 0.04140625 0.02265625 0.01875
16 0.63125 0.08046875 0.01640625 0.015625
2 0.56015625 0.0578125 0.0265625 0.02421875
16 0.67421875 0.1046875 0.01328125 0.03203125
16 0.62734375 0.09296875 0.01796875 0.01328125
2 0.9578125 0.21484375 0.02578125 0.02421875
9 0.503125 0.05859375 0.06015625 0.090625
16 0.62578125 0.10390625 0.01796875 0.015625
9 0.59453125 0.0953125 0.05859375 0.0875
2 0.30625 0.009375 0.01484375 0.01875
9 0.32109375 0.01328125 0.01953125 0.0265625
16 0.26796875 0.0046875 0.0140625 0.009375
16 0.2578125 0.003125 0.01171875 0.00625
16 0.2921875 0.00859375 0.0125 0.01640625
16 0.17578125 0.003125 0.01328125 0.00625
2 0.44921875 0.10703125 0.01015625 0.021875
2 0.1328125 0.00625 0.03203125 0.0125
2 0.13203125 0.01953125 0.034375 0.0296875
16 0.4453125 0.13125 0.009375 0.02421875
2 0.45703125 0.14296875 0.01875 0.01875
16 0.3 0.0890625 0.01796875 0.01640625
2 0.42109375 0.13984375 0.01875 0.0140625
2 0.70546875 0.2453125 0.0140625 0.0328125
16 0.41953125 0.1515625 0.01875 0.015625
16 0.60703125 0.22265625 0.02109375 0.01953125
16 0.446875 0.18125 0.015625 0.015625
16 0.60546875 0.2375 0.01875 0.015625
16 0.84140625 0.3203125 0.0234375 0.02578125
16 0.734375 0.28359375 0.028125 0.0296875
16 0.60390625 0.246875 0.0171875 0.0140625
2 0.6875 0.2765625 0.01796875 0.015625
2 0.7921875 0.315625 0.01953125 0.015625
16 0.43828125 0.19921875 0.01171875 0.02421875
16 0.44765625 0.203125 0.009375 0.02578125
16 0.6859375 0.2890625 0.015625 0.0109375
16 0.60234375 0.26015625 0.01875 0.015625
16 0.78984375 0.3265625 0.01640625 0.01328125
16 0.6 0.27109375 0.0203125 0.01796875
16 0.78359375 0.34140625 0.02578125 0.02734375
16 0.67890625 0.30625 0.0265625 0.02578125
16 0.596875 0.28203125 0.0171875 0.01328125
9 0.7140625 0.33515625 0.04921875 0.084375
16 0.59375 0.29296875 0.01875 0.015625
9 0.8171875 0.3734375 0.0484375 0.08984375
2 0.05390625 0.10859375 0.0171875 0.02578125
2 0.74765625 0.35 0.0234375 0.01875
2 0.8546875 0.3875 0.0265625 0.02890625
16 0.0828125 0.128125 0.0125 0.0265625
16 0.1078125 0.1375 0.01015625 0.0234375
16 0.115625 0.140625 0.00859375 0.021875
16 0.09296875 0.1328125 0.01171875 0.02890625
16 0.59140625 0.30625 0.01640625 0.015625
9 0.51640625 0.2828125 0.15703125 0.2390625
2 0.67734375 0.340625 0.01875 0.03984375
2 0.7828125 0.378125 0.0171875 0.04453125
9 0.2484375 0.19375 0.11171875 0.2421875
9 0.340625 0.2265625 0.11171875 0.23984375
16 0.04609375 0.128125 0.00625 0.01328125
16 0.590625 0.32109375 0.01875 0.0140625
16 0.74765625 0.37734375 0.025 0.0265625
16 0.85390625 0.415625 0.0234375 0.02578125
16 0.5875 0.3328125 0.01875 0.015625
16 0.74609375 0.39453125 0.02109375 0.021875
2 0.6703125 0.37109375 0.03359375 0.02578125
2 0.7765625 0.4078125 0.03125 0.0265625
16 0.85078125 0.434375 0.02421875 0.0234375
16 0.82734375 0.42734375 0.02578125 0.02421875
16 0.72109375 0.39140625 0.02421875 0.02578125
16 0.053125 0.16484375 0.01484375 0.03125
2 0.04140625 0.16171875 0.00703125 0.02109375
9 0.08671875 0.1796875 0.04921875 0.08046875
16 0.79921875 0.4359375 0.0203125 0.01796875
16 0.69453125 0.40078125 0.021875 0.01953125
16 0.7171875 0.4078125 0.01953125 0.01875
16 0.82265625 0.4453125 0.0203125 0.01875
16 0.6703125 0.40859375 0.015625 0.03671875
16 0.65625 0.40546875 0.01484375 0.03203125
16 0.77421875 0.44609375 0.01484375 0.034375
16 0.7625 0.4421875 0.01328125 0.03125
2 0.375 0.315625 0.01328125 0.03203125
16 0.0796875 0.2296875 0.009375 0.02578125
16 0.0875 0.2328125 0.00859375 0.0234375
2 0.81875 0.4875 0.03515625 0.07109375
2 0.7921875 0.4796875 0.03515625 0.07421875
2 0.03515625 0.2296875 0.015625 0.02578125
16 0.084375 0.25078125 0.01484375 0.01328125
16 0.54375 0.41015625 0.01640625 0.015625
16 0.0703125 0.24609375 0.0140625 0.0125
16 0.440625 0.3765625 0.009375 0.02578125
2 0.046875 0.246875 0.02265625 0.05078125
16 0.29140625 0.334375 0.01328125 0.02890625
16 0.65546875 0.46171875 0.01953125 0.04765625
16 0.76015625 0.49921875 0.01953125 0.04453125
16 0.73671875 0.49140625 0.02109375 0.05234375
16 0.3875 0.371875 0.0125 0.03203125
16 0.84140625 0.53046875 0.02109375 0.05
2 0.78203125 0.5203125 0.03125 0.03671875
2 0.0640625 0.2765625 0.0203125 0.04453125
2 0.08125 0.28359375 0.02109375 0.04296875
2 0.85234375 0.57421875 0.01953125 0.015625
16 0.2921875 0.39296875 0.01875 0.01796875
9 0.325 0.4140625 0.05078125 0.040625
16 0.35703125 0.42734375 0.01875 0.01796875
16 0.28984375 0.4078125 0.01875 0.01953125
16 0.4765625 0.475 0.01640625 0.01640625
16 0.475 0.4859375 0.01640625 0.0140625
16 0.37109375 0.4515625 0.01015625 0.02578125
16 0.3625 0.45 0.0109375 0.0265625
2 0.28515625 0.425 0.01640625 0.01640625
16 0.34921875 0.44921875 0.0171875 0.021875
16 0.45625 0.49140625 0.0203125 0.01875
16 0.47265625 0.496875 0.01484375 0.0125
16 0.3359375 0.4515625 0.009375 0.021875
16 0.32109375 0.446875 0.01015625 0.02421875
2 0.32890625 0.45 0.00703125 0.01953125
2 0.28359375 0.4390625 0.01640625 0.015625
2 0.4921875 0.52578125 0.01875 0.01796875
2 0.09921875 0.3984375 0.01484375 0.0125
2 0.325 0.4796875 0.03359375 0.0296875
9 0.19296875 0.43515625 0.16953125 0.25546875
2 0.72265625 0.63203125 0.0171875 0.01640625
16 0.1 0.4203125 0.009375 0.02421875
2 0.3265625 0.49921875 0.015625 0.01328125
16 0.64609375 0.61171875 0.01953125 0.01796875
2 0.71953125 0.64375 0.01875 0.015625
16 0.5796875 0.60078125 0.009375 0.02890625
2 0.034375 0.41171875 0.01875 0.01640625
16 0.59140625 0.60703125 0.01484375 0.0265625
16 0.64375 0.625 0.01796875 0.01796875
16 0.05546875 0.42734375 0.0171875 0.0140625
2 0.71875 0.659375 0.02578125 0.02421875
9 0.68125 0.646875 0.053125 0.084375
16 0.084375 0.44609375 0.0125 0.03125
16 0.3203125 0.534375 0.01640625 0.015625
16 0.30703125 0.5328125 0.01015625 0.021875
2 0.715625 0.67734375 0.02265625 0.0234375
2 0.7515625 0.69296875 0.04453125 0.0390625
16 0.6359375 0.653125 0.021875 0.02109375
2 0.09609375 0.465625 0.0140625 0.01328125
16 0.31875 0.54296875 0.01796875 0.01328125
20 0.58125 0.63671875 0.02890625 0.040625
9 0.4078125 0.5828125 0.1703125 0.21875
2 0.09453125 0.47734375 0.0125 0.0125
20 0.80625 0.7296875 0.028125 0.04765625
2 0.784375 0.72265625 0.02265625 0.05234375
20 0.8875 0.759375 0.0234375 0.04765625
16 0.303125 0.55625 0.01015625 0.02421875
20 0.86015625 0.75 0.02734375 0.04453125
20 0.83203125 0.74140625 0.0296875 0.04453125
2 0.09375 0.4875 0.01484375 0.01640625
16 0.259375 0.55 0.01015625 0.02734375
16 0.49609375 0.63203125 0.01953125 0.01875
2 0.0921875 0.49921875 0.0171875 0.01328125
2 0.74453125 0.725 0.05 0.040625
2 0.5171875 0.65546875 0.01640625 0.0140625
16 0.4953125 0.6484375 0.01796875 0.01640625
16 0.303125 0.58203125 0.0171875 0.015625
2 0.09765625 0.51328125 0.01328125 0.01328125
2 0.25078125 0.5671875 0.015625 0.015625
16 0.8828125 0.79140625 0.0234375 0.02578125
2 0.1078125 0.5265625 0.01015625 0.02421875
16 0.4921875 0.6609375 0.0203125 0.01875
2 0.27890625 0.5875 0.01875 0.01796875
2 0.5140625 0.66953125 0.0171875 0.01328125
16 0.30078125 0.596875 0.01796875 0.0140625
16 0.225 0.57265625 0.01953125 0.01875
16 0.2046875 0.565625 0.0171875 0.015625
16 0.1796875 0.55703125 0.01796875 0.01640625
2 0.0875 0.52578125 0.03203125 0.03125
2 0.8546875 0.79296875 0.021875 0.01875
16 0.12265625 0.5421875 0.01171875 0.0265625
16 0.15234375 0.55234375 0.01171875 0.02734375
16 0.13359375 0.546875 0.009375 0.02578125
16 0.14140625 0.55 0.0109375 0.02578125
16 0.29921875 0.6078125 0.01875 0.01640625
16 0.48984375 0.675 0.01875 0.01953125
2 0.0203125 0.509375 0.040625 0.04375
16 0.17734375 0.5671875 0.01875 0.0140625
9 0.5671875 0.7078125 0.04296875 0.07734375
16 0.85 0.8078125 0.02421875 0.02109375
9 0.6 0.72265625 0.0453125 0.0859375
2 0.2765625 0.61484375 0.01875 0.01640625
16 0.190625 0.5859375 0.0171875 0.0140625
16 0.296875 0.6234375 0.01953125 0.01640625
16 0.675 0.7578125 0.01015625 0.02890625
2 0.4921875 0.6953125 0.03203125 0.03203125
16 0.6546875 0.75234375 0.0109375 0.03125
2 0.47265625 0.6890625 0.0125 0.02421875
16 0.6640625 0.75546875 0.01015625 0.0328125
16 0.64375 0.75 0.01328125 0.03515625
16 0.63046875 0.74609375 0.0140625 0.03203125
16 0.684375 0.765625 0.01328125 0.03515625
16 0.62109375 0.74375 0.0140625 0.03203125
2 0.84609375 0.825 0.0265625 0.0265625
2 0.171875 0.5921875 0.01796875 0.0140625
16 0.1890625 0.60078125 0.0171875 0.015625
2 0.3015625 0.64296875 0.03046875 0.02734375
2 0.01796875 0.54453125 0.0359375 0.04609375
2 0.14140625 0.58984375 0.0109375 0.02734375
2 0.05625 0.56171875 0.021875 0.05234375
2 0.08046875 0.57109375 0.03125 0.0328125
9 0.88515625 0.85078125 0.05546875 0.06171875
9 0.78515625 0.821875 0.05625 0.10859375
16 0.35546875 0.6796875 0.0109375 0.02734375
16 0.4046875 0.69921875 0.0109375 0.0265625
16 0.84140625 0.8515625 0.021875 0.01953125
16 0.34609375 0.6796875 0.009375 0.02734375
16 0.42578125 0.70703125 0.01171875 0.02578125
16 0.4421875 0.71328125 0.0109375 0.02578125
16 0.33671875 0.67734375 0.01171875 0.0328125
16 0.3640625 0.68671875 0.009375 0.0296875
16 0.434375 0.7109375 0.0109375 0.02734375
16 0.45078125 0.7171875 0.0109375 0.02890625
16 0.41484375 0.7046875 0.01484375 0.03125
16 0.396875 0.69921875 0.01015625 0.0265625
16 0.3875 0.69609375 0.0109375 0.02421875
2 0.47109375 0.7296875 0.01875 0.04765625
2 0.83984375 0.86640625 0.02109375 0.015625
2 0.00625 0.5765625 0.0125 0.04375
16 0.228125 0.6546875 0.0125 0.02421875
16 0.22890625 0.6546875 0.01328125 0.02890625
16 0.2625 0.66953125 0.0125 0.0296875
16 0.2703125 0.6734375 0.009375 0.02734375
16 0.2765625 0.67734375 0.01015625 0.02890625
16 0.165625 0.6390625 0.01328125 0.03203125
16 0.190625 0.64765625 0.0125 0.02734375
16 0.2875 0.68125 0.0109375 0.0265625
16 0.3015625 0.68671875 0.0125 0.0296875
16 0.18125 0.6453125 0.01015625 0.02734375
16 0.175 0.64296875 0.009375 0.02734375
2 0.86796875 0.88515625 0.0265625 0.02578125
2 0.3921875 0.73046875 0.01171875 0.02890625
2 0.33828125 0.7109375 0.01875 0.0375
2 0.42734375 0.74453125 0.01328125 0.03125
2 0.4109375 0.73984375 0.01640625 0.0296875
2 0.44609375 0.7515625 0.01328125 0.02578125
2 0.35859375 0.72109375 0.015625 0.03125
2 0.5609375 0.79609375 0.034375 0.0296875
16 0.86171875 0.9015625 0.021875 0.01953125
2 0.590625 0.80859375 0.028125 0.02890625
2 0.20546875 0.6796875 0.01015625 0.02734375
2 0.040625 0.63125 0.01015625 0.0265625
16 0.03203125 0.62890625 0.01015625 0.02734375
16 0.021875 0.62578125 0.0109375 0.0265625
2 0.4890625 0.7890625 0.02421875 0.02421875
2 0.4359375 0.771875 0.01875 0.01796875
2 0.18046875 0.6859375 0.0109375 0.0265625
16 0.171875 0.68359375 0.01171875 0.0265625
2 0.15234375 0.678125 0.0203125 0.01796875
2 0.2265625 0.70390625 0.02421875 0.0234375
2 0.3390625 0.75546875 0.01171875 0.02890625
16 0.06328125 0.66015625 0.0171875 0.0140625
16 0.10234375 0.6734375 0.01484375 0.015625
16 0.046875 0.6546875 0.0171875 0.0125
2 0.86875 0.94375 0.0515625 0.04296875
16 0.9421875 0.1515625 0.01171875 0.02421875
4 0.36953125 0.85078125 0.48984375 0.29609375
4 0.084375 0.78046875 0.125 0.2