2 0.61953125 0.534375 0.0078125 0.0046875
16 0.17421875 0.58359375 0.0046875 0.0109375
16 0.0875 0.5953125 0.00625 0.0046875
2 0.61953125 0.5421875 0.00546875 0.00234375
16 0.634375 0.54140625 0.00625 0.00390625
16 0.81796875 0.52265625 0.009375 0.0046875
16 0.7984375 0.528125 0.00625 0.0046875
16 0.08828125 0.60390625 0.00625 0.0046875
16 0.53984375 0.55625 0.0078125 0.00625
16 0.9046875 0.521875 0.01171875 0.0046875
16 0.08828125 0.6125 0.00703125 0.00546875
9 0.9828125 0.51875 0.0328125 0.06640625
2 0.54140625 0.56640625 0.0109375 0.0046875
16 0.56015625 0.565625 0.0109375 0.0078125
16 0.44140625 0.57890625 0.0078125 0.0046875
16 0.70859375 0.5578125 0.0078125 0.0046875
2 0.5609375 0.575 0.0125 0.00546875
2 0.54140625 0.57734375 0.00703125 0.003125
16 0.9078125 0.5390625 0.01015625 0.00390625
16 0.44140625 0.58828125 0.00625 0.00546875
16 0.4765625 0.58515625 0.009375 0.00625
2 0.71015625 0.56875 0.00546875 0.00234375
2 0.5625 0.58515625 0.0078125 0.00390625
16 0.5421875 0.58828125 0.00625 0.00390625
16 0.6078125 0.58046875 0.00625 0.00390625
2 0.36875 0.61171875 0.0046875 0.01484375
16 0.7109375 0.578125 0.00625 0.003125
16 0.6078125 0.58984375 0.00703125 0.0046875
16 0.56171875 0.5953125 0.00546875 0.00390625
2 0.54296875 0.5984375 0.01015625 0.00546875
16 0.59140625 0.59375 0.009375 0.0046875
16 0.821875 0.5734375 0.0078125 0.00390625
16 0.90859375 0.565625 0.0109375 0.00546875
16 0.80234375 0.57734375 0.0046875 0.0046875
16 0.890625 0.56875 0.009375 0.00625
16 0.54375 0.60703125 0.00859375 0.0046875
16 0.5625 0.60546875 0.0078125 0.00234375
16 0.44765625 0.61796875 0.00859375 0.00390625
2 0.57890625 0.60390625 0.0078125 0.00625
16 0.7109375 0.5921875 0.00703125 0.0046875
2 0.4671875 0.61875 0.015625 0.00703125
20 0.4 0.62734375 0.040625 0.03671875
2 0.54453125 0.615625 0.01015625 0.00625
16 0.56328125 0.61640625 0.00390625 0.00390625
16 0.5796875 0.615625 0.0078125 0.003125
16 0.4484375 0.63125 0.00859375 0.0046875
16 0.7125 0.6046875 0.00546875 0.00546875
16 0.5640625 0.628125 0.0078125 0.0046875
16 0.715625 0.6140625 0.00703125 0.0046875
16 0.41640625 0.65234375 0.00859375 0.0046875
16 0.81328125 0.615625 0.00625 0.003125
16 0.6546875 0.64296875 0.01171875 0.00625
16 0.18828125 0.70234375 0.00546875 0.01328125
16 0.1796875 0.7046875 0.00390625 0.0140625
16 0.65546875 0.6546875 0.0078125 0.00390625
4 0.690625 0.6515625 0.03984375 0.18125
16 0.36640625 0.69375 0.0125 0.00546875
16 0.65625 0.66484375 0.0078125 0.003125
16 0.340625 0.6984375 0.0078125 0.00546875
9 0.1046875 0.72578125 0.0328125 0.0890625
16 0.14140625 0.7265625 0.01171875 0.00703125
16 0.15859375 0.72578125 0.01015625 0.00703125
16 0.65859375 0.67734375 0.0046875 0.00390625
2 0.14453125 0.73828125 0.0109375 0.00625
16 0.41640625 0.7109375 0.00859375 0.0046875
2 0.0703125 0.74921875 0.01015625 0.00703125
16 0.159375 0.7453125 0.0078125 0.003125
16 0.14453125 0.75 0.01171875 0.00703125
16 0.07109375 0.75859375 0.0125 0.00625
2 0.41796875 0.72421875 0.01484375 0.00625
2 0.07109375 0.76953125 0.01015625 0.00703125
16 0.4171875 0.73359375 0.009375 0.0046875
2 0.14609375 0.76484375 0.01484375 0.00703125
16 0.41875 0.74375 0.01015625 0.0046875
16 0.66640625 0.01640625 0.0109375 0.00625
2 0.1140625 0.07578125 0.00625 0.00234375
16 0.57109375 0.73359375 0.0078125 0.00390625
16 0.55 0.73671875 0.01015625 0.0078125
16 0.52890625 0.73984375 0.01015625 0.00546875
16 0.5140625 0.74296875 0.0078125 0.0046875
16 0.61328125 0.7328125 0.0078125 0.0046875
16 0.396875 0.7578125 0.00703125 0.0046875
9 0.63046875 0.7375 0.0140625 0.02421875
16 0.0875 0.79609375 0.00625 0.0046875
2 0.6109375 0.74296875 0.01171875 0.0046875
16 0.39921875 0.76875 0.00703125 0.0046875
9 0.3671875 0.77421875 0.03984375 0.021875
16 0.9609375 0.71328125 0.00390625 0.0125
2 0.0875 0.8078125 0.0078125 0.00390625
16 0.62890625 0.0234375 0.0078125 0.0046875
16 0.8875 0.72421875 0.0109375 0.0078125
16 0.86484375 0.7265625 0.009375 0.0046875
16 0.64921875 0.021875 0.0078125 0.00390625
16 0.0890625 0.8171875 0.00625 0.0046875
2 0.00234375 0.090625 0.0046875 0.00546875
9 0.74453125 0.7515625 0.02890625 0.01796875
16 0.9640625 0.73125 0.0046875 0.01328125
16 0.01875 0.08984375 0.0125 0.0046875
9 0.278125 0.81015625 0.04765625 0.0375
16 0.99375 0.73671875 0.01015625 0.00546875
16 0.08671875 0.83671875 0.003125 0.009375
16 0.06875 0.83828125 0.00546875 0.01015625
16 0.0609375 0.83984375 0.003125 0.009375
2 0.24375 0.82109375 0.01328125 0.0078125
16 0.078125 0.83828125 0.00546875 0.01015625
16 0.68828125 0.775 0.00390625 0.01328125
2 0.69609375 0.77421875 0.00390625 0.01484375
2 0.7109375 0.7734375 0.00390625 0.01484375
16 0.71875 0.77265625 0.00390625 0.01015625
16 0.70390625 0.775 0.003125 0.0109375
16 0.86796875 0.75859375 0.00859375 0.0046875
16 0.99609375 0.7453125 0.00625 0.0046875
16 0.10625 0.84375 0.00390625 0.0125
16 0.09765625 0.8453125 0.00625 0.01484375
16 0.115625 0.84375 0.00390625 0.01328125
16 0.24453125 0.83203125 0.009375 0.00546875
16 0.86953125 0.76875 0.0109375 0.00703125
16 0.5890625 0.7984375 0.00546875 0.0109375
2 0.6359375 0.79375 0.00546875 0.01328125
16 0.99609375 0.75625 0.00625 0.0046875
2 0.6203125 0.79609375 0.00390625 0.0125
2 0.62890625 0.79609375 0.00390625 0.015625
2 0.6140625 0.79765625 0.00390625 0.01171875
16 0.3484375 0.0578125 0.0109375 0.00703125
16 0.55859375 0.80546875 0.009375 0.0046875
16 0.890625 0.771875 0.00703125 0.0046875
16 0.77421875 0.784375 0.00859375 0.0046875
16 0.071875 0.85859375 0.00390625 0.01328125
2 0.0796875 0.85703125 0.00625 0.0171875
2 0.03671875 0.8625 0.0078125 0.01328125
16 0.24375 0.840625 0.009375 0.0046875
16 0.0890625 0.85703125 0.00703125 0.01328125
2 0.05390625 0.8609375 0.00546875 0.01484375
2 0.0453125 0.8625 0.00625 0.0140625
16 0.7921875 0.784375 0.0140625 0.00390625
2 0.0625 0.86171875 0.00390625 0.01328125
16 0.86953125 0.77890625 0.009375 0.00625
9 0.0609375 0.08828125 0.03125 0.0734375
16 0.996875 0.76484375 0.00546875 0.0046875
20 0.515625 0.82109375 0.0125 0.015625
16 0.19453125 0.075 0.0078125 0.0046875
16 0.7765625 0.79453125 0.00703125 0.00390625
20 0.4953125 0.82421875 0.009375 0.015625
16 0.4625 0.828125 0.00625 0.01171875
2 0.4546875 0.8296875 0.00546875 0.01171875
20 0.478125 0.828125 0.0078125 0.01328125
16 0.9984375 0.77421875 0.00234375 0.003125
9 0.96171875 0.7796875 0.03125 0.0390625
2 0.9125 0.78515625 0.0109375 0.00625
16 0.8703125 0.790625 0.009375 0.0046875
16 0.55078125 0.825 0.0015625 0.00859375
16 0.54453125 0.8265625 0.00546875 0.0125
16 0.59453125 0.82109375 0.00390625 0.01171875
2 0.278125 0.8578125 0.0046875 0.015625
16 0.28515625 0.85859375 0.0046875 0.01171875
16 0.778125 0.80703125 0.01171875 0.0046875
16 0.871875 0.79921875 0.00703125 0.00390625
2 0.91171875 0.0015625 0.0046875 0.003125
2 0.778125 0.815625 0.009375 0.00390625
2 0.4734375 0.84765625 0.00625 0.0125
16 0.79453125 0.81484375 0.0078125 0.0046875
16 0.48359375 0.84765625 0.00546875 0.01328125
16 0.8921875 0.8046875 0.009375 0.0046875
16 0.09609375 0.08828125 0.0125 0.0046875
16 0.49453125 0.84765625 0.00625 0.01328125
2 0.778125 0.825 0.0078125 0.00390625
16 0.8953125 0.815625 0.01015625 0.0078125
16 0.64921875 0.03046875 0.009375 0.00546875
16 0.796875 0.8296875 0.00859375 0.003125
16 0.63046875 0.03359375 0.009375 0.0046875
2 0.45703125 0.8703125 0.0046875 0.01640625
2 0.46484375 0.87109375 0.00546875 0.01328125
2 0.47421875 0.86953125 0.00390625 0.0140625
2 0.49453125 0.86796875 0.00546875 0.01328125
16 0.6671875 0.03046875 0.00546875 0.00390625
2 0.97734375 0.8234375 0.003125 0.01015625
2 0.9859375 0.8234375 0.00390625 0.01171875
2 0.9953125 0.8234375 0.00546875 0.0125
2 0.73671875 0.8515625 0.009375 0.00546875
2 0.84921875 0.8453125 0.009375 0.0046875
2 0.7984375 0.85078125 0.00859375 0.003125
16 0.68125 0.86484375 0.009375 0.00546875
16 0.871875 0.8453125 0.00859375 0.0046875
16 0.85078125 0.85390625 0.00703125 0.0046875
16 0.46640625 0.89453125 0.00234375 0.01015625
16 0.4578125 0.89609375 0.00546875 0.009375
16 0.48125 0.89375 0.00546875 0.01015625
16 0.74140625 0.86640625 0.00390625 0.0109375
16 0.74765625 0.86640625 0.00390625 0.009375
16 0.79921875 0.8609375 0.00703125 0.0046875
2 0.49453125 0.89375 0.003125 0.00859375
2 0.4890625 0.89453125 0.00546875 0.01328125
16 0.47265625 0.8953125 0.00390625 0.01015625
2 0.98046875 0.846875 0.00546875 0.01640625
2 0.965625 0.8484375 0.003125 0.0140625
2 0.87265625 0.859375 0.00546875 0.00546875
2 0.8515625 0.86484375 0.009375 0.00546875
2 0.796875 0.87265625 0.00859375 0.00390625
2 0.6828125 0.88671875 0.00859375 0.0046875
16 0.93203125 0.00546875 0.0109375 0.00546875
16 0.78515625 0.87578125 0.00546875 0.01328125
16 0.74921875 0.88359375 0.003125 0.01015625
16 0.74140625 0.8859375 0.00390625 0.0109375
2 0.871875 0.8734375 0.01484375 0.00546875
16 0.85390625 0.87578125 0.0078125 0.0046875
16 0.8 0.88359375 0.0078125 0.003125
2 0.68203125 0.89765625 0.0078125 0.00546875
2 0.12734375 0.0921875 0.0046875 0.01328125
16 0.19609375 0.0859375 0.00625 0.003125
16 0.91015625 0.0125 0.00703125 0.00234375
16 0.66953125 0.03828125 0.0109375 0.00546875
16 0.63125 0.04296875 0.00390625 0.00390625
16 0.65 0.04296875 0.0078125 0.00703125
16 0.93125 0.01484375 0.0078125 0.00546875
16 0.196875 0.0953125 0.00703125 0.003125
16 0.66875 0.04609375 0.00546875 0.0046875
16 0.02109375 0.1171875 0.009375 0.0046875
2 0.0046875 0.1203125 0.009375 0.00546875
16 0.8015625 0.0359375 0.00703125 0.01328125
16 0.196875 0.1046875 0.00546875 0.003125
2 0.12890625 0.11171875 0.00546875 0.0125
16 0.67109375 0.05546875 0.0078125 0.00390625
2 0.11484375 0.115625 0.009375 0.003125
16 0.096875 0.11796875 0.009375 0.0046875
16 0.02265625 0.128125 0.01015625 0.0046875
2 0.00546875 0.13046875 0.01015625 0.0046875
2 0.115625 0.12578125 0.009375 0.00390625
2 0.06328125 0.13671875 0.0078125 0.0046875
16 0.0453125 0.1390625 0.0109375 0.00390625
2 0.08203125 0.1359375 0.0125 0.00625
16 0.621875 0.08046875 0.00390625 0.01015625
16 0.60546875 0.0828125 0.00390625 0.01015625
16 0.61328125 0.08203125 0.003125 0.01015625
16 0.76640625 0.06640625 0.0078125 0.0140625
20 0.78984375 0.0640625 0.00859375 0.01171875
16 0.41171875 0.10390625 0.00390625 0.009375
16 0.77734375 0.06484375 0.00390625 0.0125
16 0.803125 0.06328125 0.0046875 0.0140625
16 0.50546875 0.09453125 0.00625 0.01171875
16 0.39453125 0.10625 0.003125 0.01015625
16 0.596875 0.08515625 0.00546875 0.009375
16 0.4546875 0.1 0.00390625 0.0109375
16 0.47265625 0.0984375 0.00546875 0.01171875
16 0.4640625 0.1 0.00390625 0.0125
16 0.42109375 0.10390625 0.0046875 0.0109375
16 0.43828125 0.10234375 0.0046875 0.01328125
16 0.48125 0.09765625 0.00390625 0.01015625
16 0.4453125 0.10234375 0.00546875 0.0125
16 0.403125 0.10703125 0.00546875 0.0125
16 0.4296875 0.10390625 0.00546875 0.0125
16 0.7578125 0.06875 0.00625 0.0125
16 0.4984375 0.096875 0.00234375 0.00859375
16 0.48984375 0.09765625 0.00390625 0.01015625
2 0.04453125 0.14765625 0.009375 0.00546875
16 0.3359375 0.11953125 0.009375 0.00703125
16 0.13046875 0.14765625 0.00390625 0.01015625
16 0.153125 0.14609375 0.00234375 0.009375
16 0.13828125 0.1484375 0.00390625 0.01015625
16 0.19375 0.14296875 0.003125 0.009375
16 0.14609375 0.14765625 0.00234375 0.01015625
16 0.2078125 0.14140625 0.00234375 0.00859375
16 0.1234375 0.1515625 0.00390625 0.0109375
16 0.17890625 0.1453125 0.00390625 0.01171875
16 0.18671875 0.1453125 0.00234375 0.01015625
16 0.20078125 0.14296875 0.00390625 0.01015625
16 0.33671875 0.1296875 0.009375 0.0046875
16 0.76015625 0.090625 0.00546875 0.01015625
16 0.80390625 0.08671875 0.00390625 0.00703125
16 0.76953125 0.09140625 0.00390625 0.0109375
16 0.78828125 0.08984375 0.00546875 0.01171875
16 0.796875 0.08828125 0.00390625 0.01015625
16 0.74296875 0.09375 0.00390625 0.0125
16 0.93671875 0.0734375 0.0078125 0.003125
16 0.7359375 0.0953125 0.00390625 0.01171875
16 0.778125 0.09140625 0.00625 0.01328125
16 0.93828125 0.08671875 0.00859375 0.00390625
16 0.8328125 0.10625 0.00625 0.0125
16 0.78828125 0.1125 0.00390625 0.01015625
16 0.77265625 0.1140625 0.00546875 0.0109375
16 0.78125 0.11328125 0.00546875 0.01328125
16 0.7546875 0.11640625 0.00234375 0.01015625
16 0.82421875 0.10859375 0.00390625 0.0125
16 0.93984375 0.096875 0.0078125 0.00390625
16 0.8078125 0.1109375 0.00546875 0.0109375
16 0.8390625 0.1078125 0.00546875 0.0140625
16 0.7984375 0.1125 0.00546875 0.01015625
20 0.684375 0.13046875 0.0140625 0.01328125
16 0.70078125 0.1328125 0.0078125 0.0046875
16 0.83828125 0.12578125 0.00703125 0.0046875
16 0.940625 0.1171875 0.0078125 0.00234375
16 0.70546875 0.14453125 0.009375 0.0046875
16 0.0296875 0.215625 0.0078125 0.00390625
20 0.6890625 0.15078125 0.0109375 0.0140625
16 0.7078125 0.15703125 0.00625 0.0046875
16 0.9421875 0.1390625 0.00390625 0.003125
16 0.709375 0.1640625 0.01171875 0.0046875
16 0.69921875 0.16796875 0.0046875 0.01015625
2 0.72421875 0.16953125 0.0125 0.00703125
16 0.84140625 0.15859375 0.0078125 0.0046875
16 0.94453125 0.14921875 0.009375 0.0046875
16 0.84296875 0.16796875 0.009375 0.00546875
16 0.9453125 0.16015625 0.01171875 0.0046875
16 0.8421875 0.178125 0.0109375 0.0046875
16 0.24765625 0.25234375 0.0109375 0.00625
16 0.2328125 0.25390625 0.01171875 0.009375
9 0.78671875 0.1984375 0.08046875 0.1265625
2 0.84609375 0.19375 0.009375 0.00703125
2 0.7296875 0.209375 0.0125 0.00859375
16 0.425 0.24140625 0.00390625 0.01328125
2 0.3703125 0.24921875 0.00625 0.0171875
16 0.38515625 0.271875 0.00390625 0.01328125
2 0.9046875 0.23515625 0.00859375 0.0046875
16 0.92421875 0.23359375 0.00625 0.00390625
16 0.9453125 0.234375 0.0109375 0.0046875
2 0.925 0.24453125 0.0078125 0.00390625
2 0.90625 0.24765625 0.01015625 0.00546875
16 0.47109375 0.29921875 0.009375 0.00703125
2 0.6359375 0.28125 0.009375 0.00546875
16 0.48671875 0.29765625 0.00859375 0.00546875
2 0.9078125 0.25546875 0.0078125 0.00390625
2 0.925 0.25546875 0.00703125 0.003125
16 0.596875 0.29296875 0.009375 0.0046875
16 0.06875 0.35234375 0.0125 0.00546875
16 0.5609375 0.3 0.0078125 0.0046875
16 0.6171875 0.29453125 0.009375 0.0046875
2 0.78515625 0.27734375 0.00859375 0.00546875
16 0.5609375 0.31015625 0.009375 0.0046875
2 0.06875 0.36328125 0.0109375 0.0046875
16 0.6171875 0.30625 0.00625 0.0046875
2 0.47109375 0.32734375 0.01171875 0.00625
16 0.06875 0.371875 0.01015625 0.00546875
16 0.61640625 0.31484375 0.00625 0.0046875
16 0.8859375 0.2921875 0.0109375 0.00859375
16 0.77734375 0.30390625 0.00625 0.0046875
16 0.07109375 0.384375 0.0109375 0.0046875
16 0.778125 0.3140625 0.0046875 0.0046875
16 0.88671875 0.3046875 0.009375 0.0046875
16 0.07109375 0.39453125 0.0078125 0.00390625
16 0.58359375 0.34296875 0.00859375 0.0046875
16 0.07265625 0.4046875 0.0109375 0.00390625
20 0.66796875 0.3421875 0.03984375 0.03203125
16 0.5828125 0.3515625 0.0078125 0.00390625
16 0.0734375 0.41484375 0.01015625 0.00625
16 0.5828125 0.36328125 0.0078125 0.0046875
16 0.07265625 0.4265625 0.0078125 0.0046875
2 0.00234375 0.05390625 0.00390625 0.00703125
2 0.07578125 0.43671875 0.01015625 0.00625
2 0.5875 0.3828125 0.0109375 0.00625
16 0.01640625 0.0515625 0.00625 0.00390625
16 0.68828125 0.3796875 0.00546875 0.0046875
16 0.075 0.446875 0.009375 0.00625
20 0.7015625 0.38203125 0.009375 0.0171875
16 0.05703125 0.45234375 0.0125 0.00703125
2 0.58671875 0.40078125 0.0078125 0.00390625
16 0.6875 0.390625 0.00625 0.00390625
16 0.0015625 0.46328125 0.00234375 0.00625
16 0.98359375 0.36015625 0.00625 0.00234375
16 0.0765625 0.4578125 0.0125 0.00703125
2 0.38125 0.42734375 0.0046875 0.015625
16 0.38984375 0.428125 0.00625 0.01484375
16 0.2578125 0.4453125 0.00703125 0.0046875
16 0.0765625 0.46796875 0.00859375 0.00703125
2 0.16484375 0.4609375 0.00546875 0.01328125
16 0.078125 0.47890625 0.009375 0.00546875
9 0.48984375 0.4390625 0.159375 0.1953125
20 0.04140625 0.48984375 0.04453125 0.05078125
20 0.70078125 0.421875 0.021875 0.02734375
16 0.08046875 0.48828125 0.00859375 0.00546875
16 0.3890625 0.45546875 0.00546875 0.0125
16 0.38125 0.4578125 0.00546875 0.0140625
2 0.18046875 0.48125 0.0140625 0.00625
16 0.89453125 0.40625 0.0078125 0.00234375
2 0.15390625 0.484375 0.0125 0.00625
2 0.59609375 0.4421875 0.0078125 0.0046875
16 0.08125 0.4984375 0.01015625 0.00546875
16 0.89609375 0.41796875 0.00546875 0.00390625
16 0.1765625 0.4953125 0.009375 0.00625
2 0.61640625 0.4484375 0.00625 0.0046875
16 0.59921875 0.45078125 0.01328125 0.00703125
2 0.08046875 0.50859375 0.009375 0.0046875
16 0.17890625 0.50859375 0.009375 0.00546875
2 0.61015625 0.4671875 0.0078125 0.0046875
2 0.59453125 0.4703125 0.0078125 0.00390625
2 0.08125 0.52890625 0.0109375 0.00625
2 0.63046875 0.47265625 0.00703125 0.00390625
2 0.61171875 0.4765625 0.01171875 0.00625
2 0.5953125 0.48046875 0.0078125 0.00390625
2 0.0171875 0.06015625 0.009375 0.0046875
16 0.08359375 0.5390625 0.0078125 0.00546875
20 0.021875 0.55546875 0.0390625 0.05
16 0.08359375 0.54921875 0.0078125 0.00546875
2 0.96640625 0.459375 0.00859375 0.00546875
16 0.08359375 0.5578125 0.00703125 0.003125
16 0.96875 0.46953125 0.00625 0.0046875
4 0.94140625 0.471875 0.0484375 0.4140625
2 0.26484375 0.54453125 0.0140625 0.003125
4 0.765625 0.49453125 0.07109375 0.43046875
4 0.8609375 0.48515625 0.0625 0.43203125
16 0.96640625 0.47890625 0.0046875 0.00390625
2 0.265625 0.55703125 0.009375 0.0046875
2 0.08828125 0.57734375 0.0140625 0.00703125
16 0.0875 0.58671875 0.0078125 0.00546875
16 0.634375 0.53046875 0.00625 0.003125