1 0.365625 0.91796875 0.02734375 0.06796875
1 0.24765625 0.94140625 0.02421875 0.04375
1 0.2859375 0.9421875 0.02265625 0.05078125
1 0.14296875 0.0984375 0.0265625 0.04921875
1 0.18828125 0.11015625 0.040625 0.1046875
15 0.21484375 0.12421875 0.01484375 0.04140625
1 0.04140625 0.17734375 0.02734375 0.0578125
1 0.14609375 0.18515625 0.02890625 0.05703125
1 0.20859375 0.3125 0.0265625 0.0484375
15 0.103125 0.32578125 0.01015625 0.05546875
15 0.11328125 0.32578125 0.01171875 0.0515625
1 0.2046875 0.3609375 0.025 0.0484375
1 0.14765625 0.040625 0.0296875 0.04453125
15 0.1390625 0.40703125 0.0203125 0.02734375
1 0.6171875 0.4265625 0.03515625 0.05546875
15 0.1390625 0.42890625 0.02265625 0.02265625
1 0.575 0.44453125 0.02265625 0.0515625
15 0.13828125 0.44765625 0.01875 0.02421875
1 0.478125 0.490625 0.02421875 0.04609375
15 0.209375 0.52890625 0.028125 0.03359375
15 0.578125 0.059375 0.0234375 0.04375
1 0.271875 0.615625 0.0515625 0.0671875
15 0.20546875 0.66875 0.015625 0.046875
15 0.14921875 0.684375 0.02109375 0.03203125
15 0.15703125 0.70625 0.01953125 0.021875
15 0.8328125 0.71015625 0.01796875 0.04609375
1 0.3765625 0.79375 0.0296875 0.08125
1 0.24140625 0.8015625 0.0234375 0.04609375
15 0.07890625 0.80390625 0.0203125 0.025
1 0.271875 0.825 0.02734375 0.0578125