16 0.34609375 0.015625 0.015625 0.01015625
2 0.40078125 0.52890625 0.01015625 0.01875
16 0.93984375 0.6359375 0.00859375 0.01640625
16 0.75546875 0.61640625 0.01171875 0.01875
16 0.7234375 0.61015625 0.01015625 0.015625
16 0.73125 0.61171875 0.01015625 0.015625
16 0.690625 0.6046875 0.0109375 0.01640625
16 0.6984375 0.60703125 0.01171875 0.0171875
16 0.73828125 0.6140625 0.01328125 0.01640625
16 0.6671875 0.6015625 0.01015625 0.01640625
16 0.659375 0.6 0.0109375 0.015625
16 0.684375 0.6046875 0.01171875 0.01796875
16 0.70625 0.60859375 0.0125 0.0203125
16 0.65234375 0.59921875 0.0109375 0.01484375
16 0.675 0.60390625 0.00859375 0.01328125
2 0.53984375 0.5796875 0.0171875 0.0125
16 0.74453125 0.61640625 0.01015625 0.021875
16 0.71484375 0.61171875 0.0078125 0.01484375
16 0.86015625 0.63828125 0.009375 0.01484375
16 0.91015625 0.65 0.01171875 0.0171875
16 0.92734375 0.653125 0.009375 0.0140625
2 0.9375 0.6546875 0.01171875 0.0171875
16 0.5421875 0.59296875 0.009375 0.0140625
2 0.5328125 0.59140625 0.01015625 0.01640625
2 0.41796875 0.57421875 0.015625 0.01171875
2 0.4984375 0.590625 0.01640625 0.01328125
16 0.2921875 0.0140625 0.01015625 0.01484375
16 0.675 0.08359375 0.02265625 0.01875
16 0.225 0.00390625 0.01328125 0.0078125
2 0.303125 0.59921875 0.01640625 0.01171875
16 0.31875 0.60546875 0.01015625 0.01640625
2 0.32734375 0.60703125 0.01015625 0.01484375
16 0.20859375 0.003125 0.0171875 0.00625
16 0.5421875 0.0609375 0.02109375 0.01875
16 0.50625 0.05546875 0.02265625 0.0203125
2 0.3 0.6171875 0.0171875 0.01171875
16 0.475 0.05078125 0.02109375 0.01875
16 0.9796875 0.14140625 0.00859375 0.01640625
16 0.39296875 0.0359375 0.01953125 0.01796875
16 0.44375 0.0453125 0.02265625 0.01875
2 0.97265625 0.13984375 0.01015625 0.01484375
2 0.9890625 0.14375 0.01015625 0.015625
2 0.96484375 0.1390625 0.01015625 0.0171875
2 0.9375 0.74375 0.0171875 0.01171875
2 0.9359375 0.75234375 0.01640625 0.0109375
2 0.0625 0.6015625 0.0109375 0.01875
2 0.07890625 0.60546875 0.009375 0.01484375
2 0.10390625 0.61015625 0.01171875 0.015625
2 0.11171875 0.6125 0.009375 0.01484375
16 0.07109375 0.6046875 0.01015625 0.0171875
16 0.0546875 0.60234375 0.0109375 0.01640625
2 0.0875 0.60859375 0.0125 0.0171875
2 0.09609375 0.61015625 0.01171875 0.0171875
2 0.93359375 0.7609375 0.01484375 0.01015625
2 0.93203125 0.76875 0.01640625 0.01171875
9 0.61640625 0.71640625 0.1265625 0.13828125
2 0.11953125 0.63125 0.0125 0.0171875
2 0.1265625 0.63359375 0.01015625 0.015625
16 0.10859375 0.6296875 0.009375 0.01484375
16 0.06953125 0.6234375 0.01171875 0.01796875
16 0.06171875 0.62265625 0.0109375 0.015625
16 0.09296875 0.628125 0.01171875 0.015625
16 0.08515625 0.6265625 0.01171875 0.0140625
16 0.07734375 0.62578125 0.01171875 0.015625
16 0.1015625 0.63125 0.0140625 0.01875
2 0.28671875 0.6953125 0.01796875 0.01328125
9 0.2109375 0.6828125 0.06640625 0.109375
9 0.08203125 0.6734375 0.09140625 0.06953125
16 0.27109375 0.72421875 0.0171875 0.0109375
16 0.26328125 0.73359375 0.01640625 0.01171875
16 0.26171875 0.74296875 0.01640625 0.009375
16 0.57421875 0.80078125 0.00859375 0.01484375
16 0.58125 0.80234375 0.009375 0.0171875
16 0.565625 0.8 0.01015625 0.0171875
16 0.59609375 0.80546875 0.01015625 0.015625
16 0.5890625 0.80390625 0.01015625 0.0171875
2 0.6125 0.8078125 0.00859375 0.01640625
2 0.603125 0.80703125 0.00859375 0.01484375
2 0.53125 0.79375 0.01171875 0.01796875
2 0.53828125 0.79609375 0.00859375 0.0140625
16 0.546875 0.7984375 0.01015625 0.015625
16 0.23203125 0.74609375 0.02109375 0.00859375
16 0.203125 0.74140625 0.0328125 0.01328125
16 0.11640625 0.728125 0.00859375 0.01328125
16 0.0453125 0.715625 0.00859375 0.0140625
16 0.1 0.72578125 0.00859375 0.01484375
16 0.06015625 0.71875 0.00859375 0.01640625
16 0.0921875 0.72421875 0.00859375 0.0140625
16 0.053125 0.71796875 0.00859375 0.01328125
16 0.1078125 0.72734375 0.00859375 0.0140625
16 0.028125 0.7140625 0.00703125 0.01328125
16 0.12421875 0.73046875 0.00859375 0.01171875
16 0.0125 0.7109375 0.00703125 0.01171875
16 0.02109375 0.7125 0.00703125 0.01171875
16 0.0359375 0.71484375 0.00859375 0.0140625
16 0.07578125 0.72265625 0.00859375 0.0109375
2 0.0046875 0.709375 0.00859375 0.01484375
16 0.06875 0.72109375 0.00859375 0.01328125
16 0.084375 0.72421875 0.0078125 0.01328125
16 0.17421875 0.74140625 0.0171875 0.01015625
16 0.63046875 0.83125 0.0109375 0.015625
16 0.64609375 0.83515625 0.01015625 0.01640625
16 0.6234375 0.83125 0.00859375 0.01328125
16 0.6546875 0.83671875 0.01015625 0.01484375
16 0.63828125 0.834375 0.01015625 0.01484375
16 0.61640625 0.83046875 0.009375 0.01484375
16 0.54375 0.81875 0.01015625 0.01796875
2 0.52734375 0.815625 0.009375 0.0171875
16 0.534375 0.8171875 0.00859375 0.01484375
16 0.065625 0.7390625 0.0125 0.01875
2 0.09765625 0.7453125 0.0109375 0.0171875
2 0.10546875 0.746875 0.0125 0.01796875
2 0.08125 0.74296875 0.01328125 0.015625
2 0.08984375 0.74453125 0.0125 0.01875
2 0.05625 0.73984375 0.01171875 0.0171875
2 0.121875 0.7515625 0.01171875 0.01640625
2 0.07421875 0.74296875 0.01171875 0.015625
2 0.1140625 0.75 0.0125 0.0203125
2 0.5640625 0.84140625 0.00859375 0.01484375
2 0.5796875 0.8453125 0.00859375 0.01484375
16 0.5953125 0.8484375 0.01171875 0.0171875
16 0.60390625 0.85 0.01171875 0.0171875
16 0.57265625 0.84453125 0.00859375 0.01484375
2 0.5875 0.846875 0.0109375 0.0171875
16 0.61015625 0.8515625 0.0109375 0.0171875
2 0.515625 0.83671875 0.01015625 0.0140625
2 0.53125 0.83984375 0.01171875 0.0171875
2 0.5390625 0.8421875 0.01015625 0.01640625
16 0.23125 0.79296875 0.01640625 0.01015625
16 0.10390625 0.77734375 0.0125 0.01796875
16 0.07109375 0.771875 0.0125 0.01875
16 0.07890625 0.7734375 0.0140625 0.01796875
16 0.0859375 0.77421875 0.01328125 0.0171875
16 0.0953125 0.7765625 0.01484375 0.01875
16 0.06328125 0.77109375 0.01171875 0.0171875
2 0.53125 0.86015625 0.01953125 0.01484375
2 0.5109375 0.85703125 0.01953125 0.01171875
2 0.52890625 0.86015625 0.0171875 0.01171875
2 0.54296875 0.8625 0.01953125 0.01328125
2 0.5109375 0.85703125 0.01875 0.0109375
16 0.4328125 0.846875 0.01015625 0.01484375
2 0.45859375 0.8515625 0.01015625 0.01640625
16 0.40078125 0.84140625 0.00859375 0.01328125
2 0.409375 0.84296875 0.00859375 0.01484375
16 0.38515625 0.8390625 0.01875 0.0203125
16 0.44140625 0.84921875 0.01015625 0.0171875
16 0.18203125 0.803125 0.01015625 0.015625
16 0.3671875 0.83671875 0.00859375 0.01484375
16 0.1703125 0.803125 0.021875 0.0203125
2 0.05234375 0.78515625 0.00859375 0.0140625
16 0.1515625 0.80546875 0.01484375 0.01015625
4 0.7046875 0.903125 0.09296875 0.19296875
4 0.80234375 0.92265625 0.08515625 0.1546875
16 0.84375 0.99765625 0.01015625 0.00390625
16 0.99296875 0.20859375 0.0125 0.01328125
16 0.325 0.090625 0.01484375 0.009375
16 0.3234375 0.0984375 0.01640625 0.00859375
16 0.26484375 0.1015625 0.01484375 0.009375
16 0.32109375 0.11328125 0.01875 0.01953125
16 0.28046875 0.10703125 0.01953125 0.02421875
16 0.5046875 0.15078125 0.0171875 0.01171875
16 0.50234375 0.16015625 0.015625 0.01015625
2 0.50078125 0.16640625 0.015625 0.00859375
16 0.18359375 0.11015625 0.01796875 0.0125
16 0.19765625 0.1140625 0.01484375 0.0078125
16 0.3046875 0.13828125 0.01484375 0.01171875
2 0.5015625 0.17421875 0.0171875 0.0125
16 0.25234375 0.134375 0.01015625 0.015625
2 0.2609375 0.13671875 0.01015625 0.01484375
16 0.24453125 0.134375 0.00859375 0.0140625
16 0.75625 0.228125 0.00859375 0.01484375
16 0.746875 0.2265625 0.00859375 0.0140625
2 0.4984375 0.184375 0.015625 0.01171875
16 0.496875 0.1921875 0.01484375 0.01015625
16 0.234375 0.15546875 0.01015625 0.015625
16 0.24140625 0.15703125 0.00859375 0.01484375
16 0.17578125 0.15 0.01640625 0.01015625
2 0.3171875 0.17890625 0.01015625 0.01328125
16 0.175 0.1609375 0.01796875 0.009375
2 0.48515625 0.221875 0.01640625 0.0125
16 0.6390625 0.24921875 0.0265625 0.021875
16 0.6203125 0.24609375 0.01171875 0.0171875
16 0.9140625 0.3 0.02265625 0.02265625
16 0.6609375 0.25546875 0.02265625 0.02421875
16 0.68046875 0.259375 0.0203125 0.0203125
16 0.703125 0.26484375 0.009375 0.01484375
2 0.6953125 0.2640625 0.00859375 0.01484375
9 0.39921875 0.2125 0.1765625 0.17421875
4 0.8015625 0.07109375 0.3953125 0.11875
16 0.19375 0.20390625 0.01015625 0.01640625
4 0.478125 0.03125 0.2703125 0.0625
2 0.26796875 0.221875 0.009375 0.0125
2 0.478125 0.2609375 0.01015625 0.01484375
16 0.28125 0.2296875 0.01015625 0.015625
16 0.46953125 0.2984375 0.01875 0.01875
9 0.94296875 0.384375 0.11328125 0.146875
16 0.85234375 0.36875 0.0203125 0.0234375
16 0.6984375 0.34140625 0.0109375 0.01953125
16 0.73984375 0.34921875 0.00859375 0.01484375
16 0.75234375 0.3515625 0.01015625 0.01796875
16 0.76171875 0.35390625 0.00859375 0.01484375
2 0.23203125 0.2609375 0.00859375 0.0171875
16 0.2765625 0.278125 0.0078125 0.015625
16 0.26875 0.27734375 0.01015625 0.0171875
2 0.28515625 0.28046875 0.009375 0.01328125
16 0.84921875 0.38671875 0.01953125 0.0203125
2 0.80625 0.37890625 0.01015625 0.01484375
16 0.75625 0.37109375 0.021875 0.021875
2 0.371875 0.303125 0.0171875 0.01171875
16 0.79140625 0.378125 0.02109375 0.0203125
16 0.72890625 0.3671875 0.0109375 0.01484375
16 0.82109375 0.38359375 0.02109375 0.01875
16 0.59765625 0.34375 0.021875 0.02109375
16 0.61796875 0.3484375 0.021875 0.0203125
16 0.646875 0.353125 0.02265625 0.021875
16 0.30625 0.29375 0.01484375 0.01015625
16 0.31953125 0.29609375 0.01484375 0.00859375
16 0.3296875 0.3015625 0.01015625 0.0171875
2 0.3703125 0.3109375 0.01640625 0.01171875
2 0.3515625 0.3078125 0.01640625 0.01171875
16 0.49921875 0.334375 0.0171875 0.01328125
16 0.4390625 0.3421875 0.0125 0.01875
16 0.90078125 0.45234375 0.01015625 0.0171875
2 0.3109375 0.35546875 0.01015625 0.01640625
2 0.553125 0.40859375 0.0171875 0.01171875
2 0.125 0.334375 0.01875 0.01328125
2 0.10859375 0.33203125 0.01640625 0.01328125
16 0.67109375 0.4328125 0.01171875 0.0203125
16 0.68515625 0.43515625 0.0109375 0.01875
9 0.36875 0.38046875 0.11640625 0.13203125
16 0.55078125 0.4171875 0.01640625 0.01015625
16 0.6078125 0.43359375 0.02109375 0.02265625
16 0.5484375 0.42734375 0.01640625 0.01015625
2 0.425 0.40703125 0.01328125 0.0203125
16 0.72578125 0.46640625 0.009375 0.0140625
2 0.5484375 0.43671875 0.015625 0.01015625
16 0.17421875 0.36953125 0.0203125 0.0140625
2 0.12421875 0.36640625 0.01953125 0.0125
2 0.14296875 0.36953125 0.01953125 0.0125
2 0.1046875 0.3640625 0.0171875 0.0109375
2 0.1734375 0.3796875 0.01875 0.009375
2 0.1953125 0.384375 0.01953125 0.0109375
2 0.12265625 0.37578125 0.01875 0.0109375
2 0.14296875 0.3796875 0.01484375 0.01015625
2 0.103125 0.37265625 0.01640625 0.009375
2 0.19453125 0.39140625 0.01953125 0.01171875
2 0.17109375 0.38984375 0.01640625 0.01015625
2 0.13984375 0.38828125 0.01796875 0.01171875
2 0.10234375 0.38125 0.015625 0.00859375
2 0.1203125 0.3859375 0.01640625 0.01015625
16 0.34765625 0.0078125 0.01640625 0.0109375
2 0.16953125 0.3984375 0.01484375 0.00859375
2 0.11875 0.39453125 0.01484375 0.00859375
2 0.1 0.3921875 0.01796875 0.01171875
16 0.40546875 0.44765625 0.025 0.01171875
2 0.16875 0.40546875 0.01875 0.01015625
2 0.09921875 0.4015625 0.01796875 0.01171875
2 0.1671875 0.41484375 0.01640625 0.01015625
2 0.19296875 0.41953125 0.01640625 0.01015625
2 0.4109375 0.459375 0.01640625 0.01171875
2 0.165625 0.4234375 0.01796875 0.0109375
2 0.18984375 0.428125 0.01796875 0.01171875
2 0.09765625 0.4125 0.021875 0.01328125
16 0.8515625 0.55234375 0.009375 0.0171875
16 0.74140625 0.53671875 0.0109375 0.0171875
16 0.76796875 0.54140625 0.00859375 0.0140625
16 0.75859375 0.540625 0.009375 0.0171875
16 0.10859375 0.4359375 0.0203125 0.01328125
16 0.878125 0.57421875 0.01015625 0.0140625
16 0.86875 0.57265625 0.0109375 0.01953125
16 0.68984375 0.54296875 0.01015625 0.015625
2 0.09140625 0.43671875 0.01796875 0.01484375
16 0.696875 0.54453125 0.01015625 0.01484375
16 0.71328125 0.54765625 0.00859375 0.0140625
16 0.728125 0.55078125 0.01015625 0.015625
16 0.7203125 0.54921875 0.00859375 0.01484375
16 0.75703125 0.55625 0.0109375 0.01484375
16 0.74609375 0.55390625 0.01328125 0.0203125
16 0.73671875 0.553125 0.01015625 0.01640625
16 0.76640625 0.5578125 0.01171875 0.01484375
16 0.70546875 0.54765625 0.0109375 0.01875
16 0.68046875 0.54375 0.01015625 0.01484375
2 0.178125 0.45859375 0.01640625 0.0109375
16 0.128125 0.45078125 0.01796875 0.01171875
16 0.1609375 0.46015625 0.01875 0.01015625