2 0.4515625 0.140625 0.09296875 0.04296875
16 0.7796875 0.12421875 0.01640625 0.0265625
16 0.79375 0.1265625 0.01484375 0.03046875
2 0.115625 0.21171875 0.01484375 0.03125
2 0.13046875 0.2109375 0.01640625 0.0328125
2 0.4015625 0.19375 0.0265625 0.0484375
2 0.5015625 0.18671875 0.025 0.0453125
2 0.4390625 0.1953125 0.025 0.0484375
2 0.01953125 0.25078125 0.03828125 0.08671875
2 0.06171875 0.25234375 0.01640625 0.025
16 0.04765625 0.25859375 0.01796875 0.034375
2 0.475 0.225 0.0453125 0.021875
2 0.846875 0.1953125 0.0265625 0.0515625
16 0.41484375 0.2515625 0.01640625 0.0296875
2 0.79765625 0.20625 0.01796875 0.02421875
2 0.8671875 0.19765625 0.01640625 0.034375
16 0.4 0.25625 0.01640625 0.0265625
16 0.10703125 0.32421875 0.03125 0.0125
16 0.11015625 0.3359375 0.0265625 0.01328125
16 0.1125 0.34921875 0.0265625 0.015625
16 0.1140625 0.3609375 0.028125 0.01328125
16 0.115625 0.371875 0.02578125 0.01015625
16 0.44609375 0.33828125 0.03125 0.015625
9 0.26796875 0.3640625 0.24140625 0.2359375
16 0.11875 0.384375 0.02109375 0.0125
16 0.44765625 0.34921875 0.028125 0.015625
9 0.04453125 0.41640625 0.0890625 0.20546875
4 0.91328125 0.3109375 0.0890625 0.1296875
16 0.6296875 0.346875 0.0234375 0.01484375
2 0.83515625 0.32890625 0.0484375 0.028125
16 0.61484375 0.36015625 0.028125 0.01328125
2 0.61875 0.3734375 0.028125 0.015625
16 0.66171875 0.3796875 0.01484375 0.02734375
16 0.81875 0.3609375 0.02578125 0.01328125
16 0.6859375 0.37734375 0.01640625 0.025
16 0.67578125 0.3796875 0.0140625 0.028125
16 0.43359375 0.41328125 0.028125 0.01796875
20 0.85390625 0.36640625 0.0375 0.0328125
16 0.7921875 0.3765625 0.0234375 0.0125
16 0.82109375 0.37265625 0.0265625 0.015625
16 0.4359375 0.42890625 0.0296875 0.015625
16 0.809375 0.3859375 0.0265625 0.01484375
20 0.76328125 0.3953125 0.04375 0.03671875
16 0.78828125 0.3984375 0.0171875 0.02734375
16 0.43828125 0.44140625 0.0265625 0.0125
20 0.72578125 0.40859375 0.03359375 0.0359375
16 0.81640625 0.40390625 0.0234375 0.01171875
20 0.8625 0.40234375 0.0375 0.0359375
16 0.8203125 0.41796875 0.0265625 0.015625
2 0.75078125 0.4296875 0.028125 0.01484375
16 0.78203125 0.4265625 0.028125 0.01640625
16 0.78046875 0.440625 0.025 0.01015625
16 0.75390625 0.446875 0.0296875 0.01484375
9 0.58359375 0.4671875 0.12890625 0.125
16 0.89609375 0.43671875 0.03359375 0.01875
20 0.83984375 0.44375 0.03671875 0.034375
16 0.7859375 0.45546875 0.025 0.01328125
16 0.8671875 0.446875 0.01796875 0.025
2 0.75390625 0.46015625 0.028125 0.0125
16 0.46015625 0.49765625 0.02578125 0.0125
2 0.78671875 0.4671875 0.0265625 0.015625
16 0.7578125 0.4703125 0.0234375 0.0125
16 0.4609375 0.51015625 0.02890625 0.01328125
16 0.78828125 0.48046875 0.0234375 0.01015625
2 0.759375 0.48359375 0.02890625 0.01328125
2 0.06328125 0.57109375 0.01953125 0.0296875
2 0.04609375 0.57421875 0.01953125 0.0265625
16 0.03203125 0.57578125 0.01796875 0.03046875
16 0.0078125 0.57890625 0.00625 0.02421875
2 0.01953125 0.578125 0.0171875 0.0328125
2 0.790625 0.4921875 0.02890625 0.01328125
16 0.759375 0.496875 0.025 0.0125
16 0.88984375 0.4890625 0.02578125 0.01328125
2 0.7609375 0.509375 0.028125 0.0125
16 0.79296875 0.50546875 0.028125 0.01171875
16 0.8875 0.50234375 0.0265625 0.01171875
16 0.7609375 0.5203125 0.0265625 0.01328125
16 0.79375 0.51875 0.028125 0.0125
16 0.88984375 0.515625 0.028125 0.0125
16 0.86015625 0.52109375 0.02265625 0.0125
16 0.7953125 0.53046875 0.0265625 0.0125
16 0.41875 0.57890625 0.02578125 0.01484375
16 0.7640625 0.5375 0.02578125 0.01484375
2 0.65390625 0.5515625 0.01640625 0.028125
16 0.4765625 0.5796875 0.01640625 0.025
16 0.4640625 0.5828125 0.01640625 0.03359375
16 0.79765625 0.54375 0.025 0.01484375
16 0.76796875 0.5484375 0.03125 0.01640625
2 0.61796875 0.56640625 0.0296875 0.01328125
16 0.4203125 0.59140625 0.0265625 0.01484375
9 0.046875 0.63671875 0.07421875 0.0828125
2 0.846875 0.54375 0.0296875 0.01484375
16 0.76796875 0.55859375 0.0265625 0.0125
16 0.79921875 0.55625 0.0234375 0.01171875
2 0.40625 0.6203125 0.03125 0.01484375
16 0.56953125 0.6109375 0.0296875 0.015625
16 0.8546875 0.584375 0.02890625 0.015625
2 0.41328125 0.63984375 0.0484375 0.0265625
16 0.56953125 0.6234375 0.0265625 0.0125
2 0.0828125 0.6859375 0.01640625 0.03046875
16 0.3125 0.659375 0.01640625 0.0296875
16 0.02421875 0.69453125 0.009375 0.0265625
16 0.034375 0.69375 0.0125 0.02734375
2 0.0484375 0.69375 0.0125 0.028125
2 0.065625 0.6921875 0.01640625 0.028125
9 0.50625 0.6421875 0.0796875 0.07109375
2 0.85859375 0.60625 0.02578125 0.01484375
4 0.95625 0.596875 0.0859375 0.2734375
16 0.5796875 0.64765625 0.0140625 0.025
16 0.25390625 0.690625 0.01640625 0.02734375
16 0.88984375 0.621875 0.0265625 0.01328125
9 0.69921875 0.65390625 0.165625 0.14765625
16 0.83125 0.6421875 0.01640625 0.0265625
16 0.434375 0.690625 0.01484375 0.0328125
16 0.89609375 0.63515625 0.02578125 0.01484375
16 0.38125 0.69765625 0.0171875 0.03046875
16 0.365625 0.7 0.0171875 0.03359375
16 0.41953125 0.69375 0.01484375 0.0296875
16 0.39296875 0.69765625 0.0140625 0.0265625
16 0.40859375 0.69765625 0.01171875 0.0265625
2 0.06015625 0.746875 0.01953125 0.028125
2 0.58515625 0.68515625 0.0265625 0.01328125
16 0.896875 0.64765625 0.028125 0.015625
2 0.48984375 0.6984375 0.03125 0.01640625
16 0.24921875 0.73046875 0.028125 0.01171875
16 0.08984375 0.75 0.03203125 0.01953125
2 0.85078125 0.66171875 0.028125 0.01796875
16 0.58828125 0.7 0.02578125 0.01328125
2 0.44765625 0.7203125 0.0171875 0.0296875
2 0.425 0.7265625 0.0296875 0.01796875
16 0.58984375 0.7140625 0.028125 0.01484375
16 0.796875 0.69609375 0.0171875 0.02734375
2 0.06484375 0.7859375 0.06953125 0.04609375
16 0.59140625 0.72578125 0.02890625 0.01171875
9 0.53203125 0.7421875 0.06953125 0.08359375
2 0.8921875 0.703125 0.0140625 0.0296875
16 0.5921875 0.73984375 0.028125 0.01171875
2 0.86640625 0.709375 0.01640625 0.0265625
16 0.80390625 0.7265625 0.01484375 0.0265625
16 0.59453125 0.75234375 0.02578125 0.01171875
16 0.73203125 0.73828125 0.01796875 0.028125
16 0.70546875 0.74296875 0.01640625 0.0265625
16 0.6515625 0.75078125 0.0140625 0.02734375
16 0.678125 0.74609375 0.01484375 0.02734375
16 0.62578125 0.75390625 0.01171875 0.0234375
16 0.63984375 0.7515625 0.0140625 0.0234375
16 0.69296875 0.74609375 0.02265625 0.0296875
16 0.7203125 0.74296875 0.0171875 0.0296875
16 0.665625 0.75078125 0.0171875 0.02734375
4 0.6734375 0.0484375 0.3453125 0.09609375
16 0.7453125 0.74609375 0.01640625 0.028125
16 0.77109375 0.74296875 0.0140625 0.02421875
16 0.759375 0.74453125 0.01171875 0.02421875
16 0.475 0.7859375 0.028125 0.015625
16 0.61484375 0.76953125 0.0125 0.025
16 0.60234375 0.771875 0.01640625 0.02734375
16 0.478125 0.7984375 0.025 0.01328125
16 0.7234375 0.771875 0.01171875 0.02734375
16 0.65625 0.78046875 0.01640625 0.0265625
16 0.69609375 0.7765625 0.01484375 0.0265625
2 0.709375 0.775 0.0140625 0.028125
16 0.68203125 0.77890625 0.01484375 0.02734375
16 0.73671875 0.771875 0.01640625 0.0265625
16 0.62890625 0.78515625 0.0140625 0.025
16 0.64140625 0.784375 0.01484375 0.0265625
2 0.66875 0.78125 0.01640625 0.02734375
16 0.74921875 0.77265625 0.0140625 0.03125
16 0.775 0.77109375 0.01640625 0.0265625
16 0.76171875 0.77265625 0.01484375 0.025
16 0.59453125 0.803125 0.0125 0.021875
16 0.578125 0.80859375 0.01640625 0.0265625
9 0.359375 0.83671875 0.1890625 0.18359375
2 0.1859375 0.884375 0.01796875 0.028125
16 0.21640625 0.88828125 0.03125 0.01796875
2 0.76953125 0.8296875 0.0203125 0.0328125
9 0.8171875 0.825 0.071875 0.07578125
9 0.715625 0.83828125 0.07109375 0.07890625
4 0.96328125 0.8078125 0.07109375 0.14375
4 0.14296875 0.1140625 0.2859375 0.109375
9 0.53984375 0.8625 0.0578125 0.07578125
2 0.6703125 0.85234375 0.01796875 0.03125
2 0.58203125 0.87421875 0.01640625 0.02734375
2 0.184375 0.9265625 0.09765625 0.0546875
2 0.49609375 0.9171875 0.03984375 0.0234375
16 0.5015625 0.93125 0.0375 0.015625
4 0.65 0.965625 0.15546875 0.05546875
2 0.84609375 0.95859375 0.01796875 0.00703125
9 0.7890625 0.9640625 0.078125 0.01796875