2 0.61953125 0.53203125 0.0078125 0.00546875
16 0.18984375 0.63515625 0.00546875 0.0109375
16 0.10625 0.65859375 0.00703125 0.0046875
2 0.61953125 0.53984375 0.0046875 0.003125
16 0.63359375 0.5375 0.00625 0.00390625
16 0.8109375 0.49609375 0.009375 0.0046875
16 0.79296875 0.50546875 0.00625 0.00546875
16 0.1078125 0.66640625 0.00703125 0.0046875
16 0.54375 0.5640625 0.0078125 0.00703125
16 0.89609375 0.48515625 0.01171875 0.00625
16 0.10859375 0.67421875 0.00703125 0.00625
9 0.97421875 0.47265625 0.040625 0.0671875
2 0.5453125 0.57421875 0.0109375 0.00546875
16 0.5640625 0.5703125 0.0109375 0.009375
16 0.45 0.59765625 0.0078125 0.00625
16 0.7078125 0.54453125 0.0078125 0.00546875
2 0.565625 0.57890625 0.01171875 0.00625
2 0.546875 0.58359375 0.0078125 0.00390625
16 0.9 0.5015625 0.01015625 0.0046875
16 0.45 0.6078125 0.00625 0.00625
16 0.48359375 0.6 0.009375 0.00625
2 0.71015625 0.5546875 0.00546875 0.003125
2 0.56796875 0.5890625 0.0078125 0.0046875
16 0.5484375 0.59453125 0.00703125 0.00390625
16 0.61171875 0.5796875 0.00625 0.00390625
2 0.38046875 0.6390625 0.00546875 0.0140625
16 0.7125 0.5640625 0.00625 0.00390625
16 0.6125 0.58828125 0.0078125 0.00546875
16 0.56796875 0.59921875 0.00625 0.00390625
2 0.55 0.60390625 0.01015625 0.00625
16 0.596875 0.59453125 0.009375 0.00546875
16 0.81875 0.54609375 0.0078125 0.0046875
16 0.903125 0.52734375 0.01015625 0.00625
16 0.8 0.55234375 0.0046875 0.0046875
16 0.8859375 0.5328125 0.009375 0.00625
16 0.5515625 0.61328125 0.00859375 0.00546875
16 0.56953125 0.60859375 0.0078125 0.00390625
16 0.45859375 0.63515625 0.00859375 0.0046875
2 0.58515625 0.60625 0.0078125 0.00703125
16 0.71328125 0.578125 0.0078125 0.00546875
2 0.478125 0.63359375 0.01484375 0.00859375
20 0.41328125 0.65078125 0.0421875 0.040625
2 0.553125 0.62109375 0.01015625 0.00625
16 0.57109375 0.61953125 0.0046875 0.00390625
16 0.58671875 0.61640625 0.0078125 0.00390625
16 0.46015625 0.64765625 0.00859375 0.00625
16 0.715625 0.58984375 0.0046875 0.00625
16 0.5734375 0.63125 0.0078125 0.00546875
16 0.71875 0.5984375 0.00703125 0.00546875
16 0.43125 0.6734375 0.00859375 0.00625
16 0.8140625 0.58828125 0.00625 0.00390625
16 0.6625 0.634375 0.01171875 0.00703125
16 0.21328125 0.75 0.00625 0.0125
16 0.20546875 0.75234375 0.0046875 0.0140625
16 0.6640625 0.6453125 0.00859375 0.0046875
4 0.6984375 0.63828125 0.0546875 0.178125
16 0.3859375 0.71953125 0.0125 0.00625
16 0.665625 0.6546875 0.0078125 0.00390625
16 0.36171875 0.72734375 0.0078125 0.00625
9 0.134375 0.78203125 0.0390625 0.0890625
16 0.16953125 0.77890625 0.01171875 0.0078125
16 0.1859375 0.77578125 0.01015625 0.00703125
16 0.66875 0.6671875 0.0046875 0.00390625
2 0.1734375 0.7890625 0.01015625 0.00703125
16 0.43671875 0.7296875 0.00859375 0.00625
2 0.10234375 0.81015625 0.01015625 0.00703125
16 0.1890625 0.79453125 0.0078125 0.00390625
16 0.175 0.80078125 0.01171875 0.00859375
16 0.10390625 0.81953125 0.01171875 0.00703125
2 0.4390625 0.7421875 0.01484375 0.0078125
2 0.1046875 0.8296875 0.01015625 0.00703125
16 0.4390625 0.7515625 0.01015625 0.00625
2 0.17734375 0.815625 0.01484375 0.00859375
16 0.440625 0.7609375 0.01015625 0.00625
16 0.6203125 0.02265625 0.0109375 0.00703125
2 0.0875 0.14921875 0.00625 0.003125
16 0.5890625 0.73203125 0.0078125 0.0046875
16 0.56875 0.73828125 0.01015625 0.00859375
16 0.5484375 0.74453125 0.01015625 0.00625
16 0.534375 0.74921875 0.0078125 0.00625
16 0.6296875 0.72734375 0.0078125 0.00625
16 0.42109375 0.77734375 0.00703125 0.00546875
9 0.646875 0.7296875 0.015625 0.025
16 0.12265625 0.853125 0.00625 0.00546875
2 0.62890625 0.73671875 0.01171875 0.00546875
16 0.42421875 0.78828125 0.0078125 0.00546875
9 0.39296875 0.79765625 0.040625 0.02578125
16 0.9671875 0.66484375 0.0046875 0.0125
2 0.125 0.86484375 0.0078125 0.0046875
16 0.584375 0.03515625 0.0078125 0.00625
16 0.89609375 0.684375 0.01171875 0.009375
16 0.875 0.68984375 0.009375 0.00546875
16 0.6046875 0.03046875 0.00859375 0.0046875
16 0.12578125 0.8734375 0.00703125 0.0046875
9 0.75859375 0.728125 0.0296875 0.0203125
16 0.97109375 0.68203125 0.00546875 0.0125
16 0.0015625 0.17421875 0.003125 0.00703125
9 0.31015625 0.84296875 0.0484375 0.04140625
16 0.99765625 0.68359375 0.00390625 0.00625
16 0.12578125 0.89296875 0.00390625 0.009375
16 0.10859375 0.896875 0.00625 0.01015625
16 0.1015625 0.89921875 0.00390625 0.009375
2 0.27734375 0.85703125 0.01328125 0.009375
16 0.11796875 0.8953125 0.00625 0.01015625
16 0.70625 0.75859375 0.0046875 0.0140625
2 0.7140625 0.75703125 0.0046875 0.01484375
2 0.728125 0.75390625 0.0046875 0.01484375
16 0.73515625 0.75234375 0.0046875 0.0109375
16 0.721875 0.75625 0.003125 0.0109375
16 0.88046875 0.72109375 0.00859375 0.00625
16 0.14609375 0.89765625 0.0046875 0.0125
16 0.1375 0.89921875 0.00703125 0.0140625
16 0.1546875 0.896875 0.0046875 0.01328125
16 0.278125 0.86796875 0.009375 0.00625
16 0.8828125 0.7296875 0.01171875 0.00859375
16 0.61171875 0.79296875 0.00625 0.01171875
2 0.65703125 0.7828125 0.00625 0.0125
2 0.6421875 0.78828125 0.0046875 0.0125
2 0.65 0.7859375 0.0046875 0.01484375
2 0.63671875 0.7890625 0.0046875 0.01171875
16 0.31484375 0.10234375 0.0109375 0.0078125
16 0.5828125 0.80390625 0.009375 0.00546875
16 0.90234375 0.73046875 0.0078125 0.00546875
16 0.790625 0.75625 0.00859375 0.00546875
16 0.11328125 0.915625 0.0046875 0.01328125
2 0.12109375 0.9140625 0.0078125 0.0171875
2 0.0796875 0.92421875 0.00859375 0.0140625
16 0.27890625 0.87734375 0.009375 0.00546875
16 0.1296875 0.9125 0.0078125 0.0140625
2 0.09609375 0.9203125 0.00625 0.0140625
2 0.08828125 0.92265625 0.0078125 0.0140625
16 0.80859375 0.75390625 0.01328125 0.00546875
2 0.1046875 0.9203125 0.0046875 0.0140625
16 0.88359375 0.7390625 0.009375 0.00625
9 0.0375 0.16796875 0.0359375 0.07421875
20 0.5421875 0.825 0.01328125 0.01640625
16 0.16640625 0.13828125 0.0078125 0.00625
16 0.79375 0.76640625 0.0078125 0.0046875
20 0.52265625 0.8296875 0.01015625 0.01640625
16 0.49140625 0.83828125 0.00625 0.01171875
2 0.48359375 0.83984375 0.00625 0.01171875
20 0.50625 0.83671875 0.00859375 0.0140625
9 0.97265625 0.72890625 0.0328125 0.040625
2 0.925 0.74140625 0.0109375 0.00703125
16 0.88515625 0.75078125 0.00859375 0.00625
16 0.57734375 0.82421875 0.00234375 0.00859375
16 0.57109375 0.82578125 0.00546875 0.01171875
16 0.61875 0.81484375 0.0046875 0.01171875
2 0.3140625 0.88984375 0.00625 0.015625
16 0.3203125 0.8890625 0.0046875 0.01171875
16 0.796875 0.778125 0.01171875 0.00625
16 0.88671875 0.759375 0.0078125 0.0046875
2 0.796875 0.78671875 0.00859375 0.00390625
2 0.50390625 0.85546875 0.00625 0.0125
16 0.81328125 0.78359375 0.00859375 0.00546875
16 0.5140625 0.85390625 0.00625 0.0125
16 0.9078125 0.7625 0.00859375 0.00625
16 0.071875 0.1625 0.01328125 0.00625
16 0.52421875 0.853125 0.00703125 0.01328125
2 0.7984375 0.79609375 0.0078125 0.0046875
16 0.9109375 0.77265625 0.01015625 0.00859375
16 0.60546875 0.0390625 0.009375 0.00625
16 0.8171875 0.7984375 0.00859375 0.00390625
16 0.5875 0.04375 0.00859375 0.00625
2 0.4890625 0.8796875 0.00625 0.01640625
2 0.496875 0.87890625 0.00625 0.01328125
2 0.50625 0.8765625 0.0046875 0.0140625
2 0.52578125 0.87265625 0.00625 0.0125
16 0.6234375 0.03671875 0.00625 0.00390625
2 0.99140625 0.7703125 0.00390625 0.0109375
2 0.9984375 0.76875 0.00234375 0.0125
2 0.76015625 0.82734375 0.009375 0.00625
2 0.86875 0.80625 0.00859375 0.00625
2 0.81953125 0.81875 0.00859375 0.00390625
16 0.70625 0.846875 0.009375 0.00625
16 0.89140625 0.80390625 0.00859375 0.00546875
16 0.87109375 0.81484375 0.0078125 0.00546875
16 0.5 0.90234375 0.003125 0.009375
16 0.4921875 0.9046875 0.00625 0.009375
16 0.51484375 0.9 0.00625 0.01015625
16 0.765625 0.840625 0.00390625 0.01171875
16 0.771875 0.8390625 0.0046875 0.009375
16 0.821875 0.828125 0.0078125 0.00546875
2 0.528125 0.89765625 0.00390625 0.009375
2 0.52265625 0.89921875 0.00625 0.01328125
16 0.50703125 0.90234375 0.0046875 0.009375
2 0.996875 0.7921875 0.00625 0.01640625
2 0.9828125 0.79609375 0.00390625 0.0140625
2 0.89375 0.81796875 0.00546875 0.00625
2 0.87265625 0.82578125 0.00859375 0.00625
2 0.8203125 0.83984375 0.00859375 0.0046875
2 0.71015625 0.86796875 0.00859375 0.00546875
16 0.809375 0.8453125 0.00625 0.0125
16 0.775 0.85625 0.00390625 0.01015625
16 0.76796875 0.859375 0.00390625 0.01171875
2 0.89375 0.83203125 0.01484375 0.00703125
16 0.87578125 0.83671875 0.0078125 0.00625
16 0.825 0.85 0.0078125 0.00390625
2 0.7109375 0.87890625 0.0078125 0.00625
2 0.10234375 0.16328125 0.00546875 0.01328125
16 0.16875 0.1484375 0.00703125 0.00390625
16 0.62578125 0.04453125 0.0109375 0.00625
16 0.5890625 0.05390625 0.00390625 0.00390625
16 0.60625 0.05078125 0.00859375 0.00859375
16 0.1703125 0.1578125 0.0078125 0.00390625
16 0.62578125 0.05234375 0.00625 0.0046875
16 0.003125 0.20078125 0.00625 0.00625
16 0.75390625 0.02578125 0.0078125 0.0140625
16 0.171875 0.1671875 0.00625 0.00390625
2 0.10546875 0.1828125 0.00625 0.01171875
16 0.62890625 0.0609375 0.0078125 0.0046875
2 0.0921875 0.18828125 0.00859375 0.00390625
16 0.075 0.1921875 0.009375 0.00546875
16 0.0046875 0.2109375 0.00859375 0.00625
2 0.09375 0.19765625 0.009375 0.0046875
2 0.04375 0.2140625 0.0078125 0.00625
16 0.0265625 0.21875 0.0109375 0.0046875
2 0.06171875 0.2109375 0.0125 0.00703125
16 0.58359375 0.09140625 0.0046875 0.01015625
16 0.5671875 0.0953125 0.0046875 0.0109375
16 0.575 0.09296875 0.00390625 0.0109375
16 0.72265625 0.059375 0.00859375 0.0140625
20 0.74453125 0.0546875 0.00859375 0.0125
16 0.38046875 0.13984375 0.0046875 0.009375
16 0.73203125 0.05703125 0.0046875 0.0125
16 0.7578125 0.0515625 0.00546875 0.0140625
16 0.47109375 0.11875 0.00625 0.01171875
16 0.36328125 0.14453125 0.00390625 0.0109375
16 0.559375 0.0984375 0.00625 0.009375
16 0.421875 0.13046875 0.00390625 0.01171875
16 0.4390625 0.1265625 0.00546875 0.01171875
16 0.43046875 0.12890625 0.0046875 0.0125
16 0.3890625 0.1390625 0.00546875 0.0109375
16 0.40625 0.13515625 0.00546875 0.0125
16 0.446875 0.125 0.0046875 0.01015625
16 0.41328125 0.13359375 0.00546875 0.01171875
16 0.371875 0.14375 0.00546875 0.01171875
16 0.39765625 0.1375 0.00546875 0.01171875
16 0.71484375 0.0625 0.00625 0.0125
16 0.4640625 0.121875 0.003125 0.009375
16 0.45546875 0.1234375 0.0046875 0.01015625
2 0.0265625 0.22734375 0.00859375 0.00625
16 0.3078125 0.16484375 0.009375 0.0078125
16 0.11015625 0.2171875 0.0046875 0.01015625
16 0.13203125 0.2125 0.003125 0.009375
16 0.1171875 0.21640625 0.0046875 0.009375
16 0.171875 0.2046875 0.00390625 0.009375
16 0.12578125 0.21484375 0.003125 0.01015625
16 0.184375 0.2015625 0.003125 0.009375
16 0.10390625 0.22109375 0.0046875 0.01171875
16 0.15625 0.20859375 0.0046875 0.01171875
16 0.16484375 0.2078125 0.003125 0.009375
16 0.178125 0.20390625 0.0046875 0.01015625
16 0.309375 0.175 0.01015625 0.00546875
16 0.71796875 0.08359375 0.00625 0.01015625
16 0.7609375 0.07421875 0.00390625 0.0078125
16 0.72734375 0.0828125 0.00390625 0.01171875
16 0.7453125 0.07890625 0.00546875 0.01171875
16 0.75390625 0.07734375 0.0046875 0.01015625
16 0.7015625 0.0890625 0.0046875 0.0125
16 0.88828125 0.0453125 0.0078125 0.00390625
16 0.6953125 0.09140625 0.0046875 0.01171875
16 0.7359375 0.08203125 0.00703125 0.0140625
16 0.8921875 0.0578125 0.00859375 0.0046875
16 0.78984375 0.08984375 0.00625 0.0125
16 0.746875 0.1015625 0.0046875 0.01015625
16 0.73203125 0.1046875 0.00625 0.0109375
16 0.740625 0.10390625 0.00625 0.0125
16 0.71484375 0.11015625 0.003125 0.01015625
16 0.78203125 0.09375 0.0046875 0.0125
16 0.89375 0.06796875 0.00859375 0.0046875
16 0.76640625 0.0984375 0.00625 0.0109375
16 0.796875 0.09140625 0.00625 0.0140625
16 0.7578125 0.10078125 0.00625 0.0109375
20 0.64765625 0.13203125 0.0140625 0.0140625
16 0.66484375 0.13203125 0.0078125 0.00546875
16 0.796875 0.1078125 0.0078125 0.00546875
16 0.896875 0.0875 0.0078125 0.00390625
16 0.6703125 0.14296875 0.009375 0.00546875
16 0.01796875 0.2953125 0.00859375 0.0046875
20 0.6546875 0.15078125 0.01171875 0.0140625
16 0.67265625 0.15546875 0.00703125 0.0046875
16 0.9 0.1078125 0.0046875 0.003125
16 0.675 0.16171875 0.01171875 0.00625
16 0.665625 0.165625 0.00546875 0.01015625
2 0.690625 0.16484375 0.01171875 0.00859375
16 0.80390625 0.13984375 0.00859375 0.00546875
16 0.903125 0.11796875 0.01015625 0.00546875
16 0.80546875 0.14921875 0.00859375 0.00625
16 0.90390625 0.12890625 0.01171875 0.00625
16 0.80546875 0.15859375 0.0109375 0.00625
16 0.2328125 0.3046875 0.0109375 0.00703125
16 0.21796875 0.3078125 0.01171875 0.01015625
9 0.753125 0.1859375 0.0875 0.13125
2 0.8109375 0.1734375 0.009375 0.00703125
2 0.69921875 0.203125 0.01328125 0.009375
16 0.4046875 0.271875 0.0046875 0.0140625
2 0.35234375 0.2859375 0.0078125 0.0171875
16 0.36875 0.30703125 0.0046875 0.01328125
2 0.87109375 0.20625 0.00859375 0.00625
16 0.88984375 0.20234375 0.00703125 0.00390625
16 0.91015625 0.2015625 0.01171875 0.00546875
2 0.8921875 0.21328125 0.00859375 0.0046875
2 0.87421875 0.21796875 0.01015625 0.00625
16 0.45390625 0.321875 0.01015625 0.0078125
2 0.6140625 0.284375 0.009375 0.00625
16 0.46953125 0.31953125 0.00859375 0.00625
2 0.87578125 0.2265625 0.0078125 0.0046875
2 0.8921875 0.2234375 0.0078125 0.00390625
16 0.57734375 0.30078125 0.009375 0.00546875
16 0.0671875 0.4234375 0.0125 0.00625
16 0.5421875 0.31171875 0.0078125 0.00625
16 0.59609375 0.3 0.009375 0.0046875
2 0.75859375 0.26171875 0.00859375 0.00625
16 0.00859375 0.12421875 0.00859375 0.00546875
16 0.54296875 0.32265625 0.009375 0.0046875
2 0.06796875 0.43515625 0.01171875 0.00625
16 0.59765625 0.3109375 0.00703125 0.0046875
2 0.45703125 0.34921875 0.01171875 0.00703125
16 0.06875 0.44296875 0.01015625 0.00625
16 0.59765625 0.31953125 0.00625 0.00546875
16 0.8578125 0.2640625 0.01171875 0.009375
16 0.753125 0.2890625 0.00703125 0.0046875
16 0.071875 0.45390625 0.01171875 0.00546875
16 0.7546875 0.29921875 0.0046875 0.0046875
16 0.859375 0.2765625 0.01015625 0.00625
16 0.07265625 0.46484375 0.0078125 0.0046875
16 0.5671875 0.3515625 0.00859375 0.00625
16 0.07578125 0.47421875 0.01015625 0.0046875
20 0.64921875 0.33984375 0.040625 0.03515625
16 0.56796875 0.36015625 0.00859375 0.0046875
16 0.0765625 0.48359375 0.01015625 0.00625
16 0.56875 0.3703125 0.00859375 0.00546875
16 0.07734375 0.4953125 0.00859375 0.00546875
2 0.08125 0.50546875 0.01015625 0.00625
2 0.57421875 0.3890625 0.01015625 0.00703125
16 0.6734375 0.37421875 0.00546875 0.00546875
16 0.08203125 0.51484375 0.00859375 0.00703125
20 0.68671875 0.37421875 0.0109375 0.01796875
16 0.0640625 0.521875 0.01171875 0.00859375
2 0.57578125 0.40703125 0.0078125 0.0046875
16 0.67265625 0.384375 0.00625 0.00390625
16 0.00625 0.540625 0.01171875 0.00703125
16 0.95859375 0.31796875 0.00625 0.003125
16 0.08359375 0.525 0.01171875 0.00859375
2 0.378125 0.4578125 0.00546875 0.01484375
16 0.38671875 0.4578125 0.00703125 0.0140625
16 0.259375 0.49140625 0.00703125 0.00546875
16 0.084375 0.5359375 0.00859375 0.0078125
2 0.1703125 0.5171875 0.00625 0.01328125
16 0.08671875 0.5453125 0.00859375 0.00625
9 0.484375 0.45546875 0.16953125 0.20625
20 0.05234375 0.56015625 0.04765625 0.05390625
20 0.6890625 0.41328125 0.02265625 0.0296875
16 0.08984375 0.5546875 0.00859375 0.00625
16 0.38828125 0.48515625 0.00546875 0.01171875
16 0.38046875 0.4875 0.00625 0.0140625
2 0.18671875 0.5359375 0.01328125 0.0078125
16 0.8765625 0.37421875 0.0078125 0.00390625
2 0.1609375 0.5421875 0.01171875 0.00703125
2 0.58828125 0.4453125 0.0078125 0.00546875
16 0.09140625 0.5640625 0.01015625 0.00625
16 0.878125 0.38515625 0.00625 0.00390625
16 0.184375 0.54921875 0.00859375 0.00703125
2 0.60859375 0.44921875 0.00703125 0.0046875
16 0.5921875 0.45390625 0.01328125 0.009375
2 0.0921875 0.57421875 0.01015625 0.00546875
16 0.18828125 0.56171875 0.00859375 0.00625
2 0.6046875 0.46875 0.0078125 0.00625
2 0.58984375 0.4734375 0.00859375 0.0046875
2 0.09453125 0.59375 0.0109375 0.00703125
2 0.625 0.471875 0.0078125 0.0046875
2 0.60703125 0.478125 0.01171875 0.00703125
2 0.58984375 0.4828125 0.0078125 0.0046875
16 0.09765625 0.60390625 0.0078125 0.00625
20 0.03828125 0.62734375 0.04140625 0.05234375
16 0.0984375 0.61328125 0.0078125 0.00625
2 0.95078125 0.41640625 0.00859375 0.00625
16 0.09921875 0.62265625 0.0078125 0.00390625
16 0.953125 0.4265625 0.00625 0.00546875
4 0.92734375 0.43203125 0.08203125 0.4015625
2 0.27421875 0.58671875 0.01328125 0.0046875
4 0.7578125 0.47578125 0.1046875 0.4203125
4 0.85 0.45546875 0.09609375 0.4203125
16 0.95234375 0.43671875 0.0046875 0.00390625
2 0.27578125 0.5984375 0.01015625 0.00546875
2 0.10546875 0.63984375 0.0140625 0.00859375
16 0.10546875 0.64921875 0.0078125 0.00625
16 0.6328125 0.52734375 0.00703125 0.00390625