2 0.334375 0.9546875 0.03046875 0.0703125
2 0.20703125 0.9640625 0.02734375 0.0328125
2 0.2484375 0.96640625 0.025 0.03515625
2 0.109375 0.05546875 0.0296875 0.0546875
2 0.1578125 0.071875 0.0453125 0.115625
16 0.1859375 0.08828125 0.01640625 0.0453125
2 0.01015625 0.134375 0.00859375 0.0625
2 0.1109375 0.1484375 0.03203125 0.06328125
2 0.17734375 0.290625 0.0296875 0.0546875
16 0.0625 0.2984375 0.01171875 0.06015625
16 0.0734375 0.2984375 0.01328125 0.05625
2 0.17109375 0.34296875 0.02734375 0.053125
2 0.11484375 0.009375 0.0328125 0.01875
16 0.1 0.3875 0.02265625 0.0296875
2 0.6140625 0.44453125 0.0390625 0.06171875
16 0.09921875 0.41171875 0.025 0.0265625
2 0.56953125 0.46171875 0.025 0.05703125
16 0.0984375 0.43203125 0.0203125 0.0265625
2 0.4640625 0.503125 0.02734375 0.0515625
16 0.1734375 0.525 0.03125 0.03828125
16 0.5796875 0.0453125 0.0265625 0.04921875
2 0.23828125 0.62265625 0.05625 0.0765625
16 0.165625 0.67421875 0.01796875 0.0515625
16 0.10546875 0.68828125 0.0234375 0.03515625
16 0.1125 0.71171875 0.021875 0.0234375
16 0.84140625 0.765625 0.0203125 0.05
2 0.3484375 0.8234375 0.03359375 0.0890625
2 0.20234375 0.821875 0.02578125 0.0515625
16 0.02734375 0.81171875 0.021875 0.02734375
2 0.234375 0.84921875 0.0296875 0.06484375