2 0.09375 0.05625 0.04453125 0.02890625
2 0.59921875 0.1421875 0.0859375 0.03984375
16 0.09453125 0.09609375 0.07265625 0.05078125
16 0.8953125 0.19921875 0.01484375 0.02421875
16 0.9078125 0.20390625 0.0140625 0.028125
2 0.28515625 0.1328125 0.0140625 0.02890625
2 0.29765625 0.13515625 0.01484375 0.0296875
2 0.54296875 0.17890625 0.02421875 0.04453125
2 0.63359375 0.19375 0.02265625 0.04140625
2 0.5765625 0.1890625 0.02265625 0.04453125
2 0.1859375 0.1453125 0.04140625 0.07890625
2 0.228125 0.1578125 0.01484375 0.0234375
16 0.21328125 0.159375 0.01640625 0.03203125
2 0.6015625 0.22265625 0.04140625 0.0203125
2 0.93828125 0.27734375 0.02421875 0.046875
16 0.540625 0.2328125 0.01484375 0.02734375
2 0.8921875 0.275 0.01640625 0.021875
2 0.95625 0.28359375 0.01484375 0.03203125
16 0.52734375 0.234375 0.01484375 0.02421875
2 0.075 0.1828125 0.04453125 0.07734375
16 0.2515625 0.23046875 0.02890625 0.01171875
16 0.2515625 0.2421875 0.02421875 0.0125
16 0.24921875 0.2546875 0.02421875 0.0140625
16 0.24921875 0.265625 0.02578125 0.0125
2 0.06875 0.2484375 0.01640625 0.02734375
16 0.24765625 0.2765625 0.0234375 0.009375
16 0.55 0.3171875 0.02890625 0.0140625
9 0.38515625 0.30234375 0.22109375 0.21640625
16 0.24765625 0.28828125 0.01953125 0.01171875
16 0.54921875 0.328125 0.02578125 0.0140625
9 0.146875 0.29453125 0.13515625 0.18984375
4 0.96484375 0.39453125 0.06796875 0.1203125
16 0.71171875 0.36484375 0.021875 0.01328125
2 0.8984375 0.39375 0.04453125 0.02578125
16 0.69453125 0.3734375 0.02578125 0.0125
2 0.69609375 0.3859375 0.02578125 0.0140625
16 0.73203125 0.40078125 0.0140625 0.025
16 0.87578125 0.41875 0.0234375 0.0125
16 0.7546875 0.4046875 0.01484375 0.0234375
16 0.74453125 0.40546875 0.0125 0.02578125
16 0.521875 0.38203125 0.02578125 0.01640625
20 0.90625 0.43125 0.034375 0.0296875
16 0.8484375 0.4265625 0.021875 0.01171875
16 0.8765625 0.43046875 0.02421875 0.0140625
16 0.51953125 0.39609375 0.02734375 0.0140625
16 0.8625 0.43828125 0.02421875 0.01328125
20 0.81953125 0.4375 0.040625 0.03359375
16 0.840625 0.44609375 0.015625 0.025
16 0.51953125 0.4078125 0.02421875 0.01171875
20 0.78203125 0.44140625 0.03046875 0.0328125
16 0.8640625 0.45703125 0.021875 0.0109375
20 0.9046875 0.465625 0.034375 0.0328125
16 0.86484375 0.46953125 0.02421875 0.0140625
2 0.8 0.465625 0.02578125 0.01328125
16 0.8296875 0.46953125 0.02578125 0.015625
16 0.82421875 0.48046875 0.02265625 0.009375
16 0.8 0.48046875 0.02734375 0.01328125
9 0.64296875 0.46171875 0.11796875 0.11484375
16 0.92734375 0.503125 0.03046875 0.0171875
20 0.87578125 0.49765625 0.03359375 0.03203125
16 0.825 0.4953125 0.02265625 0.0125
16 0.9 0.5046875 0.01640625 0.0234375
2 0.79609375 0.49296875 0.02578125 0.01171875
16 0.52578125 0.46328125 0.0234375 0.01171875
2 0.82421875 0.50625 0.02421875 0.0140625
16 0.796875 0.503125 0.021875 0.01171875
16 0.5234375 0.4734375 0.0265625 0.0125
16 0.821875 0.51796875 0.021875 0.009375
2 0.79609375 0.51484375 0.0265625 0.0125
16 0.084375 0.43203125 0.0125 0.02578125
2 0.06875 0.43046875 0.0140625 0.025
2 0.15546875 0.4421875 0.01796875 0.02734375
2 0.13984375 0.43984375 0.01796875 0.02421875
16 0.12734375 0.4390625 0.01640625 0.028125
16 0.1 0.4359375 0.01484375 0.021875
2 0.11484375 0.4390625 0.015625 0.0296875
2 0.8203125 0.5296875 0.0265625 0.0125
16 0.7921875 0.52734375 0.02265625 0.01171875
16 0.91015625 0.5484375 0.0234375 0.0125
2 0.790625 0.53828125 0.02578125 0.01171875
16 0.82109375 0.5421875 0.02578125 0.0109375
16 0.90625 0.559375 0.02421875 0.0109375
16 0.06328125 0.4609375 0.0109375 0.02421875
16 0.78828125 0.5484375 0.02421875 0.0125
16 0.81875 0.55390625 0.02578125 0.01171875
16 0.9046875 0.571875 0.02578125 0.01171875
16 0.87734375 0.5703125 0.0203125 0.01171875
16 0.8171875 0.56484375 0.02421875 0.01171875
16 0.4703125 0.525 0.0234375 0.01328125
16 0.7875 0.56484375 0.0234375 0.01328125
2 0.68515625 0.553125 0.01484375 0.02578125
16 0.5234375 0.53984375 0.01484375 0.0234375
2 0.06171875 0.484375 0.01484375 0.02421875
16 0.51015625 0.53984375 0.01484375 0.03046875
16 0.81640625 0.578125 0.02265625 0.01328125
16 0.78828125 0.57421875 0.02890625 0.015625
2 0.65078125 0.559375 0.02734375 0.0125
16 0.46875 0.5375 0.02421875 0.01328125
9 0.1140625 0.4953125 0.090625 0.078125
2 0.859375 0.58828125 0.02734375 0.01328125
16 0.7859375 0.58359375 0.02421875 0.01171875
16 0.81484375 0.58828125 0.021875 0.0109375
2 0.0578125 0.509375 0.0140625 0.025
2 0.45 0.559375 0.02890625 0.01328125
16 0.5984375 0.5875 0.02734375 0.0140625
16 0.8578125 0.62578125 0.0265625 0.0140625
2 0.45234375 0.57890625 0.04453125 0.02421875
16 0.59375 0.59921875 0.02421875 0.01171875
2 0.1484375 0.5484375 0.01484375 0.028125
16 0.3578125 0.57421875 0.01484375 0.02734375
16 0.08984375 0.54296875 0.015625 0.0234375
16 0.10234375 0.5453125 0.01171875 0.025
2 0.0765625 0.54296875 0.0140625 0.02578125
2 0.11484375 0.54765625 0.01171875 0.02578125
2 0.03515625 0.53828125 0.01796875 0.0328125
2 0.0625 0.54140625 0.01640625 0.02890625
16 0.0515625 0.53984375 0.0140625 0.02421875
2 0.13125 0.55078125 0.01484375 0.02578125
9 0.534375 0.60234375 0.07265625 0.065625
2 0.85546875 0.6453125 0.0234375 0.01328125
4 0.9515625 0.6609375 0.09140625 0.2484375
16 0.59765625 0.62265625 0.0125 0.0234375
16 0.2984375 0.590625 0.01484375 0.025
16 0.88046875 0.66640625 0.02421875 0.0125
9 0.703125 0.65390625 0.1515625 0.1359375
16 0.8234375 0.671875 0.01484375 0.02421875
16 0.459375 0.62890625 0.0140625 0.0296875
16 0.88203125 0.68046875 0.0234375 0.01328125
16 0.409375 0.6234375 0.015625 0.028125
16 0.396875 0.62265625 0.015625 0.03046875
16 0.44609375 0.62890625 0.0140625 0.02734375
16 0.42109375 0.6265625 0.0125 0.02421875
16 0.434375 0.6296875 0.0109375 0.02421875
2 0.11328125 0.59765625 0.01796875 0.02578125
2 0.5953125 0.65625 0.02421875 0.0125
16 0.88125 0.69140625 0.02578125 0.0140625
2 0.50703125 0.64765625 0.02890625 0.015625
16 0.28515625 0.6234375 0.02578125 0.0109375
16 0.1390625 0.60703125 0.0296875 0.01796875
2 0.83671875 0.69375 0.02578125 0.01640625
16 0.59375 0.67109375 0.0234375 0.0125
2 0.46484375 0.6578125 0.015625 0.02734375
2 0.44296875 0.659375 0.02734375 0.01640625
16 0.5921875 0.684375 0.02578125 0.01328125
16 0.78046875 0.71328125 0.015625 0.025
2 0.09609375 0.6328125 0.08671875 0.04453125
16 0.59140625 0.69375 0.0265625 0.0109375
9 0.53359375 0.6953125 0.0640625 0.07734375
2 0.8640625 0.73984375 0.0125 0.02734375
16 0.58828125 0.70703125 0.02578125 0.0109375
2 0.8390625 0.7390625 0.01484375 0.02421875
16 0.7796875 0.74140625 0.0140625 0.02421875
16 0.5875 0.71953125 0.0234375 0.0109375
16 0.71328125 0.73671875 0.01640625 0.02578125
16 0.68828125 0.73359375 0.01484375 0.02421875
16 0.6390625 0.72890625 0.0125 0.025
16 0.66328125 0.73203125 0.0140625 0.025
16 0.615625 0.7265625 0.0109375 0.02109375
16 0.628125 0.728125 0.0125 0.02109375
16 0.67578125 0.734375 0.0203125 0.02734375
16 0.7015625 0.73828125 0.015625 0.02734375
16 0.65078125 0.73203125 0.015625 0.025
4 0.8203125 0.0984375 0.315625 0.10703125
16 0.72421875 0.7453125 0.01484375 0.02578125
16 0.74765625 0.74921875 0.0125 0.021875
16 0.7359375 0.7484375 0.0109375 0.021875
16 0.4734375 0.72265625 0.02578125 0.0140625
16 0.6015625 0.73828125 0.01171875 0.0234375
16 0.58984375 0.73828125 0.01484375 0.025
16 0.47421875 0.73359375 0.02265625 0.0125
16 0.6984375 0.7640625 0.0109375 0.025
16 0.6359375 0.75703125 0.01484375 0.02421875
16 0.6734375 0.7625 0.0140625 0.02421875
2 0.684375 0.7640625 0.0125 0.02578125
16 0.66015625 0.7609375 0.0140625 0.025
16 0.709375 0.7671875 0.01484375 0.02421875
16 0.61171875 0.75625 0.0125 0.0234375
16 0.621875 0.7578125 0.0140625 0.02421875
2 0.646875 0.7609375 0.01484375 0.025
16 0.72109375 0.77109375 0.0125 0.02890625
16 0.74375 0.775 0.01484375 0.02421875
16 0.73203125 0.7734375 0.0140625 0.0234375
16 0.5765625 0.7640625 0.01171875 0.0203125
16 0.56015625 0.76640625 0.01484375 0.02421875
9 0.359375 0.74296875 0.1734375 0.16875
9 0.04140625 0.72421875 0.053125 0.071875
2 0.00703125 0.71953125 0.0140625 0.0421875
2 0.19453125 0.746875 0.01640625 0.02578125
16 0.2203125 0.7578125 0.02890625 0.01640625
2 0.72578125 0.82578125 0.01875 0.0296875
9 0.76953125 0.83203125 0.065625 0.06953125
9 0.6765625 0.821875 0.06484375 0.071875
4 0.91640625 0.8515625 0.090625 0.13125
4 0.31171875 0.0484375 0.3015625 0.096875
9 0.51484375 0.80546875 0.053125 0.06953125
2 0.63203125 0.825 0.01640625 0.02890625
2 0.5484375 0.825 0.01484375 0.025
2 0.1828125 0.78515625 0.08984375 0.05
2 0.46171875 0.84375 0.03671875 0.02109375
16 0.4640625 0.85859375 0.034375 0.0140625
20 0.1234375 0.8828125 0.0484375 0.06875
4 0.58671875 0.9390625 0.1453125 0.0859375
2 0.7640625 0.9671875 0.01953125 0.025
2 0.08359375 0.88671875 0.02578125 0.0453125
2 0.7796875 0.97109375 0.01640625 0.02734375
9 0.71171875 0.965625 0.075 0.04609375
2 0.0390625 0.89765625 0.0109375 0.025