2 0.32578125 0.87734375 0.03515625 0.08203125
2 0.20390625 0.846875 0.0296875 0.05390625
2 0.2421875 0.865625 0.02890625 0.0609375
2 0.24296875 0.02109375 0.05390625 0.04140625
16 0.26796875 0.0140625 0.0203125 0.028125
2 0.0859375 0.00703125 0.034375 0.0140625
2 0.190625 0.03515625 0.0375 0.0703125
2 0.240625 0.1921875 0.0328125 0.0609375
16 0.13125 0.15859375 0.01640625 0.06015625
16 0.1421875 0.1625 0.01796875 0.05703125
2 0.2296875 0.240625 0.03046875 0.059375
16 0.15859375 0.25703125 0.0234375 0.03671875
2 0.63828125 0.49375 0.0421875 0.071875
16 0.15546875 0.27890625 0.025 0.03359375
2 0.59453125 0.49375 0.02890625 0.0625
16 0.15234375 0.29765625 0.021875 0.0328125
2 0.49140625 0.4953125 0.03046875 0.05703125
16 0.2140625 0.4125 0.03203125 0.04609375
16 0.64296875 0.1046875 0.02890625 0.05546875
2 0.2671875 0.528125 0.06015625 0.09140625
16 0.19375 0.55078125 0.02109375 0.05390625
16 0.13515625 0.5421875 0.025 0.04140625
16 0.13984375 0.5671875 0.02265625 0.0296875
16 0.821875 0.87890625 0.0234375 0.05390625
2 0.3515625 0.75703125 0.03984375 0.0953125
2 0.21484375 0.70234375 0.02890625 0.05625
16 0.05 0.63046875 0.0234375 0.034375
2 0.2421875 0.740625 0.03359375 0.07109375