16 0.9703125 0.0734375 0.009375 0.00546875
2 0.7921875 0.05390625 0.009375 0.0046875
16 0.86015625 0.53671875 0.00546875 0.01328125
2 0.05234375 0.465625 0.0046875 0.0125
16 0.071875 0.4765625 0.00859375 0.00390625
16 0.05078125 0.47890625 0.00390625 0.0109375
16 0.071875 0.48203125 0.009375 0.00546875
2 0.059375 0.48828125 0.009375 0.00625
16 0.0125 0.4859375 0.0140625 0.00859375
2 0.75078125 0.0546875 0.009375 0.00625
2 0.7328125 0.053125 0.009375 0.00703125
2 0.7921875 0.059375 0.00859375 0.00546875
2 0.80703125 0.0609375 0.00859375 0.00546875
4 0.596875 0.559375 0.0609375 0.40859375
16 0.009375 0.49453125 0.0109375 0.00703125
2 0.9703125 0.08046875 0.009375 0.00625
16 0.05078125 0.50234375 0.00390625 0.0125
20 0.01171875 0.5203125 0.0234375 0.05625
2 0.06875 0.5640625 0.0078125 0.0234375
16 0.01796875 0.5828125 0.01484375 0.00859375
4 0.73359375 0.67890625 0.07265625 0.38515625
4 0.94921875 0.703125 0.06953125 0.38984375
4 0.66171875 0.671875 0.065625 0.38671875
4 0.8046875 0.68828125 0.0703125 0.39765625
4 0.875 0.69609375 0.06796875 0.39765625
2 0.534375 0.659375 0.01015625 0.0078125
16 0.33515625 0.6390625 0.009375 0.00703125
16 0.5625 0.678125 0.0046875 0.01015625
16 0.56171875 0.690625 0.00390625 0.009375
2 0.490625 0.6890625 0.00546875 0.0125
2 0.484375 0.6890625 0.00625 0.01328125
16 0.02734375 0.64375 0.0046875 0.0125
16 0.02265625 0.64375 0.0046875 0.0125
16 0.0328125 0.64453125 0.00703125 0.01796875
16 0.61953125 0.7109375 0.01015625 0.00625
16 0.61875 0.71640625 0.0109375 0.00703125
16 0.45625 0.70625 0.009375 0.00625
16 0.7734375 0.075 0.00625 0.01328125
2 0.45859375 0.040625 0.01015625 0.0078125
2 0.471875 0.0421875 0.01015625 0.0078125
2 0.284375 0.70859375 0.01796875 0.0109375
2 0.44375 0.03984375 0.009375 0.00703125
2 0.33203125 0.71796875 0.00546875 0.01328125
2 0.4171875 0.03671875 0.0109375 0.00703125
2 0.43046875 0.0390625 0.009375 0.00703125
2 0.40234375 0.0359375 0.009375 0.00625
2 0.0609375 0.00078125 0.009375 0.0015625
2 0.38828125 0.034375 0.009375 0.00625
2 0.37421875 0.03359375 0.009375 0.00625
2 0.3609375 0.03125 0.009375 0.00625
2 0.346875 0.03046875 0.01015625 0.00703125
9 0.04453125 0.01015625 0.0265625 0.0203125
2 0.328125 0.7359375 0.009375 0.00625
2 0.33359375 0.0296875 0.01015625 0.00625
2 0.3203125 0.028125 0.009375 0.00703125
2 0.26328125 0.02265625 0.0109375 0.0078125
2 0.32734375 0.74375 0.009375 0.00625
2 0.2328125 0.73515625 0.01796875 0.01015625
2 0.246875 0.73828125 0.009375 0.0046875
2 0.27734375 0.02421875 0.0109375 0.0078125
2 0.23515625 0.01953125 0.009375 0.00546875
16 0.2203125 0.7390625 0.00390625 0.01015625
2 0.17890625 0.734375 0.01875 0.0109375
2 0.15078125 0.73125 0.01875 0.01015625
2 0.24921875 0.02109375 0.0109375 0.0078125
2 0.22109375 0.01875 0.009375 0.00703125
16 0.75859375 0.07890625 0.009375 0.00625
2 0.19296875 0.01640625 0.009375 0.00703125
2 0.20703125 0.0171875 0.01015625 0.00625
2 0.17890625 0.01484375 0.009375 0.00625
2 0.2203125 0.74921875 0.009375 0.00546875
2 0.16484375 0.01328125 0.0109375 0.0078125
2 0.1359375 0.01015625 0.009375 0.00625
2 0.15078125 0.01171875 0.009375 0.00625
2 0.23671875 0.75234375 0.00859375 0.02265625
2 0.57109375 0.7921875 0.009375 0.00625
2 0.10625 0.00703125 0.009375 0.00546875
2 0.12265625 0.009375 0.01015625 0.00703125
16 0.22109375 0.7578125 0.00390625 0.01015625
16 0.21640625 0.7578125 0.00390625 0.0109375
2 0.09296875 0.00625 0.009375 0.00703125
2 0.0765625 0.00546875 0.009375 0.00625
16 0.13984375 0.76015625 0.009375 0.00625
2 0.0609375 0.00390625 0.009375 0.00546875
2 0.428125 0.79609375 0.00546875 0.01328125
16 0.49921875 0.80546875 0.009375 0.00546875
16 0.15546875 0.7671875 0.0078125 0.01796875
16 0.0921875 0.765625 0.00703125 0.01875
16 0.94296875 0.103125 0.00546875 0.01171875
2 0.23984375 0.784375 0.00859375 0.0234375
16 0.94765625 0.10390625 0.0046875 0.01171875
20 0.13671875 0.7828125 0.0296875 0.0546875
20 0.109375 0.78203125 0.02734375 0.0578125
2 0.09140625 0.78125 0.00390625 0.0125
9 0.5625 0.8484375 0.0703125 0.1109375
9 0.4765625 0.85078125 0.07265625 0.10078125
16 0.3953125 0.84921875 0.009375 0.00625
16 0.73828125 0.890625 0.009375 0.00625
16 0.7984375 0.0921875 0.0046875 0.01171875
16 0.771875 0.0890625 0.0046875 0.0125
16 0.7390625 0.89609375 0.009375 0.00625
16 0.803125 0.09296875 0.0046875 0.0109375
2 0.39453125 0.865625 0.0109375 0.00703125
2 0.5984375 0.88984375 0.009375 0.00625
2 0.31171875 0.8609375 0.00390625 0.01015625
2 0.3046875 0.86015625 0.00390625 0.0109375
2 0.29375 0.8609375 0.00390625 0.01015625
2 0.2984375 0.86171875 0.00390625 0.01015625
16 0.9390625 0.934375 0.00390625 0.0125
16 0.51875 0.890625 0.009375 0.00625
2 0.87578125 0.93203125 0.00625 0.01328125
2 0.678125 0.08125 0.0109375 0.0078125
16 0.1359375 0.85234375 0.0140625 0.009375
16 0.73828125 0.925 0.009375 0.00703125
16 0.40234375 0.89375 0.0046875 0.01328125
16 0.40703125 0.89453125 0.00546875 0.0125
16 0.5171875 0.90859375 0.009375 0.00546875
16 0.52734375 0.91015625 0.00859375 0.0046875
2 0.74765625 0.9359375 0.009375 0.00546875
16 0.90078125 0.953125 0.0046875 0.01171875
2 0.3515625 0.89296875 0.00546875 0.01015625
16 0.88203125 0.9515625 0.00390625 0.01171875
16 0.88671875 0.95234375 0.00390625 0.01171875
2 0.89296875 0.95390625 0.00390625 0.0125
16 0.55078125 0.915625 0.00546875 0.01171875
16 0.55546875 0.915625 0.0046875 0.01328125
2 0.54375 0.91640625 0.00703125 0.01328125
16 0.5265625 0.9171875 0.009375 0.00546875
2 0.51640625 0.91640625 0.01015625 0.00625
2 0.74765625 0.9421875 0.0109375 0.0078125
2 0.0171875 0.86640625 0.00703125 0.0046875
2 0.64140625 0.9359375 0.009375 0.0078125
16 0.2296875 0.8921875 0.00390625 0.0109375
16 0.953125 0.9734375 0.009375 0.00625
16 0.353125 0.90703125 0.0078125 0.0046875
2 0.584375 0.9359375 0.01015625 0.00703125
16 0.25546875 0.9 0.00390625 0.01171875
16 0.24375 0.89921875 0.00390625 0.01171875
16 0.23828125 0.8984375 0.0046875 0.0109375
16 0.24921875 0.9 0.00390625 0.01171875
16 0.353125 0.91328125 0.009375 0.00546875
2 0.12578125 0.88828125 0.00546875 0.01328125
2 0.13125 0.8890625 0.00546875 0.01328125
2 0.1015625 0.88671875 0.00390625 0.0125
2 0.1640625 0.89375 0.00390625 0.0109375
2 0.85390625 0.97421875 0.00859375 0.0046875
16 0.35546875 0.92109375 0.009375 0.00625
16 0.953125 0.9875 0.01015625 0.0078125
2 0.74609375 0.965625 0.0109375 0.00625
16 0.225 0.91015625 0.00390625 0.0109375
2 0.85390625 0.98046875 0.00859375 0.0046875
16 0.3546875 0.9265625 0.009375 0.00546875
2 0.74609375 0.971875 0.009375 0.00703125
2 0.90859375 0.98984375 0.0109375 0.0078125
16 0.20625 0.91328125 0.009375 0.00625
9 0.8828125 0.98125 0.04296875 0.03671875
2 0.85390625 0.98671875 0.009375 0.00546875
16 0.5828125 0.95703125 0.0109375 0.00703125
2 0.9078125 0.996875 0.01015625 0.00625
9 0.6140625 0.96328125 0.04765625 0.07265625
2 0.853125 0.99296875 0.009375 0.00390625
2 0.58359375 0.9640625 0.0109375 0.0078125
2 0.853125 0.9984375 0.009375 0.00234375
2 0.54140625 0.96796875 0.009375 0.00703125
2 0.1890625 0.9328125 0.00390625 0.0109375
2 0.6375 0.9828125 0.009375 0.00546875
2 0.5828125 0.978125 0.0109375 0.0078125
2 0.540625 0.9765625 0.009375 0.00625
16 0.96796875 0.121875 0.0078125 0.0046875
16 0.1875 0.946875 0.0046875 0.0109375
2 0.58125 0.99140625 0.0109375 0.00703125
4 0.303125 0.93515625 0.08359375 0.096875
16 0.1875 0.959375 0.0046875 0.01171875
2 0.06015625 0.0234375 0.00859375 0.00546875
4 0.44296875 0.96015625 0.06484375 0.0765625
2 0.49296875 0.99609375 0.009375 0.00625
16 0.4828125 0.996875 0.009375 0.00625
4 0.36875 0.96171875 0.05 0.0546875
4 0.22265625 0.94609375 0.0625 0.0546875
4 0.08203125 0.928125 0.1640625 0.071875
16 0.703125 0.0984375 0.00546875 0.01328125
16 0.6984375 0.09765625 0.0046875 0.0125
16 0.771875 0.1078125 0.00390625 0.0125
16 0.67578125 0.09765625 0.0109375 0.0078125
9 0.93828125 0.12734375 0.03671875 0.0421875
9 0.98515625 0.13515625 0.02890625 0.04609375
16 0.8453125 0.12109375 0.009375 0.00625
4 0.2828125 0.06328125 0.50546875 0.08359375
16 0.8453125 0.12890625 0.009375 0.00546875
16 0.94765625 0.15546875 0.00390625 0.0109375
16 0.91875 0.15234375 0.00546875 0.0109375
16 0.9390625 0.15546875 0.00390625 0.0125
16 0.92890625 0.153125 0.0046875 0.01171875
16 0.94296875 0.15546875 0.0046875 0.0125
16 0.953125 0.15625 0.00390625 0.0109375
16 0.859375 0.1484375 0.00546875 0.01328125
4 0.28828125 0.096875 0.50625 0.09765625
2 0.6671875 0.14375 0.00390625 0.01171875
16 0.85859375 0.171875 0.0078125 0.0046875
9 0.934375 0.18203125 0.03359375 0.0390625
16 0.8578125 0.17734375 0.009375 0.00546875
9 0.9828125 0.1953125 0.03125 0.0453125
16 0.8578125 0.18359375 0.009375 0.00625
2 0.440625 0.13984375 0.009375 0.00703125
2 0.46796875 0.14296875 0.01015625 0.00703125
16 0.49609375 0.146875 0.0109375 0.00625
2 0.3546875 0.13125 0.0109375 0.0078125
2 0.3296875 0.12890625 0.009375 0.0078125
2 0.26328125 0.12265625 0.01015625 0.0078125
2 0.16171875 0.11328125 0.009375 0.00625
2 0.19296875 0.11640625 0.009375 0.00625
2 0.11015625 0.1078125 0.00859375 0.00546875
16 0.66953125 0.1703125 0.01015625 0.00625
2 0.0828125 0.10546875 0.00859375 0.00625
16 0.8578125 0.1921875 0.009375 0.00546875
2 0.0625 0.1046875 0.009375 0.00625
16 0.06953125 0.1078125 0.00390625 0.0109375
16 0.07421875 0.10859375 0.00390625 0.0109375
16 0.7078125 0.18125 0.009375 0.00625
16 0.66875 0.17734375 0.009375 0.00546875
2 0.06171875 0.11015625 0.0078125 0.0046875
16 0.85703125 0.19921875 0.009375 0.00546875
16 0.921875 0.20703125 0.0046875 0.0109375
16 0.9265625 0.20703125 0.00390625 0.01015625
16 0.9359375 0.20859375 0.00390625 0.0125
16 0.93984375 0.21015625 0.00390625 0.01171875
16 0.94453125 0.21015625 0.00390625 0.0109375
16 0.93125 0.20859375 0.0046875 0.0125
16 0.94921875 0.2109375 0.00390625 0.0109375
16 0.7078125 0.18671875 0.009375 0.00546875
16 0.85625 0.20703125 0.009375 0.00546875
2 0.9640625 0.2234375 0.0046875 0.0125
16 0.91484375 0.21875 0.009375 0.00625
16 0.85625 0.21328125 0.009375 0.00546875
16 0.70625 0.19921875 0.009375 0.00703125
2 0.69453125 0.2 0.009375 0.00546875
16 0.94296875 0.2296875 0.00390625 0.01171875
16 0.946875 0.23046875 0.0046875 0.0125
2 0.4703125 0.1859375 0.009375 0.00703125
2 0.44296875 0.18203125 0.009375 0.00703125
2 0.42890625 0.18046875 0.009375 0.00625
2 0.45703125 0.18359375 0.01015625 0.00703125
2 0.4109375 0.1796875 0.009375 0.00546875
2 0.36875 0.17578125 0.009375 0.00625
2 0.3828125 0.17734375 0.01015625 0.00625
2 0.396875 0.17890625 0.01015625 0.00625
2 0.340625 0.17265625 0.01015625 0.0078125
2 0.32578125 0.17109375 0.009375 0.00625
2 0.35390625 0.175 0.01015625 0.00703125
2 0.3109375 0.1703125 0.01015625 0.00703125
2 0.29609375 0.16875 0.009375 0.00625
2 0.9046875 0.23515625 0.00390625 0.0109375
2 0.2515625 0.1640625 0.009375 0.00625
2 0.2375 0.16328125 0.009375 0.00625
2 0.20859375 0.159375 0.009375 0.00625
2 0.1796875 0.15703125 0.01015625 0.00625
2 0.2234375 0.1609375 0.00859375 0.00546875
2 0.1953125 0.15859375 0.009375 0.00703125
2 0.10859375 0.15 0.009375 0.00546875
2 0.16640625 0.15625 0.009375 0.00625
2 0.1390625 0.153125 0.009375 0.00703125
2 0.12421875 0.15078125 0.009375 0.00546875
2 0.08046875 0.14609375 0.009375 0.00546875
2 0.0671875 0.14453125 0.0078125 0.0046875
2 0.09453125 0.14765625 0.01015625 0.00625
2 0.15234375 0.15390625 0.009375 0.00625
16 0.0578125 0.14453125 0.00390625 0.0125
16 0.86328125 0.24296875 0.009375 0.00703125
16 0.87578125 0.24453125 0.009375 0.00703125
2 0.05234375 0.15859375 0.00390625 0.00859375
16 0.86328125 0.2515625 0.0078125 0.00546875
16 0.875 0.253125 0.009375 0.00546875
4 0.2765625 0.1984375 0.4921875 0.09296875
16 0.69765625 0.2609375 0.01015625 0.0078125
2 0.71015625 0.26640625 0.0109375 0.00625
2 0.71875 0.27578125 0.0046875 0.01171875
16 0.77890625 0.28515625 0.00546875 0.01328125
16 0.79765625 0.2890625 0.0046875 0.01328125
4 0.27265625 0.2375 0.48984375 0.0921875
2 0.615625 0.2765625 0.0109375 0.00703125
16 0.778125 0.3 0.00703125 0.0140625
16 0.8015625 0.30390625 0.00546875 0.01328125
2 0.35703125 0.2734375 0.00546875 0.0125
2 0.3125 0.2703125 0.00546875 0.01328125
2 0.39375 0.27890625 0.00625 0.01328125
2 0.2828125 0.26640625 0.00625 0.0125
2 0.2234375 0.26015625 0.0046875 0.0125
2 0.18828125 0.2578125 0.00625 0.01328125
2 0.12109375 0.25 0.00546875 0.01328125
2 0.10078125 0.2484375 0.00703125 0.01328125
2 0.075 0.24609375 0.00625 0.0140625
2 0.05859375 0.2453125 0.0046875 0.01171875
16 0.05390625 0.24453125 0.00390625 0.0125
16 0.025 0.24375 0.0140625 0.00859375
2 0.01640625 0.24765625 0.0015625 0.01015625
16 0.95546875 0.35546875 0.009375 0.00625
2 0.9484375 0.35546875 0.00546875 0.01328125
16 0.9421875 0.35546875 0.0046875 0.0125
16 0.7921875 0.33984375 0.01015625 0.00703125
2 0.01953125 0.253125 0.0046875 0.01171875
16 0.02734375 0.26640625 0.01484375 0.0078125
2 0.5875 0.33046875 0.01015625 0.0078125
2 0.83984375 0.359375 0.01015625 0.00859375
16 0.9921875 0.3796875 0.0078125 0.00546875
2 0.03671875 0.275 0.01015625 0.00625
16 0.9921875 0.3859375 0.0078125 0.00546875
2 0.02890625 0.2828125 0.00390625 0.0109375
9 0.01875 0.284375 0.01484375 0.05390625
16 0.04296875 0.29453125 0.0140625 0.00859375
16 0.990625 0.4046875 0.009375 0.00546875
2 0.02890625 0.30078125 0.009375 0.00546875
16 0.04296875 0.3046875 0.01484375 0.00859375
16 0.98984375 0.4109375 0.00859375 0.00546875
2 0.028125 0.30625 0.00859375 0.00546875
2 0.68671875 0.3828125 0.00390625 0.0125
16 0.6609375 0.38125 0.009375 0.00546875
2 0.028125 0.3125 0.009375 0.00546875
16 0.04140625 0.3140625 0.01328125 0.0078125
2 0.70546875 0.38828125 0.009375 0.00546875
16 0.72109375 0.390625 0.00859375 0.00546875
16 0.6609375 0.3875 0.009375 0.00546875
16 0.73359375 0.39765625 0.00859375 0.00546875
2 0.66015625 0.3921875 0.0078125 0.00546875
2 0.02578125 0.325 0.0046875 0.01171875
16 0.01953125 0.32421875 0.00703125 0.01875
16 0.72109375 0.40234375 0.009375 0.00625
16 0.659375 0.3984375 0.0078125 0.0046875
16 0.71953125 0.4078125 0.01015625 0.00546875
2 0.96875 0.43828125 0.01015625 0.0078125
2 0.71953125 0.41328125 0.0078125 0.00546875
2 0.659375 0.41328125 0.009375 0.00546875
2 0.63671875 0.4109375 0.009375 0.00625
16 0.1109375 0.3546875 0.00390625 0.0109375
16 0.1421875 0.35859375 0.0078125 0.00390625
16 0.65859375 0.42109375 0.0078125 0.00546875
16 0.12734375 0.3671875 0.00546875 0.01328125
16 0.65859375 0.428125 0.0078125 0.0046875
2 0.71796875 0.4390625 0.009375 0.00546875
16 0.65859375 0.43359375 0.0078125 0.0046875
2 0.89453125 0.4640625 0.0109375 0.00625
2 0.6578125 0.43984375 0.0078125 0.00546875
2 0.09921875 0.3796875 0.0046875 0.01328125
16 0.140625 0.38515625 0.01015625 0.00703125
16 0.0796875 0.37890625 0.0046875 0.01328125
16 0.09453125 0.38125 0.0046875 0.01640625
16 0.1265625 0.384375 0.00625 0.01328125
16 0.65703125 0.44453125 0.00859375 0.00546875
2 0.0875 0.3828125 0.009375 0.0234375
16 0.15390625 0.38984375 0.00390625 0.0125
16 0.140625 0.39140625 0.01015625 0.00703125
16 0.65703125 0.45078125 0.00859375 0.00703125
2 0.71640625 0.45859375 0.00859375 0.0046875
16 0.190625 0.403125 0.00546875 0.0125
16 0.18203125 0.40234375 0.0046875 0.0125
16 0.178125 0.40234375 0.0046875 0.01171875
16 0.18671875 0.403125 0.00390625 0.0125
16 0.1984375 0.40546875 0.0046875 0.01328125
16 0.134375 0.39921875 0.009375 0.00625
16 0.65546875 0.45703125 0.009375 0.00625
16 0.09765625 0.39453125 0.0046875 0.01484375
16 0.10234375 0.3953125 0.00390625 0.01171875
16 0.09375 0.39453125 0.00390625 0.01171875
16 0.10703125 0.396875 0.00546875 0.01328125
16 0.71875 0.4671875 0.0078125 0.00625
16 0.1359375 0.4046875 0.009375 0.00546875
2 0.65546875 0.46328125 0.0078125 0.0046875
16 0.6796875 0.4671875 0.009375 0.00546875
16 0.71796875 0.471875 0.00859375 0.00625
16 0.68828125 0.471875 0.0046875 0.0109375
16 0.71796875 0.47734375 0.00859375 0.00625
9 0.98828125 0.0734375 0.02265625 0.04453125
16 0.6984375 0.47578125 0.009375 0.00546875
16 0.71640625 0.4828125 0.009375 0.00546875
2 0.7515625 0.04921875 0.009375 0.00546875
2 0.7328125 0.04765625 0.009375 0.00546875
2 0.8078125 0.05546875 0.009375 0.00625