4 0.33515625 0.52421875 0.09140625 0.07890625
2 0.5421875 0.61015625 0.040625 0.04609375
9 0.246875 0.5046875 0.03984375 0.06328125
4 0.43359375 0.5765625 0.0453125 0.04609375
4 0.48359375 0.59609375 0.04375 0.046875
16 0.1 0.45234375 0.015625 0.01484375
16 0.14609375 0.47734375 0.01640625 0.01484375
16 0.19765625 0.49765625 0.01640625 0.0171875
2 0.7078125 0.690625 0.0359375 0.06015625
16 0.0375 0.4421875 0.009375 0.021875
16 0.26484375 0.528125 0.009375 0.021875
16 0.58125 0.65234375 0.05390625 0.04296875
9 0.92265625 0.7875 0.02578125 0.0375
16 0.67578125 0.69765625 0.0109375 0.025
16 0.03359375 0.46328125 0.009375 0.02109375
16 0.6640625 0.7078125 0.01484375 0.04140625
2 0.33515625 0.5890625 0.034375 0.0625
2 0.11328125 0.50625 0.01484375 0.0140625
16 0.06953125 0.49921875 0.01484375 0.0140625
16 0.03046875 0.48515625 0.01015625 0.025
2 0.9015625 0.81875 0.01484375 0.01484375
2 0.7234375 0.7515625 0.04453125 0.065625
16 0.91796875 0.825 0.01640625 0.01640625
16 0.14140625 0.53671875 0.015625 0.01640625
16 0.6921875 0.74609375 0.01015625 0.02421875
2 0.29375 0.6015625 0.01640625 0.015625
16 0.065625 0.51796875 0.0125 0.0125
16 0.1890625 0.56484375 0.01484375 0.0140625
16 0.665625 0.74765625 0.01640625 0.01640625
16 0.02734375 0.509375 0.009375 0.021875
16 0.13828125 0.55625 0.01484375 0.0140625
9 0.221875 0.59453125 0.04453125 0.08359375
9 0.10625 0.55078125 0.0453125 0.08359375
16 0.36015625 0.64921875 0.015625 0.01484375
16 0.31328125 0.63125 0.01484375 0.0140625
2 0.52265625 0.71015625 0.0140625 0.01328125
2 0.42890625 0.67578125 0.015625 0.01640625
16 0.69140625 0.775 0.01640625 0.015625
16 0.5015625 0.703125 0.01484375 0.01484375
4 0.0109375 0.51484375 0.021875 0.12109375
2 0.334375 0.63984375 0.0171875 0.01796875
16 0.4546875 0.6859375 0.015625 0.01484375
16 0.4078125 0.66796875 0.015625 0.0171875
2 0.38125 0.65859375 0.015625 0.01640625
2 0.47578125 0.69453125 0.01640625 0.015625
16 0.0625 0.5375 0.0140625 0.01328125
16 0.1859375 0.58515625 0.015625 0.01484375
16 0.28359375 0.6234375 0.01328125 0.0140625
4 0.16171875 0.578125 0.04140625 0.1328125
16 0.771875 0.81171875 0.01015625 0.021875
9 0.8671875 0.8484375 0.0453125 0.065625
16 0.0234375 0.53046875 0.009375 0.02109375
16 0.13515625 0.57734375 0.01640625 0.015625
16 0.7578125 0.8125 0.01015625 0.02421875
16 0.06015625 0.55703125 0.015625 0.0140625
16 0.18203125 0.60703125 0.01640625 0.01796875
16 0.7140625 0.80859375 0.009375 0.02265625
16 0.72109375 0.8125 0.009375 0.02109375
16 0.72890625 0.81484375 0.01015625 0.02421875
16 0.01953125 0.55234375 0.009375 0.02265625
4 0.82265625 0.85703125 0.05234375 0.0546875
16 0.7546875 0.83203125 0.015625 0.015625
16 0.13125 0.59765625 0.01484375 0.01328125
16 0.70390625 0.8171875 0.01640625 0.0515625
2 0.671875 0.80625 0.03359375 0.05234375
16 0.05625 0.57578125 0.01484375 0.0140625
9 0.2765625 0.6609375 0.04296875 0.06640625
9 0.3234375 0.678125 0.040625 0.0640625
9 0.37109375 0.696875 0.0421875 0.065625
9 0.4171875 0.71484375 0.03984375 0.06328125
9 0.465625 0.73359375 0.0390625 0.0609375
9 0.51171875 0.75 0.03984375 0.0625
2 0.21796875 0.63984375 0.01484375 0.0140625
16 0.17265625 0.625 0.01015625 0.0234375
16 0.75078125 0.85 0.009375 0.02109375
16 0.76015625 0.853125 0.009375 0.021875
16 0.8453125 0.88671875 0.01015625 0.02421875
16 0.01640625 0.57421875 0.009375 0.021875
2 0.78359375 0.8703125 0.01015625 0.025
16 0.053125 0.5953125 0.01484375 0.01484375
2 0.57734375 0.796875 0.05234375 0.0625
2 0.18984375 0.65078125 0.03515625 0.0546875
4 0.815625 0.89453125 0.053125 0.053125
16 0.0125 0.59609375 0.009375 0.02109375
2 0.10234375 0.63203125 0.01640625 0.01640625
16 0.78125 0.8890625 0.01484375 0.01484375
16 0.39375 0.74453125 0.01484375 0.0140625
16 0.47421875 0.775 0.01484375 0.0140625
16 0.2546875 0.6921875 0.01484375 0.0140625
16 0.44140625 0.7625 0.01484375 0.0140625
16 0.29453125 0.7078125 0.01484375 0.0125
16 0.34765625 0.72734375 0.01484375 0.015625
16 0.04921875 0.6234375 0.01484375 0.01328125
2 0.61171875 0.84609375 0.015625 0.01484375
16 0.00859375 0.61875 0.009375 0.021875
16 0.0453125 0.64140625 0.0140625 0.01328125
2 0.609375 0.85859375 0.01484375 0.015625
16 0.5921875 0.85234375 0.01484375 0.0140625
16 0.00546875 0.640625 0.009375 0.02421875
9 0.09375 0.67734375 0.0453125 0.084375
16 0.58984375 0.865625 0.01484375 0.015625
16 0.6078125 0.87265625 0.015625 0.01640625
16 0.04296875 0.66171875 0.01640625 0.015625
2 0.6484375 0.89453125 0.01015625 0.02421875
2 0.3296875 0.7765625 0.03671875 0.078125
2 0.728125 0.93125 0.046875 0.0609375
16 0.0390625 0.68125 0.015625 0.0140625
9 0.67578125 0.92578125 0.046875 0.0546875
2 0.521875 0.87265625 0.0796875 0.11015625
4 0.403125 0.828125 0.034375 0.0609375
4 0.4265625 0.8390625 0.02734375 0.05859375
2 0.359375 0.81484375 0.04453125 0.0625
16 0.0359375 0.7 0.01484375 0.0140625
16 0.43828125 0.85546875 0.009375 0.02109375
16 0.44609375 0.85859375 0.009375 0.021875
16 0.31171875 0.8203125 0.01484375 0.0140625
16 0.32890625 0.8265625 0.01484375 0.01328125
16 0.0328125 0.7203125 0.01484375 0.0140625
16 0.4953125 0.8984375 0.01484375 0.015625
16 0.571875 0.9265625 0.01015625 0.0234375
2 0.175 0.77734375 0.0421875 0.0546875
16 0.41640625 0.8734375 0.009375 0.01796875
4 0.28828125 0.82578125 0.028125 0.053125
16 0.42421875 0.87734375 0.0078125 0.01875
9 0.471875 0.896875 0.02265625 0.03671875
16 0.4921875 0.9125 0.01484375 0.0140625
16 0.5109375 0.9203125 0.015625 0.01484375
16 0.0296875 0.7390625 0.01484375 0.0140625
16 0.5296875 0.92734375 0.01484375 0.01484375
9 0.55625 0.9484375 0.0375 0.0359375
9 0.4390625 0.9046875 0.02421875 0.05625
2 0.34609375 0.875 0.0328125 0.04765625
2 0.66875 0.9828125 0.03671875 0.03359375
2 0.225 0.83203125 0.09765625 0.14609375
16 0.0265625 0.75859375 0.015625 0.01484375
9 0.5046875 0.9390625 0.02421875 0.0328125
9 0.484375 0.93203125 0.0171875 0.02578125
2 0.46328125 0.925 0.0140625 0.0140625
9 0.32109375 0.875 0.034375 0.0671875
2 0.446875 0.93359375 0.01015625 0.0234375
2 0.5296875 0.965625 0.0109375 0.02421875
16 0.4609375 0.94453125 0.01640625 0.015625
16 0.51171875 0.96796875 0.01015625 0.02421875
9 0.49453125 0.9625 0.0171875 0.025
9 0.4796875 0.9578125 0.0171875 0.02421875
4 0.11484375 0.8234375 0.034375 0.06953125
4 0.090625 0.81484375 0.03671875 0.06875
2 0.8734375 0.34140625 0.0421875 0.090625
16 0.96171875 0.384375 0.03046875 0.08359375
16 0.9828125 0.3921875 0.028125 0.08359375
16 0.9375 0.3765625 0.03203125 0.0859375
16 0.25546875 0.14609375 0.015625 0.01484375
2 0.8609375 0.4 0.01640625 0.0171875
16 0.25078125 0.17265625 0.01640625 0.01640625
16 0.82265625 0.390625 0.0328125 0.08515625
16 0.75234375 0.3671875 0.01640625 0.0140625
16 0.80078125 0.40234375 0.01015625 0.0234375
9 0.85078125 0.42734375 0.02578125 0.04453125
16 0.83203125 0.44296875 0.01875 0.05546875
20 0.7421875 0.409375 0.034375 0.06875
16 0.76875 0.4328125 0.02734375 0.0734375
2 0.796875 0.44375 0.0359375 0.05546875
2 0.853125 0.465625 0.01484375 0.0140625
16 0.84296875 0.4734375 0.01484375 0.0140625
16 0.875 0.49140625 0.03125 0.08359375
16 0.9515625 0.52109375 0.03125 0.084375
16 0.92421875 0.51171875 0.0296875 0.08046875
16 0.89921875 0.50546875 0.03125 0.0875
9 0.84453125 0.5 0.025 0.034375
20 0.7328125 0.459375 0.02421875 0.03359375
2 0.15390625 0.24453125 0.03046875 0.065625
2 0.509375 0.37890625 0.03984375 0.06953125
16 0.74765625 0.4796875 0.01484375 0.0125
16 0.76171875 0.48515625 0.01484375 0.01328125
20 0.7859375 0.4953125 0.0328125 0.06640625
2 0.54921875 0.41328125 0.04140625 0.07109375
2 0.1953125 0.28203125 0.04453125 0.06640625
2 0.8421875 0.53046875 0.02734375 0.0375
2 0.9734375 0.5796875 0.03671875 0.053125
9 0.0734375 0.240625 0.0296875 0.03359375
2 0.44921875 0.39296875 0.0421875 0.071875
2 0.11171875 0.2671875 0.0375 0.0671875
16 0.80390625 0.52890625 0.01875 0.053125
16 0.7609375 0.525 0.01015625 0.02578125
16 0.753125 0.52265625 0.01015625 0.02421875
2 0.7453125 0.5203125 0.009375 0.02265625
2 0.8328125 0.559375 0.0140625 0.0125
16 0.8125 0.55234375 0.0140625 0.015625
2 0.078125 0.2796875 0.0375 0.06015625
9 0.1203125 0.3 0.02421875 0.03125
16 0.20078125 0.3328125 0.01015625 0.025
16 0.1890625 0.328125 0.01171875 0.02578125
9 0.16328125 0.31875 0.04375 0.0515625
16 0.78046875 0.55390625 0.015625 0.01484375
16 0.74375 0.553125 0.01015625 0.0234375
9 0.8234375 0.59375 0.04375 0.0703125
2 0.11484375 0.334375 0.02890625 0.04140625
2 0.778125 0.58515625 0.03359375 0.04765625
9 0.55234375 0.50234375 0.0359375 0.07109375
9 0.95703125 0.65625 0.021875 0.03671875
2 0.196875 0.378125 0.02421875 0.0375
2 0.15546875 0.36328125 0.02265625 0.03125
2 0.0609375 0.328125 0.01640625 0.01484375
16 0.03984375 0.31953125 0.015625 0.015625
16 0.79296875 0.6046875 0.01328125 0.0125
16 0.61796875 0.54453125 0.0171875 0.01640625
16 0.959375 0.68984375 0.01484375 0.0140625
2 0.94296875 0.684375 0.015625 0.01484375
16 0.0875 0.36484375 0.015625 0.01484375
2 0.10859375 0.3734375 0.01484375 0.0140625
2 0.2859375 0.4421875 0.034375 0.05390625
16 0.5484375 0.54453125 0.015625 0.01484375
2 0.15859375 0.39921875 0.01640625 0.015625
2 0.2109375 0.41796875 0.01640625 0.01640625
16 0.1375 0.39140625 0.01640625 0.0171875
16 0.1890625 0.41171875 0.015625 0.0140625
2 0.25390625 0.4375 0.02265625 0.0359375
16 0.60390625 0.56875 0.01640625 0.01484375
4 0.3421875 0.47421875 0.09140625 0.07890625
4 0.68359375 0.60390625 0.078125 0.06328125
9 0.04921875 0.3671875 0.0421875 0.065625
2 0.6421875 0.59453125 0.01015625 0.02421875
16 0.5546875 0.56328125 0.01484375 0.01484375
16 0.46875 0.53515625 0.06484375 0.053125
9 0.28125 0.47421875 0.02421875 0.03203125
9 0.09765625 0.4125 0.040625 0.06328125
9 0.9328125 0.73203125 0.02890625 0.03125
9 0.14765625 0.43828125 0.03984375 0.0625
9 0.19921875 0.45859375 0.03984375 0.0625
4 0.6765625 0.63984375 0.07578125 0.0625
16 0.0484375 0.40546875 0.01640625 0.015625
2 0.271875 0.49765625 0.01015625 0.0234375
16 0.284375 0.50234375 0.009375 0.021875