2 0.87734375 0.0859375 0.01015625 0.00625
16 0.9046875 0.56640625 0.00546875 0.0125
20 0.04765625 0.36328125 0.046875 0.04375
2 0.12109375 0.39140625 0.00546875 0.01171875
16 0.13984375 0.40390625 0.00859375 0.00546875
16 0.11875 0.40390625 0.0046875 0.01171875
16 0.1390625 0.409375 0.00859375 0.00703125
2 0.1265625 0.4140625 0.00859375 0.00703125
20 0.0421875 0.396875 0.04140625 0.0359375
16 0.08125 0.40625 0.0140625 0.0109375
16 0.025 0.39375 0.00546875 0.01171875
2 0.83671875 0.08046875 0.00859375 0.00703125
2 0.81953125 0.0765625 0.00859375 0.0078125
2 0.8765625 0.090625 0.00859375 0.00703125
2 0.89140625 0.09453125 0.00859375 0.00703125
4 0.6453125 0.55390625 0.0921875 0.40078125
16 0.0765625 0.4140625 0.01015625 0.00703125
16 0.11640625 0.42734375 0.0046875 0.0125
16 0.02890625 0.41796875 0.0140625 0.009375
20 0.07265625 0.43828125 0.034375 0.05703125
2 0.12890625 0.48984375 0.009375 0.02421875
16 0.07890625 0.5015625 0.015625 0.0109375
4 0.76875 0.68828125 0.1015625 0.37890625
4 0.96328125 0.73671875 0.071875 0.37734375
4 0.69921875 0.67265625 0.09453125 0.3796875
4 0.8375 0.70625 0.1 0.390625
4 0.90625 0.7234375 0.09765625 0.38984375
2 0.57578125 0.64375 0.01015625 0.0078125
16 0.38359375 0.59765625 0.009375 0.0078125
16 0.60234375 0.66484375 0.00546875 0.01015625
16 0.60078125 0.67734375 0.0046875 0.01015625
2 0.53125 0.66640625 0.00625 0.01171875
2 0.52578125 0.66640625 0.00625 0.0125
16 0.0828125 0.5625 0.00546875 0.01171875
16 0.078125 0.5609375 0.00546875 0.01171875
16 0.08828125 0.5640625 0.00859375 0.01796875
16 0.65546875 0.70546875 0.01015625 0.00703125
16 0.6546875 0.71015625 0.01015625 0.00703125
16 0.49609375 0.67890625 0.009375 0.00703125
16 0.003125 0.56171875 0.00625 0.0203125
16 0.85703125 0.103125 0.00625 0.0125
16 0.01796875 0.571875 0.00859375 0.00703125
2 0.55234375 0.02890625 0.01015625 0.0078125
2 0.565625 0.03203125 0.01015625 0.00859375
2 0.328125 0.659375 0.01796875 0.0125
2 0.53828125 0.02578125 0.00859375 0.0078125
2 0.37421875 0.67421875 0.00546875 0.0125
2 0.5125 0.01953125 0.01015625 0.00703125
2 0.525 0.0234375 0.009375 0.0078125
2 0.4984375 0.0171875 0.00859375 0.00703125
2 0.484375 0.0140625 0.009375 0.00703125
2 0.4703125 0.0109375 0.009375 0.00703125
2 0.4578125 0.0078125 0.00859375 0.00703125
2 0.44375 0.0046875 0.01015625 0.00703125
2 0.36875 0.690625 0.009375 0.00703125
2 0.43046875 0.00234375 0.0109375 0.0046875
2 0.41875 0.0015625 0.01015625 0.00234375
2 0.3671875 0.69921875 0.00859375 0.00703125
2 0.27578125 0.678125 0.01796875 0.01171875
2 0.28984375 0.68359375 0.009375 0.00625
16 0.26328125 0.68046875 0.00546875 0.01015625
2 0.2234375 0.67109375 0.01875 0.0125
2 0.19609375 0.6640625 0.01875 0.01171875
16 0.8421875 0.10546875 0.00859375 0.00703125
2 0.2625 0.68984375 0.00859375 0.00703125
2 0.278125 0.69609375 0.01015625 0.02265625
2 0.60234375 0.778125 0.009375 0.00703125
16 0.2625 0.6984375 0.0046875 0.0109375
16 0.2578125 0.69765625 0.00546875 0.0109375
16 0.18359375 0.68984375 0.009375 0.00703125
2 0.4609375 0.76328125 0.00546875 0.0125
16 0.53046875 0.78125 0.009375 0.00703125
16 0.19765625 0.69921875 0.00859375 0.01796875
16 0.13515625 0.68984375 0.00859375 0.01953125
2 0.278125 0.7265625 0.01015625 0.0234375
20 0.178125 0.7125 0.03359375 0.05625
20 0.1515625 0.7078125 0.03125 0.05859375
2 0.13359375 0.70546875 0.00546875 0.01171875
9 0.58828125 0.83203125 0.0765625 0.115625
9 0.50390625 0.8234375 0.078125 0.10625
16 0.42578125 0.81015625 0.00859375 0.00703125
16 0.75703125 0.89609375 0.00859375 0.00703125
16 0.88046875 0.1234375 0.00546875 0.01171875
16 0.8546875 0.1171875 0.00546875 0.01171875
16 0.75703125 0.9015625 0.009375 0.00703125
16 0.884375 0.125 0.00546875 0.0109375
2 0.42265625 0.82734375 0.01015625 0.00703125
2 0.6203125 0.87734375 0.00859375 0.00703125
2 0.3421875 0.81171875 0.0046875 0.0109375
2 0.33515625 0.81015625 0.0046875 0.01171875
2 0.325 0.80859375 0.0046875 0.0109375
2 0.3296875 0.81015625 0.0046875 0.0109375
16 0.5421875 0.8671875 0.00859375 0.00703125
2 0.8875 0.9546875 0.00625 0.0125
2 0.76328125 0.096875 0.01171875 0.009375
16 0.171875 0.78046875 0.0140625 0.01171875
16 0.75390625 0.9296875 0.00859375 0.0078125
16 0.428125 0.8546875 0.00546875 0.0125
16 0.4328125 0.85703125 0.00625 0.01171875
16 0.5390625 0.88515625 0.00859375 0.00703125
16 0.54921875 0.8875 0.00859375 0.00625
2 0.7625 0.94140625 0.009375 0.00703125
16 0.91015625 0.978125 0.00546875 0.01171875
2 0.3796875 0.84765625 0.00625 0.01015625
16 0.8921875 0.97421875 0.00546875 0.01171875
16 0.896875 0.9765625 0.00546875 0.01171875
2 0.903125 0.97734375 0.00546875 0.01171875
16 0.571875 0.8953125 0.00625 0.01171875
16 0.5765625 0.896875 0.00546875 0.0125
2 0.56484375 0.8953125 0.00703125 0.0140625
16 0.54765625 0.89375 0.009375 0.00703125
2 0.5375 0.8921875 0.01015625 0.00703125
2 0.7625 0.946875 0.01015625 0.0078125
2 0.05390625 0.778125 0.00703125 0.00546875
2 0.65859375 0.928125 0.01015625 0.009375
16 0.259375 0.83125 0.0046875 0.01171875
16 0.3796875 0.86171875 0.00859375 0.00625
2 0.603125 0.92109375 0.01015625 0.00703125
16 0.284375 0.84140625 0.0046875 0.01171875
16 0.2734375 0.83984375 0.00546875 0.01171875
16 0.2671875 0.83828125 0.00546875 0.0109375
16 0.278125 0.84140625 0.00546875 0.01171875
16 0.37890625 0.8671875 0.009375 0.00703125
2 0.15859375 0.8140625 0.00546875 0.0125
2 0.16328125 0.81484375 0.00546875 0.0125
2 0.13515625 0.80859375 0.00546875 0.01171875
2 0.19609375 0.82421875 0.0046875 0.01171875
2 0.02734375 0.78359375 0.00546875 0.01171875
2 0.01796875 0.78125 0.00546875 0.01171875
16 0.02265625 0.7828125 0.00546875 0.0109375
2 0.86328125 0.99296875 0.00859375 0.00625
16 0.38046875 0.87578125 0.009375 0.00703125
2 0.7578125 0.9703125 0.01015625 0.00703125
16 0.25390625 0.84765625 0.0046875 0.01171875
2 0.8625 0.99765625 0.009375 0.00390625
16 0.37890625 0.88125 0.00859375 0.00703125
2 0.7578125 0.9765625 0.009375 0.0078125
16 0.23515625 0.8484375 0.00859375 0.00703125
9 0.88984375 0.990625 0.04609375 0.01640625
16 0.59921875 0.940625 0.0109375 0.0078125
9 0.6296875 0.953125 0.0515625 0.08125
2 0.6 0.94765625 0.01171875 0.009375
2 0.5578125 0.9453125 0.009375 0.0078125
2 0.2171875 0.865625 0.0046875 0.01171875
2 0.6515625 0.9734375 0.009375 0.00703125
2 0.59765625 0.9609375 0.01015625 0.0078125
2 0.55703125 0.95390625 0.009375 0.00703125
16 0.21484375 0.87890625 0.00546875 0.0109375
2 0.5953125 0.97421875 0.0109375 0.0078125
4 0.325 0.9015625 0.09375 0.14140625
2 0.5984375 0.9859375 0.009375 0.00703125
2 0.6203125 0.990625 0.009375 0.00703125
2 0.6078125 0.98828125 0.01015625 0.009375
16 0.21328125 0.8921875 0.00546875 0.01171875
4 0.46015625 0.94140625 0.075 0.115625
2 0.5078125 0.96796875 0.00859375 0.0078125
16 0.4984375 0.96640625 0.00859375 0.00703125
4 0.3875 0.9359375 0.0578125 0.096875
4 0.2453125 0.90234375 0.0703125 0.09921875
4 0.09765625 0.86328125 0.1953125 0.13515625
16 0.78671875 0.11640625 0.00546875 0.0125
16 0.78203125 0.115625 0.00546875 0.01171875
16 0.85390625 0.1359375 0.00546875 0.01171875
16 0.759375 0.1125 0.0109375 0.00859375
16 0.9234375 0.15703125 0.00859375 0.00703125
4 0.37890625 0.05078125 0.4921875 0.1015625
16 0.9234375 0.165625 0.009375 0.00703125
16 0.99296875 0.19765625 0.00625 0.0109375
16 0.93515625 0.18671875 0.00546875 0.0125
4 0.38203125 0.07109375 0.49375 0.1421875
2 0.74765625 0.15625 0.0046875 0.01171875
16 0.9328125 0.20859375 0.00859375 0.00625
9 0.99375 0.22890625 0.0125 0.0421875
16 0.93125 0.21484375 0.009375 0.00703125
16 0.93125 0.2203125 0.009375 0.00703125
2 0.52734375 0.1234375 0.009375 0.0078125
2 0.553125 0.1296875 0.01015625 0.00703125
16 0.58046875 0.13671875 0.01015625 0.00703125
2 0.44375 0.10390625 0.0109375 0.00859375
2 0.41875 0.09765625 0.01015625 0.00859375
2 0.35546875 0.08359375 0.01015625 0.0078125
2 0.25703125 0.0609375 0.009375 0.00703125
2 0.2875 0.06875 0.009375 0.00703125
2 0.20703125 0.04921875 0.00859375 0.00703125
16 0.74765625 0.1828125 0.01015625 0.00703125
2 0.18046875 0.04296875 0.00859375 0.00703125
16 0.9296875 0.22890625 0.00859375 0.00703125
2 0.16015625 0.03984375 0.009375 0.00703125
16 0.1671875 0.04375 0.00546875 0.0109375
16 0.17265625 0.0453125 0.00546875 0.0109375
16 0.78515625 0.19921875 0.00859375 0.00703125
16 0.74609375 0.18984375 0.01015625 0.00625
2 0.159375 0.0453125 0.00859375 0.00625
16 0.9296875 0.23515625 0.009375 0.00703125
16 0.9921875 0.2515625 0.00546875 0.0109375
16 0.996875 0.25234375 0.0046875 0.0109375
16 0.9984375 0.2546875 0.00234375 0.0125
16 0.78359375 0.2046875 0.009375 0.00703125
16 0.92734375 0.24296875 0.009375 0.00703125
16 0.98359375 0.26171875 0.009375 0.00703125
16 0.9265625 0.24921875 0.009375 0.00703125
16 0.78203125 0.21640625 0.009375 0.0078125
2 0.76953125 0.215625 0.01015625 0.00625
2 0.55234375 0.171875 0.009375 0.0078125
2 0.52578125 0.16484375 0.009375 0.0078125
2 0.5125 0.16171875 0.009375 0.00703125
2 0.5390625 0.16875 0.01015625 0.00703125
2 0.49453125 0.15859375 0.009375 0.00703125
2 0.45390625 0.1484375 0.009375 0.00703125
2 0.46796875 0.15234375 0.01015625 0.00703125
2 0.48046875 0.15546875 0.01015625 0.00703125
2 0.42578125 0.1421875 0.01015625 0.0078125
2 0.4125 0.1390625 0.00859375 0.00703125
2 0.43984375 0.14609375 0.01015625 0.00703125
2 0.39765625 0.1359375 0.01015625 0.00703125
2 0.38359375 0.13203125 0.009375 0.00703125
2 0.971875 0.27734375 0.00546875 0.0109375
2 0.340625 0.12265625 0.00859375 0.00703125
2 0.3265625 0.11953125 0.009375 0.00703125
2 0.2984375 0.1125 0.00859375 0.00703125
2 0.27109375 0.10625 0.01015625 0.00703125
2 0.3125 0.11640625 0.00859375 0.00703125
2 0.2859375 0.109375 0.00859375 0.0078125
2 0.20234375 0.08984375 0.009375 0.00703125
2 0.25859375 0.103125 0.00859375 0.00703125
2 0.23125 0.096875 0.00859375 0.0078125
2 0.2171875 0.09296875 0.009375 0.00703125
2 0.17421875 0.0828125 0.009375 0.00703125
2 0.16171875 0.0796875 0.00859375 0.00625
2 0.18828125 0.0859375 0.01015625 0.00703125
2 0.24453125 0.1 0.00859375 0.00703125
16 0.15234375 0.07890625 0.00546875 0.01171875
16 0.93125 0.27890625 0.009375 0.0078125
16 0.94375 0.2828125 0.009375 0.0078125
2 0.1453125 0.09140625 0.0046875 0.00859375
16 0.93046875 0.2875 0.0078125 0.00703125
16 0.9421875 0.290625 0.00859375 0.00703125
4 0.36171875 0.15859375 0.4796875 0.1546875
16 0.76796875 0.27578125 0.01015625 0.00859375
2 0.7796875 0.28203125 0.01015625 0.00703125
2 0.7875 0.2921875 0.00546875 0.01171875
16 0.8453125 0.309375 0.00546875 0.01328125
16 0.8640625 0.31484375 0.00546875 0.0125
4 0.35546875 0.196875 0.47734375 0.15390625
2 0.68671875 0.27890625 0.01015625 0.00703125
16 0.84375 0.32421875 0.0078125 0.01484375
16 0.86640625 0.33125 0.00546875 0.01328125
2 0.434375 0.24296875 0.00625 0.01171875
2 0.39140625 0.23359375 0.00546875 0.01328125
2 0.4703125 0.253125 0.00625 0.01328125
2 0.3625 0.2265625 0.00703125 0.0125
2 0.30546875 0.21328125 0.00546875 0.01171875
2 0.27109375 0.20546875 0.00625 0.0125
2 0.20546875 0.1890625 0.00546875 0.0125
2 0.18671875 0.18515625 0.00703125 0.01328125
2 0.16171875 0.1796875 0.00703125 0.0140625
2 0.1453125 0.17578125 0.00546875 0.01171875
16 0.140625 0.175 0.00546875 0.01171875
16 0.11171875 0.17109375 0.0140625 0.0109375
2 0.09296875 0.1703125 0.00546875 0.01171875
16 0.071875 0.16484375 0.00546875 0.01171875
2 0.10234375 0.17265625 0.00546875 0.01015625
16 0.07578125 0.16640625 0.0046875 0.0109375
16 0.99765625 0.39921875 0.003125 0.0125
16 0.8546875 0.3640625 0.01015625 0.00703125
2 0.10625 0.1796875 0.00546875 0.01171875
16 0.11328125 0.19296875 0.0140625 0.009375
16 0.0625 0.18046875 0.009375 0.00703125
2 0.6546875 0.32890625 0.01015625 0.0078125
2 0.89921875 0.390625 0.01015625 0.009375
16 0.06171875 0.1859375 0.00859375 0.00625
2 0.12109375 0.203125 0.01015625 0.00703125
16 0.0609375 0.1921875 0.00859375 0.00703125
2 0.11328125 0.21015625 0.00546875 0.0109375
16 0.0609375 0.19765625 0.009375 0.00703125
9 0.08671875 0.20546875 0.04921875 0.0609375
16 0.059375 0.20390625 0.00859375 0.00625
16 0.1265625 0.2234375 0.0140625 0.0109375
16 0.05859375 0.21015625 0.00859375 0.00625
2 0.11171875 0.2265625 0.00859375 0.00703125
16 0.125 0.2328125 0.01484375 0.0109375
16 0.05703125 0.21640625 0.00859375 0.00703125
2 0.1109375 0.23203125 0.00859375 0.00703125
2 0.746875 0.39296875 0.00546875 0.01171875
16 0.7234375 0.3875 0.00859375 0.00703125
2 0.1109375 0.23828125 0.009375 0.00703125
16 0.12265625 0.2421875 0.01328125 0.009375
2 0.765625 0.40078125 0.00859375 0.00703125
16 0.78046875 0.4046875 0.00859375 0.00703125
16 0.721875 0.39453125 0.009375 0.00703125
16 0.7921875 0.41328125 0.00859375 0.00703125
2 0.7203125 0.3984375 0.0078125 0.00703125
16 0.08984375 0.24375 0.0046875 0.0109375
2 0.10703125 0.25 0.00546875 0.01171875
16 0.10078125 0.2484375 0.00859375 0.01875
16 0.7796875 0.41640625 0.009375 0.00703125
16 0.71953125 0.4046875 0.00859375 0.00625
16 0.77734375 0.42265625 0.01015625 0.00703125
2 0.7765625 0.428125 0.0078125 0.00703125
2 0.71796875 0.41875 0.00859375 0.00703125
2 0.696875 0.4140625 0.00859375 0.00703125
16 0.1875 0.290625 0.0046875 0.01171875
16 0.21796875 0.2984375 0.00859375 0.00546875
16 0.7171875 0.4265625 0.0078125 0.00703125
16 0.20234375 0.30546875 0.00546875 0.0125
16 0.71640625 0.43359375 0.00859375 0.00625
2 0.7734375 0.4515625 0.00859375 0.00703125
16 0.715625 0.4390625 0.0078125 0.00625
2 0.94375 0.49921875 0.01015625 0.00703125
2 0.7140625 0.44453125 0.0078125 0.00703125
2 0.17421875 0.31328125 0.00546875 0.0125
16 0.2140625 0.32421875 0.01015625 0.00703125
16 0.1546875 0.31015625 0.00546875 0.01328125
16 0.16875 0.31328125 0.00546875 0.01640625
16 0.20078125 0.321875 0.00625 0.0125
16 0.7140625 0.45 0.00859375 0.00703125
2 0.1625 0.31484375 0.01015625 0.0234375
16 0.2265625 0.33125 0.00546875 0.01171875
16 0.21328125 0.3296875 0.01015625 0.00703125
16 0.7125 0.45625 0.00859375 0.0078125
2 0.77109375 0.47109375 0.00859375 0.00625
16 0.26171875 0.3484375 0.00625 0.01171875
16 0.253125 0.346875 0.00546875 0.01171875
16 0.24921875 0.34609375 0.00546875 0.01171875
16 0.2578125 0.34765625 0.00546875 0.01171875
16 0.26875 0.3515625 0.00546875 0.0125
16 0.20703125 0.33671875 0.009375 0.00703125
16 0.71171875 0.4609375 0.00859375 0.00703125
16 0.171875 0.328125 0.00546875 0.01484375
16 0.17578125 0.32890625 0.0046875 0.01171875
16 0.1671875 0.32734375 0.0046875 0.01171875
16 0.1796875 0.33125 0.00546875 0.0125
16 0.771875 0.4796875 0.0078125 0.00703125
16 0.2078125 0.3421875 0.009375 0.00703125
2 0.7109375 0.4671875 0.0078125 0.00625
16 0.734375 0.47421875 0.00859375 0.00703125
16 0.77109375 0.48359375 0.00859375 0.00703125
16 0.74140625 0.4796875 0.00546875 0.0109375
16 0.7703125 0.4890625 0.00859375 0.00703125
16 0.75234375 0.48515625 0.00859375 0.00703125
16 0.76875 0.49453125 0.00859375 0.00703125
16 0.04765625 0.33984375 0.015625 0.01171875
2 0.83828125 0.07578125 0.009375 0.00546875
2 0.81953125 0.071875 0.009375 0.00625
2 0.8921875 0.08984375 0.009375 0.00703125