4 0.36328125 0.60703125 0.09375 0.06640625
2 0.58984375 0.58046875 0.040625 0.04140625
9 0.27109375 0.6359375 0.03828125 0.0609375
4 0.47421875 0.60546875 0.04609375 0.03984375
4 0.528125 0.59765625 0.04453125 0.04140625
16 0.11328125 0.66484375 0.015625 0.01328125
16 0.16484375 0.66484375 0.01640625 0.0125
16 0.22109375 0.65546875 0.0171875 0.01484375
2 0.77421875 0.56953125 0.034375 0.05859375
16 0.04921875 0.6890625 0.0078125 0.02265625
16 0.2953125 0.65078125 0.00859375 0.02265625
16 0.6390625 0.60078125 0.05546875 0.034375
16 0.74375 0.59296875 0.009375 0.025
16 0.05 0.71171875 0.0078125 0.021875
16 0.734375 0.6109375 0.0125 0.04296875
2 0.37890625 0.671875 0.03203125 0.06171875
2 0.13984375 0.71171875 0.015625 0.0125
16 0.09375 0.72734375 0.015625 0.0125
16 0.0515625 0.7359375 0.00859375 0.02578125
2 0.99453125 0.590625 0.009375 0.0140625
2 0.80390625 0.621875 0.04296875 0.0625
16 0.17421875 0.7265625 0.015625 0.01484375
16 0.77109375 0.6328125 0.00859375 0.025
2 0.3421875 0.70703125 0.015625 0.01328125
16 0.09453125 0.7484375 0.0125 0.01015625
16 0.22890625 0.72734375 0.015625 0.0125
16 0.74609375 0.64921875 0.015625 0.0140625
16 0.05390625 0.7609375 0.0078125 0.02265625
16 0.17578125 0.74765625 0.01484375 0.0125
9 0.26875 0.7390625 0.04140625 0.0828125
9 0.14296875 0.759375 0.0421875 0.0828125
16 0.41875 0.71796875 0.015625 0.0125
16 0.36796875 0.72578125 0.015625 0.0125
2 0.59453125 0.68984375 0.0140625 0.01171875
2 0.49296875 0.70703125 0.015625 0.01484375
16 0.778125 0.66171875 0.0171875 0.01328125
16 0.57265625 0.69453125 0.0140625 0.01328125
4 0.03125 0.7796875 0.02890625 0.12578125
2 0.39140625 0.72265625 0.0171875 0.01640625
16 0.52109375 0.7015625 0.015625 0.0125
16 0.4703125 0.7109375 0.015625 0.01640625
2 0.4421875 0.715625 0.015625 0.01484375
2 0.54453125 0.69921875 0.015625 0.01328125
16 0.09609375 0.7703125 0.0140625 0.01171875
16 0.2296875 0.74921875 0.015625 0.01328125
16 0.3359375 0.73359375 0.0140625 0.0125
4 0.2046875 0.75546875 0.03203125 0.1390625
16 0.86640625 0.6546875 0.009375 0.021875
9 0.9703125 0.63828125 0.04375 0.06328125
16 0.05546875 0.784375 0.00859375 0.021875
16 0.17734375 0.7703125 0.015625 0.01328125
16 0.853125 0.66328125 0.009375 0.02421875
16 0.0984375 0.79140625 0.015625 0.01171875
16 0.23203125 0.7734375 0.01640625 0.01640625
16 0.8078125 0.6828125 0.00859375 0.0234375
16 0.81640625 0.6828125 0.00859375 0.021875
16 0.82421875 0.68203125 0.009375 0.02421875
16 0.05703125 0.8078125 0.0078125 0.0234375
4 0.928125 0.67109375 0.053125 0.04921875
16 0.85390625 0.684375 0.015625 0.0140625
16 0.17890625 0.7921875 0.01484375 0.01171875
16 0.80078125 0.696875 0.01328125 0.0546875
2 0.765625 0.70390625 0.03203125 0.05
16 0.09921875 0.8109375 0.015625 0.0125
9 0.33828125 0.77421875 0.040625 0.06484375
9 0.3890625 0.76796875 0.03828125 0.0625
9 0.440625 0.759375 0.03984375 0.0640625
9 0.49140625 0.75234375 0.0375 0.06171875
9 0.54296875 0.74375 0.0375 0.0578125
9 0.59375 0.7359375 0.03828125 0.06015625
2 0.27578125 0.78671875 0.01484375 0.0125
16 0.2265625 0.796875 0.009375 0.0234375
16 0.85546875 0.70390625 0.0078125 0.021875
16 0.8640625 0.70234375 0.00859375 0.02265625
16 0.95703125 0.68828125 0.009375 0.02421875
16 0.05859375 0.83203125 0.0078125 0.02265625
2 0.8921875 0.70625 0.009375 0.02578125
16 0.10078125 0.8328125 0.01484375 0.01328125
2 0.6703125 0.7453125 0.0515625 0.0578125
2 0.25 0.81328125 0.03359375 0.053125
4 0.9296875 0.71328125 0.053125 0.04609375
16 0.06015625 0.85625 0.00859375 0.021875
2 0.15859375 0.8421875 0.015625 0.0140625
16 0.89375 0.72734375 0.01484375 0.01328125
16 0.475 0.79375 0.01484375 0.0125
16 0.56171875 0.78046875 0.015625 0.0125
16 0.3234375 0.81796875 0.015625 0.0125
16 0.5265625 0.7859375 0.01484375 0.0125
16 0.3671875 0.8125 0.015625 0.0109375
16 0.425 0.803125 0.01484375 0.0140625
16 0.103125 0.86328125 0.01484375 0.01171875
2 0.715625 0.77578125 0.015625 0.01328125
16 0.06171875 0.8796875 0.00859375 0.02265625
16 0.1046875 0.8828125 0.0140625 0.01171875
2 0.71640625 0.78984375 0.01484375 0.0140625
16 0.69765625 0.79296875 0.015625 0.0125
16 0.0640625 0.90390625 0.0078125 0.025
9 0.1609375 0.8921875 0.0421875 0.08359375
16 0.6984375 0.8078125 0.01484375 0.0140625
16 0.71796875 0.8046875 0.015625 0.01484375
16 0.10625 0.90390625 0.015625 0.01328125
2 0.7640625 0.80390625 0.00859375 0.025
2 0.41875 0.8625 0.0328125 0.07890625
2 0.8515625 0.79765625 0.0453125 0.05625
4 0.04375 0.93515625 0.028125 0.10859375
16 0.1078125 0.92578125 0.015625 0.01171875
9 0.79921875 0.8203125 0.04609375 0.05
2 0.63203125 0.8515625 0.07734375 0.103125
4 0.50390625 0.87265625 0.03203125 0.059375
4 0.53046875 0.8703125 0.02421875 0.059375
2 0.45703125 0.88359375 0.04296875 0.05859375
16 0.10859375 0.94609375 0.015625 0.0125
16 0.5453125 0.88046875 0.00859375 0.021875
16 0.55390625 0.87890625 0.00859375 0.02265625
16 0.41171875 0.91484375 0.01484375 0.0125
16 0.43046875 0.91171875 0.01484375 0.01171875
16 0.11015625 0.9671875 0.015625 0.0125
16 0.61171875 0.8921875 0.01484375 0.0140625
16 0.69609375 0.87890625 0.009375 0.0234375
2 0.265625 0.946875 0.04140625 0.05078125
16 0.528125 0.9109375 0.0078125 0.01875
4 0.38984375 0.9328125 0.02578125 0.053125
16 0.5375 0.91015625 0.00703125 0.01953125
9 0.58984375 0.903125 0.02109375 0.0359375
16 0.6125 0.9078125 0.015625 0.0125
16 0.63359375 0.9046875 0.015625 0.01328125
16 0.11171875 0.98828125 0.01484375 0.0125
16 0.65390625 0.9015625 0.01484375 0.01328125
9 0.684375 0.90859375 0.03828125 0.03046875
9 0.5578125 0.928125 0.021875 0.05703125
2 0.45859375 0.94921875 0.03125 0.04453125
2 0.809375 0.89765625 0.034375 0.06484375
2 0.328125 0.95078125 0.09453125 0.09609375
9 0.63125 0.92734375 0.02421875 0.03046875
9 0.609375 0.93046875 0.0171875 0.025
2 0.5875 0.9359375 0.0140625 0.0125
9 0.434375 0.9640625 0.03125 0.0671875
2 0.57265625 0.95390625 0.00859375 0.02421875
2 0.66328125 0.93984375 0.009375 0.02421875
16 0.58984375 0.95625 0.015625 0.01328125
16 0.78125 0.92734375 0.015625 0.01328125
16 0.6453125 0.95234375 0.009375 0.025
9 0.62734375 0.95625 0.0171875 0.02421875
9 0.6109375 0.959375 0.0171875 0.0234375
2 0.85546875 0.13203125 0.03671875 0.0921875
16 0.953125 0.12578125 0.02578125 0.0859375
16 0.971875 0.1234375 0.0140625 0.08671875
16 0.92734375 0.13125 0.0265625 0.08828125
16 0.19375 0.27578125 0.015625 0.01328125
2 0.85625 0.19609375 0.01640625 0.01484375
16 0.196875 0.3046875 0.015625 0.0140625
16 0.815625 0.2078125 0.02734375 0.0875
16 0.740625 0.2234375 0.01640625 0.01171875
16 0.79765625 0.23203125 0.00859375 0.02421875
9 0.853125 0.2296875 0.02421875 0.04375
16 0.83828125 0.2546875 0.01484375 0.0578125
20 0.740625 0.27109375 0.03125 0.06875
16 0.77265625 0.2796875 0.02265625 0.075
2 0.803125 0.27421875 0.03359375 0.05390625
2 0.8640625 0.26640625 0.01484375 0.0125
16 0.85703125 0.27890625 0.015625 0.0125
16 0.8921875 0.2796875 0.0265625 0.08671875
16 0.97578125 0.26640625 0.0265625 0.0875
16 0.94609375 0.271875 0.02421875 0.0828125
16 0.91953125 0.28125 0.02578125 0.08984375
9 0.86328125 0.3046875 0.025 0.03203125
20 0.74296875 0.32578125 0.0234375 0.03125
2 0.11640625 0.428125 0.02734375 0.06640625
2 0.50234375 0.3671875 0.03671875 0.06796875
16 0.76328125 0.3375 0.01484375 0.0109375
16 0.778125 0.33515625 0.015625 0.01171875
20 0.8046875 0.33203125 0.03046875 0.06640625
2 0.55 0.38125 0.03828125 0.06953125
2 0.1671875 0.44296875 0.04296875 0.06328125
2 0.86953125 0.3359375 0.0265625 0.0359375
9 0.0359375 0.46953125 0.03046875 0.0296875
2 0.44609375 0.41484375 0.0390625 0.06953125
2 0.08125 0.47421875 0.03515625 0.06640625
16 0.83125 0.35546875 0.015625 0.0546875
16 0.7875 0.37578125 0.009375 0.0265625
16 0.77890625 0.378125 0.009375 0.025
2 0.7703125 0.38046875 0.0078125 0.0234375
2 0.86640625 0.3703125 0.0140625 0.01015625
16 0.84453125 0.375 0.0140625 0.0140625
2 0.05 0.50546875 0.0359375 0.0578125
9 0.096875 0.50234375 0.02421875 0.02890625
16 0.18515625 0.490625 0.009375 0.02578125
16 0.171875 0.4921875 0.01015625 0.0265625
9 0.14453125 0.496875 0.04375 0.04765625
16 0.8140625 0.39296875 0.015625 0.01328125
16 0.7765625 0.4140625 0.009375 0.0234375
9 0.865625 0.409375 0.0421875 0.06796875
2 0.09921875 0.53984375 0.02734375 0.03984375
2 0.81796875 0.42578125 0.03203125 0.0453125
9 0.57421875 0.4671875 0.03203125 0.07109375
2 0.19140625 0.5375 0.02421875 0.03515625
2 0.146875 0.54609375 0.021875 0.0296875
2 0.04453125 0.5625 0.01640625 0.0125
16 0.02109375 0.565625 0.015625 0.0140625
16 0.83828125 0.4375 0.01328125 0.0109375
16 0.64921875 0.4734375 0.0171875 0.0140625
16 0.0796875 0.58515625 0.015625 0.0125
2 0.10234375 0.58125 0.015625 0.0125
2 0.2953125 0.553125 0.0328125 0.05234375
16 0.58046875 0.51171875 0.015625 0.01328125
2 0.159375 0.5796875 0.01640625 0.01328125
2 0.21484375 0.5703125 0.015625 0.0140625
16 0.1359375 0.58359375 0.0171875 0.01484375
16 0.19140625 0.57578125 0.015625 0.01171875
2 0.26328125 0.565625 0.021875 0.034375
16 0.64140625 0.5046875 0.01640625 0.0125
4 0.35859375 0.55390625 0.09453125 0.065625
4 0.72890625 0.49609375 0.08125 0.0515625
9 0.04296875 0.60703125 0.03984375 0.0640625
2 0.6859375 0.509375 0.009375 0.02421875
16 0.59140625 0.5265625 0.0140625 0.01328125
16 0.49921875 0.5453125 0.0671875 0.04296875
9 0.2984375 0.58671875 0.0234375 0.0296875
9 0.10078125 0.6265625 0.03828125 0.06171875
9 0.99609375 0.4890625 0.00703125 0.0265625
9 0.15703125 0.62421875 0.03828125 0.06015625
9 0.21328125 0.61640625 0.03828125 0.06015625
4 0.73125 0.5359375 0.078125 0.0515625
16 0.05 0.646875 0.015625 0.01328125
2 0.29453125 0.61640625 0.00859375 0.02421875
16 0.30859375 0.6140625 0.00859375 0.02265625