16 0.43984375 0.15234375 0.01171875 0.0453125
2 0.225 0.11484375 0.021875 0.02578125
2 0.18828125 0.11484375 0.0171875 0.0828125
2 0.69296875 0.20234375 0.0109375 0.03984375
16 0.68359375 0.2015625 0.0125 0.046875
2 0.1703125 0.11484375 0.01796875 0.0765625
16 0.08671875 0.1125 0.0234375 0.04296875
16 0.509375 0.18828125 0.0171875 0.02421875
16 0.0265625 0.10703125 0.02734375 0.03984375
16 0.5265625 0.19453125 0.01875 0.02109375
2 0.2265625 0.1453125 0.02734375 0.034375
16 0.5 0.209375 0.0171875 0.028125
16 0.515625 0.2125 0.01875 0.02421875
16 0.534375 0.2171875 0.015625 0.02734375
16 0.41875 0.2125 0.01953125 0.02734375
2 0.58203125 0.2484375 0.01015625 0.04140625
16 0.5921875 0.25078125 0.00859375 0.04140625
2 0.53671875 0.25625 0.00859375 0.03671875
2 0.35 0.22421875 0.0109375 0.05859375
2 0.3625 0.22734375 0.0125 0.06796875
16 0.4359375 0.240625 0.0171875 0.02578125
16 0.45 0.24453125 0.00703125 0.03125
16 0.6953125 0.28828125 0.01796875 0.02734375
2 0.3265625 0.225 0.01328125 0.0515625
16 0.45625 0.24765625 0.0078125 0.034375
2 0.08203125 0.190625 0.03203125 0.0453125
16 0.496875 0.26484375 0.00703125 0.03671875
2 0.68125 0.29921875 0.009375 0.04140625
2 0.5796875 0.28515625 0.0078125 0.0296875
2 0.6109375 0.28984375 0.0171875 0.028125
16 0.41796875 0.259375 0.0140625 0.02421875
2 0.69453125 0.3125 0.01796875 0.02421875
2 0.5921875 0.2984375 0.00703125 0.03125
16 0.16015625 0.22890625 0.0140625 0.0484375
16 0.63203125 0.31328125 0.01640625 0.02265625
16 0.2171875 0.2421875 0.00078125 0.0015625
2 0.3984375 0.27734375 0.0125 0.0171875
2 0.65078125 0.32578125 0.01640625 0.02265625
16 0.41328125 0.2859375 0.0125 0.02265625
2 0.04453125 0.22109375 0.0359375 0.04375
2 0.32265625 0.2734375 0.015625 0.02578125
2 0.29921875 0.26875 0.015625 0.02265625
2 0.28203125 0.2671875 0.01640625 0.02578125
16 0.63203125 0.3328125 0.01875 0.02265625
16 0.39921875 0.29453125 0.0125 0.0171875
2 0.1078125 0.24296875 0.01640625 0.02578125
2 0.08046875 0.2421875 0.02890625 0.04140625
16 0.71640625 0.353125 0.0109375 0.0484375
16 0.70546875 0.35234375 0.01015625 0.04375
16 0.4125 0.3046875 0.0125 0.0171875
16 0.65 0.346875 0.01640625 0.02265625
16 0.3984375 0.30859375 0.0125 0.01953125
16 0.63125 0.353125 0.01875 0.02578125
2 0.3453125 0.30546875 0.0109375 0.05859375
2 0.86328125 0.396875 0.0125 0.059375
2 0.3671875 0.31484375 0.01484375 0.0609375
2 0.903125 0.40859375 0.01171875 0.05859375
2 0.8515625 0.4 0.0125 0.0625
2 0.890625 0.40703125 0.01328125 0.059375
2 0.87890625 0.40703125 0.0125 0.05390625
16 0.10625 0.2734375 0.01875 0.02578125
16 0.6484375 0.3671875 0.015625 0.02578125
2 0.83984375 0.40078125 0.0125 0.05859375
16 0.9125 0.41328125 0.009375 0.046875
2 0.4109375 0.33515625 0.01484375 0.01875
16 0.63203125 0.37578125 0.01875 0.02578125
16 0.04921875 0.28125 0.00703125 0.04140625
16 0.0609375 0.28671875 0.00859375 0.04140625
16 0.64765625 0.3890625 0.0140625 0.02734375
16 0.08984375 0.2953125 0.0078125 0.0328125
16 0.63125 0.4 0.0171875 0.02578125
16 0.6484375 0.409375 0.01796875 0.03125
16 0.6296875 0.42109375 0.0171875 0.02265625
16 0.06328125 0.325 0.015625 0.02734375
2 0.08359375 0.32890625 0.01640625 0.02578125
2 0.85390625 0.46640625 0.015625 0.028125
16 0.10390625 0.33828125 0.01484375 0.028125
16 0.646875 0.43359375 0.01796875 0.02265625
16 0.1703125 0.353125 0.01875 0.034375
16 0.0484375 0.33671875 0.009375 0.04140625
2 0.9828125 0.4984375 0.01484375 0.02734375
2 0.83125 0.471875 0.01015625 0.03671875
16 0.1546875 0.35703125 0.01015625 0.03984375
2 0.4078125 0.403125 0.0125 0.02109375
16 0.6296875 0.44140625 0.015625 0.02109375
16 0.1421875 0.35859375 0.0125 0.0453125
2 0.85390625 0.48359375 0.01328125 0.01953125
16 0.96953125 0.5046875 0.0078125 0.03984375
2 0.959375 0.5078125 0.0125 0.0453125
16 0.64609375 0.4546875 0.01484375 0.0296875
2 0.91328125 0.50390625 0.0203125 0.028125
16 0.0703125 0.3609375 0.0078125 0.0453125
16 0.059375 0.36015625 0.01015625 0.0453125
2 0.7953125 0.4859375 0.01640625 0.07265625
16 0.16875 0.38125 0.01484375 0.03125
2 0.98359375 0.521875 0.01328125 0.02265625
16 0.778125 0.48828125 0.01875 0.028125
2 0.88984375 0.5078125 0.01015625 0.03984375
16 0.628125 0.4640625 0.015625 0.02265625
16 0.89921875 0.51328125 0.01171875 0.04296875
16 0.81015625 0.50625 0.0140625 0.05390625
16 0.6453125 0.4796875 0.01640625 0.02265625
2 0.859375 0.51640625 0.0078125 0.03671875
2 0.9125 0.52734375 0.01640625 0.0296875
16 0.84921875 0.52265625 0.009375 0.04140625
16 0.93984375 0.53984375 0.0125 0.05234375
16 0.14140625 0.40234375 0.009375 0.04296875
16 0.15390625 0.40546875 0.009375 0.04296875
16 0.628125 0.48828125 0.01640625 0.01953125
2 0.20625 0.41640625 0.01875 0.02578125
16 0.16953125 0.4125 0.015625 0.03984375
2 0.9875 0.5546875 0.009375 0.04296875
16 0.97734375 0.5546875 0.01015625 0.04296875
16 0.6453125 0.50234375 0.01328125 0.02265625
2 0.40546875 0.4640625 0.0140625 0.01953125
16 0.86953125 0.5453125 0.0125 0.046875
16 0.62734375 0.50859375 0.01640625 0.02421875
16 0.7515625 0.53125 0.01015625 0.04375
2 0.0484375 0.41328125 0.00859375 0.03828125
2 0.9171875 0.56328125 0.01015625 0.04296875
16 0.90703125 0.5625 0.01015625 0.04140625
16 0.06015625 0.41796875 0.00859375 0.03984375
16 0.82421875 0.55078125 0.02265625 0.028125
16 0.64375 0.521875 0.01484375 0.02578125
2 0.20390625 0.446875 0.0234375 0.034375
2 0.29296875 0.46796875 0.01328125 0.01953125
2 0.27578125 0.46484375 0.0125 0.01953125
16 0.95234375 0.58203125 0.01953125 0.028125
2 0.14609375 0.446875 0.01953125 0.03125
16 0.6265625 0.53046875 0.0171875 0.02265625
16 0.16953125 0.45625 0.0125 0.05
2 0.76875 0.5640625 0.01953125 0.0296875
16 0.64296875 0.54296875 0.01484375 0.02109375
16 0.0796875 0.44609375 0.0125 0.05
16 0.88203125 0.58515625 0.01875 0.0296875
16 0.675 0.55 0.01953125 0.02421875
2 0.103125 0.45078125 0.0078125 0.03984375
16 0.1140625 0.45390625 0.01015625 0.0453125
2 0.93828125 0.5953125 0.0109375 0.04375
16 0.09140625 0.45078125 0.0109375 0.04296875
16 0.12578125 0.4578125 0.01015625 0.03671875
2 0.840625 0.58671875 0.01171875 0.046875
16 0.62578125 0.5515625 0.01328125 0.02265625
2 0.809375 0.584375 0.0125 0.0453125
16 0.75078125 0.57578125 0.01015625 0.04375
16 0.05703125 0.46171875 0.009375 0.04375
16 0.046875 0.46015625 0.0125 0.046875
16 0.6421875 0.565625 0.0125 0.02109375
2 0.96796875 0.62265625 0.01484375 0.0484375
16 0.79296875 0.5921875 0.01640625 0.0296875
16 0.775 0.58984375 0.01640625 0.02421875
2 0.40234375 0.52578125 0.0140625 0.01875
16 0.675 0.57578125 0.01640625 0.02109375
2 0.315625 0.51328125 0.01328125 0.028125
2 0.29140625 0.5109375 0.0125 0.01953125
2 0.27421875 0.5078125 0.01484375 0.01953125
2 0.9015625 0.615625 0.01015625 0.04296875
2 0.86640625 0.6140625 0.0140625 0.046875
16 0.62421875 0.57578125 0.0171875 0.02421875
16 0.0671875 0.48828125 0.0125 0.04375
16 0.640625 0.5875 0.01328125 0.02578125
16 0.75703125 0.6109375 0.01796875 0.02734375
16 0.090625 0.49609375 0.00859375 0.046875
16 0.12734375 0.50234375 0.01015625 0.0453125
16 0.79140625 0.61640625 0.01484375 0.01875
16 0.0796875 0.4953125 0.0109375 0.04296875
16 0.10234375 0.49921875 0.0078125 0.0484375
16 0.775 0.615625 0.01640625 0.02265625
16 0.1125 0.50234375 0.0140625 0.0453125
16 0.6234375 0.59765625 0.0171875 0.02578125
16 0.80703125 0.6328125 0.01328125 0.0515625
2 0.97734375 0.6640625 0.0140625 0.02578125
16 0.640625 0.609375 0.01640625 0.02421875
2 0.9078125 0.65625 0.01875 0.0296875
16 0.05 0.5109375 0.01015625 0.04296875
2 0.1625 0.53203125 0.01015625 0.03984375
16 0.96484375 0.6734375 0.0109375 0.0359375
16 0.0390625 0.51484375 0.00859375 0.03671875
2 0.95390625 0.6734375 0.0125 0.04375
16 0.62265625 0.6171875 0.01875 0.02578125
2 0.8828125 0.6640625 0.0125 0.03984375
16 0.89375 0.6671875 0.01015625 0.03984375
2 0.70390625 0.6375 0.0171875 0.03671875
2 0.72109375 0.6421875 0.0140625 0.0328125
2 0.97734375 0.6875 0.0140625 0.02421875
16 0.63984375 0.63125 0.01640625 0.02421875
2 0.90625 0.67734375 0.0171875 0.02578125
2 0.0671875 0.5328125 0.0203125 0.0359375
2 0.384375 0.5921875 0.01640625 0.02421875
2 0.1375 0.553125 0.01015625 0.03671875
16 0.621875 0.64140625 0.01875 0.028125
16 0.93515625 0.70390625 0.01328125 0.0453125
16 0.384375 0.615625 0.0171875 0.02265625
16 0.02109375 0.553125 0.009375 0.0453125
16 0.8625 0.7 0.0125 0.0453125
16 0.1515625 0.578125 0.0078125 0.03828125
2 0.9828125 0.7203125 0.0125 0.046875
16 0.97265625 0.72109375 0.01015625 0.0484375
2 0.9109375 0.71171875 0.01015625 0.03828125
16 0.62109375 0.6625 0.01796875 0.028125
16 0.1625 0.58359375 0.01171875 0.046875
16 0.109375 0.57578125 0.01015625 0.046875
16 0.90234375 0.7125 0.0078125 0.0453125
16 0.63828125 0.675 0.015625 0.02421875
16 0.1375 0.60078125 0.0125 0.05
2 0.38046875 0.6453125 0.009375 0.03828125
16 0.62265625 0.68671875 0.015625 0.0171875
16 0.0359375 0.58671875 0.01953125 0.0296875
16 0.94921875 0.746875 0.0203125 0.034375
16 0.8734375 0.73515625 0.02109375 0.034375
16 0.6375 0.6953125 0.01640625 0.028125
16 0.1234375 0.60703125 0.01875 0.028125
16 0.62109375 0.7046875 0.015625 0.02734375
2 0.05625 0.60703125 0.0203125 0.03125
2 0.14765625 0.625 0.01015625 0.046875
2 0.82421875 0.7421875 0.02890625 0.04140625
2 0.09921875 0.61796875 0.028125 0.0328125
2 0.37109375 0.66484375 0.0125 0.01875
16 0.63671875 0.71796875 0.0125 0.02421875
2 0.73125 0.73515625 0.0296875 0.034375
16 0.121875 0.63515625 0.01640625 0.02734375
2 0.371875 0.6796875 0.01484375 0.0171875
2 0.03359375 0.62109375 0.0296875 0.0328125
2 0.93125 0.7765625 0.0125 0.0453125
2 0.89453125 0.7734375 0.0109375 0.03671875
2 0.965625 0.7875 0.01015625 0.04140625
16 0.62109375 0.7296875 0.0171875 0.02578125
2 0.3484375 0.6859375 0.02109375 0.034375
2 0.8640625 0.775 0.0109375 0.0484375
2 0.8234375 0.7734375 0.02890625 0.0359375
2 0.3703125 0.69609375 0.01484375 0.02421875
2 0.73046875 0.7703125 0.0296875 0.04140625
2 0.2859375 0.7078125 0.01796875 0.0296875
2 0.2625 0.70390625 0.01640625 0.02265625
2 0.8234375 0.80859375 0.03046875 0.04375
16 0.95546875 0.83203125 0.02421875 0.03671875
2 0.3515625 0.7265625 0.0078125 0.04296875
2 0.3609375 0.7296875 0.0125 0.0484375
2 0.340625 0.73125 0.0140625 0.05390625
16 0.04765625 0.721875 0.015625 0.0640625
2 0.065625 0.753125 0.01171875 0.046875
2 0.11171875 0.79453125 0.02109375 0.0328125
2 0.86640625 0.9296875 0.0125 0.04375
2 0.91875 0.940625 0.01640625 0.028125
16 0.17109375 0.03203125 0.0109375 0.046875
4 0.11015625 0.87734375 0.15 0.11796875
4 0.65546875 0.95546875 0.1546875 0.0890625
4 0.31171875 0.915625 0.15 0.0953125
4 0.86171875 0.975 0.15078125 0.05
16 0.45 0.10859375 0.0078125 0.03828125
16 0.4765625 0.11328125 0.00859375 0.03828125
16 0.46953125 0.11328125 0.00859375 0.04140625
16 0.43984375 0.109375 0.01015625 0.0453125
16 0.4578125 0.1140625 0.0109375 0.04296875
2 0.24375 0.0765625 0.01328125 0.05703125
2 0.225 0.0890625 0.0203125 0.0296875