4 0.3 0.50859375 0.09453125 0.08359375
2 0.5125 0.603125 0.0421875 0.0484375
9 0.20859375 0.4859375 0.0421875 0.065625
4 0.4015625 0.565625 0.046875 0.0484375
4 0.45234375 0.5875 0.04609375 0.04921875
16 0.05859375 0.428125 0.01640625 0.01640625
16 0.10546875 0.45546875 0.01640625 0.015625
16 0.15859375 0.4765625 0.0171875 0.01796875
2 0.68359375 0.690625 0.0375 0.0625
16 0.228125 0.51171875 0.01015625 0.02265625
16 0.553125 0.64765625 0.05546875 0.0453125
9 0.90390625 0.796875 0.0265625 0.0390625
16 0.65 0.696875 0.01171875 0.02578125
16 0.6375 0.70703125 0.01640625 0.04296875
2 0.3 0.57578125 0.0359375 0.06484375
2 0.07109375 0.484375 0.015625 0.015625
16 0.0265625 0.475 0.015625 0.015625
2 0.8828125 0.828125 0.015625 0.01640625
2 0.6984375 0.75546875 0.046875 0.06875
16 0.8984375 0.8359375 0.0171875 0.0171875
16 0.1 0.51640625 0.01640625 0.01796875
16 0.66640625 0.746875 0.01015625 0.025
2 0.25703125 0.58828125 0.01640625 0.01640625
16 0.021875 0.49453125 0.01328125 0.01328125
16 0.14921875 0.546875 0.015625 0.015625
16 0.6390625 0.7484375 0.01640625 0.0171875
16 0.096875 0.53671875 0.01484375 0.015625
9 0.1828125 0.578125 0.046875 0.0859375
9 0.0640625 0.53046875 0.04765625 0.08671875
16 0.325 0.63828125 0.01640625 0.015625
16 0.2765625 0.61875 0.015625 0.015625
2 0.4921875 0.70546875 0.01484375 0.0140625
2 0.3953125 0.66796875 0.01640625 0.01796875
16 0.66640625 0.77734375 0.01796875 0.0171875
16 0.4703125 0.69765625 0.01484375 0.015625
2 0.2984375 0.628125 0.01796875 0.01875
16 0.421875 0.678125 0.01640625 0.015625
16 0.37421875 0.65859375 0.01640625 0.01875
2 0.346875 0.64921875 0.01640625 0.01796875
2 0.44375 0.68828125 0.01640625 0.01640625
16 0.01796875 0.515625 0.01484375 0.0140625
16 0.1453125 0.5671875 0.01640625 0.01640625
16 0.2453125 0.609375 0.01484375 0.01484375
4 0.12109375 0.56015625 0.04453125 0.13671875
16 0.74765625 0.8171875 0.01015625 0.02265625
9 0.846875 0.8578125 0.04765625 0.06875
16 0.09296875 0.559375 0.01640625 0.01640625
16 0.73359375 0.81875 0.0109375 0.025
16 0.015625 0.5359375 0.01640625 0.01484375
16 0.14140625 0.58984375 0.01640625 0.01875
16 0.6875 0.81328125 0.01015625 0.0234375
16 0.69609375 0.8171875 0.01015625 0.021875
16 0.703125 0.8203125 0.0109375 0.025
4 0.80078125 0.865625 0.0546875 0.0578125
16 0.7296875 0.83828125 0.01640625 0.0171875
16 0.0890625 0.5796875 0.01484375 0.01484375
16 0.678125 0.821875 0.01796875 0.053125
2 0.6453125 0.809375 0.03515625 0.05390625
16 0.01171875 0.5546875 0.015625 0.015625
9 0.23828125 0.64765625 0.04453125 0.06953125
9 0.28671875 0.66796875 0.0421875 0.0671875
9 0.33515625 0.6875 0.04375 0.06875
9 0.3828125 0.7078125 0.04140625 0.06640625
9 0.4328125 0.72734375 0.040625 0.0625
9 0.48046875 0.74765625 0.0421875 0.06484375
2 0.178125 0.625 0.01484375 0.015625
16 0.13125 0.60859375 0.0109375 0.02421875
16 0.7265625 0.85703125 0.009375 0.021875
16 0.73515625 0.86015625 0.01015625 0.02265625
16 0.82265625 0.896875 0.0109375 0.025
2 0.759375 0.878125 0.01171875 0.0265625
16 0.00859375 0.575 0.015625 0.01640625
2 0.54765625 0.796875 0.05390625 0.065625
2 0.1484375 0.6359375 0.03671875 0.05703125
4 0.7921875 0.90390625 0.0546875 0.05546875
2 0.059375 0.6140625 0.01640625 0.0171875
16 0.75703125 0.89765625 0.015625 0.01640625
16 0.35859375 0.7375 0.01484375 0.015625
16 0.440625 0.77109375 0.015625 0.015625
16 0.21484375 0.67890625 0.015625 0.015625
16 0.4078125 0.7578125 0.01484375 0.015625
16 0.25625 0.696875 0.015625 0.0140625
16 0.3109375 0.71953125 0.015625 0.01640625
16 0.00546875 0.603125 0.0109375 0.015625
2 0.5828125 0.8484375 0.01640625 0.01640625
16 0.00390625 0.62265625 0.00703125 0.01484375
2 0.5796875 0.8609375 0.015625 0.01640625
16 0.5625 0.85546875 0.015625 0.015625
9 0.04921875 0.66015625 0.0484375 0.0875
16 0.559375 0.86796875 0.015625 0.01640625
16 0.578125 0.87578125 0.01640625 0.01796875
16 0.00234375 0.64296875 0.0046875 0.0171875
2 0.6203125 0.9 0.01015625 0.025
2 0.29140625 0.7703125 0.0390625 0.08125
2 0.7015625 0.93984375 0.0484375 0.06328125
9 0.64765625 0.9328125 0.0484375 0.05703125
2 0.4890625 0.8734375 0.0828125 0.11484375
4 0.3671875 0.82421875 0.0359375 0.06328125
4 0.39140625 0.8359375 0.02890625 0.0609375
2 0.321875 0.809375 0.046875 0.06484375
16 0.40234375 0.85390625 0.01015625 0.021875
16 0.4109375 0.85703125 0.01015625 0.02265625
16 0.27265625 0.8140625 0.01484375 0.015625
16 0.290625 0.82109375 0.01484375 0.01484375
16 0.4609375 0.89921875 0.015625 0.01640625
16 0.540625 0.93125 0.0109375 0.02421875
2 0.13203125 0.765625 0.04375 0.05703125
16 0.3796875 0.871875 0.009375 0.01953125
4 0.2484375 0.81875 0.0296875 0.05546875
16 0.38828125 0.87578125 0.00859375 0.01953125
9 0.4375 0.89765625 0.0234375 0.03828125
16 0.4578125 0.9140625 0.015625 0.015625
16 0.47734375 0.92265625 0.01640625 0.01640625
16 0.496875 0.93046875 0.015625 0.01640625
9 0.5234375 0.953125 0.0390625 0.0375
9 0.403125 0.90390625 0.02578125 0.0578125
2 0.3078125 0.87109375 0.03359375 0.04921875
2 0.63984375 0.98671875 0.0390625 0.025
2 0.18359375 0.8234375 0.10234375 0.15234375
9 0.47109375 0.9421875 0.025 0.034375
9 0.44921875 0.9328125 0.01796875 0.02734375
2 0.42890625 0.92578125 0.01484375 0.01484375
9 0.28125 0.8703125 0.0359375 0.0703125
2 0.4109375 0.934375 0.01015625 0.02421875
2 0.496875 0.9703125 0.01171875 0.025
16 0.42578125 0.94609375 0.01640625 0.01640625
16 0.47734375 0.971875 0.0109375 0.02578125
9 0.46015625 0.965625 0.01796875 0.0265625
9 0.44453125 0.96015625 0.01796875 0.02578125
4 0.06875 0.8109375 0.03671875 0.0703125
4 0.0453125 0.8015625 0.03828125 0.06953125
2 0.85859375 0.33515625 0.04375 0.09453125
16 0.94921875 0.38125 0.0328125 0.0859375
16 0.97109375 0.390625 0.0296875 0.0859375
16 0.925 0.37265625 0.03359375 0.08828125
16 0.99140625 0.40546875 0.01640625 0.08984375
16 0.22265625 0.11640625 0.01640625 0.01640625
2 0.84453125 0.39375 0.01640625 0.01796875
16 0.21796875 0.14296875 0.01640625 0.0171875
16 0.80546875 0.384375 0.034375 0.0875
16 0.73359375 0.3578125 0.01640625 0.01484375
16 0.7828125 0.39609375 0.01015625 0.02421875
9 0.834375 0.4234375 0.0265625 0.046875
16 0.81484375 0.4375 0.01953125 0.05703125
20 0.72265625 0.4015625 0.0359375 0.07109375
16 0.74921875 0.42578125 0.02890625 0.07578125
2 0.778125 0.43828125 0.0375 0.0578125
2 0.8359375 0.4625 0.01484375 0.015625
16 0.82578125 0.4703125 0.015625 0.015625
16 0.85859375 0.4890625 0.03359375 0.08671875
16 0.9375 0.521875 0.03359375 0.0875
16 0.909375 0.5109375 0.03125 0.0828125
16 0.8828125 0.50546875 0.03359375 0.08984375
9 0.8265625 0.496875 0.0265625 0.0359375
20 0.71171875 0.45234375 0.025 0.034375
2 0.1171875 0.21484375 0.03203125 0.06796875
2 0.48203125 0.36328125 0.04140625 0.071875
16 0.72734375 0.47421875 0.01484375 0.0140625
16 0.74140625 0.4796875 0.015625 0.01484375
20 0.76640625 0.49140625 0.03515625 0.06875
2 0.52265625 0.40078125 0.04375 0.07421875
2 0.15859375 0.25390625 0.046875 0.06953125
2 0.82421875 0.52890625 0.028125 0.03984375
2 0.959375 0.58359375 0.03828125 0.05546875
9 0.040625 0.2125 0.01796875 0.03046875
2 0.4203125 0.37578125 0.04375 0.07421875
2 0.07265625 0.2375 0.0390625 0.06953125
16 0.78515625 0.5265625 0.0203125 0.0546875
16 0.740625 0.521875 0.01171875 0.02734375
16 0.73203125 0.51953125 0.0109375 0.02578125
2 0.72421875 0.51640625 0.01015625 0.0234375
2 0.8140625 0.55859375 0.01484375 0.0125
16 0.79296875 0.5515625 0.01484375 0.01640625
2 0.040625 0.2515625 0.03515625 0.0609375
9 0.08125 0.271875 0.02578125 0.0328125
16 0.16484375 0.3078125 0.01171875 0.0265625
16 0.1515625 0.303125 0.01171875 0.0265625
9 0.12578125 0.29140625 0.04609375 0.05390625
16 0.7609375 0.5515625 0.01640625 0.01640625
16 0.721875 0.55078125 0.0109375 0.02421875
9 0.80390625 0.59296875 0.04609375 0.0734375
2 0.07421875 0.30703125 0.0296875 0.04375
2 0.75703125 0.58359375 0.034375 0.05
9 0.52421875 0.4921875 0.0375 0.07421875
9 0.94140625 0.66171875 0.021875 0.0375
2 0.159375 0.35390625 0.02578125 0.03828125
2 0.1171875 0.33828125 0.0234375 0.0328125
2 0.0234375 0.3 0.01171875 0.0140625
16 0.77265625 0.6046875 0.01328125 0.0140625
16 0.5921875 0.5375 0.01796875 0.01796875
16 0.94296875 0.69609375 0.01484375 0.015625
2 0.9265625 0.690625 0.01640625 0.015625
16 0.04609375 0.3375 0.01640625 0.015625
2 0.06796875 0.346875 0.015625 0.015625
2 0.25 0.421875 0.0359375 0.05546875
16 0.5203125 0.53671875 0.01640625 0.01640625
2 0.11953125 0.37421875 0.0171875 0.01640625
2 0.1734375 0.39609375 0.01640625 0.0171875
16 0.0984375 0.36640625 0.0171875 0.01796875
16 0.15078125 0.38828125 0.01640625 0.01484375
2 0.21796875 0.41640625 0.0234375 0.03671875
16 0.57734375 0.5625 0.01640625 0.015625
4 0.30859375 0.45703125 0.0953125 0.08359375
4 0.659375 0.6 0.08125 0.0671875
9 0.01796875 0.34296875 0.0234375 0.06171875
2 0.6171875 0.58984375 0.0109375 0.025
16 0.5265625 0.55546875 0.01484375 0.015625
16 0.43828125 0.52421875 0.06640625 0.05546875
9 0.2453125 0.45546875 0.025 0.0328125
9 0.05625 0.38671875 0.0421875 0.06640625
9 0.915625 0.7390625 0.0296875 0.0328125
9 0.1078125 0.41484375 0.0421875 0.06484375
9 0.1609375 0.43671875 0.0421875 0.06484375
4 0.65234375 0.63828125 0.07890625 0.06640625
16 0.00859375 0.3796875 0.01015625 0.01484375
2 0.23515625 0.47890625 0.01015625 0.02421875
16 0.2484375 0.484375 0.01015625 0.02265625