16 0.78359375 0.63515625 0.00546875 0.0109375
16 0.77734375 0.634375 0.0046875 0.01015625
16 0.790625 0.6375 0.00390625 0.01015625
16 0.7703125 0.634375 0.00390625 0.0109375
16 0.03125 0.51015625 0.009375 0.00703125
16 0.86484375 0.65703125 0.00859375 0.00703125
20 0.84765625 0.65546875 0.015625 0.01875
2 0.54140625 0.603125 0.0125 0.01015625
2 0.5140625 0.59921875 0.0109375 0.0078125
16 0.528125 0.6015625 0.0109375 0.00859375
16 0.03046875 0.51796875 0.0109375 0.00859375
20 0.71015625 0.6390625 0.01875 0.01953125
16 0.8640625 0.665625 0.009375 0.00546875
16 0.76875 0.65 0.0046875 0.01171875
2 0.53984375 0.6109375 0.01171875 0.0078125
16 0.7828125 0.65234375 0.0046875 0.0109375
16 0.775 0.6515625 0.0046875 0.0109375
16 0.52734375 0.609375 0.0125 0.00859375
16 0.7890625 0.65390625 0.0046875 0.0109375
2 0.51328125 0.60859375 0.0109375 0.00859375
16 0.0296875 0.52578125 0.009375 0.00703125
16 0.96796875 0.68984375 0.0046875 0.01015625
16 0.94609375 0.68671875 0.00390625 0.01171875
20 0.97734375 0.6921875 0.0109375 0.021875
20 0.95625 0.6890625 0.01640625 0.021875
20 0.93359375 0.68515625 0.0171875 0.01796875
16 0.86328125 0.6734375 0.009375 0.00625
16 0.5390625 0.6203125 0.009375 0.00703125
16 0.5265625 0.61875 0.0109375 0.0078125
16 0.02890625 0.534375 0.009375 0.00703125
2 0.51171875 0.615625 0.01171875 0.00859375
16 0.8625 0.68203125 0.01015625 0.00703125
2 0.5390625 0.628125 0.01171875 0.009375
2 0.51171875 0.6234375 0.0109375 0.00859375
16 0.52421875 0.6265625 0.0109375 0.00859375
2 0.028125 0.54296875 0.0109375 0.00859375
16 0.91171875 0.69453125 0.00546875 0.01328125
16 0.903125 0.69296875 0.00859375 0.01484375
16 0.925 0.7 0.0078125 0.00546875
16 0.5375 0.63671875 0.01171875 0.009375
2 0.5109375 0.63203125 0.01171875 0.0078125
16 0.52421875 0.63515625 0.0109375 0.00859375
16 0.0265625 0.5515625 0.009375 0.00625
2 0.5375 0.6453125 0.0125 0.01015625
2 0.509375 0.640625 0.01171875 0.0078125
16 0.0265625 0.559375 0.01015625 0.00703125
16 0.5234375 0.64296875 0.01171875 0.009375
16 0.53671875 0.653125 0.01171875 0.009375
16 0.02578125 0.56796875 0.009375 0.00625
16 0.025 0.57578125 0.009375 0.00703125
2 0.52265625 0.665625 0.0125 0.00859375
16 0.0234375 0.584375 0.01015625 0.00703125
16 0.8453125 0.72421875 0.00546875 0.01015625
2 0.521875 0.67421875 0.0125 0.009375
16 0.02265625 0.5921875 0.009375 0.00703125
16 0.84453125 0.73984375 0.0046875 0.009375
2 0.02109375 0.6125 0.0109375 0.009375
16 0.01171875 0.6265625 0.0109375 0.00703125
16 0.61484375 0.73046875 0.00703125 0.0125
16 0.60859375 0.7296875 0.00625 0.01328125
16 0.6421875 0.73515625 0.00703125 0.01328125
16 0.6015625 0.728125 0.00625 0.01328125
16 0.62890625 0.7328125 0.00625 0.01328125
16 0.621875 0.73203125 0.00703125 0.01328125
16 0.59453125 0.728125 0.00703125 0.0125
16 0.63515625 0.734375 0.00625 0.01484375
16 0.659375 0.7421875 0.00703125 0.01328125
16 0.65234375 0.740625 0.00625 0.0125
16 0.0109375 0.634375 0.0109375 0.0078125
16 0.0046875 0.7109375 0.00859375 0.01015625
16 0.00390625 0.71875 0.0078125 0.00859375
16 0.003125 0.72734375 0.00625 0.0078125
16 0.00078125 0.76171875 0.0015625 0.0078125
16 0.9359375 0.92265625 0.00546875 0.01328125
2 0.921875 0.9203125 0.00625 0.01328125
16 0.92890625 0.921875 0.00546875 0.01328125
2 0.94296875 0.92421875 0.00546875 0.0125
16 0.2734375 0.89296875 0.0046875 0.00859375
16 0.29453125 0.896875 0.00390625 0.00703125
16 0.28046875 0.89453125 0.00390625 0.00859375
16 0.2671875 0.8921875 0.00390625 0.01015625
16 0.240625 0.88828125 0.00390625 0.01015625
16 0.24609375 0.88984375 0.00390625 0.009375
16 0.259375 0.8921875 0.00546875 0.009375
16 0.253125 0.890625 0.0046875 0.009375
16 0.28828125 0.896875 0.00390625 0.00859375
16 0.21875 0.884375 0.00390625 0.009375
16 0.23203125 0.8875 0.0046875 0.00859375
16 0.22578125 0.88671875 0.0046875 0.00859375
16 0.20546875 0.8828125 0.0046875 0.00859375
16 0.21171875 0.884375 0.00546875 0.009375
2 0.43828125 0.925 0.00546875 0.0125
2 0.43125 0.92421875 0.00625 0.01328125
2 0.42421875 0.92265625 0.00546875 0.01328125
20 0.00703125 0.85390625 0.0140625 0.01953125
2 0.71171875 0.975 0.00859375 0.00546875
2 0.6984375 0.97265625 0.00859375 0.00625
2 0.5578125 0.95 0.01015625 0.00703125
9 0.53984375 0.94765625 0.0125 0.009375
16 0.01875 0.86015625 0.009375 0.00546875
2 0.09765625 0.878125 0.00546875 0.01328125
16 0.696875 0.98046875 0.0078125 0.00546875
16 0.7109375 0.98359375 0.00859375 0.00625
16 0.81328125 0.9984375 0.0109375 0.0015625
16 0.01796875 0.87109375 0.009375 0.00625
16 0.71015625 0.99140625 0.00859375 0.00546875
16 0.69609375 0.9890625 0.00859375 0.00546875
16 0.63828125 0.9796875 0.009375 0.00546875
16 0.6515625 0.98203125 0.009375 0.0046875
9 0.00546875 0.875 0.01015625 0.01953125
16 0.01796875 0.8796875 0.00859375 0.00546875
9 0.32109375 0.93125 0.02578125 0.03828125
9 0.390625 0.94921875 0.03515625 0.0578125
16 0.09375 0.9 0.00859375 0.00546875
16 0.6328125 0.99140625 0.00703125 0.00625
20 0.7109375 0.996875 0.01640625 0.0046875
20 0.6953125 0.99609375 0.01796875 0.00703125
16 0.028125 0.89140625 0.0078125 0.00546875
20 0.67109375 0.9953125 0.01875 0.00703125
9 0.6484375 0.99375 0.01875 0.0109375
16 0.0421875 0.89765625 0.009375 0.00625
16 0.63203125 0.99765625 0.0078125 0.00390625
16 0.09296875 0.90859375 0.009375 0.0046875
20 0.61640625 0.99296875 0.015625 0.01328125
16 0.015625 0.89609375 0.009375 0.00625
20 0.00390625 0.8953125 0.0078125 0.01953125
9 0.06640625 0.9078125 0.0421875 0.0453125
16 0.040625 0.90625 0.009375 0.00625
16 0.1859375 0.93046875 0.00546875 0.01171875
16 0.17265625 0.92890625 0.0046875 0.0109375
16 0.1515625 0.92578125 0.00546875 0.01015625
16 0.165625 0.928125 0.00546875 0.01171875
16 0.17890625 0.93046875 0.0046875 0.0109375
16 0.1453125 0.92421875 0.00546875 0.0109375
16 0.15859375 0.9265625 0.00546875 0.0109375
16 0.13828125 0.92421875 0.00546875 0.0125
2 0.13125 0.92265625 0.00625 0.0125
16 0.0921875 0.915625 0.009375 0.00546875
16 0.0265625 0.90859375 0.009375 0.00546875
2 0.0390625 0.9140625 0.01015625 0.00703125
16 0.09140625 0.925 0.009375 0.00625
16 0.17109375 0.94453125 0.00546875 0.009375
2 0.15078125 0.940625 0.00546875 0.01015625
16 0.1578125 0.9421875 0.00546875 0.009375
16 0.14375 0.93984375 0.00546875 0.009375
16 0.1296875 0.9375 0.00546875 0.009375
16 0.13671875 0.9390625 0.00546875 0.00859375
16 0.18515625 0.946875 0.00546875 0.009375
16 0.1640625 0.94296875 0.00546875 0.00859375
2 0.88671875 0.18046875 0.00625 0.0125
16 0.8796875 0.17890625 0.00703125 0.0109375
16 0.8734375 0.17890625 0.00546875 0.0109375
16 0.865625 0.17734375 0.00703125 0.01171875
16 0.859375 0.17734375 0.00703125 0.01171875
2 0.81640625 0.1703125 0.00703125 0.0125
16 0.8296875 0.171875 0.00625 0.01328125
16 0.83828125 0.1734375 0.00625 0.01171875
2 0.85234375 0.17578125 0.00703125 0.0125
16 0.8234375 0.171875 0.00546875 0.0109375
16 0.80234375 0.16796875 0.00546875 0.0109375
16 0.7953125 0.1671875 0.00625 0.01328125
16 0.871875 0.19375 0.00703125 0.0125
16 0.87734375 0.19609375 0.00625 0.0109375
2 0.884375 0.19765625 0.00703125 0.01328125
2 0.921875 0.240625 0.0078125 0.00625
2 0.90625 0.23828125 0.00859375 0.00703125
2 0.52109375 0.1765625 0.0109375 0.00703125
2 0.49296875 0.17265625 0.0109375 0.009375
2 0.54140625 0.18125 0.0109375 0.00703125
16 0.271875 0.13984375 0.0109375 0.01015625
2 0.53125 0.18359375 0.00625 0.01484375
16 0.4921875 0.18125 0.0109375 0.0078125
2 0.965625 0.2625 0.00546875 0.0109375
16 0.95625 0.2609375 0.0046875 0.01171875
2 0.9359375 0.2578125 0.00546875 0.0125
16 0.9484375 0.26015625 0.00546875 0.01015625
16 0.94296875 0.259375 0.0046875 0.0109375
16 0.27109375 0.14765625 0.009375 0.00703125
2 0.91875 0.265625 0.0078125 0.00703125
2 0.90390625 0.26328125 0.009375 0.00703125
2 0.4703125 0.1921875 0.01171875 0.00859375
2 0.32421875 0.16796875 0.0078125 0.01328125
2 0.290625 0.16328125 0.00703125 0.01484375
16 0.96015625 0.27734375 0.00859375 0.00625
2 0.53984375 0.2109375 0.00703125 0.0125
16 0.45546875 0.19765625 0.0109375 0.0078125
2 0.46875 0.2 0.01171875 0.0078125
2 0.3984375 0.18828125 0.0109375 0.009375
16 0.95859375 0.284375 0.0078125 0.00546875
2 0.46796875 0.2078125 0.0109375 0.0078125
2 0.3984375 0.196875 0.0109375 0.00859375
16 0.9578125 0.29296875 0.00703125 0.0046875
2 0.9 0.2875 0.00859375 0.00625
2 0.91640625 0.290625 0.0109375 0.0078125
2 0.46640625 0.21640625 0.0109375 0.00703125
16 0.4546875 0.2140625 0.0109375 0.00703125
16 0.95703125 0.3015625 0.0078125 0.00546875
2 0.453125 0.22265625 0.0109375 0.0078125
2 0.465625 0.225 0.01015625 0.00703125
16 0.95625 0.309375 0.00859375 0.00546875
2 0.28671875 0.19921875 0.00703125 0.015625
2 0.3203125 0.20625 0.00703125 0.01484375
2 0.5359375 0.24453125 0.00546875 0.01171875
2 0.465625 0.2328125 0.0109375 0.009375
16 0.9546875 0.3171875 0.00703125 0.0046875
2 0.89765625 0.3109375 0.009375 0.00703125
2 0.91328125 0.31328125 0.01015625 0.00703125
16 0.95390625 0.3265625 0.0078125 0.0046875
16 0.953125 0.33359375 0.0078125 0.00546875
2 0.46484375 0.253125 0.0109375 0.01875
2 0.51640625 0.26171875 0.00625 0.01328125
2 0.47578125 0.25546875 0.00625 0.0140625
2 0.4546875 0.2515625 0.0109375 0.01875
2 0.509375 0.2609375 0.00703125 0.0125
2 0.50234375 0.2609375 0.00625 0.01328125
2 0.4828125 0.25703125 0.00703125 0.01328125
16 0.8859375 0.3375 0.00546875 0.01171875
2 0.315625 0.25546875 0.00859375 0.0140625
2 0.28046875 0.25 0.0078125 0.01328125
2 0.54921875 0.30078125 0.0109375 0.0078125
16 0.88359375 0.3609375 0.00546875 0.01015625
2 0.546875 0.309375 0.0109375 0.00703125
2 0.453125 0.29609375 0.01171875 0.0078125
2 0.54609375 0.3171875 0.009375 0.00703125
2 0.5265625 0.3140625 0.0109375 0.01015625
2 0.3109375 0.284375 0.00859375 0.01640625
2 0.54609375 0.32578125 0.01015625 0.00703125
2 0.525 0.321875 0.0109375 0.00703125
2 0.45078125 0.3125 0.0109375 0.00859375
4 0.98125 0.40625 0.0359375 0.07421875
2 0.2765625 0.28671875 0.00859375 0.01328125
16 0.8890625 0.390625 0.0078125 0.00625
2 0.52421875 0.3296875 0.01015625 0.00703125
2 0.54453125 0.33359375 0.0109375 0.0078125
2 0.54453125 0.34140625 0.0109375 0.00703125
2 0.5234375 0.33828125 0.01015625 0.00703125
16 0.8875 0.40703125 0.0078125 0.0046875
2 0.5234375 0.34609375 0.0109375 0.00859375
2 0.54375 0.35 0.01015625 0.0078125
2 0.52265625 0.3546875 0.01171875 0.00703125
2 0.54296875 0.359375 0.01171875 0.00859375
16 0.88515625 0.4234375 0.00703125 0.00546875
2 0.52109375 0.36640625 0.0109375 0.00703125
2 0.48828125 0.3765625 0.00703125 0.01328125
2 0.5015625 0.37890625 0.0078125 0.0140625
2 0.4953125 0.378125 0.00546875 0.01328125
2 0.5078125 0.38125 0.00625 0.0125
16 0.875 0.4453125 0.00390625 0.0109375
2 0.45859375 0.3765625 0.00859375 0.01796875
2 0.5265625 0.3875 0.009375 0.01796875
2 0.5375 0.38984375 0.00859375 0.01640625
2 0.44453125 0.37421875 0.0078125 0.0171875
2 0.47890625 0.38046875 0.009375 0.01640625
2 0.87265625 0.4609375 0.00546875 0.01328125
2 0.47578125 0.41015625 0.01015625 0.015625
16 0.87109375 0.478125 0.00390625 0.0109375
2 0.48828125 0.41328125 0.0109375 0.0171875
16 0.46640625 0.415625 0.00625 0.01328125
2 0.453125 0.41328125 0.0078125 0.01484375
16 0.46015625 0.41484375 0.00703125 0.01328125
4 0.9734375 0.5046875 0.05234375 0.12265625
16 0.50390625 0.43984375 0.00625 0.0140625
16 0.71171875 0.48203125 0.009375 0.00625
16 0.7109375 0.490625 0.009375 0.00625
16 0.71015625 0.49921875 0.0078125 0.00703125
16 0.87890625 0.52890625 0.0109375 0.00703125
16 0.70859375 0.50703125 0.00859375 0.00703125
20 0.86171875 0.53515625 0.015625 0.021875
2 0.87734375 0.5375 0.009375 0.00625
16 0.7078125 0.51484375 0.00859375 0.00546875
2 0.6734375 0.5109375 0.01328125 0.02578125
2 0.66328125 0.51015625 0.0078125 0.015625
16 0.70703125 0.5234375 0.0078125 0.00625
16 0.70703125 0.53125 0.0078125 0.00703125
2 0.875 0.5625 0.009375 0.00703125
16 0.97421875 0.58125 0.01015625 0.00703125
16 0.8640625 0.5625 0.00546875 0.0109375
16 0.70546875 0.53984375 0.00859375 0.00703125
2 0.5375 0.5125 0.0109375 0.00703125
16 0.55078125 0.51484375 0.0109375 0.0078125
16 0.87421875 0.57109375 0.0078125 0.00625
2 0.97421875 0.58828125 0.0109375 0.00703125
20 0.9453125 0.58515625 0.01875 0.01875
16 0.7046875 0.5484375 0.009375 0.00546875
16 0.55 0.5234375 0.01015625 0.0078125
2 0.53671875 0.52109375 0.0109375 0.009375
16 0.97265625 0.596875 0.009375 0.00625
2 0.96015625 0.59453125 0.009375 0.00703125
16 0.87265625 0.58125 0.0078125 0.00546875
16 0.70390625 0.55546875 0.00859375 0.00625
2 0.53671875 0.52890625 0.0109375 0.0078125
16 0.54921875 0.53203125 0.01015625 0.009375
16 0.871875 0.5890625 0.0078125 0.00625
20 0.94296875 0.6046875 0.01875 0.0203125
16 0.703125 0.56484375 0.0078125 0.00625
2 0.53515625 0.5375 0.01171875 0.00859375
16 0.54921875 0.540625 0.0109375 0.0078125
20 0.85703125 0.59296875 0.01640625 0.0234375
16 0.87109375 0.59765625 0.009375 0.00703125
16 0.7734375 0.58203125 0.00859375 0.00703125
16 0.7015625 0.57265625 0.0078125 0.00546875
2 0.53359375 0.5453125 0.01171875 0.00703125
16 0.54765625 0.54765625 0.0109375 0.00703125
16 0.87109375 0.60625 0.01015625 0.00703125
16 0.77265625 0.590625 0.0078125 0.00625
2 0.94609375 0.6203125 0.009375 0.00703125
16 0.93359375 0.61796875 0.0078125 0.00625
16 0.70078125 0.58125 0.009375 0.00703125
16 0.546875 0.55625 0.0109375 0.0078125
2 0.53359375 0.55546875 0.0109375 0.0078125
2 0.86953125 0.61484375 0.009375 0.00703125
16 0.771875 0.59921875 0.009375 0.00703125
16 0.7 0.5890625 0.0078125 0.00703125
16 0.546875 0.56484375 0.0109375 0.00859375
2 0.53203125 0.5625 0.01015625 0.00859375
20 0.9390625 0.634375 0.01875 0.01953125
16 0.6984375 0.596875 0.009375 0.00703125
2 0.53125 0.56953125 0.0109375 0.0078125
2 0.54453125 0.57734375 0.01171875 0.00859375
20 0.79140625 0.61796875 0.015625 0.021875
20 0.77421875 0.615625 0.01640625 0.02265625
16 0.8671875 0.6328125 0.009375 0.00625
16 0.6984375 0.60625 0.0078125 0.00625
20 0.85078125 0.63125 0.01484375 0.0203125
16 0.03359375 0.49375 0.0109375 0.00859375
2 0.51640625 0.578125 0.01015625 0.00859375
2 0.5296875 0.58046875 0.01171875 0.009375
16 0.03203125 0.50234375 0.0109375 0.0078125
20 0.71171875 0.61953125 0.01953125 0.01953125
2 0.54296875 0.59296875 0.0109375 0.00859375
16 0.52890625 0.59140625 0.01015625 0.00859375
2 0.51484375 0.5890625 0.01171875 0.00859375