16 0.50234375 0.7734375 0.01953125 0.01796875
2 0.52109375 0.77890625 0.01640625 0.021875
16 0.79609375 0.84609375 0.021875 0.01953125
16 0.7703125 0.840625 0.0234375 0.021875
16 0.46640625 0.77578125 0.01953125 0.01875
16 0.4859375 0.7796875 0.015625 0.02109375
2 0.4265625 0.77109375 0.040625 0.05859375
16 0.55390625 0.81015625 0.02265625 0.01796875
16 0.5734375 0.815625 0.0203125 0.01875
16 0.53359375 0.80703125 0.0234375 0.02421875
16 0.553125 0.82734375 0.02109375 0.02265625
2 0.00859375 0.71171875 0.0171875 0.0265625
16 0.575 0.834375 0.021875 0.02578125
16 0.53359375 0.82578125 0.02109375 0.02109375
16 0.0265625 0.7171875 0.0203125 0.0265625
16 0.81640625 0.89453125 0.01953125 0.0171875
2 0.87421875 0.9265625 0.05390625 0.08671875
2 0.0078125 0.73984375 0.015625 0.02734375
16 0.0265625 0.746875 0.02265625 0.01875
16 0.5796875 0.871875 0.01328125 0.0359375
16 0.1171875 0.77734375 0.0140625 0.03125
2 0.53828125 0.87109375 0.04140625 0.06015625
16 0.02265625 0.7671875 0.01640625 0.02109375
16 0.55859375 0.8859375 0.0109375 0.03203125
16 0.13515625 0.7953125 0.01953125 0.02109375
2 0.0078125 0.76875 0.01484375 0.02734375
2 0.09453125 0.78828125 0.01875 0.021875
2 0.27734375 0.84296875 0.01328125 0.0359375
2 0.62578125 0.92265625 0.0140625 0.03515625
16 0.13203125 0.81796875 0.01796875 0.01875
16 0.02109375 0.7953125 0.01484375 0.02421875
9 0.59765625 0.921875 0.0515625 0.05078125
2 0.00546875 0.79453125 0.0109375 0.0265625
16 0.78046875 0.975 0.015625 0.03515625
16 0.55078125 0.92578125 0.01796875 0.01796875
2 0.50390625 0.92265625 0.00859375 0.02734375
16 0.490625 0.9234375 0.01171875 0.03671875
16 0.0203125 0.8234375 0.01796875 0.01953125
16 0.13203125 0.84765625 0.01953125 0.01796875
2 0.0046875 0.8203125 0.009375 0.02734375
16 0.20625 0.865625 0.01953125 0.01875
16 0.590625 0.95078125 0.021875 0.0234375
2 0.85625 0.984375 0.03515625 0.02890625
9 0.24921875 0.8828125 0.05078125 0.11796875
16 0.77578125 0.99609375 0.01484375 0.00625
2 0.0046875 0.8453125 0.009375 0.02578125
16 0.01875 0.85 0.01875 0.021875
9 0.08125 0.86328125 0.0484375 0.1015625
2 0.66171875 0.978125 0.05546875 0.0421875
16 0.20390625 0.89296875 0.01875 0.0234375
16 0.1265625 0.8953125 0.01953125 0.0234375
2 0.29765625 0.93203125 0.05625 0.0671875
2 0.003125 0.87109375 0.00625 0.02890625
16 0.01640625 0.87578125 0.0171875 0.02265625
2 0.00234375 0.8890625 0.0046875 0.0125
16 0.015625 0.89609375 0.01953125 0.00859375
16 0.1109375 0.915625 0.0125 0.01015625
2 0.765625 0.1203125 0.040625 0.0625
2 0.33828125 0.02890625 0.01328125 0.03046875
2 0.79609375 0.13125 0.01796875 0.0375
2 0.35390625 0.03515625 0.0125 0.03125
2 0.32578125 0.06015625 0.046875 0.0796875
9 0.7875 0.1640625 0.03671875 0.05234375
9 0.3515625 0.06953125 0.0234375 0.03984375
16 0.76484375 0.20078125 0.01328125 0.0359375
16 0.325 0.1203125 0.0109375 0.03671875
2 0.87578125 0.25390625 0.1546875 0.28046875
2 0.43125 0.16015625 0.165625 0.2984375
9 0.71328125 0.22578125 0.12421875 0.17734375
9 0.27109375 0.13515625 0.11171875 0.16328125
2 0.1125 0.11015625 0.08046875 0.184375
16 0.2796875 0.23125 0.025 0.02890625
16 0.2765625 0.26796875 0.0203125 0.02734375
9 0.85703125 0.4125 0.03125 0.03984375
2 0.834375 0.4984375 0.03203125 0.0625
16 0.81015625 0.51015625 0.02109375 0.01875
16 0.95390625 0.5578125 0.02109375 0.01796875
2 0.578125 0.48984375 0.03125 0.0515625
2 0.528125 0.4828125 0.034375 0.0515625
16 0.88671875 0.56328125 0.01953125 0.02109375
2 0.62734375 0.509375 0.04765625 0.084375
16 0.94140625 0.58203125 0.0484375 0.03984375
2 0.21640625 0.43671875 0.0515625 0.0828125
2 0.12578125 0.41875 0.0296875 0.05078125
16 0.67734375 0.53984375 0.04765625 0.0375
2 0.71953125 0.55859375 0.02734375 0.04296875
2 0.1640625 0.43984375 0.03515625 0.0625
2 0.02265625 0.415625 0.0453125 0.16640625
16 0.809375 0.6046875 0.01953125 0.01953125
16 0.66015625 0.584375 0.0203125 0.02421875
16 0.640625 0.58671875 0.02109375 0.01875
16 0.87265625 0.65078125 0.02421875 0.08828125
16 0.2078125 0.50703125 0.0125 0.03671875
9 0.13125 0.4984375 0.03125 0.0453125
9 0.175 0.50859375 0.05625 0.065625
9 0.08203125 0.50078125 0.03203125 0.040625
2 0.6875 0.64375 0.03828125 0.06484375
2 0.18046875 0.54296875 0.03828125 0.071875
9 0.65859375 0.64765625 0.03828125 0.09609375
2 0.94921875 0.71953125 0.07265625 0.11328125
2 0.01015625 0.52734375 0.0203125 0.075
2 0.06640625 0.546875 0.03359375 0.04765625
2 0.125 0.56796875 0.028125 0.0421875
16 0.221875 0.615625 0.0203125 0.01875
2 0.24921875 0.6234375 0.03203125 0.0875
16 0.1609375 0.60546875 0.0203125 0.01875
16 0.1 0.596875 0.01953125 0.02109375
2 0.065625 0.5921875 0.021875 0.01796875
2 0.18515625 0.6171875 0.01953125 0.021875
16 0.0375 0.5859375 0.01796875 0.021875
2 0.12578125 0.60625 0.0171875 0.02421875
9 0.42109375 0.6734375 0.03515625 0.0859375
16 0.27890625 0.6453125 0.02265625 0.021875
16 0.27734375 0.67265625 0.01953125 0.01796875
2 0.47578125 0.71953125 0.0359375 0.0671875
2 0.44296875 0.715625 0.02265625 0.02421875
2 0.5875 0.75546875 0.078125 0.12421875
16 0.5046875 0.7390625 0.01484375 0.03515625
16 0.4953125 0.73984375 0.01328125 0.0359375
9 0.05234375 0.64609375 0.0453125 0.0796875
9 0.2375 0.6859375 0.046875 0.08359375
16 0.86875 0.82265625 0.02578125 0.084375
9 0.175 0.67421875 0.04921875 0.08828125
9 0.11484375 0.66171875 0.046875 0.08359375
16 0.27734375 0.70078125 0.01875 0.01953125
2 0.75390625 0.8046875 0.03828125 0.06484375
16 0.44375 0.73828125 0.02109375 0.01875
16 0.878125 0.83359375 0.02109375 0.065625
2 0.4109375 0.7328125 0.02109375 0.021875
2 0.5375 0.76015625 0.01640625 0.03515625
2 0.378125 0.734375 0.04765625 0.07890625
16 0.275 0.72265625 0.01953125 0.021875