16 0.53046875 0.7578125 0.01796875 0.01796875
2 0.5484375 0.7640625 0.01640625 0.02109375
16 0.80546875 0.8421875 0.0203125 0.01953125
16 0.78125 0.83515625 0.021875 0.02109375
16 0.496875 0.75703125 0.01875 0.01875
16 0.51484375 0.7625 0.01484375 0.0203125
2 0.459375 0.75078125 0.0390625 0.05625
16 0.578125 0.7953125 0.021875 0.01796875
16 0.596875 0.8015625 0.01953125 0.01875
16 0.559375 0.790625 0.021875 0.02421875
16 0.57734375 0.81171875 0.0203125 0.02265625
16 0.04765625 0.665625 0.0203125 0.02265625
2 0.06640625 0.67109375 0.02109375 0.02421875
16 0.59765625 0.81953125 0.0203125 0.02578125
16 0.559375 0.80859375 0.01953125 0.02109375
16 0.08515625 0.67734375 0.01953125 0.02578125
16 0.8234375 0.8890625 0.01953125 0.0171875
2 0.87734375 0.92265625 0.0515625 0.084375
16 0.0484375 0.69296875 0.0203125 0.028125
2 0.06484375 0.696875 0.01875 0.02578125
16 0.084375 0.70390625 0.02109375 0.01875
16 0.6015625 0.8546875 0.01328125 0.034375
16 0.16875 0.7390625 0.01328125 0.03046875
2 0.5625 0.8515625 0.03984375 0.05859375
16 0.08046875 0.72421875 0.015625 0.0203125
16 0.58125 0.86640625 0.0109375 0.03046875
16 0.1859375 0.75703125 0.01875 0.0203125
16 0.04453125 0.71796875 0.01796875 0.02421875
2 0.0625 0.72421875 0.02109375 0.02578125
2 0.146875 0.74765625 0.01796875 0.02109375
2 0.31875 0.81015625 0.01328125 0.034375
2 0.64453125 0.9046875 0.01328125 0.03359375
16 0.1828125 0.778125 0.01640625 0.01875
16 0.07890625 0.75078125 0.0140625 0.02421875
9 0.61796875 0.90234375 0.04921875 0.05078125
16 0.04140625 0.74296875 0.01640625 0.0203125
2 0.06015625 0.7484375 0.01796875 0.025
16 0.7875 0.96328125 0.01484375 0.0328125
16 0.5734375 0.90390625 0.01640625 0.01796875
2 0.52890625 0.89765625 0.00859375 0.0265625
16 0.51640625 0.896875 0.01171875 0.034375
16 0.0390625 0.76484375 0.01796875 0.021875
16 0.07734375 0.77734375 0.01640625 0.01953125
16 0.18125 0.80625 0.01875 0.01796875
2 0.0578125 0.771875 0.01953125 0.02578125
16 0.25078125 0.82734375 0.01796875 0.01875
16 0.61015625 0.928125 0.02109375 0.02265625
2 0.859375 0.98046875 0.03359375 0.0375
9 0.29140625 0.8453125 0.04921875 0.1125
16 0.7828125 0.9890625 0.01484375 0.0203125
2 0.05625 0.79609375 0.021875 0.02421875
16 0.07578125 0.8015625 0.01796875 0.02109375
9 0.13359375 0.81796875 0.04765625 0.09765625
16 0.0390625 0.7921875 0.01640625 0.025
2 0.67578125 0.96796875 0.053125 0.06171875
16 0.24765625 0.853125 0.01796875 0.02265625
2 0.8265625 0.99140625 0.05078125 0.01484375
16 0.17578125 0.85078125 0.01953125 0.02265625
2 0.33515625 0.89453125 0.053125 0.06640625
2 0.053125 0.82109375 0.01953125 0.02734375
16 0.07265625 0.82578125 0.01640625 0.02109375
16 0.03515625 0.81640625 0.01796875 0.021875
16 0.03359375 0.84140625 0.01796875 0.0265625
2 0.0515625 0.846875 0.01953125 0.03046875
16 0.07109375 0.85234375 0.01953125 0.02265625
16 0.159375 0.87734375 0.0125 0.02890625
2 0.78984375 0.159375 0.0390625 0.06015625
2 0.390625 0.04921875 0.01328125 0.02890625
2 0.81875 0.1703125 0.0171875 0.0359375
2 0.40546875 0.05546875 0.01171875 0.03046875
2 0.37890625 0.0765625 0.04453125 0.07734375
9 0.81015625 0.20078125 0.03515625 0.0515625
9 0.40234375 0.08828125 0.02265625 0.03828125
16 0.7875 0.234375 0.01328125 0.034375
16 0.3765625 0.1328125 0.01171875 0.034375
2 0.890625 0.29140625 0.15 0.27109375
2 0.47578125 0.178125 0.16015625 0.2875
9 0.7390625 0.2546875 0.11875 0.171875
9 0.32578125 0.14453125 0.10703125 0.15859375
2 0.17734375 0.1125 0.07890625 0.17734375
16 0.33203125 0.234375 0.0234375 0.028125
16 0.32890625 0.26953125 0.01953125 0.0265625
9 0.87109375 0.43828125 0.0296875 0.0390625
2 0.84765625 0.51796875 0.03125 0.06015625
16 0.825 0.52734375 0.01953125 0.01953125
16 0.95859375 0.58125 0.0203125 0.01796875
2 0.60703125 0.49609375 0.0296875 0.05078125
2 0.56015625 0.48515625 0.03359375 0.05078125
16 0.89609375 0.58203125 0.01875 0.0203125
2 0.653125 0.5171875 0.04609375 0.08203125
16 0.946875 0.603125 0.04609375 0.03984375
2 0.26875 0.425 0.04921875 0.08046875
2 0.18359375 0.40234375 0.02890625 0.0484375
16 0.69921875 0.54765625 0.0453125 0.03828125
2 0.7390625 0.5671875 0.0265625 0.0421875
2 0.21953125 0.42421875 0.034375 0.06015625
2 0.0546875 0.384375 0.1078125 0.1734375
16 0.821875 0.6171875 0.01796875 0.01953125
16 0.6828125 0.58984375 0.01953125 0.02421875
16 0.6640625 0.5890625 0.01953125 0.01953125
16 0.88125 0.66328125 0.02421875 0.084375
16 0.259375 0.490625 0.0125 0.03515625
9 0.1875 0.47734375 0.0296875 0.04453125
9 0.22890625 0.4890625 0.05390625 0.06484375
9 0.14140625 0.4765625 0.03046875 0.03984375
2 0.7078125 0.6453125 0.0375 0.0625
2 0.2328125 0.52265625 0.0375 0.06875
9 0.6796875 0.64921875 0.0375 0.09140625
2 0.95078125 0.73203125 0.06953125 0.109375
2 0.0625 0.49609375 0.03984375 0.0734375
2 0.12578125 0.51875 0.03203125 0.04609375
2 0.18046875 0.54375 0.02734375 0.040625
16 0.2703125 0.59375 0.01953125 0.01875
2 0.2953125 0.60234375 0.03203125 0.084375
16 0.21328125 0.58046875 0.01953125 0.01875
16 0.15625 0.56875 0.01875 0.0203125
2 0.12421875 0.5609375 0.02109375 0.01796875
2 0.23515625 0.5921875 0.01953125 0.02109375
16 0.09765625 0.5546875 0.01796875 0.02109375
2 0.18046875 0.57890625 0.01640625 0.02421875
9 0.45625 0.65859375 0.03515625 0.08203125
16 0.3234375 0.62421875 0.02109375 0.02109375
16 0.32109375 0.65078125 0.01875 0.01796875
2 0.50703125 0.70546875 0.03515625 0.06484375
2 0.47578125 0.69921875 0.021875 0.02421875
2 0.6109375 0.7453125 0.075 0.1203125
16 0.534375 0.72421875 0.01484375 0.0328125
16 0.525 0.72578125 0.01328125 0.034375
9 0.1109375 0.61171875 0.04296875 0.07734375
9 0.2828125 0.6609375 0.04609375 0.08046875
16 0.8734375 0.825 0.02578125 0.08046875
9 0.225 0.64453125 0.04765625 0.0859375
9 0.16875 0.63046875 0.0453125 0.08046875
16 0.3203125 0.67578125 0.01796875 0.01953125
2 0.7671875 0.8015625 0.0375 0.0625
16 0.4765625 0.72109375 0.0203125 0.01875
16 0.8828125 0.83515625 0.0203125 0.0625
2 0.44609375 0.71484375 0.0203125 0.021875
2 0.5640625 0.74765625 0.015625 0.03359375
2 0.41484375 0.7140625 0.04609375 0.07734375
16 0.31796875 0.69609375 0.01953125 0.02109375