1 0.67734375 0.85390625 0.015625 0.021875
1 0.51953125 0.85703125 0.01171875 0.0234375
1 0.53515625 0.8578125 0.01328125 0.01953125
1 0.50546875 0.8578125 0.0140625 0.021875
1 0.22890625 0.85859375 0.01171875 0.0234375
1 0.17578125 0.86015625 0.01015625 0.02265625
1 0.21328125 0.8609375 0.009375 0.0234375
1 0.30625 0.86171875 0.0125 0.0203125
1 0.1453125 0.86171875 0.0125 0.02421875
1 0.340625 0.8625 0.0109375 0.0234375
1 0.58203125 0.87734375 0.01953125 0.01796875
1 0.56015625 0.878125 0.02265625 0.01640625
1 0.3125 0.909375 0.0359375 0.04609375
1 0.21328125 0.91171875 0.0375 0.046875
1 0.1578125 0.91171875 0.03984375 0.053125
9 0.36875 0.925 0.06328125 0.06015625
1 0.4140625 0.94609375 0.0234375 0.0171875
9 0.06953125 0.396875 0.04453125 0.05703125
1 0.08515625 0.43671875 0.01171875 0.021875
1 0.05546875 0.4375 0.0125 0.02265625
1 0.06875 0.4703125 0.04140625 0.040625
15 0.57421875 0.53125 0.0125 0.02734375
15 0.52109375 0.5390625 0.00546875 0.01640625
15 0.5359375 0.540625 0.0109375 0.015625
15 0.459375 0.540625 0.00703125 0.01953125
1 0.4046875 0.54140625 0.01328125 0.01953125
15 0.446875 0.5421875 0.00546875 0.0171875
15 0.509375 0.54296875 0.01328125 0.02265625
15 0.55390625 0.54296875 0.0125 0.01875
1 0.496875 0.54375 0.0125 0.02265625
1 0.43046875 0.54375 0.01328125 0.021875
1 0.4734375 0.5453125 0.0125 0.025
1 0.57265625 0.5625 0.01171875 0.01953125
1 0.540625 0.5625 0.021875 0.0109375
15 0.61328125 0.56875 0.01171875 0.021875
15 0.05703125 0.56953125 0.0125 0.02109375
1 0.24765625 0.57109375 0.01328125 0.0234375
1 0.70234375 0.57109375 0.01015625 0.0234375
15 0.690625 0.57109375 0.01015625 0.01953125
1 0.07265625 0.57109375 0.0140625 0.0234375
1 0.6578125 0.57109375 0.0078125 0.01953125
15 0.675 0.571875 0.0171875 0.02265625
1 0.271875 0.571875 0.02109375 0.021875
1 0.1859375 0.57265625 0.01015625 0.0234375
15 0.09140625 0.584375 0.01015625 0.02109375
15 0.13203125 0.59296875 0.01171875 0.01875
15 0.09296875 0.60625 0.009375 0.01796875
1 0.396875 0.6109375 0.01875 0.0140625
15 0.60546875 0.6171875 0.01484375 0.02734375
15 0.61953125 0.61796875 0.015625 0.025
15 0.58984375 0.61953125 0.01015625 0.0265625
15 0.1328125 0.6265625 0.01171875 0.0234375
1 0.09296875 0.63125 0.01328125 0.025
15 0.6953125 0.6328125 0.0171875 0.01484375
15 0.66953125 0.63359375 0.02109375 0.0109375
15 0.6203125 0.6421875 0.01171875 0.02734375
15 0.5140625 0.64296875 0.01015625 0.02109375
15 0.60546875 0.64375 0.01171875 0.0234375
15 0.56328125 0.64375 0.01328125 0.01953125
1 0.634375 0.64375 0.01171875 0.01640625
15 0.5421875 0.64375 0.0140625 0.0171875
15 0.59296875 0.64453125 0.0125 0.02109375
15 0.578125 0.64453125 0.0109375 0.0203125
1 0.39453125 0.6484375 0.01875 0.0140625
15 0.696875 0.6484375 0.0203125 0.0125
15 0.471875 0.65 0.01796875 0.00859375
15 0.11953125 0.65078125 0.01953125 0.01328125
1 0.66875 0.65078125 0.01953125 0.009375
1 0.096875 0.6515625 0.0234375 0.01484375
1 0.13984375 0.6515625 0.01953125 0.01484375
15 0.69609375 0.66171875 0.01796875 0.0140625
1 0.13984375 0.66484375 0.0203125 0.01875
15 0.47265625 0.66640625 0.01953125 0.0140625
1 0.09765625 0.66640625 0.0234375 0.01484375
15 0.11875 0.66875 0.01875 0.01015625
15 0.4734375 0.68046875 0.02109375 0.0125
15 0.11875 0.684375 0.01484375 0.015625
1 0.0984375 0.6859375 0.0234375 0.01640625
1 0.8625 0.7015625 0.0125 0.025
15 0.11796875 0.70390625 0.0203125 0.0125
1 0.0984375 0.7046875 0.01953125 0.01171875
1 0.39765625 0.70625 0.0234375 0.0109375
9 0.26796875 0.70859375 0.2359375 0.2515625
1 0.88828125 0.71015625 0.03125 0.04375
15 0.4734375 0.71875 0.01875 0.01171875
15 0.84296875 0.72109375 0.01328125 0.0234375
1 0.0984375 0.72109375 0.01953125 0.01484375
15 0.11875 0.7234375 0.01796875 0.015625
1 0.0984375 0.7375 0.01953125 0.01328125
15 0.13828125 0.740625 0.0203125 0.01328125
15 0.8421875 0.74609375 0.0125 0.0234375
1 0.47265625 0.74609375 0.02265625 0.01640625
9 0.57734375 0.7515625 0.16171875 0.17578125
1 0.3953125 0.75390625 0.02109375 0.015625
1 0.13828125 0.75546875 0.0171875 0.01328125
15 0.096875 0.75703125 0.0171875 0.01171875
1 0.86484375 0.7859375 0.015625 0.02421875
15 0.76953125 0.80078125 0.021875 0.01171875
15 0.76875 0.8171875 0.021875 0.01484375
15 0.78984375 0.8171875 0.021875 0.01328125
9 0.42734375 0.821875 0.078125 0.0640625
15 0.834375 0.8296875 0.0109375 0.02109375
1 0.84765625 0.8296875 0.0125 0.0234375
1 0.8625 0.8296875 0.01015625 0.021875
1 0.4765625 0.8375 0.0125 0.0203125
1 0.8875 0.84296875 0.028125 0.040625