2 0.68671875 0.85078125 0.015625 0.02265625
2 0.52734375 0.85703125 0.01171875 0.02421875
2 0.54296875 0.85703125 0.01328125 0.01953125
2 0.51328125 0.85859375 0.0140625 0.02265625
2 0.23359375 0.8640625 0.0125 0.0234375
2 0.18046875 0.8671875 0.01015625 0.0234375
2 0.21796875 0.8671875 0.009375 0.02421875
2 0.3125 0.865625 0.0125 0.02109375
2 0.15 0.86875 0.0125 0.02421875
2 0.346875 0.865625 0.0109375 0.02421875
2 0.59140625 0.8765625 0.01953125 0.01875
2 0.56953125 0.87734375 0.02265625 0.0171875
2 0.31953125 0.91328125 0.0375 0.046875
2 0.21875 0.91796875 0.0390625 0.0484375
2 0.16328125 0.91953125 0.04140625 0.0546875
9 0.3765625 0.92890625 0.06484375 0.0609375
2 0.42265625 0.94921875 0.0234375 0.01796875
9 0.06484375 0.40078125 0.04609375 0.05859375
2 0.08203125 0.440625 0.01171875 0.02265625
2 0.05234375 0.44140625 0.01328125 0.02265625
2 0.065625 0.47421875 0.0421875 0.04140625
16 0.57734375 0.5265625 0.0125 0.028125
16 0.52421875 0.5359375 0.00625 0.01640625
16 0.5390625 0.5375 0.0109375 0.015625
16 0.46171875 0.53828125 0.00703125 0.01953125
2 0.40625 0.53984375 0.0140625 0.01953125
16 0.44921875 0.540625 0.00546875 0.0171875
16 0.5125 0.53984375 0.0140625 0.02265625
16 0.55703125 0.5390625 0.0125 0.01875
2 0.5 0.53984375 0.0125 0.0234375
2 0.4328125 0.54140625 0.01328125 0.02265625
2 0.4765625 0.54296875 0.0125 0.02578125
2 0.5765625 0.5578125 0.0125 0.01953125
2 0.5453125 0.55859375 0.021875 0.0109375
16 0.61796875 0.56328125 0.01171875 0.02265625
16 0.05625 0.575 0.0125 0.021875
2 0.2484375 0.57265625 0.01328125 0.0234375
2 0.7078125 0.5640625 0.0109375 0.0234375
16 0.6953125 0.5640625 0.01015625 0.01953125
2 0.071875 0.5765625 0.0140625 0.02421875
2 0.6625 0.56484375 0.00859375 0.01953125
16 0.6796875 0.56484375 0.0171875 0.0234375
2 0.27265625 0.5734375 0.02109375 0.02265625
2 0.18671875 0.5765625 0.01015625 0.0234375
16 0.09140625 0.5890625 0.0109375 0.021875
16 0.13203125 0.596875 0.01171875 0.01875
16 0.09296875 0.6109375 0.009375 0.01796875
2 0.39921875 0.61015625 0.01875 0.01484375
16 0.61015625 0.61328125 0.01484375 0.028125
16 0.625 0.61328125 0.01640625 0.025
16 0.5953125 0.615625 0.01015625 0.0265625
16 0.1328125 0.63125 0.01171875 0.02421875
2 0.09375 0.63671875 0.0140625 0.025
16 0.70234375 0.6265625 0.0171875 0.015625
16 0.675 0.628125 0.02109375 0.0109375
16 0.6265625 0.6375 0.01171875 0.02734375
16 0.51796875 0.64140625 0.0109375 0.021875
16 0.6109375 0.6390625 0.0125 0.02421875
16 0.56875 0.63984375 0.01328125 0.02109375
2 0.640625 0.63828125 0.01171875 0.01640625
16 0.54765625 0.64140625 0.0140625 0.0171875
16 0.5984375 0.640625 0.0125 0.021875
16 0.5828125 0.640625 0.0109375 0.02109375
2 0.39765625 0.6484375 0.01875 0.01484375
16 0.703125 0.6421875 0.0203125 0.01328125
16 0.47578125 0.6484375 0.01796875 0.009375
16 0.1203125 0.65625 0.01953125 0.0140625
2 0.675 0.64609375 0.01953125 0.009375
2 0.09765625 0.65703125 0.0234375 0.015625
2 0.14140625 0.65625 0.01953125 0.015625
16 0.703125 0.65703125 0.01796875 0.01484375
2 0.140625 0.6703125 0.02109375 0.01875
16 0.478125 0.66484375 0.0203125 0.01484375
2 0.09765625 0.671875 0.0234375 0.015625
16 0.11953125 0.67421875 0.01875 0.01015625
16 0.47734375 0.67890625 0.02109375 0.01328125
16 0.1203125 0.690625 0.01484375 0.01640625
2 0.09921875 0.6921875 0.02421875 0.01640625
2 0.871875 0.69375 0.01328125 0.025
16 0.11953125 0.71015625 0.0203125 0.01328125
2 0.1 0.7109375 0.0203125 0.01171875
2 0.4015625 0.70625 0.0234375 0.01171875
9 0.27109375 0.71171875 0.2421875 0.259375
2 0.89765625 0.7015625 0.0328125 0.04453125
16 0.47890625 0.71875 0.01875 0.01171875
16 0.85234375 0.71328125 0.01328125 0.02421875
2 0.09921875 0.728125 0.01953125 0.015625
16 0.12109375 0.7296875 0.01796875 0.015625
2 0.1 0.74453125 0.0203125 0.0140625
16 0.140625 0.74609375 0.02109375 0.0140625
16 0.8515625 0.73828125 0.0125 0.0234375
2 0.478125 0.74609375 0.02265625 0.0171875
9 0.58515625 0.7484375 0.16640625 0.18046875
2 0.4 0.75546875 0.021875 0.01640625
2 0.140625 0.7625 0.01796875 0.0140625
16 0.1 0.7640625 0.0171875 0.01328125
2 0.87578125 0.778125 0.01640625 0.02421875
16 0.7796875 0.7953125 0.021875 0.01171875
16 0.77890625 0.81171875 0.02265625 0.015625
16 0.79921875 0.8109375 0.021875 0.0140625
9 0.43359375 0.82265625 0.0796875 0.065625
16 0.8453125 0.8234375 0.0109375 0.021875
2 0.85859375 0.8234375 0.01328125 0.0234375
2 0.87265625 0.82265625 0.01015625 0.02265625
2 0.48359375 0.8375 0.01328125 0.02109375
2 0.89921875 0.83515625 0.0296875 0.04140625