16 0.7453125 0.915625 0.0609375 0.03984375
16 0.865625 0.93984375 0.071875 0.034375
9 0.871875 0.97734375 0.07890625 0.04375
2 0.56953125 0.9828125 0.0421875 0.03203125
2 0.5234375 0.98046875 0.0453125 0.03671875
2 0.57109375 0.10703125 0.03984375 0.08828125
4 0.0625 0.1 0.11484375 0.0875
2 0.97265625 0.13203125 0.05234375 0.09609375
2 0.746875 0.16484375 0.0734375 0.0796875
2 0.55 0.16328125 0.046875 0.08671875
2 0.31796875 0.20625 0.071875 0.0890625
2 0.103125 0.20625 0.040625 0.09453125
2 0.975 0.22734375 0.04921875 0.08515625
4 0.0421875 0.21015625 0.07890625 0.08828125
16 0.98359375 0.2953125 0.03125 0.046875
20 0.3375 0.2875 0.03359375 0.07421875
2 0.72109375 0.30546875 0.0625 0.10078125
20 0.296875 0.00625 0.0484375 0.0125
20 0.49375 0.0203125 0.03203125 0.040625
2 0.98125 0.4078125 0.03671875 0.1046875
2 0.63515625 0.03359375 0.10390625 0.06328125
2 0.0859375 0.52578125 0.0359375 0.0765625
2 0.8875 0.55703125 0.06796875 0.12109375
2 0.5015625 0.56484375 0.28125 0.1765625
4 0.04609375 0.6078125 0.090625 0.0875
4 0.05 0.61484375 0.1 0.0875
2 0.59375 0.7203125 0.02890625 0.0515625
4 0.05234375 0.709375 0.1046875 0.078125
4 0.05 0.72109375 0.0921875 0.0890625
2 0.09921875 0.72421875 0.0390625 0.0734375
2 0.72734375 0.7625 0.03125 0.075
16 0.31171875 0.77890625 0.071875 0.03984375
2 0.9734375 0.83046875 0.04375 0.10078125
16 0.6359375 0.82578125 0.03515625 0.08515625
16 0.78125 0.83125 0.0828125 0.04296875
16 0.65703125 0.82890625 0.03359375 0.0796875
16 0.6140625 0.8328125 0.02734375 0.1140625
2 0.3296875 0.834375 0.12421875 0.075
2 0.1078125 0.03984375 0.0328125 0.0625
2 0.83203125 0.8625 0.04296875 0.0703125
16 0.7578125 0.86796875 0.1 0.05