15 0.77734375 0.56640625 0.00390625 0.01015625
15 0.77109375 0.5671875 0.003125 0.01015625
15 0.784375 0.56640625 0.003125 0.009375
15 0.76484375 0.5671875 0.003125 0.01015625
15 0.05390625 0.56796875 0.009375 0.00546875
15 0.85625 0.5734375 0.00859375 0.00546875
20 0.83984375 0.57421875 0.01328125 0.0171875
1 0.5453125 0.57421875 0.01171875 0.0078125
1 0.51953125 0.575 0.0109375 0.00625
15 0.5328125 0.575 0.01015625 0.00703125
15 0.053125 0.57578125 0.01015625 0.00625
20 0.7078125 0.58203125 0.01640625 0.0171875
15 0.85625 0.58203125 0.00859375 0.0046875
15 0.76484375 0.58203125 0.00390625 0.0109375
1 0.5453125 0.5828125 0.0109375 0.00625
15 0.778125 0.58203125 0.00390625 0.01015625
15 0.77109375 0.5828125 0.00390625 0.01015625
15 0.53203125 0.5828125 0.0109375 0.00625
15 0.784375 0.5828125 0.00390625 0.01015625
1 0.51875 0.58359375 0.01015625 0.00703125
15 0.05390625 0.58359375 0.00859375 0.00546875
15 0.9578125 0.58828125 0.00390625 0.009375
15 0.9359375 0.5890625 0.003125 0.0109375
20 0.96953125 0.5890625 0.0140625 0.01875
20 0.94609375 0.5890625 0.0140625 0.01875
20 0.92421875 0.5890625 0.01484375 0.01484375
15 0.85703125 0.58984375 0.00859375 0.0046875
15 0.5453125 0.590625 0.00859375 0.00625
15 0.53203125 0.590625 0.01015625 0.00625
15 0.05390625 0.590625 0.00859375 0.00546875
1 0.51875 0.59140625 0.0109375 0.00703125
15 0.85703125 0.59765625 0.009375 0.0046875
1 0.54609375 0.59765625 0.0109375 0.00703125
1 0.51953125 0.59921875 0.01015625 0.00703125
15 0.53203125 0.5984375 0.0109375 0.00625
1 0.05390625 0.59921875 0.01015625 0.00625
15 0.90546875 0.6015625 0.00390625 0.01171875
15 0.896875 0.6015625 0.00703125 0.01328125
15 0.91875 0.6046875 0.0078125 0.0046875
15 0.5453125 0.60625 0.0109375 0.00703125
1 0.51953125 0.60625 0.0109375 0.00625
15 0.53203125 0.60703125 0.01015625 0.00625
15 0.05390625 0.6078125 0.009375 0.00546875
1 0.54609375 0.61484375 0.01171875 0.0078125
1 0.51953125 0.61484375 0.0109375 0.00625
15 0.0546875 0.61484375 0.009375 0.00546875
15 0.5328125 0.61484375 0.0109375 0.00703125
15 0.54609375 0.62265625 0.0109375 0.00703125
15 0.0546875 0.6234375 0.00859375 0.00546875
15 0.0546875 0.63125 0.009375 0.00546875
1 0.53515625 0.63671875 0.01171875 0.00625
15 0.05390625 0.6390625 0.009375 0.00546875
15 0.8453125 0.63984375 0.00390625 0.009375
1 0.53515625 0.64453125 0.01171875 0.00703125
15 0.05390625 0.646875 0.00859375 0.00546875
15 0.84609375 0.65546875 0.003125 0.00859375
1 0.0546875 0.66640625 0.01015625 0.00703125
15 0.04765625 0.68125 0.01015625 0.00546875
15 0.62890625 0.6828125 0.00546875 0.01171875
15 0.621875 0.6828125 0.0046875 0.01171875
15 0.6546875 0.6828125 0.0046875 0.01171875
15 0.615625 0.6828125 0.0046875 0.0125
15 0.64140625 0.6828125 0.0046875 0.01171875
15 0.63515625 0.68359375 0.00546875 0.0125
15 0.60859375 0.6828125 0.00546875 0.01171875
15 0.6484375 0.68359375 0.0046875 0.01328125
15 0.671875 0.68671875 0.00546875 0.01171875
15 0.66484375 0.68671875 0.0046875 0.0109375
15 0.0484375 0.6890625 0.01015625 0.00625
15 0.0484375 0.7625 0.01015625 0.00703125
15 0.04921875 0.76953125 0.0109375 0.00625
15 0.04921875 0.778125 0.01015625 0.00625
15 0.04921875 0.81171875 0.009375 0.00625
15 0.95234375 0.8125 0.00390625 0.01171875
1 0.93984375 0.8125 0.0046875 0.0125
15 0.9453125 0.81328125 0.00390625 0.01171875
1 0.959375 0.81328125 0.00390625 0.01171875
15 0.04921875 0.8234375 0.009375 0.00703125
15 0.04921875 0.83359375 0.01015625 0.00703125
15 0.04921875 0.84140625 0.01015625 0.00703125
1 0.05078125 0.84921875 0.01171875 0.00703125
15 0.05 0.86484375 0.01015625 0.00625
1 0.0484375 0.8734375 0.009375 0.00625
1 0.04921875 0.88125 0.0109375 0.00625
15 0.04921875 0.88984375 0.0078125 0.0046875
15 0.32421875 0.890625 0.003125 0.0078125
15 0.34453125 0.890625 0.003125 0.00703125
15 0.33125 0.890625 0.003125 0.0078125
15 0.31796875 0.890625 0.003125 0.009375
15 0.2921875 0.89140625 0.003125 0.00859375
15 0.2984375 0.89140625 0.003125 0.00859375
15 0.3109375 0.89140625 0.00390625 0.00859375
15 0.3046875 0.89140625 0.003125 0.00859375
15 0.33828125 0.89140625 0.003125 0.0078125
15 0.271875 0.8921875 0.003125 0.00859375
15 0.28515625 0.8921875 0.00390625 0.0078125
15 0.278125 0.8921875 0.00390625 0.0078125
15 0.25859375 0.8921875 0.00390625 0.0078125
15 0.265625 0.8921875 0.0046875 0.00859375
1 0.48359375 0.89453125 0.00390625 0.01171875
1 0.4765625 0.89453125 0.0046875 0.0125
1 0.46953125 0.89453125 0.00390625 0.0125
20 0.06640625 0.896875 0.01640625 0.015625
15 0.05 0.896875 0.0078125 0.00390625
1 0.74765625 0.89765625 0.0078125 0.00390625
1 0.734375 0.89765625 0.0078125 0.00546875
1 0.59921875 0.89921875 0.009375 0.00546875
9 0.58203125 0.89921875 0.01171875 0.00703125
15 0.08046875 0.90078125 0.00859375 0.00390625
1 0.15703125 0.90390625 0.0046875 0.0125
1 0.04921875 0.9046875 0.0078125 0.0046875
15 0.734375 0.90625 0.0078125 0.0046875
15 0.74765625 0.90625 0.0078125 0.0046875
15 0.84609375 0.90703125 0.01015625 0.00625
15 0.08046875 0.9109375 0.00859375 0.0046875
4 0.02890625 0.91171875 0.02265625 0.0625
15 0.04921875 0.91328125 0.0078125 0.00390625
15 0.74765625 0.91328125 0.0078125 0.0046875
15 0.734375 0.9140625 0.0078125 0.0046875
15 0.678125 0.9140625 0.00859375 0.0046875
15 0.69140625 0.9140625 0.00859375 0.00390625
1 0.846875 0.91484375 0.01015625 0.0046875
9 0.065625 0.91640625 0.01484375 0.015625
15 0.08125 0.91875 0.0078125 0.0046875
9 0.3734375 0.91953125 0.02109375 0.03359375
15 0.05 0.92109375 0.0078125 0.003125
9 0.440625 0.92578125 0.02734375 0.0515625
15 0.15546875 0.92578125 0.0078125 0.0046875
15 0.67421875 0.92578125 0.00703125 0.00546875
20 0.74921875 0.92734375 0.01328125 0.01953125
20 0.73359375 0.928125 0.01484375 0.01875
15 0.09296875 0.928125 0.0078125 0.0046875
15 0.05 0.92890625 0.00859375 0.00390625
20 0.71171875 0.9296875 0.01640625 0.015625
9 0.68984375 0.93046875 0.015625 0.0171875
15 0.10625 0.93203125 0.00859375 0.0046875
15 0.67421875 0.93359375 0.00703125 0.00546875
15 0.15546875 0.934375 0.00859375 0.00390625
20 0.659375 0.934375 0.0125 0.01796875
15 0.08125 0.934375 0.00859375 0.0046875
1 0.05 0.9359375 0.0078125 0.0046875
20 0.065625 0.93671875 0.015625 0.01640625
9 0.13046875 0.9375 0.03671875 0.0375
15 0.10625 0.940625 0.00859375 0.0046875
15 0.24609375 0.940625 0.0046875 0.0109375
15 0.2328125 0.940625 0.00390625 0.01015625
15 0.2125 0.940625 0.0046875 0.01015625
15 0.2265625 0.940625 0.0046875 0.0109375
15 0.23984375 0.940625 0.00390625 0.01015625
15 0.20625 0.94140625 0.00390625 0.01015625
15 0.21953125 0.940625 0.00390625 0.01015625
15 0.2 0.94140625 0.00390625 0.0109375
15 0.7484375 0.94140625 0.00859375 0.0046875
1 0.19296875 0.94140625 0.0046875 0.01171875
15 0.15546875 0.94140625 0.009375 0.0046875
15 0.734375 0.94140625 0.0078125 0.0046875
15 0.67421875 0.9421875 0.0078125 0.0046875
15 0.09296875 0.94453125 0.00859375 0.0046875
1 0.05 0.94609375 0.00859375 0.00546875
1 0.10546875 0.94765625 0.009375 0.0046875
20 0.7109375 0.94921875 0.0171875 0.0171875
15 0.15625 0.94921875 0.00859375 0.00546875
20 0.6890625 0.95 0.015625 0.01640625
15 0.675 0.95 0.0078125 0.0046875
15 0.66015625 0.95 0.00859375 0.0046875
15 0.2328125 0.95625 0.00390625 0.0109375
1 0.21328125 0.95703125 0.00390625 0.0109375
15 0.21953125 0.95625 0.00390625 0.0109375
15 0.20703125 0.95703125 0.00390625 0.0109375
15 0.19375 0.95703125 0.00390625 0.01015625
15 0.2 0.95703125 0.00390625 0.01015625
15 0.246875 0.95703125 0.00390625 0.0125
15 0.2265625 0.95703125 0.00390625 0.01015625
15 0.66015625 0.95859375 0.009375 0.0046875
1 0.675 0.9578125 0.009375 0.00546875
1 0.55625 0.959375 0.00390625 0.01015625
15 0.90078125 0.959375 0.00390625 0.009375
1 0.56328125 0.959375 0.00390625 0.01015625
15 0.9078125 0.959375 0.00390625 0.00859375
15 0.8875 0.96015625 0.00390625 0.01015625
1 0.89453125 0.96015625 0.00390625 0.01015625
15 0.86484375 0.96171875 0.00390625 0.01015625
15 0.8515625 0.9625 0.0046875 0.01171875
1 0.85859375 0.9625 0.0046875 0.01171875
15 0.8453125 0.9625 0.00390625 0.01171875
20 0.91953125 0.9640625 0.01484375 0.0203125
15 0.784375 0.96484375 0.00390625 0.0109375
15 0.803125 0.9640625 0.00390625 0.01015625
20 0.87578125 0.9640625 0.015625 0.0203125
15 0.76484375 0.96484375 0.00390625 0.0109375
1 0.790625 0.96484375 0.00390625 0.01171875
1 0.81015625 0.96484375 0.00390625 0.0109375
15 0.8234375 0.96484375 0.00390625 0.0109375
1 0.77109375 0.96484375 0.0046875 0.01171875
1 0.8296875 0.96484375 0.0046875 0.0109375
15 0.67421875 0.96640625 0.00703125 0.00390625
15 0.17734375 0.96953125 0.00390625 0.0109375
15 0.16875 0.96953125 0.003125 0.01015625
15 0.7109375 0.96953125 0.0078125 0.0046875
20 0.66015625 0.97421875 0.01171875 0.01796875
15 0.675 0.97421875 0.00859375 0.00390625
1 0.90078125 0.97578125 0.00390625 0.009375
1 0.846875 0.97578125 0.009375 0.00546875
1 0.55625 0.97578125 0.00390625 0.01015625
15 0.88828125 0.9765625 0.00390625 0.01015625
15 0.86015625 0.97578125 0.0078125 0.00390625
15 0.9078125 0.97578125 0.0046875 0.00859375
1 0.5625 0.9765625 0.0046875 0.01171875
15 0.8765625 0.978125 0.00859375 0.0046875
4 0.45546875 0.984375 0.109375 0.03125
4 0.26875 0.984375 0.13359375 0.03046875
1 0.82421875 0.12109375 0.0046875 0.01171875
15 0.81796875 0.1203125 0.00546875 0.01015625
15 0.81171875 0.12109375 0.0046875 0.01015625
15 0.8046875 0.12109375 0.00625 0.0109375
15 0.79765625 0.121875 0.00546875 0.0109375
1 0.75625 0.12109375 0.00546875 0.01171875
15 0.7703125 0.121875 0.0046875 0.0125
15 0.778125 0.121875 0.0046875 0.0109375
1 0.79140625 0.121875 0.0046875 0.01171875
15 0.76328125 0.12265625 0.00390625 0.01015625
15 0.74296875 0.12265625 0.00390625 0.01015625
15 0.7375 0.12265625 0.0046875 0.0125
15 0.81171875 0.1359375 0.00546875 0.01171875
15 0.81796875 0.1359375 0.00546875 0.01015625
1 0.82421875 0.1375 0.00546875 0.0125
1 0.8640625 0.17109375 0.0078125 0.00546875
1 0.84921875 0.171875 0.0078125 0.00546875
1 0.47890625 0.175 0.01015625 0.00546875
1 0.45234375 0.175 0.0109375 0.0078125
1 0.4984375 0.17578125 0.01015625 0.00546875
15 0.23984375 0.1796875 0.01015625 0.0078125
1 0.4890625 0.1796875 0.0046875 0.0140625
15 0.45234375 0.18359375 0.01015625 0.00625
1 0.90859375 0.18515625 0.0046875 0.01015625
15 0.8984375 0.1859375 0.00390625 0.0109375
1 0.87890625 0.18515625 0.0046875 0.01171875
15 0.89140625 0.1859375 0.00390625 0.009375
15 0.8859375 0.1859375 0.00390625 0.01015625
15 0.23984375 0.1875 0.00859375 0.00546875
1 0.8640625 0.1953125 0.0078125 0.00546875
1 0.85 0.1953125 0.00859375 0.00625
1 0.4328125 0.19765625 0.0109375 0.00703125
1 0.29296875 0.19921875 0.00625 0.0125
1 0.26015625 0.19921875 0.0046875 0.0140625
15 0.90390625 0.19921875 0.0078125 0.0046875
1 0.5 0.2046875 0.00546875 0.01171875
15 0.41953125 0.20625 0.01015625 0.00625
1 0.43203125 0.20625 0.0109375 0.00625
1 0.36484375 0.20625 0.01015625 0.00703125
15 0.90390625 0.20703125 0.00703125 0.00390625
1 0.43203125 0.21328125 0.01015625 0.00625
1 0.365625 0.2140625 0.01015625 0.00625
15 0.9046875 0.215625 0.00625 0.00390625
1 0.84921875 0.21875 0.0078125 0.0046875
1 0.8640625 0.21953125 0.01015625 0.00625
1 0.43203125 0.221875 0.01015625 0.00546875
15 0.4203125 0.22109375 0.01015625 0.00546875
15 0.90390625 0.2234375 0.00703125 0.00390625
1 0.41953125 0.22890625 0.01015625 0.00625
1 0.43203125 0.2296875 0.009375 0.00546875
15 0.90390625 0.23125 0.0078125 0.00390625
1 0.26015625 0.234375 0.0046875 0.01484375
1 0.29296875 0.234375 0.00546875 0.0140625
1 0.50078125 0.2359375 0.0046875 0.0109375
1 0.4328125 0.2375 0.01015625 0.00703125
15 0.90390625 0.2390625 0.00625 0.003125
1 0.84921875 0.24140625 0.00859375 0.00546875
1 0.8640625 0.24140625 0.009375 0.00546875
15 0.90390625 0.246875 0.00703125 0.00390625
15 0.9046875 0.2546875 0.0078125 0.0046875
1 0.43515625 0.25546875 0.00859375 0.01640625
1 0.484375 0.25625 0.0046875 0.01171875
1 0.44453125 0.25703125 0.0046875 0.01328125
1 0.42421875 0.25703125 0.009375 0.0171875
1 0.47734375 0.25703125 0.00546875 0.0109375
1 0.47109375 0.25703125 0.0046875 0.01171875
1 0.4515625 0.25703125 0.00546875 0.0125
15 0.84140625 0.26875 0.00390625 0.0109375
1 0.29296875 0.28203125 0.00703125 0.0125
1 0.26015625 0.28203125 0.00625 0.0125
1 0.51875 0.28828125 0.01015625 0.00625
15 0.84140625 0.29140625 0.00390625 0.009375
1 0.51875 0.29609375 0.01015625 0.00546875
1 0.428125 0.2984375 0.0109375 0.00625
1 0.51875 0.303125 0.009375 0.00625
1 0.49921875 0.30390625 0.01015625 0.0078125
1 0.29296875 0.31015625 0.00703125 0.01484375
1 0.51875 0.31171875 0.009375 0.00546875
1 0.49921875 0.3125 0.01015625 0.00546875
1 0.428125 0.31484375 0.01015625 0.00703125
4 0.94453125 0.31796875 0.03828125 0.0640625
1 0.26015625 0.31796875 0.00703125 0.01171875
15 0.84921875 0.31796875 0.00703125 0.00546875
1 0.49921875 0.31953125 0.009375 0.00546875
1 0.51875 0.31953125 0.01015625 0.00625
1 0.51953125 0.32734375 0.01015625 0.00546875
1 0.49921875 0.32734375 0.009375 0.00546875
15 0.85 0.334375 0.0078125 0.00390625
1 0.49921875 0.33515625 0.0109375 0.00625
1 0.51953125 0.33515625 0.009375 0.00625
1 0.49921875 0.34296875 0.0109375 0.00546875
1 0.51875 0.34375 0.0109375 0.00703125
15 0.85 0.35 0.00703125 0.0046875
1 0.49921875 0.35390625 0.01015625 0.0046875
1 0.4703125 0.36953125 0.0046875 0.0125
1 0.48359375 0.36953125 0.00625 0.01328125
1 0.4765625 0.36953125 0.0046875 0.0125
1 0.48984375 0.3703125 0.0046875 0.01171875
15 0.84296875 0.371875 0.003125 0.01015625
1 0.4421875 0.3734375 0.00625 0.01640625
1 0.5078125 0.3734375 0.00703125 0.01640625
1 0.51796875 0.37421875 0.00703125 0.01484375
1 0.42890625 0.37421875 0.00625 0.015625
1 0.46171875 0.37421875 0.0078125 0.01484375
1 0.8421875 0.3875 0.00390625 0.01171875
1 0.46171875 0.403125 0.00859375 0.0140625
15 0.8421875 0.403125 0.003125 0.01015625
1 0.4734375 0.403125 0.009375 0.015625
15 0.45390625 0.409375 0.0046875 0.0125
1 0.44140625 0.409375 0.00625 0.0140625
15 0.446875 0.41015625 0.0046875 0.0125
4 0.94453125 0.4125 0.0421875 0.1109375
15 0.4921875 0.4265625 0.0046875 0.01328125
15 0.69296875 0.4328125 0.00859375 0.0046875
15 0.6921875 0.44140625 0.00859375 0.0046875
15 0.69296875 0.44921875 0.0078125 0.00546875
15 0.85546875 0.4515625 0.01015625 0.00546875
15 0.69296875 0.45625 0.0078125 0.00546875
20 0.8390625 0.45859375 0.01328125 0.01875
1 0.85546875 0.459375 0.009375 0.00546875
15 0.69296875 0.46484375 0.0078125 0.0046875
1 0.659375 0.46640625 0.01015625 0.02265625
1 0.65 0.4671875 0.00625 0.0140625
15 0.69296875 0.47265625 0.0078125 0.0046875
15 0.69296875 0.48046875 0.00703125 0.00546875
1 0.85625 0.4828125 0.00859375 0.00546875
15 0.95078125 0.484375 0.009375 0.0046875
15 0.8453125 0.48515625 0.0046875 0.01015625
15 0.69296875 0.48828125 0.0078125 0.00546875
1 0.53125 0.4890625 0.01015625 0.00546875
15 0.54453125 0.48984375 0.01015625 0.00625
15 0.85546875 0.490625 0.0078125 0.0046875
1 0.9515625 0.49140625 0.01015625 0.00546875
20 0.92421875 0.49296875 0.0171875 0.01640625
15 0.69375 0.49609375 0.00859375 0.0046875
15 0.54453125 0.496875 0.009375 0.00625
1 0.53125 0.49765625 0.01015625 0.00703125
15 0.9515625 0.49921875 0.00859375 0.00546875
1 0.93984375 0.49921875 0.009375 0.00625
15 0.85546875 0.50078125 0.0078125 0.0046875
15 0.69296875 0.50390625 0.0078125 0.0046875
1 0.5328125 0.50546875 0.0109375 0.00625
15 0.54453125 0.50546875 0.009375 0.00703125
15 0.85546875 0.50859375 0.0078125 0.0046875
20 0.92421875 0.51171875 0.01640625 0.0171875
15 0.69375 0.5125 0.0078125 0.0046875
1 0.53203125 0.51328125 0.0109375 0.00703125
15 0.5453125 0.5140625 0.01015625 0.00625
20 0.8421875 0.5140625 0.0140625 0.0203125
15 0.85625 0.51640625 0.00859375 0.00546875
15 0.76171875 0.5171875 0.0078125 0.00625
15 0.69296875 0.5203125 0.0078125 0.0046875
1 0.53125 0.52109375 0.0109375 0.00546875
15 0.5453125 0.52109375 0.01015625 0.00546875
15 0.85703125 0.52421875 0.009375 0.00546875
15 0.76171875 0.52578125 0.0078125 0.00546875
1 0.92890625 0.52578125 0.00859375 0.00546875
15 0.9171875 0.52578125 0.00703125 0.0046875
15 0.69296875 0.52734375 0.00859375 0.00546875
15 0.5453125 0.5296875 0.01015625 0.00625
1 0.53203125 0.53046875 0.01015625 0.00625
1 0.85625 0.53203125 0.00859375 0.00625
15 0.7625 0.53359375 0.00859375 0.00625
15 0.69375 0.5359375 0.00703125 0.00546875
15 0.5453125 0.53671875 0.0109375 0.00625
1 0.53125 0.5375 0.009375 0.00703125
20 0.92421875 0.540625 0.01640625 0.01640625
15 0.69296875 0.54296875 0.00859375 0.00546875
1 0.53203125 0.54453125 0.01015625 0.00625
1 0.5453125 0.54921875 0.0109375 0.00625
20 0.78203125 0.54921875 0.01328125 0.01953125
20 0.76640625 0.5484375 0.0140625 0.0203125
15 0.85625 0.55 0.00859375 0.0046875
15 0.69375 0.55234375 0.0078125 0.0046875
20 0.83984375 0.55234375 0.0125 0.01796875
15 0.05390625 0.553125 0.01015625 0.00625
1 0.51875 0.5546875 0.009375 0.00703125
1 0.53203125 0.5546875 0.0109375 0.00703125
15 0.05390625 0.56015625 0.01015625 0.00625
20 0.7078125 0.5625 0.01640625 0.01640625
1 0.5453125 0.56484375 0.01015625 0.00703125
15 0.53203125 0.565625 0.009375 0.00625
1 0.51875 0.565625 0.0109375 0.00703125