4 0.34609375 0.59296875 0.08359375 0.04765625
1 0.5546875 0.60078125 0.03515625 0.03359375
9 0.259375 0.60625 0.03203125 0.05234375
4 0.44765625 0.6078125 0.040625 0.03125
4 0.49765625 0.60859375 0.0390625 0.0328125
15 0.1125 0.609375 0.0140625 0.01015625
15 0.16015625 0.61640625 0.01484375 0.01015625
15 0.21171875 0.61640625 0.01484375 0.0125
1 0.72421875 0.61796875 0.02890625 0.05
15 0.05234375 0.621875 0.00625 0.0203125
15 0.2796875 0.62265625 0.00625 0.0203125
15 0.5984375 0.6265625 0.05 0.025
9 0.94296875 0.6328125 0.02109375 0.03046875
15 0.6953125 0.63515625 0.0078125 0.02265625
15 0.0515625 0.64296875 0.00625 0.01953125
15 0.68515625 0.64921875 0.00859375 0.03828125
1 0.35625 0.65390625 0.02578125 0.053125
1 0.13359375 0.65546875 0.0140625 0.01015625
15 0.090625 0.6640625 0.0140625 0.009375
15 0.0515625 0.66484375 0.00703125 0.0234375
1 0.928125 0.66953125 0.01328125 0.01015625
1 0.7484375 0.66953125 0.0359375 0.05234375
15 0.94375 0.6703125 0.01484375 0.01171875
15 0.16484375 0.67421875 0.0140625 0.01171875
15 0.71796875 0.67578125 0.00625 0.02265625
1 0.31953125 0.68125 0.0140625 0.0109375
15 0.08984375 0.6828125 0.01171875 0.0078125
15 0.2140625 0.684375 0.0140625 0.01015625
15 0.69375 0.68671875 0.01484375 0.01171875
15 0.05234375 0.68828125 0.00625 0.0203125
15 0.16484375 0.69375 0.01328125 0.01015625
9 0.25 0.69921875 0.03359375 0.07109375
9 0.134375 0.7 0.034375 0.07109375
15 0.38984375 0.7015625 0.0140625 0.01015625
15 0.3421875 0.70234375 0.0140625 0.01015625
1 0.55234375 0.70234375 0.0125 0.009375
1 0.45859375 0.70234375 0.0140625 0.01171875
15 0.72265625 0.70234375 0.015625 0.0109375
15 0.53125 0.70234375 0.01328125 0.0109375
4 0.0296875 0.70234375 0.01953125 0.1140625
1 0.36328125 0.70234375 0.01484375 0.0125
15 0.484375 0.703125 0.0140625 0.01015625
15 0.43671875 0.70234375 0.0140625 0.0125
1 0.4109375 0.703125 0.0140625 0.01171875
1 0.50546875 0.703125 0.0140625 0.0109375
15 0.090625 0.703125 0.01328125 0.009375
15 0.2140625 0.703125 0.0140625 0.0109375
15 0.31171875 0.7046875 0.0125 0.01015625
4 0.190625 0.70625 0.02109375 0.12578125
15 0.80390625 0.70859375 0.00703125 0.01953125
9 0.9 0.70859375 0.0375 0.05234375
15 0.0515625 0.71015625 0.00625 0.01953125
15 0.16484375 0.715625 0.0140625 0.0109375
15 0.790625 0.715625 0.00703125 0.021875
15 0.090625 0.72265625 0.0140625 0.009375
15 0.2140625 0.725 0.01484375 0.0125
15 0.7484375 0.72734375 0.00625 0.02109375
15 0.75625 0.72734375 0.00703125 0.01953125
15 0.7640625 0.72734375 0.00703125 0.02109375
15 0.05234375 0.73203125 0.00625 0.02109375
4 0.859375 0.73359375 0.046875 0.0375
15 0.790625 0.734375 0.0140625 0.0109375
15 0.16484375 0.73515625 0.01328125 0.009375
15 0.740625 0.7390625 0.00859375 0.04921875
1 0.70859375 0.7390625 0.02734375 0.0421875
15 0.090625 0.74140625 0.0140625 0.01015625
9 0.3125 0.74296875 0.034375 0.05546875
9 0.359375 0.74296875 0.0328125 0.053125
9 0.40625 0.74375 0.03359375 0.05390625
9 0.45390625 0.74375 0.03203125 0.05234375
9 0.5015625 0.74375 0.03125 0.0484375
9 0.5484375 0.74375 0.03203125 0.0515625
1 0.25390625 0.74375 0.01328125 0.01015625
15 0.2078125 0.74609375 0.00703125 0.02109375
15 0.78984375 0.753125 0.00625 0.01953125
15 0.79921875 0.753125 0.00703125 0.0203125
15 0.884375 0.75390625 0.00703125 0.02109375
15 0.05234375 0.75390625 0.00625 0.0203125
1 0.82421875 0.76015625 0.00703125 0.0234375
15 0.090625 0.7609375 0.01328125 0.01015625
1 0.61796875 0.7640625 0.04453125 0.046875
1 0.228125 0.76484375 0.028125 0.04453125
4 0.8578125 0.77265625 0.04765625 0.0359375
15 0.05234375 0.7765625 0.00625 0.01953125
1 0.1421875 0.778125 0.01484375 0.01171875
15 0.82421875 0.77890625 0.01328125 0.0109375
15 0.4359375 0.78046875 0.01328125 0.01015625
15 0.51640625 0.78046875 0.0140625 0.01015625
15 0.2953125 0.78046875 0.0140625 0.01015625
15 0.48359375 0.78046875 0.01328125 0.009375
15 0.33671875 0.78125 0.0140625 0.00859375
15 0.38984375 0.78125 0.01328125 0.0109375
15 0.090625 0.78984375 0.01328125 0.00859375
1 0.6578125 0.7984375 0.0140625 0.01015625
15 0.0515625 0.7984375 0.00625 0.0203125
15 0.090625 0.8078125 0.01328125 0.009375
1 0.65703125 0.81171875 0.01328125 0.0109375
15 0.63984375 0.81171875 0.0140625 0.01015625
15 0.05234375 0.82109375 0.00625 0.02265625
9 0.1421875 0.8234375 0.034375 0.071875
15 0.63984375 0.825 0.01328125 0.01171875
15 0.6578125 0.825 0.0140625 0.01171875
15 0.090625 0.82734375 0.01484375 0.01015625
1 0.7 0.83125 0.00703125 0.02265625
1 0.38046875 0.834375 0.0265625 0.06953125
1 0.78125 0.8375 0.0390625 0.04609375
4 0.03125 0.846875 0.01875 0.0984375
15 0.090625 0.846875 0.0140625 0.009375
9 0.73125 0.85078125 0.040625 0.03984375
1 0.5765625 0.85546875 0.065625 0.0859375
4 0.4578125 0.85546875 0.0265625 0.05078125
4 0.48125 0.8578125 0.01875 0.0515625
1 0.4140625 0.859375 0.03671875 0.0484375
15 0.090625 0.86640625 0.0140625 0.009375
15 0.4953125 0.86953125 0.00703125 0.01953125
15 0.503125 0.86953125 0.00703125 0.0203125
15 0.3703125 0.88203125 0.01328125 0.009375
15 0.3875 0.88125 0.01328125 0.009375
15 0.090625 0.8859375 0.0140625 0.009375
15 0.55546875 0.8890625 0.01328125 0.0109375
15 0.6328125 0.8890625 0.00703125 0.02109375
1 0.23359375 0.8890625 0.0359375 0.04140625
15 0.47734375 0.89453125 0.00625 0.0171875
4 0.3484375 0.89453125 0.02109375 0.04609375
15 0.4859375 0.8953125 0.00546875 0.0171875
9 0.53359375 0.896875 0.01796875 0.03046875
15 0.55546875 0.9046875 0.0140625 0.01015625
15 0.57421875 0.9046875 0.0140625 0.01015625
15 0.090625 0.9046875 0.01328125 0.009375
15 0.59296875 0.90546875 0.01328125 0.0109375
9 0.62109375 0.91484375 0.034375 0.0234375
9 0.50390625 0.91484375 0.0171875 0.05078125
1 0.41171875 0.9203125 0.0265625 0.0375
1 0.73515625 0.9234375 0.028125 0.05546875
1 0.290625 0.9234375 0.07890625 0.1171875
15 0.090625 0.92421875 0.01484375 0.01015625
9 0.57109375 0.925 0.02109375 0.025
9 0.55 0.925 0.0140625 0.02109375
1 0.53046875 0.9265625 0.0125 0.01015625
15 0.0515625 0.92734375 0.00703125 0.02109375
9 0.3875 0.92890625 0.025 0.05859375
1 0.515625 0.940625 0.00625 0.021875
1 0.59921875 0.94140625 0.0078125 0.021875
15 0.53046875 0.9453125 0.0140625 0.0109375
15 0.70859375 0.94765625 0.0140625 0.0109375
15 0.58203125 0.95 0.00703125 0.02265625
9 0.565625 0.95078125 0.01484375 0.0203125
9 0.55 0.9515625 0.01484375 0.01953125
4 0.18359375 0.9546875 0.025 0.0609375
4 0.16015625 0.95546875 0.0265625 0.059375
1 0.8265625 0.22890625 0.02890625 0.08125
15 0.91640625 0.2375 0.01875 0.07734375
15 0.93828125 0.23828125 0.015625 0.07890625
15 0.89296875 0.2390625 0.01953125 0.0796875
15 0.96796875 0.24140625 0.01953125 0.08046875
15 0.21171875 0.26484375 0.0140625 0.0109375
1 0.8234375 0.28828125 0.0140625 0.0125
15 0.21171875 0.29140625 0.0140625 0.01171875
15 0.7859375 0.29296875 0.0203125 0.078125
15 0.715625 0.29609375 0.01484375 0.009375
15 0.76796875 0.31171875 0.00703125 0.02109375
9 0.81875 0.31875 0.01953125 0.0375
15 0.803125 0.3390625 0.01015625 0.05234375
20 0.71328125 0.33984375 0.025 0.06015625
15 0.7421875 0.35234375 0.0171875 0.0671875
1 0.7703125 0.35234375 0.02890625 0.0453125
1 0.82734375 0.35234375 0.01328125 0.01015625
15 0.81875 0.36328125 0.0140625 0.009375
15 0.8515625 0.3703125 0.01953125 0.0765625
15 0.928125 0.3703125 0.01953125 0.078125
15 0.9015625 0.3703125 0.01796875 0.07421875
15 0.87578125 0.37578125 0.01875 0.08046875
9 0.8234375 0.3890625 0.02109375 0.0265625
20 0.71171875 0.390625 0.0203125 0.0265625
1 0.13125 0.3921875 0.02109375 0.05859375
1 0.48828125 0.39296875 0.03046875 0.05859375
15 0.72890625 0.40390625 0.01328125 0.00859375
15 0.74296875 0.40390625 0.0140625 0.009375
20 0.76796875 0.4046875 0.02421875 0.0578125
1 0.53125 0.41328125 0.03203125 0.06015625
1 0.17578125 0.41328125 0.03671875 0.05390625
1 0.8265625 0.41796875 0.02265625 0.0296875
1 0.95859375 0.41796875 0.03046875 0.0421875
9 0.05390625 0.41875 0.0265625 0.02421875
1 0.43359375 0.42890625 0.0328125 0.06015625
1 0.0953125 0.4296875 0.028125 0.05703125
15 0.790625 0.43046875 0.01171875 0.0484375
15 0.74921875 0.4421875 0.00703125 0.02421875
15 0.740625 0.44296875 0.00703125 0.02265625
1 0.7328125 0.44375 0.00625 0.02109375
1 0.821875 0.44921875 0.0125 0.0078125
15 0.8015625 0.45 0.0125 0.0109375
1 0.06484375 0.4546875 0.03046875 0.04921875
9 0.1078125 0.4578125 0.02109375 0.0234375
15 0.18984375 0.459375 0.00703125 0.02265625
15 0.17734375 0.46015625 0.0078125 0.0234375
9 0.1515625 0.46015625 0.03828125 0.03828125
15 0.771875 0.4625 0.0140625 0.01015625
15 0.7359375 0.475 0.00703125 0.02109375
9 0.81875 0.484375 0.03515625 0.05859375
1 0.1078125 0.4921875 0.0234375 0.03359375
1 0.77421875 0.49296875 0.02734375 0.03828125
9 0.54765625 0.4953125 0.0265625 0.0625
9 0.9546875 0.49609375 0.01640625 0.03046875
1 0.1921875 0.5046875 0.0203125 0.0296875
1 0.1515625 0.5046875 0.01875 0.02421875
1 0.05703125 0.50546875 0.01484375 0.01015625
15 0.03515625 0.50546875 0.0140625 0.01171875
15 0.79140625 0.50703125 0.01171875 0.009375
15 0.61640625 0.51171875 0.015625 0.01171875
15 0.96171875 0.52734375 0.01328125 0.009375
1 0.94609375 0.52734375 0.0140625 0.01015625
15 0.08671875 0.53046875 0.0140625 0.01015625
1 0.1078125 0.53046875 0.0140625 0.01015625
1 0.28671875 0.53359375 0.028125 0.04375
15 0.55078125 0.53671875 0.0140625 0.01015625
1 0.16015625 0.5375 0.01484375 0.01015625
1 0.21171875 0.53828125 0.0140625 0.0109375
15 0.1390625 0.53828125 0.01484375 0.01171875
15 0.190625 0.53828125 0.01484375 0.009375
1 0.25625 0.5390625 0.01875 0.0296875
15 0.60703125 0.540625 0.01484375 0.01015625
4 0.3453125 0.54375 0.08515625 0.04765625
4 0.6875 0.54453125 0.0734375 0.03671875
9 0.0515625 0.54609375 0.03359375 0.0546875
1 0.64765625 0.55 0.00703125 0.021875
15 0.56015625 0.55234375 0.01328125 0.01015625
15 0.4734375 0.55625 0.06015625 0.03046875
9 0.2875 0.5640625 0.0203125 0.025
9 0.10390625 0.571875 0.0328125 0.05234375
9 0.94375 0.5765625 0.025 0.02265625
9 0.15546875 0.57890625 0.03203125 0.0515625
9 0.20703125 0.5796875 0.03203125 0.05078125
4 0.6875 0.58125 0.0703125 0.03671875
15 0.05625 0.5828125 0.0140625 0.0109375
1 0.28203125 0.590625 0.00625 0.021875
15 0.29453125 0.590625 0.00703125 0.0203125