2 0.71484375 0.8453125 0.01796875 0.0234375
2 0.55390625 0.86015625 0.0140625 0.02421875
2 0.5703125 0.859375 0.01484375 0.02109375
2 0.5390625 0.8625 0.015625 0.0234375
2 0.25546875 0.88515625 0.0140625 0.02421875
2 0.20234375 0.89140625 0.0109375 0.02421875
2 0.23984375 0.8890625 0.0109375 0.02578125
2 0.33515625 0.88125 0.0140625 0.02109375
2 0.17109375 0.8953125 0.0140625 0.02578125
2 0.3703125 0.88046875 0.0125 0.02578125
2 0.61953125 0.87734375 0.02109375 0.0203125
2 0.59765625 0.8796875 0.02421875 0.01875
2 0.3453125 0.93046875 0.0390625 0.05
2 0.24375 0.940625 0.0421875 0.05078125
2 0.18671875 0.9453125 0.04453125 0.05703125
9 0.40390625 0.9421875 0.06875 0.065625
2 0.4515625 0.96015625 0.025 0.01953125
9 0.06171875 0.42421875 0.04921875 0.0625
2 0.08046875 0.46484375 0.0125 0.0234375
2 0.0515625 0.4671875 0.01484375 0.0234375
2 0.06640625 0.49921875 0.0453125 0.04453125
16 0.5875 0.52265625 0.01484375 0.02890625
16 0.534375 0.53515625 0.00703125 0.0171875
16 0.54921875 0.53515625 0.01171875 0.01640625
16 0.47109375 0.54140625 0.0078125 0.0203125
2 0.41484375 0.546875 0.015625 0.02109375
16 0.4578125 0.54453125 0.00625 0.01875
16 0.52265625 0.53984375 0.015625 0.0234375
16 0.56796875 0.53671875 0.0140625 0.0203125
2 0.509375 0.54140625 0.0140625 0.02421875
2 0.4421875 0.546875 0.01484375 0.02265625
2 0.48515625 0.5453125 0.01484375 0.02734375
2 0.58828125 0.5546875 0.0140625 0.02109375
2 0.55625 0.55625 0.02265625 0.01328125
16 0.63046875 0.5578125 0.0125 0.02265625
16 0.0609375 0.6015625 0.01484375 0.02265625
2 0.25625 0.58828125 0.015625 0.02421875
2 0.721875 0.553125 0.01171875 0.02421875
16 0.71015625 0.5546875 0.0109375 0.02109375
2 0.07734375 0.60234375 0.01640625 0.02578125
2 0.67734375 0.55703125 0.009375 0.02109375
16 0.69375 0.55625 0.01953125 0.02421875
2 0.28125 0.5875 0.02265625 0.0234375
2 0.19296875 0.5953125 0.0109375 0.02421875
16 0.09765625 0.61484375 0.01171875 0.021875
16 0.1390625 0.61953125 0.0125 0.0203125
16 0.1 0.63671875 0.01015625 0.01953125
2 0.41171875 0.6171875 0.0203125 0.015625
16 0.62578125 0.609375 0.0171875 0.02890625
16 0.63984375 0.6078125 0.01796875 0.0265625
16 0.6109375 0.61171875 0.01171875 0.028125
16 0.1421875 0.6546875 0.0125 0.02578125
2 0.1015625 0.66328125 0.015625 0.0265625
16 0.71953125 0.6171875 0.01875 0.01640625
16 0.69140625 0.6203125 0.02265625 0.0125
16 0.64296875 0.6328125 0.0140625 0.02890625
16 0.53359375 0.6421875 0.01171875 0.021875
16 0.62734375 0.63515625 0.0140625 0.02578125
16 0.584375 0.63828125 0.01484375 0.02109375
2 0.65703125 0.63359375 0.0125 0.0171875
16 0.56328125 0.640625 0.015625 0.01875
16 0.61484375 0.63671875 0.0140625 0.02265625
16 0.59921875 0.63828125 0.0125 0.02109375
2 0.41171875 0.65625 0.0203125 0.015625
16 0.72109375 0.63359375 0.021875 0.0140625
16 0.490625 0.65234375 0.01875 0.01015625
16 0.1296875 0.68125 0.02109375 0.01484375
2 0.6921875 0.63828125 0.0203125 0.01171875
2 0.1078125 0.6828125 0.025 0.01640625
2 0.1515625 0.6796875 0.02109375 0.01640625
16 0.72109375 0.64765625 0.01953125 0.015625
2 0.15234375 0.69375 0.02265625 0.02109375
16 0.49375 0.66953125 0.02109375 0.015625
2 0.10859375 0.6984375 0.025 0.0171875
16 0.1296875 0.69921875 0.0203125 0.01171875
16 0.49453125 0.68359375 0.02265625 0.0140625
16 0.13125 0.71484375 0.01640625 0.0171875
2 0.1109375 0.71875 0.025 0.01875
2 0.89453125 0.67578125 0.01484375 0.0265625
16 0.13203125 0.73515625 0.021875 0.0140625
2 0.11171875 0.7375 0.02109375 0.0140625
2 0.41796875 0.715625 0.025 0.01328125
9 0.2859375 0.72734375 0.25859375 0.2765625
2 0.92109375 0.68125 0.03515625 0.04765625
16 0.496875 0.7234375 0.0203125 0.01328125
16 0.87578125 0.69609375 0.015625 0.02578125
2 0.1125 0.7546875 0.02109375 0.01640625
16 0.134375 0.75546875 0.01953125 0.0171875
2 0.1140625 0.7703125 0.02109375 0.01484375
16 0.15546875 0.77109375 0.021875 0.015625
16 0.8765625 0.72109375 0.01484375 0.02421875
2 0.49765625 0.75078125 0.02421875 0.01953125
9 0.60625 0.74765625 0.17734375 0.1921875
2 0.41875 0.76484375 0.0234375 0.0171875
2 0.15625 0.7875 0.01875 0.01484375
16 0.11484375 0.79140625 0.01875 0.0140625
2 0.903125 0.76015625 0.01796875 0.02578125
16 0.80546875 0.78359375 0.0234375 0.0140625
16 0.80625 0.80078125 0.0234375 0.01640625
16 0.8265625 0.7984375 0.02265625 0.01484375
9 0.45625 0.83203125 0.08359375 0.07109375
16 0.87421875 0.8078125 0.01171875 0.02265625
2 0.88828125 0.80703125 0.01484375 0.02421875
2 0.90234375 0.80625 0.01171875 0.0234375
2 0.5078125 0.84375 0.01484375 0.02109375
2 0.9296875 0.8171875 0.03125 0.04375