20 0.45234375 0.71796875 0.01875 0.02109375
15 0.3390625 0.71796875 0.00703125 0.0140625
15 0.246875 0.71875 0.00546875 0.01640625
15 0.35625 0.7203125 0.00625 0.0125
20 0.2921875 0.72578125 0.01640625 0.01875
15 0.12109375 0.0734375 0.01328125 0.00546875
20 0.52890625 0.72890625 0.01484375 0.01796875
20 0.49375 0.7328125 0.0234375 0.0203125
15 0.459375 0.73671875 0.01640625 0.00546875
15 0.14453125 0.07578125 0.00546875 0.01328125
15 0.509375 0.75078125 0.00859375 0.01328125
15 0.5171875 0.7515625 0.0046875 0.00859375
15 0.071875 0.07578125 0.0125 0.0046875
15 0.13515625 0.0765625 0.00546875 0.01328125
1 0.2640625 0.07734375 0.0046875 0.01484375
1 0.30546875 0.078125 0.00625 0.01328125
15 0.27421875 0.078125 0.0015625 0.009375
15 0.5203125 0.77890625 0.00390625 0.01328125
1 0.29453125 0.07890625 0.00390625 0.01796875
15 0.284375 0.0796875 0.00546875 0.01484375
15 0.10078125 0.0796875 0.01171875 0.00625
15 0.6734375 0.8578125 0.00390625 0.0125
20 0.24921875 0.85859375 0.01640625 0.021875
20 0.521875 0.85859375 0.015625 0.02265625
1 0.684375 0.859375 0.0046875 0.01171875
15 0.546875 0.859375 0.0078125 0.0234375
1 0.65390625 0.859375 0.003125 0.0109375
15 0.6625 0.859375 0.00703125 0.01328125
15 0.3109375 0.86171875 0.009375 0.0234375
20 0.36015625 0.8625 0.0171875 0.01953125
20 0.73359375 0.8640625 0.01640625 0.01953125
15 0.453125 0.86484375 0.0078125 0.015625
20 0.43125 0.865625 0.0171875 0.0234375
15 0.75703125 0.8734375 0.00703125 0.00859375
15 0.81875 0.87421875 0.003125 0.01015625
15 0.76796875 0.87578125 0.0046875 0.00859375
15 0.8046875 0.87734375 0.00703125 0.01171875
15 0.8578125 0.88046875 0.00703125 0.02109375
15 0.8828125 0.88515625 0.00390625 0.01015625
1 0.87109375 0.8859375 0.00546875 0.0109375
15 0.8 0.8984375 0.00234375 0.009375
1 0.8109375 0.89921875 0.0046875 0.01015625
20 0.12109375 0.09140625 0.015625 0.02109375
15 0.10078125 0.0921875 0.0125 0.00390625
1 0.56171875 0.10234375 0.03046875 0.03359375
1 0.3328125 0.10625 0.0328125 0.0390625
15 0.08828125 0.10625 0.00625 0.0125
15 0.0984375 0.10625 0.00234375 0.0125
1 0.61015625 0.1078125 0.0328125 0.0328125
1 0.5046875 0.10859375 0.04296875 0.0484375
1 0.375 0.11328125 0.01640625 0.0046875
1 0.28125 0.11640625 0.0359375 0.0359375
1 0.0734375 0.11796875 0.0046875 0.01015625
1 0.2515625 0.11953125 0.00546875 0.01171875
15 0.0625 0.11953125 0.0046875 0.0109375
1 0.37265625 0.12265625 0.0140625 0.0046875
1 0.09375 0.1328125 0.01328125 0.0296875
1 0.125 0.134375 0.0234375 0.02734375
1 0.3109375 0.14296875 0.01015625 0.00703125
1 0.59921875 0.14296875 0.0125 0.009375
15 0.29296875 0.15625 0.00390625 0.01015625
1 0.596875 0.15625 0.0125 0.0078125
1 0.04296875 0.15703125 0.0296875 0.03046875
1 0.3578125 0.1578125 0.03515625 0.0359375
20 0.3171875 0.1625 0.01796875 0.01796875
20 0.275 0.16328125 0.01875 0.0203125
1 0.196875 0.17421875 0.00703125 0.01484375
15 0.29296875 0.1734375 0.00234375 0.009375
1 0.103125 0.17734375 0.02734375 0.028125
1 0.9515625 0.18515625 0.01796875 0.00625
1 0.1859375 0.19296875 0.003125 0.015625
1 0.91796875 0.19375 0.009375 0.0203125
1 0.59375 0.19453125 0.01171875 0.03203125
1 0.95078125 0.19765625 0.01484375 0.00625
1 0.56015625 0.1984375 0.03203125 0.0328125
1 0.040625 0.21015625 0.02890625 0.03125
1 0.459375 0.21015625 0.0375 0.03671875
1 0.07109375 0.2109375 0.00625 0.0140625
1 0.5109375 0.2125 0.03046875 0.03203125
1 0.91875 0.2125 0.01640625 0.0109375
15 0.28984375 0.221875 0.0109375 0.0078125
15 0.23359375 0.225 0.00859375 0.0046875
1 0.91875 0.22578125 0.015625 0.0078125
1 0.09921875 0.2296875 0.0234375 0.02890625
1 0.40546875 0.24375 0.02265625 0.01875
1 0.06953125 0.24609375 0.00546875 0.01328125
1 0.4875 0.246875 0.00546875 0.01171875
1 0.89765625 0.278125 0.03203125 0.03125
1 0.4734375 0.28515625 0.0484375 0.04296875
9 0.415625 0.290625 0.025 0.0375
15 0.5265625 0.2953125 0.01015625 0.00625
15 0.53125 0.30546875 0.0109375 0.00703125
15 0.5265625 0.3140625 0.0109375 0.00625
20 0.94453125 0.31953125 0.01875 0.02109375
15 0.5265625 0.32421875 0.00859375 0.00625
1 0.50859375 0.340625 0.0046875 0.009375
9 0.41484375 0.340625 0.04296875 0.02421875
20 0.9421875 0.34765625 0.02109375 0.01953125
1 0.48359375 0.35078125 0.028125 0.028125
1 0.91796875 0.3546875 0.0109375 0.01484375
20 0.41328125 0.38125 0.01796875 0.01953125
20 0.390625 0.3828125 0.01953125 0.0265625
1 0.49296875 0.38359375 0.0109375 0.0046875
1 0.89296875 0.384375 0.034375 0.0359375
1 0.934375 0.3875 0.02109375 0.025
1 0.85 0.3890625 0.021875 0.02890625
1 0.49375 0.39296875 0.01015625 0.00546875
9 0.2546875 0.409375 0.1828125 0.18515625
1 0.41171875 0.4125 0.01171875 0.02265625
1 0.43671875 0.4140625 0.01015625 0.0203125
20 0.4796875 0.41484375 0.021875 0.02421875
1 0.4578125 0.4171875 0.00859375 0.01875
15 0.4703125 0.4359375 0.00546875 0.009375
15 0.48515625 0.43671875 0.00546875 0.0140625
15 0.1265625 0.43671875 0.009375 0.0046875
1 0.12578125 0.44765625 0.01015625 0.00625
15 0.12578125 0.45859375 0.0078125 0.0046875
20 0.47734375 0.45859375 0.01796875 0.021875
1 0.434375 0.45859375 0.00859375 0.0234375
1 0.41015625 0.459375 0.01171875 0.02421875
1 0.45546875 0.4609375 0.009375 0.021875
1 0.0984375 0.46640625 0.015625 0.00625
1 0.06171875 0.4671875 0.01328125 0.009375
15 0.125 0.4671875 0.00859375 0.00390625
15 0.125 0.4765625 0.00859375 0.0046875
15 0.4703125 0.4796875 0.00390625 0.01171875
15 0.4828125 0.48046875 0.00390625 0.009375
15 0.12578125 0.484375 0.00859375 0.003125
15 0.07734375 0.50234375 0.00390625 0.009375
15 0.040625 0.503125 0.00703125 0.0125
15 0.096875 0.503125 0.00390625 0.01015625
15 0.08671875 0.50390625 0.0046875 0.009375
1 0.27734375 0.53046875 0.00546875 0.0140625
1 0.309375 0.53203125 0.0046875 0.01015625
1 0.29765625 0.53203125 0.00625 0.0109375
1 0.37890625 0.534375 0.03203125 0.03125
15 0.19140625 0.53828125 0.003125 0.01171875
15 0.2109375 0.5390625 0.00390625 0.01171875
15 0.2015625 0.5390625 0.0046875 0.01171875
15 0.21875 0.5390625 0.00625 0.01015625
15 0.228125 0.53984375 0.0046875 0.009375
15 0.23671875 0.53984375 0.00625 0.0125
15 0.24609375 0.540625 0.00546875 0.00859375
15 0.25546875 0.540625 0.00625 0.009375
15 0.15390625 0.55546875 0.00625 0.0109375
15 0.16328125 0.55546875 0.00390625 0.0109375
15 0.17265625 0.55703125 0.00625 0.01015625
15 0.31953125 0.565625 0.0078125 0.003125
15 0.33671875 0.565625 0.01171875 0.00546875
1 0.4234375 0.57265625 0.034375 0.03203125
15 0.31953125 0.57421875 0.00859375 0.00546875
15 0.33671875 0.575 0.01015625 0.00546875
1 0.01796875 0.5765625 0.01015625 0.02734375
9 0.37265625 0.57734375 0.03125 0.03125
1 0.0625 0.57734375 0.009375 0.025
1 0.475 0.57734375 0.0359375 0.0328125
1 0.03984375 0.578125 0.0078125 0.02578125
1 0.5203125 0.584375 0.00859375 0.00390625
1 0.6609375 0.5890625 0.0046875 0.01015625
15 0.6796875 0.58984375 0.003125 0.01015625
15 0.6703125 0.58984375 0.0046875 0.009375
15 0.70703125 0.58984375 0.003125 0.0078125
1 0.6890625 0.58984375 0.00390625 0.01015625
1 0.3140625 0.58984375 0.0046875 0.009375
1 0.715625 0.59140625 0.00390625 0.00859375
15 0.6984375 0.59140625 0.003125 0.0078125
15 0.73515625 0.59140625 0.003125 0.009375
20 0.26953125 0.59140625 0.0203125 0.015625
15 0.72578125 0.5921875 0.00390625 0.0078125
20 0.21328125 0.5921875 0.021875 0.02109375
20 0.2390625 0.59296875 0.01953125 0.01875
1 0.34140625 0.59296875 0.00390625 0.01328125
1 0.51953125 0.59453125 0.01171875 0.00625
20 0.2953125 0.5953125 0.01953125 0.0140625
1 0.0734375 0.0609375 0.0046875 0.0125
9 0.5578125 0.6015625 0.046875 0.0390625
15 0.52109375 0.6046875 0.01015625 0.00390625
15 0.1125 0.0609375 0.00546875 0.01015625
20 0.671875 0.61171875 0.01640625 0.021875
20 0.31953125 0.6140625 0.01640625 0.0171875
20 0.69765625 0.61484375 0.01796875 0.0203125
15 0.43203125 0.615625 0.00546875 0.0125
20 0.721875 0.615625 0.01875 0.02265625
15 0.44453125 0.615625 0.0046875 0.00859375
20 0.22578125 0.61640625 0.02109375 0.0171875
15 0.4671875 0.61640625 0.00390625 0.0109375
15 0.47890625 0.61796875 0.00625 0.009375
20 0.196875 0.61796875 0.01796875 0.01484375
20 0.27890625 0.6171875 0.02265625 0.01875
20 0.2515625 0.6171875 0.01875 0.01484375
1 0.51953125 0.62109375 0.01015625 0.00703125
20 0.6484375 0.621875 0.01796875 0.02109375
15 0.75390625 0.6265625 0.0046875 0.01484375
15 0.76328125 0.628125 0.00625 0.0140625
1 0.4125 0.06328125 0.0140625 0.00625
20 0.09453125 0.06484375 0.02265625 0.01953125
9 0.4515625 0.06640625 0.034375 0.01953125
1 0.5578125 0.06796875 0.01328125 0.0046875