2 0.61796875 0.8984375 0.0203125 0.02578125
2 0.45390625 0.8640625 0.01640625 0.02734375
2 0.46953125 0.86875 0.0171875 0.0234375
2 0.4390625 0.86171875 0.01875 0.02578125
2 0.153125 0.79609375 0.01640625 0.02734375
2 0.0984375 0.7859375 0.01484375 0.02578125
2 0.13671875 0.79453125 0.01484375 0.02734375
2 0.2328125 0.8171875 0.01640625 0.0234375
2 0.0671875 0.7796875 0.0171875 0.028125
2 0.26796875 0.82734375 0.015625 0.02734375
2 0.51484375 0.90078125 0.02421875 0.0234375
2 0.4921875 0.89609375 0.0265625 0.02265625
2 0.23046875 0.86875 0.04609375 0.05546875
2 0.12734375 0.846875 0.04921875 0.0578125
2 0.0703125 0.83359375 0.05234375 0.0640625
9 0.28515625 0.8984375 0.07734375 0.0765625
2 0.3265625 0.93046875 0.02734375 0.0234375
9 0.08125 0.28125 0.05703125 0.06953125
2 0.08984375 0.32734375 0.01640625 0.025
2 0.06015625 0.3203125 0.0171875 0.02578125
2 0.06640625 0.35703125 0.05078125 0.0515625
16 0.57578125 0.540625 0.01796875 0.03125
16 0.5203125 0.53671875 0.009375 0.01796875
16 0.53515625 0.54140625 0.01484375 0.01796875
16 0.45546875 0.5234375 0.0109375 0.021875
2 0.39921875 0.51171875 0.01796875 0.0234375
16 0.44140625 0.521875 0.009375 0.01875
16 0.50625 0.5375 0.01796875 0.02578125
16 0.55234375 0.5484375 0.01640625 0.02265625
2 0.49375 0.534375 0.0171875 0.02578125
2 0.42578125 0.51875 0.01796875 0.025
2 0.46953125 0.53125 0.01796875 0.02890625
2 0.56875 0.57265625 0.01640625 0.02265625
2 0.5359375 0.56484375 0.025 0.01640625
16 0.609375 0.58828125 0.01640625 0.025
16 0.034375 0.45703125 0.0171875 0.025
2 0.23125 0.50390625 0.01796875 0.02734375
2 0.7 0.6125 0.015625 0.02578125
16 0.68828125 0.609375 0.0140625 0.02265625
2 0.05078125 0.4625 0.01875 0.02734375
2 0.65546875 0.60234375 0.0125 0.02265625
16 0.671875 0.60703125 0.02265625 0.028125
2 0.25625 0.51015625 0.02578125 0.028125
2 0.1671875 0.49140625 0.01484375 0.02578125
16 0.0671875 0.48046875 0.01484375 0.02421875
16 0.10703125 0.4984375 0.015625 0.02265625
16 0.06484375 0.503125 0.01328125 0.02109375
2 0.3765625 0.58046875 0.021875 0.01875
16 0.590625 0.6375 0.0203125 0.03125
16 0.60546875 0.640625 0.021875 0.0296875
16 0.575 0.6359375 0.015625 0.0296875
16 0.10078125 0.53359375 0.01640625 0.02734375
2 0.059375 0.5296875 0.01875 0.02890625
16 0.68125 0.67421875 0.0203125 0.01875
16 0.65390625 0.66953125 0.02421875 0.01640625
16 0.60234375 0.66640625 0.0171875 0.03046875
16 0.490625 0.6421875 0.01484375 0.02421875
16 0.5859375 0.6640625 0.0171875 0.02734375
16 0.54296875 0.65390625 0.0171875 0.0234375
2 0.615625 0.671875 0.01484375 0.01875
16 0.52109375 0.65 0.0171875 0.02109375
16 0.57265625 0.66171875 0.01640625 0.02421875
16 0.55703125 0.65859375 0.01484375 0.0234375
2 0.3671875 0.61875 0.02265625 0.01875
16 0.67890625 0.690625 0.0234375 0.0171875
16 0.44609375 0.6390625 0.01953125 0.01328125
16 0.08203125 0.55546875 0.02265625 0.01875
2 0.64921875 0.6875 0.021875 0.0140625
2 0.059375 0.55078125 0.02734375 0.02109375
2 0.1046875 0.5609375 0.0234375 0.01953125
16 0.67578125 0.7046875 0.0203125 0.01875
2 0.1 0.575 0.025 0.02421875
16 0.44453125 0.65625 0.0234375 0.01875
2 0.05703125 0.56640625 0.02734375 0.021875
16 0.078125 0.57421875 0.021875 0.0140625
16 0.44140625 0.67109375 0.02421875 0.01796875
16 0.07421875 0.58984375 0.01796875 0.01953125
2 0.053125 0.58671875 0.02734375 0.02265625
2 0.8390625 0.7859375 0.01796875 0.02890625
16 0.0703125 0.61015625 0.0234375 0.0171875
2 0.05 0.60546875 0.0234375 0.0171875
2 0.35859375 0.67890625 0.0265625 0.0171875
9 0.22421875 0.65 0.29453125 0.31640625
2 0.8640625 0.8 0.04140625 0.05234375
16 0.434375 0.7109375 0.021875 0.01640625
16 0.815625 0.80078125 0.01796875 0.02734375
2 0.04609375 0.6234375 0.0234375 0.01953125
16 0.0671875 0.63046875 0.021875 0.01953125
2 0.04296875 0.63984375 0.0234375 0.01796875
16 0.084375 0.65234375 0.02421875 0.01875
16 0.81015625 0.82578125 0.0171875 0.02734375
2 0.42734375 0.73828125 0.0265625 0.02265625
9 0.5359375 0.76875 0.20234375 0.21953125
2 0.34609375 0.728125 0.02578125 0.021875
2 0.08046875 0.66875 0.0203125 0.01796875
16 0.0390625 0.659375 0.01953125 0.01640625
2 0.825 0.87265625 0.021875 0.02890625
16 0.7234375 0.865625 0.025 0.0171875
16 0.71953125 0.8828125 0.02578125 0.02109375
16 0.740625 0.88671875 0.025 0.01875
9 0.365625 0.80546875 0.09375 0.084375
16 0.78515625 0.91015625 0.01484375 0.02421875
2 0.79765625 0.9140625 0.01796875 0.02734375
2 0.81328125 0.91796875 0.01484375 0.025
2 0.41328125 0.83359375 0.0171875 0.0234375
2 0.83671875 0.93671875 0.0375 0.0484375