15 0.4296875 0.1625 0.01015625 0.04375
1 0.21484375 0.16328125 0.02109375 0.02265625
1 0.178125 0.16875 0.01484375 0.08046875
1 0.6828125 0.1703125 0.01015625 0.0390625
15 0.6734375 0.1703125 0.0109375 0.04453125
1 0.16015625 0.17265625 0.015625 0.075
15 0.0765625 0.184375 0.021875 0.03828125
15 0.50078125 0.18828125 0.01640625 0.02109375
15 0.015625 0.18828125 0.02578125 0.03515625
15 0.51796875 0.18984375 0.01796875 0.01875
1 0.21640625 0.19140625 0.0265625 0.0296875
15 0.4921875 0.209375 0.01640625 0.02578125
15 0.50703125 0.21015625 0.01796875 0.021875
15 0.525 0.2109375 0.015625 0.0234375
15 0.41015625 0.22734375 0.01875 0.02421875
1 0.575 0.23359375 0.009375 0.03984375
15 0.58515625 0.234375 0.0078125 0.03984375
1 0.5296875 0.24921875 0.0078125 0.03515625
1 0.3421875 0.25078125 0.009375 0.05703125
1 0.3546875 0.2515625 0.0109375 0.0671875
15 0.428125 0.2515625 0.0171875 0.0234375
15 0.44296875 0.25390625 0.00625 0.03046875
15 0.68828125 0.25390625 0.0171875 0.0234375
1 0.31875 0.25390625 0.01171875 0.05
15 0.44921875 0.25546875 0.00703125 0.0328125
1 0.0734375 0.26328125 0.03046875 0.040625
15 0.48984375 0.2640625 0.00625 0.0359375
1 0.67421875 0.2671875 0.00859375 0.03984375
1 0.5734375 0.27109375 0.00703125 0.0296875
1 0.6046875 0.2703125 0.01640625 0.02578125
15 0.4109375 0.27421875 0.0140625 0.021875
1 0.68828125 0.278125 0.0171875 0.021875
1 0.58515625 0.2828125 0.00625 0.03046875
15 0.153125 0.2875 0.0125 0.04609375
15 0.6265625 0.290625 0.01640625 0.0203125
15 0.21015625 0.2921875 0.00078125 0.00078125
1 0.3921875 0.29375 0.01171875 0.015625
1 0.64453125 0.29921875 0.01640625 0.0203125
15 0.40703125 0.29921875 0.0125 0.02109375
1 0.0375 0.3 0.034375 0.0390625
1 0.315625 0.303125 0.01484375 0.02265625
1 0.29296875 0.303125 0.01484375 0.01953125
1 0.275 0.3046875 0.015625 0.0234375
15 0.6265625 0.31015625 0.01796875 0.01953125
15 0.39375 0.31171875 0.01171875 0.015625
1 0.10078125 0.31171875 0.015625 0.02265625
1 0.07421875 0.3140625 0.028125 0.03671875
15 0.7109375 0.31484375 0.009375 0.046875
15 0.7 0.315625 0.009375 0.04296875
15 0.40625 0.31875 0.01171875 0.01484375
15 0.64453125 0.3203125 0.01640625 0.0203125
15 0.3921875 0.3265625 0.01171875 0.01796875
15 0.62578125 0.3296875 0.01875 0.02265625
1 0.3390625 0.33125 0.009375 0.05703125
1 0.85859375 0.33359375 0.0109375 0.05859375
1 0.36171875 0.33828125 0.01328125 0.05859375
1 0.8984375 0.33828125 0.01015625 0.05625
1 0.846875 0.33984375 0.01015625 0.06171875
1 0.8859375 0.3390625 0.01171875 0.05703125
1 0.875 0.340625 0.0109375 0.053125
15 0.10078125 0.33984375 0.01796875 0.0234375
15 0.64375 0.3421875 0.01484375 0.0234375
1 0.83515625 0.34140625 0.01015625 0.05703125
15 0.90859375 0.34140625 0.0078125 0.04609375
1 0.40546875 0.35 0.0140625 0.01640625
15 0.62734375 0.35234375 0.01796875 0.02265625
15 0.04375 0.3578125 0.00625 0.040625
15 0.05546875 0.36171875 0.0078125 0.040625
15 0.64375 0.3625 0.01328125 0.02421875
15 0.084375 0.36484375 0.00703125 0.03203125
15 0.628125 0.3765625 0.0171875 0.021875
15 0.6453125 0.38359375 0.0171875 0.028125
15 0.62734375 0.3984375 0.0171875 0.0203125
15 0.059375 0.39921875 0.01484375 0.02421875
1 0.0796875 0.39921875 0.015625 0.02265625
1 0.85078125 0.40390625 0.01484375 0.0265625
15 0.1 0.40546875 0.0140625 0.0265625
15 0.64375 0.40703125 0.0171875 0.0203125
15 0.1671875 0.4078125 0.01875 0.03046875
15 0.04453125 0.4125 0.00859375 0.03984375
1 0.98046875 0.41484375 0.0140625 0.025
1 0.82890625 0.41484375 0.00859375 0.03515625
15 0.15078125 0.41484375 0.00859375 0.0390625
1 0.40546875 0.41796875 0.0125 0.01953125
15 0.6265625 0.41875 0.01484375 0.01875
15 0.13828125 0.41953125 0.0109375 0.04296875
1 0.85078125 0.42265625 0.0125 0.0171875
15 0.96796875 0.4234375 0.00703125 0.0390625
1 0.9578125 0.42734375 0.0109375 0.04375
15 0.64375 0.428125 0.01484375 0.02734375
1 0.91171875 0.43125 0.01953125 0.02578125
15 0.0671875 0.434375 0.00703125 0.04375
15 0.05625 0.434375 0.00859375 0.04375
1 0.79375 0.434375 0.01484375 0.06953125
15 0.16640625 0.43828125 0.0140625 0.028125
1 0.98203125 0.43828125 0.0125 0.02109375
15 0.7765625 0.4390625 0.01875 0.025
1 0.88828125 0.43984375 0.00859375 0.03828125
15 0.6265625 0.43984375 0.01484375 0.02109375
15 0.89765625 0.44375 0.01015625 0.040625
15 0.809375 0.453125 0.0125 0.05234375
15 0.64296875 0.45390625 0.01640625 0.0203125
1 0.8578125 0.4546875 0.00703125 0.0359375
1 0.91171875 0.45625 0.01640625 0.02734375
15 0.8484375 0.4609375 0.00859375 0.03984375
15 0.9390625 0.46328125 0.01171875 0.05078125
15 0.13984375 0.4640625 0.0078125 0.040625
15 0.1515625 0.46484375 0.00859375 0.04140625
15 0.62734375 0.46484375 0.01640625 0.01640625
1 0.20390625 0.46640625 0.01796875 0.02265625
15 0.1671875 0.46875 0.01484375 0.03828125
1 0.9875 0.4703125 0.0078125 0.0421875
15 0.97734375 0.471875 0.009375 0.04140625
15 0.6453125 0.4765625 0.0125 0.0203125
1 0.40390625 0.4796875 0.01328125 0.01796875
15 0.86875 0.48203125 0.01171875 0.04453125
15 0.6265625 0.4859375 0.01640625 0.02109375
15 0.75078125 0.4859375 0.009375 0.0421875
1 0.046875 0.48984375 0.0078125 0.0375
1 0.91640625 0.48984375 0.009375 0.040625
15 0.90703125 0.490625 0.009375 0.040625
15 0.0578125 0.4921875 0.0078125 0.0390625
15 0.8234375 0.49453125 0.021875 0.025
15 0.64375 0.49609375 0.0140625 0.02265625
1 0.203125 0.49609375 0.02265625 0.03046875
1 0.2921875 0.5015625 0.0125 0.01796875
1 0.27421875 0.50234375 0.0125 0.0171875
15 0.953125 0.50234375 0.01875 0.02578125
1 0.1453125 0.50625 0.01875 0.028125
15 0.62734375 0.50625 0.0171875 0.0203125
15 0.16953125 0.51171875 0.01171875 0.04765625
1 0.76953125 0.5171875 0.01875 0.0265625
15 0.64296875 0.5171875 0.0140625 0.01875
15 0.0796875 0.51796875 0.01015625 0.0484375
15 0.8828125 0.51875 0.01796875 0.0265625
15 0.675 0.51796875 0.01953125 0.0203125
1 0.103125 0.51875 0.00703125 0.03828125
15 0.11328125 0.51875 0.00859375 0.04453125
1 0.9390625 0.51875 0.01015625 0.0421875
15 0.090625 0.5203125 0.009375 0.04140625
15 0.125 0.52265625 0.009375 0.03515625
1 0.84140625 0.5265625 0.01015625 0.04609375
15 0.6265625 0.52890625 0.0125 0.0203125
1 0.81015625 0.5296875 0.01171875 0.04453125
15 0.7515625 0.53203125 0.009375 0.0421875
15 0.05703125 0.5359375 0.0078125 0.04296875
15 0.04609375 0.5375 0.0109375 0.04609375
15 0.64296875 0.5390625 0.0125 0.01953125
1 0.96953125 0.540625 0.01328125 0.04609375
15 0.79375 0.54140625 0.015625 0.02734375
15 0.7765625 0.5421875 0.015625 0.02109375
1 0.403125 0.54140625 0.01328125 0.015625
15 0.6765625 0.54375 0.015625 0.01796875
1 0.315625 0.5453125 0.0125 0.02578125
1 0.29140625 0.5453125 0.0125 0.01796875
1 0.275 0.54609375 0.0140625 0.0171875
1 0.903125 0.54609375 0.00859375 0.04140625
1 0.86796875 0.54921875 0.0125 0.0453125
15 0.625 0.55234375 0.01640625 0.02109375
15 0.0671875 0.5625 0.01171875 0.0421875
15 0.64140625 0.5625 0.0125 0.0234375
15 0.75859375 0.5640625 0.0171875 0.025
15 0.090625 0.56484375 0.0078125 0.0453125
15 0.12890625 0.565625 0.00859375 0.04375
15 0.79375 0.565625 0.01484375 0.01640625
15 0.08046875 0.565625 0.01015625 0.04140625
15 0.103125 0.565625 0.00703125 0.04765625
15 0.77734375 0.5671875 0.01640625 0.01953125
15 0.1140625 0.5671875 0.0125 0.04375
15 0.62578125 0.575 0.0171875 0.02265625
15 0.80859375 0.57890625 0.01171875 0.0484375
1 0.98046875 0.58203125 0.01328125 0.0234375
15 0.64296875 0.584375 0.01640625 0.021875
1 0.9109375 0.58515625 0.01796875 0.0265625
15 0.05078125 0.58671875 0.009375 0.04140625
1 0.1640625 0.58828125 0.00859375 0.0390625
15 0.96875 0.59140625 0.01015625 0.03359375
15 0.040625 0.59296875 0.0078125 0.0359375
1 0.95703125 0.59453125 0.0109375 0.0421875
15 0.62578125 0.59609375 0.01796875 0.02265625
1 0.8859375 0.59609375 0.0109375 0.0375
15 0.896875 0.5984375 0.009375 0.0390625
1 0.70703125 0.60078125 0.01640625 0.034375
1 0.72421875 0.603125 0.0140625 0.03046875
1 0.98125 0.60390625 0.0140625 0.021875
15 0.64296875 0.60546875 0.015625 0.02109375
1 0.91015625 0.60546875 0.01640625 0.02265625
1 0.06875 0.60625 0.01953125 0.03203125
1 0.3875 0.6125 0.015625 0.02109375
1 0.13984375 0.615625 0.009375 0.0359375
15 0.625 0.6203125 0.01796875 0.025
15 0.9390625 0.628125 0.0125 0.04375
15 0.38828125 0.634375 0.0171875 0.01953125
15 0.0234375 0.63515625 0.0078125 0.04375
15 0.86640625 0.63515625 0.0109375 0.04375
15 0.1546875 0.6359375 0.00703125 0.0375
1 0.9875 0.63671875 0.0109375 0.04453125
15 0.9765625 0.6390625 0.009375 0.04609375
1 0.91484375 0.640625 0.009375 0.0375
15 0.62421875 0.63984375 0.0171875 0.025
15 0.165625 0.64140625 0.01015625 0.0453125
15 0.11171875 0.64140625 0.009375 0.0453125
15 0.90703125 0.6421875 0.00625 0.04453125
15 0.64296875 0.65078125 0.01484375 0.02109375
15 0.140625 0.6625 0.0109375 0.04765625
1 0.38515625 0.66328125 0.0078125 0.0375
15 0.62734375 0.66484375 0.015625 0.01484375
15 0.0390625 0.66484375 0.01953125 0.0265625
15 0.953125 0.6671875 0.01875 0.03125
15 0.878125 0.6703125 0.0203125 0.03125
15 0.6421875 0.6703125 0.01484375 0.02578125
15 0.1265625 0.67109375 0.01796875 0.025
15 0.6265625 0.68203125 0.01484375 0.025
1 0.06015625 0.68359375 0.01953125 0.02734375
1 0.1515625 0.684375 0.009375 0.0453125
1 0.8296875 0.68515625 0.02734375 0.0359375
1 0.103125 0.68515625 0.02734375 0.028125
1 0.3765625 0.68515625 0.0125 0.0171875
15 0.6421875 0.6921875 0.0125 0.021875
1 0.73671875 0.69375 0.02890625 0.0296875
15 0.12578125 0.6984375 0.015625 0.025
1 0.37734375 0.7 0.01484375 0.01484375
1 0.0375 0.70078125 0.02890625 0.02734375
1 0.93671875 0.70078125 0.01171875 0.04375
1 0.90078125 0.70390625 0.01015625 0.0359375
1 0.97109375 0.70546875 0.009375 0.03984375
15 0.6265625 0.70703125 0.01640625 0.02265625
1 0.35390625 0.709375 0.02109375 0.03046875
1 0.86953125 0.71015625 0.01015625 0.04609375
1 0.8296875 0.715625 0.028125 0.03125
1 0.375 0.71640625 0.01484375 0.02109375
1 0.7375 0.728125 0.02890625 0.03671875
1 0.29140625 0.74296875 0.0171875 0.02734375
1 0.26796875 0.74375 0.015625 0.0203125
1 0.83046875 0.75078125 0.0296875 0.0390625
15 0.96328125 0.75078125 0.0234375 0.0328125
1 0.3578125 0.75078125 0.00625 0.0421875
1 0.3671875 0.753125 0.0109375 0.046875
1 0.346875 0.75703125 0.01328125 0.0515625
15 0.0546875 0.79921875 0.0140625 0.06171875
1 0.07421875 0.8265625 0.01015625 0.0453125
1 0.12109375 0.85859375 0.0203125 0.0296875
1 0.87734375 0.86328125 0.01171875 0.04296875
1 0.9296875 0.86640625 0.015625 0.0265625
15 0.159375 0.08984375 0.009375 0.0453125
4 0.121875 0.940625 0.146875 0.0921875
4 0.66796875 0.94140625 0.15234375 0.090625
4 0.32421875 0.9453125 0.1484375 0.0703125
4 0.875 0.946875 0.14765625 0.0953125
15 0.43828125 0.11875 0.00625 0.0375
15 0.465625 0.11875 0.0078125 0.0375
15 0.4578125 0.11796875 0.0078125 0.040625
15 0.42890625 0.1203125 0.009375 0.04375
15 0.446875 0.121875 0.01015625 0.04140625
1 0.2328125 0.121875 0.01171875 0.05546875
1 0.2140625 0.1375 0.01953125 0.02734375