20 0.50078125 0.728125 0.0234375 0.02421875
16 0.3890625 0.75390625 0.01015625 0.015625
16 0.29765625 0.77578125 0.009375 0.0171875
16 0.40625 0.75234375 0.009375 0.0140625
20 0.34453125 0.77265625 0.0203125 0.02265625
16 0.02734375 0.16796875 0.0140625 0.00859375
20 0.578125 0.721875 0.01875 0.02109375
20 0.54453125 0.7328125 0.028125 0.025
16 0.51171875 0.7453125 0.0171875 0.009375
16 0.05 0.16484375 0.00859375 0.0140625
16 0.5640625 0.74765625 0.0109375 0.0140625
16 0.57265625 0.746875 0.00625 0.01015625
16 0.040625 0.16796875 0.0078125 0.0140625
2 0.16875 0.13984375 0.0078125 0.015625
2 0.209375 0.13125 0.009375 0.0140625
16 0.17890625 0.1375 0.00390625 0.01015625
16 0.58203125 0.77265625 0.00625 0.0140625
2 0.19921875 0.13359375 0.0078125 0.01796875
16 0.1890625 0.13671875 0.00859375 0.015625
16 0.0078125 0.17890625 0.01328125 0.009375
16 0.75 0.815625 0.00703125 0.0140625
20 0.33203125 0.9125 0.02109375 0.025
20 0.6015625 0.85 0.0203125 0.025
2 0.7609375 0.81484375 0.0078125 0.01328125
16 0.6265625 0.84609375 0.01328125 0.02421875
2 0.73125 0.821875 0.00546875 0.0109375
16 0.740625 0.81953125 0.009375 0.0140625
16 0.39375 0.90078125 0.01484375 0.02421875
20 0.44375 0.89140625 0.021875 0.0234375
20 0.81171875 0.8078125 0.02109375 0.0234375
16 0.534375 0.87265625 0.0109375 0.0171875
20 0.51328125 0.87734375 0.021875 0.0265625
16 0.83671875 0.8125 0.00859375 0.01015625
16 0.89765625 0.79921875 0.00546875 0.0109375
16 0.846875 0.81171875 0.00625 0.009375
16 0.884375 0.80546875 0.009375 0.01328125
16 0.9375 0.79609375 0.01171875 0.02265625
16 0.96328125 0.7953125 0.00625 0.0109375
2 0.9515625 0.7984375 0.0078125 0.0125
16 0.884375 0.8265625 0.0046875 0.01015625
2 0.89453125 0.82578125 0.00703125 0.01171875
20 0.03046875 0.1859375 0.0203125 0.0234375
16 0.0109375 0.190625 0.01328125 0.00625
2 0.46796875 0.09765625 0.0375 0.040625
2 0.2421875 0.15234375 0.040625 0.04609375
16 0.003125 0.2078125 0.00625 0.0140625
16 0.0125 0.20546875 0.00546875 0.0125
2 0.5171875 0.09140625 0.03984375 0.03984375
2 0.41328125 0.115625 0.05390625 0.05703125
2 0.2859375 0.15 0.01640625 0.00859375
2 0.19453125 0.17421875 0.04375 0.04296875
2 0.165625 0.18359375 0.0078125 0.01328125
2 0.2859375 0.159375 0.015625 0.0078125
2 0.01328125 0.23359375 0.01953125 0.03203125
2 0.04453125 0.22734375 0.0296875 0.0328125
2 0.2296875 0.19375 0.0125 0.009375
2 0.51484375 0.128125 0.01484375 0.01171875
16 0.21484375 0.2109375 0.00625 0.0109375
2 0.51484375 0.1421875 0.0140625 0.01015625
2 0.2796875 0.19765625 0.04375 0.04296875
20 0.23984375 0.21171875 0.021875 0.021875
20 0.19921875 0.221875 0.0234375 0.02421875
2 0.125 0.25 0.01015625 0.01640625
16 0.21953125 0.228125 0.0046875 0.009375
2 0.0328125 0.27421875 0.03359375 0.03359375
2 0.87109375 0.08984375 0.01875 0.01015625
2 0.11796875 0.271875 0.00703125 0.01640625
2 0.8390625 0.10625 0.0140625 0.02265625
2 0.5203125 0.18046875 0.01875 0.034375
2 0.87265625 0.10234375 0.015625 0.01015625
2 0.4875 0.19140625 0.0390625 0.03984375
2 0.39140625 0.22734375 0.0453125 0.04453125
2 0.009375 0.315625 0.009375 0.01484375
2 0.44296875 0.21640625 0.0375 0.0390625
2 0.8453125 0.12421875 0.01796875 0.0140625
16 0.22734375 0.27578125 0.01328125 0.0109375
16 0.17265625 0.2921875 0.009375 0.00625
2 0.8484375 0.13828125 0.0171875 0.01171875
2 0.040625 0.3265625 0.0296875 0.0328125
2 0.34609375 0.271875 0.0265625 0.0234375
2 0.015625 0.34921875 0.0078125 0.0140625
2 0.428125 0.25625 0.0078125 0.01328125
2 0.8390625 0.19453125 0.0390625 0.03828125
2 0.421875 0.296875 0.05703125 0.053125
9 0.36640625 0.315625 0.03359375 0.0421875
16 0.4765625 0.29453125 0.01171875 0.00859375
16 0.48359375 0.30390625 0.0125 0.009375
16 0.48046875 0.3140625 0.0125 0.00859375
20 0.89375 0.225 0.0234375 0.025
16 0.484375 0.3234375 0.01015625 0.00859375
2 0.4703125 0.34375 0.00703125 0.0109375
9 0.3765625 0.36484375 0.04765625 0.0328125
20 0.89921875 0.25234375 0.02578125 0.0234375
2 0.44765625 0.35859375 0.034375 0.034375
2 0.8765625 0.26484375 0.01484375 0.0171875
20 0.38515625 0.40546875 0.021875 0.0234375
20 0.36328125 0.41171875 0.02578125 0.03046875
2 0.4640625 0.38984375 0.01171875 0.00703125
2 0.859375 0.3 0.0421875 0.0421875
2 0.9 0.29296875 0.02578125 0.0296875
2 0.8171875 0.31484375 0.028125 0.0328125
2 0.4671875 0.39921875 0.0109375 0.00703125
9 0.234375 0.46875 0.22265625 0.2234375
2 0.390625 0.43671875 0.01640625 0.025
2 0.415625 0.4328125 0.01484375 0.02265625
20 0.45859375 0.4234375 0.0265625 0.02890625
2 0.43671875 0.43046875 0.01328125 0.02109375
16 0.45390625 0.44609375 0.00703125 0.01015625
16 0.46875 0.44375 0.00859375 0.01484375
16 0.11484375 0.525 0.01015625 0.00625
2 0.1171875 0.5359375 0.01171875 0.0078125
16 0.11875 0.54609375 0.00859375 0.00625
20 0.465625 0.4671875 0.0234375 0.02578125
2 0.4234375 0.4765625 0.0140625 0.025
2 0.39921875 0.48203125 0.0171875 0.0265625
2 0.4453125 0.47421875 0.0140625 0.0234375
2 0.09375 0.56015625 0.01640625 0.009375
2 0.05859375 0.56875 0.015625 0.0125
16 0.1203125 0.55546875 0.009375 0.00546875
16 0.12265625 0.56484375 0.009375 0.00625
16 0.4640625 0.48984375 0.00625 0.0125
16 0.47578125 0.48671875 0.00546875 0.01015625
16 0.125 0.571875 0.009375 0.0046875
16 0.08125 0.6 0.00546875 0.01015625
16 0.04609375 0.60859375 0.01015625 0.0140625
16 0.10078125 0.596875 0.00546875 0.0109375
16 0.0921875 0.59921875 0.00625 0.01015625
2 0.284375 0.58359375 0.00859375 0.01484375
2 0.3171875 0.57734375 0.00703125 0.01171875
2 0.30625 0.58046875 0.00859375 0.0125
2 0.3859375 0.5640625 0.0390625 0.03828125
16 0.203125 0.61015625 0.00546875 0.0125
16 0.221875 0.60703125 0.00625 0.01328125
16 0.2125 0.60859375 0.00703125 0.0125
16 0.2296875 0.60546875 0.00859375 0.01171875
16 0.2390625 0.603125 0.00625 0.0109375
16 0.2484375 0.6015625 0.00859375 0.0140625
16 0.25625 0.59921875 0.00703125 0.01015625
16 0.265625 0.5984375 0.0078125 0.01015625
16 0.16875 0.63515625 0.00859375 0.0125
16 0.178125 0.63359375 0.00625 0.01171875
16 0.18828125 0.6328125 0.0078125 0.01171875
16 0.334375 0.6078125 0.0078125 0.0046875
16 0.35234375 0.6046875 0.01328125 0.00859375
2 0.43828125 0.5921875 0.040625 0.03984375
16 0.33671875 0.61640625 0.01015625 0.00703125
16 0.353125 0.61328125 0.01171875 0.0078125
2 0.03984375 0.6875 0.015625 0.0296875
9 0.390625 0.6078125 0.0375 0.0375
2 0.084375 0.67734375 0.015625 0.02734375
2 0.490625 0.584375 0.04296875 0.040625
2 0.06171875 0.68359375 0.0140625 0.02734375
2 0.53671875 0.58046875 0.009375 0.00546875
2 0.6765625 0.55390625 0.00625 0.0109375
16 0.6953125 0.55 0.00546875 0.0109375
16 0.6859375 0.55234375 0.00625 0.01015625
16 0.72265625 0.54375 0.00546875 0.00859375
2 0.7046875 0.5484375 0.00546875 0.0109375
2 0.3359375 0.63359375 0.00625 0.01015625
2 0.73203125 0.54296875 0.00625 0.009375
16 0.7140625 0.54765625 0.00546875 0.00859375
16 0.75 0.5390625 0.00546875 0.01015625
20 0.29140625 0.64453125 0.0234375 0.01953125
16 0.740625 0.5421875 0.00546875 0.00859375
20 0.2359375 0.65859375 0.02578125 0.02578125
20 0.26171875 0.653125 0.0234375 0.02265625
2 0.3625 0.63046875 0.00625 0.0140625
2 0.53828125 0.59140625 0.01328125 0.00859375
20 0.3171875 0.6421875 0.021875 0.01796875
9 0.578125 0.58984375 0.05546875 0.04921875
16 0.54140625 0.60078125 0.0109375 0.00546875
16 0.015625 0.1578125 0.0078125 0.0109375
20 0.6921875 0.5734375 0.02109375 0.025
20 0.34609375 0.65546875 0.0203125 0.0203125
20 0.71875 0.57109375 0.021875 0.02421875
16 0.45703125 0.63203125 0.0078125 0.0140625
20 0.74296875 0.56640625 0.02421875 0.02578125
16 0.46953125 0.6296875 0.00625 0.009375
20 0.25390625 0.67890625 0.025 0.021875
16 0.4921875 0.625 0.00625 0.01171875
16 0.503125 0.62265625 0.0078125 0.0109375
20 0.22578125 0.68671875 0.02109375 0.01875
20 0.30703125 0.66796875 0.02578125 0.0234375
20 0.2796875 0.67421875 0.021875 0.01875
2 0.54453125 0.6171875 0.01171875 0.009375
20 0.671875 0.58984375 0.02265625 0.02421875
16 0.77734375 0.5703125 0.0078125 0.01484375
16 0.78671875 0.56875 0.009375 0.01484375
2 0.31171875 0.0921875 0.015625 0.009375
20 0.00625 0.16484375 0.0125 0.02421875
9 0.35078125 0.0859375 0.03828125 0.0265625
2 0.45546875 0.0640625 0.01484375 0.0078125