16 0.4859375 0.103125 0.0140625 0.05078125
2 0.25859375 0.01171875 0.025 0.02265625
2 0.21875 0.0203125 0.021875 0.040625
2 0.753125 0.228125 0.01328125 0.04609375
16 0.74375 0.2234375 0.01484375 0.05234375
2 0.20078125 0.0171875 0.02265625 0.03359375
16 0.55859375 0.1625 0.01953125 0.02890625
16 0.5765625 0.17265625 0.0203125 0.02734375
2 0.25859375 0.0359375 0.03046875 0.04453125
16 0.54765625 0.18125 0.01953125 0.03515625
16 0.56328125 0.18984375 0.0203125 0.03046875
16 0.5828125 0.19921875 0.01796875 0.03203125
16 0.4609375 0.1625 0.021875 0.03515625
2 0.63359375 0.2453125 0.01328125 0.04765625
16 0.64375 0.25078125 0.0109375 0.04609375
2 0.584375 0.240625 0.0109375 0.04140625
2 0.3859375 0.15625 0.0140625 0.0640625
2 0.4 0.16171875 0.01640625 0.0765625
16 0.47734375 0.19609375 0.01953125 0.03203125
16 0.4921875 0.20546875 0.00859375 0.03515625
16 0.7515625 0.31953125 0.01953125 0.03359375
2 0.36171875 0.15 0.01640625 0.0578125
16 0.49921875 0.21015625 0.01015625 0.03828125
2 0.1015625 0.046875 0.03515625 0.05625
16 0.54140625 0.2375 0.009375 0.04140625
2 0.7359375 0.32734375 0.01171875 0.04609375
2 0.62890625 0.2828125 0.01015625 0.03359375
2 0.66171875 0.29765625 0.01953125 0.03515625
16 0.4578125 0.2125 0.01640625 0.03046875
2 0.75 0.3453125 0.01953125 0.03046875
2 0.64140625 0.30234375 0.00859375 0.03515625
16 0.18359375 0.10859375 0.01640625 0.0546875
16 0.68359375 0.328125 0.01875 0.02890625
16 0.24375 0.13828125 0.00078125 0.0015625
2 0.4359375 0.22421875 0.0140625 0.02265625
2 0.70234375 0.34609375 0.01875 0.02890625
16 0.45078125 0.23828125 0.01484375 0.02734375
2 0.06171875 0.06953125 0.03984375 0.05625
2 0.3546875 0.1984375 0.0171875 0.03046875
2 0.33046875 0.18984375 0.0171875 0.02734375
2 0.31171875 0.1828125 0.01796875 0.03203125
16 0.6828125 0.34921875 0.0203125 0.02890625
16 0.4359375 0.24453125 0.01328125 0.02109375
2 0.12734375 0.109375 0.01875 0.03203125
2 0.0984375 0.10078125 0.03203125 0.05234375
16 0.77109375 0.39375 0.01328125 0.05390625
16 0.76015625 0.3890625 0.01328125 0.05078125
16 0.44921875 0.25703125 0.01328125 0.02109375
16 0.70078125 0.36953125 0.01953125 0.02890625
16 0.43359375 0.26015625 0.01328125 0.02421875
16 0.6796875 0.37109375 0.021875 0.03203125
2 0.37734375 0.23984375 0.0140625 0.0640625
2 0.92578125 0.48203125 0.015625 0.0671875
2 0.4 0.2578125 0.01875 0.06875
2 0.9671875 0.50625 0.01484375 0.0640625
2 0.91328125 0.48203125 0.015625 0.0703125
2 0.9546875 0.50078125 0.01640625 0.065625
2 0.94140625 0.496875 0.01484375 0.0609375
16 0.12421875 0.14140625 0.0203125 0.03203125
16 0.6984375 0.390625 0.0171875 0.03203125
2 0.90078125 0.47890625 0.015625 0.0640625
16 0.978125 0.5140625 0.01171875 0.05234375
2 0.44609375 0.290625 0.01640625 0.02421875
16 0.68046875 0.3953125 0.0203125 0.03203125
16 0.06328125 0.1328125 0.009375 0.04609375
16 0.07578125 0.1421875 0.0109375 0.04609375
16 0.696875 0.41328125 0.01640625 0.03203125
16 0.10625 0.159375 0.01015625 0.03671875
16 0.678125 0.4203125 0.01953125 0.03046875
16 0.696875 0.4375 0.0203125 0.03671875
16 0.6765625 0.44453125 0.01953125 0.02890625
16 0.0765625 0.1828125 0.01796875 0.03203125
2 0.09765625 0.19296875 0.01875 0.03046875
2 0.9125 0.553125 0.01796875 0.03515625
16 0.11953125 0.20859375 0.0171875 0.03515625
16 0.69296875 0.4609375 0.01953125 0.02890625
16 0.1890625 0.2421875 0.021875 0.04140625
16 0.06015625 0.19140625 0.01171875 0.04609375
2 0.88828125 0.55390625 0.01171875 0.04140625
16 0.17265625 0.24296875 0.01171875 0.04609375
2 0.43984375 0.36328125 0.0140625 0.02578125
16 0.675 0.465625 0.0171875 0.02578125
16 0.15859375 0.240625 0.01484375 0.05078125
2 0.91171875 0.571875 0.01484375 0.02421875
16 0.69140625 0.48203125 0.0171875 0.03515625
2 0.97421875 0.609375 0.02265625 0.03515625
16 0.0828125 0.225 0.01015625 0.04921875
16 0.07109375 0.21953125 0.01328125 0.05078125
2 0.84921875 0.55859375 0.0203125 0.08125
16 0.1859375 0.2734375 0.0171875 0.03671875
16 0.83046875 0.55546875 0.02109375 0.03515625
2 0.94921875 0.6078125 0.0125 0.04453125
16 0.671875 0.48828125 0.0171875 0.02890625
16 0.9578125 0.615625 0.0140625 0.04765625
16 0.86484375 0.584375 0.01640625 0.0609375
16 0.6890625 0.51015625 0.01953125 0.02890625
2 0.915625 0.609375 0.01015625 0.04140625
2 0.97265625 0.634375 0.01953125 0.03671875
16 0.9046875 0.61171875 0.01171875 0.04609375
16 0.15625 0.28828125 0.01171875 0.04765625
16 0.16875 0.29609375 0.01171875 0.04765625
16 0.671875 0.5140625 0.01875 0.02421875
2 0.22421875 0.321875 0.0203125 0.03203125
16 0.18515625 0.30625 0.01875 0.04765625
16 0.68984375 0.53515625 0.01484375 0.02734375
2 0.434375 0.4265625 0.015625 0.02421875
16 0.925 0.6421875 0.015625 0.05234375
16 0.66953125 0.5359375 0.01875 0.02890625
16 0.8 0.59296875 0.01328125 0.04921875
2 0.05625 0.2734375 0.0109375 0.04296875
2 0.975 0.6734375 0.01328125 0.04765625
16 0.96484375 0.6703125 0.01328125 0.04765625
16 0.06796875 0.28203125 0.0109375 0.04453125
16 0.8765625 0.6359375 0.025 0.03671875
16 0.6859375 0.5546875 0.01640625 0.03046875
2 0.2203125 0.3515625 0.02578125 0.04296875
2 0.31484375 0.39921875 0.01484375 0.02421875
2 0.29609375 0.39140625 0.0140625 0.02421875
2 0.159375 0.3375 0.02265625 0.03828125
16 0.66796875 0.55859375 0.01953125 0.02890625
16 0.184375 0.353125 0.01640625 0.0546875
2 0.8171875 0.6328125 0.021875 0.03671875
16 0.684375 0.57734375 0.01640625 0.02578125
16 0.0890625 0.31875 0.01484375 0.05625
16 0.9375 0.68828125 0.0203125 0.03671875
16 0.71875 0.59296875 0.021875 0.03046875
2 0.1140625 0.3296875 0.01015625 0.04453125
16 0.125 0.33671875 0.01328125 0.05234375
16 0.1015625 0.32578125 0.01328125 0.04921875
16 0.1375 0.34296875 0.0125 0.04140625
2 0.89296875 0.678125 0.0140625 0.05390625
16 0.66640625 0.58125 0.01484375 0.02734375
2 0.859375 0.66640625 0.015625 0.05234375
16 0.79765625 0.640625 0.01328125 0.04921875
16 0.0640625 0.32734375 0.01171875 0.04921875
16 0.05234375 0.3234375 0.01484375 0.05390625
16 0.6828125 0.6 0.0140625 0.02578125
16 0.84140625 0.67109375 0.01796875 0.03671875
16 0.82265625 0.6640625 0.01875 0.02890625
2 0.42890625 0.49296875 0.015625 0.02265625
16 0.7171875 0.6203125 0.01796875 0.02578125
2 0.33671875 0.45546875 0.015625 0.03359375
2 0.3109375 0.4453125 0.0140625 0.02421875
2 0.29296875 0.4375 0.01640625 0.02421875
2 0.95625 0.72734375 0.0125 0.04765625
2 0.91953125 0.71328125 0.01640625 0.05390625
16 0.6625 0.60625 0.01953125 0.02890625
16 0.07265625 0.3609375 0.015625 0.04921875
16 0.6796875 0.62421875 0.01484375 0.03046875
16 0.803125 0.68046875 0.01953125 0.03359375
16 0.09765625 0.3734375 0.0109375 0.05234375
16 0.13671875 0.390625 0.0125 0.05078125
16 0.8390625 0.696875 0.01640625 0.02421875
16 0.0859375 0.36953125 0.01328125 0.04765625
16 0.11015625 0.3796875 0.0109375 0.05390625
16 0.821875 0.69140625 0.01875 0.02734375
16 0.12109375 0.38671875 0.01640625 0.05234375
16 0.6609375 0.62890625 0.01953125 0.03203125
16 0.8546875 0.71796875 0.01640625 0.05625
16 0.67890625 0.6484375 0.01875 0.03046875
2 0.96171875 0.771875 0.02109375 0.03671875
16 0.05390625 0.378125 0.01328125 0.04765625
2 0.17265625 0.4328125 0.0125 0.04609375
16 0.04140625 0.3796875 0.0109375 0.04140625
16 0.659375 0.65078125 0.0203125 0.03203125
2 0.93515625 0.771875 0.01484375 0.04609375
16 0.94609375 0.778125 0.0125 0.04609375
2 0.7453125 0.6953125 0.0203125 0.04453125
2 0.76328125 0.70390625 0.01640625 0.03828125
16 0.67734375 0.66875 0.01796875 0.02890625
2 0.959375 0.7921875 0.01953125 0.03046875
2 0.071875 0.40703125 0.02265625 0.04296875
2 0.40703125 0.55859375 0.01796875 0.02890625
2 0.1453125 0.44921875 0.0125 0.04296875
16 0.6578125 0.6765625 0.0203125 0.03515625
16 0.40625 0.58359375 0.01953125 0.02890625
16 0.02109375 0.41640625 0.01171875 0.05078125
16 0.9109375 0.80390625 0.01484375 0.05234375
16 0.159375 0.47890625 0.01015625 0.04296875
2 0.9625 0.8328125 0.0125 0.04453125
16 0.65546875 0.69765625 0.0203125 0.03515625
16 0.1703125 0.4875 0.0140625 0.05234375
16 0.1140625 0.46484375 0.01328125 0.05234375
16 0.953125 0.83125 0.01015625 0.05078125
16 0.67421875 0.71796875 0.0171875 0.02890625
16 0.14296875 0.5 0.015625 0.0546875
2 0.4 0.6140625 0.01171875 0.04453125
16 0.65625 0.72578125 0.0171875 0.02265625
16 0.03515625 0.45546875 0.02265625 0.03671875
16 0.92109375 0.8453125 0.0234375 0.04296875
16 0.671875 0.73828125 0.01796875 0.03359375
16 0.12734375 0.50234375 0.02109375 0.03515625
16 0.65390625 0.74453125 0.0171875 0.03359375
2 0.05625 0.48359375 0.02265625 0.03828125
2 0.15234375 0.52890625 0.01328125 0.05234375
2 0.86875 0.83984375 0.03203125 0.05078125
2 0.10078125 0.50703125 0.03125 0.04140625
2 0.3890625 0.63203125 0.0140625 0.02265625
16 0.66953125 0.7625 0.01484375 0.02890625
2 0.76953125 0.80625 0.0328125 0.04453125
16 0.12421875 0.53046875 0.01875 0.03359375
2 0.3890625 0.6484375 0.01640625 0.02109375
2 0.03125 0.49140625 0.03203125 0.04140625
2 0.97578125 0.9046875 0.00703125 0.05078125
2 0.94140625 0.89296875 0.01328125 0.04296875
16 0.65234375 0.76953125 0.01953125 0.03203125
2 0.3640625 0.64765625 0.02421875 0.04140625
2 0.90859375 0.884375 0.01328125 0.05390625
2 0.86640625 0.8734375 0.03203125 0.04609375
2 0.38671875 0.6640625 0.0171875 0.02890625
2 0.76796875 0.84375 0.03359375 0.05234375
2 0.29609375 0.6546875 0.0203125 0.03671875
2 0.27109375 0.64453125 0.01796875 0.02890625
2 0.86484375 0.91015625 0.034375 0.0546875
2 0.365625 0.69375 0.01015625 0.04765625
2 0.375 0.6984375 0.015625 0.0546875
2 0.353125 0.69453125 0.0171875 0.0609375
16 0.04140625 0.603125 0.01953125 0.071875
2 0.06015625 0.6421875 0.0140625 0.05234375
2 0.10703125 0.69765625 0.02421875 0.04140625
4 0.1015625 0.78359375 0.16328125 0.16328125
4 0.678125 0.97578125 0.16875 0.04609375
4 0.31484375 0.8828125 0.1625 0.1421875
16 0.4984375 0.059375 0.01015625 0.04296875
16 0.5265625 0.0734375 0.01015625 0.04296875
16 0.51875 0.0703125 0.0109375 0.04609375
16 0.48828125 0.05859375 0.01328125 0.05078125
16 0.50703125 0.0671875 0.01328125 0.04921875