15 0.67265625 0.8484375 0.05390625 0.034375
15 0.78046875 0.86875 0.0640625 0.02890625
9 0.78671875 0.92734375 0.06875 0.0859375
1 0.51640625 0.93828125 0.0359375 0.07890625
1 0.475 0.940625 0.03828125 0.08828125
1 0.5078125 0.13046875 0.03515625 0.078125
4 0.0515625 0.134375 0.10078125 0.075
1 0.8765625 0.14453125 0.06328125 0.08359375
1 0.94375 0.1453125 0.0578125 0.071875
1 0.66484375 0.178125 0.065625 0.0703125
1 0.48828125 0.18125 0.040625 0.0765625
1 0.28203125 0.2234375 0.06328125 0.078125
1 0.08984375 0.22734375 0.03515625 0.084375
1 0.87890625 0.2296875 0.06015625 0.0734375
4 0.03515625 0.2328125 0.06953125 0.07578125
15 0.90390625 0.28984375 0.07734375 0.0390625
20 0.3 0.29609375 0.02890625 0.065625
1 0.64375 0.30546875 0.0546875 0.08828125
20 0.2609375 0.03671875 0.0421875 0.02890625
20 0.43671875 0.0390625 0.0265625 0.06328125
1 0.8921875 0.390625 0.059375 0.08984375
1 0.5640625 0.04609375 0.090625 0.090625
1 0.078125 0.51484375 0.03125 0.0671875
1 0.79453125 0.5265625 0.059375 0.10703125
1 0.45078125 0.540625 0.24921875 0.15234375
4 0.04296875 0.5890625 0.0796875 0.07578125
4 0.0453125 0.5953125 0.090625 0.075
1 0.534375 0.678125 0.02578125 0.0453125
4 0.04921875 0.6796875 0.09375 0.06640625
4 0.0484375 0.68984375 0.08125 0.078125
1 0.0921875 0.69140625 0.03359375 0.06484375
1 0.6546875 0.71171875 0.02734375 0.06640625
15 0.284375 0.7359375 0.0640625 0.034375
1 0.87734375 0.76796875 0.0390625 0.08828125
15 0.57421875 0.7703125 0.03046875 0.07578125
15 0.70390625 0.7734375 0.0734375 0.03671875
15 0.59296875 0.7734375 0.02890625 0.0703125
15 0.5546875 0.778125 0.02265625 0.1015625
1 0.3 0.78515625 0.11015625 0.06484375
1 0.0921875 0.0796875 0.028125 0.05546875
1 0.74921875 0.8 0.0375 0.06171875
15 0.68359375 0.80625 0.0890625 0.0421875