20 0.4671875 0.73671875 0.02109375 0.02265625
16 0.35078125 0.7453125 0.00859375 0.015625
16 0.25625 0.75234375 0.00703125 0.01796875
16 0.36796875 0.74609375 0.00703125 0.01328125
20 0.303125 0.75703125 0.01875 0.0203125
16 0.08046875 0.09765625 0.0140625 0.00625
20 0.54765625 0.74296875 0.01640625 0.01953125
20 0.51171875 0.7484375 0.02578125 0.02265625
16 0.47578125 0.75625 0.0171875 0.00625
16 0.10390625 0.0984375 0.00703125 0.0140625
16 0.52890625 0.7671875 0.009375 0.0140625
16 0.5375 0.76796875 0.00546875 0.009375
16 0.02890625 0.10390625 0.01328125 0.00625
16 0.09453125 0.1 0.00703125 0.0140625
2 0.22734375 0.09140625 0.00625 0.01640625
2 0.26953125 0.0890625 0.00703125 0.0140625
16 0.2375 0.09140625 0.00234375 0.01015625
16 0.54296875 0.79453125 0.00546875 0.0140625
2 0.25859375 0.08984375 0.00546875 0.01875
16 0.2484375 0.09140625 0.00703125 0.015625
16 0.059375 0.10546875 0.0125 0.00703125
16 0.7046875 0.865625 0.00546875 0.01328125
20 0.26796875 0.8953125 0.01875 0.0234375
20 0.55 0.8765625 0.01796875 0.02421875
2 0.71640625 0.865625 0.00625 0.0125
16 0.575 0.87578125 0.009375 0.02421875
2 0.68515625 0.86875 0.0046875 0.0109375
16 0.69453125 0.86796875 0.0078125 0.0140625
16 0.33203125 0.8953125 0.0109375 0.02421875
20 0.38359375 0.89296875 0.01953125 0.02109375
20 0.76796875 0.8671875 0.01875 0.02109375
16 0.47890625 0.88828125 0.00859375 0.0171875
20 0.45625 0.890625 0.01953125 0.025
16 0.79296875 0.875 0.00703125 0.009375
16 0.85625 0.871875 0.0046875 0.0109375
16 0.80390625 0.87734375 0.00546875 0.00859375
16 0.8421875 0.87578125 0.0078125 0.0125
16 0.896875 0.875 0.00859375 0.021875
16 0.9234375 0.878125 0.00546875 0.0109375
2 0.9109375 0.87890625 0.00625 0.01171875
16 0.8390625 0.89765625 0.003125 0.009375
2 0.85 0.89765625 0.00625 0.0109375
20 0.08046875 0.115625 0.01796875 0.021875
16 0.06015625 0.1171875 0.0125 0.00546875
2 0.5359375 0.09609375 0.034375 0.03671875
2 0.3 0.115625 0.0359375 0.04296875
16 0.04921875 0.13359375 0.00703125 0.01328125
16 0.05859375 0.1328125 0.00390625 0.0125
2 0.5859375 0.09765625 0.0359375 0.0359375
2 0.478125 0.10546875 0.04765625 0.053125
2 0.34375 0.1203125 0.0171875 0.00625
2 0.24765625 0.13046875 0.0390625 0.03984375
2 0.03359375 0.146875 0.00546875 0.0109375
2 0.2171875 0.13515625 0.00703125 0.0125
16 0.02265625 0.14921875 0.00546875 0.01171875
2 0.3421875 0.1296875 0.015625 0.00625
2 0.05625 0.1609375 0.015625 0.03125
2 0.08828125 0.16015625 0.0265625 0.03046875
2 0.2796875 0.15546875 0.0109375 0.0078125
2 0.578125 0.134375 0.01328125 0.01015625
16 0.2625 0.1703125 0.00546875 0.0109375
2 0.57578125 0.1484375 0.01328125 0.00859375
2 0.01171875 0.1890625 0.02265625 0.034375
2 0.32890625 0.16796875 0.0390625 0.03984375
20 0.2875 0.175 0.0203125 0.01953125
20 0.24453125 0.17890625 0.02109375 0.02265625
2 0.165625 0.1953125 0.0078125 0.01640625
16 0.2640625 0.1890625 0.003125 0.009375
2 0.06875 0.20625 0.03046875 0.03125
2 0.94296875 0.153125 0.01953125 0.00703125
2 0.1546875 0.21640625 0.0046875 0.0171875
2 0.909375 0.1640625 0.0109375 0.021875
2 0.57578125 0.18828125 0.01484375 0.03359375
2 0.94375 0.165625 0.01640625 0.0078125
2 0.540625 0.19375 0.0359375 0.0359375
2 0.01171875 0.24453125 0.02265625 0.034375
2 0.4375 0.21484375 0.04140625 0.040625
2 0.03828125 0.24296875 0.00703125 0.01484375
2 0.490625 0.21171875 0.03359375 0.03515625
2 0.9125 0.18359375 0.0171875 0.01171875
16 0.2640625 0.2375 0.01171875 0.00859375
16 0.20703125 0.24609375 0.009375 0.00625
2 0.91328125 0.19765625 0.0171875 0.009375
2 0.06796875 0.26015625 0.02578125 0.03125
2 0.38515625 0.25234375 0.025 0.0203125
2 0.0390625 0.27890625 0.00625 0.0140625
2 0.4703125 0.25 0.00703125 0.0125
2 0.89453125 0.253125 0.0359375 0.034375
2 0.45703125 0.290625 0.05234375 0.04765625
9 0.39921875 0.3 0.02890625 0.040625
16 0.51328125 0.296875 0.0109375 0.00703125
16 0.51875 0.3078125 0.01171875 0.0078125
16 0.5140625 0.31640625 0.01171875 0.00703125
20 0.9453125 0.2921875 0.02109375 0.02265625
16 0.51484375 0.3265625 0.009375 0.00703125
2 0.4984375 0.34453125 0.00625 0.01015625
9 0.40078125 0.3515625 0.04609375 0.02734375
20 0.94609375 0.3203125 0.0234375 0.02109375
2 0.4734375 0.35625 0.03125 0.03125
2 0.92109375 0.3296875 0.0125 0.01640625
20 0.40234375 0.39375 0.0203125 0.02109375
20 0.37890625 0.396875 0.021875 0.02890625
2 0.4859375 0.38984375 0.0109375 0.00625
2 0.89765625 0.3625 0.0375 0.0390625
2 0.940625 0.3625 0.02265625 0.02734375
2 0.853125 0.37109375 0.025 0.03203125
2 0.4859375 0.4 0.01015625 0.00625
9 0.24140625 0.43359375 0.20234375 0.203125
2 0.40390625 0.42578125 0.01328125 0.02421875
2 0.4296875 0.425 0.01171875 0.02109375
20 0.4734375 0.4234375 0.02421875 0.0265625
2 0.45078125 0.42734375 0.01015625 0.0203125
16 0.465625 0.44453125 0.00625 0.01015625
16 0.48125 0.44453125 0.00703125 0.01484375
16 0.11171875 0.47109375 0.009375 0.00546875
2 0.11171875 0.4828125 0.0109375 0.00625
16 0.1125 0.49296875 0.0078125 0.00546875
20 0.475 0.46796875 0.02109375 0.0234375
2 0.4296875 0.47109375 0.0109375 0.025
2 0.4046875 0.4734375 0.0140625 0.0265625
2 0.45234375 0.471875 0.0109375 0.0234375
2 0.084375 0.50390625 0.01640625 0.00703125
2 0.04765625 0.50625 0.0140625 0.01015625
16 0.11171875 0.50234375 0.00859375 0.00546875
16 0.11328125 0.5125 0.00859375 0.00546875
16 0.46875 0.49140625 0.00546875 0.01171875
16 0.48125 0.490625 0.0046875 0.01015625
16 0.1140625 0.51953125 0.00859375 0.0046875
16 0.065625 0.54140625 0.0046875 0.009375
16 0.028125 0.54453125 0.0078125 0.01328125
16 0.0859375 0.54140625 0.0046875 0.0109375
16 0.07578125 0.54296875 0.00546875 0.01015625
2 0.2734375 0.55703125 0.00703125 0.015625
2 0.30703125 0.55625 0.00625 0.0109375
2 0.29453125 0.5578125 0.00703125 0.01171875
2 0.37890625 0.553125 0.0359375 0.034375
16 0.18671875 0.5703125 0.0046875 0.01171875
16 0.20625 0.5703125 0.0046875 0.0125
16 0.19609375 0.57109375 0.00625 0.0125
16 0.2140625 0.5703125 0.00703125 0.0109375
16 0.22421875 0.56953125 0.00546875 0.01015625
16 0.23359375 0.56953125 0.00703125 0.01328125
16 0.2421875 0.56875 0.00625 0.009375
16 0.2515625 0.56875 0.00703125 0.009375
16 0.1484375 0.59140625 0.00703125 0.01171875
16 0.1578125 0.58984375 0.00546875 0.0109375
16 0.16875 0.59140625 0.00703125 0.0109375
16 0.31953125 0.58984375 0.0078125 0.00390625
16 0.3375 0.58984375 0.0125 0.00625
2 0.42734375 0.58984375 0.0375 0.03515625
16 0.3203125 0.5984375 0.009375 0.00625
16 0.3375 0.5984375 0.0109375 0.00625
2 0.01171875 0.62265625 0.009375 0.03046875
9 0.37578125 0.59765625 0.034375 0.03359375
2 0.05625 0.6203125 0.0109375 0.0265625
2 0.48046875 0.59140625 0.0390625 0.03671875
2 0.0328125 0.62265625 0.01015625 0.02734375
2 0.52734375 0.59453125 0.00859375 0.00546875
2 0.67265625 0.58984375 0.00546875 0.0109375
16 0.69296875 0.5890625 0.0046875 0.01015625
16 0.6828125 0.58984375 0.00546875 0.01015625
16 0.72109375 0.5875 0.0046875 0.0078125
2 0.70234375 0.5890625 0.0046875 0.0109375
2 0.315625 0.615625 0.00546875 0.009375
2 0.7296875 0.5875 0.00546875 0.00859375
16 0.7125 0.5890625 0.00390625 0.0078125
16 0.75 0.58671875 0.0046875 0.009375
20 0.2703125 0.61953125 0.021875 0.0171875
16 0.73984375 0.58828125 0.00546875 0.0078125
20 0.21171875 0.625 0.0234375 0.0234375
20 0.2390625 0.6234375 0.02109375 0.0203125
2 0.34453125 0.61640625 0.0046875 0.01328125
2 0.528125 0.60546875 0.0125 0.00703125
20 0.29609375 0.621875 0.02109375 0.015625
2 0.0296875 0.0875 0.00625 0.01328125
9 0.56796875 0.609375 0.05078125 0.04375
16 0.5296875 0.615625 0.0109375 0.0046875
16 0.0703125 0.08515625 0.00703125 0.0109375
20 0.6859375 0.61171875 0.01875 0.02421875
20 0.3234375 0.640625 0.01796875 0.01875
20 0.7125 0.61328125 0.0203125 0.02265625
16 0.4390625 0.63359375 0.00703125 0.01328125
20 0.7375 0.61328125 0.02109375 0.02421875
16 0.4515625 0.63359375 0.00625 0.00859375
20 0.2265625 0.6484375 0.02265625 0.01953125
16 0.47578125 0.63203125 0.0046875 0.01171875
16 0.48671875 0.63203125 0.00703125 0.01015625
20 0.19765625 0.65234375 0.0203125 0.0171875
20 0.28203125 0.646875 0.02421875 0.0203125
20 0.25390625 0.6484375 0.0203125 0.01640625
2 0.5296875 0.63203125 0.01015625 0.0078125
20 0.6625 0.625 0.0203125 0.02265625
16 0.771875 0.621875 0.00625 0.015625
16 0.78203125 0.621875 0.00703125 0.01484375
2 0.37890625 0.06640625 0.015625 0.00703125
20 0.0515625 0.08984375 0.025 0.02109375
9 0.41953125 0.06640625 0.0359375 0.02265625
2 0.52890625 0.06015625 0.0140625 0.00625