16 0.76640625 0.6140625 0.0046875 0.0109375
16 0.76015625 0.6125 0.0046875 0.01015625
16 0.7734375 0.615625 0.003125 0.01015625
16 0.75390625 0.6125 0.00390625 0.0109375
16 0.0453125 0.49296875 0.009375 0.00625
16 0.84375 0.63359375 0.00859375 0.00625
20 0.828125 0.6328125 0.01484375 0.01796875
2 0.534375 0.5828125 0.0125 0.009375
2 0.50859375 0.578125 0.0109375 0.0078125
16 0.52109375 0.58125 0.01015625 0.00859375
16 0.04453125 0.50078125 0.01015625 0.00859375
20 0.69609375 0.6171875 0.01796875 0.01875
16 0.84375 0.6421875 0.009375 0.00546875
16 0.75234375 0.62734375 0.0046875 0.0109375
2 0.5328125 0.590625 0.0109375 0.0078125
16 0.76484375 0.6296875 0.0046875 0.0109375
16 0.7578125 0.62890625 0.0046875 0.0109375
16 0.5203125 0.58828125 0.01171875 0.00859375
16 0.77109375 0.63125 0.0046875 0.0109375
2 0.50703125 0.5875 0.01015625 0.00859375
16 0.04375 0.509375 0.009375 0.00625
16 0.94296875 0.665625 0.0046875 0.01015625
16 0.921875 0.6625 0.00390625 0.0109375
20 0.9546875 0.66796875 0.01640625 0.02109375
20 0.93203125 0.66484375 0.015625 0.02109375
20 0.91015625 0.66171875 0.01640625 0.0171875
16 0.84296875 0.65 0.009375 0.00625
16 0.53203125 0.59921875 0.00859375 0.00703125
16 0.51953125 0.596875 0.01015625 0.0078125
16 0.04296875 0.51640625 0.00859375 0.00625
2 0.50625 0.59453125 0.0109375 0.00859375
16 0.8421875 0.6578125 0.01015625 0.00625
2 0.53203125 0.60625 0.0109375 0.00859375
2 0.50625 0.60234375 0.0109375 0.00859375
16 0.51796875 0.6046875 0.0109375 0.00859375
2 0.04140625 0.525 0.0109375 0.00859375
16 0.88984375 0.66953125 0.0046875 0.0125
16 0.88125 0.66875 0.00859375 0.0140625
16 0.90234375 0.67578125 0.0078125 0.00546875
16 0.53046875 0.6140625 0.0109375 0.00859375
2 0.50546875 0.61015625 0.0109375 0.0078125
16 0.51796875 0.6125 0.0109375 0.00859375
16 0.040625 0.5328125 0.009375 0.00625
2 0.53046875 0.62265625 0.0125 0.009375
2 0.50390625 0.61796875 0.0109375 0.0078125
16 0.040625 0.53984375 0.01015625 0.00703125
16 0.5171875 0.62109375 0.0109375 0.00859375
16 0.5296875 0.63046875 0.0109375 0.00859375
16 0.03984375 0.54921875 0.00859375 0.00625
16 0.03828125 0.55625 0.009375 0.00625
2 0.51640625 0.6421875 0.01171875 0.00859375
16 0.0375 0.56484375 0.01015625 0.00625
16 0.82578125 0.6984375 0.0046875 0.01015625
2 0.515625 0.65 0.01171875 0.00859375
16 0.03671875 0.57265625 0.009375 0.00625
16 0.825 0.71328125 0.0046875 0.00859375
2 0.03515625 0.59140625 0.0109375 0.00859375
16 0.0265625 0.6046875 0.01015625 0.00703125
16 0.6046875 0.70390625 0.00703125 0.01171875
16 0.5984375 0.703125 0.00625 0.0125
16 0.63125 0.70859375 0.00625 0.0125
16 0.59140625 0.70234375 0.00625 0.0125
16 0.61796875 0.70703125 0.00625 0.0125
16 0.61171875 0.70625 0.00703125 0.01328125
16 0.58515625 0.7015625 0.00625 0.01171875
16 0.62421875 0.70859375 0.00625 0.0140625
16 0.646875 0.715625 0.00625 0.0125
16 0.640625 0.71484375 0.00625 0.01171875
16 0.02578125 0.6125 0.01015625 0.0078125
16 0.01796875 0.6859375 0.0109375 0.00859375
16 0.0171875 0.69296875 0.0109375 0.0078125
16 0.01640625 0.70234375 0.01015625 0.0078125
16 0.0125 0.73515625 0.009375 0.00703125
16 0.9125 0.8890625 0.00546875 0.0125
2 0.8984375 0.88671875 0.00625 0.0125
16 0.9046875 0.8875 0.00546875 0.0125
2 0.91875 0.88984375 0.0046875 0.01171875
16 0.0109375 0.74765625 0.01015625 0.00859375
16 0.009375 0.75703125 0.01015625 0.00859375
16 0.00859375 0.76484375 0.01015625 0.00859375
2 0.009375 0.7734375 0.0125 0.00859375
16 0.00703125 0.78828125 0.0109375 0.0078125
2 0.0046875 0.79609375 0.009375 0.0078125
2 0.00546875 0.8046875 0.01015625 0.00859375
16 0.00390625 0.8125 0.0078125 0.00625
16 0.27734375 0.86015625 0.0046875 0.00859375
16 0.29765625 0.86328125 0.003125 0.00703125
16 0.28359375 0.86171875 0.00390625 0.00859375
16 0.27109375 0.859375 0.00390625 0.009375
16 0.2453125 0.85546875 0.00390625 0.009375
16 0.25078125 0.85703125 0.00390625 0.00859375
16 0.2640625 0.859375 0.0046875 0.00859375
16 0.2578125 0.8578125 0.0046875 0.00859375
16 0.290625 0.86328125 0.00390625 0.00859375
16 0.225 0.85234375 0.00390625 0.00859375
16 0.23828125 0.8546875 0.0046875 0.00859375
16 0.23125 0.85390625 0.0046875 0.00859375
16 0.21171875 0.85078125 0.0046875 0.00859375
16 0.21796875 0.85234375 0.00546875 0.00859375
2 0.43515625 0.890625 0.00546875 0.01171875
2 0.42890625 0.88984375 0.00625 0.0125
2 0.421875 0.8890625 0.00546875 0.0125
20 0.01953125 0.8234375 0.0171875 0.01796875
16 0.00390625 0.8203125 0.00703125 0.00546875
2 0.69765625 0.9390625 0.00859375 0.00546875
2 0.684375 0.93671875 0.00859375 0.00625
2 0.54921875 0.91484375 0.01015625 0.00703125
9 0.5328125 0.9125 0.0125 0.00859375
16 0.0328125 0.82890625 0.00859375 0.00546875
2 0.10859375 0.8453125 0.00546875 0.0125
2 0.003125 0.828125 0.00625 0.00625
16 0.68359375 0.94453125 0.0078125 0.00546875
16 0.696875 0.946875 0.00859375 0.00625
16 0.7953125 0.96484375 0.01015625 0.0078125
16 0.03203125 0.8390625 0.009375 0.00625
16 0.00234375 0.8359375 0.0046875 0.00625
16 0.69609375 0.9546875 0.00859375 0.00546875
16 0.6828125 0.95234375 0.00859375 0.00546875
16 0.6265625 0.94296875 0.00859375 0.00546875
16 0.63984375 0.9453125 0.00859375 0.0046875
2 0.7953125 0.971875 0.01015625 0.00625
9 0.01640625 0.84296875 0.01640625 0.01796875
16 0.03203125 0.84765625 0.00859375 0.00546875
9 0.32265625 0.89765625 0.025 0.03671875
16 0.00234375 0.84453125 0.0046875 0.0046875
9 0.3890625 0.91484375 0.03359375 0.05546875
16 0.1046875 0.8671875 0.00859375 0.00546875
16 0.621875 0.9546875 0.00703125 0.00625
20 0.69609375 0.96953125 0.01484375 0.02109375
20 0.68125 0.96640625 0.01640625 0.0203125
16 0.0421875 0.85859375 0.0078125 0.00546875
16 0.00234375 0.85234375 0.00390625 0.00546875
20 0.6578125 0.96484375 0.01796875 0.01796875
9 0.63671875 0.96171875 0.01796875 0.01953125
16 0.0546875 0.86484375 0.00859375 0.00625
16 0.62109375 0.96171875 0.00703125 0.00625
16 0.10390625 0.875 0.00859375 0.0046875
20 0.60546875 0.96015625 0.0140625 0.0203125
16 0.0296875 0.86328125 0.00859375 0.00625
2 0.0015625 0.859375 0.00234375 0.00625
20 0.01484375 0.8625 0.0171875 0.01796875
9 0.07890625 0.87421875 0.040625 0.04375
16 0.05390625 0.8734375 0.00859375 0.00625
16 0.19375 0.89609375 0.0046875 0.0109375
16 0.18046875 0.8953125 0.0046875 0.0109375
16 0.16015625 0.89140625 0.00546875 0.01015625
16 0.17421875 0.89375 0.0046875 0.0109375
16 0.18671875 0.89609375 0.0046875 0.0109375
16 0.15390625 0.890625 0.0046875 0.0109375
16 0.1671875 0.8921875 0.0046875 0.0109375
16 0.14765625 0.88984375 0.0046875 0.01171875
16 0.69375 0.98203125 0.00859375 0.00625
2 0.140625 0.8890625 0.00625 0.01171875
16 0.103125 0.8828125 0.009375 0.00546875
16 0.6796875 0.98046875 0.00859375 0.00546875
16 0.6203125 0.97109375 0.00859375 0.00546875
16 0.040625 0.875 0.00859375 0.00546875
2 0.0015625 0.86953125 0.00234375 0.00625
2 0.053125 0.88046875 0.01015625 0.00625
20 0.65546875 0.984375 0.01875 0.01953125
16 0.10234375 0.890625 0.00859375 0.00625
20 0.63359375 0.98046875 0.0171875 0.01796875
16 0.61953125 0.97890625 0.00859375 0.00546875
16 0.60546875 0.97578125 0.00859375 0.00546875
16 0.17890625 0.9109375 0.0046875 0.0109375
2 0.159375 0.90703125 0.00546875 0.01171875
16 0.165625 0.90859375 0.0046875 0.0109375
16 0.153125 0.90625 0.0046875 0.0109375
16 0.13984375 0.9046875 0.0046875 0.0109375
16 0.14609375 0.90625 0.0046875 0.0109375
16 0.1921875 0.91328125 0.00546875 0.0125
16 0.171875 0.91015625 0.0046875 0.0109375
16 0.60390625 0.984375 0.009375 0.00625
2 0.61875 0.98671875 0.01015625 0.00703125
2 0.50078125 0.9671875 0.0046875 0.0109375
2 0.50703125 0.96953125 0.0046875 0.0109375
16 0.6171875 0.99453125 0.0078125 0.0046875
16 0.121875 0.91328125 0.0046875 0.0109375
16 0.11328125 0.91328125 0.00390625 0.01015625
20 0.6015625 0.99453125 0.0140625 0.01015625
2 0.49765625 0.984375 0.0046875 0.0109375
2 0.5046875 0.98671875 0.00625 0.01171875
4 0.39765625 0.9734375 0.1125 0.0453125
4 0.2109375 0.9421875 0.13671875 0.04921875
2 0.865625 0.17734375 0.00625 0.01171875
16 0.85859375 0.1765625 0.00625 0.0109375
16 0.85234375 0.17578125 0.00546875 0.0109375
16 0.8453125 0.17421875 0.00703125 0.0109375
16 0.83828125 0.17421875 0.00625 0.0109375
2 0.79765625 0.1671875 0.00703125 0.01171875
16 0.81015625 0.16875 0.00625 0.0125
16 0.81875 0.17109375 0.00625 0.0109375
2 0.83203125 0.17265625 0.00625 0.01171875
16 0.80390625 0.16875 0.0046875 0.0109375
16 0.784375 0.165625 0.0046875 0.0109375
16 0.778125 0.1640625 0.00625 0.0125
16 0.85078125 0.190625 0.00625 0.01171875
16 0.85625 0.1921875 0.00625 0.0109375
2 0.86328125 0.19375 0.00703125 0.01328125
2 0.8984375 0.23515625 0.0078125 0.00625
2 0.88359375 0.2328125 0.00859375 0.00625
2 0.51484375 0.1734375 0.01015625 0.00703125
2 0.4875 0.16953125 0.0109375 0.00859375
2 0.53359375 0.17734375 0.01015625 0.00703125
16 0.27578125 0.13828125 0.0109375 0.009375
2 0.52421875 0.1796875 0.00625 0.0140625
16 0.48671875 0.178125 0.01015625 0.0078125
2 0.94140625 0.25546875 0.00546875 0.0109375
16 0.93125 0.25390625 0.0046875 0.0109375
2 0.9125 0.2515625 0.00546875 0.01171875
16 0.925 0.25390625 0.0046875 0.01015625
16 0.91875 0.25234375 0.0046875 0.0109375
16 0.275 0.1453125 0.009375 0.00625
2 0.89609375 0.25859375 0.0078125 0.00625
2 0.88125 0.25625 0.00859375 0.00703125
2 0.46640625 0.18828125 0.0109375 0.00859375
2 0.3265625 0.165625 0.00703125 0.01328125
2 0.29375 0.1609375 0.00625 0.0140625
16 0.93515625 0.26953125 0.00859375 0.00625
2 0.5328125 0.20625 0.00625 0.01171875
16 0.45234375 0.19375 0.01015625 0.0078125
2 0.4640625 0.19609375 0.0109375 0.0078125
2 0.39765625 0.184375 0.0109375 0.00859375
16 0.934375 0.2765625 0.00703125 0.00546875
2 0.4640625 0.20390625 0.01015625 0.0078125
2 0.39765625 0.19296875 0.0109375 0.00859375
16 0.9328125 0.28515625 0.00703125 0.0046875
2 0.878125 0.2796875 0.00859375 0.00625
2 0.89375 0.2828125 0.01015625 0.0078125
2 0.4625 0.21171875 0.0109375 0.00703125
16 0.45078125 0.209375 0.0109375 0.00703125
16 0.9328125 0.29296875 0.00703125 0.00546875
2 0.44921875 0.2171875 0.01015625 0.0078125
2 0.46171875 0.21953125 0.01015625 0.00703125
16 0.93125 0.30078125 0.00859375 0.00546875
2 0.28984375 0.19609375 0.00625 0.015625
2 0.32265625 0.2015625 0.00625 0.0140625
2 0.52890625 0.23828125 0.00546875 0.0109375
2 0.46171875 0.22734375 0.0109375 0.00859375
16 0.93046875 0.309375 0.00703125 0.00390625
2 0.87578125 0.3015625 0.009375 0.00625
2 0.890625 0.3046875 0.01015625 0.00625
16 0.92890625 0.3171875 0.00703125 0.0046875
16 0.92890625 0.3234375 0.0078125 0.00546875
2 0.4609375 0.246875 0.0109375 0.01796875
2 0.51015625 0.25625 0.00625 0.0125
2 0.47109375 0.2484375 0.00625 0.01328125
2 0.45078125 0.2453125 0.0109375 0.01796875
2 0.50390625 0.2546875 0.00703125 0.01171875
2 0.496875 0.25390625 0.00625 0.0125
2 0.478125 0.25078125 0.00703125 0.01328125
16 0.86484375 0.328125 0.0046875 0.0109375
2 0.3171875 0.2484375 0.00859375 0.01328125
2 0.284375 0.24375 0.00703125 0.01328125
2 0.54140625 0.2921875 0.01015625 0.0078125
16 0.8625 0.35 0.0046875 0.009375
2 0.53984375 0.30078125 0.0109375 0.00703125
2 0.45 0.2875 0.0109375 0.0078125
2 0.5390625 0.3078125 0.009375 0.00703125
2 0.5203125 0.30546875 0.0109375 0.009375
2 0.31328125 0.2765625 0.00859375 0.015625
2 0.53828125 0.31640625 0.01015625 0.00703125
2 0.51875 0.31328125 0.01015625 0.00703125
2 0.44765625 0.30390625 0.01015625 0.00859375
4 0.96171875 0.39375 0.0453125 0.0703125
2 0.28046875 0.27890625 0.00859375 0.01328125
16 0.8671875 0.378125 0.0078125 0.00625
2 0.51796875 0.3203125 0.01015625 0.00703125
2 0.5375 0.3234375 0.01015625 0.0078125
2 0.53671875 0.33203125 0.01015625 0.00703125
2 0.5171875 0.32890625 0.01015625 0.00703125
16 0.865625 0.39453125 0.0078125 0.0046875
2 0.51640625 0.3359375 0.0109375 0.00859375
2 0.53671875 0.33984375 0.01015625 0.0078125
2 0.515625 0.34453125 0.0109375 0.00625
2 0.53515625 0.3484375 0.0109375 0.00859375
16 0.8640625 0.41015625 0.00703125 0.00546875
2 0.51484375 0.3546875 0.01015625 0.00625
2 0.48359375 0.365625 0.00625 0.01328125
2 0.49609375 0.3671875 0.00703125 0.01328125
2 0.48984375 0.3671875 0.00546875 0.0125
2 0.50234375 0.36953125 0.00625 0.01171875
16 0.85390625 0.43125 0.00390625 0.0109375
2 0.4546875 0.36484375 0.00859375 0.0171875
2 0.5203125 0.37578125 0.00859375 0.0171875
2 0.53046875 0.37734375 0.00859375 0.015625
2 0.44140625 0.36328125 0.0078125 0.01640625
2 0.47421875 0.36875 0.00859375 0.015625
2 0.8515625 0.44609375 0.0046875 0.0125
2 0.471875 0.39765625 0.01015625 0.015625
16 0.85 0.4625 0.00390625 0.0109375
2 0.4828125 0.4 0.01015625 0.01640625
16 0.4625 0.40234375 0.00625 0.01328125
2 0.44921875 0.4 0.00703125 0.0140625
16 0.45625 0.40234375 0.00625 0.01328125
4 0.95078125 0.48828125 0.0546875 0.1171875
16 0.4984375 0.42578125 0.00625 0.01328125
16 0.69765625 0.4671875 0.00859375 0.00625
16 0.69609375 0.475 0.00859375 0.00625
16 0.6953125 0.4828125 0.0078125 0.00625
16 0.8578125 0.51171875 0.01015625 0.00625
16 0.69453125 0.490625 0.00859375 0.00625
20 0.840625 0.5171875 0.01484375 0.0203125
2 0.85625 0.5203125 0.009375 0.00625
16 0.69375 0.49765625 0.00859375 0.00546875
2 0.6609375 0.49453125 0.0125 0.025
2 0.6515625 0.49296875 0.0078125 0.01484375
16 0.69296875 0.50625 0.0078125 0.00625
16 0.6921875 0.51328125 0.00703125 0.00625
2 0.85390625 0.54375 0.00859375 0.00625
16 0.94921875 0.5609375 0.01015625 0.00625
16 0.84375 0.54375 0.0046875 0.0109375
16 0.690625 0.521875 0.00859375 0.00625
2 0.53046875 0.4953125 0.0109375 0.00625
16 0.54375 0.49765625 0.01015625 0.0078125
16 0.853125 0.5515625 0.0078125 0.00625
2 0.94921875 0.56875 0.01015625 0.00703125
20 0.92109375 0.56484375 0.01796875 0.01796875
16 0.690625 0.5296875 0.00859375 0.00546875
16 0.54296875 0.50546875 0.01015625 0.0078125
2 0.5296875 0.50390625 0.0109375 0.00859375
16 0.94765625 0.57578125 0.00859375 0.00625
2 0.9359375 0.57421875 0.009375 0.00703125
16 0.85234375 0.5609375 0.0078125 0.00546875
16 0.68984375 0.5375 0.00859375 0.00625
2 0.5296875 0.51171875 0.0109375 0.0078125
16 0.54140625 0.5140625 0.01015625 0.00859375
16 0.8515625 0.56875 0.0078125 0.00625
20 0.91875 0.58359375 0.01796875 0.01953125
16 0.6890625 0.54609375 0.0078125 0.00625
2 0.528125 0.51953125 0.0109375 0.00859375
16 0.540625 0.521875 0.01015625 0.0078125
20 0.83671875 0.57265625 0.015625 0.02265625
16 0.85078125 0.57734375 0.00859375 0.00625
16 0.75625 0.56171875 0.00859375 0.00703125
16 0.6875 0.553125 0.0078125 0.00546875
2 0.5265625 0.52734375 0.0109375 0.00703125
16 0.540625 0.5296875 0.0109375 0.00703125
16 0.85 0.5859375 0.01015625 0.00703125
16 0.75625 0.5703125 0.0078125 0.00625
2 0.921875 0.59921875 0.00859375 0.00625
16 0.9109375 0.596875 0.0078125 0.00625
16 0.6875 0.5609375 0.00859375 0.00625
16 0.5390625 0.5375 0.0109375 0.0078125
2 0.5265625 0.5359375 0.0109375 0.0078125
2 0.84921875 0.59296875 0.00859375 0.00703125
16 0.75546875 0.578125 0.00859375 0.00703125
16 0.6859375 0.56953125 0.0078125 0.00625
16 0.5390625 0.5453125 0.0109375 0.00859375
2 0.525 0.54296875 0.01015625 0.00859375
20 0.915625 0.6125 0.01796875 0.01875
16 0.68515625 0.5765625 0.00859375 0.00625
2 0.52421875 0.55078125 0.01015625 0.0078125
2 0.53671875 0.55703125 0.0109375 0.00859375
20 0.7734375 0.596875 0.01484375 0.02109375
20 0.75703125 0.59453125 0.015625 0.021875
16 0.846875 0.6109375 0.00859375 0.00625
16 0.684375 0.58515625 0.0078125 0.00625
20 0.83046875 0.609375 0.0140625 0.01953125
16 0.046875 0.47734375 0.0109375 0.00859375
2 0.51015625 0.55859375 0.01015625 0.00859375
2 0.52265625 0.56015625 0.0109375 0.00859375
16 0.04609375 0.48515625 0.01015625 0.0078125
20 0.69765625 0.59765625 0.01875 0.01875
2 0.53515625 0.57265625 0.01015625 0.00859375
16 0.521875 0.57109375 0.01015625 0.00859375
2 0.509375 0.56875 0.0109375 0.00859375