16 0.44765625 0.134375 0.01328125 0.04765625
2 0.2328125 0.05078125 0.02265625 0.03046875
2 0.19453125 0.04296875 0.0203125 0.0859375
2 0.7 0.240625 0.0125 0.04296875
16 0.690625 0.2375 0.01328125 0.04921875
2 0.17734375 0.03984375 0.02109375 0.07890625
16 0.09296875 0.021875 0.025 0.04296875
16 0.51640625 0.18671875 0.01796875 0.02734375
16 0.0359375 0.01171875 0.021875 0.0234375
16 0.53359375 0.19609375 0.01953125 0.02578125
2 0.2328125 0.08046875 0.02890625 0.040625
16 0.50625 0.20625 0.01796875 0.03203125
16 0.52109375 0.21171875 0.01953125 0.02890625
16 0.5390625 0.22109375 0.0171875 0.03046875
16 0.4234375 0.19140625 0.0203125 0.03203125
2 0.5875 0.2625 0.01171875 0.04296875
16 0.596875 0.26640625 0.01015625 0.04296875
2 0.54140625 0.26015625 0.01015625 0.0390625
2 0.35390625 0.1875 0.01328125 0.06015625
2 0.3671875 0.19453125 0.01484375 0.071875
16 0.43984375 0.22265625 0.01796875 0.03046875
16 0.4546875 0.2296875 0.0078125 0.0328125
16 0.7 0.3265625 0.01875 0.03046875
2 0.33046875 0.1828125 0.01484375 0.0546875
16 0.4609375 0.234375 0.009375 0.0359375
2 0.08515625 0.09609375 0.03359375 0.053125
16 0.50078125 0.26015625 0.0078125 0.0390625
2 0.68515625 0.334375 0.0109375 0.04296875
2 0.58359375 0.2984375 0.00859375 0.03203125
2 0.61484375 0.3109375 0.01796875 0.03203125
16 0.421875 0.23828125 0.01484375 0.02734375
2 0.6984375 0.3515625 0.01875 0.02890625
2 0.5953125 0.31484375 0.0078125 0.0328125
16 0.1625 0.153125 0.015625 0.0515625
16 0.63515625 0.33828125 0.0171875 0.02578125
16 0.21953125 0.178125 0.00078125 0.0015625
2 0.4015625 0.25078125 0.0125 0.0203125
2 0.65390625 0.35546875 0.0171875 0.02734375
16 0.415625 0.2625 0.01328125 0.02578125
2 0.046875 0.11953125 0.0375 0.0515625
2 0.325 0.23046875 0.01640625 0.02890625
2 0.3015625 0.221875 0.01640625 0.02578125
2 0.28359375 0.2171875 0.0171875 0.03046875
16 0.634375 0.35859375 0.01875 0.02578125
16 0.4015625 0.26953125 0.0125 0.0203125
2 0.109375 0.15546875 0.0171875 0.02890625
2 0.08203125 0.14765625 0.03046875 0.04765625
16 0.71875 0.3953125 0.0125 0.05078125
16 0.7078125 0.39375 0.0125 0.04609375
16 0.4140625 0.28125 0.0125 0.0203125
16 0.6515625 0.3765625 0.0171875 0.02734375
16 0.39921875 0.28359375 0.0125 0.0234375
16 0.6328125 0.378125 0.01953125 0.03046875
2 0.346875 0.26796875 0.01328125 0.06015625
2 0.86484375 0.47421875 0.01484375 0.06328125
2 0.36796875 0.28203125 0.0171875 0.06328125
2 0.90390625 0.49453125 0.01328125 0.06015625
2 0.85234375 0.47421875 0.01484375 0.06640625
2 0.8921875 0.4890625 0.01484375 0.06171875
2 0.8796875 0.4859375 0.0140625 0.0578125
16 0.10703125 0.18359375 0.01953125 0.03046875
16 0.64921875 0.39609375 0.01640625 0.02890625
2 0.840625 0.47109375 0.0140625 0.06015625
16 0.9140625 0.5015625 0.0109375 0.04921875
2 0.41171875 0.31171875 0.015625 0.021875
16 0.6328125 0.4015625 0.01953125 0.03046875
16 0.04921875 0.17890625 0.00859375 0.04296875
16 0.06171875 0.1875 0.01015625 0.04296875
16 0.6484375 0.41875 0.01484375 0.03046875
16 0.08984375 0.2015625 0.009375 0.034375
16 0.63125 0.425 0.01796875 0.02890625
16 0.6484375 0.43984375 0.01875 0.034375
16 0.62890625 0.44765625 0.01796875 0.02734375
16 0.06171875 0.2265625 0.01640625 0.03046875
2 0.08203125 0.23515625 0.0171875 0.02890625
2 0.85234375 0.540625 0.01640625 0.03203125
16 0.10234375 0.24921875 0.015625 0.03203125
16 0.6453125 0.46328125 0.01875 0.02734375
16 0.16875 0.278125 0.0203125 0.0375
16 0.046875 0.23515625 0.01015625 0.04296875
2 0.98125 0.6015625 0.015625 0.03046875
2 0.8296875 0.5421875 0.0109375 0.0390625
16 0.153125 0.27890625 0.0109375 0.04140625
2 0.40625 0.38125 0.01328125 0.02421875
16 0.628125 0.46796875 0.01640625 0.02421875
16 0.13984375 0.27734375 0.01328125 0.04765625
2 0.8515625 0.55859375 0.0140625 0.021875
16 0.96796875 0.60625 0.009375 0.04140625
2 0.9578125 0.60625 0.01328125 0.04765625
16 0.64375 0.48359375 0.01640625 0.0328125
2 0.9109375 0.59140625 0.02109375 0.0328125
16 0.06796875 0.26484375 0.009375 0.04609375
16 0.05703125 0.26171875 0.01171875 0.04765625
2 0.79296875 0.54921875 0.01953125 0.075
16 0.165625 0.30703125 0.01640625 0.034375
2 0.98125 0.625 0.0140625 0.02578125
16 0.77578125 0.54609375 0.01953125 0.03203125
2 0.8875 0.59140625 0.0109375 0.04140625
16 0.62578125 0.48828125 0.01640625 0.02578125
16 0.896875 0.5984375 0.0125 0.04453125
16 0.8078125 0.571875 0.015625 0.0578125
16 0.6421875 0.509375 0.0171875 0.02734375
2 0.85625 0.59296875 0.009375 0.0390625
2 0.909375 0.615625 0.01796875 0.0328125
16 0.84609375 0.596875 0.0109375 0.04296875
16 0.93671875 0.634375 0.01484375 0.0546875
16 0.13828125 0.321875 0.01015625 0.04453125
16 0.15 0.328125 0.0109375 0.04453125
16 0.625 0.5140625 0.0171875 0.0234375
2 0.203125 0.35078125 0.01953125 0.03046875
16 0.165625 0.33828125 0.0171875 0.04296875
2 0.984375 0.659375 0.01015625 0.04453125
16 0.97421875 0.65625 0.0125 0.04453125
16 0.6421875 0.53203125 0.0140625 0.02421875
2 0.4015625 0.4421875 0.0140625 0.0234375
16 0.865625 0.625 0.0140625 0.04921875
16 0.62265625 0.53359375 0.0171875 0.02734375
16 0.74765625 0.58359375 0.0125 0.04609375
2 0.04375 0.3125 0.01015625 0.040625
2 0.9125 0.65234375 0.01171875 0.04453125
16 0.903125 0.65 0.01171875 0.04296875
16 0.05546875 0.31953125 0.01015625 0.04140625
16 0.81953125 0.6203125 0.0234375 0.0328125
16 0.6390625 0.5515625 0.015625 0.02890625
2 0.19921875 0.3796875 0.02421875 0.0390625
2 0.28828125 0.42109375 0.0140625 0.0234375
2 0.2703125 0.4140625 0.01328125 0.021875
16 0.94765625 0.678125 0.0203125 0.0328125
2 0.14140625 0.36796875 0.02109375 0.0359375
16 0.62265625 0.55546875 0.01796875 0.02734375
16 0.16484375 0.38203125 0.01484375 0.0515625
2 0.7640625 0.6203125 0.0203125 0.0328125
16 0.6375 0.57265625 0.015625 0.02421875
16 0.07421875 0.35234375 0.01328125 0.053125
16 0.87734375 0.66640625 0.01953125 0.0328125
16 0.66953125 0.5859375 0.0203125 0.02734375
2 0.0984375 0.3640625 0.009375 0.04140625
16 0.10859375 0.3671875 0.01171875 0.04921875
2 0.9328125 0.68984375 0.0125 0.04609375
16 0.0859375 0.359375 0.0125 0.04453125
16 0.1203125 0.375 0.01171875 0.0390625
2 0.83515625 0.659375 0.01328125 0.05078125
16 0.6203125 0.57890625 0.0140625 0.02421875
2 0.80390625 0.65 0.0140625 0.04921875
16 0.7453125 0.628125 0.0125 0.04609375
16 0.0515625 0.36328125 0.01015625 0.04609375
16 0.03984375 0.359375 0.01328125 0.05078125
16 0.63671875 0.59453125 0.01328125 0.02421875
2 0.96171875 0.7234375 0.01640625 0.0515625
16 0.78671875 0.6546875 0.0171875 0.0328125
16 0.76875 0.64921875 0.0171875 0.02734375
2 0.39609375 0.503125 0.01484375 0.0203125
16 0.66875 0.61328125 0.0171875 0.02421875
2 0.309375 0.47265625 0.01484375 0.03203125
2 0.284375 0.4640625 0.01328125 0.0234375
2 0.26796875 0.45703125 0.01484375 0.0234375
2 0.8953125 0.70234375 0.0109375 0.04453125
2 0.8609375 0.6921875 0.015625 0.05078125
16 0.61796875 0.6015625 0.01796875 0.02734375
16 0.06015625 0.39375 0.0140625 0.04609375
16 0.6328125 0.61796875 0.0140625 0.02890625
16 0.75 0.665625 0.01875 0.03203125
16 0.08359375 0.4046875 0.01015625 0.04921875
16 0.1203125 0.4203125 0.01171875 0.04765625
16 0.784375 0.6796875 0.015625 0.021875
16 0.07265625 0.4015625 0.0125 0.04453125
16 0.09453125 0.41171875 0.01015625 0.05078125
16 0.76796875 0.67421875 0.0171875 0.02578125
16 0.10546875 0.41640625 0.01484375 0.04921875
16 0.61640625 0.6234375 0.01875 0.03046875
16 0.79921875 0.6984375 0.01484375 0.053125
2 0.9703125 0.76796875 0.01484375 0.02890625
16 0.6328125 0.640625 0.0171875 0.02734375
2 0.9 0.7453125 0.01953125 0.034375
16 0.0421875 0.41171875 0.01171875 0.04453125
2 0.1546875 0.45703125 0.0109375 0.04296875
16 0.95703125 0.7734375 0.01171875 0.0375
16 0.03046875 0.4125 0.01015625 0.0390625
2 0.946875 0.77265625 0.01328125 0.04609375
16 0.61484375 0.64375 0.01953125 0.02890625
2 0.875 0.746875 0.0140625 0.04140625
16 0.8859375 0.753125 0.01171875 0.04140625
2 0.69609375 0.68046875 0.01875 0.040625
2 0.71328125 0.68984375 0.015625 0.0359375
2 0.96875 0.790625 0.01484375 0.02734375
16 0.63203125 0.6609375 0.0171875 0.02734375
2 0.8984375 0.76484375 0.01796875 0.02890625
2 0.059375 0.4375 0.02109375 0.0390625
2 0.37578125 0.5671875 0.0171875 0.02734375
2 0.128125 0.47421875 0.01171875 0.040625
16 0.61328125 0.66875 0.01953125 0.03203125
16 0.92578125 0.7984375 0.01484375 0.04921875
16 0.375 0.5890625 0.01796875 0.02578125
16 0.01171875 0.44921875 0.01015625 0.04765625
16 0.853125 0.77734375 0.0140625 0.04765625
16 0.1421875 0.5015625 0.009375 0.040625
2 0.9734375 0.82578125 0.0140625 0.04921875
16 0.96328125 0.825 0.0125 0.05078125
2 0.9015625 0.8015625 0.01171875 0.04140625
16 0.6109375 0.6890625 0.01953125 0.03203125
16 0.153125 0.51015625 0.01328125 0.04921875
16 0.09921875 0.48984375 0.0125 0.04921875
16 0.89296875 0.80078125 0.009375 0.04765625
16 0.62890625 0.70546875 0.01640625 0.02734375
16 0.1265625 0.521875 0.0140625 0.0515625
2 0.3703125 0.61796875 0.01015625 0.040625
16 0.6125 0.71328125 0.01640625 0.0203125
16 0.025 0.484375 0.02109375 0.034375
16 0.93828125 0.84375 0.02109375 0.0390625
16 0.8625 0.81640625 0.021875 0.0390625
16 0.62734375 0.725 0.0171875 0.03203125
16 0.1125 0.52421875 0.01953125 0.03203125
16 0.61015625 0.73125 0.01640625 0.03046875
2 0.0453125 0.51171875 0.021875 0.034375
2 0.13671875 0.54921875 0.0125 0.04921875
2 0.81328125 0.8125 0.0296875 0.04609375
2 0.0875 0.5296875 0.02890625 0.0390625
2 0.36015625 0.6375 0.01328125 0.021875
16 0.625 0.74765625 0.01328125 0.02578125
2 0.71953125 0.7859375 0.03125 0.04140625
16 0.109375 0.5515625 0.0171875 0.03203125
2 0.36015625 0.6515625 0.015625 0.0203125
2 0.02109375 0.51953125 0.03046875 0.0390625
2 0.91953125 0.8703125 0.0140625 0.04921875
2 0.8828125 0.85859375 0.0125 0.040625
2 0.953125 0.8890625 0.01171875 0.04296875
16 0.60859375 0.75625 0.01796875 0.02890625
2 0.3359375 0.65234375 0.02265625 0.0390625
2 0.8515625 0.85390625 0.0125 0.05078125
2 0.81171875 0.84375 0.0296875 0.04140625
2 0.3578125 0.66796875 0.015625 0.02734375
2 0.71796875 0.8203125 0.03125 0.04765625
2 0.271875 0.66171875 0.01875 0.0328125
2 0.2484375 0.653125 0.0171875 0.02578125
2 0.81015625 0.8796875 0.03203125 0.05078125
16 0.9421875 0.93125 0.02578125 0.04140625
2 0.33828125 0.6953125 0.00859375 0.04453125
2 0.346875 0.7 0.0140625 0.0515625
2 0.3265625 0.696875 0.01640625 0.05625
16 0.03125 0.625 0.0171875 0.06796875
2 0.04921875 0.66015625 0.01328125 0.04921875
2 0.09375 0.71015625 0.021875 0.0375
2 0.84921875 0.9921875 0.01484375 0.01328125
4 0.0890625 0.7921875 0.153125 0.15
4 0.63515625 0.96484375 0.15859375 0.06796875
4 0.29140625 0.8765625 0.153125 0.128125
16 0.45859375 0.09375 0.00859375 0.040625
16 0.4859375 0.10390625 0.01015625 0.040625
16 0.478125 0.10078125 0.01015625 0.04296875
16 0.44921875 0.09140625 0.0125 0.04765625
16 0.46640625 0.0984375 0.0125 0.04453125
2 0.253125 0.0234375 0.015625 0.046875
2 0.23359375 0.02421875 0.02109375 0.034375