16 0.8359375 0.0015625 0.009375 0.003125
2 0.75078125 0.4703125 0.01484375 0.00546875
16 0.56484375 0.4734375 0.01171875 0.0078125
16 0.10546875 0.48515625 0.0109375 0.00703125
16 0.5625 0.4859375 0.0125 0.00546875
9 0.8 0.484375 0.03671875 0.06484375
16 0.1140625 0.50625 0.0125 0.00703125
9 0.1671875 0.50546875 0.034375 0.071875
9 0.46171875 0.503125 0.03671875 0.06875
9 0.21875 0.5078125 0.03046875 0.07265625
9 0.36328125 0.50546875 0.0359375 0.0765625
9 0.4140625 0.5046875 0.03671875 0.075
9 0.5125 0.50390625 0.04375 0.075
9 0.31484375 0.50703125 0.0328125 0.075
9 0.26796875 0.50859375 0.03125 0.0734375
16 0.89140625 0.49921875 0.0546875 0.02109375
16 0.7796875 0.003125 0.00625 0.00625
16 0.85 0.51796875 0.01328125 0.00625
16 0.1125 0.54140625 0.00625 0.01171875
2 0.753125 0.5328125 0.0125 0.00625
9 0.6578125 0.5359375 0.1390625 0.12578125
2 0.56484375 0.5390625 0.01640625 0.00546875
16 0.1265625 0.54921875 0.00390625 0.0125
16 0.1703125 0.55390625 0.0125 0.00859375
16 0.14453125 0.55546875 0.0125 0.00703125
16 0.1921875 0.5546875 0.0125 0.00546875
2 0.52421875 0.55078125 0.015625 0.00546875
16 0.89296875 0.54609375 0.05078125 0.025
2 0.2515625 0.5578125 0.0046875 0.01171875
2 0.35234375 0.55703125 0.00625 0.0140625
2 0.39921875 0.55703125 0.00625 0.0125
2 0.44609375 0.5578125 0.00546875 0.01328125
16 0.47265625 0.55859375 0.00625 0.0140625
16 0.50078125 0.559375 0.00703125 0.0125
16 0.490625 0.559375 0.00546875 0.0140625
16 0.45859375 0.56015625 0.00703125 0.0140625
2 0.5296875 0.5625 0.0109375 0.00625
16 0.33203125 0.5671875 0.00703125 0.01171875
16 0.31953125 0.5671875 0.00546875 0.01484375
9 0.80078125 0.5609375 0.04140625 0.0640625
16 0.565625 0.56640625 0.00859375 0.01796875
16 0.10859375 0.5796875 0.003125 0.0140625
2 0.43671875 0.57421875 0.0125 0.00703125
16 0.090625 0.58046875 0.0109375 0.00546875
16 0.2296875 0.58125 0.0078125 0.01640625
9 0.471875 0.5890625 0.0390625 0.0171875
9 0.53359375 0.58828125 0.0359375 0.0125
16 0.06875 0.59921875 0.00625 0.0140625
16 0.08203125 0.6 0.0046875 0.0140625
16 0.1046875 0.6015625 0.0109375 0.0046875
16 0.56796875 0.5953125 0.0078125 0.015625
16 0.89140625 0.590625 0.0484375 0.021875
16 0.22734375 0.6046875 0.009375 0.01328125
16 0.84765625 0.59453125 0.01484375 0.00625
9 0.17578125 0.60703125 0.078125 0.06640625
9 0.2671875 0.60703125 0.03203125 0.06953125
16 0.76484375 0.60390625 0.00703125 0.0125
16 0.7546875 0.60390625 0.00546875 0.015625
16 0.82421875 0.60390625 0.0109375 0.00546875
2 0.41796875 0.61171875 0.01171875 0.00859375
9 0.35625 0.6125 0.06015625 0.04453125
16 0.79296875 0.60703125 0.01171875 0.00546875
16 0.84921875 0.60546875 0.01484375 0.00546875
2 0.11640625 0.6171875 0.00703125 0.0140625
16 0.453125 0.6171875 0.00703125 0.01171875
16 0.496875 0.615625 0.003125 0.01328125
16 0.66796875 0.61328125 0.0140625 0.00703125
16 0.46640625 0.6171875 0.00625 0.0125
16 0.48515625 0.6171875 0.00703125 0.0125
16 0.70078125 0.6140625 0.0109375 0.00703125
16 0.59765625 0.615625 0.0125 0.00546875
16 0.7328125 0.6140625 0.0125 0.00625
16 0.6359375 0.615625 0.01875 0.00859375
16 0.825 0.615625 0.0109375 0.00546875
16 0.85078125 0.61796875 0.00703125 0.0046875
16 0.515625 0.62421875 0.003125 0.01171875
2 0.4171875 0.62578125 0.0109375 0.00546875
16 0.23046875 0.63125 0.0046875 0.01171875
2 0.6328125 0.62734375 0.01875 0.009375
16 0.8234375 0.62578125 0.009375 0.00546875
16 0.84921875 0.6296875 0.01015625 0.00546875
16 0.825 0.63671875 0.0109375 0.00390625
16 0.89453125 0.63828125 0.05390625 0.02265625
16 0.63671875 0.64296875 0.0125 0.00703125
16 0.85 0.6421875 0.0109375 0.00859375
16 0.11484375 0.65703125 0.00546875 0.0140625
16 0.825 0.6484375 0.0109375 0.00625
16 0.2609375 0.65703125 0.0046875 0.0125
16 0.24921875 0.6578125 0.00703125 0.015625
16 0.271875 0.6578125 0.00703125 0.0140625
16 0.615625 0.65234375 0.0046875 0.0140625
16 0.22578125 0.659375 0.00703125 0.0171875
16 0.23671875 0.66015625 0.00625 0.015625
2 0.28984375 0.659375 0.0078125 0.01328125
16 0.63671875 0.653125 0.0109375 0.00546875
16 0.17421875 0.6625 0.00546875 0.01171875
16 0.1890625 0.66328125 0.00390625 0.0140625
16 0.20234375 0.6625 0.00390625 0.015625
16 0.16015625 0.66328125 0.0046875 0.0125
16 0.85 0.65234375 0.0109375 0.00546875
16 0.54453125 0.659375 0.0046875 0.0109375
2 0.53515625 0.66015625 0.00546875 0.01171875
16 0.42734375 0.66328125 0.0046875 0.01171875
16 0.06328125 0.6703125 0.00546875 0.0125
16 0.82578125 0.6578125 0.01015625 0.00703125
9 0.50078125 0.6640625 0.04765625 0.03515625
9 0.57890625 0.66640625 0.04921875 0.0328125
16 0.63671875 0.6671875 0.0109375 0.00625
2 0.82578125 0.66953125 0.01484375 0.00859375
16 0.8515625 0.66953125 0.01328125 0.00625
16 0.4609375 0.67734375 0.0109375 0.00625
2 0.2109375 0.684375 0.00703125 0.0125
16 0.63671875 0.678125 0.0125 0.00390625
16 0.43515625 0.6828125 0.00703125 0.00703125
2 0.1359375 0.68828125 0.01015625 0.0125
16 0.54609375 0.6859375 0.0046875 0.0140625
16 0.46328125 0.6875 0.00703125 0.00390625
16 0.82578125 0.68203125 0.01015625 0.0046875
9 0.7265625 0.68515625 0.11953125 0.1125
2 0.85234375 0.68359375 0.0125 0.00703125
16 0.6390625 0.68828125 0.015625 0.00546875
9 0.10078125 0.69765625 0.04609375 0.0328125
16 0.36328125 0.6953125 0.0078125 0.0140625
16 0.4328125 0.69453125 0.009375 0.00703125
9 0.1734375 0.70390625 0.04453125 0.03203125
9 0.31171875 0.70234375 0.04609375 0.03046875
9 0.24453125 0.70390625 0.04609375 0.0328125
16 0.8265625 0.69375 0.0109375 0.00625
16 0.63671875 0.6984375 0.0125 0.00390625
2 0.853125 0.69765625 0.01328125 0.01015625
16 0.621875 0.70703125 0.0078125 0.01875
16 0.82578125 0.70390625 0.0109375 0.0046875
16 0.63828125 0.709375 0.01171875 0.00546875
16 0.27890625 0.71640625 0.00859375 0.01328125
16 0.8546875 0.71171875 0.01484375 0.00703125
16 0.8265625 0.71640625 0.0140625 0.00546875
16 0.50546875 0.72578125 0.05390625 0.0265625
16 0.3890625 0.72890625 0.0609375 0.028125
9 0.89765625 0.7203125 0.0328125 0.1125
16 0.5640625 0.72734375 0.053125 0.02421875
16 0.44921875 0.72890625 0.05390625 0.02734375
2 0.64375 0.73359375 0.0140625 0.00625
16 0.20703125 0.74140625 0.00703125 0.0125
2 0.21875 0.74140625 0.0078125 0.0140625
2 0.8515625 0.73203125 0.00546875 0.01015625
16 0.3109375 0.740625 0.0046875 0.01015625
16 0.17578125 0.74296875 0.00703125 0.0109375
16 0.19296875 0.74296875 0.00625 0.01328125
16 0.23203125 0.74296875 0.009375 0.01171875
2 0.29296875 0.7421875 0.00625 0.01640625
16 0.259375 0.7421875 0.0078125 0.01328125
16 0.24609375 0.74296875 0.00625 0.0125
9 0.82578125 0.734375 0.01640625 0.01953125
16 0.334375 0.74375 0.00859375 0.00546875
16 0.8625 0.7375 0.00703125 0.0140625
16 0.14765625 0.75390625 0.01171875 0.0046875
16 0.3421875 0.75703125 0.01015625 0.0046875
16 0.11640625 0.7609375 0.0109375 0.00625
9 0.075 0.765625 0.03671875 0.0390625
16 0.146875 0.7640625 0.00859375 0.00625
16 0.34140625 0.7671875 0.0109375 0.00546875
16 0.75859375 0.7609375 0.00546875 0.00859375
2 0.74140625 0.76171875 0.00703125 0.01171875
2 0.85390625 0.76015625 0.0046875 0.01171875
16 0.11796875 0.771875 0.0109375 0.00546875
16 0.78984375 0.76171875 0.00546875 0.0109375
16 0.8 0.76171875 0.00703125 0.0125
2 0.7765625 0.7625 0.01015625 0.01171875
16 0.70625 0.7640625 0.00703125 0.0109375
9 0.82578125 0.7640625 0.01640625 0.01953125
16 0.14609375 0.77578125 0.00859375 0.00546875
16 0.86484375 0.7640625 0.003125 0.01484375
16 0.3421875 0.778125 0.0109375 0.0046875
16 0.146875 0.78671875 0.0078125 0.00546875
16 0.79609375 0.78125 0.0125 0.00546875
2 0.34375 0.79140625 0.0125 0.00546875
2 0.8625 0.784375 0.0140625 0.00546875
16 0.74921875 0.7875 0.00390625 0.0125
16 0.77421875 0.7875 0.00703125 0.0125
16 0.14765625 0.79765625 0.00859375 0.00546875
16 0.76015625 0.7875 0.00390625 0.01171875
16 0.63359375 0.79453125 0.00625 0.0140625
16 0.7953125 0.79375 0.0109375 0.00546875
16 0.82734375 0.79375 0.01328125 0.01875
9 0.903125 0.79375 0.01875 0.01953125
16 0.34140625 0.803125 0.01171875 0.00546875
16 0.125 0.80859375 0.0046875 0.01171875
16 0.37265625 0.80546875 0.01328125 0.00546875
16 0.14765625 0.81015625 0.00859375 0.00546875
16 0.87109375 0.80078125 0.015625 0.00546875
16 0.3421875 0.8140625 0.009375 0.0046875
16 0.37421875 0.8171875 0.01328125 0.0078125
16 0.146875 0.8203125 0.01015625 0.00390625
16 0.56875 0.81875 0.0125 0.00546875
16 0.80625 0.815625 0.0109375 0.00546875
16 0.6921875 0.81953125 0.00703125 0.0125
9 0.2484375 0.8265625 0.12734375 0.12421875
2 0.34296875 0.8265625 0.01015625 0.00703125
16 0.675 0.82109375 0.00546875 0.0125
16 0.63359375 0.82421875 0.00703125 0.01328125
16 0.37734375 0.83046875 0.01484375 0.00703125
16 0.56953125 0.82890625 0.0109375 0.00546875
2 0.153125 0.83671875 0.00625 0.0109375
16 0.34296875 0.83671875 0.00859375 0.00546875
16 0.61171875 0.8359375 0.0125 0.00703125
16 0.375 0.84140625 0.0125 0.00546875
16 0.765625 0.8375 0.0046875 0.01171875
2 0.56953125 0.840625 0.01328125 0.00859375
16 0.83828125 0.83671875 0.00390625 0.0109375
16 0.66953125 0.8421875 0.0046875 0.009375
16 0.68125 0.8421875 0.00703125 0.0125
16 0.3421875 0.8484375 0.01171875 0.003125
16 0.65625 0.84375 0.00703125 0.01171875
16 0.6984375 0.84296875 0.00625 0.01171875
16 0.71171875 0.84296875 0.00546875 0.0109375
2 0.375 0.8515625 0.01484375 0.00625
16 0.09140625 0.85859375 0.01015625 0.00703125
9 0.47734375 0.85234375 0.12734375 0.12578125
16 0.5703125 0.853125 0.00859375 0.00546875
2 0.3421875 0.86328125 0.01171875 0.00546875
16 0.37734375 0.86328125 0.01015625 0.00546875
2 0.71171875 0.8625 0.0140625 0.0046875
16 0.83984375 0.86015625 0.0046875 0.01171875
2 0.6390625 0.86328125 0.01640625 0.00703125
16 0.09375 0.87265625 0.0109375 0.00703125
16 0.06796875 0.87578125 0.0125 0.00390625
16 0.7390625 0.86640625 0.0140625 0.00703125
16 0.3421875 0.8734375 0.01328125 0.0078125
2 0.15625 0.878125 0.01171875 0.0046875
16 0.5703125 0.8734375 0.0125 0.00703125
16 0.0953125 0.88203125 0.00859375 0.0078125
9 0.8703125 0.8703125 0.0265625 0.08046875
16 0.76484375 0.8734375 0.0046875 0.01171875
16 0.06953125 0.8859375 0.00625 0.00625
16 0.7421875 0.87890625 0.009375 0.0046875
16 0.1578125 0.88984375 0.00703125 0.00546875
16 0.34140625 0.88828125 0.0109375 0.00546875
16 0.56953125 0.884375 0.00859375 0.00390625
16 0.09375 0.8953125 0.015625 0.00546875
16 0.134375 0.8953125 0.0078125 0.00625
16 0.91875 0.8828125 0.00703125 0.01328125
16 0.9015625 0.884375 0.0046875 0.01171875
16 0.6140625 0.89140625 0.0109375 0.00625
16 0.74296875 0.89140625 0.00859375 0.0046875
16 0.1578125 0.9015625 0.0078125 0.0046875
16 0.56953125 0.89609375 0.0109375 0.00546875
16 0.09375 0.90546875 0.0109375 0.00625
16 0.840625 0.896875 0.00546875 0.00859375
16 0.74140625 0.9015625 0.01015625 0.00546875
16 0.57109375 0.90859375 0.009375 0.00546875
2 0.29375 0.91328125 0.00703125 0.01171875
16 0.19453125 0.91484375 0.00625 0.0140625
16 0.09140625 0.9171875 0.009375 0.0046875
2 0.20859375 0.91640625 0.0046875 0.0140625
16 0.3875 0.9140625 0.00625 0.0125
16 0.18203125 0.9171875 0.00703125 0.0109375
16 0.28203125 0.915625 0.00703125 0.01328125
16 0.21875 0.9171875 0.00703125 0.0125
16 0.2328125 0.9171875 0.00703125 0.0125
2 0.35546875 0.915625 0.00703125 0.01328125
16 0.3671875 0.91640625 0.00546875 0.0140625
16 0.2453125 0.91796875 0.00546875 0.01328125
16 0.26953125 0.91796875 0.00390625 0.01171875
16 0.2578125 0.91953125 0.00859375 0.01328125
2 0.1515625 0.92109375 0.00703125 0.01171875
16 0.128125 0.92109375 0.00390625 0.0125
16 0.1671875 0.92109375 0.00625 0.0109375
9 0.67578125 0.91484375 0.078125 0.0734375
16 0.73984375 0.91484375 0.01328125 0.00625
16 0.09375 0.928125 0.0109375 0.00546875
16 0.0390625 0.92890625 0.01484375 0.00703125
16 0.7421875 0.925 0.0125 0.00390625
16 0.09375 0.93828125 0.0109375 0.00546875
16 0.26796875 0.9359375 0.0109375 0.01015625
16 0.03984375 0.93984375 0.0125 0.00625
2 0.20078125 0.9390625 0.0046875 0.0125
16 0.2265625 0.9390625 0.00625 0.01171875
16 0.50078125 0.93515625 0.00546875 0.0140625
16 0.215625 0.93984375 0.00625 0.0109375
16 0.41015625 0.93671875 0.00546875 0.0125
16 0.2421875 0.93984375 0.00390625 0.01328125
16 0.42265625 0.9375 0.00703125 0.01328125
16 0.490625 0.93671875 0.00703125 0.0140625
16 0.5125 0.9359375 0.0078125 0.01484375
16 0.253125 0.940625 0.0046875 0.0140625
2 0.47890625 0.93671875 0.0046875 0.01875
16 0.5265625 0.9359375 0.00625 0.0140625
16 0.53828125 0.93671875 0.00546875 0.01171875
9 0.59296875 0.93671875 0.02109375 0.015625
16 0.74296875 0.93671875 0.01171875 0.00390625
16 0.09453125 0.94921875 0.00859375 0.00546875
16 0.815625 0.940625 0.00703125 0.015625
16 0.46171875 0.94609375 0.00703125 0.01328125
16 0.45 0.946875 0.003125 0.0125
16 0.4390625 0.9484375 0.00625 0.015625
2 0.209375 0.95859375 0.01328125 0.009375
9 0.178125 0.959375 0.02265625 0.03984375
9 0.13828125 0.9609375 0.021875 0.04296875
9 0.78203125 0.9515625 0.02890625 0.04140625
16 0.5078125 0.95703125 0.00625 0.0140625
16 0.5203125 0.95703125 0.0078125 0.0171875
16 0.49609375 0.95859375 0.00703125 0.0125
16 0.53125 0.959375 0.00703125 0.0140625
16 0.7421875 0.95859375 0.0125 0.00546875
16 0.23359375 0.9671875 0.00703125 0.0140625
16 0.5578125 0.96328125 0.00390625 0.01171875
2 0.5890625 0.9640625 0.01015625 0.01328125
2 0.5734375 0.9640625 0.01015625 0.0171875
16 0.2453125 0.96953125 0.00703125 0.01796875
16 0.60546875 0.9640625 0.0046875 0.0109375
16 0.8171875 0.9640625 0.00625 0.01640625
16 0.6609375 0.96640625 0.00859375 0.00546875
16 0.63984375 0.96640625 0.01484375 0.00546875
16 0.70859375 0.965625 0.0125 0.0046875
16 0.684375 0.9671875 0.0109375 0.00546875
16 0.3890625 0.971875 0.0140625 0.00625
16 0.73125 0.96953125 0.0125 0.0046875
16 0.27109375 0.97734375 0.01171875 0.00546875
16 0.21953125 0.08984375 0.01640625 0.0140625
16 0.21875 0.10234375 0.0125 0.00625
9 0.17421875 0.1046875 0.01640625 0.0125
16 0.44140625 0.1046875 0.0125 0.00390625
16 0.52734375 0.10390625 0.00546875 0.0125
2 0.50234375 0.1046875 0.00625 0.01171875
16 0.51484375 0.1046875 0.0046875 0.0109375
9 0.47734375 0.11171875 0.01796875 0.03515625
2 0.22578125 0.11640625 0.0109375 0.01015625
16 0.44296875 0.1140625 0.00859375 0.00390625
16 0.0921875 0.1203125 0.0078125 0.015625
16 0.1296875 0.121875 0.00859375 0.015625
16 0.5234375 0.11875 0.0109375 0.00859375
16 0.04296875 0.12890625 0.00625 0.015625
16 0.24921875 0.125 0.01640625 0.0046875
16 0.4421875 0.125 0.009375 0.00703125
16 0.503125 0.125 0.0078125 0.015625
16 0.36796875 0.128125 0.00546875 0.01171875
16 0.18203125 0.13125 0.01484375 0.00625
16 0.35625 0.1296875 0.00859375 0.0109375
16 0.3453125 0.1296875 0.0078125 0.01015625
16 0.53984375 0.1328125 0.02890625 0.0125
16 0.25 0.13828125 0.00859375 0.00546875
2 0.71328125 0.13203125 0.0109375 0.0125
16 0.18203125 0.1421875 0.0125 0.0046875
16 0.4421875 0.1375 0.0078125 0.00703125
9 0.778125 0.134375 0.078125 0.14609375
16 0.88515625 0.134375 0.0546875 0.021875
16 0.04453125 0.14921875 0.003125 0.01796875
16 0.24765625 0.1484375 0.00859375 0.00390625
16 0.18203125 0.15234375 0.01015625 0.00703125
16 0.48984375 0.14765625 0.00859375 0.01484375
16 0.5046875 0.14765625 0.00625 0.0140625
2 0.3234375 0.1515625 0.0046875 0.0125
16 0.47890625 0.1484375 0.00546875 0.0140625
16 0.271875 0.1515625 0.0046875 0.0125
16 0.2984375 0.15234375 0.00703125 0.01484375
16 0.28515625 0.15234375 0.00859375 0.0140625
16 0.3609375 0.1515625 0.00859375 0.0125
16 0.35 0.15234375 0.00390625 0.01484375
16 0.39453125 0.15234375 0.0046875 0.0140625
16 0.3109375 0.15390625 0.003125 0.0140625
16 0.33828125 0.153125 0.0046875 0.0140625
2 0.38125 0.15234375 0.00703125 0.01484375
2 0.24765625 0.1578125 0.0125 0.00703125
9 0.21484375 0.16171875 0.021875 0.0203125
16 0.84375 0.15234375 0.0125 0.00390625
16 0.1828125 0.165625 0.00859375 0.00546875
16 0.0828125 0.17265625 0.0046875 0.0125
16 0.25078125 0.1703125 0.01015625 0.0046875
2 0.5875 0.16640625 0.0078125 0.01328125
2 0.62421875 0.16640625 0.01171875 0.01484375
2 0.60625 0.1671875 0.0125 0.015625
2 0.64140625 0.1671875 0.009375 0.015625
16 0.84609375 0.165625 0.01484375 0.00390625
16 0.18125 0.17734375 0.01015625 0.00390625
16 0.41328125 0.1765625 0.0125 0.00703125
16 0.22265625 0.18046875 0.0171875 0.009375
16 0.25 0.18203125 0.00703125 0.00546875
16 0.8859375 0.18046875 0.05625 0.025
16 0.41640625 0.1890625 0.00859375 0.00546875
16 0.18984375 0.19453125 0.0046875 0.01171875
16 0.17734375 0.19453125 0.00390625 0.01328125
16 0.24921875 0.1953125 0.0109375 0.00546875
2 0.8359375 0.18828125 0.00703125 0.01640625
16 0.84765625 0.1890625 0.00625 0.01171875
16 0.4125 0.19921875 0.01015625 0.00546875
16 0.25078125 0.20703125 0.0140625 0.00546875
16 0.1828125 0.2109375 0.01171875 0.00390625
9 0.215625 0.2125 0.01484375 0.03515625
16 0.41484375 0.21484375 0.0109375 0.00546875
2 0.05546875 0.2203125 0.0125 0.00703125
16 0.25 0.22109375 0.01171875 0.00625
16 0.184375 0.2234375 0.01015625 0.00390625
9 0.33359375 0.22578125 0.11953125 0.11015625
2 0.58828125 0.22265625 0.01171875 0.0140625
2 0.7484375 0.221875 0.009375 0.01484375
16 0.2515625 0.23046875 0.009375 0.00546875
16 0.134375 0.23359375 0.0125 0.00625
9 0.0953125 0.234375 0.02890625 0.03828125
16 0.415625 0.23125 0.0109375 0.00703125
16 0.88984375 0.225 0.053125 0.02265625
16 0.1328125 0.2453125 0.0109375 0.00546875
16 0.41640625 0.24375 0.00859375 0.00546875
16 0.2 0.24765625 0.01015625 0.015625
16 0.24140625 0.246875 0.0078125 0.015625
2 0.23125 0.24765625 0.00625 0.01171875
16 0.25390625 0.24765625 0.00625 0.0140625
16 0.1828125 0.25078125 0.01171875 0.00546875
9 0.66796875 0.25 0.13671875 0.06484375
9 0.50625 0.25234375 0.1328125 0.0609375
16 0.4171875 0.25546875 0.00859375 0.00546875
9 0.79609375 0.25 0.034375 0.065625
16 0.18203125 0.2625 0.00859375 0.00546875
2 0.75078125 0.25390625 0.009375 0.0171875
16 0.24921875 0.2625 0.0109375 0.00703125
16 0.1546875 0.26796875 0.0046875 0.01015625
16 0.13515625 0.26875 0.0078125 0.0046875
16 0.165625 0.26875 0.0046875 0.01328125
16 0.415625 0.265625 0.00859375 0.0046875
16 0.1828125 0.27265625 0.0109375 0.00546875
16 0.25078125 0.2765625 0.0125 0.0046875
2 0.1359375 0.28046875 0.00859375 0.00546875
16 0.4171875 0.2765625 0.00859375 0.00390625
16 0.8875 0.26953125 0.0546875 0.0265625
9 0.0921875 0.2859375 0.02734375 0.0375
9 0.2171875 0.284375 0.0203125 0.03828125
16 0.1828125 0.28671875 0.0078125 0.00546875
2 0.590625 0.2796875 0.0046875 0.0125
2 0.7515625 0.27890625 0.0078125 0.0125
16 0.1546875 0.28828125 0.0046875 0.015625
16 0.2515625 0.28671875 0.015625 0.0078125
16 0.16640625 0.28984375 0.003125 0.0125
16 0.13828125 0.290625 0.0109375 0.00703125
16 0.840625 0.284375 0.01328125 0.00625
16 0.18515625 0.29609375 0.0125 0.00390625
16 0.31015625 0.29453125 0.015625 0.00546875
16 0.28671875 0.29609375 0.01484375 0.00546875
16 0.25234375 0.2984375 0.0109375 0.00546875
2 0.38515625 0.3015625 0.00703125 0.01484375
2 0.18203125 0.3078125 0.0125 0.0078125
2 0.75078125 0.30390625 0.01015625 0.0171875
2 0.590625 0.30703125 0.00859375 0.01328125
16 0.18125 0.31875 0.0171875 0.00625
16 0.27578125 0.3234375 0.00546875 0.0140625
16 0.25078125 0.32421875 0.01484375 0.00703125
16 0.8890625 0.315625 0.05234375 0.025
16 0.12890625 0.33046875 0.0046875 0.0125
16 0.1484375 0.33125 0.00703125 0.0140625
16 0.15859375 0.33046875 0.0046875 0.0125
9 0.21796875 0.33125 0.01875 0.034375
9 0.51015625 0.3296875 0.13828125 0.0703125
16 0.18203125 0.33828125 0.0125 0.00546875
9 0.79921875 0.32890625 0.03515625 0.075
9 0.3328125 0.3375 0.07421875 0.05703125
9 0.67265625 0.3328125 0.1359375 0.0609375
2 0.38984375 0.33828125 0.0125 0.00546875
16 0.25078125 0.3421875 0.0109375 0.00390625
16 0.421875 0.340625 0.0140625 0.0046875
2 0.184375 0.3484375 0.01015625 0.00546875
2 0.75390625 0.3421875 0.0125 0.00390625
16 0.1046875 0.35703125 0.00703125 0.0125
16 0.4234375 0.35234375 0.00859375 0.00390625
16 0.08046875 0.3578125 0.0046875 0.01171875
16 0.2421875 0.36015625 0.00859375 0.0078125
16 0.19296875 0.3640625 0.00859375 0.015625
16 0.17890625 0.36484375 0.00859375 0.015625
16 0.2796875 0.3640625 0.00625 0.015625
16 0.4234375 0.36328125 0.0125 0.00625
2 0.59140625 0.36328125 0.0078125 0.01015625
16 0.39765625 0.3671875 0.0046875 0.0125
16 0.3875 0.36875 0.00546875 0.0140625
2 0.753125 0.36328125 0.00546875 0.0140625
16 0.24296875 0.37109375 0.0109375 0.00546875
16 0.8453125 0.36328125 0.01640625 0.00546875
16 0.8875 0.36328125 0.05546875 0.02421875
16 0.42421875 0.3765625 0.01328125 0.00625
16 0.13125 0.38515625 0.00703125 0.0140625
16 0.15546875 0.384375 0.003125 0.0125
16 0.1421875 0.3859375 0.00625 0.01171875
16 0.37109375 0.3828125 0.01640625 0.0078125
16 0.34375 0.38359375 0.0125 0.00546875
16 0.39375 0.3828125 0.01640625 0.00703125
16 0.534375 0.38046875 0.01328125 0.00546875
16 0.51015625 0.38125 0.015625 0.00703125
16 0.4765625 0.38203125 0.0109375 0.0046875
16 0.44765625 0.3859375 0.01015625 0.00546875
16 0.5890625 0.38359375 0.01640625 0.00625
16 0.4234375 0.3875 0.0125 0.00703125
16 0.1125 0.39453125 0.0125 0.00546875
2 0.23984375 0.39921875 0.0140625 0.00546875
2 0.33203125 0.39765625 0.0078125 0.00390625
2 0.5546875 0.3953125 0.0109375 0.00625
16 0.45 0.39765625 0.00859375 0.00703125
16 0.42265625 0.39765625 0.0109375 0.00390625
16 0.66640625 0.39453125 0.01875 0.0265625
16 0.1453125 0.40546875 0.01171875 0.00546875
16 0.68828125 0.39765625 0.0109375 0.00859375
16 0.7609375 0.40078125 0.0078125 0.015625
16 0.07265625 0.4125 0.0046875 0.01171875
16 0.45 0.40625 0.00703125 0.0046875
16 0.42421875 0.40703125 0.0109375 0.00546875
2 0.33046875 0.409375 0.0078125 0.0046875
16 0.10625 0.41328125 0.0046875 0.0140625
16 0.11796875 0.41328125 0.0046875 0.0125
2 0.53515625 0.40703125 0.0140625 0.00546875
9 0.28671875 0.41171875 0.034375 0.06484375
9 0.196875 0.41328125 0.03515625 0.0703125
9 0.80078125 0.40546875 0.034375 0.065625
16 0.146875 0.4171875 0.0078125 0.003125
16 0.8890625 0.4078125 0.05234375 0.02109375
16 0.44921875 0.41796875 0.00703125 0.00625
16 0.3296875 0.4203125 0.0140625 0.0078125
9 0.73046875 0.41328125 0.0328125 0.0390625
16 0.42421875 0.41953125 0.0109375 0.00703125
16 0.55078125 0.41796875 0.0125 0.00546875
9 0.6 0.41796875 0.05625 0.03125
16 0.08984375 0.4296875 0.009375 0.00390625
16 0.14921875 0.428125 0.0125 0.00546875
16 0.11171875 0.4296875 0.0125 0.00625
9 0.37890625 0.42578125 0.04609375 0.06875
9 0.49140625 0.425 0.03828125 0.06875
16 0.45078125 0.4265625 0.00703125 0.00625
16 0.425 0.42890625 0.00859375 0.00390625
2 0.684375 0.425 0.01015625 0.00390625
16 0.55 0.4296875 0.01484375 0.00546875
16 0.14921875 0.440625 0.0109375 0.00625
16 0.45 0.4390625 0.0078125 0.00390625
2 0.42265625 0.4421875 0.0109375 0.00546875
16 0.55234375 0.44140625 0.01171875 0.00625
16 0.14921875 0.45078125 0.01171875 0.00546875
16 0.846875 0.440625 0.01640625 0.00625
16 0.63984375 0.44453125 0.0046875 0.01171875
16 0.45078125 0.44765625 0.0109375 0.00703125
16 0.32890625 0.45 0.01171875 0.00546875
2 0.6515625 0.4453125 0.00859375 0.0140625
16 0.678125 0.4453125 0.009375 0.0140625
16 0.75703125 0.44453125 0.0109375 0.00703125
16 0.665625 0.44609375 0.00859375 0.0140625
16 0.3296875 0.46015625 0.0125 0.00625
16 0.421875 0.45859375 0.0078125 0.0046875
16 0.146875 0.46328125 0.01015625 0.00625
16 0.88984375 0.4515625 0.053125 0.025
16 0.5359375 0.4578125 0.0109375 0.00390625
16 0.80234375 0.0015625 0.00546875 0.00234375
16 0.446875 0.46015625 0.01640625 0.00625
16 0.1046875 0.46796875 0.00703125 0.00546875