16 0.56484375 0.70859375 0.0203125 0.02109375
2 0.58359375 0.70234375 0.01796875 0.025
16 0.8578125 0.59921875 0.02265625 0.02265625
16 0.83359375 0.609375 0.02421875 0.02578125
16 0.53046875 0.73203125 0.0203125 0.021875
16 0.55 0.725 0.0171875 0.02421875
2 0.4921875 0.7515625 0.04375 0.06484375
16 0.62109375 0.71328125 0.0234375 0.021875
16 0.640625 0.70546875 0.02109375 0.02265625
16 0.6015625 0.72109375 0.02421875 0.02890625
16 0.62421875 0.72890625 0.021875 0.0265625
16 0.0609375 0.95859375 0.021875 0.0265625
2 0.08125 0.953125 0.0234375 0.02734375
16 0.64609375 0.72265625 0.02265625 0.0296875
16 0.6046875 0.73984375 0.021875 0.025
16 0.10078125 0.9453125 0.021875 0.0296875
16 0.88671875 0.63359375 0.0203125 0.02109375
2 0.9484375 0.628125 0.0578125 0.0953125
16 0.06796875 0.984375 0.0234375 0.0296875
2 0.08515625 0.97890625 0.02109375 0.0296875
16 0.10625 0.97265625 0.02265625 0.02265625
16 0.65703125 0.75546875 0.015625 0.03828125
16 0.19921875 0.94609375 0.01484375 0.03359375
2 0.61796875 0.77890625 0.04453125 0.06796875
16 0.10703125 0.990625 0.01796875 0.0171875
16 0.640625 0.78125 0.0125 0.03359375
16 0.21953125 0.953125 0.0203125 0.02421875
2 0.0890625 0.99609375 0.02421875 0.00703125
2 0.17890625 0.97109375 0.01953125 0.025
2 0.36484375 0.9109375 0.015625 0.03828125
2 0.71171875 0.77421875 0.015625 0.0375
16 0.221875 0.9765625 0.01875 0.021875
9 0.684375 0.7921875 0.053125 0.059375
16 0.86875 0.73125 0.0171875 0.0375
16 0.640625 0.82421875 0.01875 0.02109375
2 0.5953125 0.84921875 0.01015625 0.02890625
16 0.5828125 0.85859375 0.0140625 0.03828125
16 0.2265625 0.996875 0.0203125 0.0046875
16 0.30078125 0.9765625 0.0203125 0.021875
16 0.6828125 0.8234375 0.02265625 0.0265625
2 0.9484375 0.7203125 0.0390625 0.08984375
9 0.3453125 0.9515625 0.05703125 0.0953125
16 0.87109375 0.7671875 0.01640625 0.034375
2 0.75859375 0.81953125 0.0578125 0.078125
16 0.30390625 0.9953125 0.0203125 0.0078125
2 0.9203125 0.7640625 0.05625 0.08515625
2 0.40078125 0.97265625 0.059375 0.053125
2 0.8703125 0.80703125 0.01875 0.04296875
2 0.2625 0.09921875 0.01484375 0.0328125
2 0.27734375 0.09609375 0.01328125 0.0328125
2 0.25625 0.13671875 0.05078125 0.0875
9 0.28203125 0.13046875 0.02578125 0.04296875
16 0.7015625 0.01171875 0.01640625 0.02265625
16 0.2671875 0.19453125 0.01328125 0.03828125
2 0.81796875 0.0703125 0.1703125 0.140625
2 0.37734375 0.17265625 0.18046875 0.31640625
9 0.65703125 0.07890625 0.1328125 0.1578125
9 0.21953125 0.24140625 0.11953125 0.18125
2 0.06328125 0.3140625 0.090625 0.196875
16 0.24609375 0.3265625 0.02578125 0.03359375
16 0.25 0.36484375 0.021875 0.03046875
9 0.83046875 0.1484375 0.0328125 0.04453125
2 0.82578125 0.24453125 0.03515625 0.06640625
16 0.80546875 0.27109375 0.021875 0.02265625
16 0.9515625 0.22890625 0.021875 0.02109375
2 0.58125 0.39296875 0.03359375 0.05625
2 0.53203125 0.41640625 0.03671875 0.05703125
16 0.8890625 0.27421875 0.0203125 0.02421875
2 0.63125 0.38125 0.05234375 0.0921875
16 0.94453125 0.259375 0.05078125 0.0484375
2 0.2265625 0.56171875 0.05546875 0.09140625
2 0.13671875 0.6 0.0328125 0.05546875
16 0.68515625 0.37890625 0.04921875 0.046875
2 0.72890625 0.37109375 0.0296875 0.04765625
2 0.17734375 0.59609375 0.03828125 0.06796875
2 0.0328125 0.6625 0.06484375 0.1765625
16 0.82265625 0.36171875 0.0203125 0.02265625
16 0.678125 0.43359375 0.021875 0.02890625
16 0.659375 0.446875 0.021875 0.02265625
16 0.8921875 0.36640625 0.0296875 0.09140625
16 0.23203125 0.634375 0.01484375 0.03828125
9 0.1578125 0.67109375 0.0328125 0.05078125
9 0.2015625 0.6546875 0.059375 0.075
9 0.1109375 0.70390625 0.03359375 0.04609375
2 0.715625 0.471875 0.0421875 0.071875
2 0.2125 0.68515625 0.0421875 0.078125
9 0.68828125 0.49453125 0.04375 0.10078125
2 0.96953125 0.3890625 0.06015625 0.12109375
2 0.03984375 0.778125 0.03984375 0.08125
2 0.10546875 0.7578125 0.03515625 0.053125
2 0.165625 0.74296875 0.03046875 0.046875
16 0.2671875 0.72890625 0.02109375 0.02265625
2 0.29375 0.7203125 0.0375 0.0921875
16 0.20625 0.75703125 0.02109375 0.02265625
16 0.146875 0.7859375 0.0203125 0.02421875
2 0.11328125 0.80078125 0.02265625 0.021875
2 0.23203125 0.753125 0.0203125 0.025
16 0.08515625 0.81328125 0.01875 0.025
2 0.1734375 0.77890625 0.01796875 0.02734375
9 0.4671875 0.66328125 0.03984375 0.090625
16 0.32734375 0.721875 0.0234375 0.02578125
16 0.33125 0.75 0.0203125 0.02109375
2 0.52890625 0.6734375 0.03984375 0.07265625
2 0.49609375 0.690625 0.02421875 0.02734375
2 0.64140625 0.6390625 0.084375 0.1375
16 0.56015625 0.67421875 0.0171875 0.0375
16 0.5515625 0.68125 0.015625 0.03828125
9 0.11171875 0.8609375 0.04921875 0.08671875
9 0.2953125 0.7875 0.0515625 0.09140625
16 0.92265625 0.53359375 0.03046875 0.0875
9 0.23359375 0.81328125 0.05390625 0.09609375
9 0.17421875 0.83828125 0.05078125 0.090625
16 0.3359375 0.7765625 0.01953125 0.02265625
2 0.81015625 0.584375 0.0421875 0.071875
16 0.5015625 0.71171875 0.021875 0.021875
16 0.934375 0.5359375 0.02421875 0.06875
2 0.46953125 0.72578125 0.021875 0.02578125
2 0.5953125 0.675 0.01796875 0.0375
2 0.4390625 0.74765625 0.0515625 0.08671875
16 0.33828125 0.7984375 0.0203125 0.025