16 0.86875 0.44296875 0.0046875 0.01171875
20 0.01796875 0.50703125 0.0359375 0.0375
2 0.08984375 0.5125 0.0046875 0.0109375
16 0.109375 0.51875 0.00859375 0.00390625
16 0.08984375 0.525 0.00390625 0.01015625
16 0.109375 0.52421875 0.00859375 0.00546875
2 0.09921875 0.53203125 0.00859375 0.00625
20 0.01796875 0.54140625 0.034375 0.0296875
16 0.05390625 0.53828125 0.01328125 0.0078125
2 0.71328125 0.0015625 0.00859375 0.003125
2 0.69609375 0.00234375 0.00859375 0.0046875
4 0.61953125 0.50859375 0.0484375 0.39453125
16 0.0515625 0.546875 0.01015625 0.00625
16 0.09140625 0.54765625 0.00390625 0.01171875
16 0.0078125 0.565625 0.01171875 0.00703125
20 0.05234375 0.571875 0.028125 0.05234375
2 0.115625 0.603125 0.00703125 0.02265625
16 0.06015625 0.05078125 0.0078125 0.00546875
16 0.06953125 0.6296875 0.01484375 0.0078125
4 0.7625 0.6 0.0609375 0.3703125
4 0.97109375 0.5859375 0.05703125 0.37578125
4 0.69375 0.60546875 0.053125 0.37265625
4 0.83125 0.596875 0.0578125 0.38203125
4 0.9 0.5921875 0.05546875 0.38203125
2 0.5703125 0.61484375 0.009375 0.00625
16 0.37890625 0.6296875 0.00859375 0.00625
16 0.6 0.62734375 0.0046875 0.009375
16 0.06015625 0.0546875 0.0078125 0.0046875
16 0.6 0.63984375 0.00390625 0.009375
2 0.53203125 0.65078125 0.00546875 0.0109375
2 0.5265625 0.6515625 0.00546875 0.01171875
16 0.084375 0.6859375 0.0046875 0.0109375
16 0.0796875 0.68671875 0.0046875 0.0109375
16 0.08984375 0.68671875 0.00625 0.0171875
16 0.6578125 0.65078125 0.009375 0.00546875
16 0.6578125 0.6546875 0.01015625 0.00625
16 0.5015625 0.6734375 0.00859375 0.00625
16 0.01015625 0.71015625 0.00390625 0.01875
16 0.73671875 0.01484375 0.00546875 0.01171875
16 0.025 0.71484375 0.00859375 0.00625
2 0.4328125 0.0359375 0.009375 0.00625
2 0.4453125 0.03515625 0.009375 0.00703125
2 0.3375 0.70546875 0.0171875 0.01015625
2 0.41875 0.03828125 0.00859375 0.00625
2 0.38359375 0.7046875 0.0046875 0.01171875
2 0.39296875 0.03984375 0.01015625 0.00625
2 0.40625 0.0390625 0.00859375 0.00625
2 0.378125 0.04140625 0.00859375 0.00625
2 0.0484375 0.06328125 0.0078125 0.00546875
2 0.36484375 0.04140625 0.00859375 0.00625
2 0.3515625 0.04375 0.00859375 0.00625
2 0.33828125 0.04453125 0.00859375 0.00625
2 0.325 0.0453125 0.009375 0.00625
9 0.021875 0.065625 0.04375 0.046875
2 0.38203125 0.7234375 0.00859375 0.00625
2 0.3125 0.046875 0.009375 0.00546875
2 0.29921875 0.04765625 0.00859375 0.00625
2 0.24375 0.0515625 0.01015625 0.00625
2 0.38203125 0.73125 0.00859375 0.00625
2 0.28984375 0.73828125 0.0171875 0.009375
2 0.3046875 0.73984375 0.00859375 0.0046875
2 0.2578125 0.0515625 0.01015625 0.00625
2 0.2171875 0.0546875 0.00859375 0.00546875
16 0.27890625 0.74453125 0.00390625 0.009375
2 0.2390625 0.74765625 0.01796875 0.01015625
2 0.21171875 0.75 0.01796875 0.009375
2 0.23046875 0.05390625 0.01015625 0.00625
2 0.20390625 0.05546875 0.00859375 0.00625
16 0.7234375 0.02109375 0.00859375 0.00625
2 0.1765625 0.0578125 0.00859375 0.00625
2 0.18984375 0.05703125 0.009375 0.00546875
2 0.16328125 0.05859375 0.00859375 0.00625
2 0.2796875 0.75390625 0.00859375 0.00546875
2 0.14921875 0.06015625 0.01015625 0.00703125
2 0.121875 0.06171875 0.00859375 0.00625
2 0.13515625 0.06171875 0.00859375 0.00625
2 0.29609375 0.75546875 0.0078125 0.021875
2 0.6203125 0.73515625 0.00859375 0.00625
2 0.0921875 0.0640625 0.00859375 0.00546875
2 0.1078125 0.06328125 0.009375 0.00625
16 0.28203125 0.76171875 0.00390625 0.01015625
16 0.278125 0.76328125 0.00390625 0.01015625
2 0.0796875 0.065625 0.00859375 0.00625
2 0.0640625 0.0671875 0.00859375 0.00625
16 0.2046875 0.778125 0.00859375 0.00625
2 0.04921875 0.06875 0.00859375 0.00546875
2 0.48359375 0.76328125 0.0046875 0.01171875
16 0.553125 0.76015625 0.00859375 0.00546875
16 0.2203125 0.7828125 0.00703125 0.0171875
16 0.159375 0.7921875 0.00625 0.01875
16 0.90234375 0.01328125 0.00546875 0.01015625
2 0.30234375 0.784375 0.0078125 0.02265625
16 0.90625 0.01328125 0.0046875 0.01015625
20 0.20390625 0.80078125 0.028125 0.0515625
20 0.178125 0.8046875 0.025 0.0546875
2 0.16015625 0.8078125 0.00390625 0.0109375
2 0.9765625 0.01015625 0.00546875 0.01171875
9 0.6171875 0.79140625 0.06484375 0.1046875
9 0.53515625 0.8078125 0.06796875 0.09453125
16 0.4578125 0.8203125 0.00859375 0.00625
16 0.790625 0.8015625 0.00859375 0.00625
16 0.76328125 0.02734375 0.0046875 0.01015625
16 0.7375 0.02890625 0.0046875 0.0109375
16 0.79140625 0.80625 0.00859375 0.00625
16 0.7671875 0.028125 0.0046875 0.01015625
2 0.45859375 0.83671875 0.01015625 0.00625
2 0.65703125 0.825 0.00859375 0.00625
2 0.37890625 0.84609375 0.00390625 0.01015625
2 0.37265625 0.846875 0.00390625 0.01015625
2 0.36171875 0.8484375 0.00390625 0.01015625
2 0.36640625 0.8484375 0.00390625 0.01015625
16 0.98671875 0.809375 0.00390625 0.0109375
16 0.58046875 0.8390625 0.00859375 0.00625
2 0.92578125 0.81796875 0.00546875 0.01171875
2 0.64609375 0.0375 0.01015625 0.00703125
16 0.2109375 0.86796875 0.01328125 0.00859375
16 0.79375 0.834375 0.00859375 0.00625
16 0.46875 0.86171875 0.00390625 0.01171875
16 0.4734375 0.86171875 0.00546875 0.0109375
16 0.58046875 0.85703125 0.00859375 0.00546875
16 0.590625 0.85546875 0.00859375 0.0046875
2 0.80390625 0.84296875 0.00859375 0.00546875
16 0.95234375 0.83359375 0.0046875 0.01015625
2 0.42109375 0.86953125 0.00546875 0.009375
16 0.93359375 0.83515625 0.00390625 0.01015625
16 0.93828125 0.8359375 0.00390625 0.01015625
2 0.94453125 0.834375 0.00390625 0.0109375
16 0.61328125 0.8578125 0.00546875 0.01015625
16 0.61796875 0.85703125 0.00390625 0.01171875
2 0.60625 0.85859375 0.00625 0.01328125
16 0.590625 0.8625 0.00859375 0.00546875
2 0.58046875 0.8640625 0.009375 0.00546875
2 0.8046875 0.84921875 0.01015625 0.00625
2 0.0984375 0.90078125 0.00703125 0.0046875
2 0.703125 0.86171875 0.009375 0.0078125
16 0.30390625 0.88984375 0.00390625 0.01015625
16 0.4234375 0.8828125 0.0078125 0.0046875
2 0.64765625 0.871875 0.009375 0.00625
16 0.3296875 0.8921875 0.00390625 0.0109375
16 0.31875 0.89375 0.00390625 0.01015625
16 0.3125 0.89453125 0.0046875 0.01015625
16 0.3234375 0.89375 0.00390625 0.01015625
16 0.42421875 0.88828125 0.00859375 0.00546875
2 0.20390625 0.903125 0.0046875 0.01171875
2 0.209375 0.903125 0.0046875 0.01171875
2 0.18125 0.90546875 0.00390625 0.0109375
2 0.2421875 0.90234375 0.00390625 0.01015625
2 0.07421875 0.9140625 0.0046875 0.0109375
2 0.0640625 0.91484375 0.00390625 0.01015625
16 0.06953125 0.91484375 0.0046875 0.01015625
2 0.909375 0.86171875 0.00859375 0.0046875
16 0.42734375 0.89609375 0.00859375 0.00625
2 0.80546875 0.871875 0.01015625 0.00546875
16 0.30234375 0.90703125 0.00390625 0.01015625
2 0.91015625 0.86796875 0.00859375 0.0046875
16 0.42734375 0.90078125 0.00859375 0.00546875
2 0.80625 0.878125 0.00859375 0.00625
2 0.96328125 0.8671875 0.01015625 0.00625
16 0.284375 0.91328125 0.00859375 0.00625
9 0.93828125 0.871875 0.03984375 0.05078125
2 0.91015625 0.87421875 0.00859375 0.00546875
16 0.6484375 0.8921875 0.01015625 0.00625
2 0.96328125 0.87421875 0.009375 0.00546875
16 0.04609375 0.93515625 0.0046875 0.0109375
16 0.0265625 0.93671875 0.00390625 0.01015625
16 0.0359375 0.93671875 0.0046875 0.0125
16 0.0421875 0.9359375 0.00546875 0.0109375
16 0.03203125 0.9359375 0.00546875 0.01171875
9 0.6796875 0.89453125 0.04375 0.0734375
2 0.9109375 0.88046875 0.00859375 0.00390625
2 0.65 0.89765625 0.01015625 0.00703125
2 0.9640625 0.88046875 0.00859375 0.00625
2 0.9109375 0.88671875 0.00859375 0.00546875
2 0.61015625 0.90859375 0.00859375 0.00625
2 0.2703125 0.93515625 0.00390625 0.01015625
2 0.9109375 0.8921875 0.00859375 0.00546875
2 0.70390625 0.90703125 0.00859375 0.00546875
2 0.65 0.9109375 0.01015625 0.00625
2 0.025 0.953125 0.009375 0.00625
2 0.61015625 0.9171875 0.00859375 0.00625
2 0.91171875 0.8984375 0.00859375 0.00625
16 0.928125 0.02734375 0.0078125 0.0046875
16 0.2703125 0.94921875 0.0046875 0.01015625
2 0.65078125 0.92421875 0.01015625 0.00625
2 0.9265625 0.90625 0.0046875 0.01015625
16 0.93125 0.90703125 0.00390625 0.01015625
16 0.9703125 0.9046875 0.00390625 0.01171875
2 0.93515625 0.90703125 0.0046875 0.01015625
2 0.93984375 0.90703125 0.0046875 0.01015625
2 0.909375 0.909375 0.0046875 0.01015625
2 0.92265625 0.9078125 0.00390625 0.01171875
2 0.978125 0.025 0.00546875 0.0125
16 0.97265625 0.02578125 0.00390625 0.01015625
4 0.3796875 0.9359375 0.08046875 0.1265625
2 0.65625 0.934375 0.00859375 0.00625
2 0.678125 0.93359375 0.00859375 0.00625
2 0.66484375 0.934375 0.009375 0.0078125
16 0.27109375 0.9609375 0.0046875 0.01015625
2 0.05078125 0.0875 0.0078125 0.00546875
4 0.51640625 0.940625 0.06328125 0.11796875
2 0.56640625 0.94453125 0.00859375 0.00625
16 0.55703125 0.94609375 0.00859375 0.00625
4 0.4453125 0.953125 0.0484375 0.0921875
4 0.30390625 0.95859375 0.06171875 0.08203125
4 0.146875 0.9609375 0.203125 0.07734375
16 0.67265625 0.04921875 0.0046875 0.01171875
16 0.66796875 0.04921875 0.0046875 0.0109375
16 0.73984375 0.04765625 0.00390625 0.0109375
16 0.64609375 0.05390625 0.01015625 0.00625
9 0.9 0.0375 0.034375 0.0390625
9 0.946875 0.03671875 0.028125 0.04375
16 0.8109375 0.04609375 0.00859375 0.00625
4 0.2671875 0.08828125 0.48828125 0.059375
16 0.81171875 0.05546875 0.00859375 0.00546875
2 0.97421875 0.05078125 0.00546875 0.0125
16 0.91171875 0.06171875 0.00390625 0.01015625
16 0.884375 0.06484375 0.00546875 0.01015625
16 0.90390625 0.06328125 0.00390625 0.0109375
16 0.89453125 0.0640625 0.0046875 0.01015625
16 0.9078125 0.06328125 0.0046875 0.0109375
16 0.9171875 0.0625 0.00390625 0.01015625
16 0.8265625 0.07109375 0.0046875 0.01171875
4 0.27578125 0.11875 0.48828125 0.07265625
2 0.64296875 0.09921875 0.00390625 0.0109375
16 0.82890625 0.09375 0.0078125 0.0046875
9 0.90234375 0.090625 0.03203125 0.0359375
16 0.82890625 0.0984375 0.00859375 0.00546875
9 0.95 0.0953125 0.02890625 0.04375
16 0.8296875 0.1046875 0.00859375 0.00625
2 0.4265625 0.134375 0.00859375 0.00625
2 0.453125 0.13203125 0.009375 0.00625
16 0.47890625 0.13125 0.01015625 0.00546875
2 0.34296875 0.140625 0.01015625 0.00625
2 0.31796875 0.1421875 0.009375 0.00703125
2 0.25546875 0.14765625 0.009375 0.00625
2 0.15703125 0.15625 0.00859375 0.00625
2 0.1875 0.15390625 0.00859375 0.00625
2 0.10703125 0.159375 0.0078125 0.00546875
16 0.64765625 0.125 0.009375 0.00546875
2 0.08046875 0.16171875 0.0078125 0.00625
16 0.8296875 0.11328125 0.00859375 0.00546875
2 0.0609375 0.16484375 0.00859375 0.00625
16 0.06875 0.1671875 0.00390625 0.01015625
16 0.0734375 0.16640625 0.00390625 0.01015625
16 0.6859375 0.128125 0.00859375 0.00625
16 0.64765625 0.13125 0.009375 0.0046875
2 0.0609375 0.16953125 0.0078125 0.0046875
16 0.83046875 0.11953125 0.00859375 0.00546875
16 0.9828125 0.11015625 0.00390625 0.00625
16 0.89296875 0.115625 0.0046875 0.01015625
16 0.89765625 0.115625 0.00390625 0.01015625
16 0.90625 0.115625 0.00390625 0.0109375
16 0.91015625 0.115625 0.00390625 0.01015625
16 0.91484375 0.115625 0.00390625 0.01015625
16 0.9015625 0.115625 0.0046875 0.0109375
16 0.91953125 0.115625 0.00390625 0.01015625
16 0.6859375 0.134375 0.00859375 0.00546875
16 0.83046875 0.12734375 0.00859375 0.00546875
2 0.934375 0.12421875 0.0046875 0.0109375
16 0.8875 0.128125 0.00859375 0.00625
16 0.83046875 0.13359375 0.00859375 0.00546875
16 0.68671875 0.14609375 0.00859375 0.00625
2 0.675 0.1484375 0.009375 0.0046875
16 0.915625 0.134375 0.00390625 0.01015625
16 0.9203125 0.13515625 0.0046875 0.0109375
16 0.97890625 0.13515625 0.00390625 0.01015625
16 0.98359375 0.1359375 0.00390625 0.0109375
2 0.46015625 0.17265625 0.00859375 0.00625
2 0.4328125 0.17421875 0.00859375 0.00625
2 0.41953125 0.175 0.00859375 0.00625
2 0.44609375 0.1734375 0.009375 0.00625
2 0.4015625 0.17734375 0.00859375 0.00546875
2 0.3609375 0.18046875 0.00859375 0.00625
2 0.375 0.1796875 0.009375 0.00546875
2 0.38828125 0.17890625 0.009375 0.00546875
2 0.33359375 0.18203125 0.009375 0.00625
2 0.31953125 0.1828125 0.00859375 0.00625
2 0.34765625 0.18203125 0.009375 0.00625
2 0.30546875 0.18515625 0.009375 0.00625
2 0.29140625 0.1859375 0.00859375 0.00625
2 0.8796875 0.146875 0.00390625 0.01015625
2 0.2484375 0.18984375 0.00859375 0.00625
2 0.234375 0.190625 0.00859375 0.00625
2 0.20625 0.19296875 0.00859375 0.00625
2 0.17890625 0.19453125 0.009375 0.00546875
2 0.2203125 0.1921875 0.0078125 0.00546875
2 0.19375 0.19375 0.00859375 0.00625
2 0.11015625 0.2 0.00859375 0.00546875
2 0.16640625 0.19609375 0.00859375 0.00625
2 0.1390625 0.19765625 0.00859375 0.00625
2 0.125 0.19921875 0.00859375 0.00546875
2 0.0828125 0.2015625 0.00859375 0.00546875
2 0.0703125 0.20234375 0.0078125 0.0046875
2 0.09609375 0.20078125 0.009375 0.00546875
2 0.15234375 0.196875 0.00859375 0.00625
16 0.0609375 0.2046875 0.00390625 0.0109375
16 0.840625 0.16015625 0.00859375 0.00625
16 0.853125 0.16015625 0.00859375 0.00625
2 0.05703125 0.21796875 0.00390625 0.0078125
16 0.84140625 0.16875 0.00703125 0.00546875
16 0.85390625 0.16796875 0.00859375 0.00546875
4 0.275 0.21796875 0.475 0.06875
16 0.684375 0.20625 0.009375 0.00703125
2 0.696875 0.20859375 0.01015625 0.00546875
2 0.70625 0.2171875 0.0046875 0.01015625
16 0.76484375 0.21484375 0.0046875 0.0125
16 0.7828125 0.215625 0.00390625 0.01171875
4 0.26015625 0.01953125 0.20390625 0.02265625
4 0.27578125 0.25625 0.4734375 0.06875
2 0.6078125 0.234375 0.01015625 0.00625
16 0.765625 0.2296875 0.00625 0.0140625
16 0.78828125 0.2296875 0.0046875 0.0125
2 0.36015625 0.27578125 0.00546875 0.0109375
2 0.31796875 0.28046875 0.0046875 0.0125
2 0.39609375 0.275 0.00546875 0.0125
2 0.2890625 0.28203125 0.00546875 0.01171875
2 0.23125 0.2859375 0.0046875 0.0109375
2 0.19765625 0.2890625 0.00546875 0.01171875
2 0.13203125 0.29375 0.0046875 0.01171875
2 0.11328125 0.2953125 0.00625 0.0125
2 0.08828125 0.29765625 0.00546875 0.01328125
2 0.07265625 0.29921875 0.0046875 0.01015625
16 0.06796875 0.3 0.00390625 0.0109375
16 0.0390625 0.30390625 0.01328125 0.0078125
2 0.02109375 0.31015625 0.00390625 0.0109375
16 0.00078125 0.31015625 0.0015625 0.0109375
2 0.03046875 0.30859375 0.00390625 0.009375
16 0.0046875 0.31015625 0.00390625 0.01015625
16 0.940625 0.25234375 0.00859375 0.00625
2 0.934375 0.253125 0.0046875 0.0125
16 0.928125 0.2546875 0.0046875 0.0109375
16 0.7828125 0.26484375 0.009375 0.00625
2 0.0359375 0.31484375 0.0046875 0.01015625
16 0.04453125 0.325 0.01328125 0.00625
2 0.58671875 0.29140625 0.009375 0.00625
2 0.83125 0.27578125 0.01015625 0.0078125
16 0.978125 0.26953125 0.00703125 0.00546875
2 0.0546875 0.3328125 0.009375 0.00546875
16 0.97890625 0.275 0.00703125 0.00546875
2 0.04765625 0.34140625 0.00390625 0.01015625
9 0.021875 0.3453125 0.04375 0.053125
16 0.0625 0.35 0.01328125 0.0078125
16 0.9796875 0.29375 0.00859375 0.00546875
2 0.05 0.3578125 0.00859375 0.00546875
16 0.0625 0.359375 0.0140625 0.0078125
16 0.9796875 0.29921875 0.0078125 0.00546875
2 0.05 0.36328125 0.0078125 0.00546875
2 0.68671875 0.325 0.00390625 0.0109375
16 0.6625 0.3265625 0.00859375 0.00546875
2 0.05078125 0.36875 0.00859375 0.00546875
16 0.06328125 0.36875 0.0125 0.00703125
2 0.70546875 0.3265625 0.00859375 0.00546875
16 0.7203125 0.32578125 0.0078125 0.00546875
16 0.6625 0.3328125 0.00859375 0.00546875
16 0.73359375 0.3296875 0.0078125 0.00546875
2 0.6625 0.33828125 0.00703125 0.00546875
16 0.03203125 0.38046875 0.00390625 0.01015625
2 0.04921875 0.38203125 0.0046875 0.01015625
16 0.04375 0.38203125 0.00625 0.01796875
16 0.721875 0.3375 0.00859375 0.00625
16 0.6625 0.34375 0.0078125 0.0046875
16 0.72109375 0.34296875 0.01015625 0.0046875
2 0.9625 0.32890625 0.009375 0.00625
2 0.721875 0.34921875 0.00703125 0.00546875
2 0.66328125 0.3578125 0.00859375 0.00546875
2 0.6421875 0.359375 0.00859375 0.00625
16 0.13359375 0.3953125 0.00390625 0.01015625
16 0.1640625 0.39453125 0.0078125 0.00390625
16 0.6640625 0.365625 0.00703125 0.00546875
16 0.15078125 0.4046875 0.0046875 0.01171875
16 0.66484375 0.37265625 0.0078125 0.0046875
2 0.7234375 0.37265625 0.00859375 0.00546875
16 0.66484375 0.378125 0.00703125 0.0046875
2 0.89375 0.36640625 0.01015625 0.00546875
2 0.66484375 0.38359375 0.00703125 0.00546875
2 0.009375 0.03671875 0.0046875 0.00859375
2 0.01953125 0.03671875 0.00546875 0.01015625
2 0.125 0.421875 0.00390625 0.01171875
16 0.165625 0.41953125 0.009375 0.00625
16 0.10625 0.42421875 0.00390625 0.0125
16 0.1203125 0.4234375 0.00390625 0.01484375
16 0.15234375 0.421875 0.00546875 0.01171875
16 0.665625 0.3890625 0.0078125 0.00546875
2 0.1140625 0.4265625 0.00859375 0.02265625
16 0.17890625 0.421875 0.00390625 0.0109375
16 0.165625 0.42578125 0.009375 0.00625
16 0.665625 0.39453125 0.0078125 0.00625
2 0.7234375 0.3921875 0.00859375 0.0046875
16 0.215625 0.428125 0.00546875 0.0109375
16 0.20703125 0.4296875 0.0046875 0.0109375
16 0.20234375 0.4296875 0.0046875 0.01015625
16 0.21171875 0.4296875 0.00390625 0.0109375
16 0.22265625 0.42890625 0.00390625 0.01171875
16 0.1609375 0.43359375 0.00859375 0.00625
16 0.665625 0.40078125 0.00859375 0.00625
16 0.12578125 0.4359375 0.00390625 0.0140625
16 0.13046875 0.4359375 0.00390625 0.0109375
16 0.121875 0.4375 0.00390625 0.0109375
16 0.134375 0.43671875 0.0046875 0.01171875
16 0.7265625 0.4 0.00703125 0.00625
16 0.1625 0.4390625 0.00859375 0.00546875
2 0.665625 0.40625 0.00703125 0.0046875
16 0.6890625 0.40703125 0.00859375 0.00546875
16 0.7265625 0.4046875 0.0078125 0.00625
16 0.69765625 0.409375 0.0046875 0.01015625
16 0.7265625 0.409375 0.0078125 0.00625
16 0.70859375 0.4109375 0.00859375 0.00546875
16 0.7265625 0.415625 0.00859375 0.00546875
16 0.01015625 0.48515625 0.01484375 0.009375