16 0.60390625 0.9140625 0.06171875 0.05078125
16 0.71171875 0.9640625 0.071875 0.0484375
9 0.709375 0.98515625 0.0859375 0.02734375
2 0.42890625 0.95546875 0.04921875 0.07890625
2 0.38671875 0.94140625 0.05234375 0.0828125
2 0.55546875 0.125 0.04921875 0.090625
4 0.10390625 0.0265625 0.078125 0.053125
2 0.9328125 0.24453125 0.0796875 0.1046875
2 0.9828125 0.26484375 0.03203125 0.09140625
2 0.709375 0.21953125 0.07890625 0.09140625
2 0.5265625 0.171875 0.05546875 0.090625
2 0.30625 0.15625 0.078125 0.0984375
2 0.10703125 0.10625 0.05 0.096875
2 0.921875 0.3328125 0.07421875 0.09296875
4 0.0703125 0.10234375 0.04453125 0.08828125
16 0.93671875 0.40234375 0.0859375 0.0625
20 0.3125 0.2375 0.04140625 0.07578125
2 0.665625 0.34375 0.071875 0.10625
20 0.49609375 0.02421875 0.0375 0.0484375
2 0.90703125 0.503125 0.0765625 0.11015625
2 0.625 0.06328125 0.1078125 0.10078125
2 0.046875 0.4 0.04375 0.07890625
2 0.78515625 0.615625 0.07890625 0.12734375
2 0.4265625 0.53203125 0.2828125 0.228125
4 0.0234375 0.47109375 0.046875 0.0921875
4 0.0265625 0.47734375 0.053125 0.09296875
2 0.490625 0.696875 0.034375 0.0546875
4 0.021875 0.56640625 0.04375 0.0859375
4 0.01796875 0.57578125 0.0359375 0.096875
2 0.03203125 0.58515625 0.0453125 0.07578125
2 0.60859375 0.7671875 0.0390625 0.0765625
16 0.22109375 0.6859375 0.07265625 0.05390625
2 0.828125 0.88828125 0.05546875 0.10234375
16 0.51484375 0.8046875 0.04375 0.08671875
16 0.6484375 0.84453125 0.08125 0.0578125
16 0.53359375 0.81328125 0.04140625 0.08046875
16 0.49453125 0.80703125 0.040625 0.1109375
2 0.2296875 0.74140625 0.12421875 0.0984375
2 0.69140625 0.88515625 0.04921875 0.07421875
16 0.62265625 0.87265625 0.09921875 0.06875