20 0.43046875 0.7359375 0.021875 0.02421875
16 0.30859375 0.72734375 0.009375 0.01640625
16 0.20859375 0.721875 0.00703125 0.01875
16 0.3265625 0.73125 0.0078125 0.0140625
20 0.25703125 0.7328125 0.01953125 0.021875
16 0.121875 0.0125 0.01484375 0.00703125
20 0.51328125 0.753125 0.0171875 0.0203125
20 0.475 0.7546875 0.02734375 0.02421875
16 0.4375 0.75703125 0.01796875 0.00703125
16 0.146875 0.01640625 0.00703125 0.01484375
16 0.490625 0.7765625 0.01015625 0.01484375
16 0.49921875 0.778125 0.00546875 0.01015625
16 0.06796875 0.01171875 0.0140625 0.00625
16 0.1359375 0.0171875 0.00703125 0.01484375
2 0.27578125 0.028125 0.00625 0.0171875
2 0.3203125 0.03125 0.0078125 0.01484375
16 0.28671875 0.0296875 0.00234375 0.0109375
16 0.5 0.80703125 0.00546875 0.01484375
2 0.30859375 0.03125 0.00546875 0.01953125
16 0.29765625 0.03125 0.00703125 0.01640625
16 0.09921875 0.01875 0.01328125 0.0078125
16 0.659375 0.90390625 0.00546875 0.0140625
20 0.2 0.87265625 0.01953125 0.025
20 0.49609375 0.89375 0.01875 0.02578125
2 0.67109375 0.90625 0.00625 0.01328125
16 0.521875 0.896875 0.01015625 0.02578125
2 0.6375 0.90390625 0.0046875 0.01171875
16 0.6484375 0.9046875 0.00859375 0.01484375
16 0.26640625 0.88125 0.01171875 0.02578125
20 0.3203125 0.88671875 0.0203125 0.02265625
20 0.725 0.915625 0.01953125 0.02265625
16 0.4203125 0.8953125 0.009375 0.01796875
20 0.39609375 0.89453125 0.0203125 0.0265625
16 0.74921875 0.92734375 0.0078125 0.01015625
16 0.81640625 0.93359375 0.0046875 0.01171875
16 0.76015625 0.93125 0.00546875 0.009375
16 0.8 0.93515625 0.00859375 0.01328125
16 0.8578125 0.94296875 0.009375 0.0234375
16 0.884375 0.95 0.00546875 0.01171875
2 0.87265625 0.94921875 0.00625 0.0125
16 0.79453125 0.9578125 0.003125 0.01015625
2 0.80546875 0.959375 0.00625 0.01171875
20 0.1203125 0.03203125 0.01875 0.0234375
16 0.09765625 0.03125 0.01328125 0.00546875
2 0.596875 0.07734375 0.0359375 0.0390625
2 0.34765625 0.0640625 0.03828125 0.0453125
16 0.08359375 0.04609375 0.0078125 0.0140625
16 0.09453125 0.046875 0.00390625 0.01328125
2 0.6484375 0.0875 0.03828125 0.03828125
2 0.534375 0.07890625 0.05 0.05546875
2 0.39296875 0.075 0.01796875 0.00703125
2 0.290625 0.071875 0.04140625 0.0421875
2 0.065625 0.0578125 0.00546875 0.01171875
2 0.25859375 0.07265625 0.00703125 0.01328125
16 0.05390625 0.0578125 0.00546875 0.0125
2 0.38984375 0.084375 0.01640625 0.00625
2 0.08671875 0.07578125 0.01640625 0.0328125
2 0.12109375 0.0796875 0.028125 0.03203125
2 0.32109375 0.10234375 0.01171875 0.00859375
2 0.63359375 0.125 0.0140625 0.0109375
16 0.30078125 0.115625 0.00546875 0.01171875
2 0.6296875 0.1390625 0.0140625 0.009375
2 0.03671875 0.0984375 0.02265625 0.0359375
2 0.37109375 0.12265625 0.04140625 0.0421875
20 0.3265625 0.12421875 0.02109375 0.02109375
20 0.28125 0.12109375 0.021875 0.02421875
2 0.19609375 0.12734375 0.00859375 0.0171875
16 0.3 0.134375 0.003125 0.01015625
2 0.09375 0.12421875 0.03203125 0.0328125
2 0.18203125 0.14765625 0.0046875 0.01796875
2 0.97578125 0.203125 0.01171875 0.0234375
2 0.62421875 0.1796875 0.015625 0.0359375
2 0.5875 0.18125 0.0375 0.03828125
2 0.03125 0.15625 0.01875 0.03515625
2 0.4765625 0.1875 0.04375 0.04296875
2 0.05703125 0.15859375 0.0078125 0.015625
2 0.53203125 0.1921875 0.03515625 0.0375
2 0.97578125 0.22421875 0.01796875 0.0125
16 0.29296875 0.1859375 0.0125 0.009375
16 0.23203125 0.1859375 0.01015625 0.00625
2 0.97421875 0.23828125 0.01796875 0.01015625
2 0.08515625 0.18046875 0.02734375 0.0328125
2 0.415625 0.21953125 0.0265625 0.021875
2 0.05234375 0.19609375 0.00625 0.01484375
2 0.5046875 0.22890625 0.00703125 0.01328125
2 0.946875 0.29375 0.0375 0.03671875
2 0.48671875 0.26875 0.05546875 0.05
9 0.4234375 0.27109375 0.03046875 0.04296875
16 0.54296875 0.28359375 0.01171875 0.0078125
16 0.54765625 0.29609375 0.0125 0.00859375
16 0.54140625 0.3046875 0.0125 0.0078125
20 0.990625 0.3421875 0.0171875 0.025
16 0.54140625 0.315625 0.01015625 0.0078125
2 0.52109375 0.33203125 0.00625 0.0109375
9 0.41796875 0.325 0.0484375 0.02890625
20 0.98828125 0.371875 0.021875 0.0234375
2 0.49296875 0.340625 0.0328125 0.0328125
2 0.96328125 0.37734375 0.01328125 0.0171875
20 0.4140625 0.36875 0.02109375 0.02265625
20 0.3890625 0.36875 0.0234375 0.03046875
2 0.5 0.3765625 0.01171875 0.00625
2 0.934375 0.4078125 0.03984375 0.04140625
2 0.978125 0.4140625 0.02421875 0.02890625
2 0.8859375 0.41015625 0.0265625 0.03359375
2 0.5 0.3875 0.0109375 0.00625
9 0.240625 0.38671875 0.2125 0.2140625
2 0.41015625 0.40234375 0.0140625 0.02578125
2 0.4375 0.40546875 0.0125 0.02265625
20 0.48359375 0.41015625 0.02578125 0.028125
2 0.459375 0.41015625 0.0109375 0.021875
16 0.471875 0.43203125 0.00625 0.0109375
16 0.48828125 0.43359375 0.00703125 0.015625
16 0.09921875 0.40625 0.01015625 0.00546875
2 0.09765625 0.41875 0.01171875 0.00703125
16 0.096875 0.4296875 0.00859375 0.00546875
20 0.47734375 0.45703125 0.021875 0.025
2 0.43125 0.45390625 0.01171875 0.0265625
2 0.4046875 0.4515625 0.01484375 0.028125
2 0.4546875 0.4578125 0.01171875 0.025
2 0.0671875 0.4375 0.0171875 0.0078125
2 0.02734375 0.43515625 0.01484375 0.0109375
16 0.0953125 0.43984375 0.009375 0.00546875
16 0.0953125 0.45078125 0.009375 0.00546875
16 0.46875 0.4796875 0.00546875 0.0125
16 0.48203125 0.48125 0.0046875 0.0109375
16 0.0953125 0.4578125 0.009375 0.0046875
16 0.04140625 0.47421875 0.0046875 0.01015625
16 0.003125 0.47265625 0.00546875 0.01484375
16 0.0625 0.47734375 0.0046875 0.01171875
16 0.0515625 0.4765625 0.00546875 0.0109375
2 0.2546875 0.51953125 0.0078125 0.01640625
2 0.290625 0.52421875 0.00625 0.01171875
2 0.278125 0.52421875 0.0078125 0.0125
2 0.365625 0.53203125 0.0375 0.03671875
16 0.1625 0.521875 0.0046875 0.0125
16 0.1828125 0.52421875 0.0046875 0.01328125
16 0.1734375 0.5234375 0.00625 0.01328125
16 0.19140625 0.525 0.0078125 0.01171875
16 0.20234375 0.52578125 0.00546875 0.0109375
16 0.21171875 0.52734375 0.0078125 0.0140625
16 0.2203125 0.528125 0.00625 0.01015625
16 0.23125 0.52890625 0.00703125 0.01015625
16 0.1203125 0.5375 0.0078125 0.0125
16 0.13046875 0.53828125 0.00546875 0.01171875
16 0.140625 0.540625 0.00703125 0.01171875
16 0.29765625 0.5609375 0.00859375 0.00390625
16 0.3171875 0.56328125 0.01328125 0.00703125
2 0.41015625 0.5765625 0.03984375 0.0375
16 0.29765625 0.5703125 0.01015625 0.00625
16 0.31640625 0.57265625 0.01171875 0.00703125
9 0.35546875 0.57734375 0.0359375 0.0359375
2 0.01953125 0.55390625 0.01171875 0.028125
2 0.46640625 0.5859375 0.04140625 0.0390625
2 0.00078125 0.553125 0.0015625 0.0296875
2 0.51484375 0.596875 0.009375 0.00546875
2 0.66640625 0.61171875 0.00546875 0.01171875
16 0.68671875 0.6140625 0.0046875 0.0109375
16 0.6765625 0.6140625 0.00546875 0.0109375
16 0.71640625 0.61640625 0.0046875 0.00859375
2 0.696875 0.61484375 0.0046875 0.01171875
2 0.29140625 0.5875 0.00546875 0.01015625
2 0.7265625 0.61875 0.00546875 0.009375
16 0.7078125 0.6171875 0.00390625 0.00859375
16 0.746875 0.61953125 0.0046875 0.01015625
20 0.24296875 0.5859375 0.0234375 0.01796875
16 0.73671875 0.61953125 0.00546875 0.00859375
20 0.18046875 0.58203125 0.025 0.025
20 0.209375 0.584375 0.02265625 0.021875
2 0.3203125 0.59296875 0.0046875 0.0140625
2 0.5125 0.6078125 0.01328125 0.0078125
20 0.26953125 0.59140625 0.021875 0.01640625
2 0.07109375 0.0015625 0.00703125 0.003125
9 0.55390625 0.61796875 0.05390625 0.04609375
16 0.51328125 0.61875 0.01171875 0.0046875
16 0.11328125 0.00234375 0.0078125 0.0046875
20 0.6765625 0.63671875 0.01953125 0.02578125
20 0.2953125 0.6140625 0.01875 0.01953125
20 0.70390625 0.64296875 0.02109375 0.02421875
16 0.41640625 0.62421875 0.00703125 0.0140625
20 0.73046875 0.64609375 0.021875 0.02578125
16 0.4296875 0.62578125 0.00625 0.009375
20 0.19375 0.609375 0.02421875 0.0203125
16 0.4546875 0.628125 0.0046875 0.0125
16 0.4671875 0.6296875 0.00703125 0.0109375
20 0.1625 0.6078125 0.02109375 0.01796875
20 0.25 0.6140625 0.02578125 0.021875
20 0.22109375 0.6125 0.02109375 0.0171875
2 0.5109375 0.6359375 0.0109375 0.00859375
20 0.65078125 0.646875 0.02109375 0.02421875
16 0.76484375 0.66015625 0.00625 0.01640625
16 0.775 0.66171875 0.0078125 0.015625
2 0.4375 0.0234375 0.01640625 0.0078125
20 0.09296875 0.00625 0.02734375 0.0125
9 0.48046875 0.0296875 0.03828125 0.02421875
2 0.59453125 0.040625 0.01484375 0.00625