16 0.78515625 0.58984375 0.00546875 0.01171875
16 0.77890625 0.58984375 0.0046875 0.0109375
16 0.79296875 0.59140625 0.00390625 0.01015625
16 0.771875 0.5890625 0.00390625 0.01171875
16 0.0046875 0.4921875 0.009375 0.0078125
16 0.8703125 0.60859375 0.009375 0.00703125
20 0.85234375 0.60703125 0.015625 0.01953125
2 0.534375 0.5671875 0.0125 0.009375
2 0.50625 0.5640625 0.01171875 0.0078125
16 0.5203125 0.565625 0.0109375 0.00859375
16 0.0046875 0.50078125 0.009375 0.00859375
20 0.709375 0.596875 0.01875 0.01953125
16 0.86953125 0.6171875 0.01015625 0.00546875
16 0.7703125 0.60546875 0.0046875 0.01171875
2 0.53359375 0.575 0.0125 0.0078125
16 0.784375 0.60703125 0.0046875 0.01171875
16 0.77734375 0.60703125 0.0046875 0.01171875
16 0.51953125 0.57421875 0.0125 0.00859375
16 0.79140625 0.60859375 0.0046875 0.01171875
2 0.50546875 0.57265625 0.0109375 0.00859375
16 0.0046875 0.509375 0.009375 0.0078125
16 0.97734375 0.63828125 0.0046875 0.0109375
16 0.9546875 0.6359375 0.00390625 0.01171875
20 0.98671875 0.63984375 0.009375 0.021875
20 0.965625 0.63828125 0.01640625 0.02265625
20 0.9421875 0.63515625 0.0171875 0.01796875
16 0.86875 0.62578125 0.01015625 0.00625
16 0.5328125 0.584375 0.009375 0.0078125
16 0.51875 0.58359375 0.0109375 0.0078125
16 0.00390625 0.51796875 0.0078125 0.0078125
2 0.50390625 0.58125 0.0125 0.00859375
16 0.86875 0.634375 0.0109375 0.00625
2 0.5328125 0.5921875 0.0125 0.00859375
2 0.5046875 0.58984375 0.01171875 0.00859375
16 0.5171875 0.59140625 0.01171875 0.00859375
2 0.00390625 0.5265625 0.0078125 0.00859375
16 0.91953125 0.64453125 0.0046875 0.01328125
16 0.9109375 0.64453125 0.00859375 0.01484375
16 0.93359375 0.65078125 0.00859375 0.00546875
16 0.53125 0.6015625 0.0125 0.00859375
2 0.50390625 0.5984375 0.0125 0.0078125
16 0.5171875 0.6 0.01171875 0.00859375
16 0.003125 0.5359375 0.00625 0.00703125
2 0.53125 0.61015625 0.0125 0.009375
2 0.50234375 0.60703125 0.0125 0.0078125
16 0.003125 0.54296875 0.00625 0.0078125
16 0.5171875 0.609375 0.0125 0.00859375
16 0.53125 0.61875 0.0125 0.00859375
16 0.00234375 0.55234375 0.0046875 0.0078125
16 0.00234375 0.5609375 0.0046875 0.0078125
2 0.5171875 0.63203125 0.0125 0.00859375
16 0.00234375 0.56953125 0.00390625 0.00703125
16 0.85234375 0.67890625 0.00546875 0.0109375
2 0.51640625 0.640625 0.0125 0.00859375
16 0.0015625 0.578125 0.00234375 0.0078125
16 0.8515625 0.6953125 0.00390625 0.009375
2 0.0015625 0.59921875 0.00234375 0.009375
16 0.6140625 0.69453125 0.00703125 0.0125
16 0.60703125 0.69453125 0.00546875 0.01328125
16 0.6421875 0.69921875 0.00625 0.01328125
16 0.6 0.69296875 0.00546875 0.01328125
16 0.628125 0.696875 0.00546875 0.01328125
16 0.621875 0.696875 0.00703125 0.0140625
16 0.59296875 0.69296875 0.00625 0.0125
16 0.63515625 0.6984375 0.00546875 0.015625
16 0.66015625 0.70546875 0.00625 0.01328125
16 0.653125 0.7046875 0.00546875 0.0125
16 0.9515625 0.8796875 0.00546875 0.01328125
2 0.93671875 0.878125 0.00546875 0.01328125
16 0.94375 0.8796875 0.00546875 0.01328125
2 0.95859375 0.88125 0.0046875 0.0125
16 0.26640625 0.87734375 0.00390625 0.00859375
16 0.2875 0.88125 0.00390625 0.0078125
16 0.27265625 0.8796875 0.00390625 0.00859375
16 0.259375 0.87734375 0.00390625 0.01015625
16 0.23125 0.87421875 0.00390625 0.01015625
16 0.2375 0.87578125 0.00390625 0.009375
16 0.2515625 0.87734375 0.0046875 0.009375
16 0.2453125 0.8765625 0.00390625 0.009375
16 0.28125 0.88125 0.00390625 0.00859375
16 0.209375 0.87265625 0.00390625 0.009375
16 0.2234375 0.87421875 0.00390625 0.00859375
16 0.21640625 0.87421875 0.00390625 0.00859375
16 0.19453125 0.8703125 0.00390625 0.00859375
16 0.20234375 0.871875 0.00546875 0.009375
2 0.43671875 0.90390625 0.00546875 0.0125
2 0.43046875 0.903125 0.00546875 0.01328125
2 0.42265625 0.90234375 0.00546875 0.01328125
2 0.721875 0.94375 0.009375 0.00546875
2 0.70703125 0.9421875 0.009375 0.00625
2 0.56171875 0.925 0.0109375 0.00703125
9 0.54375 0.92265625 0.01328125 0.00859375
16 0.003125 0.8546875 0.00625 0.00625
2 0.08359375 0.8703125 0.00546875 0.01328125
16 0.70703125 0.95 0.00859375 0.00546875
16 0.72109375 0.953125 0.009375 0.00625
16 0.82734375 0.9671875 0.0109375 0.0078125
16 0.003125 0.86640625 0.00625 0.0078125
16 0.7203125 0.9609375 0.009375 0.00546875
16 0.70625 0.95859375 0.009375 0.00546875
16 0.6453125 0.9515625 0.009375 0.00546875
16 0.659375 0.95390625 0.009375 0.00546875
2 0.82734375 0.975 0.0109375 0.00546875
16 0.003125 0.875 0.00625 0.00625
9 0.31640625 0.915625 0.02578125 0.0390625
9 0.38828125 0.93203125 0.034375 0.05859375
16 0.08046875 0.89296875 0.009375 0.00546875
16 0.640625 0.9640625 0.00703125 0.00546875
20 0.72109375 0.9765625 0.015625 0.02265625
20 0.7046875 0.97421875 0.0171875 0.021875
16 0.0125 0.88671875 0.00859375 0.00546875
20 0.6796875 0.97265625 0.01875 0.01875
9 0.65625 0.97109375 0.01875 0.0203125
16 0.02734375 0.89296875 0.009375 0.00625
16 0.63984375 0.971875 0.0078125 0.00546875
16 0.0796875 0.9015625 0.009375 0.00546875
20 0.6234375 0.97109375 0.01484375 0.02109375
16 0.00234375 0.8921875 0.0046875 0.00703125
9 0.05234375 0.90234375 0.04296875 0.0453125
16 0.02578125 0.9015625 0.009375 0.00625
16 0.1765625 0.92109375 0.00546875 0.01171875
16 0.1625 0.91953125 0.0046875 0.01171875
16 0.14140625 0.9171875 0.00546875 0.0109375
16 0.15546875 0.91875 0.00546875 0.01171875
16 0.16953125 0.92109375 0.0046875 0.01171875
16 0.134375 0.91640625 0.00546875 0.01171875
16 0.1484375 0.91796875 0.00546875 0.01171875
16 0.12734375 0.915625 0.0046875 0.0125
16 0.71953125 0.99140625 0.009375 0.00625
2 0.1203125 0.915625 0.00546875 0.0125
16 0.07890625 0.91015625 0.01015625 0.00546875
16 0.70390625 0.9890625 0.009375 0.00546875
16 0.6390625 0.98203125 0.009375 0.00546875
16 0.01171875 0.9046875 0.009375 0.00546875
2 0.025 0.91015625 0.0109375 0.00625
20 0.67734375 0.99140625 0.0203125 0.015625
16 0.07890625 0.91875 0.009375 0.00625
20 0.65390625 0.990625 0.01875 0.01796875
16 0.6390625 0.98984375 0.009375 0.00546875
16 0.62265625 0.98828125 0.009375 0.00546875
16 0.16171875 0.9375 0.00546875 0.01171875
2 0.140625 0.934375 0.00546875 0.0125
16 0.146875 0.93515625 0.00546875 0.01171875
16 0.1328125 0.93359375 0.00546875 0.01171875
16 0.11875 0.93203125 0.00546875 0.01171875
16 0.12578125 0.9328125 0.00546875 0.01171875
16 0.1765625 0.93984375 0.00546875 0.01328125
16 0.15390625 0.93671875 0.00546875 0.01171875
16 0.621875 0.996875 0.01015625 0.00625
2 0.63828125 0.99765625 0.0109375 0.00390625
2 0.51015625 0.98359375 0.0046875 0.01171875
2 0.5171875 0.98515625 0.0046875 0.01171875
16 0.1 0.94296875 0.0046875 0.01171875
16 0.090625 0.9421875 0.00390625 0.0109375
2 0.50859375 0.99765625 0.00546875 0.00390625
2 0.515625 0.9984375 0.00625 0.00234375
4 0.4 0.984375 0.11953125 0.02421875
4 0.1984375 0.959375 0.1453125 0.02734375
2 0.878125 0.115625 0.00546875 0.0125
16 0.871875 0.1140625 0.00703125 0.01171875
16 0.86484375 0.1140625 0.00546875 0.01171875
16 0.85625 0.11328125 0.00703125 0.01171875
16 0.85 0.1125 0.00703125 0.01171875
2 0.8046875 0.10703125 0.00703125 0.0125
16 0.81875 0.10859375 0.00546875 0.01328125
16 0.828125 0.11015625 0.00625 0.01171875
2 0.84296875 0.11171875 0.00625 0.0125
16 0.8125 0.10859375 0.00546875 0.01171875
16 0.790625 0.10546875 0.00546875 0.01171875
16 0.784375 0.1046875 0.00546875 0.01328125
16 0.86328125 0.1296875 0.00625 0.0125
16 0.86953125 0.13125 0.00625 0.01171875
2 0.8765625 0.1328125 0.00703125 0.0140625
2 0.91640625 0.17578125 0.00859375 0.00625
2 0.9 0.17421875 0.009375 0.00703125
2 0.50078125 0.12734375 0.0109375 0.00703125
2 0.47109375 0.1234375 0.01171875 0.00859375
2 0.52109375 0.13125 0.0109375 0.00703125
16 0.2421875 0.09921875 0.0109375 0.009375
2 0.51171875 0.1328125 0.00546875 0.015625
16 0.47109375 0.1328125 0.0109375 0.0078125
2 0.9625 0.19609375 0.00546875 0.01171875
16 0.95234375 0.19453125 0.0046875 0.01171875
2 0.93125 0.19296875 0.00546875 0.0125
16 0.94453125 0.19453125 0.00546875 0.0109375
16 0.9390625 0.19375 0.0046875 0.01171875
16 0.24140625 0.10703125 0.01015625 0.00703125
2 0.9140625 0.2015625 0.00859375 0.00703125
2 0.89921875 0.19921875 0.009375 0.0078125
2 0.4484375 0.1453125 0.0125 0.00859375
2 0.296875 0.1265625 0.00703125 0.0140625
2 0.2625 0.12265625 0.00625 0.015625
16 0.95703125 0.21171875 0.009375 0.00625
2 0.5203125 0.1609375 0.00625 0.0125
16 0.43359375 0.1515625 0.0109375 0.0078125
2 0.446875 0.153125 0.0125 0.0078125
2 0.37421875 0.14375 0.01171875 0.00859375
16 0.95625 0.21875 0.0078125 0.00546875
2 0.446875 0.16171875 0.0109375 0.0078125
2 0.37421875 0.153125 0.01171875 0.00859375
16 0.95546875 0.228125 0.00703125 0.0046875
2 0.89609375 0.225 0.009375 0.00625
2 0.9125 0.22734375 0.0109375 0.0078125
2 0.4453125 0.1703125 0.01171875 0.00703125
16 0.4328125 0.16875 0.01171875 0.00703125
16 0.9546875 0.23671875 0.0078125 0.00546875
2 0.43125 0.17734375 0.0109375 0.0078125
2 0.44453125 0.17890625 0.0109375 0.00703125
16 0.95390625 0.24453125 0.009375 0.00546875
2 0.25859375 0.1609375 0.00703125 0.01640625
2 0.29375 0.16640625 0.00625 0.015625
2 0.51796875 0.19609375 0.00546875 0.01171875
2 0.44453125 0.18828125 0.01171875 0.00859375
16 0.953125 0.25390625 0.00703125 0.00390625
2 0.89375 0.2484375 0.01015625 0.00703125
2 0.91015625 0.25078125 0.0109375 0.00625
16 0.9515625 0.2625 0.0078125 0.0046875
16 0.9515625 0.2703125 0.00859375 0.00546875
2 0.4453125 0.20859375 0.0109375 0.01875
2 0.4984375 0.215625 0.00546875 0.01328125
2 0.45546875 0.21015625 0.00546875 0.01484375
2 0.434375 0.2078125 0.0109375 0.01875
2 0.49140625 0.21484375 0.00703125 0.0125
2 0.48359375 0.2140625 0.00546875 0.01328125
2 0.46328125 0.21171875 0.00703125 0.0140625
16 0.8828125 0.27734375 0.00546875 0.01171875
2 0.290625 0.21640625 0.00859375 0.0140625
2 0.25390625 0.2125 0.00703125 0.0140625
2 0.5328125 0.25390625 0.0109375 0.0078125
16 0.88046875 0.3015625 0.00546875 0.01015625
2 0.53203125 0.2625 0.01171875 0.00703125
2 0.434375 0.253125 0.0125 0.0078125
2 0.53125 0.2703125 0.01015625 0.0078125
2 0.51015625 0.26875 0.0109375 0.009375
2 0.28671875 0.246875 0.009375 0.01640625
2 0.53046875 0.2796875 0.0109375 0.00703125
2 0.509375 0.27734375 0.0109375 0.00703125
2 0.4328125 0.2703125 0.0109375 0.00859375
4 0.9828125 0.34375 0.03359375 0.075
2 0.25078125 0.2515625 0.00859375 0.01328125
16 0.8875 0.33203125 0.00859375 0.00625
2 0.509375 0.2859375 0.0109375 0.00703125
2 0.5296875 0.28828125 0.0109375 0.0078125
2 0.5296875 0.296875 0.0109375 0.00703125
2 0.5078125 0.29453125 0.0109375 0.00703125
16 0.8859375 0.34921875 0.00859375 0.00546875
2 0.50703125 0.3015625 0.01171875 0.00859375
2 0.52890625 0.30546875 0.0109375 0.0078125
2 0.50703125 0.3109375 0.0125 0.00625
2 0.528125 0.3140625 0.0125 0.00859375
16 0.884375 0.36640625 0.00703125 0.00546875
2 0.50625 0.32265625 0.0109375 0.00625
2 0.47265625 0.33515625 0.00625 0.0140625
2 0.48671875 0.3375 0.00703125 0.01484375
2 0.4796875 0.3359375 0.00546875 0.01328125
2 0.49375 0.3390625 0.00546875 0.0125
16 0.87421875 0.3890625 0.00390625 0.01171875
2 0.4421875 0.3359375 0.00859375 0.01796875
2 0.5125 0.34453125 0.009375 0.01796875
2 0.5234375 0.346875 0.009375 0.01640625
2 0.42734375 0.334375 0.0078125 0.01796875
2 0.46328125 0.33984375 0.009375 0.01640625
2 0.871875 0.40546875 0.0046875 0.01328125
2 0.4609375 0.3703125 0.01015625 0.01640625
16 0.87109375 0.42265625 0.00390625 0.01171875
2 0.4734375 0.37265625 0.0109375 0.01796875
16 0.4515625 0.3765625 0.00546875 0.0140625
2 0.43671875 0.37421875 0.00703125 0.015625
16 0.44453125 0.37578125 0.00625 0.0140625
4 0.97578125 0.44609375 0.046875 0.12578125
16 0.490625 0.4 0.00546875 0.01484375
16 0.70625 0.434375 0.009375 0.00625
16 0.70625 0.44296875 0.009375 0.00625
16 0.7046875 0.4515625 0.00859375 0.00703125
16 0.88125 0.47578125 0.0109375 0.00625
16 0.70390625 0.46015625 0.009375 0.00703125
20 0.8625 0.4828125 0.015625 0.02265625
2 0.8796875 0.484375 0.01015625 0.00625
16 0.70390625 0.46875 0.009375 0.00546875
2 0.66796875 0.46640625 0.01328125 0.02578125
2 0.6578125 0.465625 0.0078125 0.015625
16 0.703125 0.47734375 0.00859375 0.00625
16 0.70234375 0.48515625 0.0078125 0.00625
2 0.878125 0.51015625 0.009375 0.00703125
16 0.98125 0.525 0.0109375 0.00625
16 0.86640625 0.51171875 0.00546875 0.01171875
16 0.7015625 0.49375 0.009375 0.00703125
2 0.52734375 0.4734375 0.01171875 0.00625
16 0.54140625 0.475 0.0109375 0.0078125
16 0.87734375 0.51875 0.00859375 0.00625
2 0.98046875 0.5328125 0.0109375 0.00703125
20 0.95078125 0.53046875 0.01953125 0.01875
16 0.7015625 0.503125 0.009375 0.00546875
16 0.540625 0.48359375 0.0109375 0.0078125
2 0.5265625 0.48203125 0.01171875 0.00859375
16 0.9796875 0.54140625 0.009375 0.00625
2 0.9671875 0.53984375 0.01015625 0.0078125
16 0.87578125 0.5296875 0.00859375 0.00546875
16 0.70078125 0.5109375 0.009375 0.00625
2 0.52734375 0.490625 0.01171875 0.0078125
16 0.540625 0.4921875 0.0109375 0.00859375
16 0.87578125 0.53828125 0.00859375 0.00625
20 0.94921875 0.55 0.01875 0.0203125
16 0.7 0.5203125 0.00859375 0.00625
2 0.52578125 0.5 0.0125 0.00859375
16 0.53984375 0.5015625 0.0109375 0.0078125
20 0.86015625 0.5421875 0.01640625 0.0234375
16 0.875 0.546875 0.009375 0.00703125
16 0.7734375 0.53515625 0.009375 0.0078125
16 0.69921875 0.528125 0.00859375 0.00546875
2 0.525 0.5078125 0.0125 0.00703125
16 0.5390625 0.51015625 0.01171875 0.00703125
16 0.875 0.55546875 0.0109375 0.00703125
16 0.77265625 0.54296875 0.00859375 0.00625
2 0.953125 0.5671875 0.009375 0.00703125
16 0.93984375 0.565625 0.00859375 0.00625
16 0.6984375 0.53671875 0.009375 0.00703125
16 0.53828125 0.51875 0.01171875 0.0078125
2 0.525 0.5171875 0.01171875 0.0078125
2 0.87421875 0.5640625 0.009375 0.0078125
16 0.771875 0.55234375 0.009375 0.0078125
16 0.69765625 0.5453125 0.00859375 0.00703125
16 0.53828125 0.52734375 0.01171875 0.00859375
2 0.52265625 0.52421875 0.0109375 0.00859375
20 0.94609375 0.58125 0.01875 0.01953125
16 0.696875 0.55390625 0.009375 0.00703125
2 0.52265625 0.5328125 0.0109375 0.0078125
2 0.53671875 0.5390625 0.0125 0.00859375
20 0.79296875 0.571875 0.015625 0.02265625
20 0.775 0.56953125 0.01640625 0.02265625
16 0.871875 0.58359375 0.009375 0.00625
16 0.696875 0.56328125 0.00859375 0.00625
20 0.8546875 0.5828125 0.01484375 0.0203125
16 0.00546875 0.475 0.0109375 0.009375
2 0.50703125 0.5421875 0.0109375 0.00859375
2 0.52109375 0.54375 0.0125 0.00859375
16 0.00546875 0.484375 0.0109375 0.00859375
20 0.71015625 0.57578125 0.01953125 0.01953125
2 0.53515625 0.55625 0.0109375 0.00859375
16 0.5203125 0.55546875 0.0109375 0.00859375
2 0.50625 0.553125 0.0125 0.00859375