15 0.55546875 0.73828125 0.0171875 0.01328125
1 0.571875 0.73984375 0.0140625 0.01796875
15 0.82421875 0.74609375 0.01953125 0.0140625
15 0.8015625 0.74609375 0.0203125 0.01640625
15 0.52265625 0.746875 0.0171875 0.0140625
15 0.53984375 0.74765625 0.01328125 0.0171875
1 0.4859375 0.75078125 0.034375 0.046875
15 0.603125 0.7625 0.0203125 0.0125
15 0.621875 0.76328125 0.01796875 0.0140625
15 0.58515625 0.7625 0.0203125 0.01796875
15 0.60390625 0.77734375 0.01796875 0.01796875
15 0.084375 0.7796875 0.01796875 0.01796875
1 0.103125 0.7796875 0.01875 0.01796875
15 0.62421875 0.7796875 0.01875 0.0203125
15 0.5859375 0.7796875 0.01796875 0.015625
15 0.12109375 0.78125 0.0171875 0.02109375
15 0.84609375 0.78671875 0.01796875 0.0125
1 0.90078125 0.80390625 0.04453125 0.07109375
15 0.08671875 0.8046875 0.01796875 0.0234375
1 0.10390625 0.8046875 0.0171875 0.02109375
15 0.12265625 0.80703125 0.01953125 0.01328125
15 0.63046875 0.8125 0.01015625 0.03125
15 0.20703125 0.8171875 0.0109375 0.0265625
1 0.59375 0.81953125 0.034375 0.0484375
15 0.1203125 0.8265625 0.0140625 0.01640625
15 0.6125 0.82890625 0.0078125 0.028125
15 0.22421875 0.82890625 0.0171875 0.01640625
15 0.0859375 0.83046875 0.01640625 0.01953125
1 0.10390625 0.83046875 0.01875 0.01953125
1 0.18671875 0.83125 0.01640625 0.01640625
1 0.35625 0.8453125 0.01015625 0.03125
1 0.6765625 0.8484375 0.0109375 0.03046875
15 0.2234375 0.8515625 0.01484375 0.0140625
15 0.121875 0.8515625 0.0125 0.0203125
9 0.65 0.85390625 0.04453125 0.0375
15 0.08515625 0.8546875 0.01484375 0.0171875
1 0.10390625 0.8546875 0.015625 0.01953125
15 0.81875 0.86640625 0.0125 0.0296875
15 0.6078125 0.86640625 0.015625 0.01328125
1 0.565625 0.871875 0.00703125 0.02421875
15 0.553125 0.87578125 0.009375 0.03203125
15 0.08515625 0.8765625 0.01640625 0.01796875
15 0.12265625 0.878125 0.015625 0.01484375
15 0.22421875 0.878125 0.0171875 0.01328125
1 0.103125 0.878125 0.0171875 0.0203125
15 0.29296875 0.87890625 0.0171875 0.01484375
15 0.6453125 0.88046875 0.01953125 0.01796875
1 0.88984375 0.88515625 0.0265625 0.07265625
9 0.3328125 0.8859375 0.0390625 0.1
15 0.81640625 0.8984375 0.0109375 0.02734375
1 0.10390625 0.9015625 0.0203125 0.01796875
15 0.12265625 0.9015625 0.01640625 0.01640625
9 0.18046875 0.9015625 0.03828125 0.08515625
15 0.08671875 0.903125 0.01484375 0.02109375
1 0.71171875 0.9046875 0.046875 0.05390625
15 0.2921875 0.90546875 0.01640625 0.01796875
1 0.86015625 0.9125 0.04453125 0.0609375
15 0.2234375 0.92109375 0.0171875 0.01796875
1 0.37890625 0.921875 0.04765625 0.0515625
1 0.103125 0.92578125 0.0171875 0.0234375
15 0.121875 0.92578125 0.01484375 0.01796875
15 0.08515625 0.9265625 0.01640625 0.0171875
1 0.8109375 0.9328125 0.01328125 0.034375
15 0.08671875 0.9515625 0.015625 0.021875
1 0.10390625 0.95078125 0.01640625 0.02578125
15 0.12265625 0.95078125 0.01796875 0.01875
15 0.21015625 0.9515625 0.0109375 0.02578125
1 0.75078125 0.096875 0.03359375 0.05
1 0.359375 0.09765625 0.0109375 0.0265625
1 0.7796875 0.09921875 0.01484375 0.0328125
1 0.37421875 0.1 0.009375 0.02734375
1 0.35078125 0.12734375 0.03828125 0.065625
9 0.77421875 0.13203125 0.03125 0.04296875
9 0.37421875 0.13203125 0.01953125 0.03203125
15 0.75546875 0.16875 0.01015625 0.03125
15 0.353125 0.18203125 0.00859375 0.0328125
1 0.859375 0.1953125 0.1265625 0.23125
1 0.4515625 0.1984375 0.13515625 0.2453125
9 0.7109375 0.2015625 0.10390625 0.140625
9 0.30625 0.20625 0.09375 0.1296875
1 0.1609375 0.21484375 0.06328125 0.15625
15 0.31953125 0.29140625 0.02109375 0.02265625
15 0.31875 0.325 0.0171875 0.021875
9 0.85234375 0.3421875 0.0265625 0.03125
1 0.83671875 0.425 0.02578125 0.0515625
15 0.81640625 0.43984375 0.01796875 0.0140625
15 0.94921875 0.45625 0.01953125 0.0125
1 0.6046875 0.46796875 0.02578125 0.0421875
1 0.559375 0.4703125 0.02890625 0.04140625
15 0.88828125 0.4734375 0.0171875 0.015625
1 0.65078125 0.475 0.0390625 0.06953125
15 0.9390625 0.4796875 0.04296875 0.028125
1 0.275 0.48984375 0.0421875 0.0671875
1 0.1921875 0.490625 0.025 0.0421875
15 0.6984375 0.49296875 0.0421875 0.02578125
1 0.7375 0.5015625 0.02265625 0.0359375
1 0.228125 0.5015625 0.02890625 0.05078125
1 0.0671875 0.5078125 0.09296875 0.14453125
15 0.82109375 0.52578125 0.0171875 0.01484375
15 0.6859375 0.5375 0.01796875 0.01875
15 0.66796875 0.5421875 0.01875 0.0140625
15 0.88125 0.55546875 0.01640625 0.078125
15 0.271875 0.55546875 0.009375 0.03203125
9 0.20234375 0.5609375 0.0265625 0.03671875
9 0.2421875 0.56171875 0.0484375 0.05
9 0.1578125 0.5734375 0.02734375 0.03203125
1 0.7140625 0.584375 0.03203125 0.053125
1 0.24921875 0.5921875 0.03203125 0.059375
9 0.68828125 0.59453125 0.03046875 0.08125
1 0.9546875 0.60234375 0.06015625 0.09140625
1 0.08359375 0.6125 0.03359375 0.06328125
1 0.14609375 0.61796875 0.028125 0.03828125
1 0.20078125 0.62578125 0.02421875 0.034375
15 0.29140625 0.65 0.01796875 0.0140625
1 0.315625 0.6515625 0.025 0.07578125
15 0.2359375 0.653125 0.01796875 0.0140625
15 0.1796875 0.6578125 0.0171875 0.015625
1 0.1484375 0.659375 0.01953125 0.0125
1 0.25859375 0.659375 0.0171875 0.0171875
15 0.12265625 0.659375 0.015625 0.0171875
1 0.20390625 0.66015625 0.01484375 0.0203125
9 0.475 0.6640625 0.02734375 0.0734375
15 0.3453125 0.665625 0.01953125 0.015625
15 0.34453125 0.690625 0.0171875 0.01328125
1 0.52734375 0.6953125 0.0296875 0.05546875
1 0.496875 0.696875 0.01953125 0.01796875
1 0.6296875 0.70546875 0.06484375 0.10078125
15 0.5546875 0.70546875 0.01171875 0.0296875
15 0.54609375 0.709375 0.0109375 0.03125
9 0.13984375 0.7109375 0.03671875 0.065625
9 0.309375 0.7109375 0.0390625 0.06953125
15 0.88828125 0.71171875 0.01875 0.07421875
9 0.25234375 0.7125 0.040625 0.0734375
9 0.19765625 0.7125 0.03828125 0.06875
15 0.34609375 0.71640625 0.01640625 0.01484375
1 0.784375 0.7171875 0.03203125 0.053125
15 0.49921875 0.71875 0.01875 0.01328125
15 0.8984375 0.71953125 0.015625 0.0578125
1 0.46953125 0.7203125 0.01875 0.0171875
1 0.5859375 0.71953125 0.01328125 0.0296875
1 0.440625 0.72734375 0.0390625 0.0640625
15 0.34609375 0.73671875 0.0171875 0.01640625