2 0.75703125 0.434375 0.01640625 0.00859375
16 0.56640625 0.46796875 0.01328125 0.01015625
16 0.09765625 0.55625 0.0125 0.009375
16 0.5671875 0.48203125 0.0140625 0.0078125
9 0.81015625 0.43984375 0.05078125 0.07265625
16 0.11171875 0.5765625 0.01484375 0.009375
9 0.165625 0.5671875 0.04921875 0.0796875
9 0.46640625 0.515625 0.05078125 0.0765625
9 0.21796875 0.5609375 0.04609375 0.0796875
9 0.36640625 0.534375 0.0515625 0.084375
9 0.41796875 0.525 0.0515625 0.08203125
9 0.51953125 0.5078125 0.05859375 0.084375
9 0.3171875 0.54453125 0.04765625 0.08203125
9 0.26953125 0.55390625 0.046875 0.08046875
16 0.90625 0.43984375 0.06015625 0.03046875
16 0.86796875 0.46640625 0.01484375 0.00859375
16 0.11640625 0.61328125 0.00859375 0.01328125
2 0.77109375 0.49765625 0.01484375 0.00859375
9 0.675 0.51640625 0.16640625 0.1515625
2 0.5796875 0.5359375 0.01796875 0.0078125
16 0.1328125 0.61875 0.00703125 0.0140625
16 0.178125 0.61640625 0.01484375 0.0109375
16 0.1515625 0.621875 0.0140625 0.009375
16 0.20078125 0.6140625 0.0140625 0.0078125
2 0.53984375 0.55390625 0.0171875 0.00859375
16 0.91796875 0.48828125 0.05625 0.03359375
2 0.26171875 0.60703125 0.0078125 0.0125
2 0.36484375 0.5890625 0.009375 0.015625
2 0.4125 0.58125 0.009375 0.01484375
2 0.4609375 0.575 0.00859375 0.01484375
16 0.4890625 0.57109375 0.009375 0.015625
16 0.51796875 0.56640625 0.01015625 0.01484375
16 0.50703125 0.56875 0.00859375 0.01484375
16 0.475 0.57421875 0.01015625 0.01640625
2 0.5484375 0.565625 0.0125 0.00859375
16 0.346875 0.603125 0.01015625 0.01328125
16 0.334375 0.60546875 0.0078125 0.01640625
9 0.82578125 0.51796875 0.0546875 0.071875
16 0.5859375 0.56328125 0.01171875 0.01953125
16 0.11953125 0.653125 0.00625 0.015625
2 0.45546875 0.59296875 0.0140625 0.009375
16 0.1015625 0.6578125 0.0125 0.00703125
16 0.24453125 0.634375 0.0109375 0.01796875
9 0.49453125 0.60234375 0.04296875 0.02421875
9 0.55703125 0.59140625 0.0390625 0.01875
16 0.0828125 0.6796875 0.009375 0.015625
16 0.096875 0.678125 0.0078125 0.015625
16 0.1203125 0.67578125 0.01171875 0.00625
16 0.59375 0.5921875 0.0109375 0.01796875
16 0.925 0.53359375 0.053125 0.03046875
16 0.246875 0.659375 0.0125 0.015625
16 0.88046875 0.54609375 0.0171875 0.009375
9 0.19375 0.66953125 0.09296875 0.08125
9 0.28828125 0.6546875 0.046875 0.0765625
16 0.796875 0.56875 0.01015625 0.01484375
16 0.78671875 0.5703125 0.00859375 0.0171875
16 0.8578125 0.559375 0.0125 0.0078125
2 0.44296875 0.634375 0.0140625 0.0109375
9 0.38046875 0.64609375 0.06953125 0.05546875
16 0.82734375 0.56640625 0.01328125 0.0078125
16 0.884375 0.55625 0.015625 0.0078125
2 0.13515625 0.690625 0.01015625 0.01640625
16 0.48046875 0.63359375 0.009375 0.0125
16 0.525 0.62578125 0.00625 0.01484375
16 0.7 0.59453125 0.015625 0.009375
16 0.49296875 0.63203125 0.00859375 0.0140625
16 0.5125 0.628125 0.009375 0.0140625
16 0.73359375 0.58984375 0.0125 0.00859375
16 0.62890625 0.60859375 0.0140625 0.0078125
16 0.76640625 0.584375 0.01484375 0.00859375
16 0.6671875 0.6015625 0.0203125 0.0109375
16 0.8609375 0.5703125 0.0125 0.00703125
16 0.8875 0.56875 0.0078125 0.00625
16 0.54609375 0.63125 0.00546875 0.0125
2 0.4453125 0.64921875 0.0125 0.00703125
16 0.25546875 0.6859375 0.0078125 0.0125
2 0.66640625 0.61484375 0.02109375 0.0125
16 0.86171875 0.58203125 0.0109375 0.00703125
16 0.8890625 0.58125 0.01171875 0.0078125
16 0.86484375 0.5921875 0.01171875 0.00625
16 0.93671875 0.5828125 0.059375 0.03203125
16 0.67421875 0.6296875 0.0140625 0.009375
16 0.8921875 0.59296875 0.01328125 0.0109375
16 0.1421875 0.73125 0.00859375 0.01484375
16 0.86796875 0.6046875 0.0125 0.0078125
16 0.29140625 0.7078125 0.0078125 0.0140625
16 0.27890625 0.71015625 0.01015625 0.0171875
16 0.30234375 0.70625 0.01015625 0.01640625
16 0.65390625 0.64296875 0.0078125 0.015625
16 0.2546875 0.71484375 0.01015625 0.01875
16 0.2671875 0.7140625 0.009375 0.01640625
2 0.32109375 0.7046875 0.0109375 0.01484375
16 0.67578125 0.64140625 0.0125 0.0078125
16 0.203125 0.7265625 0.0078125 0.0125
16 0.21796875 0.725 0.00703125 0.01484375
16 0.23203125 0.72265625 0.00703125 0.0171875
16 0.18828125 0.73046875 0.00703125 0.01328125
16 0.89375 0.6046875 0.0125 0.0078125
16 0.5828125 0.6625 0.00703125 0.01171875
2 0.57265625 0.66484375 0.0078125 0.0125
16 0.46328125 0.68515625 0.0078125 0.0125
16 0.090625 0.753125 0.0078125 0.01328125
16 0.8703125 0.6140625 0.01171875 0.009375
9 0.5390625 0.67421875 0.05546875 0.04375
9 0.61875 0.66328125 0.05625 0.04140625
16 0.67890625 0.6546875 0.0125 0.00859375
2 0.87265625 0.62578125 0.0171875 0.01171875
16 0.89921875 0.621875 0.01484375 0.00859375
16 0.5 0.69453125 0.0125 0.00859375
2 0.2453125 0.74375 0.009375 0.0140625
16 0.68046875 0.66640625 0.0140625 0.00625
16 0.475 0.7046875 0.00859375 0.0078125
2 0.16875 0.76015625 0.0125 0.01484375
16 0.5890625 0.6890625 0.0078125 0.015625
16 0.5046875 0.7046875 0.0078125 0.00546875
16 0.87578125 0.63828125 0.0109375 0.00625
9 0.77421875 0.65859375 0.14375 0.134375
2 0.90234375 0.6359375 0.0140625 0.009375
16 0.684375 0.67578125 0.0171875 0.0078125
9 0.1359375 0.77578125 0.05390625 0.04140625
16 0.40390625 0.7296875 0.0109375 0.01640625
16 0.475 0.7171875 0.0109375 0.00859375
9 0.21015625 0.76953125 0.0515625 0.040625
9 0.35234375 0.74453125 0.053125 0.03828125
9 0.2828125 0.7578125 0.053125 0.040625
16 0.878125 0.65078125 0.0125 0.00859375
16 0.684375 0.6875 0.0140625 0.00625
2 0.90625 0.65078125 0.015625 0.0125
16 0.67109375 0.69765625 0.01171875 0.0203125
16 0.87890625 0.6609375 0.01171875 0.00625
16 0.68828125 0.69765625 0.01328125 0.0078125
16 0.32109375 0.76484375 0.0125 0.015625
16 0.91015625 0.66328125 0.0171875 0.009375
16 0.88203125 0.6734375 0.01484375 0.0078125
16 0.55546875 0.7375 0.06015625 0.0359375
16 0.43671875 0.759375 0.0671875 0.03828125
9 0.95625 0.665625 0.05625 0.1203125
16 0.61640625 0.72890625 0.05859375 0.03359375
16 0.49765625 0.74921875 0.06015625 0.03671875
2 0.6984375 0.72109375 0.015625 0.009375
16 0.253125 0.803125 0.01015625 0.0140625
2 0.26484375 0.80078125 0.0109375 0.015625
2 0.91171875 0.6859375 0.0078125 0.01171875
16 0.35859375 0.78515625 0.0078125 0.0109375
16 0.22109375 0.81015625 0.01015625 0.0125
16 0.23828125 0.80703125 0.009375 0.01484375
16 0.27890625 0.8 0.0125 0.0140625
2 0.34140625 0.7890625 0.009375 0.01796875
16 0.30625 0.7953125 0.0109375 0.01484375
16 0.2921875 0.79765625 0.009375 0.01484375
9 0.8859375 0.6921875 0.02109375 0.02265625
16 0.384375 0.784375 0.01015625 0.00703125
16 0.9234375 0.6890625 0.01015625 0.015625
16 0.19375 0.825 0.0125 0.00703125
16 0.39453125 0.79609375 0.0109375 0.00625
16 0.16328125 0.83828125 0.0125 0.00859375
9 0.12109375 0.84921875 0.04453125 0.04609375
16 0.1953125 0.8359375 0.01015625 0.0078125
16 0.3953125 0.80703125 0.0125 0.0078125
16 0.821875 0.73125 0.0078125 0.009375
2 0.8046875 0.734375 0.009375 0.01328125
2 0.91875 0.7140625 0.0078125 0.0125
16 0.16640625 0.8484375 0.0125 0.0078125
16 0.85390625 0.7265625 0.0078125 0.0125
16 0.8640625 0.725 0.01015625 0.01484375
2 0.84140625 0.72890625 0.0125 0.0140625
16 0.76875 0.74296875 0.01015625 0.0125
9 0.890625 0.72265625 0.0203125 0.0234375
16 0.196875 0.8484375 0.01015625 0.0078125
16 0.93125 0.7171875 0.00546875 0.015625
16 0.3984375 0.81796875 0.01171875 0.00625
16 0.2 0.859375 0.009375 0.00625
16 0.8640625 0.74453125 0.01484375 0.0078125
2 0.403125 0.83046875 0.0140625 0.0078125
2 0.9328125 0.7375 0.01484375 0.0078125
16 0.8171875 0.76015625 0.00625 0.01328125
16 0.8421875 0.75625 0.01015625 0.0140625
16 0.20234375 0.8703125 0.01015625 0.00703125
16 0.82890625 0.75859375 0.00625 0.0125
16 0.7 0.7859375 0.009375 0.015625
16 0.86640625 0.7578125 0.0125 0.0078125
16 0.8984375 0.753125 0.0171875 0.02109375
9 0.9765625 0.73984375 0.02265625 0.0234375
16 0.40234375 0.84375 0.01328125 0.0078125
16 0.18125 0.88515625 0.00703125 0.0125
16 0.43515625 0.840625 0.01484375 0.0078125
16 0.20546875 0.88359375 0.01015625 0.00703125
16 0.9453125 0.753125 0.0171875 0.0078125
16 0.40546875 0.85390625 0.01015625 0.00625
16 0.4390625 0.85234375 0.01484375 0.01015625
16 0.20625 0.89375 0.0109375 0.00625
16 0.6375 0.821875 0.01484375 0.0078125
16 0.88125 0.77890625 0.0125 0.0078125
16 0.76484375 0.80234375 0.009375 0.0140625
9 0.31171875 0.88359375 0.15390625 0.14765625
2 0.40859375 0.8671875 0.01171875 0.00859375
16 0.7484375 0.80625 0.00859375 0.0140625
16 0.70625 0.8171875 0.01015625 0.01484375
16 0.44453125 0.865625 0.0171875 0.009375
16 0.6421875 0.83203125 0.0125 0.0078125
2 0.215625 0.909375 0.00859375 0.0125
16 0.4109375 0.87734375 0.01015625 0.0078125
16 0.6859375 0.83203125 0.01484375 0.009375
16 0.44453125 0.87734375 0.0140625 0.0078125
16 0.84375 0.8078125 0.00703125 0.0125
2 0.64375 0.84453125 0.015625 0.0109375
16 0.91796875 0.7953125 0.00625 0.01171875
16 0.746875 0.82890625 0.00625 0.01015625
16 0.75859375 0.82734375 0.01015625 0.0140625
16 0.41171875 0.88984375 0.0125 0.00546875
16 0.73359375 0.8328125 0.009375 0.0125
16 0.7765625 0.825 0.00859375 0.01328125
16 0.78984375 0.8234375 0.0078125 0.0125
2 0.44609375 0.88828125 0.01640625 0.009375
16 0.1578125 0.9421875 0.01171875 0.00859375
9 0.5515625 0.87109375 0.1546875 0.14921875
16 0.64609375 0.85703125 0.01015625 0.00703125
2 0.415625 0.9046875 0.01328125 0.0078125
16 0.45078125 0.89921875 0.01171875 0.0078125
2 0.79375 0.84296875 0.01484375 0.0078125
16 0.9234375 0.81953125 0.00703125 0.0125
2 0.71953125 0.85625 0.01875 0.009375
16 0.16171875 0.95625 0.0125 0.009375
16 0.1359375 0.9640625 0.01328125 0.00625
16 0.82265625 0.8421875 0.015625 0.009375
16 0.41640625 0.91484375 0.01484375 0.01015625
2 0.22734375 0.9515625 0.0125 0.00703125
16 0.65078125 0.87734375 0.0140625 0.009375
16 0.16640625 0.96640625 0.0109375 0.009375
9 0.95703125 0.82421875 0.0421875 0.08671875
16 0.85078125 0.84453125 0.00703125 0.0125
16 0.13984375 0.97421875 0.0078125 0.0078125
16 0.828125 0.85546875 0.01015625 0.00625
16 0.23125 0.9625 0.00859375 0.00703125
16 0.41875 0.93046875 0.0125 0.0078125
16 0.65234375 0.8890625 0.01015625 0.00625
16 0.16640625 0.9796875 0.0171875 0.0078125
16 0.2078125 0.971875 0.009375 0.0078125
16 0.99296875 0.83359375 0.0078125 0.0125
16 0.69921875 0.8890625 0.0125 0.0078125
16 0.83125 0.8671875 0.009375 0.00625
16 0.2328125 0.975 0.00859375 0.00625
16 0.65390625 0.90078125 0.0125 0.0078125
16 0.16875 0.98984375 0.0125 0.0078125
16 0.93203125 0.85625 0.0078125 0.01015625
16 0.83203125 0.878125 0.01171875 0.00703125
16 0.6578125 0.91328125 0.0109375 0.00703125
2 0.37578125 0.96484375 0.009375 0.0125
16 0.27421875 0.9828125 0.009375 0.015625
2 0.28828125 0.98203125 0.0078125 0.015625
16 0.47109375 0.95 0.009375 0.01484375
16 0.26171875 0.9875 0.009375 0.0125
16 0.36328125 0.96875 0.01015625 0.01484375
16 0.2984375 0.98046875 0.01015625 0.01484375
16 0.31328125 0.97890625 0.01015625 0.0140625
2 0.4390625 0.95625 0.01015625 0.01484375
16 0.45078125 0.95546875 0.00859375 0.015625
16 0.3265625 0.97734375 0.00859375 0.01484375
16 0.3515625 0.9734375 0.00625 0.0125
16 0.33984375 0.9765625 0.01171875 0.01484375
2 0.23046875 0.99453125 0.01015625 0.01015625
16 0.20625 0.996875 0.00703125 0.00625
16 0.246875 0.99375 0.009375 0.01171875
9 0.7671875 0.90234375 0.09375 0.08828125
16 0.8328125 0.89140625 0.01484375 0.00859375
16 0.83671875 0.90234375 0.0140625 0.00625
16 0.35390625 0.9921875 0.0125 0.0125
16 0.3109375 0.99765625 0.009375 0.00390625
16 0.59140625 0.953125 0.00859375 0.01484375
16 0.5 0.96953125 0.00859375 0.0140625
16 0.3265625 0.99609375 0.0078125 0.00625
16 0.51171875 0.96796875 0.01015625 0.01484375
16 0.58125 0.95546875 0.01015625 0.01640625
16 0.60390625 0.9515625 0.01015625 0.01640625
16 0.3390625 0.9953125 0.0078125 0.0078125
2 0.56953125 0.9578125 0.00859375 0.01953125
16 0.61796875 0.94921875 0.009375 0.01640625
16 0.63125 0.94765625 0.0078125 0.0125
9 0.6859375 0.93828125 0.02421875 0.01953125
16 0.83984375 0.9140625 0.0125 0.00625
16 0.915625 0.9046875 0.01015625 0.0171875
16 0.55390625 0.9703125 0.01015625 0.01484375
16 0.5421875 0.9734375 0.00625 0.0140625
16 0.53125 0.9765625 0.009375 0.01640625
9 0.8828125 0.9203125 0.0375 0.04375
16 0.60390625 0.97421875 0.009375 0.01640625
16 0.61640625 0.971875 0.0109375 0.01875
16 0.59140625 0.9765625 0.009375 0.0140625
16 0.628125 0.97265625 0.01015625 0.015625
16 0.84375 0.9359375 0.0140625 0.0078125
16 0.65546875 0.971875 0.00625 0.0125
2 0.6875 0.9671875 0.01328125 0.015625
2 0.671875 0.96953125 0.0140625 0.01875
16 0.70390625 0.96484375 0.0078125 0.01171875
16 0.9203125 0.92734375 0.00859375 0.0140625
16 0.76171875 0.9578125 0.01015625 0.0078125
16 0.73984375 0.96171875 0.01640625 0.0078125
16 0.81015625 0.94921875 0.01328125 0.00703125
16 0.78515625 0.9546875 0.0125 0.00703125
16 0.834375 0.94765625 0.0140625 0.0046875
16 0.13828125 0.13203125 0.01953125 0.01640625
16 0.1390625 0.14453125 0.01484375 0.00859375
9 0.09453125 0.1546875 0.01953125 0.01484375
16 0.36796875 0.11015625 0.01328125 0.00625
16 0.45546875 0.0953125 0.0078125 0.01328125
2 0.4296875 0.1 0.00859375 0.01328125
16 0.44375 0.0984375 0.00703125 0.01171875
9 0.40625 0.11171875 0.025 0.03828125
2 0.14921875 0.15859375 0.01328125 0.01171875
16 0.37109375 0.11953125 0.009375 0.00625
16 0.0125 0.184375 0.01015625 0.0171875
16 0.0515625 0.1796875 0.01171875 0.01796875
16 0.4546875 0.1109375 0.0125 0.01015625
16 0.175 0.16328125 0.01796875 0.0078125
16 0.37265625 0.13125 0.0109375 0.00859375
16 0.434375 0.12109375 0.01015625 0.0171875
16 0.296875 0.14609375 0.0078125 0.0125
16 0.10625 0.18125 0.01640625 0.009375
16 0.28515625 0.15 0.0109375 0.0125
16 0.27421875 0.15234375 0.01015625 0.0109375
16 0.47421875 0.12265625 0.03125 0.0171875
16 0.178125 0.1765625 0.01015625 0.00703125
2 0.65234375 0.09296875 0.01328125 0.01484375
16 0.109375 0.19140625 0.01328125 0.00703125
16 0.37578125 0.14375 0.009375 0.00859375
9 0.71953125 0.08515625 0.1078125 0.16171875
16 0.828125 0.06640625 0.06015625 0.03203125
16 0.178125 0.18828125 0.009375 0.00625
16 0.1109375 0.203125 0.01171875 0.00859375
16 0.4265625 0.146875 0.0109375 0.01640625
16 0.44140625 0.14375 0.009375 0.015625
2 0.25546875 0.178125 0.0078125 0.01328125
16 0.41484375 0.14921875 0.00859375 0.015625
16 0.203125 0.18671875 0.0078125 0.01328125
16 0.23125 0.1828125 0.009375 0.01640625
16 0.21640625 0.18515625 0.01171875 0.01640625
16 0.29453125 0.171875 0.01171875 0.01484375
16 0.2828125 0.17421875 0.00625 0.01640625
16 0.3296875 0.1671875 0.0078125 0.01484375
16 0.24296875 0.18203125 0.00546875 0.01484375
16 0.27109375 0.17734375 0.0078125 0.015625
2 0.31484375 0.16953125 0.01015625 0.01640625
2 0.17890625 0.196875 0.0140625 0.009375
9 0.146875 0.20625 0.0265625 0.025
16 0.7890625 0.0921875 0.01328125 0.00625
16 0.1140625 0.215625 0.01015625 0.0078125
16 0.01328125 0.23984375 0.0078125 0.01328125
16 0.18515625 0.209375 0.0109375 0.00625
2 0.5296875 0.14921875 0.0109375 0.01484375
2 0.5671875 0.14296875 0.01484375 0.0171875
2 0.55 0.146875 0.015625 0.01796875
2 0.58515625 0.140625 0.0125 0.01796875
16 0.79453125 0.10546875 0.015625 0.00703125
16 0.115625 0.228125 0.0109375 0.00625
16 0.353125 0.18828125 0.0140625 0.009375
16 0.15859375 0.22421875 0.01953125 0.0125
16 0.1875 0.221875 0.00859375 0.00625
16 0.83828125 0.1140625 0.0625 0.03515625
16 0.3578125 0.2015625 0.01015625 0.0078125
16 0.12734375 0.24453125 0.00703125 0.0125
16 0.115625 0.246875 0.00703125 0.01484375
16 0.1890625 0.2359375 0.0125 0.00703125
2 0.78828125 0.13046875 0.01015625 0.01796875
16 0.80078125 0.12890625 0.00859375 0.01328125
16 0.35625 0.2125 0.01171875 0.0078125
16 0.1921875 0.24765625 0.015625 0.00859375
16 0.1234375 0.26171875 0.0125 0.00625
9 0.1578125 0.25859375 0.02265625 0.0390625
16 0.36171875 0.22734375 0.0125 0.0078125
16 0.19453125 0.2609375 0.01328125 0.00859375
16 0.12734375 0.275 0.0109375 0.00546875
9 0.28125 0.25234375 0.14296875 0.13203125
2 0.54140625 0.20703125 0.01484375 0.01640625
2 0.70546875 0.1796875 0.0125 0.0171875
16 0.19765625 0.27109375 0.0109375 0.0078125
16 0.078125 0.29296875 0.01484375 0.00859375
9 0.03828125 0.3015625 0.0375 0.04375
16 0.36640625 0.24375 0.0125 0.009375
16 0.85078125 0.159375 0.05859375 0.03203125
16 0.07890625 0.30625 0.0125 0.0078125
16 0.36953125 0.25703125 0.01015625 0.00703125
16 0.1484375 0.296875 0.0125 0.01796875
16 0.190625 0.28984375 0.01015625 0.0171875
2 0.18046875 0.29140625 0.00859375 0.01328125
16 0.20390625 0.28828125 0.009375 0.015625
16 0.13125 0.303125 0.01328125 0.0078125
9 0.62890625 0.221875 0.1515625 0.0890625
9 0.46328125 0.2515625 0.14765625 0.084375
16 0.37265625 0.26875 0.01015625 0.0078125
9 0.759375 0.20078125 0.0484375 0.07265625
16 0.1328125 0.315625 0.01015625 0.00703125
2 0.71484375 0.2125 0.0125 0.01875
16 0.2015625 0.3046875 0.0125 0.009375
16 0.10625 0.32578125 0.00703125 0.0109375
16 0.08671875 0.3296875 0.00859375 0.00625
16 0.11796875 0.32421875 0.0078125 0.01484375
16 0.37265625 0.28046875 0.009375 0.00625
16 0.13515625 0.325 0.0125 0.00703125
16 0.20625 0.31875 0.01328125 0.00703125
2 0.0890625 0.34140625 0.01015625 0.0078125
16 0.3765625 0.290625 0.01015625 0.00625
16 0.85703125 0.2046875 0.0609375 0.03671875
9 0.04609375 0.3546875 0.03515625 0.04296875
9 0.1734375 0.33203125 0.02890625 0.0421875
16 0.13828125 0.33984375 0.009375 0.00703125
2 0.5546875 0.265625 0.0078125 0.01328125
2 0.7203125 0.2375 0.01015625 0.0140625
16 0.11015625 0.346875 0.0078125 0.0171875
16 0.20859375 0.3296875 0.0171875 0.0109375
16 0.121875 0.34609375 0.00625 0.0140625
16 0.09375 0.35234375 0.0125 0.009375
16 0.81171875 0.228125 0.01484375 0.00859375
16 0.14296875 0.34921875 0.01328125 0.00625
16 0.27109375 0.32734375 0.0171875 0.0078125
16 0.246875 0.3328125 0.0171875 0.00859375
16 0.21171875 0.340625 0.0125 0.00703125
2 0.34921875 0.321875 0.009375 0.01640625
2 0.14140625 0.3625 0.0140625 0.01015625
2 0.7234375 0.2625 0.01328125 0.01953125
2 0.56015625 0.29375 0.01171875 0.01484375
16 0.14296875 0.3734375 0.01953125 0.009375
16 0.240625 0.36171875 0.00859375 0.01484375
16 0.215625 0.3671875 0.01640625 0.009375
16 0.86796875 0.2515625 0.0578125 0.034375
16 0.09140625 0.39375 0.0078125 0.01328125
16 0.11171875 0.39140625 0.01015625 0.015625
16 0.12265625 0.38984375 0.0078125 0.0140625
9 0.18359375 0.38046875 0.0265625 0.0375
9 0.48203125 0.3296875 0.1546875 0.09453125
16 0.146875 0.39296875 0.0140625 0.0078125
9 0.77890625 0.28046875 0.05078125 0.0828125
9 0.30234375 0.3671875 0.08671875 0.07109375
9 0.64921875 0.30625 0.15078125 0.08515625
2 0.3609375 0.359375 0.0140625 0.0078125
16 0.21953125 0.3859375 0.01171875 0.00625
16 0.39453125 0.35546875 0.01484375 0.0078125
2 0.1515625 0.403125 0.01171875 0.0078125
2 0.734375 0.30234375 0.0140625 0.00625
16 0.07265625 0.42578125 0.01015625 0.0140625
16 0.39765625 0.3671875 0.009375 0.00625
16 0.04765625 0.43046875 0.0078125 0.0125
16 0.2140625 0.40546875 0.01015625 0.009375
16 0.1640625 0.41796875 0.0109375 0.0171875
16 0.14921875 0.42109375 0.0125 0.01796875
16 0.25234375 0.40390625 0.009375 0.01640625
16 0.4 0.378125 0.0140625 0.00859375
2 0.571875 0.35 0.01015625 0.01171875
16 0.375 0.3859375 0.0078125 0.0140625
16 0.3640625 0.38984375 0.00859375 0.01484375
2 0.7375 0.3234375 0.00859375 0.01484375
16 0.2171875 0.4171875 0.0125 0.0078125
16 0.83203125 0.30859375 0.01796875 0.0078125
16 0.8765625 0.3015625 0.0609375 0.03359375
16 0.403125 0.39140625 0.01484375 0.00859375
16 0.1046875 0.44921875 0.01015625 0.01640625
16 0.1296875 0.4453125 0.00546875 0.01328125
16 0.11640625 0.4484375 0.00859375 0.01328125
16 0.35 0.4078125 0.01796875 0.01015625
16 0.321875 0.4125 0.01484375 0.0078125
16 0.37265625 0.40390625 0.01796875 0.009375
16 0.5171875 0.378125 0.01484375 0.0078125
16 0.4921875 0.3828125 0.0171875 0.009375
16 0.45859375 0.38984375 0.0125 0.00703125
16 0.4296875 0.396875 0.01171875 0.00703125
16 0.57421875 0.371875 0.01875 0.009375
16 0.40390625 0.40390625 0.01484375 0.009375
16 0.08671875 0.4625 0.01484375 0.0078125
2 0.21953125 0.44609375 0.015625 0.00859375
2 0.3125 0.4296875 0.00859375 0.00625
2 0.54140625 0.3890625 0.0125 0.0078125
16 0.434375 0.409375 0.01015625 0.009375
16 0.40625 0.4140625 0.0125 0.00625
16 0.6546875 0.3703125 0.02421875 0.0296875
16 0.1234375 0.46796875 0.01328125 0.0078125
16 0.678125 0.36875 0.0125 0.0109375
16 0.75390625 0.36015625 0.01015625 0.0171875
16 0.05 0.4875 0.00703125 0.0125
16 0.43515625 0.41796875 0.0078125 0.00625
16 0.409375 0.4234375 0.0125 0.0078125
2 0.3140625 0.440625 0.00859375 0.00625
16 0.084375 0.48203125 0.0078125 0.015625
16 0.096875 0.48046875 0.0078125 0.0140625
2 0.5234375 0.4046875 0.015625 0.00859375
9 0.26953125 0.45078125 0.0484375 0.071875
9 0.178125 0.4671875 0.05 0.078125
9 0.7953125 0.359375 0.0484375 0.07265625
16 0.128125 0.4796875 0.00859375 0.0046875
16 0.8859375 0.346875 0.0578125 0.0296875
16 0.4375 0.4296875 0.00859375 0.0078125
16 0.31484375 0.45234375 0.015625 0.01015625
9 0.72421875 0.37890625 0.04140625 0.0453125
16 0.4125 0.4359375 0.0125 0.009375
16 0.5421875 0.41328125 0.0140625 0.0078125
9 0.59140625 0.40546875 0.06328125 0.04140625
16 0.07109375 0.5015625 0.01015625 0.00625
16 0.13125 0.49140625 0.0140625 0.0078125
16 0.09375 0.4984375 0.0140625 0.00859375
9 0.36640625 0.45 0.06015625 0.078125
9 0.48203125 0.43046875 0.053125 0.0765625
16 0.440625 0.4390625 0.00859375 0.0078125
16 0.4140625 0.4453125 0.009375 0.00625
2 0.67890625 0.3984375 0.0109375 0.00546875
16 0.54296875 0.425 0.015625 0.0078125
16 0.134375 0.50390625 0.0125 0.0078125
16 0.44296875 0.4515625 0.00859375 0.00625
2 0.41484375 0.459375 0.0125 0.0078125
16 0.54765625 0.4375 0.01328125 0.00859375
16 0.13671875 0.51484375 0.01328125 0.0078125
16 0.84921875 0.3875 0.01875 0.009375
16 0.6375 0.4265625 0.0078125 0.0125
16 0.44453125 0.4609375 0.0125 0.009375
16 0.3203125 0.48359375 0.01328125 0.0078125
2 0.65 0.42421875 0.01171875 0.01640625
16 0.6765625 0.4203125 0.0125 0.01640625
16 0.7578125 0.40703125 0.0125 0.009375
16 0.66484375 0.42265625 0.01171875 0.015625
16 0.3234375 0.49375 0.01484375 0.00859375
16 0.41796875 0.4765625 0.00859375 0.00625
16 0.1359375 0.52734375 0.01171875 0.0078125
16 0.89609375 0.39140625 0.05859375 0.034375
16 0.53359375 0.45703125 0.0125 0.00625
16 0.44375 0.4734375 0.01796875 0.00859375
16 0.09375 0.5390625 0.00859375 0.00703125