16 0.6984375 0.83125 0.05703125 0.0421875
16 0.8078125 0.8359375 0.0671875 0.0375
9 0.81953125 0.89375 0.0765625 0.09609375
2 0.5484375 0.94296875 0.0421875 0.08359375
2 0.5078125 0.95 0.0453125 0.09296875
2 0.47421875 0.13125 0.04140625 0.0828125
4 0.03515625 0.19765625 0.0703125 0.0890625
2 0.84609375 0.0953125 0.0703125 0.0921875
2 0.9140625 0.0875 0.0640625 0.08046875
2 0.63671875 0.15859375 0.07109375 0.0796875
2 0.459375 0.1859375 0.04765625 0.08203125
2 0.25546875 0.25625 0.06953125 0.0875
2 0.06171875 0.28671875 0.0421875 0.0890625
2 0.85546875 0.18046875 0.065625 0.08203125
4 0.0234375 0.29921875 0.046875 0.08671875
16 0.88515625 0.23828125 0.08046875 0.05
20 0.27890625 0.32734375 0.034375 0.0703125
2 0.625 0.28828125 0.06171875 0.09609375
20 0.21796875 0.07109375 0.04453125 0.034375
20 0.39609375 0.05 0.03203125 0.06796875
2 0.88125 0.340625 0.06640625 0.0984375
2 0.5234375 0.04609375 0.1 0.09140625
2 0.07421875 0.57734375 0.03671875 0.071875
2 0.79453125 0.48984375 0.06875 0.115625
2 0.45 0.5515625 0.26328125 0.18671875
4 0.04765625 0.65546875 0.08125 0.08671875
4 0.05234375 0.6609375 0.08828125 0.0875
2 0.54609375 0.67734375 0.0296875 0.0484375
4 0.06171875 0.7453125 0.09375 0.0796875
4 0.05859375 0.75625 0.08671875 0.08984375
2 0.1015625 0.75234375 0.0390625 0.06953125
2 0.66953125 0.696875 0.0328125 0.07109375
16 0.2984375 0.77109375 0.0671875 0.04375
2 0.896875 0.721875 0.04609375 0.09453125
16 0.59296875 0.76640625 0.0359375 0.08046875
16 0.7234375 0.75078125 0.0765625 0.04609375
16 0.61171875 0.765625 0.034375 0.07421875
16 0.57421875 0.775 0.03125 0.10546875
2 0.31875 0.8171875 0.115625 0.0796875
2 0.05234375 0.1375 0.0328125 0.06015625
2 0.77109375 0.77109375 0.04296875 0.06640625
16 0.70625 0.78671875 0.09296875 0.0546875