15 0.84765625 0.04921875 0.0078125 0.0125
1 0.75859375 0.496875 0.0140625 0.00546875
15 0.58203125 0.49765625 0.01171875 0.0078125
15 0.14609375 0.50078125 0.0109375 0.00703125
15 0.5796875 0.509375 0.01171875 0.0046875
9 0.80546875 0.5109375 0.03359375 0.06171875
15 0.1546875 0.52109375 0.0125 0.00625
9 0.2046875 0.521875 0.03203125 0.06796875
9 0.48359375 0.52421875 0.03359375 0.06484375
9 0.253125 0.52421875 0.028125 0.06875
9 0.390625 0.525 0.0328125 0.07265625
9 0.4390625 0.525 0.03359375 0.0703125
9 0.5328125 0.525 0.03984375 0.07109375
9 0.3453125 0.52578125 0.0296875 0.07109375
9 0.3 0.5265625 0.02890625 0.06953125
15 0.89140625 0.5265625 0.0515625 0.01953125
15 0.7953125 0.05390625 0.0046875 0.00859375
15 0.8515625 0.54453125 0.01328125 0.00625
15 0.15234375 0.5546875 0.00625 0.0109375
1 0.759375 0.55625 0.0125 0.00625
9 0.66953125 0.55859375 0.1296875 0.11796875
1 0.58046875 0.559375 0.01640625 0.0046875
15 0.16640625 0.5625 0.00390625 0.0125
15 0.20703125 0.5671875 0.01171875 0.0078125
15 0.18203125 0.56796875 0.01171875 0.00625
15 0.228125 0.56875 0.0125 0.00546875
1 0.5421875 0.5703125 0.015625 0.00546875
15 0.89140625 0.571875 0.0484375 0.02265625
1 0.2828125 0.571875 0.00546875 0.01171875
1 0.37890625 0.5734375 0.00625 0.01328125
1 0.4234375 0.57421875 0.00625 0.0125
1 0.46796875 0.57578125 0.00546875 0.01328125
15 0.49375 0.5765625 0.00625 0.01328125
15 0.5203125 0.57734375 0.00703125 0.0125
15 0.51015625 0.57734375 0.00546875 0.01328125
15 0.48046875 0.578125 0.00703125 0.0140625
1 0.54765625 0.58125 0.0109375 0.00625
15 0.36015625 0.5828125 0.0078125 0.01171875
15 0.3484375 0.5828125 0.00546875 0.01484375
9 0.8046875 0.58359375 0.03828125 0.06015625
15 0.58125 0.58515625 0.0078125 0.0171875
15 0.14765625 0.590625 0.003125 0.0140625
1 0.459375 0.59140625 0.01171875 0.00625
15 0.13046875 0.5921875 0.01015625 0.00546875
15 0.2625 0.59453125 0.00703125 0.015625
9 0.4921875 0.60546875 0.03671875 0.015625
9 0.55078125 0.60625 0.034375 0.01171875
15 0.109375 0.609375 0.00625 0.01328125
15 0.121875 0.61015625 0.0046875 0.0140625
15 0.14375 0.61171875 0.01015625 0.0046875
15 0.5828125 0.61328125 0.00703125 0.015625
15 0.88984375 0.61328125 0.0453125 0.0203125
15 0.26015625 0.6171875 0.009375 0.01328125
15 0.84765625 0.6171875 0.01484375 0.00625
9 0.21015625 0.61796875 0.0734375 0.0625
9 0.2984375 0.61953125 0.0296875 0.065625
15 0.76875 0.62421875 0.00703125 0.0125
15 0.759375 0.62421875 0.0046875 0.015625
15 0.82578125 0.62578125 0.0109375 0.0046875
1 0.440625 0.6265625 0.01171875 0.00859375
9 0.38203125 0.6265625 0.05625 0.04140625
15 0.796875 0.62734375 0.01171875 0.00546875
15 0.84921875 0.62734375 0.0140625 0.00546875
1 0.15390625 0.62734375 0.00703125 0.0140625
15 0.4734375 0.63203125 0.00625 0.0109375
15 0.515625 0.63125 0.00390625 0.0125
15 0.67734375 0.63203125 0.0140625 0.00703125
15 0.4859375 0.63203125 0.00625 0.01171875
15 0.50390625 0.63203125 0.00625 0.01171875
15 0.7078125 0.63203125 0.01015625 0.00625
15 0.6109375 0.63203125 0.01171875 0.0046875
15 0.7390625 0.6328125 0.0125 0.00625
15 0.646875 0.63359375 0.01796875 0.0078125
15 0.82578125 0.6359375 0.01015625 0.00546875
15 0.85 0.63828125 0.00703125 0.0046875
15 0.53359375 0.63984375 0.00390625 0.0109375
1 0.43984375 0.63984375 0.01015625 0.00546875
15 0.2625 0.6421875 0.00546875 0.01171875
1 0.64375 0.64453125 0.0171875 0.00859375
15 0.82421875 0.64609375 0.009375 0.00546875
15 0.8484375 0.65 0.009375 0.00546875
15 0.82578125 0.65546875 0.01015625 0.00390625
15 0.89140625 0.65859375 0.05078125 0.0203125
15 0.64765625 0.659375 0.01171875 0.00625
15 0.85 0.66171875 0.0109375 0.00859375
15 0.153125 0.6640625 0.00546875 0.01328125
15 0.82578125 0.6671875 0.01015625 0.00625
15 0.290625 0.6671875 0.0046875 0.0125
15 0.27890625 0.6671875 0.00625 0.01484375
15 0.30078125 0.6671875 0.00703125 0.0140625
15 0.62734375 0.66796875 0.0046875 0.0140625
15 0.25703125 0.66796875 0.00625 0.01640625
15 0.26796875 0.66875 0.00546875 0.01484375
1 0.31796875 0.66875 0.0078125 0.01328125
15 0.646875 0.66953125 0.0109375 0.00546875
15 0.2078125 0.6703125 0.00546875 0.0109375
15 0.22265625 0.67109375 0.00390625 0.01328125
15 0.23515625 0.67109375 0.003125 0.01484375
15 0.19453125 0.671875 0.00390625 0.01171875
15 0.84921875 0.671875 0.0109375 0.0046875
15 0.56015625 0.6734375 0.0046875 0.01015625
1 0.55078125 0.6734375 0.00546875 0.01171875
15 0.4484375 0.675 0.0046875 0.0109375
15 0.103125 0.67578125 0.00546875 0.01171875
15 0.82578125 0.6765625 0.01015625 0.00703125
9 0.51875 0.6765625 0.04453125 0.0328125
9 0.59140625 0.68046875 0.04609375 0.03046875
15 0.646875 0.68203125 0.0109375 0.00625
1 0.82578125 0.6875 0.01484375 0.00859375
15 0.85 0.68828125 0.01328125 0.00625
15 0.48046875 0.68828125 0.0109375 0.00625
1 0.24296875 0.6921875 0.00625 0.01171875
15 0.64609375 0.6921875 0.0125 0.00390625
15 0.45546875 0.69375 0.00703125 0.00703125
1 0.171875 0.69453125 0.009375 0.01171875
15 0.56015625 0.6984375 0.0046875 0.0140625
15 0.48203125 0.6984375 0.00625 0.00390625
15 0.82578125 0.69921875 0.01015625 0.0046875
9 0.73125 0.70078125 0.11171875 0.1046875
1 0.85078125 0.7015625 0.01171875 0.00703125
15 0.64765625 0.70234375 0.015625 0.0046875
9 0.13828125 0.703125 0.04375 0.03046875
15 0.3875 0.7046875 0.0078125 0.0140625
15 0.453125 0.70546875 0.009375 0.00703125
9 0.20703125 0.709375 0.0421875 0.0296875
9 0.33828125 0.71015625 0.04375 0.028125
9 0.27421875 0.71015625 0.04296875 0.03046875
15 0.8265625 0.71015625 0.0109375 0.00625
15 0.64609375 0.71171875 0.0125 0.00390625
1 0.8515625 0.71484375 0.0125 0.009375
15 0.63203125 0.71953125 0.00703125 0.01796875
15 0.825 0.71953125 0.01015625 0.0046875
15 0.64765625 0.721875 0.01171875 0.0046875
15 0.30703125 0.7234375 0.00859375 0.0125
15 0.85234375 0.72734375 0.01484375 0.00625
15 0.82578125 0.73125 0.01328125 0.00546875
15 0.52109375 0.7359375 0.05078125 0.02421875
15 0.4109375 0.73671875 0.0578125 0.02578125
9 0.89296875 0.73671875 0.0296875 0.10625
15 0.57734375 0.73828125 0.05 0.021875
15 0.46796875 0.73828125 0.05078125 0.025
1 0.65234375 0.74453125 0.0140625 0.00625
15 0.23828125 0.746875 0.00703125 0.01171875
1 0.24921875 0.74609375 0.0078125 0.01328125
1 0.85 0.746875 0.00546875 0.01015625
15 0.33671875 0.746875 0.0046875 0.01015625
15 0.20859375 0.746875 0.00703125 0.0109375
15 0.22421875 0.746875 0.00625 0.01328125
15 0.2625 0.74765625 0.009375 0.01171875
1 0.3203125 0.74765625 0.00546875 0.015625
15 0.28828125 0.74765625 0.0078125 0.0125
15 0.275 0.74765625 0.00625 0.0125
9 0.82578125 0.7484375 0.015625 0.01875
15 0.359375 0.75078125 0.00859375 0.0046875
15 0.859375 0.7515625 0.00703125 0.01328125
15 0.18125 0.75625 0.01171875 0.0046875
15 0.36640625 0.76328125 0.01015625 0.0046875
15 0.15234375 0.76328125 0.0109375 0.00625
9 0.1125 0.7671875 0.034375 0.03671875
15 0.18046875 0.7671875 0.00859375 0.00625
15 0.36484375 0.77265625 0.0109375 0.00546875
15 0.7609375 0.77265625 0.00546875 0.0078125
1 0.74453125 0.7734375 0.00703125 0.01171875
1 0.85078125 0.7734375 0.0046875 0.01171875
15 0.153125 0.77421875 0.0109375 0.00546875
15 0.790625 0.77421875 0.00546875 0.0109375
15 0.8 0.775 0.00703125 0.0125
1 0.778125 0.775 0.01015625 0.01171875
15 0.71015625 0.77578125 0.00703125 0.01015625
9 0.82421875 0.7765625 0.01484375 0.01875
15 0.1796875 0.77734375 0.00859375 0.00546875
15 0.8609375 0.778125 0.003125 0.0140625
15 0.365625 0.7828125 0.01015625 0.0046875
15 0.1796875 0.78828125 0.0078125 0.00546875
15 0.79609375 0.7921875 0.0125 0.00546875
1 0.3671875 0.7953125 0.01171875 0.00546875
1 0.85859375 0.796875 0.01328125 0.00546875
15 0.75078125 0.7984375 0.00390625 0.01171875
15 0.775 0.7984375 0.00703125 0.01171875
15 0.18046875 0.7984375 0.0078125 0.00546875
15 0.76171875 0.7984375 0.00390625 0.0109375
15 0.6421875 0.80234375 0.00625 0.01328125
15 0.7953125 0.8046875 0.0109375 0.0046875
15 0.825 0.80546875 0.0125 0.01796875
9 0.896875 0.80625 0.01796875 0.01875
15 0.36484375 0.80703125 0.0109375 0.00546875
15 0.15859375 0.80859375 0.0046875 0.0109375
15 0.39453125 0.80859375 0.0125 0.00546875
15 0.18125 0.8109375 0.00859375 0.00546875
15 0.86640625 0.81171875 0.01484375 0.00546875
15 0.36484375 0.81640625 0.009375 0.0046875
15 0.3953125 0.8203125 0.01328125 0.0078125
15 0.1796875 0.8203125 0.01015625 0.00390625
15 0.5796875 0.82421875 0.0125 0.00546875
15 0.8046875 0.825 0.0109375 0.00546875
15 0.69609375 0.82734375 0.00703125 0.01171875
9 0.27578125 0.82734375 0.11875 0.11640625
1 0.365625 0.82890625 0.01015625 0.00625
15 0.68046875 0.82890625 0.00546875 0.0125
15 0.64140625 0.83125 0.00703125 0.0125
15 0.39765625 0.8328125 0.0140625 0.00625
15 0.58046875 0.83515625 0.0109375 0.00546875
1 0.18515625 0.8359375 0.00625 0.0109375
15 0.365625 0.83828125 0.0078125 0.00546875
15 0.6203125 0.84140625 0.0125 0.00703125
15 0.39609375 0.84375 0.0125 0.00546875
15 0.76640625 0.8453125 0.0046875 0.01171875
1 0.5796875 0.84609375 0.01328125 0.0078125
15 0.83515625 0.84609375 0.00390625 0.0109375
15 0.67421875 0.8484375 0.0046875 0.009375
15 0.68671875 0.8484375 0.00703125 0.0125
15 0.3640625 0.84921875 0.0109375 0.003125
15 0.6625 0.84921875 0.00703125 0.0109375
15 0.703125 0.85 0.00625 0.01171875
15 0.71484375 0.85078125 0.00546875 0.01015625
1 0.3953125 0.853125 0.0140625 0.00625
15 0.12734375 0.85546875 0.009375 0.00625
9 0.4921875 0.85546875 0.11875 0.11796875
15 0.58046875 0.8578125 0.00859375 0.0046875
1 0.36484375 0.86328125 0.0109375 0.0046875
15 0.396875 0.8640625 0.009375 0.00546875
1 0.7140625 0.86796875 0.01328125 0.0046875
15 0.83515625 0.86875 0.0046875 0.0109375
1 0.6453125 0.86875 0.015625 0.00625
15 0.12890625 0.86875 0.01015625 0.00703125
15 0.103125 0.871875 0.0125 0.00390625
15 0.740625 0.87265625 0.01328125 0.00703125
15 0.3640625 0.8734375 0.01328125 0.0078125
1 0.1875 0.875 0.01171875 0.0046875
15 0.58046875 0.8765625 0.0125 0.00625
15 0.1296875 0.878125 0.00859375 0.00703125
9 0.86484375 0.878125 0.0234375 0.0765625
15 0.76484375 0.87890625 0.0046875 0.01171875
15 0.10546875 0.88125 0.00625 0.00625
15 0.74296875 0.88515625 0.009375 0.0046875
15 0.1890625 0.8859375 0.00703125 0.00546875
15 0.3625 0.8875 0.0109375 0.00546875
15 0.57890625 0.8875 0.00859375 0.0046875
15 0.128125 0.88984375 0.01484375 0.00546875
15 0.16640625 0.890625 0.0078125 0.00625
15 0.91015625 0.890625 0.00703125 0.0125
15 0.89375 0.8921875 0.0046875 0.0109375
15 0.62109375 0.89453125 0.01015625 0.00625
15 0.74296875 0.89609375 0.00859375 0.0046875
15 0.18828125 0.89609375 0.0078125 0.0046875
15 0.5796875 0.89765625 0.0109375 0.00546875
15 0.128125 0.9 0.01015625 0.00625
15 0.8359375 0.903125 0.00546875 0.00859375
15 0.74140625 0.90546875 0.009375 0.00546875
15 0.5796875 0.91015625 0.009375 0.0046875
1 0.31796875 0.91015625 0.00625 0.0109375
15 0.2234375 0.9109375 0.00625 0.01328125
15 0.125 0.9109375 0.009375 0.0046875
1 0.2359375 0.9125 0.0046875 0.0140625
15 0.40625 0.9125 0.00625 0.0125
15 0.21171875 0.9125 0.00703125 0.0109375
15 0.30625 0.9125 0.00703125 0.0125
15 0.24609375 0.9125 0.00703125 0.0125
15 0.259375 0.9125 0.00703125 0.01171875
1 0.37578125 0.91328125 0.00703125 0.0125
15 0.38671875 0.9140625 0.00546875 0.0140625
15 0.271875 0.9140625 0.00546875 0.0125
15 0.29453125 0.9140625 0.00390625 0.0109375
15 0.28359375 0.915625 0.00859375 0.01328125
1 0.18203125 0.91484375 0.00703125 0.01171875
15 0.16015625 0.91484375 0.00390625 0.01171875
15 0.196875 0.91640625 0.00625 0.0109375
9 0.67890625 0.9171875 0.07265625 0.06875
15 0.740625 0.91796875 0.01328125 0.00625
15 0.12734375 0.92109375 0.01015625 0.00546875
15 0.07578125 0.92109375 0.01484375 0.00703125
15 0.7421875 0.92890625 0.0125 0.0046875
15 0.12734375 0.93125 0.01015625 0.0046875
15 0.29296875 0.93125 0.01015625 0.01015625
15 0.0765625 0.93203125 0.01171875 0.00625
1 0.22890625 0.93359375 0.0046875 0.0125
15 0.25234375 0.934375 0.00625 0.01171875
15 0.51328125 0.934375 0.00546875 0.01328125
15 0.2421875 0.934375 0.00625 0.0109375
15 0.428125 0.934375 0.00546875 0.0125
15 0.26796875 0.93515625 0.00390625 0.01328125
15 0.4390625 0.93515625 0.00703125 0.01328125
15 0.50390625 0.93515625 0.00625 0.0140625
15 0.525 0.93515625 0.00703125 0.0140625
15 0.278125 0.9359375 0.0046875 0.01328125
1 0.4921875 0.93515625 0.0046875 0.01796875
15 0.5375 0.9359375 0.00625 0.0140625
15 0.54921875 0.9359375 0.00546875 0.0109375
9 0.6 0.93671875 0.0203125 0.01484375
15 0.7421875 0.9390625 0.0109375 0.00390625
15 0.128125 0.94140625 0.0078125 0.00546875
15 0.81171875 0.94375 0.00625 0.01484375
15 0.47578125 0.94375 0.00625 0.01328125
15 0.465625 0.94453125 0.00390625 0.0125
15 0.4546875 0.94609375 0.00546875 0.01484375
1 0.23671875 0.9515625 0.0125 0.009375
9 0.20625 0.95234375 0.02109375 0.0375
9 0.16875 0.953125 0.0203125 0.040625
9 0.7796875 0.95390625 0.02734375 0.0390625
15 0.51953125 0.95546875 0.00625 0.0140625
15 0.53125 0.95546875 0.00703125 0.01640625
15 0.50859375 0.95546875 0.00703125 0.0125
15 0.5421875 0.95703125 0.00703125 0.01328125
15 0.7421875 0.959375 0.0125 0.00546875
15 0.259375 0.9609375 0.00625 0.0140625
15 0.56640625 0.96171875 0.00390625 0.0109375
1 0.59609375 0.9625 0.009375 0.01328125
1 0.58125 0.9625 0.009375 0.01640625
15 0.2703125 0.9625 0.00625 0.0171875
15 0.61171875 0.96328125 0.00546875 0.01015625
15 0.8125 0.965625 0.00546875 0.015625
15 0.6640625 0.96640625 0.00859375 0.00546875
15 0.64375 0.96640625 0.0140625 0.00546875
15 0.709375 0.96640625 0.01171875 0.0046875
15 0.68671875 0.9671875 0.01015625 0.00546875
15 0.40625 0.9671875 0.01328125 0.00625
15 0.73125 0.9703125 0.01171875 0.0046875
15 0.29453125 0.9703125 0.01171875 0.00546875
15 0.26171875 0.12890625 0.015625 0.0125
15 0.2609375 0.13984375 0.0125 0.00625
9 0.21875 0.14140625 0.01640625 0.01171875
15 0.47109375 0.1453125 0.01171875 0.0046875
15 0.553125 0.146875 0.00546875 0.01171875
1 0.5296875 0.146875 0.00625 0.01171875
15 0.54140625 0.146875 0.0046875 0.01015625
9 0.50625 0.153125 0.01640625 0.0328125
1 0.2671875 0.1546875 0.0109375 0.009375
15 0.47265625 0.1546875 0.00859375 0.00390625
15 0.140625 0.15546875 0.00703125 0.01484375
15 0.17578125 0.15703125 0.0078125 0.01484375
15 0.54921875 0.16015625 0.01015625 0.0078125
15 0.09375 0.1625 0.00546875 0.01484375
15 0.2890625 0.16328125 0.01640625 0.00390625
15 0.471875 0.165625 0.009375 0.00625
15 0.52890625 0.165625 0.00703125 0.01484375
15 0.4015625 0.16640625 0.00546875 0.01171875
15 0.225 0.1671875 0.0140625 0.00625
15 0.39140625 0.16796875 0.0078125 0.0109375
15 0.3796875 0.16875 0.0078125 0.009375
15 0.56484375 0.17421875 0.02734375 0.01171875
15 0.290625 0.175 0.0078125 0.00546875
1 0.72890625 0.17578125 0.01015625 0.01171875
15 0.225 0.1765625 0.01171875 0.0046875
15 0.471875 0.1765625 0.0078125 0.00703125
9 0.79140625 0.1796875 0.07109375 0.1375
15 0.89140625 0.18125 0.0515625 0.0203125
15 0.09453125 0.18125 0.003125 0.0171875
15 0.2875 0.18515625 0.0078125 0.00390625
15 0.225 0.1875 0.01015625 0.00703125
15 0.5171875 0.1875 0.0078125 0.0140625
15 0.53125 0.18828125 0.00625 0.01328125
1 0.35859375 0.18828125 0.0046875 0.0125
15 0.50703125 0.18828125 0.00546875 0.0140625
15 0.3109375 0.18828125 0.00546875 0.0125
15 0.3359375 0.18828125 0.00625 0.01484375
15 0.32265625 0.1890625 0.00859375 0.0140625
15 0.39453125 0.1890625 0.00859375 0.0125
15 0.384375 0.18984375 0.003125 0.01484375
15 0.42734375 0.18984375 0.0046875 0.01328125
15 0.346875 0.18984375 0.00234375 0.01328125
15 0.3734375 0.190625 0.0046875 0.0140625
1 0.4140625 0.190625 0.00703125 0.0140625
1 0.28671875 0.19375 0.01171875 0.00625
9 0.25625 0.196875 0.0203125 0.01875
15 0.8515625 0.19765625 0.01171875 0.00390625
15 0.225 0.2 0.0078125 0.00546875
15 0.13046875 0.2046875 0.0046875 0.01171875
15 0.28984375 0.20546875 0.01015625 0.0046875
1 0.609375 0.20703125 0.0078125 0.01328125
1 0.64375 0.20703125 0.0109375 0.01484375
1 0.62734375 0.2078125 0.01171875 0.01484375
1 0.66015625 0.2078125 0.00859375 0.01484375
15 0.8546875 0.209375 0.0140625 0.0046875
15 0.22421875 0.2109375 0.009375 0.00390625
15 0.44453125 0.2140625 0.01171875 0.00625
15 0.2625 0.2140625 0.01640625 0.00859375
15 0.2890625 0.21640625 0.00703125 0.0046875
15 0.89140625 0.22421875 0.053125 0.0234375
15 0.44609375 0.225 0.00859375 0.00546875
15 0.23125 0.22734375 0.0046875 0.01171875
15 0.2203125 0.22734375 0.00390625 0.01328125
15 0.28828125 0.22890625 0.01015625 0.00546875
1 0.84453125 0.23125 0.00625 0.015625
15 0.85546875 0.2328125 0.00625 0.01171875
15 0.4421875 0.23515625 0.009375 0.00546875
15 0.2890625 0.23984375 0.01328125 0.00546875
15 0.225 0.2421875 0.0109375 0.00390625
9 0.25546875 0.24453125 0.0140625 0.034375
15 0.44453125 0.25 0.0109375 0.0046875
1 0.103125 0.25 0.01171875 0.00703125
15 0.2890625 0.253125 0.0109375 0.00625
15 0.22578125 0.25390625 0.01015625 0.003125
9 0.3671875 0.259375 0.11171875 0.103125
1 0.60859375 0.2609375 0.0109375 0.0140625
1 0.7609375 0.2625 0.00859375 0.0140625
15 0.2890625 0.2625 0.009375 0.00546875
15 0.178125 0.2625 0.0125 0.00625
9 0.14140625 0.2640625 0.02734375 0.03671875
15 0.4453125 0.265625 0.0109375 0.00703125
15 0.89453125 0.26640625 0.05 0.0203125
15 0.17734375 0.27421875 0.01015625 0.00546875
15 0.4453125 0.27734375 0.00859375 0.00546875
15 0.240625 0.27734375 0.009375 0.01484375
15 0.2796875 0.278125 0.00703125 0.01484375
1 0.2703125 0.278125 0.00625 0.01171875
15 0.2921875 0.278125 0.00546875 0.01328125
15 0.22421875 0.28046875 0.0109375 0.0046875
9 0.684375 0.28671875 0.12890625 0.059375
9 0.53046875 0.2875 0.12578125 0.05625
15 0.446875 0.28828125 0.0078125 0.00546875
9 0.80546875 0.28984375 0.03203125 0.0625
15 0.22265625 0.29140625 0.00859375 0.00546875
1 0.7625 0.2921875 0.00859375 0.01640625
15 0.28671875 0.29296875 0.0109375 0.00703125
15 0.196875 0.296875 0.0046875 0.01015625
15 0.17890625 0.296875 0.0078125 0.0046875
15 0.20703125 0.296875 0.0046875 0.01328125
15 0.44375 0.2984375 0.0078125 0.0046875
15 0.2234375 0.30078125 0.01015625 0.0046875
15 0.28828125 0.30546875 0.01171875 0.0046875
1 0.17890625 0.3078125 0.00859375 0.00546875
15 0.44609375 0.30859375 0.00859375 0.0046875
15 0.89140625 0.30859375 0.0515625 0.025
9 0.13828125 0.3125 0.02578125 0.03515625
9 0.25625 0.31328125 0.01953125 0.0359375
15 0.2234375 0.3140625 0.0078125 0.00546875
1 0.609375 0.3140625 0.0046875 0.01171875
1 0.76328125 0.31640625 0.0078125 0.01171875
15 0.196875 0.31640625 0.0046875 0.015625
15 0.28828125 0.31640625 0.01484375 0.0078125
15 0.2078125 0.31640625 0.003125 0.0125
15 0.18125 0.31796875 0.01015625 0.00703125
15 0.846875 0.32265625 0.0125 0.00625
15 0.22578125 0.3234375 0.01171875 0.00390625
15 0.34453125 0.32421875 0.015625 0.0046875
15 0.321875 0.325 0.01484375 0.00546875
15 0.8421875 0.0328125 0.01328125 0.0046875
15 0.2890625 0.3265625 0.01015625 0.00546875
1 0.415625 0.33203125 0.00625 0.0140625
1 0.221875 0.33515625 0.01171875 0.0078125
15 0.81953125 0.03359375 0.01015625 0.00546875
1 0.76171875 0.3390625 0.009375 0.01640625
1 0.609375 0.340625 0.00859375 0.0125
15 0.221875 0.3453125 0.01640625 0.00546875
15 0.3109375 0.35 0.00546875 0.01328125
15 0.2875 0.35078125 0.0140625 0.00703125
15 0.89140625 0.35234375 0.04921875 0.0234375
15 0.17109375 0.35546875 0.00546875 0.01171875
15 0.18984375 0.35625 0.00625 0.01328125
15 0.2 0.35625 0.0046875 0.0125
9 0.25625 0.35703125 0.0171875 0.03203125
9 0.5328125 0.3609375 0.1296875 0.06484375
15 0.22109375 0.3625 0.01171875 0.00546875
9 0.80703125 0.3640625 0.03203125 0.07109375
9 0.36484375 0.36484375 0.06953125 0.05390625
9 0.68671875 0.36640625 0.128125 0.05625
1 0.41875 0.3671875 0.01171875 0.00546875
15 0.2875 0.36796875 0.01015625 0.00390625
15 0.44921875 0.36953125 0.01328125 0.0046875
1 0.2234375 0.37265625 0.01015625 0.00546875
1 0.7640625 0.3765625 0.0125 0.00390625
15 0.14765625 0.3796875 0.00703125 0.01171875
15 0.44921875 0.3796875 0.00859375 0.00390625
15 0.125 0.38046875 0.0046875 0.01171875
15 0.27890625 0.38515625 0.0078125 0.0078125
15 0.23125 0.3875 0.0078125 0.01484375
15 0.21875 0.38828125 0.00859375 0.015625
15 0.31328125 0.38984375 0.00546875 0.01484375
15 0.45 0.390625 0.01171875 0.00625
1 0.609375 0.39296875 0.0078125 0.01015625
15 0.42578125 0.39375 0.0046875 0.0125
15 0.41640625 0.3953125 0.00546875 0.01328125
1 0.76171875 0.39609375 0.00546875 0.01328125
15 0.27890625 0.3953125 0.0109375 0.00546875
15 0.85 0.39765625 0.015625 0.0046875
15 0.890625 0.39765625 0.05234375 0.02265625
15 0.45 0.403125 0.01328125 0.00625
15 0.17265625 0.40703125 0.00625 0.0140625
15 0.19609375 0.40703125 0.003125 0.01171875
15 0.1828125 0.4078125 0.00625 0.01171875
15 0.4 0.40859375 0.015625 0.00703125
15 0.37421875 0.40859375 0.0125 0.00546875
15 0.42109375 0.409375 0.015625 0.00625
15 0.5546875 0.40859375 0.01328125 0.00546875
15 0.53125 0.409375 0.01484375 0.00625
15 0.50078125 0.41015625 0.0109375 0.0046875
15 0.47265625 0.4125 0.01015625 0.00546875
15 0.60703125 0.41328125 0.01640625 0.00546875
15 0.44921875 0.41328125 0.0125 0.00703125
15 0.1546875 0.41484375 0.0125 0.00546875
1 0.2765625 0.421875 0.0140625 0.00546875
1 0.3625 0.421875 0.0078125 0.00390625
1 0.5734375 0.42265625 0.01015625 0.00625
15 0.475 0.4234375 0.009375 0.00703125
15 0.4484375 0.4234375 0.0109375 0.00390625
15 0.6796875 0.4234375 0.0171875 0.02421875
15 0.1859375 0.4265625 0.01171875 0.0046875
15 0.70078125 0.4265625 0.01015625 0.00859375
15 0.76953125 0.43125 0.00703125 0.01484375
15 0.11640625 0.43203125 0.0046875 0.0109375
15 0.47421875 0.43203125 0.00703125 0.0046875
15 0.45 0.43203125 0.01015625 0.00546875
1 0.3609375 0.4328125 0.0078125 0.0046875
15 0.14921875 0.4328125 0.0046875 0.0140625
15 0.159375 0.43359375 0.0046875 0.0125
1 0.55546875 0.43359375 0.0140625 0.00546875
9 0.31953125 0.434375 0.03203125 0.06171875
9 0.234375 0.43515625 0.0328125 0.06640625
9 0.80703125 0.43671875 0.03203125 0.0625
15 0.1875 0.4375 0.0078125 0.003125
15 0.890625 0.43984375 0.04921875 0.01875
15 0.4734375 0.4421875 0.00703125 0.00625
15 0.36015625 0.44296875 0.01328125 0.0078125
9 0.73984375 0.44296875 0.03046875 0.03671875
15 0.45078125 0.44375 0.0109375 0.00625
15 0.5703125 0.44453125 0.0125 0.0046875
9 0.61640625 0.4453125 0.053125 0.02890625
15 0.1328125 0.4484375 0.009375 0.00390625
15 0.1890625 0.4484375 0.01171875 0.00546875
15 0.15390625 0.4484375 0.01171875 0.00625
9 0.40703125 0.44921875 0.04296875 0.06484375
9 0.51328125 0.45078125 0.0359375 0.06484375
15 0.475 0.4515625 0.00703125 0.00625
15 0.45078125 0.45234375 0.00859375 0.00390625
1 0.69609375 0.453125 0.01015625 0.00390625
15 0.56875 0.45546875 0.0140625 0.00546875
15 0.1890625 0.46015625 0.01015625 0.00625
15 0.47421875 0.4625 0.0078125 0.00390625
1 0.4484375 0.465625 0.0109375 0.00546875
15 0.5703125 0.46640625 0.01171875 0.00625
15 0.1890625 0.4703125 0.01171875 0.00546875
15 0.85 0.47109375 0.01640625 0.00546875
15 0.65390625 0.47109375 0.0046875 0.01171875
15 0.47421875 0.471875 0.01015625 0.00703125
15 0.359375 0.471875 0.0109375 0.00546875
1 0.66484375 0.471875 0.0078125 0.0140625
15 0.68984375 0.47265625 0.009375 0.0140625
15 0.76484375 0.47265625 0.0109375 0.00703125
15 0.678125 0.47265625 0.00859375 0.01328125
15 0.36015625 0.48125 0.0125 0.00625
15 0.44765625 0.48125 0.0078125 0.0046875
15 0.18671875 0.48125 0.009375 0.00625
15 0.89140625 0.48203125 0.05 0.0234375
15 0.5546875 0.48203125 0.0109375 0.00390625
15 0.815625 0.0484375 0.0046875 0.01171875
15 0.47109375 0.4828125 0.015625 0.00546875
15 0.1453125 0.48515625 0.00703125 0.00546875