16 0.81953125 0.759375 0.00546875 0.0125
2 0.225 0.6046875 0.0109375 0.0078125
16 0.4046875 0.65234375 0.00625 0.003125
20 0.83203125 0.76640625 0.01640625 0.01875
16 0.41875 0.65859375 0.00859375 0.0046875
16 0.4390625 0.66484375 0.00859375 0.00703125
16 0.85546875 0.7765625 0.0078125 0.0140625
2 0.221875 0.6125 0.0109375 0.00859375
16 0.41640625 0.66484375 0.0109375 0.0078125
16 0.4015625 0.6625 0.00859375 0.00546875
2 0.690625 0.7421875 0.01015625 0.0171875
2 0.0234375 0.56875 0.00546875 0.0125
2 0.2203125 0.621875 0.01171875 0.0078125
2 0.4171875 0.6765625 0.0109375 0.0078125
2 0.39921875 0.671875 0.00859375 0.00546875
20 0.61328125 0.73203125 0.0203125 0.02578125
20 0.58671875 0.7265625 0.01640625 0.0234375
16 0.62578125 0.73828125 0.00390625 0.0109375
16 0.3984375 0.68046875 0.01015625 0.0078125
16 0.596875 0.7328125 0.0078125 0.01875
16 0.415625 0.68515625 0.01015625 0.0078125
2 0.01953125 0.58671875 0.00546875 0.01328125
2 0.21484375 0.6390625 0.015625 0.009375
16 0.39609375 0.6890625 0.0109375 0.00703125
16 0.41328125 0.69453125 0.0109375 0.0078125
16 0.39375 0.69765625 0.009375 0.00625
16 0.41015625 0.70390625 0.00859375 0.00625
16 0.5921875 0.75546875 0.0078125 0.01328125
16 0.62265625 0.7640625 0.00546875 0.015625
20 0.57890625 0.75390625 0.01171875 0.01484375
16 0.52578125 0.740625 0.00859375 0.01484375
20 0.6078125 0.7625 0.01328125 0.01875
2 0.39296875 0.709375 0.00859375 0.00625
16 0.03125 0.6140625 0.00703125 0.0140625
16 0.040625 0.6171875 0.00546875 0.0109375
2 0.02578125 0.6140625 0.00625 0.01484375
16 0.05625 0.62265625 0.00625 0.01171875
16 0.06328125 0.62578125 0.00625 0.01171875
16 0.04765625 0.621875 0.00546875 0.01328125
9 0.30078125 0.6921875 0.1453125 0.16171875
2 0.3890625 0.72109375 0.0125 0.00859375
2 0.6109375 0.78515625 0.0078125 0.01640625
2 0.61953125 0.7875 0.00703125 0.0125
16 0.628125 0.78984375 0.00625 0.01328125
16 0.603125 0.78359375 0.00625 0.01328125
16 0.6359375 0.79375 0.00625 0.0125
16 0.596875 0.78359375 0.00625 0.01328125
16 0.80859375 0.83984375 0.0125 0.00859375
16 0.78984375 0.8359375 0.01015625 0.0078125
2 0.21171875 0.68359375 0.0125 0.01015625
16 0.046875 0.64140625 0.00703125 0.01328125
20 0.03125 0.6390625 0.0171875 0.02109375
20 0.78671875 0.85390625 0.01328125 0.02265625
16 0.5046875 0.78046875 0.0109375 0.0078125
16 0.04453125 0.6609375 0.00625 0.0109375
16 0.028125 0.65859375 0.0140625 0.00859375
16 0.51953125 0.78984375 0.0078125 0.0171875
9 0.66328125 0.834375 0.02109375 0.02421875
16 0.78125 0.8703125 0.0125 0.00703125
16 0.803125 0.8765625 0.009375 0.00625
2 0.01875 0.67265625 0.00625 0.0125
20 0.49921875 0.80078125 0.015625 0.0203125
20 0.48046875 0.79609375 0.0140625 0.01875
16 0.02578125 0.67578125 0.0078125 0.01484375
16 0.5140625 0.81015625 0.0046875 0.0125
16 0.52109375 0.81171875 0.00703125 0.01328125
16 0.5296875 0.8140625 0.00546875 0.01328125
16 0.53671875 0.81640625 0.00625 0.01328125
16 0.80078125 0.8859375 0.0109375 0.00703125
16 0.7984375 0.89453125 0.0109375 0.0078125
2 0.20078125 0.74375 0.0078125 0.0125
2 0.378125 0.7921875 0.0109375 0.01171875
16 0.79765625 0.90625 0.009375 0.00546875
16 0.4890625 0.82578125 0.00625 0.0125
2 0.50546875 0.8296875 0.00703125 0.01328125
16 0.49609375 0.8296875 0.00703125 0.01171875
2 0.48125 0.825 0.00625 0.01328125
16 0.20546875 0.75546875 0.00625 0.00859375
9 0.53359375 0.8453125 0.02890625 0.03046875
16 0.79375 0.91484375 0.0109375 0.00546875
16 0.20859375 0.7625 0.00390625 0.01171875
9 0.01953125 0.71875 0.02421875 0.0328125
2 0.79453125 0.925 0.0109375 0.0078125
2 0.2140625 0.77265625 0.00625 0.0125
16 0.34140625 0.8078125 0.01015625 0.0125
20 0.77421875 0.92421875 0.0140625 0.02265625
16 0.79140625 0.9328125 0.0109375 0.00625
20 0.0390625 0.7375 0.0140625 0.02265625
2 0.3296875 0.8171875 0.009375 0.01015625
2 0.34921875 0.8234375 0.0109375 0.0125
16 0.78984375 0.94140625 0.0109375 0.0078125
16 0.78671875 0.95078125 0.0109375 0.0078125
16 0.23046875 0.80859375 0.00625 0.0140625
16 0.78671875 0.96015625 0.009375 0.00703125
2 0.01875 0.7578125 0.00625 0.01328125
16 0.003125 0.7546875 0.00625 0.01328125
16 0.01015625 0.75625 0.00546875 0.01015625
9 0.64296875 0.92578125 0.02421875 0.0265625
2 0.27734375 0.83359375 0.00703125 0.015625
20 0.03046875 0.77421875 0.0125 0.01796875
2 0.66171875 0.94921875 0.0078125 0.015625
16 0.0140625 0.77734375 0.00625 0.015625
16 0.240625 0.8421875 0.00625 0.01484375
2 0.615625 0.9421875 0.00625 0.00859375
2 0.275 0.853125 0.00625 0.0109375
2 0.5984375 0.94140625 0.0078125 0.01640625
16 0.60703125 0.94375 0.00390625 0.01328125
16 0.58984375 0.93984375 0.00625 0.0140625
16 0.02734375 0.79140625 0.00859375 0.00703125
16 0.45546875 0.90625 0.00703125 0.01328125
16 0.51171875 0.92109375 0.00546875 0.01328125
2 0.5203125 0.9234375 0.00625 0.01328125
16 0.503125 0.91875 0.00625 0.0125
9 0.3375 0.8765625 0.1203125 0.0921875
16 0.0234375 0.8015625 0.0078125 0.00546875
2 0.66328125 0.9734375 0.00703125 0.0171875
16 0.23515625 0.8609375 0.00625 0.0125
2 0.2703125 0.871875 0.00859375 0.015625
16 0.5875 0.959375 0.00625 0.01328125
16 0.59296875 0.96015625 0.00625 0.01328125
16 0.60234375 0.9640625 0.00625 0.01171875
16 0.53515625 0.9546875 0.0046875 0.0109375
16 0.51953125 0.95078125 0.00625 0.0140625
16 0.54140625 0.9578125 0.00625 0.01328125
16 0.5265625 0.9546875 0.00546875 0.0125
16 0.23359375 0.87890625 0.00546875 0.0109375
2 0.26796875 0.8890625 0.00625 0.0125
2 0.3203125 0.9265625 0.01328125 0.0078125
16 0.79765625 0.15546875 0.00625 0.01171875
16 0.8078125 0.15859375 0.00546875 0.01171875
16 0.73125 0.140625 0.00625 0.01328125
16 0.7234375 0.13828125 0.00859375 0.01484375
16 0.803125 0.1765625 0.00546875 0.0109375
16 0.79375 0.17421875 0.00625 0.0140625
2 0.99609375 0.22890625 0.00703125 0.00859375
16 0.72890625 0.1578125 0.00625 0.0125
16 0.965625 0.22109375 0.00546875 0.01171875
16 0.9734375 0.2234375 0.00625 0.0125
16 0.71875 0.15703125 0.00859375 0.01328125
2 0.3125 0.05703125 0.0109375 0.0078125
2 0.5921875 0.13203125 0.00625 0.0125
2 0.3390625 0.06640625 0.00703125 0.0140625
16 0.321875 0.0625 0.00703125 0.0140625
2 0.3640625 0.0734375 0.00703125 0.01328125
16 0.3546875 0.07109375 0.00703125 0.01328125
16 0.57578125 0.1296875 0.00703125 0.0140625
16 0.37890625 0.078125 0.00546875 0.01328125
2 0.53046875 0.11796875 0.00546875 0.0109375
16 0.3296875 0.06484375 0.00625 0.01484375
16 0.37109375 0.07578125 0.00625 0.0140625
16 0.41484375 0.08828125 0.00625 0.0140625
16 0.59921875 0.13671875 0.00390625 0.0109375
2 0.521875 0.1171875 0.00625 0.0140625
2 0.615625 0.14140625 0.00859375 0.0140625
16 0.58125 0.1328125 0.00625 0.01328125
16 0.34609375 0.0703125 0.00625 0.01328125
16 0.42265625 0.090625 0.00703125 0.01484375
2 0.38671875 0.08125 0.00625 0.0140625
2 0.42890625 0.09296875 0.00546875 0.01328125
2 0.54609375 0.12421875 0.00703125 0.01328125
16 0.60625 0.140625 0.00625 0.01328125
20 0.44296875 0.09765625 0.01328125 0.02421875
20 0.40078125 0.08671875 0.0171875 0.0234375
20 0.47109375 0.10625 0.0203125 0.02421875
20 0.91796875 0.225 0.02109375 0.02421875
2 0.790625 0.19140625 0.0078125 0.01328125
2 0.79921875 0.1953125 0.00625 0.01328125
16 0.30859375 0.0671875 0.01015625 0.0078125
16 0.90390625 0.2265625 0.0046875 0.0109375
20 0.7109375 0.1828125 0.0171875 0.02421875
16 0.32734375 0.0828125 0.00390625 0.01015625
16 0.359375 0.090625 0.00625 0.0140625
2 0.34375 0.0875 0.00625 0.01328125
16 0.3515625 0.0890625 0.00625 0.0125
16 0.3359375 0.08515625 0.0046875 0.0125
16 0.3671875 0.09375 0.00625 0.01171875
2 0.31875 0.08046875 0.00625 0.01171875
16 0.37421875 0.09609375 0.00625 0.01328125
16 0.534375 0.13828125 0.00625 0.01328125
16 0.30625 0.07890625 0.0109375 0.0078125
2 0.54296875 0.14296875 0.00625 0.0140625
20 0.9171875 0.25078125 0.0140625 0.01796875
16 0.90078125 0.246875 0.00625 0.01171875
2 0.88359375 0.2421875 0.00625 0.0125
2 0.89296875 0.2453125 0.00625 0.0125
16 0.875 0.240625 0.00625 0.01328125
2 0.69921875 0.2046875 0.00625 0.01328125
20 0.75625 0.2203125 0.01875 0.0234375
16 0.7078125 0.20703125 0.00859375 0.01484375
16 0.78984375 0.2296875 0.00625 0.01328125
16 0.71875 0.2109375 0.00625 0.0140625
2 0.7734375 0.22578125 0.00703125 0.01328125
16 0.7984375 0.23203125 0.0078125 0.01484375
16 0.78046875 0.228125 0.00625 0.015625
16 0.88984375 0.2625 0.00625 0.0125
16 0.896875 0.26484375 0.00625 0.01328125
16 0.87890625 0.2609375 0.00625 0.01484375
16 0.871875 0.25859375 0.00546875 0.01328125
20 0.9140625 0.27265625 0.0125 0.0171875
16 0.85859375 0.2609375 0.00625 0.01328125
16 0.8484375 0.2578125 0.00625 0.0140625
16 0.8375 0.25546875 0.00625 0.0140625
16 0.828125 0.25390625 0.00703125 0.01328125
16 0.17734375 0.08359375 0.00625 0.01171875
2 0.19140625 0.10078125 0.01640625 0.01015625
16 0.8234375 0.27109375 0.0046875 0.01171875
16 0.8328125 0.27421875 0.00625 0.01171875
16 0.84296875 0.27734375 0.0046875 0.0109375
16 0.85234375 0.28046875 0.0046875 0.01328125
9 0.78359375 0.2625 0.028125 0.025
9 0.7015625 0.2421875 0.03359375 0.02421875
20 0.75 0.25625 0.0203125 0.02265625
16 0.1953125 0.11953125 0.00703125 0.01484375
16 0.17265625 0.11328125 0.0046875 0.0109375
16 0.1875 0.1171875 0.0046875 0.01328125
2 0.18046875 0.115625 0.0046875 0.0109375
16 0.875 0.3078125 0.00625 0.01328125
2 0.73046875 0.27890625 0.00703125 0.01328125
20 0.74375 0.284375 0.01796875 0.02265625
2 0.75859375 0.28828125 0.00859375 0.0171875
16 0.45390625 0.21015625 0.009375 0.00703125
2 0.42265625 0.203125 0.009375 0.00625
2 0.50859375 0.22578125 0.01171875 0.0078125
2 0.4375 0.2078125 0.0125 0.0078125
2 0.4921875 0.221875 0.0109375 0.00546875
16 0.47109375 0.21640625 0.01015625 0.00703125
16 0.5234375 0.23046875 0.0109375 0.00625
16 0.53984375 0.23515625 0.01015625 0.00703125
2 0.81328125 0.30859375 0.00859375 0.01875
2 0.85859375 0.3234375 0.00703125 0.01484375
16 0.165625 0.14140625 0.0078125 0.01640625
16 0.86875 0.328125 0.00546875 0.0125
2 0.95625 0.35390625 0.00859375 0.01796875
2 0.46875 0.22578125 0.01171875 0.0078125
16 0.4890625 0.23125 0.009375 0.00546875
16 0.52109375 0.2390625 0.0125 0.0078125
16 0.4359375 0.21796875 0.01015625 0.0046875
16 0.50546875 0.23671875 0.0109375 0.0078125
2 0.53828125 0.2453125 0.00859375 0.00703125
16 0.41953125 0.2140625 0.01171875 0.00703125
16 0.45390625 0.2234375 0.0140625 0.0078125
9 0.91640625 0.34609375 0.01875 0.02421875
2 0.7796875 0.3203125 0.00625 0.01171875
2 0.76953125 0.31875 0.0078125 0.01484375
16 0.86640625 0.34609375 0.00546875 0.01328125
2 0.79375 0.3265625 0.00625 0.0140625
2 0.85703125 0.34296875 0.0046875 0.01328125
2 0.80078125 0.3296875 0.00625 0.01171875
2 0.809375 0.33203125 0.00625 0.0109375
2 0.95 0.38125 0.00625 0.0125
2 0.70859375 0.321875 0.00859375 0.0078125
2 0.859375 0.3625 0.00625 0.01171875
2 0.87421875 0.3671875 0.00625 0.01171875
2 0.91328125 0.37734375 0.00546875 0.01171875
16 0.90703125 0.3765625 0.00390625 0.00859375
2 0.8515625 0.36171875 0.00703125 0.0125
2 0.77578125 0.34140625 0.0078125 0.01171875
2 0.88203125 0.3703125 0.0046875 0.01015625
2 0.8359375 0.35859375 0.00546875 0.0125
2 0.8890625 0.371875 0.00390625 0.0125
2 0.80625 0.35078125 0.00390625 0.00859375
2 0.72734375 0.3296875 0.009375 0.00546875
2 0.7453125 0.33515625 0.0109375 0.0078125
16 0.8984375 0.37578125 0.0078125 0.01328125
2 0.8 0.35078125 0.00625 0.0125
2 0.3234375 0.22578125 0.00859375 0.01796875
2 0.15546875 0.18515625 0.0078125 0.01640625
16 0.1640625 0.18828125 0.0078125 0.0140625
9 0.36328125 0.2421875 0.06015625 0.05078125
2 0.7453125 0.34296875 0.009375 0.00703125
16 0.72734375 0.34140625 0.009375 0.00546875
16 0.5078125 0.2828125 0.0125 0.00859375
16 0.7109375 0.3375 0.0078125 0.0046875
9 0.26015625 0.21875 0.11875 0.06640625
16 0.571875 0.30546875 0.00625 0.01328125
16 0.9015625 0.39375 0.0046875 0.01171875
2 0.74375 0.35234375 0.00703125 0.00625
2 0.87734375 0.38828125 0.0046875 0.01015625
16 0.91015625 0.39765625 0.00625 0.01015625
16 0.725 0.3484375 0.009375 0.00546875
2 0.88515625 0.3921875 0.0078125 0.0140625
16 0.70625 0.3453125 0.00859375 0.00625
16 0.50625 0.29375 0.00859375 0.0046875
16 0.1609375 0.20546875 0.00546875 0.01171875
2 0.74140625 0.3625 0.0078125 0.0046875
16 0.72265625 0.359375 0.00859375 0.00625
16 0.70703125 0.35546875 0.00703125 0.00390625
16 0.5046875 0.303125 0.0078125 0.0046875
16 0.7390625 0.37265625 0.0078125 0.00390625
16 0.70625 0.3640625 0.0078125 0.0046875
16 0.6875 0.36015625 0.0078125 0.0046875
16 0.72109375 0.36953125 0.00859375 0.00390625
2 0.50234375 0.31171875 0.009375 0.00625
2 0.15703125 0.221875 0.00625 0.0125
9 0.375 0.284375 0.0171875 0.01328125
16 0.68671875 0.36875 0.00546875 0.0046875
16 0.70234375 0.3734375 0.00625 0.0078125
2 0.7375 0.3828125 0.009375 0.00625
16 0.50078125 0.3203125 0.01171875 0.00703125
16 0.71875 0.37890625 0.01015625 0.00546875
16 0.1828125 0.240625 0.00546875 0.0140625
16 0.21328125 0.2484375 0.00625 0.01484375
16 0.28515625 0.2671875 0.00625 0.01171875
16 0.18984375 0.24296875 0.00625 0.01328125
16 0.196875 0.2453125 0.00546875 0.01328125
16 0.20390625 0.246875 0.00546875 0.01328125
16 0.2765625 0.2671875 0.00546875 0.01171875
2 0.2671875 0.265625 0.00625 0.01171875
16 0.240625 0.2578125 0.00546875 0.01328125
20 0.2234375 0.25546875 0.01484375 0.02265625
2 0.73515625 0.3921875 0.00859375 0.00625
20 0.25078125 0.2640625 0.015625 0.01875
16 0.49765625 0.3296875 0.01015625 0.00703125
16 0.71796875 0.3875 0.01171875 0.00546875
16 0.684375 0.3796875 0.01171875 0.00703125
16 0.70078125 0.3859375 0.0078125 0.0078125
16 0.140625 0.2390625 0.0078125 0.0140625
16 0.13203125 0.23671875 0.00859375 0.01484375
16 0.6984375 0.39140625 0.00859375 0.00546875
16 0.7140625 0.396875 0.0140625 0.0078125
16 0.496875 0.33984375 0.00859375 0.0046875
2 0.734375 0.403125 0.00625 0.00625
16 0.4953125 0.346875 0.00859375 0.00625
2 0.71484375 0.40546875 0.0078125 0.00546875
2 0.7328125 0.4109375 0.00703125 0.00546875
2 0.7 0.403125 0.00859375 0.00625
16 0.6796875 0.39765625 0.0109375 0.009375
16 0.12890625 0.2546875 0.00546875 0.0125
16 0.1359375 0.2578125 0.00546875 0.0125
9 0.384375 0.32578125 0.025 0.02265625
2 0.49375 0.35625 0.0109375 0.0078125
2 0.72890625 0.42109375 0.009375 0.0078125
16 0.69296875 0.4125 0.00859375 0.00546875
20 0.2796875 0.303125 0.01875 0.02421875
20 0.309375 0.3109375 0.0140625 0.021875
16 0.3234375 0.31484375 0.00546875 0.01328125
16 0.29453125 0.3078125 0.00859375 0.01484375
16 0.2671875 0.30078125 0.00625 0.01328125
20 0.3359375 0.32109375 0.01875 0.021875
16 0.490625 0.365625 0.00859375 0.00546875
2 0.7265625 0.43046875 0.00703125 0.0046875
16 0.70703125 0.425 0.01015625 0.0078125
9 0.81171875 0.4578125 0.0953125 0.13515625
16 0.4890625 0.37421875 0.00859375 0.00703125
2 0.72578125 0.4375 0.009375 0.00703125
9 0.5328125 0.3875 0.02578125 0.02109375
16 0.6734375 0.425 0.00859375 0.0078125
16 0.6578125 0.4203125 0.00859375 0.00625
16 0.7078125 0.434375 0.00703125 0.0046875
2 0.69140625 0.43046875 0.01171875 0.00703125
2 0.64140625 0.41796875 0.01171875 0.0078125
2 0.88828125 0.48984375 0.0109375 0.009375
16 0.4875 0.384375 0.0078125 0.00546875
2 0.87109375 0.4859375 0.01328125 0.01015625
2 0.6578125 0.43046875 0.0109375 0.00703125
16 0.70625 0.44375 0.00859375 0.00625
2 0.6890625 0.440625 0.01328125 0.0078125
16 0.725 0.45 0.00859375 0.0078125
16 0.484375 0.39296875 0.00859375 0.00703125
2 0.33984375 0.35546875 0.0109375 0.0078125
2 0.63828125 0.43828125 0.009375 0.0078125
16 0.65546875 0.44453125 0.00703125 0.00546875
2 0.71953125 0.4609375 0.0078125 0.00625
2 0.703125 0.4578125 0.00703125 0.00625
16 0.484375 0.403125 0.00859375 0.00703125
2 0.2796875 0.35 0.01171875 0.0078125
16 0.296875 0.3546875 0.0109375 0.0078125
16 0.3359375 0.36484375 0.0109375 0.00703125
16 0.375 0.375 0.01171875 0.0078125
16 0.32109375 0.36171875 0.0109375 0.0078125
20 0.35625 0.3734375 0.015625 0.01875
2 0.6515625 0.45234375 0.00859375 0.00625
16 0.6859375 0.4609375 0.0078125 0.00625
16 0.66875 0.4578125 0.009375 0.0078125
2 0.71875 0.47109375 0.0078125 0.0078125
16 0.29453125 0.3640625 0.01328125 0.0078125
2 0.27890625 0.36015625 0.01171875 0.0078125
2 0.3203125 0.37109375 0.0125 0.0078125
16 0.3734375 0.3859375 0.0109375 0.0078125
16 0.3359375 0.3765625 0.0125 0.0078125
2 0.1484375 0.3296875 0.01328125 0.009375
2 0.165625 0.334375 0.0125 0.00859375
2 0.69765625 0.48515625 0.00859375 0.0078125
2 0.68125 0.48125 0.01015625 0.00625
2 0.6640625 0.47734375 0.00859375 0.00625
2 0.69609375 0.49375 0.00703125 0.0046875
2 0.66171875 0.48671875 0.00859375 0.00703125
16 0.86171875 0.5453125 0.0046875 0.0109375
16 0.8703125 0.5484375 0.00546875 0.01328125
16 0.85625 0.546875 0.00625 0.01328125
2 0.87890625 0.553125 0.00625 0.0171875
2 0.69609375 0.5078125 0.0078125 0.0078125
2 0.6765625 0.503125 0.00859375 0.00625
2 0.675 0.5109375 0.00625 0.003125
2 0.69296875 0.515625 0.00859375 0.00625
16 0.415625 0.4453125 0.0078125 0.01328125
16 0.4234375 0.4484375 0.00859375 0.01328125
16 0.40703125 0.44453125 0.00625 0.01328125
16 0.39921875 0.4421875 0.00859375 0.01484375
2 0.7125 0.53125 0.00703125 0.01171875
2 0.78359375 0.55 0.0078125 0.01484375
2 0.72265625 0.53359375 0.00546875 0.0109375
2 0.76796875 0.54609375 0.0078125 0.01328125
16 0.83359375 0.56328125 0.00390625 0.0109375
2 0.7359375 0.5375 0.00625 0.01328125
2 0.76015625 0.54453125 0.00546875 0.0125
2 0.75078125 0.5421875 0.0046875 0.01171875
2 0.7921875 0.553125 0.0046875 0.01328125
2 0.8265625 0.5625 0.00703125 0.015625
2 0.728125 0.53671875 0.00546875 0.01015625
2 0.74453125 0.540625 0.00546875 0.01171875
2 0.87109375 0.57421875 0.009375 0.0078125
2 0.77578125 0.54921875 0.00390625 0.01015625
2 0.67421875 0.52265625 0.00703125 0.0046875
2 0.68984375 0.5265625 0.00859375 0.00703125
16 0.8703125 0.584375 0.00859375 0.00625
16 0.40390625 0.46171875 0.00625 0.0125
16 0.42109375 0.46796875 0.00703125 0.01328125
16 0.83828125 0.58359375 0.0046875 0.0109375
16 0.8453125 0.5859375 0.00546875 0.0109375
2 0.81171875 0.57734375 0.0078125 0.0125
16 0.8234375 0.58125 0.00390625 0.0109375
16 0.82890625 0.5828125 0.00390625 0.0109375
16 0.86875 0.59375 0.0109375 0.00703125
16 0.85234375 0.59140625 0.0078125 0.015625
16 0.86640625 0.60390625 0.00859375 0.0046875
16 0.5984375 0.534375 0.0046875 0.01328125
16 0.63046875 0.54296875 0.00703125 0.0140625
2 0.60859375 0.5375 0.0046875 0.0140625
2 0.6171875 0.54140625 0.00625 0.01484375
2 0.75859375 0.58203125 0.0078125 0.01640625
2 0.7078125 0.56875 0.00859375 0.015625
2 0.746875 0.57890625 0.00625 0.015625
2 0.696875 0.565625 0.0078125 0.01328125
2 0.72109375 0.57265625 0.0078125 0.015625
2 0.77578125 0.5875 0.00625 0.0125
2 0.76875 0.58515625 0.00546875 0.0109375
16 0.865625 0.61171875 0.0109375 0.00625
2 0.7828125 0.590625 0.0078125 0.01328125
2 0.73515625 0.578125 0.009375 0.01953125
20 0.43125 0.5046875 0.0203125 0.02578125
2 0.41328125 0.5015625 0.01015625 0.01953125
2 0.4 0.50390625 0.00625 0.01328125
20 0.86015625 0.62890625 0.01953125 0.02421875
9 0.8203125 0.6265625 0.0421875 0.03984375
2 0.69140625 0.59296875 0.0078125 0.01328125
2 0.703125 0.59609375 0.00625 0.0140625
9 0.5515625 0.55703125 0.04375 0.0296875
9 0.6078125 0.575 0.053125 0.03125
2 0.40703125 0.5296875 0.00625 0.01328125
2 0.3953125 0.528125 0.0078125 0.01328125
16 0.64375 0.5984375 0.0109375 0.00703125
2 0.34296875 0.51953125 0.0078125 0.01328125
2 0.35 0.52109375 0.00625 0.0109375
16 0.37421875 0.52890625 0.00703125 0.01484375
2 0.384375 0.53125 0.0078125 0.01640625
16 0.365625 0.52734375 0.00859375 0.01328125
2 0.853125 0.6578125 0.0109375 0.00703125
16 0.72890625 0.63203125 0.009375 0.00703125
16 0.85078125 0.66640625 0.01015625 0.00625
16 0.84921875 0.6765625 0.00859375 0.00390625
16 0.7265625 0.64375 0.01015625 0.00546875
9 0.7546875 0.65703125 0.02109375 0.028125
16 0.846875 0.68359375 0.00859375 0.00703125
16 0.38046875 0.5609375 0.00625 0.01328125
16 0.36015625 0.55625 0.00625 0.01328125
2 0.34453125 0.55234375 0.00625 0.01328125
2 0.33515625 0.55 0.00859375 0.0140625
2 0.728125 0.65390625 0.0171875 0.0078125
16 0.39375 0.56640625 0.0078125 0.01328125
16 0.3515625 0.55546875 0.00625 0.01328125
16 0.84453125 0.69140625 0.009375 0.00625
2 0.72421875 0.6625 0.01015625 0.00625
20 0.60546875 0.63515625 0.0140625 0.01875
16 0.58203125 0.63203125 0.00390625 0.01015625
16 0.6171875 0.640625 0.00625 0.0109375
20 0.63046875 0.6453125 0.01171875 0.01796875
16 0.84375 0.7015625 0.01171875 0.0078125
2 0.58828125 0.634375 0.00703125 0.01328125
16 0.365625 0.578125 0.0078125 0.01328125
16 0.3734375 0.58046875 0.00625 0.0140625
2 0.33984375 0.571875 0.00625 0.0125
2 0.3328125 0.5703125 0.00625 0.0125
16 0.35546875 0.5765625 0.00625 0.015625
16 0.390625 0.5859375 0.00625 0.0140625
2 0.34765625 0.575 0.00703125 0.01171875
16 0.84375 0.71171875 0.01015625 0.0046875
2 0.453125 0.61015625 0.0140625 0.00859375
16 0.8421875 0.71953125 0.00859375 0.0046875
2 0.14140625 0.53515625 0.0109375 0.00859375
2 0.121875 0.5296875 0.01796875 0.01171875
2 0.3125 0.5828125 0.00625 0.01484375
2 0.28046875 0.575 0.00859375 0.01328125
16 0.28828125 0.57734375 0.00546875 0.01328125
2 0.32890625 0.5890625 0.0078125 0.0140625
2 0.303125 0.58203125 0.00546875 0.015625
2 0.29453125 0.58046875 0.0078125 0.0140625
2 0.4234375 0.61640625 0.01171875 0.01015625
2 0.45390625 0.62421875 0.01640625 0.01328125
2 0.6109375 0.66640625 0.00625 0.01484375
20 0.57109375 0.65546875 0.015625 0.015625
16 0.840625 0.72734375 0.01015625 0.00625
16 0.6546875 0.68046875 0.00703125 0.01171875
20 0.596875 0.66484375 0.0109375 0.0171875
16 0.61796875 0.67109375 0.00703125 0.01171875
20 0.63984375 0.67734375 0.0171875 0.021875
2 0.140625 0.54609375 0.0078125 0.0046875
16 0.62578125 0.67421875 0.0046875 0.0109375
16 0.4078125 0.625 0.00859375 0.0078125
16 0.42421875 0.63203125 0.00859375 0.00625
16 0.44375 0.6375 0.0125 0.00625
2 0.45859375 0.64140625 0.01328125 0.00859375
16 0.22890625 0.5828125 0.0125 0.0078125
2 0.8328125 0.74375 0.0078125 0.01328125
16 0.821875 0.7421875 0.00703125 0.01484375
16 0.84140625 0.746875 0.00859375 0.01484375
16 0.2109375 0.5796875 0.0109375 0.00625
16 0.2421875 0.58984375 0.0109375 0.0078125
2 0.42265625 0.63828125 0.01015625 0.00703125
2 0.40859375 0.6359375 0.0109375 0.00546875
16 0.4421875 0.646875 0.00859375 0.00546875
16 0.22890625 0.59296875 0.00859375 0.0046875
20 0.61953125 0.696875 0.01640625 0.01953125
16 0.24296875 0.5984375 0.01171875 0.00546875
16 0.5984375 0.6921875 0.00625 0.01015625
16 0.60390625 0.69375 0.00546875 0.0140625
20 0.578125 0.6875 0.0140625 0.01875
16 0.21484375 0.59140625 0.015625 0.0078125
16 0.590625 0.69140625 0.00625 0.01171875
16 0.56328125 0.684375 0.00625 0.0140625
2 0.45625 0.659375 0.00859375 0.00703125
16 0.4078125 0.646875 0.01328125 0.00703125
16 0.4390625 0.65546875 0.01015625 0.00703125
16 0.421875 0.6515625 0.0109375 0.00703125