2 0.4921875 0.76015625 0.071875 0.0671875
2 0.3234375 0.7078125 0.065625 0.06640625
16 0.37265625 0.78984375 0.08125 0.0515625
2 0.596875 0.89921875 0.0984375 0.1109375
2 0.2140625 0.8125 0.06328125 0.10625
2 0.73984375 0.97421875 0.075 0.04921875
4 0.71015625 0.10234375 0.17578125 0.08984375
16 0.02578125 0.76484375 0.0515625 0.065625
4 0.9203125 0.17578125 0.15859375 0.09375
4 0.01328125 0.8109375 0.0265625 0.07890625
2 0.49296875 0.97109375 0.07578125 0.05625
2 0.75703125 0.18984375 0.0984375 0.11953125
2 0.63671875 0.153125 0.0921875 0.125
2 0.43359375 0.2625 0.03984375 0.0484375
16 0.5390625 0.29921875 0.09296875 0.05546875
16 0.503125 0.49609375 0.09453125 0.04609375
9 0.48984375 0.53671875 0.1171875 0.096875
2 0.38125 0.51953125 0.04609375 0.05625
2 0.5390625 0.61171875 0.0359375 0.04609375
2 0.23359375 0.534375 0.17890625 0.3390625
2 0.15 0.52578125 0.0671875 0.11875
16 0.6203125 0.69765625 0.046875 0.05703125
2 0.4578125 0.65625 0.0390625 0.0484375
9 0.51171875 0.6890625 0.065625 0.07109375
2 0.59453125 0.73203125 0.0359375 0.04609375