2 0.9421875 0.70625 0.103125 0.20625
2 0.69453125 0.65 0.0578125 0.0859375
2 0.290625 0.0078125 0.025 0.015625
2 0.33671875 0.015625 0.0265625 0.03125
2 0.35859375 0.646875 0.05234375 0.0859375
2 0.6703125 0.728125 0.05703125 0.08046875
2 0.365625 0.01875 0.0234375 0.0375
2 0.29921875 0.6703125 0.03671875 0.0578125
16 0.83828125 0.81015625 0.0265625 0.03984375
2 0.20390625 0.66171875 0.03046875 0.04921875
2 0.50546875 0.7484375 0.034375 0.11796875
2 0.5828125 0.7796875 0.05078125 0.08203125
2 0.36328125 0.72421875 0.0515625 0.078125
16 0.6296875 0.809375 0.01875 0.071875
2 0.67265625 0.83203125 0.0390625 0.0484375
2 0.9265625 0.8984375 0.09609375 0.20078125
16 0.7265625 0.8515625 0.025 0.04609375
16 0.53046875 0.803125 0.025 0.05234375
16 0.78828125 0.87578125 0.028125 0.04765625
2 0.053125 0.7234375 0.02265625 0.03125
2 0.14375 0.79765625 0.03515625 0.05
2 0.13359375 0.87109375 0.0359375 0.046875
16 0.66875 0.1484375 0.02890625 0.0234375
2 0.98125 0.2640625 0.0203125 0.0296875
16 0.15625 0.0953125 0.034375 0.02890625
16 0.18515625 0.12890625 0.03671875 0.03125
2 0.22578125 0.35234375 0.03125 0.04453125
2 0.3453125 0.40078125 0.0203125 0.02421875
2 0.246875 0.3890625 0.0328125 0.05078125
2 0.65390625 0.53984375 0.0265625 0.05625