1 0.5671875 0.721875 0.0578125 0.04375
1 0.41015625 0.72421875 0.05078125 0.04453125
15 0.46953125 0.78125 0.06953125 0.025
1 0.68515625 0.8125 0.07421875 0.07890625
1 0.334375 0.84609375 0.040625 0.08515625
1 0.82734375 0.85625 0.05390625 0.07109375
4 0.63203125 0.08671875 0.15625 0.03203125
15 0.1375 0.8671875 0.09609375 0.02890625
1 0.90625 0.8765625 0.05390625 0.0703125
4 0.83515625 0.08828125 0.1546875 0.0359375
4 0.13359375 0.91171875 0.07109375 0.04921875
1 0.61015625 0.92578125 0.05703125 0.0765625
4 0.84140625 0.94921875 0.1375 0.0546875
1 0.95234375 0.1109375 0.05625 0.06796875
1 0.68828125 0.1484375 0.07265625 0.08671875
1 0.578125 0.1515625 0.065625 0.09453125
1 0.421875 0.3046875 0.0296875 0.0359375
15 0.5203125 0.3078125 0.08125 0.025
15 0.5265625 0.48828125 0.084375 0.015625
1 0.02890625 0.5203125 0.05 0.05703125
9 0.52265625 0.52734375 0.096875 0.05859375
1 0.425 0.54375 0.03359375 0.0421875
1 0.58046875 0.578125 0.02578125 0.03515625
1 0.3 0.59921875 0.1046875 0.28125
1 0.225 0.615625 0.0421875 0.09609375
15 0.66640625 0.6296875 0.034375 0.0421875
1 0.51796875 0.640625 0.028125 0.0359375
9 0.5703125 0.65390625 0.05 0.04921875
1 0.65078125 0.6671875 0.0265625 0.034375
1 0.028125 0.6953125 0.053125 0.07109375