2 0.52421875 0.72734375 0.065625 0.05859375
2 0.365625 0.6890625 0.059375 0.0578125
16 0.41484375 0.7625 0.07421875 0.04375
2 0.62578125 0.84921875 0.08828125 0.0984375
2 0.26875 0.79140625 0.0546875 0.09609375
2 0.7609375 0.93125 0.06640625 0.0859375
4 0.69921875 0.10703125 0.1625 0.0734375
16 0.0671875 0.7609375 0.1015625 0.0546875
2 0.83828125 0.9640625 0.0671875 0.06953125
4 0.90234375 0.16171875 0.16171875 0.0765625
4 0.05625 0.80390625 0.0796875 0.06875
2 0.53203125 0.94375 0.0703125 0.0921875
2 0.99140625 0.215625 0.01640625 0.08359375
2 0.7453125 0.18515625 0.08828125 0.10625
2 0.6328125 0.15859375 0.08203125 0.11171875
2 0.45 0.271875 0.0359375 0.04375
16 0.5484375 0.3 0.0859375 0.04609375
16 0.5234375 0.4828125 0.0875 0.0375
2 0.02578125 0.38671875 0.04375 0.06640625
9 0.5125 0.52109375 0.10703125 0.08359375
2 0.41171875 0.5125 0.04140625 0.05078125
2 0.5609375 0.5875 0.03203125 0.0421875
2 0.2765625 0.534375 0.1546875 0.309375
2 0.1984375 0.53125 0.05859375 0.1078125
16 0.6390625 0.66171875 0.0421875 0.0515625
2 0.48828125 0.6328125 0.034375 0.04375
9 0.53984375 0.66015625 0.05859375 0.06328125
2 0.6171875 0.69453125 0.03203125 0.04140625
2 0.01015625 0.56171875 0.0203125 0.08125