1 0.94375 0.5859375 0.1125 0.17578125
1 0.6921875 0.59375 0.04921875 0.06953125
1 0.25234375 0.065625 0.01796875 0.05859375
1 0.296875 0.06796875 0.01953125 0.06015625
1 0.3765625 0.67109375 0.04296875 0.071875
1 0.6765625 0.67265625 0.04921875 0.0640625
1 0.32421875 0.0703125 0.01640625 0.05390625
1 0.3234375 0.70859375 0.03125 0.04765625
15 0.840625 0.709375 0.02265625 0.0328125
1 0.2328125 0.72265625 0.025 0.04140625
1 0.52265625 0.73125 0.021875 0.10859375
1 0.5984375 0.74296875 0.04296875 0.06796875
1 0.38828125 0.74296875 0.04296875 0.0640625
15 0.64609375 0.75859375 0.01171875 0.06640625
1 0.68828125 0.76953125 0.03359375 0.0390625
1 0.946875 0.771875 0.10390625 0.17734375
15 0.73984375 0.77421875 0.0203125 0.0390625
15 0.55234375 0.7765625 0.01953125 0.04609375
15 0.8 0.7828125 0.0234375 0.03984375
1 0.09765625 0.81640625 0.01953125 0.025
1 0.18984375 0.86484375 0.0296875 0.040625
1 0.18671875 0.9359375 0.03046875 0.03828125
15 0.621875 0.13046875 0.0265625 0.01640625
1 0.925 0.1625 0.01796875 0.025
15 0.13671875 0.20390625 0.03125 0.0203125
15 0.1671875 0.22734375 0.03359375 0.021875
1 0.22578125 0.428125 0.0265625 0.0359375
1 0.3421875 0.44375 0.01796875 0.01953125
1 0.24921875 0.45703125 0.02734375 0.0421875
1 0.64375 0.5 0.0203125 0.0484375