15 0.86015625 0.66484375 0.003125 0.01171875
1 0.26640625 0.6671875 0.01015625 0.00546875
15 0.44609375 0.6671875 0.00546875 0.00234375
20 0.8734375 0.66875 0.01328125 0.01484375
15 0.4609375 0.66875 0.0078125 0.00234375
15 0.48203125 0.6703125 0.00703125 0.0046875
15 0.8984375 0.671875 0.0046875 0.01328125
1 0.265625 0.675 0.01015625 0.00625
15 0.46015625 0.6765625 0.009375 0.0046875
15 0.4453125 0.67734375 0.0078125 0.003125
1 0.73515625 0.68046875 0.00703125 0.01484375
1 0.06875 0.68359375 0.003125 0.01171875
1 0.265625 0.684375 0.0109375 0.00546875
1 0.46328125 0.68671875 0.01015625 0.00546875
1 0.4453125 0.68671875 0.0078125 0.00390625
20 0.659375 0.68984375 0.015625 0.021875
20 0.63359375 0.6921875 0.01171875 0.01953125
15 0.671875 0.69296875 0.00234375 0.01015625
15 0.44609375 0.6953125 0.009375 0.0046875
15 0.64453125 0.69453125 0.00390625 0.0171875
15 0.46328125 0.6953125 0.00859375 0.00546875
1 0.06875 0.7015625 0.003125 0.01171875
1 0.2640625 0.70234375 0.0140625 0.00625
15 0.4453125 0.70390625 0.01015625 0.00390625
15 0.4625 0.7046875 0.009375 0.0046875
15 0.4453125 0.71328125 0.00859375 0.00390625
15 0.46171875 0.71484375 0.00703125 0.00390625
15 0.64453125 0.7171875 0.00546875 0.01171875
15 0.67421875 0.71796875 0.00234375 0.015625
20 0.63125 0.71953125 0.009375 0.0125
15 0.578125 0.7203125 0.00625 0.01328125
20 0.66015625 0.7203125 0.01015625 0.015625
1 0.44609375 0.72421875 0.0078125 0.00390625
15 0.08515625 0.725 0.00390625 0.01328125
15 0.09453125 0.725 0.003125 0.01015625
1 0.0796875 0.725 0.003125 0.0140625
15 0.1109375 0.7265625 0.00390625 0.0109375
15 0.11796875 0.72734375 0.00390625 0.01015625
15 0.1015625 0.72734375 0.00234375 0.0125
9 0.35546875 0.73046875 0.11953125 0.1296875
1 0.4453125 0.7359375 0.0109375 0.00625
1 0.6671875 0.74140625 0.0046875 0.01484375
1 0.67578125 0.74140625 0.0046875 0.0109375
15 0.68515625 0.74140625 0.003125 0.0125
15 0.659375 0.7421875 0.00390625 0.01171875
15 0.6921875 0.74296875 0.00390625 0.0109375
15 0.653125 0.74296875 0.00390625 0.0125
15 0.865625 0.74296875 0.0109375 0.00625
15 0.846875 0.74453125 0.009375 0.00546875
1 0.26875 0.74453125 0.0109375 0.00703125
15 0.1046875 0.746875 0.0046875 0.0125
20 0.08984375 0.7484375 0.01328125 0.01796875
20 0.846875 0.7625 0.009375 0.01953125
15 0.56640625 0.76328125 0.01015625 0.0046875
15 0.10625 0.765625 0.0046875 0.01015625
15 0.090625 0.7671875 0.0125 0.00546875
15 0.58125 0.76875 0.0046875 0.015625
9 0.72578125 0.775 0.0171875 0.0203125
15 0.84609375 0.7796875 0.01171875 0.00390625
15 0.86796875 0.7796875 0.00859375 0.00390625
1 0.08359375 0.7828125 0.00390625 0.01171875
20 0.56484375 0.784375 0.01171875 0.0171875
20 0.5453125 0.784375 0.0109375 0.015625
15 0.09140625 0.784375 0.0046875 0.01328125
15 0.58046875 0.78828125 0.00234375 0.01171875
15 0.5875 0.78828125 0.0046875 0.01171875
15 0.5953125 0.78828125 0.00234375 0.0125
15 0.60234375 0.7890625 0.00390625 0.0125
15 0.86640625 0.7890625 0.009375 0.0046875
15 0.86640625 0.79765625 0.01015625 0.00546875
1 0.2703125 0.8046875 0.00546875 0.01015625
1 0.4484375 0.80703125 0.01015625 0.00859375
15 0.86796875 0.80859375 0.009375 0.003125
15 0.559375 0.81015625 0.00390625 0.0109375
1 0.5765625 0.81015625 0.0046875 0.01171875
15 0.5671875 0.81171875 0.00546875 0.01015625
1 0.55234375 0.81171875 0.00390625 0.0125
15 0.2765625 0.81484375 0.0046875 0.0078125
9 0.60625 0.8171875 0.0234375 0.02421875
15 0.865625 0.81796875 0.0109375 0.003125
15 0.28125 0.8203125 0.0015625 0.0109375
9 0.09375 0.8265625 0.01875 0.02734375
1 0.86796875 0.82734375 0.009375 0.0046875
1 0.28828125 0.82890625 0.00390625 0.0109375
15 0.415625 0.83046875 0.00859375 0.009375
20 0.8484375 0.83203125 0.01015625 0.01953125
15 0.86640625 0.8359375 0.0109375 0.003125
20 0.11640625 0.8390625 0.009375 0.01953125
1 0.40546875 0.8421875 0.0078125 0.00859375
1 0.42578125 0.84296875 0.009375 0.01015625
15 0.86640625 0.84453125 0.01015625 0.0046875
15 0.86640625 0.85390625 0.01015625 0.0046875
15 0.31015625 0.85859375 0.003125 0.01328125
15 0.86796875 0.86328125 0.00859375 0.0046875
1 0.1 0.8640625 0.00390625 0.0125
15 0.084375 0.86484375 0.00390625 0.01171875
15 0.09140625 0.86484375 0.003125 0.009375
9 0.725 0.865625 0.01953125 0.02109375
1 0.36015625 0.87109375 0.00390625 0.01484375
20 0.11484375 0.8765625 0.009375 0.015625
1 0.746875 0.88359375 0.0046875 0.0140625
15 0.09921875 0.884375 0.003125 0.01484375
15 0.32734375 0.88828125 0.00390625 0.0140625
1 0.7015625 0.8890625 0.0046875 0.0078125
1 0.36171875 0.88984375 0.00390625 0.01015625
1 0.68515625 0.8921875 0.0046875 0.01484375
15 0.69453125 0.8921875 0.0015625 0.0125
15 0.67734375 0.89296875 0.00390625 0.01328125
15 0.11484375 0.89375 0.00703125 0.0046875
15 0.54296875 0.89453125 0.0046875 0.0125
15 0.59921875 0.8953125 0.003125 0.0125
1 0.60859375 0.8953125 0.00390625 0.0125
15 0.590625 0.8953125 0.00390625 0.0109375
9 0.425 0.896875 0.1078125 0.06328125
15 0.1125 0.9046875 0.00703125 0.00390625
1 0.75390625 0.90625 0.00390625 0.015625
15 0.325 0.9078125 0.00390625 0.01171875
1 0.3609375 0.90859375 0.00546875 0.0140625
15 0.67890625 0.9125 0.003125 0.0125
15 0.68359375 0.91171875 0.00390625 0.01171875
15 0.69296875 0.91328125 0.0046875 0.0109375
15 0.62734375 0.9203125 0.003125 0.01015625
15 0.61328125 0.92109375 0.00390625 0.01328125
15 0.634375 0.921875 0.00390625 0.0125
15 0.61953125 0.92265625 0.003125 0.01171875
15 0.32734375 0.925 0.00390625 0.009375
1 0.36171875 0.92578125 0.0046875 0.0109375
1 0.06484375 0.92578125 0.00390625 0.01484375
1 0.41875 0.9484375 0.01171875 0.0046875
1 0.06328125 0.95 0.0046875 0.0125
15 0.72421875 0.09765625 0.00390625 0.01015625
15 0.734375 0.09765625 0.003125 0.01015625
15 0.65859375 0.09921875 0.00390625 0.0125
15 0.65 0.09921875 0.00625 0.01328125
15 0.73359375 0.11484375 0.003125 0.009375
15 0.72421875 0.115625 0.00390625 0.01328125
1 0.928125 0.1171875 0.00859375 0.00546875
15 0.659375 0.1171875 0.00390625 0.0109375
15 0.896875 0.1171875 0.003125 0.0109375
15 0.90390625 0.1171875 0.00390625 0.01171875
15 0.64921875 0.11796875 0.00625 0.0109375
1 0.24375 0.125 0.01015625 0.0046875
1 0.52421875 0.12578125 0.00390625 0.0109375
1 0.271875 0.12734375 0.0046875 0.01328125
15 0.25546875 0.128125 0.0046875 0.01328125
1 0.296875 0.128125 0.0046875 0.01171875
15 0.2875 0.128125 0.0046875 0.01171875
15 0.50859375 0.128125 0.00390625 0.01328125
15 0.3125 0.128125 0.00234375 0.0125
1 0.46328125 0.128125 0.003125 0.01015625
15 0.2625 0.12890625 0.00390625 0.01328125
15 0.30390625 0.12890625 0.003125 0.01328125
15 0.3484375 0.1296875 0.003125 0.01328125
15 0.5328125 0.12890625 0.00234375 0.01015625
1 0.4546875 0.1296875 0.003125 0.01328125
1 0.5484375 0.12890625 0.00546875 0.01328125
15 0.5140625 0.1296875 0.00390625 0.01171875
15 0.2796875 0.1296875 0.003125 0.0125
15 0.35625 0.1296875 0.0046875 0.0140625
1 0.31953125 0.1296875 0.00390625 0.01328125
1 0.3625 0.1296875 0.003125 0.0125
1 0.4796875 0.13046875 0.0046875 0.01171875
15 0.53984375 0.13046875 0.00390625 0.0125
20 0.3765625 0.13046875 0.00859375 0.021875
20 0.33359375 0.13125 0.01328125 0.01953125
20 0.4046875 0.13203125 0.015625 0.0203125
20 0.8515625 0.1328125 0.0171875 0.01953125
1 0.72421875 0.13359375 0.00546875 0.0125
1 0.7328125 0.13359375 0.003125 0.01171875
15 0.24296875 0.1359375 0.009375 0.0046875
15 0.8390625 0.1375 0.003125 0.01015625
20 0.646875 0.1453125 0.01328125 0.02109375
15 0.2640625 0.14609375 0.00234375 0.009375
15 0.29609375 0.14609375 0.003125 0.01328125
1 0.2796875 0.14609375 0.00390625 0.0125
15 0.2875 0.14609375 0.00390625 0.0109375
15 0.271875 0.14609375 0.00234375 0.01171875
15 0.30390625 0.146875 0.00390625 0.0109375
1 0.25546875 0.14609375 0.00390625 0.01015625
15 0.3109375 0.146875 0.00390625 0.0125
15 0.47109375 0.146875 0.003125 0.01171875
15 0.24375 0.1484375 0.01015625 0.00546875
1 0.4796875 0.14921875 0.003125 0.01328125
20 0.85546875 0.15703125 0.01171875 0.01484375
15 0.83984375 0.1578125 0.00390625 0.01015625
1 0.82265625 0.1578125 0.00390625 0.01171875
1 0.83125 0.15859375 0.00390625 0.01171875
15 0.8140625 0.15859375 0.00390625 0.01171875
1 0.63984375 0.16796875 0.00390625 0.0125
20 0.696875 0.16875 0.0140625 0.01953125
15 0.64921875 0.16875 0.00546875 0.0140625
15 0.73125 0.16953125 0.00390625 0.01171875
15 0.659375 0.16953125 0.00390625 0.01328125
1 0.71484375 0.16953125 0.0046875 0.01171875
15 0.7390625 0.16953125 0.00546875 0.01328125
15 0.721875 0.16953125 0.003125 0.01484375
15 0.83203125 0.175 0.00390625 0.0109375
15 0.83984375 0.17578125 0.003125 0.0125
15 0.82109375 0.1765625 0.003125 0.0140625
15 0.8140625 0.1765625 0.00234375 0.0125
20 0.85703125 0.17890625 0.009375 0.01484375
15 0.80234375 0.18125 0.00390625 0.01171875
15 0.7921875 0.18203125 0.003125 0.01328125
15 0.78125 0.18203125 0.00390625 0.01328125
15 0.771875 0.18359375 0.0046875 0.0125
15 0.121875 0.184375 0.00390625 0.0109375
1 0.13828125 0.19765625 0.01484375 0.00625
15 0.77109375 0.20078125 0.003125 0.0109375
15 0.78046875 0.20078125 0.00390625 0.01015625
15 0.790625 0.2015625 0.003125 0.01015625
15 0.8 0.20234375 0.00234375 0.0125
9 0.73203125 0.20234375 0.02421875 0.01875
9 0.65 0.203125 0.03046875 0.015625
20 0.6984375 0.2046875 0.01640625 0.01796875
15 0.14609375 0.2140625 0.0046875 0.0140625
15 0.12265625 0.2140625 0.003125 0.01015625
15 0.1375 0.21328125 0.00234375 0.01171875
1 0.13046875 0.21484375 0.00234375 0.0109375
15 0.8265625 0.221875 0.00390625 0.01171875
1 0.68359375 0.23125 0.0046875 0.0125
20 0.69765625 0.2328125 0.0140625 0.01875
1 0.7125 0.2328125 0.00625 0.015625
15 0.40859375 0.2359375 0.00859375 0.0046875
1 0.37734375 0.23671875 0.009375 0.003125
1 0.46328125 0.23671875 0.0109375 0.0046875
1 0.3921875 0.23671875 0.0109375 0.00546875
1 0.446875 0.23671875 0.01015625 0.003125
15 0.42578125 0.23671875 0.009375 0.0046875
15 0.478125 0.2375 0.0109375 0.003125
15 0.4953125 0.2375 0.009375 0.00390625
1 0.76796875 0.23828125 0.0046875 0.01796875
1 0.8140625 0.24140625 0.00390625 0.0140625
15 0.121875 0.2421875 0.0046875 0.015625
15 0.825 0.24296875 0.003125 0.0109375
1 0.9125 0.2453125 0.0046875 0.01640625
1 0.42578125 0.24609375 0.0109375 0.0046875
15 0.44609375 0.24609375 0.00859375 0.003125
15 0.478125 0.24609375 0.01171875 0.0046875
15 0.39296875 0.246875 0.009375 0.00234375
15 0.4625 0.246875 0.01015625 0.00546875
1 0.4953125 0.246875 0.0078125 0.0046875
15 0.3765625 0.24765625 0.0109375 0.00390625
15 0.4109375 0.24765625 0.01328125 0.00390625
9 0.87265625 0.24765625 0.01484375 0.01953125
1 0.7390625 0.25859375 0.00390625 0.0109375
1 0.7296875 0.25859375 0.00546875 0.01328125
15 0.82578125 0.26015625 0.003125 0.01171875
1 0.753125 0.26015625 0.00390625 0.01328125
1 0.815625 0.26015625 0.00234375 0.01328125
1 0.7609375 0.2609375 0.00390625 0.0109375
1 0.76875 0.26171875 0.00390625 0.01015625
1 0.9125 0.27265625 0.00390625 0.01171875
1 0.671875 0.27734375 0.0078125 0.00546875
1 0.821875 0.278125 0.00390625 0.0109375
1 0.8375 0.27890625 0.0046875 0.0109375
1 0.8765625 0.27890625 0.003125 0.0109375
15 0.8703125 0.27890625 0.00234375 0.00859375
1 0.81484375 0.2796875 0.0046875 0.0109375
1 0.7390625 0.2796875 0.00546875 0.01015625
1 0.8453125 0.27890625 0.003125 0.009375
1 0.8 0.2796875 0.003125 0.01171875
1 0.85234375 0.2796875 0.0015625 0.01171875
1 0.76953125 0.2796875 0.0015625 0.00859375
1 0.69140625 0.2796875 0.00859375 0.003125
1 0.70859375 0.28046875 0.009375 0.0046875
15 0.86171875 0.28046875 0.00546875 0.0109375
1 0.76328125 0.28203125 0.00390625 0.0109375
1 0.28828125 0.28359375 0.0046875 0.01640625
1 0.1203125 0.28671875 0.0046875 0.01484375
15 0.12890625 0.28671875 0.00546875 0.01328125
9 0.328125 0.28828125 0.053125 0.0375
1 0.71015625 0.28828125 0.00859375 0.0046875
15 0.69375 0.290625 0.00859375 0.003125
15 0.4734375 0.29140625 0.01171875 0.00546875
15 0.6765625 0.29140625 0.00703125 0.003125
9 0.2265625 0.2921875 0.11171875 0.0375
15 0.5390625 0.29609375 0.00390625 0.0125
15 0.86875 0.296875 0.00234375 0.0109375
1 0.7109375 0.29765625 0.00625 0.0046875
1 0.84453125 0.2984375 0.00234375 0.009375
15 0.878125 0.2984375 0.0046875 0.009375
15 0.6921875 0.2984375 0.00859375 0.003125
1 0.85234375 0.29921875 0.0046875 0.0125
15 0.67421875 0.29921875 0.00859375 0.00390625
15 0.47421875 0.3015625 0.0078125 0.003125
15 0.1296875 0.3046875 0.003125 0.0109375
1 0.71015625 0.3078125 0.00703125 0.003125
15 0.6921875 0.309375 0.00703125 0.00390625
15 0.6765625 0.309375 0.00703125 0.00234375
15 0.4734375 0.31015625 0.00703125 0.003125
15 0.71015625 0.3171875 0.0078125 0.00234375
15 0.67734375 0.31796875 0.00703125 0.003125
15 0.65859375 0.31875 0.00703125 0.003125
15 0.69296875 0.31953125 0.00859375 0.0015625
1 0.47421875 0.31953125 0.00859375 0.00390625
1 0.12890625 0.32109375 0.00390625 0.01171875
9 0.34765625 0.32578125 0.015625 0.009375
15 0.659375 0.32734375 0.0046875 0.00390625
15 0.67578125 0.32734375 0.0046875 0.00703125
1 0.7109375 0.32734375 0.00859375 0.00390625
15 0.4734375 0.328125 0.0109375 0.00390625
15 0.69296875 0.328125 0.009375 0.003125
15 0.15703125 0.33203125 0.00234375 0.0140625
15 0.18671875 0.33203125 0.00390625 0.0140625
15 0.25859375 0.33203125 0.00390625 0.0109375
15 0.16484375 0.33359375 0.00390625 0.0125
15 0.171875 0.33359375 0.003125 0.0125
15 0.178125 0.33359375 0.00234375 0.0125
15 0.25078125 0.33359375 0.003125 0.0109375
1 0.2421875 0.334375 0.00390625 0.01015625
15 0.215625 0.334375 0.00234375 0.0125
20 0.1984375 0.3359375 0.0109375 0.01953125
1 0.709375 0.33671875 0.0078125 0.0046875
20 0.22578125 0.33671875 0.01171875 0.01640625
15 0.47265625 0.3375 0.009375 0.00390625
15 0.69296875 0.3375 0.0109375 0.00234375
15 0.659375 0.3375 0.0109375 0.00390625
15 0.6765625 0.33984375 0.00703125 0.00546875
15 0.11640625 0.34140625 0.0046875 0.01328125
15 0.10859375 0.34140625 0.00546875 0.0140625
15 0.67578125 0.34609375 0.0078125 0.00390625
15 0.690625 0.346875 0.01328125 0.0046875
15 0.4734375 0.346875 0.0078125 0.00234375
1 0.71171875 0.346875 0.00546875 0.0046875
15 0.4734375 0.3546875 0.0078125 0.00390625
1 0.69375 0.3546875 0.00625 0.00390625
1 0.7109375 0.35546875 0.00625 0.00390625
1 0.67890625 0.35703125 0.0078125 0.00390625
15 0.65859375 0.35625 0.009375 0.00703125
15 0.10859375 0.359375 0.003125 0.01171875
15 0.115625 0.36015625 0.003125 0.01171875
9 0.3640625 0.3625 0.02109375 0.0171875
1 0.47421875 0.3640625 0.01015625 0.0046875
1 0.709375 0.36640625 0.00859375 0.0046875
15 0.6734375 0.36640625 0.0078125 0.003125
20 0.2609375 0.3671875 0.01484375 0.01953125
20 0.29140625 0.3671875 0.01015625 0.01875
15 0.3046875 0.36796875 0.003125 0.01171875
15 0.2765625 0.3671875 0.00546875 0.01328125
15 0.2484375 0.36796875 0.00390625 0.0125
20 0.31796875 0.36953125 0.01484375 0.01796875
15 0.47265625 0.3734375 0.0078125 0.003125
1 0.709375 0.375 0.00625 0.003125
15 0.68984375 0.375 0.00859375 0.00546875
9 0.7953125 0.38046875 0.071875 0.115625
15 0.47265625 0.38203125 0.0078125 0.0046875
1 0.71015625 0.38203125 0.00859375 0.0046875
9 0.5171875 0.3828125 0.02265625 0.015625
15 0.6578125 0.384375 0.00703125 0.00546875
15 0.6421875 0.38359375 0.0078125 0.00390625
15 0.69296875 0.384375 0.00625 0.003125
1 0.67578125 0.384375 0.0109375 0.00390625
1 0.6265625 0.3859375 0.0109375 0.00546875
1 0.87421875 0.39140625 0.01015625 0.00703125
15 0.4734375 0.3921875 0.00703125 0.00390625
1 0.85703125 0.3921875 0.01171875 0.00703125
1 0.64375 0.39296875 0.009375 0.00390625
15 0.6921875 0.39375 0.0078125 0.0046875
1 0.67578125 0.39453125 0.01171875 0.00390625
15 0.71171875 0.3953125 0.0078125 0.00546875
15 0.47265625 0.40078125 0.00703125 0.0046875
1 0.328125 0.40078125 0.009375 0.00546875
1 0.62734375 0.4046875 0.00859375 0.0046875
15 0.64453125 0.40625 0.00625 0.00390625
1 0.7078125 0.40625 0.00703125 0.00390625
1 0.69296875 0.4078125 0.00625 0.0046875
15 0.47421875 0.4109375 0.00703125 0.0046875
1 0.2703125 0.41171875 0.0109375 0.0046875
15 0.2875 0.41171875 0.01015625 0.0046875
15 0.32578125 0.41171875 0.01015625 0.00390625
15 0.365625 0.41171875 0.0109375 0.00546875
15 0.31171875 0.4125 0.01015625 0.0046875
20 0.346875 0.41484375 0.0125 0.01484375
1 0.64296875 0.41484375 0.0078125 0.00390625
15 0.6765625 0.41484375 0.00703125 0.00390625
15 0.659375 0.415625 0.00859375 0.00546875
1 0.709375 0.4171875 0.00625 0.00625
15 0.2859375 0.42109375 0.01171875 0.0046875
1 0.27109375 0.421875 0.0109375 0.00546875
1 0.3125 0.421875 0.0109375 0.00546875
15 0.365625 0.421875 0.0109375 0.0046875
15 0.328125 0.42265625 0.01171875 0.00546875
1 0.14140625 0.42578125 0.01171875 0.00625
1 0.15859375 0.42578125 0.0109375 0.00625
1 0.6921875 0.43515625 0.0078125 0.00546875
1 0.67578125 0.43515625 0.009375 0.00390625
1 0.659375 0.43515625 0.00859375 0.00390625
1 0.69296875 0.44296875 0.00625 0.00234375
1 0.6578125 0.44453125 0.0078125 0.0046875
15 0.859375 0.4515625 0.00234375 0.01015625
15 0.86875 0.4515625 0.00234375 0.01171875
15 0.8546875 0.453125 0.003125 0.01171875
1 0.87734375 0.45390625 0.003125 0.015625
1 0.69453125 0.45625 0.00625 0.00703125
1 0.6765625 0.45703125 0.0078125 0.00390625
1 0.67578125 0.465625 0.00546875 0.00234375
1 0.69375 0.465625 0.0078125 0.00390625
15 0.41640625 0.46796875 0.00546875 0.01171875
15 0.425 0.46796875 0.00546875 0.01171875
15 0.40859375 0.46875 0.003125 0.01328125
15 0.40078125 0.46875 0.00546875 0.01328125
1 0.71484375 0.47421875 0.0046875 0.0109375
1 0.7859375 0.47421875 0.00546875 0.0140625
1 0.725 0.47421875 0.003125 0.01015625
1 0.7703125 0.47421875 0.00546875 0.0109375
15 0.8359375 0.475 0.00234375 0.01015625
1 0.73828125 0.475 0.00390625 0.01171875
1 0.76328125 0.475 0.003125 0.01171875
1 0.75390625 0.47578125 0.00234375 0.0109375
1 0.7953125 0.475 0.00234375 0.0125
1 0.82890625 0.47578125 0.0046875 0.01484375
1 0.73125 0.475 0.003125 0.009375
1 0.74765625 0.47578125 0.003125 0.0109375
1 0.87421875 0.47578125 0.00859375 0.00546875
1 0.7796875 0.47578125 0.00234375 0.009375
1 0.67734375 0.4765625 0.00625 0.003125
1 0.69296875 0.4765625 0.0078125 0.0046875
15 0.87578125 0.48515625 0.00859375 0.00390625
15 0.409375 0.4875 0.00390625 0.01171875
15 0.4265625 0.4875 0.0046875 0.01171875
15 0.84453125 0.49296875 0.003125 0.01015625
15 0.8515625 0.49296875 0.003125 0.01015625
1 0.81875 0.49375 0.00546875 0.0109375
15 0.8296875 0.49453125 0.00234375 0.01015625
15 0.8359375 0.4953125 0.00234375 0.01015625
15 0.87578125 0.4953125 0.009375 0.0046875
15 0.859375 0.496875 0.0046875 0.0140625
15 0.87578125 0.5046875 0.00859375 0.00234375
15 0.60703125 0.50703125 0.00234375 0.01328125
15 0.63984375 0.50703125 0.0046875 0.01328125
1 0.61875 0.50703125 0.00234375 0.01328125
1 0.62734375 0.50859375 0.00390625 0.0140625
1 0.76875 0.5109375 0.0046875 0.01484375
1 0.71875 0.5109375 0.00546875 0.01484375
1 0.75703125 0.5109375 0.00390625 0.01484375
1 0.70625 0.5109375 0.00546875 0.01171875
1 0.73125 0.51171875 0.0046875 0.01484375
1 0.78515625 0.51171875 0.00390625 0.0109375
1 0.77890625 0.5125 0.003125 0.01015625
15 0.8765625 0.51328125 0.01015625 0.003125
1 0.79296875 0.51328125 0.00546875 0.01171875
1 0.74609375 0.51328125 0.00625 0.01796875
20 0.44375 0.5203125 0.015625 0.021875
1 0.42578125 0.521875 0.00703125 0.01796875
1 0.4140625 0.52734375 0.003125 0.0125
20 0.87421875 0.53125 0.015625 0.01953125
9 0.83515625 0.53828125 0.0359375 0.03125
1 0.70703125 0.5375 0.00546875 0.01171875
1 0.71875 0.5390625 0.00390625 0.01328125
9 0.5671875 0.540625 0.0390625 0.01953125
9 0.62421875 0.5421875 0.05 0.01796875
1 0.425 0.55078125 0.00390625 0.0125
1 0.4140625 0.5515625 0.00546875 0.0125
15 0.6625 0.55546875 0.01015625 0.00390625
1 0.36171875 0.55625 0.00546875 0.01171875
1 0.36953125 0.55625 0.0046875 0.009375
15 0.39375 0.55703125 0.0046875 0.0140625
1 0.4046875 0.55703125 0.0046875 0.01484375
15 0.38515625 0.55859375 0.00625 0.01171875
1 0.87265625 0.56015625 0.01015625 0.00390625
15 0.75 0.56640625 0.00859375 0.0046875
15 0.8734375 0.56796875 0.009375 0.00390625
15 0.87265625 0.578125 0.00859375 0.00234375
15 0.75 0.578125 0.009375 0.003125
9 0.78046875 0.584375 0.01640625 0.0234375
15 0.87265625 0.5859375 0.0078125 0.0046875
15 0.40625 0.58671875 0.00390625 0.0125
15 0.3859375 0.58671875 0.00390625 0.01171875
1 0.3703125 0.58671875 0.00390625 0.0125
1 0.3609375 0.5875 0.00546875 0.0125
1 0.753125 0.5875 0.01640625 0.00390625
15 0.41953125 0.5875 0.0046875 0.0125
15 0.37734375 0.58828125 0.003125 0.0125
15 0.871875 0.59296875 0.00859375 0.00390625
1 0.75078125 0.596875 0.009375 0.00390625
20 0.63359375 0.60078125 0.0109375 0.015625
15 0.61015625 0.603125 0.00234375 0.009375
15 0.64609375 0.603125 0.00390625 0.01015625
20 0.659375 0.603125 0.00859375 0.015625
15 0.871875 0.603125 0.0109375 0.0046875
1 0.6171875 0.60390625 0.0046875 0.0125
15 0.39453125 0.60625 0.00546875 0.01171875
15 0.40390625 0.60703125 0.00390625 0.01328125
1 0.36875 0.60703125 0.00390625 0.0109375
1 0.3625 0.60703125 0.00390625 0.01171875
15 0.38515625 0.60703125 0.00390625 0.0140625
15 0.4203125 0.6078125 0.00390625 0.01328125
1 0.378125 0.60859375 0.00546875 0.01015625
15 0.87421875 0.6125 0.009375 0.00234375
1 0.484375 0.61484375 0.0125 0.00546875
15 0.87421875 0.62109375 0.0078125 0.003125
1 0.17421875 0.621875 0.01015625 0.00625
1 0.15390625 0.621875 0.01640625 0.00703125
1 0.3453125 0.62421875 0.003125 0.0140625
1 0.3140625 0.625 0.00546875 0.0125
15 0.32109375 0.625 0.00234375 0.01328125
1 0.3625 0.62578125 0.0046875 0.01328125
1 0.33671875 0.62578125 0.00234375 0.01484375
1 0.328125 0.6265625 0.0046875 0.01328125
1 0.45703125 0.628125 0.01015625 0.0078125
1 0.4875 0.628125 0.0140625 0.00859375
1 0.6453125 0.628125 0.003125 0.01484375
20 0.6046875 0.628125 0.01328125 0.0125
15 0.87421875 0.628125 0.009375 0.00390625
15 0.6890625 0.63046875 0.0046875 0.0109375
20 0.63125 0.63125 0.0078125 0.01484375
15 0.65234375 0.63125 0.0046875 0.01015625
20 0.67421875 0.63203125 0.01328125 0.01875
1 0.17578125 0.63203125 0.00703125 0.003125
15 0.659375 0.6328125 0.003125 0.01015625
15 0.44375 0.63984375 0.0078125 0.00546875
15 0.4609375 0.64296875 0.0078125 0.0046875
15 0.48046875 0.64296875 0.01171875 0.00234375
1 0.4953125 0.64375 0.01171875 0.00546875
15 0.26640625 0.6453125 0.01171875 0.0046875
1 0.8703125 0.646875 0.00546875 0.01171875
15 0.859375 0.646875 0.0046875 0.0140625
15 0.878125 0.646875 0.00546875 0.0140625
15 0.2484375 0.646875 0.01015625 0.003125
15 0.28046875 0.6484375 0.009375 0.00546875
1 0.4609375 0.64921875 0.009375 0.00390625
1 0.446875 0.65 0.01015625 0.003125
15 0.48125 0.65234375 0.0078125 0.003125
15 0.26796875 0.6546875 0.00859375 0.003125
20 0.65859375 0.65546875 0.0125 0.01640625
15 0.2828125 0.65625 0.0109375 0.00234375
15 0.6375 0.65625 0.00390625 0.009375
15 0.64296875 0.65625 0.003125 0.01328125
20 0.61796875 0.65625 0.0109375 0.015625
15 0.2546875 0.65703125 0.01484375 0.00390625
15 0.63046875 0.65703125 0.00390625 0.01015625
15 0.603125 0.65703125 0.00390625 0.01328125
1 0.496875 0.66015625 0.00703125 0.0046875
15 0.4484375 0.6609375 0.0125 0.00390625
15 0.4796875 0.6609375 0.009375 0.00390625
15 0.4625 0.66171875 0.009375 0.0046875