16 0.02890625 0.5078125 0.009375 0.0078125
20 0.765625 0.65390625 0.01875 0.02265625
20 0.84921875 0.671875 0.01640625 0.0234375
16 0.78046875 0.659375 0.0078125 0.00703125
16 0.69453125 0.64609375 0.0078125 0.00703125
16 0.028125 0.51640625 0.009375 0.0078125
16 0.77890625 0.66796875 0.009375 0.0078125
16 0.69375 0.653125 0.009375 0.0078125
2 0.9671875 0.70625 0.009375 0.01015625
16 0.02734375 0.525 0.009375 0.0078125
2 0.91484375 0.696875 0.0078125 0.0171875
2 0.9515625 0.7046875 0.00703125 0.01484375
20 0.01171875 0.52265625 0.0203125 0.02265625
2 0.93359375 0.70234375 0.02265625 0.0171875
16 0.778125 0.67578125 0.0078125 0.00703125
16 0.0265625 0.5328125 0.009375 0.00859375
20 0.7625 0.6765625 0.01640625 0.02421875
20 0.83046875 0.690625 0.01796875 0.0234375
20 0.84609375 0.69453125 0.01875 0.025
16 0.675 0.66328125 0.0125 0.009375
16 0.77890625 0.684375 0.009375 0.00703125
2 0.02578125 0.54140625 0.0125 0.0109375
20 0.009375 0.54375 0.01875 0.021875
16 0.66015625 0.66953125 0.009375 0.00703125
16 0.025 0.55078125 0.01015625 0.0109375
16 0.659375 0.678125 0.009375 0.00703125
16 0.02265625 0.5578125 0.0078125 0.0078125
16 0.65859375 0.68671875 0.009375 0.0078125
16 0.02265625 0.5671875 0.00703125 0.0078125
20 0.00859375 0.56484375 0.0171875 0.021875
16 0.6578125 0.69453125 0.009375 0.0078125
16 0.021875 0.575 0.009375 0.0078125
16 0.0203125 0.584375 0.00625 0.0078125
20 0.00703125 0.584375 0.0140625 0.01875
16 0.0203125 0.59140625 0.01015625 0.00859375
16 0.01875 0.60546875 0.009375 0.00859375
20 0.00625 0.6078125 0.01171875 0.0203125
2 0.01640625 0.61328125 0.0109375 0.0109375
16 0.00859375 0.62734375 0.009375 0.009375
2 0.5859375 0.74140625 0.0078125 0.01484375
2 0.5921875 0.74375 0.0078125 0.01640625
16 0.60234375 0.75390625 0.009375 0.0078125
2 0.61796875 0.75703125 0.01015625 0.00703125
2 0.61640625 0.7640625 0.0109375 0.0078125
16 0.6015625 0.76171875 0.0109375 0.0078125
2 0.48828125 0.74375 0.00703125 0.01328125
16 0.6 0.7703125 0.0109375 0.0078125
2 0.615625 0.7734375 0.01015625 0.0078125
16 0.59921875 0.778125 0.009375 0.0078125
2 0.61484375 0.78046875 0.01015625 0.009375
2 0.6140625 0.78984375 0.00859375 0.0078125
2 0.5984375 0.78671875 0.009375 0.00703125
16 0.596875 0.7953125 0.0109375 0.0078125
2 0.61328125 0.7984375 0.009375 0.00703125
2 0.61171875 0.80625 0.009375 0.00625
16 0.59609375 0.80390625 0.009375 0.0078125
9 0.53984375 0.79375 0.08984375 0.11171875
2 0.6109375 0.81484375 0.01015625 0.0078125
16 0.59609375 0.81171875 0.01015625 0.009375
2 0.609375 0.8234375 0.009375 0.0078125
16 0.59453125 0.8203125 0.009375 0.00859375
2 0.60859375 0.83203125 0.00859375 0.00625
16 0.59296875 0.8296875 0.01015625 0.0078125
2 0.60703125 0.83984375 0.0078125 0.00625
16 0.5921875 0.8375 0.0109375 0.01015625
16 0.490625 0.825 0.01171875 0.0078125
2 0.60625 0.8484375 0.009375 0.00703125
16 0.59140625 0.8453125 0.01171875 0.0078125
16 0.590625 0.85234375 0.0109375 0.009375
2 0.60546875 0.85546875 0.009375 0.0078125
16 0.58984375 0.86171875 0.0109375 0.0109375
2 0.6046875 0.86484375 0.0109375 0.0078125
16 0.565625 0.8625 0.0140625 0.01015625
16 0.53046875 0.85703125 0.01015625 0.01015625
16 0.54921875 0.86015625 0.0109375 0.00859375
16 0.484375 0.84765625 0.0109375 0.01015625
16 0.51484375 0.85390625 0.0109375 0.009375
16 0.496875 0.85078125 0.00859375 0.0078125
2 0.60390625 0.87265625 0.01015625 0.00703125
16 0.5890625 0.87109375 0.01171875 0.00859375
2 0.603125 0.88046875 0.009375 0.0078125
16 0.5875 0.87890625 0.0125 0.009375
2 0.55859375 0.87421875 0.00859375 0.01640625
2 0.5296875 0.86953125 0.0078125 0.01484375
2 0.54765625 0.87265625 0.009375 0.015625
2 0.5140625 0.8671875 0.0109375 0.01484375
2 0.49609375 0.86328125 0.0109375 0.015625
2 0.48203125 0.86171875 0.009375 0.015625
2 0.60234375 0.88984375 0.01171875 0.00703125
16 0.5875 0.88671875 0.01171875 0.00859375
2 0.5859375 0.9 0.0078125 0.01484375
2 0.57265625 0.89921875 0.00703125 0.0125
2 0.5390625 0.89375 0.01015625 0.0171875
2 0.5578125 0.89765625 0.0078125 0.015625
2 0.55 0.896875 0.009375 0.01640625
2 0.53984375 0.90859375 0.0109375 0.00859375
20 0.4671875 0.89609375 0.0140625 0.0234375
16 0.53828125 0.9265625 0.0109375 0.00703125
16 0.5375 0.93515625 0.01171875 0.009375
9 0.56796875 0.94140625 0.0546875 0.06640625
2 0.5953125 0.96328125 0.01015625 0.0078125
2 0.534375 0.95859375 0.0140625 0.01015625
2 0.5953125 0.97109375 0.0109375 0.0078125
2 0.02421875 0.8796875 0.0140625 0.0109375
9 0.30859375 0.93671875 0.05 0.0703125
2 0.02265625 0.8890625 0.0109375 0.01015625
9 0.0859375 0.89765625 0.05 0.0625
9 0.00859375 0.88046875 0.0171875 0.06015625
2 0.021875 0.8984375 0.0125 0.0078125
2 0.4109375 0.9796875 0.00546875 0.01328125
2 0.3546875 0.971875 0.0078125 0.01171875
20 0.79375 0.1734375 0.015625 0.02109375
2 0.37109375 0.11640625 0.00703125 0.0140625
2 0.37890625 0.11875 0.0078125 0.015625
2 0.3875 0.12109375 0.0078125 0.0140625
2 0.6328125 0.1734375 0.01171875 0.00859375
20 0.790625 0.20625 0.01640625 0.02421875
2 0.63203125 0.1828125 0.0125 0.01015625
20 0.7234375 0.2234375 0.0125 0.025
20 0.83203125 0.2453125 0.01640625 0.01953125
20 0.8546875 0.25 0.021875 0.0171875
20 0.7375 0.22734375 0.0171875 0.0234375
20 0.6828125 0.21640625 0.0171875 0.02421875
20 0.70546875 0.22109375 0.02109375 0.025
20 0.790625 0.23828125 0.01875 0.02109375
20 0.81171875 0.2421875 0.02109375 0.01484375
2 0.921875 0.28515625 0.0078125 0.01328125
2 0.9203125 0.3015625 0.0078125 0.0140625
16 0.0671875 0.14921875 0.009375 0.0078125
2 0.91796875 0.31875 0.00703125 0.01328125
16 0.0671875 0.1578125 0.009375 0.0078125
9 0.4359375 0.2328125 0.1265625 0.12734375
16 0.065625 0.1671875 0.009375 0.00703125
2 0.91640625 0.33671875 0.00546875 0.0109375
9 0.5265625 0.35625 0.05703125 0.103125
20 0.03984375 0.265625 0.01796875 0.02421875
16 0.0546875 0.28984375 0.009375 0.0078125
20 0.03671875 0.2875 0.0171875 0.0234375
16 0.05390625 0.29765625 0.00859375 0.00625
16 0.053125 0.30546875 0.00859375 0.00703125
16 0.03515625 0.303125 0.0078125 0.00546875
16 0.0359375 0.31171875 0.0109375 0.00703125
16 0.0515625 0.315625 0.0078125 0.00703125
9 0.42109375 0.3921875 0.12421875 0.1515625
20 0.034375 0.328125 0.01875 0.02578125
20 0.05 0.33203125 0.0171875 0.0234375
16 0.7140625 0.4953125 0.009375 0.0078125
20 0.79609375 0.5125 0.01640625 0.0234375
16 0.62265625 0.4796875 0.00546875 0.0109375
16 0.61640625 0.4796875 0.00546875 0.0109375
16 0.6296875 0.48203125 0.00703125 0.01171875
16 0.603125 0.47734375 0.00625 0.0109375
16 0.5953125 0.47578125 0.00703125 0.0109375
16 0.5890625 0.475 0.00625 0.0109375
16 0.575 0.47265625 0.00546875 0.0109375
16 0.609375 0.4796875 0.00625 0.0109375
16 0.58203125 0.47421875 0.00703125 0.0109375
16 0.71328125 0.5046875 0.01015625 0.0078125
9 0.03984375 0.378125 0.04765625 0.07578125
16 0.63671875 0.49921875 0.00703125 0.01171875
16 0.64375 0.5 0.00703125 0.01171875
16 0.7109375 0.51640625 0.009375 0.0078125
16 0.71015625 0.525 0.009375 0.0078125
16 0.6390625 0.51875 0.01015625 0.0078125
2 0.9375 0.58203125 0.00703125 0.01328125
16 0.709375 0.5375 0.009375 0.0078125
16 0.63828125 0.52734375 0.009375 0.0078125
16 0.7078125 0.5453125 0.00859375 0.0078125
16 0.02734375 0.41640625 0.009375 0.0078125
16 0.6390625 0.53515625 0.0125 0.009375
16 0.04140625 0.42734375 0.00859375 0.0046875
16 0.0265625 0.425 0.00703125 0.0078125
2 0.93515625 0.60078125 0.00703125 0.0140625
16 0.6375 0.54453125 0.009375 0.0109375
2 0.928125 0.60078125 0.00703125 0.01171875
16 0.70625 0.55859375 0.0078125 0.00703125
16 0.04140625 0.434375 0.00859375 0.0078125
16 0.02578125 0.434375 0.01015625 0.00859375
16 0.63515625 0.55234375 0.01015625 0.00859375
16 0.70546875 0.56640625 0.0078125 0.0046875
20 0.8625 0.6046875 0.01640625 0.0234375
16 0.63359375 0.5609375 0.01015625 0.00703125
20 0.846875 0.603125 0.0171875 0.0203125
2 0.9375 0.62421875 0.00625 0.0140625
16 0.63359375 0.56875 0.009375 0.0078125
16 0.7015625 0.58359375 0.00625 0.0078125
16 0.6328125 0.57734375 0.0109375 0.00859375
16 0.7015625 0.59140625 0.00859375 0.0078125
16 0.69921875 0.6046875 0.0078125 0.00625
16 0.61953125 0.590625 0.0125 0.009375
16 0.7859375 0.62421875 0.00859375 0.00625
16 0.6984375 0.61328125 0.0078125 0.00625
16 0.61953125 0.5984375 0.0109375 0.0109375
16 0.78359375 0.63203125 0.0078125 0.0078125
20 0.85234375 0.64921875 0.021875 0.01640625
16 0.55234375 0.5921875 0.0078125 0.01328125
16 0.5671875 0.59453125 0.00703125 0.0125
16 0.59375 0.6 0.0078125 0.0140625
16 0.57421875 0.59609375 0.00703125 0.01171875
16 0.5453125 0.590625 0.0078125 0.01328125
16 0.58046875 0.59765625 0.00859375 0.01328125
16 0.56015625 0.59375 0.00859375 0.0140625
16 0.5875 0.6 0.0078125 0.01484375
16 0.78203125 0.63984375 0.009375 0.00703125
16 0.696875 0.62578125 0.00859375 0.00625
16 0.69609375 0.6328125 0.0078125 0.00703125
20 0.0140625 0.5015625 0.0203125 0.02265625
16 0.78203125 0.65 0.009375 0.0078125