15 0.0515625 0.57421875 0.00859375 0.00625
20 0.76328125 0.57734375 0.01484375 0.01953125
20 0.84375 0.57890625 0.01328125 0.0203125
15 0.778125 0.58046875 0.00703125 0.00625
15 0.6953125 0.5828125 0.0078125 0.00625
15 0.05234375 0.5828125 0.00859375 0.00625
15 0.77734375 0.58828125 0.00859375 0.00546875
15 0.69453125 0.58984375 0.00859375 0.00625
1 0.959375 0.590625 0.0078125 0.00859375
15 0.05234375 0.590625 0.00859375 0.00625
1 0.909375 0.590625 0.00625 0.01484375
1 0.94453125 0.59140625 0.00546875 0.0140625
20 0.03671875 0.59140625 0.0171875 0.01875
1 0.9265625 0.5921875 0.0203125 0.0140625
15 0.77734375 0.59609375 0.00703125 0.00546875
15 0.05234375 0.5984375 0.00859375 0.00703125
20 0.76328125 0.6 0.01328125 0.02109375
20 0.82890625 0.6 0.01484375 0.0203125
20 0.84375 0.6015625 0.015625 0.021875
15 0.678125 0.603125 0.0109375 0.0078125
15 0.77890625 0.60390625 0.00859375 0.0046875
1 0.053125 0.60625 0.0109375 0.00859375
20 0.0375 0.61171875 0.01796875 0.0171875
15 0.665625 0.61171875 0.00859375 0.00546875
15 0.053125 0.615625 0.009375 0.00859375
15 0.66640625 0.61953125 0.00859375 0.00546875
15 0.05234375 0.62265625 0.0078125 0.00625
15 0.66640625 0.628125 0.00859375 0.00625
15 0.053125 0.63125 0.00703125 0.00625
20 0.03828125 0.63203125 0.01796875 0.0171875
15 0.66640625 0.63515625 0.00859375 0.00546875
15 0.053125 0.63984375 0.0078125 0.00703125
15 0.053125 0.64765625 0.00546875 0.00625
20 0.0375 0.6515625 0.01640625 0.01484375
15 0.053125 0.65546875 0.009375 0.00703125
15 0.05390625 0.66875 0.009375 0.00703125
20 0.0390625 0.6734375 0.015625 0.01640625
1 0.053125 0.6765625 0.01015625 0.00859375
15 0.046875 0.690625 0.0078125 0.0078125
1 0.60390625 0.69296875 0.00625 0.01328125
1 0.6109375 0.69375 0.00546875 0.01484375
15 0.62109375 0.7015625 0.009375 0.00625
1 0.6359375 0.7015625 0.009375 0.0046875
1 0.6359375 0.70859375 0.01015625 0.00546875
15 0.62109375 0.709375 0.01015625 0.00625
1 0.51328125 0.71328125 0.0046875 0.0125
15 0.62109375 0.7171875 0.01015625 0.00625
1 0.6359375 0.7171875 0.009375 0.00546875
15 0.62109375 0.725 0.00859375 0.00546875
1 0.63671875 0.725 0.00859375 0.0078125
1 0.63671875 0.7328125 0.0078125 0.00625
1 0.621875 0.73359375 0.009375 0.00546875
15 0.621875 0.74140625 0.01015625 0.00546875
1 0.63671875 0.7421875 0.00859375 0.00546875
1 0.63671875 0.75 0.009375 0.0046875
15 0.621875 0.75 0.00859375 0.00625
9 0.5671875 0.75078125 0.07421875 0.09375
1 0.63671875 0.75703125 0.009375 0.00625
15 0.621875 0.7578125 0.009375 0.00703125
1 0.63671875 0.765625 0.009375 0.00546875
15 0.621875 0.76640625 0.009375 0.00703125
1 0.63671875 0.7734375 0.00859375 0.0046875
15 0.621875 0.77421875 0.009375 0.00625
1 0.63671875 0.78125 0.00703125 0.00546875
15 0.62265625 0.7828125 0.01015625 0.0078125
15 0.525 0.78984375 0.0109375 0.00625
1 0.63671875 0.78984375 0.00859375 0.00546875
15 0.62265625 0.790625 0.0109375 0.00625
15 0.62265625 0.796875 0.009375 0.0078125
1 0.63671875 0.79765625 0.00859375 0.00546875
15 0.62265625 0.80546875 0.01015625 0.009375
1 0.6375 0.80546875 0.0109375 0.00625
15 0.6 0.8109375 0.0125 0.0078125
15 0.56640625 0.81171875 0.009375 0.0078125
15 0.58359375 0.81171875 0.01015625 0.00703125
15 0.52109375 0.81171875 0.009375 0.0078125
15 0.5515625 0.81171875 0.01015625 0.0078125
15 0.534375 0.8125 0.0078125 0.00625
1 0.6375 0.81328125 0.009375 0.00546875
15 0.6234375 0.8140625 0.0109375 0.00703125
1 0.63828125 0.821875 0.00859375 0.00546875
15 0.6234375 0.821875 0.0109375 0.0078125
1 0.5953125 0.82265625 0.00703125 0.01484375
1 0.5671875 0.8234375 0.00703125 0.01328125
1 0.58359375 0.8234375 0.0078125 0.0140625
1 0.5515625 0.82421875 0.00859375 0.01328125
1 0.534375 0.82421875 0.009375 0.01328125
1 0.521875 0.825 0.0078125 0.0140625
1 0.63828125 0.82890625 0.0109375 0.00546875
15 0.6234375 0.8296875 0.0109375 0.00703125
1 0.03671875 0.8390625 0.009375 0.00546875
1 0.62421875 0.84296875 0.00625 0.01328125
1 0.6109375 0.84375 0.00546875 0.01171875
1 0.57890625 0.84453125 0.0078125 0.01484375
1 0.596875 0.8453125 0.00625 0.0140625
15 0.03671875 0.8453125 0.00859375 0.00546875
1 0.58828125 0.8453125 0.00703125 0.01484375
1 0.0375 0.853125 0.009375 0.00546875
1 0.58203125 0.85859375 0.01015625 0.00703125
20 0.5125 0.86015625 0.0109375 0.0203125
15 0.03671875 0.8609375 0.009375 0.00703125
1 0.0375 0.8703125 0.00859375 0.00546875
15 0.58203125 0.87578125 0.01015625 0.0046875
15 0.0375 0.878125 0.0078125 0.0078125
15 0.58203125 0.88359375 0.0109375 0.0078125
9 0.61171875 0.88515625 0.0453125 0.05546875
1 0.0375 0.8859375 0.00859375 0.00390625
15 0.05390625 0.8875 0.00859375 0.00625
15 0.0546875 0.8953125 0.01171875 0.00703125
1 0.640625 0.9 0.009375 0.00625
1 0.5828125 0.90703125 0.0125 0.00703125
1 0.64140625 0.90703125 0.01015625 0.00625
1 0.0921875 0.925 0.0125 0.00859375
9 0.36796875 0.9296875 0.040625 0.06328125
1 0.09296875 0.934375 0.009375 0.0078125
9 0.153125 0.93671875 0.040625 0.0640625
9 0.0640625 0.93828125 0.03828125 0.0609375
1 0.09296875 0.94375 0.01171875 0.00625
1 0.46953125 0.94921875 0.00390625 0.0125
1 0.415625 0.953125 0.00625 0.01171875
1 0.45625 0.96484375 0.0046875 0.01171875
1 0.46875 0.965625 0.00625 0.01171875
1 0.46171875 0.965625 0.0046875 0.01171875
1 0.09296875 0.96640625 0.0125 0.00703125
1 0.49609375 0.96640625 0.01015625 0.00703125
1 0.8984375 0.9703125 0.0078125 0.0078125
1 0.88671875 0.9703125 0.0109375 0.00703125
1 0.8734375 0.97109375 0.0109375 0.00703125
1 0.86015625 0.97109375 0.0109375 0.0078125
1 0.84921875 0.97109375 0.01171875 0.00703125
20 0.91796875 0.97265625 0.01484375 0.0203125
20 0.93828125 0.97421875 0.015625 0.01953125
1 0.0625 0.97890625 0.00703125 0.01328125
1 0.08203125 0.97890625 0.0078125 0.01328125
1 0.07109375 0.97890625 0.00703125 0.01328125
1 0.8984375 0.9796875 0.01015625 0.00703125
1 0.17265625 0.98203125 0.00546875 0.01484375
1 0.15625 0.98203125 0.0046875 0.0125
20 0.73125 0.11953125 0.01328125 0.01875
1 0.3265625 0.14375 0.00546875 0.0125
1 0.334375 0.14453125 0.00703125 0.0140625
1 0.3421875 0.14453125 0.00625 0.01328125
1 0.5796875 0.14921875 0.0109375 0.00703125
20 0.73203125 0.1515625 0.01328125 0.0203125
1 0.5796875 0.15859375 0.0109375 0.00859375
20 0.67109375 0.18046875 0.009375 0.021875
20 0.77578125 0.18046875 0.0140625 0.01640625
20 0.79765625 0.18046875 0.01953125 0.01328125
20 0.684375 0.18125 0.0140625 0.0203125
20 0.63125 0.18125 0.0140625 0.02109375
20 0.653125 0.18203125 0.01796875 0.02109375
20 0.73515625 0.18203125 0.01640625 0.01796875
20 0.75625 0.18125 0.01875 0.0109375
1 0.865625 0.2015625 0.00625 0.01171875
1 0.865625 0.2171875 0.00625 0.0125
15 0.04375 0.2296875 0.009375 0.00625
1 0.865625 0.234375 0.0046875 0.01171875
15 0.04453125 0.2375 0.00859375 0.00546875
9 0.4015625 0.240625 0.109375 0.10234375
15 0.04453125 0.246875 0.00859375 0.0046875
1 0.865625 0.25078125 0.0046875 0.01015625
9 0.5015625 0.34140625 0.04296875 0.0921875
20 0.0328125 0.3453125 0.01484375 0.0203125
15 0.04921875 0.36484375 0.00859375 0.00625
20 0.03203125 0.365625 0.0140625 0.0203125
15 0.04921875 0.371875 0.0078125 0.00546875
15 0.05 0.38046875 0.0078125 0.00546875
15 0.03359375 0.38125 0.0078125 0.0046875
15 0.034375 0.3890625 0.01015625 0.0046875
15 0.05 0.3890625 0.0078125 0.00546875
9 0.40703125 0.39375 0.10390625 0.1265625
20 0.034375 0.4046875 0.015625 0.021875
20 0.05 0.40546875 0.0140625 0.01953125
15 0.69453125 0.43828125 0.00859375 0.00546875
20 0.775 0.4390625 0.01328125 0.0203125
15 0.60703125 0.43984375 0.0046875 0.01015625
15 0.6015625 0.440625 0.00390625 0.0109375
15 0.6140625 0.440625 0.00546875 0.0109375
15 0.5875 0.440625 0.00546875 0.01015625
15 0.58203125 0.440625 0.00546875 0.0109375
15 0.575 0.44140625 0.0046875 0.0109375
15 0.56171875 0.44140625 0.00390625 0.01015625
15 0.59453125 0.44140625 0.0046875 0.01015625
15 0.56875 0.4421875 0.00546875 0.0109375
15 0.6953125 0.446875 0.009375 0.00625
9 0.04609375 0.45 0.0375 0.06640625
15 0.6234375 0.4546875 0.0046875 0.0109375
15 0.62890625 0.4546875 0.00546875 0.0109375
15 0.6953125 0.45859375 0.00859375 0.00546875
15 0.69453125 0.46640625 0.009375 0.00546875
15 0.62734375 0.47265625 0.009375 0.00625
1 0.91640625 0.478125 0.0046875 0.0125
15 0.69609375 0.478125 0.0078125 0.00625
15 0.628125 0.48125 0.009375 0.00546875
15 0.69609375 0.48671875 0.00703125 0.00625
15 0.0390625 0.48828125 0.00859375 0.00625
15 0.62890625 0.4890625 0.0109375 0.00703125
15 0.05390625 0.496875 0.0078125 0.00390625
15 0.03984375 0.496875 0.00625 0.00625
1 0.91640625 0.496875 0.00546875 0.01328125
15 0.62890625 0.49765625 0.00859375 0.009375
1 0.909375 0.4984375 0.00546875 0.0109375
15 0.69609375 0.4984375 0.00703125 0.00546875
15 0.0546875 0.50390625 0.0078125 0.00703125
15 0.040625 0.50625 0.009375 0.00703125
15 0.628125 0.50625 0.009375 0.00703125
15 0.69609375 0.50625 0.00703125 0.00390625
20 0.84765625 0.51328125 0.01328125 0.01953125
15 0.62734375 0.5140625 0.009375 0.00546875
20 0.83359375 0.51484375 0.0140625 0.0171875
1 0.92109375 0.51796875 0.0046875 0.01328125
15 0.628125 0.52109375 0.009375 0.00625
15 0.6953125 0.52265625 0.00546875 0.00625
15 0.628125 0.5296875 0.01015625 0.00703125
15 0.6953125 0.5296875 0.0078125 0.00703125
15 0.69453125 0.54375 0.0078125 0.00546875
15 0.61796875 0.54453125 0.0109375 0.0078125
15 0.778125 0.54609375 0.0078125 0.0046875
15 0.69453125 0.5515625 0.00703125 0.0046875
15 0.61796875 0.553125 0.01015625 0.00859375
15 0.77734375 0.553125 0.00703125 0.00625
20 0.84375 0.55703125 0.01953125 0.01171875
15 0.5546875 0.55859375 0.00625 0.01171875
15 0.56953125 0.55859375 0.00546875 0.01171875
15 0.59453125 0.55859375 0.00625 0.0125
15 0.57578125 0.55859375 0.00546875 0.0109375
15 0.5484375 0.55859375 0.00625 0.01171875
15 0.58203125 0.55859375 0.00703125 0.01171875
15 0.56171875 0.55859375 0.00703125 0.0125
15 0.58828125 0.559375 0.00625 0.01328125
15 0.7765625 0.56171875 0.00859375 0.00546875
15 0.6953125 0.56328125 0.0078125 0.00546875
15 0.6953125 0.5703125 0.0078125 0.00546875
20 0.03671875 0.57109375 0.0171875 0.01875
15 0.778125 0.57109375 0.0078125 0.00703125