16 0.6859375 0.2453125 0.00546875 0.028125
20 0.690625 0.25234375 0.00390625 0.0171875
16 0.6984375 0.26015625 0.00546875 0.0265625
16 0.67578125 0.240625 0.003125 0.0171875
16 0.59375 0.16953125 0.0046875 0.0265625
16 0.5984375 0.17734375 0.00390625 0.02421875
2 0.41875 0.01953125 0.00546875 0.02421875
16 0.4109375 0.0140625 0.00234375 0.0171875
16 0.4140625 0.0171875 0.00390625 0.02109375
20 0.6765625 0.2640625 0.00390625 0.0125
16 0.69296875 0.28125 0.0046875 0.02265625
16 0.4359375 0.04921875 0.00390625 0.02421875
16 0.6875 0.278125 0.0046875 0.02265625
16 0.40546875 0.021875 0.00390625 0.02265625
16 0.43125 0.04453125 0.003125 0.02265625
16 0.45078125 0.06484375 0.0046875 0.02421875
2 0.575 0.17890625 0.00546875 0.028125
16 0.68359375 0.27734375 0.00546875 0.028125
2 0.446875 0.0625 0.003125 0.02265625
2 0.5625 0.16875 0.00546875 0.0140625
16 0.60546875 0.20703125 0.00390625 0.02109375
16 0.696875 0.29140625 0.00390625 0.02421875
16 0.60234375 0.20625 0.003125 0.01953125
16 0.596875 0.20078125 0.00390625 0.015625
2 0.37734375 0.009375 0.0046875 0.01875
16 0.37421875 0.0078125 0.0046875 0.015625
16 0.36875 0.00703125 0.00390625 0.0140625
16 0.4171875 0.04375 0.003125 0.0171875
16 0.70703125 0.3078125 0.00390625 0.02265625
16 0.425 0.0546875 0.00390625 0.0171875
16 0.9984375 0.57734375 0.00234375 0.028125
20 0.440625 0.07109375 0.00546875 0.0125
16 0.6734375 0.28984375 0.00390625 0.02421875
16 0.69140625 0.3078125 0.00234375 0.015625
16 0.678125 0.29453125 0.00390625 0.02109375
16 0.565625 0.19296875 0.003125 0.0171875
16 0.9859375 0.57421875 0.00390625 0.0265625
16 0.559375 0.18828125 0.003125 0.01953125
16 0.403125 0.04765625 0.00390625 0.02109375
16 0.446875 0.08671875 0.00859375 0.01953125
16 0.6875 0.30625 0.00390625 0.01953125
16 0.41171875 0.0546875 0.003125 0.0171875
20 0.65703125 0.2796875 0.00546875 0.015625
16 0.6984375 0.3171875 0.00546875 0.01015625
16 0.4078125 0.05234375 0.00390625 0.02421875
16 0.6640625 0.290625 0.00390625 0.0265625
2 0.33359375 0.0046875 0.01328125 0.00859375
16 0.6703125 0.29765625 0.00546875 0.0265625
9 0.38828125 0.046875 0.01328125 0.07890625
2 0.8421875 0.45859375 0.00625 0.015625
16 0.41875 0.0734375 0.00390625 0.02109375
16 0.4140625 0.07109375 0.00390625 0.02265625
16 0.70859375 0.33984375 0.00234375 0.015625
16 0.99765625 0.603125 0.003125 0.02109375
16 0.68515625 0.3203125 0.00546875 0.015625
16 0.42265625 0.08125 0.00390625 0.02265625
16 0.42890625 0.0875 0.00390625 0.02109375
16 0.696875 0.33671875 0.00625 0.0171875
16 0.43671875 0.10078125 0.0046875 0.0265625
16 0.4421875 0.10625 0.0046875 0.02265625
2 0.54609375 0.20234375 0.00390625 0.0265625
16 0.48984375 0.1515625 0.003125 0.01953125
16 0.50078125 0.16015625 0.00546875 0.0265625
16 0.49296875 0.1546875 0.00390625 0.02109375
16 0.5546875 0.2125 0.00234375 0.0171875
16 0.71328125 0.35625 0.0046875 0.02421875
2 0.40546875 0.07734375 0.003125 0.0171875
16 0.55078125 0.20859375 0.0046875 0.02421875
16 0.99140625 0.61171875 0.0046875 0.02265625
16 0.66328125 0.31171875 0.00390625 0.015625
16 0.65859375 0.3078125 0.00390625 0.015625
16 0.56328125 0.2234375 0.00546875 0.0296875
16 0.45625 0.128125 0.003125 0.02109375
16 0.459375 0.13359375 0.00390625 0.02109375
16 0.4640625 0.1359375 0.003125 0.01953125
16 0.4671875 0.14140625 0.00390625 0.01953125
9 0.3 0.0046875 0.009375 0.00859375
20 0.61015625 0.271875 0.00390625 0.0171875
16 0.61640625 0.27890625 0.00546875 0.02421875
16 0.634375 0.296875 0.00390625 0.02421875
16 0.55859375 0.228125 0.00390625 0.02421875
16 0.63046875 0.29296875 0.00390625 0.02421875
16 0.48046875 0.1578125 0.0046875 0.02109375
16 0.60234375 0.26875 0.00390625 0.02421875
16 0.56796875 0.23984375 0.00390625 0.0265625
16 0.621875 0.28671875 0.00390625 0.0296875
16 0.625 0.2921875 0.00390625 0.0296875
16 0.33125 0.02578125 0.00625 0.015625
16 0.3546875 0.04921875 0.00546875 0.028125
16 0.53984375 0.21875 0.00390625 0.02265625
16 0.35 0.0484375 0.00390625 0.0265625
16 0.99609375 0.6359375 0.00234375 0.015625
16 0.440625 0.13125 0.00390625 0.02421875
16 0.54453125 0.228125 0.0046875 0.02109375
16 0.4828125 0.171875 0.0046875 0.02109375
16 0.703125 0.37265625 0.00390625 0.02265625
16 0.7109375 0.38125 0.00390625 0.0265625
16 0.475 0.1671875 0.00234375 0.02265625
16 0.99921875 0.646875 0.00078125 0.0265625
2 0.403125 0.1046875 0.003125 0.01953125
16 0.6640625 0.34296875 0.00390625 0.02265625
16 0.66015625 0.33828125 0.00234375 0.02109375
20 0.653125 0.33359375 0.00390625 0.0140625
20 0.59453125 0.2796875 0.00625 0.02265625
16 0.490625 0.18671875 0.00390625 0.02265625
16 0.3296875 0.04140625 0.00703125 0.01953125
16 0.98046875 0.6328125 0.00390625 0.01953125
16 0.48671875 0.18515625 0.00390625 0.02265625
16 0.45390625 0.1546875 0.00390625 0.02109375
20 0.43359375 0.1359375 0.00390625 0.015625
16 0.45703125 0.159375 0.00390625 0.02109375
9 0.68203125 0.3640625 0.025 0.06171875
16 0.465625 0.1703125 0.00390625 0.0171875
20 0.25390625 0.00859375 0.0203125 0.0171875
16 0.5625 0.26171875 0.00390625 0.0171875
16 0.5875 0.28359375 0.00390625 0.0265625
2 0.7421875 0.42421875 0.009375 0.05234375
2 0.478125 0.18515625 0.00390625 0.02265625
2 0.31328125 0.03515625 0.00546875 0.028125
16 0.375 0.09140625 0.009375 0.02109375
16 0.31796875 0.04140625 0.00390625 0.02265625
16 0.55859375 0.259375 0.00390625 0.02421875
16 0.6 0.296875 0.00390625 0.02109375
9 0.51484375 0.21953125 0.0234375 0.0875
16 0.30859375 0.03125 0.00546875 0.02421875
2 0.7703125 0.453125 0.01015625 0.05078125
16 0.98359375 0.64765625 0.003125 0.02109375
2 0.4953125 0.203125 0.0046875 0.028125
2 0.825 0.50546875 0.0078125 0.0453125
20 0.44453125 0.15859375 0.0046875 0.015625
2 0.88203125 0.55703125 0.00859375 0.04375
2 0.8125 0.49296875 0.0234375 0.07734375
16 0.4390625 0.15625 0.00390625 0.02109375
16 0.53984375 0.25 0.00625 0.015625
2 0.86875 0.54921875 0.02265625 0.0734375
2 0.84296875 0.52734375 0.021875 0.071875
16 0.60546875 0.31328125 0.00390625 0.02265625
16 0.61796875 0.32578125 0.00390625 0.0265625
16 0.61015625 0.31953125 0.00390625 0.02421875
16 0.6140625 0.321875 0.00390625 0.0265625
16 0.70078125 0.4 0.0046875 0.02421875
16 0.7046875 0.40625 0.00234375 0.015625
2 0.453125 0.18046875 0.00859375 0.02421875
16 0.978125 0.65703125 0.00390625 0.02265625
16 0.9984375 0.67734375 0.00234375 0.03515625
20 0.62578125 0.3375 0.0046875 0.01953125
16 0.63203125 0.34296875 0.00546875 0.0265625
16 0.3515625 0.090625 0.0046875 0.0296875
2 0.4296875 0.165625 0.00546875 0.0296875
16 0.3859375 0.1265625 0.00546875 0.02421875
16 0.66171875 0.37890625 0.003125 0.0171875
16 0.5390625 0.26953125 0.003125 0.01953125
16 0.53515625 0.265625 0.0046875 0.0265625
16 0.54296875 0.27265625 0.00390625 0.02265625
16 0.65703125 0.37734375 0.00234375 0.0171875
16 0.54765625 0.27890625 0.00390625 0.02421875
16 0.28515625 0.04140625 0.00390625 0.0265625
16 0.55234375 0.28515625 0.00390625 0.0265625
16 0.3984375 0.1453125 0.00390625 0.02421875
16 0.9859375 0.67890625 0.00234375 0.0171875
16 0.40625 0.15234375 0.0046875 0.02421875
16 0.4109375 0.15703125 0.00390625 0.02265625
16 0.98984375 0.684375 0.003125 0.0171875
2 0.490625 0.23125 0.00703125 0.03515625
2 0.4859375 0.23046875 0.0046875 0.0265625
16 0.6078125 0.3453125 0.00390625 0.02109375
16 0.31640625 0.08046875 0.003125 0.02109375
16 0.3203125 0.0859375 0.00546875 0.028125
16 0.325 0.0921875 0.00390625 0.02265625
16 0.415625 0.17421875 0.00390625 0.02265625
16 0.62421875 0.36640625 0.0078125 0.02109375
16 0.34921875 0.1203125 0.00390625 0.015625
2 0.53359375 0.2875 0.00546875 0.0140625
20 0.5625 0.315625 0.00546875 0.02109375
16 0.3875 0.15625 0.0046875 0.02421875
16 0.55390625 0.3078125 0.00703125 0.015625
16 0.678125 0.4203125 0.00546875 0.0265625
2 0.6828125 0.4265625 0.0046875 0.02421875
16 0.6875 0.4296875 0.00390625 0.028125
2 0.66640625 0.41328125 0.00546875 0.0265625
16 0.571875 0.328125 0.0046875 0.028125
16 0.28203125 0.06953125 0.0046875 0.015625
20 0.540625 0.30234375 0.00546875 0.01953125
16 0.56796875 0.328125 0.00546875 0.03125
2 0.5265625 0.2921875 0.00390625 0.02265625
2 0.77890625 0.52109375 0.00546875 0.028125
16 0.775 0.51875 0.003125 0.015625
16 0.51640625 0.2828125 0.0046875 0.028125
16 0.521875 0.290625 0.003125 0.02265625
16 0.7875 0.53125 0.00390625 0.02421875
16 0.78359375 0.52734375 0.00390625 0.02265625
16 0.9296875 0.6625 0.00390625 0.01953125
16 0.92578125 0.65703125 0.0046875 0.02265625
16 0.9171875 0.65234375 0.00546875 0.02109375
16 0.5328125 0.30234375 0.00546875 0.0125
2 0.921875 0.65703125 0.0046875 0.0265625
16 0.98046875 0.7125 0.00390625 0.02421875
16 0.98515625 0.71484375 0.00390625 0.01953125
16 0.31484375 0.109375 0.0046875 0.01953125
16 0.99609375 0.73125 0.00546875 0.03828125
16 0.72734375 0.4984375 0.00703125 0.0421875
16 0.8390625 0.6015625 0.00390625 0.0171875
16 0.7953125 0.5640625 0.009375 0.04375
16 0.834375 0.59921875 0.00390625 0.02265625
16 0.86953125 0.63046875 0.00859375 0.040625
16 0.9375 0.696875 0.00859375 0.04921875
2 0.39765625 0.21015625 0.00625 0.03125
16 0.40234375 0.21953125 0.00390625 0.02109375
16 0.375 0.19375 0.00390625 0.01953125
2 0.5 0.3078125 0.00546875 0.02265625
2 0.4859375 0.29453125 0.00546875 0.028125
16 0.5328125 0.3375 0.0046875 0.03359375
2 0.553125 0.3578125 0.00546875 0.028125
16 0.50546875 0.3140625 0.00546875 0.02109375
2 0.6453125 0.44296875 0.00703125 0.03359375
2 0.53828125 0.346875 0.00625 0.0296875
2 0.38046875 0.20234375 0.00703125 0.03359375
16 0.63828125 0.43671875 0.0046875 0.028125
2 0.66015625 0.4578125 0.00859375 0.03828125
2 0.72421875 0.53828125 0.00546875 0.028125
20 0.7484375 0.56171875 0.01484375 0.059375
20 0.89296875 0.69453125 0.01640625 0.06640625
2 0.328125 0.18046875 0.00390625 0.028125
16 0.3328125 0.1859375 0.0046875 0.02421875
2 0.79140625 0.60234375 0.00390625 0.02265625
16 0.33671875 0.19296875 0.0046875 0.02109375
20 0.5515625 0.3875 0.00390625 0.0140625
2 0.934375 0.73515625 0.00390625 0.02421875
2 0.86640625 0.6734375 0.00546875 0.03125
16 0.52421875 0.36640625 0.00546875 0.03125
20 0.81796875 0.63359375 0.01796875 0.0734375
16 0.4796875 0.328125 0.00703125 0.03515625
20 0.9609375 0.7640625 0.01875 0.06484375
16 0.36796875 0.2265625 0.00703125 0.03828125
16 0.6328125 0.465625 0.00859375 0.03671875
16 0.5421875 0.3859375 0.009375 0.02109375
16 0.48828125 0.3359375 0.00859375 0.03359375
16 0.4203125 0.2765625 0.00390625 0.0265625
16 0.446875 0.30078125 0.00390625 0.02265625
2 0.44296875 0.2984375 0.00546875 0.02109375
2 0.415625 0.2734375 0.00546875 0.02421875
16 0.64921875 0.4859375 0.00703125 0.0171875
2 0.57578125 0.42109375 0.00546875 0.028125
2 0.60625 0.44921875 0.00546875 0.028125
16 0.58046875 0.42578125 0.00546875 0.0265625
16 0.61015625 0.45703125 0.00546875 0.0296875
16 0.384375 0.25546875 0.00859375 0.01953125
9 0.31171875 0.1984375 0.01484375 0.0734375
16 0.32578125 0.21484375 0.00625 0.0296875
16 0.3296875 0.2328125 0.0046875 0.02265625
16 0.33359375 0.23671875 0.00390625 0.02421875
2 0.065625 0.01875 0.01171875 0.03671875
2 0.05625 0.015625 0.01171875 0.03125
2 0.3671875 0.290625 0.00390625 0.0296875
16 0.35703125 0.28125 0.0046875 0.0265625
2 0.34296875 0.26953125 0.0046875 0.0265625
2 0.353125 0.27734375 0.00546875 0.028125
16 0.3828125 0.30625 0.003125 0.01953125
2 0.38671875 0.31015625 0.00390625 0.02109375
2 0.37890625 0.30234375 0.0046875 0.02265625
2 0.39140625 0.31484375 0.00390625 0.0265625
16 0.41484375 0.3359375 0.0046875 0.02265625
2 0.4734375 0.38984375 0.00390625 0.02109375
16 0.4015625 0.32578125 0.00703125 0.03359375
2 0.4234375 0.3453125 0.00546875 0.028125
2 0.50390625 0.41875 0.00546875 0.0265625
2 0.46796875 0.3859375 0.0046875 0.02421875
16 0.51640625 0.43046875 0.00390625 0.0265625
2 0.453125 0.371875 0.00546875 0.028125
2 0.4875 0.40546875 0.0046875 0.02421875
16 0.44609375 0.3671875 0.00625 0.0296875
2 0.45703125 0.37734375 0.0046875 0.028125
2 0.409375 0.33515625 0.00703125 0.03125
2 0.56953125 0.48046875 0.00703125 0.03515625
2 0.44140625 0.36328125 0.00703125 0.028125
16 0.575 0.484375 0.0046875 0.028125
16 0.48359375 0.40234375 0.00390625 0.0265625
2 0.3265625 0.259375 0.00390625 0.02109375
16 0.4640625 0.38515625 0.00390625 0.0265625
2 0.5203125 0.4359375 0.0046875 0.0265625
16 0.53671875 0.45 0.00390625 0.0265625
16 0.33125 0.265625 0.00390625 0.02265625
2 0.52578125 0.44140625 0.00390625 0.02265625
16 0.43359375 0.3578125 0.00703125 0.03125
2 0.5453125 0.459375 0.00390625 0.02421875
2 0.6046875 0.51484375 0.00625 0.0296875
2 0.53046875 0.446875 0.0046875 0.02265625
2 0.5828125 0.49375 0.00703125 0.0296875
16 0.5609375 0.4734375 0.00703125 0.03515625
16 0.609375 0.51875 0.00390625 0.0265625
2 0.54921875 0.46484375 0.0046875 0.028125
2 0.53984375 0.45625 0.0046875 0.028125
2 0.57890625 0.49140625 0.00390625 0.028125
16 0.6234375 0.53359375 0.00546875 0.028125
2 0.6328125 0.540625 0.0046875 0.028125
16 0.64296875 0.55 0.0046875 0.0296875
2 0.6140625 0.5265625 0.00546875 0.028125
2 0.61796875 0.5296875 0.0046875 0.028125
2 0.6375 0.54765625 0.00546875 0.03515625
16 0.59609375 0.51171875 0.00859375 0.03671875
2 0.628125 0.540625 0.00546875 0.03125
2 0.64765625 0.5578125 0.0046875 0.028125
2 0.978125 0.865625 0.00859375 0.04375
2 0.98515625 0.87578125 0.00703125 0.0453125
16 0.6140625 0.15625 0.00625 0.0171875
16 0.6125 0.1671875 0.00625 0.015625
16 0.68125 0.2328125 0.0046875 0.0265625
20 0.6703125 0.2234375 0.00390625 0.02265625