16 0.6046875 0.7046875 0.015625 0.01015625
16 0.58828125 0.703125 0.015625 0.015625
16 0.49296875 0.684375 0.01796875 0.0171875
2 0.4734375 0.6828125 0.01640625 0.015625
2 0.31640625 0.65 0.0140625 0.021875
2 0.1109375 0.61015625 0.015625 0.0171875
2 0.70859375 0.73671875 0.015625 0.01875
2 0.60234375 0.715625 0.0140625 0.01328125
2 0.22734375 0.6390625 0.0375 0.05390625
16 0.5859375 0.7140625 0.015625 0.01484375
2 0.35546875 0.6671875 0.0171875 0.01875
16 0.49140625 0.6984375 0.0171875 0.0171875
2 0.4734375 0.69765625 0.015625 0.0140625
2 0.603125 0.728125 0.015625 0.01328125
16 0.3546875 0.6796875 0.01875 0.01796875
2 0.31484375 0.671875 0.01640625 0.02421875
2 0.4703125 0.7078125 0.01953125 0.01875
2 0.1265625 0.6390625 0.05703125 0.05703125
2 0.60078125 0.7375 0.015625 0.01328125
16 0.4890625 0.715625 0.01640625 0.01484375
16 0.35234375 0.6875 0.0203125 0.02109375
2 0.7265625 0.7703125 0.0203125 0.01875
16 0.46953125 0.7203125 0.01484375 0.0125
2 0.70859375 0.7703125 0.0125 0.0140625
2 0.6 0.74921875 0.01328125 0.0140625
16 0.48671875 0.72734375 0.0140625 0.0140625
2 0.59921875 0.76015625 0.0140625 0.0140625
16 0.35625 0.7109375 0.01328125 0.02109375
2 0.44921875 0.73125 0.0109375 0.01953125
2 0.390625 0.71875 0.0109375 0.0203125
2 0.4234375 0.7265625 0.0109375 0.02109375
2 0.39921875 0.721875 0.0125 0.02265625
2 0.41640625 0.725 0.0125 0.02265625
16 0.440625 0.7296875 0.01171875 0.02109375
2 0.38125 0.71796875 0.0109375 0.021875
2 0.4328125 0.728125 0.01015625 0.01796875
16 0.3734375 0.71640625 0.0109375 0.0203125
2 0.40625 0.7234375 0.0125 0.02109375
2 0.29921875 0.70625 0.040625 0.0515625
2 0.175 0.6859375 0.05625 0.090625
2 0.57421875 0.7703125 0.01875 0.01953125
9 0.54375 0.7703125 0.03359375 0.05
2 0.37109375 0.7390625 0.01328125 0.02421875
2 0.621875 0.7921875 0.01171875 0.02109375
2 0.38671875 0.74375 0.0125 0.01875
16 0.671875 0.80234375 0.0125 0.025
2 0.63984375 0.7953125 0.0125 0.02265625
2 0.396875 0.7453125 0.0140625 0.02109375
2 0.4125 0.7484375 0.0109375 0.02109375
2 0.61171875 0.790625 0.0109375 0.0203125
2 0.64609375 0.79765625 0.01328125 0.0265625
2 0.70625 0.81015625 0.01171875 0.021875
2 0.403125 0.74765625 0.0125 0.021875
2 0.08203125 0.68125 0.05703125 0.05546875
2 0.440625 0.75625 0.0109375 0.01875
2 0.63046875 0.7953125 0.0109375 0.021875
2 0.34921875 0.7375 0.0125 0.021875
2 0.65546875 0.8 0.01015625 0.02109375
2 0.66328125 0.80234375 0.0109375 0.0203125
2 0.43046875 0.7546875 0.0125 0.02265625
2 0.68125 0.80703125 0.01328125 0.0234375
16 0.42109375 0.753125 0.0109375 0.02109375
2 0.68984375 0.8109375 0.01796875 0.0265625
2 0.13203125 0.6984375 0.0578125 0.06640625
9 0.7203125 0.828125 0.02734375 0.04296875
9 0.26015625 0.73125 0.03671875 0.04921875
16 0.70546875 0.83125 0.0125 0.02265625
16 0.61875 0.81640625 0.0125 0.0234375
2 0.6515625 0.82421875 0.01015625 0.0203125
2 0.6265625 0.81875 0.00859375 0.01953125
16 0.66015625 0.8265625 0.00859375 0.01953125
16 0.66953125 0.828125 0.01015625 0.01796875
16 0.6421875 0.8234375 0.0109375 0.0234375
16 0.37578125 0.7734375 0.0109375 0.0171875
16 0.40234375 0.7796875 0.0109375 0.0203125
16 0.384375 0.7765625 0.0109375 0.01953125
16 0.41796875 0.78359375 0.01015625 0.0203125
16 0.409375 0.7828125 0.0125 0.02109375
16 0.3921875 0.77890625 0.00859375 0.021875
16 0.43515625 0.7890625 0.01171875 0.0203125
16 0.42578125 0.78828125 0.0125 0.025
16 0.54765625 0.81484375 0.0171875 0.0171875
2 0.5328125 0.81953125 0.01484375 0.021875
16 0.2671875 0.7671875 0.021875 0.01875
16 0.625 0.84296875 0.01328125 0.021875
16 0.65703125 0.85078125 0.01328125 0.021875
16 0.63984375 0.84765625 0.015625 0.0234375
16 0.54765625 0.83671875 0.01640625 0.015625
16 0.078125 0.7421875 0.01484375 0.0265625
16 0.0515625 0.73671875 0.01640625 0.0265625
16 0.08984375 0.7453125 0.0125 0.0234375
16 0.14296875 0.75546875 0.0140625 0.028125
16 0.0625 0.740625 0.0140625 0.03203125
16 0.10625 0.7484375 0.01484375 0.02421875
16 0.11796875 0.7515625 0.015625 0.02734375
16 0.13203125 0.75546875 0.0140625 0.0265625
9 0.50703125 0.8375 0.03125 0.06640625
16 0.2203125 0.78125 0.01484375 0.02890625
2 0.53046875 0.8453125 0.0140625 0.02265625
16 0.2328125 0.784375 0.0140625 0.02578125
2 0.63046875 0.86953125 0.01015625 0.01875
16 0.3265625 0.8078125 0.00859375 0.01953125
16 0.37578125 0.8171875 0.0109375 0.02109375
16 0.60546875 0.86484375 0.0140625 0.025
2 0.63828125 0.871875 0.009375 0.01875
16 0.35078125 0.81328125 0.01171875 0.0203125
16 0.365625 0.8171875 0.009375 0.01953125
2 0.65390625 0.87578125 0.0109375 0.021875
16 0.334375 0.8109375 0.009375 0.025
16 0.3578125 0.815625 0.01015625 0.01953125
2 0.2546875 0.796875 0.03828125 0.06171875
2 0.484375 0.84375 0.0125 0.02578125
2 0.0796875 0.775 0.02421875 0.03046875
2 0.10859375 0.7828125 0.02578125 0.028125
2 0.05546875 0.771875 0.02421875 0.0265625
2 0.134375 0.7890625 0.02734375 0.03125
16 0.18359375 0.8 0.015625 0.028125
16 0.52734375 0.87109375 0.0140625 0.028125
16 0.6015625 0.8875 0.0109375 0.0234375
16 0.19296875 0.803125 0.0125 0.028125
16 0.5796875 0.884375 0.01171875 0.0265625
16 0.5703125 0.8828125 0.0140625 0.025
16 0.5890625 0.8875 0.0140625 0.02890625
16 0.61171875 0.89140625 0.0125 0.028125
16 0.7 0.92421875 0.009375 0.0265625
16 0.68984375 0.9234375 0.0125 0.02421875
16 0.68046875 0.921875 0.0125 0.02109375
16 0.028125 0.80546875 0.0140625 0.025
16 0.015625 0.803125 0.015625 0.02734375
16 0.53359375 0.9125 0.01484375 0.02578125
16 0.5453125 0.915625 0.0140625 0.02734375
2 0.5203125 0.91171875 0.0171875 0.0296875
2 0.190625 0.8484375 0.01328125 0.02578125
2 0.1671875 0.8484375 0.03359375 0.04609375
2 0.06015625 0.8265625 0.04296875 0.08671875
9 0.0921875 0.8625 0.03984375 0.07109375
9 0.01875 0.84765625 0.03671875 0.046875
2 0.1765625 0.890625 0.04375 0.065625
16 0.128125 0.884375 0.0140625 0.02734375
16 0.115625 0.88359375 0.0140625 0.025
16 0.50078125 0.9671875 0.01640625 0.02890625
16 0.51171875 0.97265625 0.015625 0.028125
2 0.4125 0.9546875 0.015625 0.0328125
2 0.3921875 0.9640625 0.01875 0.02734375
16 0.37421875 0.9640625 0.02421875 0.02578125
4 0.3171875 0.025 0.078125 0.05
4 0.4265625 0.04375 0.13125 0.0875
2 0.60234375 0.0765625 0.15703125 0.08359375
2 0.1453125 0.003125 0.009375 0.00546875
2 0.1546875 0.003125 0.01015625 0.00625
2 0.16328125 0.0046875 0.01171875 0.00859375
2 0.19921875 0.0078125 0.0140625 0.015625
2 0.23125 0.0109375 0.0109375 0.01953125
2 0.18046875 0.0078125 0.015625 0.01484375
2 0.22265625 0.0109375 0.009375 0.021875
2 0.215625 0.01015625 0.01171875 0.0203125
2 0.18984375 0.0078125 0.0140625 0.01484375
2 0.13828125 0.003125 0.0171875 0.00625
2 0.20625 0.009375 0.0125 0.01796875
16 0.15390625 0.025 0.01171875 0.02421875
16 0.1625 0.0265625 0.0109375 0.02734375
20 0.75859375 0.1546875 0.021875 0.0375
9 0.73671875 0.15390625 0.03359375 0.0578125
16 0.246875 0.053125 0.01015625 0.021875
16 0.234375 0.0515625 0.009375 0.01796875
2 0.25859375 0.0578125 0.0125 0.02265625
2 0.70859375 0.16015625 0.03984375 0.0609375
2 0.5640625 0.13046875 0.04375 0.05
16 0.7546875 0.1859375 0.0171875 0.03203125
2 0.52734375 0.14375 0.0140625 0.03046875
2 0.54140625 0.146875 0.01328125 0.02421875
2 0.1203125 0.0734375 0.015625 0.028125
4 0.06015625 0.065625 0.0546875 0.09921875
9 0.13671875 0.0875 0.03046875 0.046875
2 0.5234375 0.1890625 0.01640625 0.02421875
16 0.1859375 0.121875 0.02265625 0.03203125
9 0.240625 0.1453125 0.12578125 0.18203125
2 0.30234375 0.1671875 0.01640625 0.02890625
16 0.3359375 0.1796875 0.01484375 0.0265625
2 0.55078125 0.225 0.0140625 0.02578125
16 0.1125 0.14140625 0.0125 0.028125
9 0.13125 0.1515625 0.03046875 0.04453125
2 0.565625 0.25625 0.0140625 0.03046875
2 0.3359375 0.2171875 0.0484375 0.04765625
16 0.11953125 0.1796875 0.0234375 0.02109375
16 0.675 0.296875 0.009375 0.02265625
16 0.70078125 0.303125 0.0125 0.02578125
16 0.69140625 0.30234375 0.0109375 0.021875
16 0.68359375 0.30078125 0.0125 0.025
16 0.6671875 0.2984375 0.01171875 0.02265625
2 0.64765625 0.29375 0.015625 0.025
2 0.709375 0.30625 0.0109375 0.02578125
2 0.58984375 0.28828125 0.02109375 0.0296875
20 0.13671875 0.19375 0.03046875 0.03515625
2 0.509375 0.275 0.015625 0.0265625
2 0.51796875 0.278125 0.01328125 0.02421875
16 0.3375 0.2546875 0.0203125 0.03046875
16 0.27109375 0.25 0.01953125 0.01796875
16 0.1390625 0.221875 0.01796875 0.02890625
16 0.23671875 0.24453125 0.01875 0.0171875
2 0.77265625 0.35703125 0.021875 0.028125
20 0.25234375 0.25546875 0.01875 0.0421875
16 0.26953125 0.2640625 0.015625 0.0125
16 0.23515625 0.25703125 0.0171875 0.0171875
20 0.2875 0.26796875 0.02734375 0.0515625
4 0.0421875 0.2203125 0.0578125 0.2046875
16 0.19765625 0.2609375 0.015625 0.02421875
2 0.21171875 0.2640625 0.01875 0.02578125
2 0.18203125 0.25859375 0.021875 0.0234375
16 0.26875 0.2765625 0.0171875 0.01875
16 0.234375 0.26875 0.0171875 0.01640625
2 0.6875 0.371875 0.02109375 0.0265625
2 0.6703125 0.384375 0.0171875 0.01640625
2 0.48984375 0.35 0.01953125 0.01640625
2 0.68828125 0.4 0.01875 0.01953125
2 0.66796875 0.3984375 0.01875 0.01640625
2 0.771875 0.4203125 0.02421875 0.02578125
9 0.7296875 0.4125 0.07421875 0.15859375
2 0.3484375 0.33828125 0.0125 0.025
2 0.40703125 0.35 0.0171875 0.01796875
16 0.3359375 0.3375 0.01328125 0.028125
2 0.18359375 0.309375 0.02421875 0.03046875
2 0.68359375 0.42890625 0.015625 0.021875
2 0.77109375 0.45078125 0.0203125 0.021875
9 0.10546875 0.31328125 0.08671875 0.096875
9 0.578125 0.4234375 0.165625 0.23984375
2 0.20078125 0.346875 0.040625 0.05546875
2 0.490625 0.409375 0.0171875 0.01640625
16 0.18125 0.346875 0.021875 0.01953125
9 0.4 0.39375 0.04375 0.0625
16 0.6625 0.45078125 0.0171875 0.0140625
2 0.22421875 0.36640625 0.0359375 0.0546875
2 0.48828125 0.421875 0.01796875 0.0140625
2 0.765625 0.48125 0.01875 0.021875
2 0.253125 0.3765625 0.0125 0.0234375
2 0.24375 0.3765625 0.0140625 0.02265625
16 0.1765625 0.3625 0.021875 0.01953125
16 0.66171875 0.4640625 0.01875 0.01328125
16 0.44765625 0.4203125 0.0171875 0.02265625
16 0.4875 0.43515625 0.0171875 0.0125
2 0.4703125 0.43359375 0.01796875 0.021875
2 0.6609375 0.478125 0.01875 0.01796875
2 0.14296875 0.38828125 0.04375 0.046875
2 0.6578125 0.503125 0.01875 0.01796875
16 0.31015625 0.4375 0.015625 0.03203125
16 0.27578125 0.43125 0.015625 0.02734375
2 0.29765625 0.43671875 0.01484375 0.034375
2 0.284375 0.4359375 0.0140625 0.03203125
2 0.484375 0.4796875 0.015625 0.0265625
2 0.1 0.40078125 0.01953125 0.025
16 0.40078125 0.46875 0.0140625 0.0265625
2 0.41171875 0.47265625 0.0109375 0.021875
2 0.72890625 0.5375 0.0453125 0.04765625
9 0.0734375 0.415625 0.04453125 0.06015625
16 0.14296875 0.43125 0.0203125 0.01640625
16 0.2046875 0.4453125 0.01875 0.01796875
16 0.27109375 0.4625 0.01484375 0.025
16 0.41015625 0.4921875 0.0140625 0.02265625
16 0.0953125 0.428125 0.0171875 0.01640625
16 0.29453125 0.471875 0.01171875 0.02890625
2 0.11796875 0.43515625 0.040625 0.0484375
16 0.28515625 0.4703125 0.01484375 0.02734375
16 0.20234375 0.4640625 0.01796875 0.0171875
2 0.45703125 0.51875 0.0390625 0.05234375
16 0.09453125 0.44296875 0.01640625 0.01875
2 0.13828125 0.4546875 0.03203125 0.04609375
2 0.17109375 0.4640625 0.0578125 0.05859375
2 0.56640625 0.5453125 0.0125 0.021875
2 0.5546875 0.54375 0.0140625 0.0234375
2 0.4921875 0.53515625 0.03828125 0.05625
16 0.25 0.4859375 0.01875 0.01953125
2 0.509375 0.540625 0.0125 0.0234375
2 0.18828125 0.48515625 0.03828125 0.053125
2 0.2203125 0.4921875 0.01640625 0.03359375
2 0.421875 0.5390625 0.040625 0.05234375
2 0.30390625 0.51953125 0.01875 0.01875
2 0.43515625 0.55625 0.0125 0.02421875
2 0.39453125 0.54765625 0.015625 0.021875
16 0.5046875 0.571875 0.01953125 0.01953125
16 0.303125 0.53125 0.02109375 0.01640625
2 0.16484375 0.50390625 0.03671875 0.046875
16 0.4609375 0.56875 0.0109375 0.021875
16 0.453125 0.5671875 0.01171875 0.02265625
16 0.44375 0.565625 0.0109375 0.021875
2 0.4703125 0.571875 0.0109375 0.025
2 0.13515625 0.5046875 0.0328125 0.040625
16 0.484375 0.58125 0.01796875 0.01796875
2 0.21875 0.5265625 0.0203125 0.01953125
16 0.50234375 0.5875 0.0171875 0.01640625
2 0.2984375 0.546875 0.01875 0.01953125
16 0.196875 0.525 0.0171875 0.01328125
16 0.31171875 0.55 0.0125 0.025
2 0.21796875 0.5390625 0.01796875 0.01171875
16 0.5015625 0.59921875 0.01796875 0.0140625
2 0.2984375 0.5609375 0.015625 0.01796875
16 0.48359375 0.6 0.01640625 0.01640625
16 0.19453125 0.5421875 0.015625 0.01875
16 0.71875 0.65390625 0.01953125 0.0203125
16 0.115625 0.52890625 0.0203125 0.025
9 0.25625 0.559375 0.06171875 0.13203125
16 0.215625 0.5515625 0.01875 0.01640625
16 0.5 0.6140625 0.01875 0.01640625
16 0.7171875 0.6640625 0.015625 0.0125
2 0.734375 0.66875 0.01953125 0.021875
2 0.4796875 0.615625 0.0140625 0.01484375
2 0.215625 0.5625 0.01875 0.0140625
2 0.165625 0.553125 0.03671875 0.04296875
16 0.4984375 0.625 0.01640625 0.01484375
2 0.13359375 0.55078125 0.034375 0.046875
2 0.29921875 0.58515625 0.03125 0.025
2 0.61015625 0.65 0.0171875 0.01640625
16 0.34375 0.59609375 0.01953125 0.01875
16 0.3625 0.6015625 0.01875 0.01953125
2 0.21328125 0.5734375 0.0203125 0.01796875
2 0.13359375 0.5578125 0.03359375 0.0453125
2 0.478125 0.63125 0.01875 0.0171875
16 0.496875 0.6390625 0.0171875 0.015625
2 0.60859375 0.66328125 0.0171875 0.0125
2 0.29375 0.5984375 0.0171875 0.01484375
2 0.36015625 0.6140625 0.0140625 0.01171875
2 0.7140625 0.6875 0.015625 0.01640625
16 0.53828125 0.6515625 0.01484375 0.02421875
16 0.21328125 0.5859375 0.01796875 0.01953125
2 0.5640625 0.659375 0.01484375 0.02421875
16 0.54765625 0.65625 0.0109375 0.02109375
2 0.4765625 0.64453125 0.01484375 0.015625
2 0.6078125 0.6734375 0.01484375 0.01328125
9 0.41484375 0.63515625 0.08828125 0.1375
2 0.1875 0.590625 0.04375 0.06484375
16 0.35703125 0.62578125 0.0171875 0.01875
2 0.29453125 0.61328125 0.01953125 0.01875
2 0.7125 0.70078125 0.01875 0.01875
2 0.60625 0.6859375 0.01484375 0.0140625
16 0.12109375 0.5875 0.01875 0.01875
2 0.15390625 0.5984375 0.04375 0.05546875
2 0.60703125 0.6953125 0.015625 0.01484375
16 0.49453125 0.671875 0.015625 0.0140625
2 0.275 0.628125 0.0203125 0.0265625
2 0.47421875 0.6703125 0.01640625 0.01796875
2 0.3578125 0.6484375 0.01640625 0.01796875