16 0.678125 0.16171875 0.00546875 0.02734375
20 0.68359375 0.16640625 0.00390625 0.01796875
2 0.36171875 0.00390625 0.00546875 0.00703125
16 0.35546875 0.00234375 0.0046875 0.0046875
16 0.69140625 0.17265625 0.0046875 0.02734375
16 0.371875 0.00625 0.00390625 0.0125
16 0.6671875 0.15859375 0.00234375 0.01796875
16 0.36640625 0.00625 0.0046875 0.0125
16 0.58125 0.11640625 0.00390625 0.02734375
16 0.5859375 0.12265625 0.00234375 0.025
2 0.396875 0.02734375 0.0046875 0.025
16 0.38828125 0.0234375 0.00234375 0.01796875
16 0.39296875 0.0265625 0.003125 0.01953125
16 0.35 0.00546875 0.00703125 0.0109375
20 0.66875 0.18359375 0.00390625 0.0125
16 0.6859375 0.19375 0.00390625 0.0234375
16 0.415625 0.0515625 0.003125 0.0234375
16 0.68046875 0.1921875 0.00390625 0.0234375
16 0.38359375 0.034375 0.003125 0.021875
16 0.4109375 0.04765625 0.00234375 0.0234375
16 0.43203125 0.06171875 0.00390625 0.025
2 0.5625 0.13203125 0.0046875 0.02890625
16 0.6765625 0.19296875 0.00390625 0.02890625
2 0.428125 0.06015625 0.00234375 0.0234375
2 0.54921875 0.12734375 0.00625 0.0125
16 0.59453125 0.1515625 0.00390625 0.021875
16 0.690625 0.20234375 0.00390625 0.025
16 0.59140625 0.15078125 0.003125 0.01953125
16 0.5859375 0.146875 0.003125 0.01640625
2 0.35546875 0.028125 0.00390625 0.0234375
16 0.35078125 0.02734375 0.00390625 0.021875
16 0.34609375 0.02421875 0.003125 0.0234375
16 0.39609375 0.05234375 0.00234375 0.01796875
2 0.29375 0.0046875 0.0109375 0.009375
16 0.70078125 0.21640625 0.003125 0.021875
16 0.4046875 0.059375 0.003125 0.01796875
20 0.42109375 0.071875 0.00546875 0.0109375
16 0.6671875 0.21015625 0.003125 0.0234375
16 0.68515625 0.22109375 0.00234375 0.01640625
16 0.671875 0.2140625 0.003125 0.01953125
16 0.553125 0.15 0.00234375 0.01796875
16 0.99609375 0.3875 0.00390625 0.02734375
16 0.54609375 0.14921875 0.003125 0.01953125
16 0.3828125 0.06015625 0.003125 0.01953125
16 0.428125 0.08515625 0.0078125 0.01796875
16 0.68125 0.22109375 0.00390625 0.01953125
16 0.390625 0.06484375 0.00234375 0.01796875
20 0.65 0.20546875 0.0046875 0.0140625
16 0.69296875 0.22890625 0.00625 0.0109375
16 0.38671875 0.0640625 0.003125 0.0234375
16 0.65703125 0.21328125 0.003125 0.025
2 0.309375 0.02890625 0.0125 0.02890625
16 0.66328125 0.21875 0.00546875 0.025
16 0.2484375 0.00703125 0.00625 0.0140625
16 0.24453125 0.00625 0.00390625 0.0125
9 0.36640625 0.065625 0.01171875 0.08125
2 0.84453125 0.32109375 0.00625 0.0140625
16 0.39921875 0.0828125 0.00390625 0.021875
16 0.39375 0.08125 0.003125 0.021875
16 0.7046875 0.2484375 0.00234375 0.01640625
16 0.6796875 0.23671875 0.00625 0.0140625
16 0.403125 0.0890625 0.00390625 0.0234375
16 0.409375 0.0921875 0.00390625 0.021875
16 0.6921875 0.25 0.00625 0.01640625
16 0.41875 0.10390625 0.00390625 0.02734375
16 0.42421875 0.10703125 0.00390625 0.0234375
2 0.53359375 0.1671875 0.00390625 0.02734375
16 0.47421875 0.1359375 0.003125 0.01953125
16 0.48515625 0.14140625 0.0046875 0.02734375
16 0.47734375 0.13828125 0.003125 0.01953125
16 0.5421875 0.1734375 0.00234375 0.01796875
16 0.709375 0.26328125 0.00390625 0.025
2 0.3859375 0.090625 0.00234375 0.01796875
16 0.5390625 0.17109375 0.00390625 0.025
16 0.65625 0.2375 0.00390625 0.01640625
16 0.65234375 0.2359375 0.003125 0.01640625
16 0.55234375 0.18359375 0.00390625 0.03046875
16 0.4390625 0.12421875 0.00234375 0.021875
16 0.4421875 0.128125 0.00390625 0.021875
16 0.446875 0.13125 0.00234375 0.01953125
16 0.45 0.134375 0.00390625 0.01953125
9 0.275 0.040625 0.0078125 0.03828125
20 0.6015625 0.21484375 0.00390625 0.01796875
16 0.6078125 0.21953125 0.00546875 0.0234375
16 0.6265625 0.23203125 0.003125 0.0234375
16 0.54609375 0.18828125 0.003125 0.0234375
16 0.62265625 0.22890625 0.00234375 0.025
16 0.46484375 0.14453125 0.00390625 0.021875
16 0.59296875 0.21484375 0.00390625 0.025
16 0.55703125 0.19609375 0.00390625 0.02734375
16 0.61328125 0.2265625 0.00390625 0.03046875
16 0.6171875 0.23046875 0.00390625 0.03046875
16 0.3078125 0.06484375 0.00625 0.0140625
16 0.3328125 0.0796875 0.00390625 0.02890625
16 0.528125 0.18671875 0.00390625 0.0234375
16 0.32734375 0.08046875 0.00390625 0.02734375
16 0.42265625 0.13359375 0.00390625 0.025
16 0.5328125 0.1953125 0.00390625 0.021875
16 0.46796875 0.1609375 0.00390625 0.021875
16 0.7 0.28359375 0.003125 0.021875
16 0.7078125 0.28984375 0.00390625 0.02734375
16 0.459375 0.15625 0.00234375 0.0234375
2 0.384375 0.11796875 0.00234375 0.01953125
16 0.65859375 0.2671875 0.003125 0.021875
16 0.6546875 0.265625 0.00234375 0.021875
2 0.2 0.02109375 0.0046875 0.03046875
20 0.646875 0.2609375 0.00390625 0.0125
20 0.58515625 0.22890625 0.00625 0.021875
16 0.4765625 0.1703125 0.00390625 0.0234375
16 0.30703125 0.08125 0.00625 0.01796875
16 0.9921875 0.4484375 0.00390625 0.01953125
16 0.47265625 0.17109375 0.003125 0.021875
20 0.15703125 0.01640625 0.015625 0.0328125
16 0.43671875 0.15234375 0.003125 0.01953125
20 0.41640625 0.14140625 0.00390625 0.01640625
16 0.44140625 0.15625 0.003125 0.01953125
9 0.678125 0.2828125 0.025 0.05625
16 0.45 0.1625 0.003125 0.01796875
20 0.2265625 0.04296875 0.01875 0.0796875
16 0.553125 0.221875 0.003125 0.01796875
16 0.57890625 0.23671875 0.003125 0.025
2 0.74140625 0.321875 0.0078125 0.05234375
2 0.46328125 0.1734375 0.003125 0.021875
2 0.2890625 0.08125 0.00390625 0.02890625
16 0.3546875 0.11484375 0.009375 0.01953125
16 0.29453125 0.0859375 0.00390625 0.0234375
16 0.5484375 0.22109375 0.003125 0.0234375
16 0.5921875 0.24453125 0.003125 0.01953125
9 0.5015625 0.19609375 0.02265625 0.08515625
16 0.284375 0.08046875 0.00546875 0.0234375
2 0.77109375 0.34296875 0.009375 0.05078125
16 0.9953125 0.46171875 0.00234375 0.021875
2 0.48125 0.1875 0.00390625 0.02890625
2 0.82890625 0.37578125 0.00703125 0.046875
20 0.428125 0.1609375 0.00390625 0.0140625
2 0.88828125 0.4078125 0.0078125 0.04296875
2 0.815625 0.3671875 0.02265625 0.07421875
16 0.421875 0.159375 0.003125 0.01953125
16 0.528125 0.21875 0.00625 0.0140625
2 0.87578125 0.403125 0.021875 0.0703125
2 0.84765625 0.39140625 0.02109375 0.06875
16 0.5984375 0.2578125 0.003125 0.021875
16 0.61171875 0.265625 0.003125 0.025
16 0.603125 0.26328125 0.00234375 0.025
16 0.60703125 0.2640625 0.00234375 0.02734375
16 0.69765625 0.3140625 0.00390625 0.025
16 0.70234375 0.31875 0.00234375 0.01640625
2 0.43828125 0.178125 0.00859375 0.0234375
16 0.98984375 0.4734375 0.00390625 0.0234375
20 0.61875 0.278125 0.00390625 0.01796875
16 0.625 0.28125 0.00546875 0.025
16 0.33046875 0.1234375 0.00390625 0.03046875
2 0.41328125 0.17265625 0.0046875 0.03046875
16 0.36640625 0.14765625 0.0046875 0.025
16 0.65703125 0.3046875 0.00234375 0.01796875
16 0.528125 0.2375 0.00234375 0.01953125
16 0.52421875 0.2359375 0.00390625 0.02734375
16 0.5328125 0.23984375 0.003125 0.021875
16 0.65234375 0.30703125 0.00234375 0.01796875
16 0.5375 0.24375 0.00390625 0.025
16 0.2609375 0.0984375 0.00390625 0.02734375
16 0.5421875 0.2484375 0.00390625 0.02734375
16 0.38046875 0.16171875 0.003125 0.0234375
16 0.9984375 0.49375 0.00234375 0.01953125
16 0.3890625 0.16640625 0.00390625 0.025
16 0.39375 0.17109375 0.003125 0.021875
2 0.47734375 0.2171875 0.00625 0.034375
2 0.47265625 0.21953125 0.00390625 0.02734375
16 0.6015625 0.2921875 0.00390625 0.021875
16 0.29375 0.1265625 0.00234375 0.021875
16 0.29921875 0.13203125 0.00390625 0.02890625
16 0.30390625 0.1359375 0.00390625 0.0234375
16 0.39921875 0.1875 0.003125 0.021875
16 0.61796875 0.3078125 0.0078125 0.01953125
16 0.3296875 0.1546875 0.00390625 0.01640625
2 0.5234375 0.259375 0.00625 0.0125
20 0.55390625 0.2765625 0.0046875 0.021875
16 0.36953125 0.17890625 0.00390625 0.025
16 0.54453125 0.27265625 0.0078125 0.0140625
16 0.67578125 0.3421875 0.0046875 0.02734375
2 0.68046875 0.346875 0.00390625 0.025
16 0.68515625 0.34921875 0.003125 0.02734375
2 0.66328125 0.340625 0.0046875 0.02734375
16 0.5640625 0.28671875 0.00390625 0.02890625
16 0.259375 0.1265625 0.00390625 0.0140625
20 0.53125 0.27265625 0.00546875 0.01796875
16 0.56015625 0.28671875 0.0046875 0.0328125
2 0.51640625 0.265625 0.003125 0.021875
2 0.7828125 0.40859375 0.00546875 0.02734375
16 0.778125 0.40703125 0.00234375 0.01640625
16 0.50546875 0.26015625 0.00390625 0.02890625
16 0.51171875 0.26640625 0.00234375 0.0234375
16 0.79140625 0.41640625 0.003125 0.0234375
16 0.78671875 0.4125 0.00390625 0.0234375
16 0.94140625 0.49765625 0.00390625 0.01953125
16 0.93671875 0.4953125 0.00390625 0.0234375
16 0.928125 0.49296875 0.0046875 0.021875
16 0.5234375 0.275 0.00625 0.0125
2 0.93359375 0.4953125 0.00390625 0.02734375
16 0.9953125 0.53046875 0.00390625 0.025
16 0.9984375 0.5328125 0.00234375 0.021875
16 0.29375 0.15625 0.00390625 0.01953125
16 0.728125 0.40234375 0.00625 0.04296875
16 0.84609375 0.46953125 0.003125 0.01796875
16 0.8 0.4453125 0.0078125 0.0453125
16 0.840625 0.46875 0.00390625 0.0234375
16 0.878125 0.4875 0.0078125 0.03984375
16 0.95 0.5296875 0.0078125 0.0484375
2 0.38125 0.23125 0.00625 0.0328125
16 0.38671875 0.2375 0.003125 0.01953125
16 0.3578125 0.22109375 0.00390625 0.01953125
2 0.48984375 0.2921875 0.00546875 0.021875
2 0.47421875 0.28359375 0.00390625 0.02890625
16 0.52421875 0.309375 0.00390625 0.034375
2 0.5453125 0.3234375 0.0046875 0.02890625
16 0.4953125 0.29765625 0.0046875 0.021875
2 0.6421875 0.37734375 0.00625 0.0328125
2 0.5296875 0.31796875 0.00546875 0.02890625
2 0.36328125 0.22734375 0.00625 0.0328125
16 0.6359375 0.3734375 0.00390625 0.02890625
2 0.65859375 0.3875 0.0078125 0.03828125
2 0.7265625 0.44609375 0.00390625 0.02890625
20 0.75234375 0.46015625 0.0140625 0.0578125
20 0.9046875 0.54296875 0.01484375 0.06484375
2 0.309375 0.225 0.003125 0.02734375
16 0.3140625 0.22890625 0.00390625 0.025
2 0.796875 0.4875 0.003125 0.021875
16 0.31875 0.2328125 0.00390625 0.021875
20 0.54453125 0.35390625 0.003125 0.0140625
2 0.94765625 0.5703125 0.00390625 0.025
2 0.8765625 0.5328125 0.00546875 0.0328125
16 0.515625 0.34296875 0.00546875 0.0328125
20 0.825 0.509375 0.015625 0.071875
16 0.46953125 0.31953125 0.00625 0.0359375
20 0.97578125 0.59140625 0.01796875 0.06328125
16 0.35078125 0.25625 0.00625 0.03984375
16 0.6296875 0.40625 0.0078125 0.0359375
16 0.53515625 0.35625 0.009375 0.01953125
16 0.478125 0.3265625 0.0078125 0.0328125
16 0.40703125 0.28984375 0.00390625 0.02734375
16 0.43515625 0.30390625 0.00390625 0.0234375
2 0.43125 0.303125 0.0046875 0.021875
2 0.40234375 0.28671875 0.0046875 0.025
16 0.6484375 0.42109375 0.0078125 0.01640625
2 0.5703125 0.38125 0.00390625 0.02890625
2 0.60234375 0.39921875 0.00390625 0.02890625
16 0.57578125 0.38359375 0.0046875 0.02734375
16 0.60703125 0.40546875 0.00390625 0.03046875
16 0.36875 0.28046875 0.00859375 0.01640625
9 0.29296875 0.2484375 0.0140625 0.07421875
16 0.3078125 0.26015625 0.00546875 0.02890625
16 0.3125 0.27734375 0.00390625 0.0234375
16 0.3171875 0.2796875 0.00390625 0.025
2 0.03515625 0.14609375 0.0109375 0.05078125
2 0.025 0.140625 0.01015625 0.05390625
2 0.35390625 0.32421875 0.00390625 0.03046875
16 0.3421875 0.31640625 0.00390625 0.02734375
2 0.32734375 0.309375 0.00390625 0.02734375
2 0.33828125 0.3140625 0.0046875 0.02890625
16 0.3703125 0.3328125 0.003125 0.01953125
2 0.3734375 0.3359375 0.00390625 0.021875
2 0.36484375 0.33125 0.00390625 0.0234375
2 0.378125 0.33828125 0.00390625 0.02734375
16 0.40390625 0.35078125 0.00390625 0.0234375
2 0.46484375 0.38515625 0.003125 0.01953125
16 0.3890625 0.346875 0.00625 0.0328125
2 0.4125 0.359375 0.00390625 0.02890625
2 0.496875 0.403125 0.0046875 0.02734375
2 0.45859375 0.3828125 0.00390625 0.025
16 0.51015625 0.41171875 0.003125 0.025
2 0.44296875 0.37578125 0.0046875 0.02890625
2 0.48046875 0.396875 0.00390625 0.025
16 0.43671875 0.3734375 0.00546875 0.02890625
2 0.44765625 0.37890625 0.00390625 0.02890625
2 0.39765625 0.353125 0.00625 0.03046875
2 0.56640625 0.44296875 0.00703125 0.034375
2 0.43125 0.37109375 0.00625 0.02734375
16 0.571875 0.44609375 0.00390625 0.02890625
16 0.47578125 0.39375 0.003125 0.025
2 0.31015625 0.3046875 0.00390625 0.021875
16 0.45546875 0.38359375 0.00390625 0.02734375
2 0.5140625 0.4140625 0.00390625 0.02734375
16 0.53125 0.42421875 0.003125 0.025
16 0.31484375 0.31015625 0.003125 0.021875
2 0.5203125 0.41953125 0.00390625 0.0234375
16 0.42265625 0.3671875 0.00625 0.03046875
2 0.540625 0.43046875 0.003125 0.0234375
2 0.60390625 0.4640625 0.00546875 0.02890625
2 0.52578125 0.4234375 0.00390625 0.0234375
2 0.58046875 0.453125 0.00625 0.02890625
16 0.55703125 0.43984375 0.00703125 0.034375
16 0.60859375 0.46640625 0.00390625 0.02734375
2 0.5453125 0.43515625 0.00390625 0.02890625
2 0.53515625 0.4296875 0.00390625 0.02890625
2 0.57578125 0.45234375 0.003125 0.02734375
16 0.6234375 0.4765625 0.00390625 0.02890625
2 0.6328125 0.48203125 0.00390625 0.02890625
16 0.64375 0.48828125 0.00390625 0.03046875
2 0.61328125 0.47265625 0.00390625 0.02890625
2 0.6171875 0.475 0.00390625 0.02890625
2 0.63828125 0.4875 0.00390625 0.0359375
16 0.59453125 0.465625 0.0078125 0.0359375
2 0.62734375 0.48359375 0.0046875 0.0328125
2 0.64921875 0.49453125 0.00390625 0.02890625
2 0.9953125 0.68671875 0.00546875 0.0453125
16 0.6015625 0.09453125 0.00625 0.01640625
16 0.6 0.10859375 0.00625 0.0140625
16 0.67265625 0.14921875 0.00390625 0.02734375
20 0.6609375 0.14375 0.00390625 0.0234375