16 0.040625 0.70234375 0.01015625 0.00859375
20 0.80546875 0.50625 0.01953125 0.025
20 0.8921875 0.48515625 0.01796875 0.025
16 0.821875 0.50625 0.009375 0.0078125
16 0.73359375 0.53125 0.009375 0.0078125
16 0.04296875 0.7109375 0.01015625 0.00859375
16 0.8234375 0.5140625 0.009375 0.0078125
16 0.73515625 0.5390625 0.0109375 0.009375
16 0.04453125 0.71953125 0.01015625 0.00859375
2 0.96484375 0.4796875 0.009375 0.01796875
20 0.0328125 0.7234375 0.01328125 0.02265625
2 0.984375 0.4765625 0.02421875 0.01953125
16 0.825 0.52265625 0.00859375 0.0078125
16 0.04609375 0.728125 0.01015625 0.009375
20 0.809375 0.53046875 0.01796875 0.0265625
20 0.88125 0.5125 0.01953125 0.02578125
20 0.896875 0.509375 0.0203125 0.02734375
16 0.71953125 0.5578125 0.0125 0.01015625
16 0.828125 0.53046875 0.009375 0.00703125
2 0.04765625 0.7359375 0.0125 0.01171875
20 0.03671875 0.7453125 0.0140625 0.02265625
16 0.70703125 0.5703125 0.01015625 0.0078125
16 0.05 0.7453125 0.0109375 0.0109375
16 0.709375 0.5796875 0.01015625 0.0078125
16 0.05 0.75390625 0.009375 0.00859375
16 0.7109375 0.5875 0.01015625 0.00859375
16 0.053125 0.7625 0.0078125 0.0078125
20 0.04140625 0.7671875 0.01484375 0.02265625
16 0.7125 0.59609375 0.009375 0.0078125
16 0.05390625 0.77109375 0.009375 0.009375
16 0.05625 0.78125 0.00703125 0.0078125
20 0.04375 0.78828125 0.0125 0.01875
16 0.0578125 0.7890625 0.0109375 0.01015625
16 0.0609375 0.80234375 0.0109375 0.01015625
20 0.0484375 0.81171875 0.0140625 0.02109375
2 0.0609375 0.81171875 0.01171875 0.01171875
16 0.05703125 0.82890625 0.009375 0.01015625
2 0.65703125 0.675 0.00859375 0.015625
2 0.6640625 0.6734375 0.00859375 0.01796875
16 0.6765625 0.6796875 0.0109375 0.009375
2 0.69296875 0.675 0.0109375 0.0078125
2 0.69375 0.6828125 0.0109375 0.00859375
16 0.678125 0.68828125 0.01171875 0.009375
2 0.5625 0.721875 0.0078125 0.01484375
16 0.6796875 0.69609375 0.01171875 0.009375
2 0.69609375 0.6921875 0.0109375 0.00859375
16 0.68046875 0.7046875 0.009375 0.0078125
2 0.69765625 0.7 0.0109375 0.01015625
2 0.69921875 0.709375 0.009375 0.00859375
2 0.68359375 0.71328125 0.01015625 0.0078125
16 0.68515625 0.72265625 0.0109375 0.00859375
2 0.70078125 0.71796875 0.01015625 0.0078125
2 0.70234375 0.7265625 0.01015625 0.00703125
16 0.6859375 0.73125 0.01015625 0.00859375
9 0.62734375 0.746875 0.096875 0.12109375
2 0.70390625 0.734375 0.0109375 0.009375
16 0.68828125 0.73984375 0.0109375 0.01015625
2 0.7046875 0.74375 0.01015625 0.00859375
16 0.68984375 0.7484375 0.0109375 0.01015625
2 0.70703125 0.75234375 0.009375 0.00703125
16 0.69140625 0.7578125 0.0109375 0.009375
2 0.7078125 0.7609375 0.00859375 0.00703125
16 0.69296875 0.765625 0.01171875 0.0109375
16 0.58984375 0.80078125 0.0125 0.009375
2 0.709375 0.76953125 0.009375 0.00703125
16 0.69453125 0.77421875 0.0125 0.009375
16 0.69609375 0.78125 0.0109375 0.01015625
2 0.71171875 0.778125 0.009375 0.0078125
16 0.6984375 0.790625 0.0125 0.0125
2 0.71328125 0.78671875 0.01171875 0.00859375
16 0.67421875 0.80234375 0.01484375 0.0109375
16 0.63828125 0.8125 0.0109375 0.01015625
16 0.65703125 0.8078125 0.01171875 0.01015625
16 0.58984375 0.82578125 0.0109375 0.0109375
16 0.62265625 0.81796875 0.01171875 0.01015625
16 0.60390625 0.82265625 0.009375 0.00859375
2 0.71484375 0.7953125 0.0109375 0.0078125
16 0.69921875 0.8 0.0125 0.01015625
2 0.71640625 0.803125 0.009375 0.0078125
16 0.70078125 0.8078125 0.01328125 0.0109375
2 0.6703125 0.8171875 0.009375 0.0171875
2 0.640625 0.825 0.009375 0.015625
2 0.659375 0.8203125 0.0109375 0.0171875
2 0.625 0.83046875 0.01171875 0.015625
2 0.60703125 0.83515625 0.01171875 0.01640625
2 0.59296875 0.840625 0.0109375 0.0171875
2 0.71796875 0.81171875 0.0125 0.0078125
16 0.703125 0.81640625 0.0125 0.01015625
2 0.0765625 0.98984375 0.00625 0.00703125
2 0.70625 0.8296875 0.009375 0.015625
2 0.69296875 0.834375 0.0078125 0.0140625
2 0.6578125 0.8453125 0.0109375 0.01875
2 0.67734375 0.83984375 0.009375 0.01640625
16 0.07734375 0.99609375 0.00625 0.00625
2 0.66875 0.84296875 0.01015625 0.0171875
2 0.66328125 0.859375 0.01171875 0.01015625
20 0.5890625 0.88046875 0.015625 0.025
16 0.6671875 0.878125 0.0109375 0.0078125
16 0.66875 0.88671875 0.0125 0.01015625
9 0.7 0.87890625 0.059375 0.07265625
2 0.734375 0.88671875 0.0109375 0.009375
2 0.6734375 0.91015625 0.01484375 0.0109375
2 0.73671875 0.89453125 0.01171875 0.009375
9 0.44609375 0.97734375 0.0546875 0.04375
2 0.559375 0.9875 0.00625 0.0140625
20 0.68671875 0.02421875 0.01796875 0.02265625
2 0.25546875 0.16171875 0.0078125 0.01484375
2 0.2640625 0.1609375 0.009375 0.01640625
2 0.27265625 0.159375 0.00859375 0.01484375
2 0.52890625 0.0984375 0.0125 0.01015625
20 0.69375 0.0578125 0.01796875 0.02578125
2 0.53046875 0.1078125 0.01328125 0.0109375
20 0.6328125 0.10546875 0.0140625 0.0265625
20 0.7453125 0.0765625 0.01796875 0.02109375
20 0.76875 0.0703125 0.0234375 0.01875
20 0.646875 0.10234375 0.01875 0.025
20 0.590625 0.1171875 0.01875 0.0265625
20 0.6140625 0.11171875 0.02265625 0.02734375
20 0.70234375 0.0890625 0.01953125 0.02265625
20 0.72421875 0.0828125 0.02265625 0.0171875
2 0.84609375 0.07421875 0.00859375 0.0140625
2 0.84921875 0.090625 0.00859375 0.01484375
2 0.8515625 0.109375 0.0078125 0.01484375
9 0.3546875 0.24609375 0.1359375 0.13984375
2 0.85546875 0.1265625 0.00625 0.01171875
9 0.48046875 0.325 0.06328125 0.11015625
16 0.00234375 0.47734375 0.0046875 0.009375
16 0.00234375 0.48515625 0.0046875 0.0078125
16 0.00390625 0.49375 0.0078125 0.00859375
16 0.00390625 0.503125 0.0078125 0.009375
9 0.3890625 0.409375 0.134375 0.16328125
20 0.00859375 0.5203125 0.01640625 0.02578125
16 0.70703125 0.37578125 0.01015625 0.00859375
20 0.7921875 0.35390625 0.01796875 0.025
16 0.6125 0.40234375 0.00625 0.01171875
16 0.60625 0.4046875 0.00625 0.01171875
16 0.6203125 0.40078125 0.0078125 0.01328125
16 0.5921875 0.4078125 0.00703125 0.01171875
16 0.58515625 0.4109375 0.00703125 0.0125
16 0.578125 0.4125 0.00625 0.01171875
16 0.5640625 0.4171875 0.00625 0.01171875
16 0.6 0.4078125 0.00625 0.01171875
16 0.57109375 0.41484375 0.00703125 0.0125
16 0.70859375 0.38515625 0.0109375 0.009375
9 0.01953125 0.56875 0.03828125 0.08046875
16 0.6328125 0.4140625 0.0078125 0.01328125
16 0.6390625 0.4125 0.0078125 0.01328125
16 0.71015625 0.396875 0.009375 0.0078125
16 0.7125 0.40625 0.01015625 0.00859375
16 0.640625 0.43203125 0.0109375 0.009375
2 0.9515625 0.35703125 0.0078125 0.01484375
16 0.71484375 0.41875 0.009375 0.009375
16 0.64296875 0.440625 0.01015625 0.00859375
16 0.715625 0.42734375 0.009375 0.009375
16 0.0125 0.61328125 0.00859375 0.009375
16 0.6453125 0.4484375 0.0125 0.01015625
16 0.02890625 0.6171875 0.009375 0.00625
16 0.01328125 0.621875 0.0078125 0.0078125
2 0.95546875 0.3765625 0.0078125 0.01484375
16 0.646875 0.4578125 0.0109375 0.01171875
2 0.9484375 0.38046875 0.0078125 0.0125
16 0.71796875 0.440625 0.00859375 0.0078125
16 0.03046875 0.625 0.009375 0.009375
16 0.01640625 0.63203125 0.01015625 0.01015625
16 0.646875 0.4671875 0.0109375 0.01015625
16 0.7203125 0.44921875 0.0078125 0.00625
20 0.88515625 0.4140625 0.01796875 0.025
16 0.6484375 0.4765625 0.0109375 0.0078125
20 0.8703125 0.41953125 0.01796875 0.021875
2 0.9640625 0.39765625 0.00703125 0.01484375
16 0.65 0.48359375 0.0109375 0.009375
16 0.721875 0.46640625 0.00703125 0.0078125
16 0.6515625 0.49296875 0.01171875 0.01015625
16 0.72421875 0.475 0.009375 0.009375
16 0.72578125 0.4890625 0.00859375 0.00703125
16 0.64375 0.51171875 0.0125 0.01015625
16 0.81640625 0.46796875 0.009375 0.00703125
16 0.728125 0.496875 0.0078125 0.00703125
16 0.6453125 0.5203125 0.01171875 0.01171875
16 0.81640625 0.4765625 0.00859375 0.00859375
20 0.8890625 0.46171875 0.0234375 0.01875
16 0.578125 0.54375 0.00859375 0.0140625
16 0.59375 0.53984375 0.0078125 0.0140625
16 0.62109375 0.5328125 0.00859375 0.01484375
16 0.6 0.5390625 0.0078125 0.01328125
16 0.57109375 0.54609375 0.00859375 0.0140625
16 0.60703125 0.53671875 0.009375 0.0140625
16 0.58671875 0.5421875 0.009375 0.01484375
16 0.61484375 0.53515625 0.00859375 0.015625
16 0.81796875 0.48515625 0.009375 0.00703125
16 0.7296875 0.5109375 0.009375 0.00703125
16 0.73125 0.51796875 0.009375 0.0078125
20 0.02890625 0.7015625 0.0125 0.02265625
16 0.82109375 0.4953125 0.009375 0.009375