15 0.64765625 0.1109375 0.00390625 0.0234375
20 0.653125 0.1125 0.003125 0.015625
1 0.35390625 0.1125 0.00390625 0.02109375
15 0.34921875 0.11328125 0.003125 0.02265625
15 0.659375 0.11328125 0.00390625 0.0234375
15 0.36328125 0.11328125 0.003125 0.0203125
15 0.6375 0.11328125 0.00234375 0.01640625
20 0.31953125 0.11328125 0.0171875 0.05
15 0.35859375 0.11484375 0.003125 0.0203125
15 0.34296875 0.11484375 0.00703125 0.0109375
15 0.5578125 0.11640625 0.003125 0.02421875
15 0.5625 0.11953125 0.0015625 0.0234375
1 0.3875 0.125 0.00390625 0.021875
15 0.3796875 0.125 0.0015625 0.01796875
15 0.38359375 0.12578125 0.00234375 0.01875
15 0.34375 0.12890625 0.00625 0.0078125
20 0.63984375 0.13515625 0.003125 0.01015625
15 0.65625 0.1359375 0.003125 0.0203125
15 0.40546875 0.1375 0.00234375 0.021875
15 0.65078125 0.13828125 0.003125 0.02109375
15 0.37578125 0.13828125 0.00234375 0.0203125
15 0.40078125 0.13828125 0.0015625 0.02265625
15 0.4203125 0.1390625 0.003125 0.02265625
1 0.5421875 0.13828125 0.00390625 0.02578125
15 0.646875 0.13828125 0.003125 0.02578125
1 0.41640625 0.13984375 0.0015625 0.02265625
1 0.52890625 0.1421875 0.00546875 0.0109375
15 0.57109375 0.1421875 0.003125 0.01796875
15 0.66015625 0.1421875 0.00234375 0.02265625
15 0.56796875 0.14296875 0.00234375 0.0171875
15 0.56328125 0.14375 0.003125 0.01484375
1 0.35 0.146875 0.003125 0.0203125
15 0.3453125 0.146875 0.00234375 0.01953125
15 0.34140625 0.14765625 0.00234375 0.021875
15 0.3875 0.146875 0.00234375 0.015625
1 0.07421875 0.15 0.00234375 0.02265625
1 0.29296875 0.15 0.009375 0.01484375
15 0.0703125 0.15 0.00234375 0.02421875
15 0.078125 0.15 0.00234375 0.02421875
15 0.67109375 0.15 0.00234375 0.02109375
15 0.0828125 0.15078125 0.00390625 0.0265625
15 0.3953125 0.15078125 0.00234375 0.015625
15 0.1359375 0.1515625 0.00390625 0.02578125
15 0.9578125 0.1515625 0.0046875 0.02265625
15 0.13046875 0.15078125 0.0046875 0.02734375
15 0.2015625 0.15234375 0.003125 0.0234375
1 0.19296875 0.153125 0.003125 0.02265625
15 0.19765625 0.153125 0.003125 0.02109375
15 0.1890625 0.15390625 0.003125 0.0234375
20 0.4109375 0.1546875 0.0046875 0.01015625
1 0.06484375 0.15703125 0.003125 0.03515625
15 0.6390625 0.16015625 0.00234375 0.02265625
15 0.65625 0.16015625 0.0015625 0.01484375
15 0.64375 0.1609375 0.00234375 0.01953125
15 0.53359375 0.1609375 0.00234375 0.01484375
15 0.94453125 0.1625 0.003125 0.02421875
15 0.528125 0.16171875 0.00234375 0.0171875
15 0.37578125 0.1625 0.00234375 0.01796875
15 0.41796875 0.1625 0.00703125 0.01484375
15 0.653125 0.1625 0.003125 0.01796875
15 0.38359375 0.1640625 0.00234375 0.01640625
20 0.6234375 0.1640625 0.00390625 0.0125
15 0.6640625 0.16484375 0.00546875 0.0078125
15 0.3796875 0.165625 0.00234375 0.021875
15 0.63046875 0.16796875 0.00234375 0.0234375
1 0.3078125 0.16875 0.0109375 0.021875
15 0.63671875 0.16953125 0.00390625 0.021875
15 0.2515625 0.17265625 0.00390625 0.0234375
15 0.2484375 0.1734375 0.00234375 0.02578125
9 0.36171875 0.17421875 0.00703125 0.07109375
15 0.090625 0.17421875 0.00546875 0.04375
1 0.8046875 0.175 0.00546875 0.0109375
15 0.39140625 0.17421875 0.003125 0.01796875
15 0.14375 0.175 0.00625 0.0453125
15 0.3875 0.17578125 0.00234375 0.02109375
15 0.1328125 0.1765625 0.01328125 0.015625
15 0.209375 0.17578125 0.00546875 0.0390625
15 0.675 0.17734375 0.0015625 0.015625
15 0.9578125 0.17734375 0.00234375 0.01640625
15 0.6515625 0.17734375 0.0046875 0.01171875
15 0.3953125 0.17734375 0.00234375 0.02109375
15 0.4015625 0.178125 0.00234375 0.01953125
15 0.6640625 0.18203125 0.00546875 0.0125
15 0.41015625 0.184375 0.003125 0.0234375
15 0.41484375 0.184375 0.003125 0.01953125
1 0.5171875 0.18515625 0.003125 0.0234375
15 0.46171875 0.18515625 0.00234375 0.0171875
15 0.471875 0.18671875 0.00390625 0.0234375
15 0.46484375 0.18671875 0.00234375 0.01953125
15 0.525 0.18671875 0.0015625 0.0171875
15 0.6796875 0.1875 0.003125 0.02265625
1 0.3796875 0.18828125 0.00234375 0.015625
15 0.521875 0.1875 0.003125 0.021875
15 0.9515625 0.18828125 0.003125 0.02109375
15 0.63125 0.1890625 0.003125 0.0140625
15 0.62734375 0.1890625 0.00234375 0.0140625
15 0.534375 0.1921875 0.003125 0.028125
15 0.4296875 0.19296875 0.0015625 0.0203125
15 0.4328125 0.19296875 0.00234375 0.01953125
15 0.43671875 0.19453125 0.0015625 0.01875
15 0.440625 0.1953125 0.003125 0.0171875
9 0.278125 0.196875 0.00625 0.0328125
20 0.58046875 0.19609375 0.003125 0.015625
15 0.58671875 0.19765625 0.00390625 0.0203125
15 0.60390625 0.1984375 0.00234375 0.021875
15 0.5296875 0.1984375 0.00234375 0.02265625
15 0.6 0.19921875 0.0015625 0.0234375
15 0.45390625 0.2 0.003125 0.01953125
15 0.57265625 0.19921875 0.003125 0.021875
15 0.53984375 0.2015625 0.00234375 0.0234375
15 0.59140625 0.2015625 0.00234375 0.028125
15 0.5953125 0.2015625 0.00234375 0.02890625
15 0.3078125 0.2015625 0.00546875 0.0109375
15 0.33203125 0.20390625 0.003125 0.0265625
15 0.02578125 0.20390625 0.00625 0.04375
15 0.5125 0.20546875 0.00234375 0.02109375
15 0.32734375 0.20703125 0.003125 0.02421875
15 0.95859375 0.20703125 0.00078125 0.01640625
15 0.41484375 0.2078125 0.00234375 0.021875
15 0.5171875 0.2109375 0.003125 0.01875
15 0.45703125 0.2109375 0.003125 0.01875
15 0.671875 0.2109375 0.00234375 0.02109375
15 0.67890625 0.21171875 0.003125 0.0234375
15 0.44921875 0.2125 0.0015625 0.02265625
1 0.14375 0.21328125 0.00390625 0.02578125
15 0.98203125 0.2125 0.00234375 0.01875
15 0.9625 0.21328125 0.00234375 0.02265625
1 0.090625 0.21328125 0.00390625 0.0234375
1 0.3796875 0.2140625 0.0015625 0.01875
15 0.96796875 0.21328125 0.00234375 0.0203125
15 0.634375 0.21484375 0.00234375 0.02109375
15 0.63046875 0.21484375 0.0015625 0.0203125
1 0.20859375 0.21484375 0.00390625 0.028125
20 0.6234375 0.21640625 0.00390625 0.0109375
20 0.56640625 0.2171875 0.0046875 0.01796875
15 0.46484375 0.2171875 0.00234375 0.02109375
15 0.30859375 0.2171875 0.00546875 0.01328125
15 0.94375 0.2171875 0.003125 0.0171875
20 0.11640625 0.21796875 0.015625 0.065625
15 0.46171875 0.21796875 0.00234375 0.02109375
20 0.16875 0.21875 0.0125 0.05234375
15 0.42890625 0.21953125 0.00234375 0.01953125
20 0.409375 0.21953125 0.003125 0.01484375
20 0.05 0.22109375 0.01640625 0.0671875
15 0.4328125 0.2203125 0.00234375 0.01953125
9 0.65234375 0.22109375 0.021875 0.03984375
15 0.440625 0.221875 0.00234375 0.015625
20 0.234375 0.221875 0.0140625 0.06640625
15 0.5359375 0.22578125 0.00234375 0.01640625
15 0.5609375 0.225 0.00234375 0.02421875
1 0.71171875 0.225 0.00546875 0.04765625
1 0.453125 0.22578125 0.00234375 0.02109375
1 0.2921875 0.22578125 0.003125 0.02578125
15 0.35234375 0.22578125 0.00859375 0.01328125
15 0.29765625 0.2265625 0.00234375 0.0203125
15 0.53203125 0.22734375 0.00234375 0.021875
15 0.57265625 0.2265625 0.00234375 0.01875
9 0.4890625 0.22734375 0.01796875 0.0703125
15 0.28828125 0.22734375 0.0046875 0.02109375
1 0.7390625 0.228125 0.00703125 0.04296875
15 0.94765625 0.22890625 0.0015625 0.02109375
1 0.4703125 0.22890625 0.00234375 0.025
1 0.79375 0.2296875 0.0046875 0.04296875
20 0.42109375 0.2296875 0.00390625 0.0125
1 0.8484375 0.23125 0.00546875 0.03828125
1 0.78046875 0.23046875 0.01875 0.05859375
15 0.415625 0.23203125 0.00234375 0.01875
15 0.5140625 0.2328125 0.00546875 0.0109375
1 0.8359375 0.234375 0.01796875 0.05703125
15 0.97421875 0.2359375 0.00859375 0.0140625
1 0.81015625 0.23671875 0.0171875 0.0546875
15 0.5796875 0.2375 0.00234375 0.02109375
15 0.59140625 0.2375 0.00234375 0.0234375
15 0.58359375 0.23828125 0.0015625 0.0234375
15 0.5875 0.23828125 0.0015625 0.025
15 0.671875 0.2390625 0.003125 0.021875
15 0.9828125 0.23984375 0.003125 0.01953125
15 0.67578125 0.23984375 0.0015625 0.01484375
1 0.43125 0.24140625 0.00703125 0.01875
15 0.94296875 0.24140625 0.003125 0.0203125
15 0.96484375 0.2421875 0.00234375 0.03125
20 0.59921875 0.24296875 0.00390625 0.015625
15 0.6046875 0.24453125 0.00390625 0.021875
1 0.025 0.24453125 0.00390625 0.0265625
15 0.33125 0.2453125 0.00234375 0.0265625
1 0.40859375 0.2484375 0.00390625 0.028125
15 0.36484375 0.25 0.00390625 0.02265625
15 0.634375 0.25078125 0.00234375 0.01640625
15 0.51484375 0.2515625 0.0015625 0.01953125
15 0.5109375 0.2515625 0.003125 0.02421875
15 0.51953125 0.25234375 0.00234375 0.0203125
15 0.63046875 0.253125 0.0015625 0.01640625
15 0.5234375 0.253125 0.00234375 0.02265625
15 0.2671875 0.2546875 0.00234375 0.0234375
15 0.528125 0.25546875 0.00234375 0.0234375
15 0.378125 0.25625 0.00234375 0.021875
15 0.95234375 0.25546875 0.0015625 0.0171875
15 0.38671875 0.25625 0.003125 0.021875
15 0.390625 0.25703125 0.00234375 0.02109375
15 0.95546875 0.25703125 0.00234375 0.015625
1 0.46875 0.25859375 0.0046875 0.0296875
15 0.975 0.2609375 0.003125 0.01796875
1 0.4640625 0.26171875 0.003125 0.025
15 0.58359375 0.26484375 0.00234375 0.01796875
15 0.2984375 0.26484375 0.0015625 0.02109375
15 0.303125 0.26640625 0.003125 0.02578125
15 0.30703125 0.26796875 0.00234375 0.0203125
15 0.39609375 0.26953125 0.00234375 0.02109375
15 0.59921875 0.271875 0.00703125 0.01640625
15 0.33203125 0.2734375 0.003125 0.0140625
1 0.5109375 0.27421875 0.00546875 0.01015625
20 0.53984375 0.27421875 0.003125 0.01875
15 0.36875 0.275 0.003125 0.021875
15 0.53125 0.275 0.00625 0.01171875
15 0.65234375 0.27578125 0.003125 0.02421875
1 0.6578125 0.27578125 0.003125 0.021875
15 0.66171875 0.2765625 0.00234375 0.025
1 0.64140625 0.27734375 0.00390625 0.02421875
15 0.54921875 0.278125 0.00234375 0.0265625
15 0.26640625 0.28046875 0.003125 0.01171875
20 0.51875 0.28125 0.0046875 0.01484375
15 0.5453125 0.28125 0.003125 0.0296875
1 0.50546875 0.28359375 0.00234375 0.02109375
1 0.75234375 0.28359375 0.00390625 0.02421875
15 0.7484375 0.284375 0.00234375 0.01484375
15 0.4953125 0.284375 0.00234375 0.02578125
15 0.5015625 0.284375 0.0015625 0.021875
15 0.76015625 0.28515625 0.00234375 0.021875
15 0.75625 0.28515625 0.00234375 0.02109375
15 0.9 0.28671875 0.003125 0.01796875
15 0.8953125 0.2875 0.003125 0.02109375
15 0.8875 0.2875 0.00390625 0.01953125
15 0.51171875 0.2875 0.00546875 0.009375
1 0.8921875 0.2890625 0.003125 0.0234375
15 0.94921875 0.28984375 0.003125 0.021875
15 0.95390625 0.28984375 0.00234375 0.0171875
15 0.3 0.2921875 0.00390625 0.0171875
15 0.96484375 0.2953125 0.00234375 0.034375
15 0.96953125 0.2984375 0.003125 0.028125
15 0.97421875 0.30078125 0.0015625 0.01953125
15 0.703125 0.30625 0.00390625 0.0390625
15 0.8125 0.30625 0.00234375 0.01640625
15 0.76953125 0.3078125 0.00625 0.03828125
15 0.8078125 0.3078125 0.00234375 0.0203125
15 0.8421875 0.30859375 0.00546875 0.0359375
15 0.909375 0.31171875 0.00546875 0.04375
1 0.38203125 0.31640625 0.00390625 0.028125
15 0.38671875 0.31953125 0.00234375 0.01875
15 0.36015625 0.3203125 0.00234375 0.01796875
1 0.4828125 0.31953125 0.00390625 0.01953125
1 0.46875 0.3203125 0.003125 0.02578125
15 0.51484375 0.32109375 0.003125 0.03046875
1 0.534375 0.3203125 0.00390625 0.025
15 0.48828125 0.32265625 0.00390625 0.01875
1 0.62421875 0.32265625 0.0046875 0.0296875
1 0.51953125 0.32265625 0.00390625 0.025
1 0.365625 0.3234375 0.0046875 0.02890625
15 0.61796875 0.32265625 0.003125 0.02578125
1 0.6390625 0.325 0.00546875 0.034375
1 0.703125 0.34453125 0.003125 0.025
20 0.72734375 0.34609375 0.0109375 0.0484375
20 0.86796875 0.34609375 0.01171875 0.05546875
1 0.31640625 0.346875 0.00234375 0.025
15 0.32109375 0.34765625 0.003125 0.021875
1 0.76875 0.3484375 0.00234375 0.02109375
15 0.325 0.34921875 0.003125 0.01875
20 0.53515625 0.34921875 0.00234375 0.0125
1 0.909375 0.34921875 0.00234375 0.02265625
1 0.84296875 0.35 0.00390625 0.028125
15 0.5078125 0.35234375 0.003125 0.02890625
20 0.7953125 0.35234375 0.0125 0.0609375
15 0.46484375 0.35390625 0.00390625 0.03203125
20 0.934375 0.3546875 0.0140625 0.0515625
15 0.35546875 0.35390625 0.00390625 0.03515625
15 0.61484375 0.3546875 0.00546875 0.03203125
15 0.5265625 0.35546875 0.00859375 0.0140625
15 0.4734375 0.35625 0.00625 0.02734375
15 0.4078125 0.3578125 0.003125 0.0234375
15 0.43359375 0.3578125 0.003125 0.02109375
1 0.4296875 0.3578125 0.00390625 0.01875
1 0.403125 0.3578125 0.00390625 0.021875
15 0.63125 0.36015625 0.00703125 0.01328125
1 0.559375 0.3609375 0.003125 0.02578125
1 0.5890625 0.3609375 0.003125 0.025
15 0.56328125 0.3609375 0.003125 0.0234375
15 0.59375 0.36328125 0.003125 0.028125
15 0.37265625 0.3671875 0.0078125 0.01171875
9 0.303125 0.375 0.01015625 0.0625
15 0.31640625 0.37890625 0.00390625 0.02578125
15 0.321875 0.39140625 0.003125 0.02109375
15 0.32578125 0.39375 0.00234375 0.021875
1 0.065625 0.409375 0.0078125 0.04375
1 0.05625 0.40859375 0.00703125 0.046875
1 0.3609375 0.4140625 0.00234375 0.02890625
15 0.35 0.41484375 0.003125 0.0234375
1 0.33671875 0.41484375 0.003125 0.02421875
1 0.34609375 0.4140625 0.00390625 0.025
15 0.37578125 0.41484375 0.00234375 0.01640625
1 0.3796875 0.4140625 0.00234375 0.01953125
1 0.37109375 0.415625 0.003125 0.02109375
1 0.38359375 0.415625 0.00234375 0.02421875
15 0.40703125 0.41640625 0.003125 0.02109375
1 0.4640625 0.41640625 0.00234375 0.01875
15 0.39375 0.4171875 0.0046875 0.02890625
1 0.415625 0.4171875 0.003125 0.025
1 0.49375 0.4171875 0.003125 0.025
1 0.459375 0.41796875 0.003125 0.021875
15 0.50625 0.41796875 0.00234375 0.0234375
1 0.44453125 0.41796875 0.003125 0.025
1 0.478125 0.41796875 0.003125 0.021875
15 0.4375 0.41875 0.00390625 0.025
1 0.4484375 0.41875 0.00234375 0.02578125
1 0.4015625 0.41875 0.0046875 0.028125
1 0.5578125 0.41875 0.00546875 0.03046875
1 0.4328125 0.41875 0.0046875 0.02421875
15 0.56328125 0.41875 0.00234375 0.02578125
15 0.47421875 0.41875 0.00234375 0.0234375
1 0.32109375 0.41953125 0.00234375 0.01875
15 0.4546875 0.41875 0.003125 0.02421875
1 0.51015625 0.41875 0.003125 0.02421875
15 0.52578125 0.41875 0.00234375 0.02421875
15 0.325 0.41953125 0.00234375 0.02109375
1 0.515625 0.41953125 0.00234375 0.02109375
15 0.425 0.4203125 0.0046875 0.02734375
1 0.534375 0.4203125 0.00234375 0.02265625
1 0.59296875 0.42109375 0.00390625 0.02578125
1 0.5203125 0.4203125 0.003125 0.02109375
1 0.571875 0.42109375 0.0046875 0.0265625
15 0.55 0.42109375 0.00546875 0.0296875
15 0.59765625 0.42109375 0.00234375 0.02421875
1 0.5390625 0.421875 0.00234375 0.025
1 0.5296875 0.421875 0.00234375 0.02578125
1 0.5671875 0.421875 0.00234375 0.02578125
15 0.6109375 0.42265625 0.003125 0.02578125
1 0.6203125 0.42265625 0.003125 0.02578125
15 0.63046875 0.42265625 0.00234375 0.02734375
1 0.6015625 0.42265625 0.003125 0.02578125
1 0.60546875 0.4234375 0.00234375 0.025
1 0.625 0.42421875 0.00234375 0.0328125
15 0.58515625 0.42578125 0.00546875 0.0328125
1 0.615625 0.425 0.003125 0.028125
1 0.63515625 0.425 0.00234375 0.025
1 0.9578125 0.43125 0.00546875 0.0390625
1 0.9671875 0.43359375 0.00703125 0.03984375
1 0.30859375 0.065625 0.015625 0.0234375
15 0.575 0.0859375 0.0046875 0.0140625
1 0.10234375 0.09375 0.00625 0.04765625
1 0.13125 0.09453125 0.00546875 0.046875
1 0.17265625 0.0953125 0.0171875 0.0546875
1 0.11640625 0.0953125 0.0171875 0.0609375
1 0.15859375 0.09765625 0.00625 0.04375
1 0.14453125 0.0984375 0.01640625 0.0578125
1 0.21484375 0.0984375 0.00703125 0.04609375
1 0.27109375 0.1 0.00703125 0.04453125
15 0.575 0.1 0.00546875 0.0109375
15 0.6421875 0.1015625 0.003125 0.02421875
20 0.63125 0.10234375 0.003125 0.02109375