16 0.05234375 0.584375 0.00859375 0.00625
20 0.77109375 0.571875 0.015625 0.0203125
20 0.85234375 0.571875 0.0140625 0.0203125
16 0.7859375 0.575 0.00703125 0.00546875
16 0.70234375 0.5796875 0.00703125 0.00546875
16 0.05234375 0.59296875 0.00859375 0.00625
16 0.7859375 0.5828125 0.00859375 0.00546875
16 0.703125 0.58671875 0.00859375 0.00625
2 0.96953125 0.58125 0.0078125 0.00859375
16 0.053125 0.60078125 0.00859375 0.00625
2 0.91875 0.5828125 0.00625 0.01484375
2 0.9546875 0.5828125 0.00546875 0.0140625
20 0.03828125 0.60234375 0.01796875 0.01953125
2 0.93671875 0.5828125 0.0203125 0.0140625
16 0.7859375 0.590625 0.00703125 0.00546875
16 0.05390625 0.609375 0.00859375 0.00703125
20 0.77109375 0.59453125 0.0140625 0.02109375
20 0.83828125 0.59375 0.015625 0.0203125
20 0.853125 0.59375 0.015625 0.02265625
16 0.6859375 0.6 0.0109375 0.00703125
16 0.78828125 0.5984375 0.00859375 0.0046875
2 0.05390625 0.61640625 0.0109375 0.00859375
20 0.03828125 0.62265625 0.01796875 0.01796875
16 0.6734375 0.60859375 0.00859375 0.0046875
16 0.0546875 0.62578125 0.00859375 0.00859375
16 0.67421875 0.6171875 0.00859375 0.0046875
16 0.053125 0.6328125 0.00703125 0.00625
16 0.6734375 0.625 0.00859375 0.00625
16 0.0546875 0.6421875 0.00625 0.00625
20 0.0390625 0.64375 0.01796875 0.01796875
16 0.67421875 0.63359375 0.00859375 0.00546875
16 0.05390625 0.65 0.0078125 0.00703125
16 0.0546875 0.659375 0.00546875 0.00625
20 0.0390625 0.66328125 0.01640625 0.01484375
16 0.0546875 0.66640625 0.009375 0.00703125
16 0.05546875 0.6796875 0.00859375 0.00703125
20 0.040625 0.68515625 0.015625 0.0171875
2 0.05546875 0.6875 0.01015625 0.00859375
16 0.04921875 0.703125 0.0078125 0.0078125
2 0.6125 0.6921875 0.00625 0.01328125
2 0.61953125 0.69296875 0.00546875 0.01484375
16 0.6296875 0.70078125 0.00859375 0.00625
2 0.6453125 0.7 0.009375 0.0046875
2 0.64453125 0.7078125 0.01015625 0.00546875
16 0.6296875 0.70859375 0.01015625 0.00625
2 0.5203125 0.71484375 0.0046875 0.01171875
16 0.63046875 0.71640625 0.01015625 0.00625
2 0.6453125 0.71640625 0.009375 0.00546875
16 0.6296875 0.72421875 0.00859375 0.00546875
2 0.6453125 0.7234375 0.00859375 0.00703125
2 0.64609375 0.73203125 0.0078125 0.00625
2 0.63046875 0.73359375 0.00859375 0.0046875
16 0.63046875 0.740625 0.01015625 0.00546875
2 0.64609375 0.740625 0.00859375 0.0046875
2 0.6453125 0.7484375 0.00859375 0.00390625
16 0.63125 0.75 0.00859375 0.00625
9 0.57578125 0.7515625 0.0765625 0.09609375
2 0.64609375 0.75625 0.009375 0.00625
16 0.63203125 0.7578125 0.00859375 0.00703125
2 0.64609375 0.76484375 0.00859375 0.00546875
16 0.63203125 0.765625 0.00859375 0.00703125
2 0.646875 0.7734375 0.0078125 0.0046875
16 0.63203125 0.77421875 0.009375 0.00625
2 0.64609375 0.78125 0.00703125 0.0046875
16 0.63203125 0.78203125 0.01015625 0.0078125
16 0.534375 0.79140625 0.0109375 0.00625
2 0.646875 0.78984375 0.00859375 0.0046875
16 0.63203125 0.78984375 0.0109375 0.00625
16 0.6328125 0.796875 0.009375 0.00703125
2 0.646875 0.796875 0.00859375 0.00546875
16 0.63359375 0.80546875 0.01015625 0.009375
2 0.64765625 0.80546875 0.01015625 0.00546875
16 0.61015625 0.81171875 0.0125 0.00703125
16 0.57578125 0.8125 0.00859375 0.0078125
16 0.59375 0.8125 0.01015625 0.00703125
16 0.53046875 0.8140625 0.009375 0.0078125
16 0.5609375 0.8140625 0.01015625 0.00703125
16 0.54375 0.8140625 0.0078125 0.00625
2 0.64765625 0.81328125 0.009375 0.0046875
16 0.63359375 0.81484375 0.0109375 0.00703125
2 0.6484375 0.82109375 0.00859375 0.00546875
16 0.63359375 0.821875 0.01171875 0.00703125
2 0.6046875 0.82421875 0.00625 0.01484375
2 0.5765625 0.825 0.00625 0.01328125
2 0.59453125 0.825 0.0078125 0.0140625
2 0.56171875 0.8265625 0.00859375 0.0125
2 0.54453125 0.8265625 0.00859375 0.01328125
2 0.53125 0.828125 0.0078125 0.0140625
2 0.6484375 0.8296875 0.0109375 0.0046875
16 0.634375 0.8296875 0.0109375 0.00703125
2 0.04140625 0.8515625 0.009375 0.0046875
2 0.63515625 0.84375 0.00625 0.01328125
2 0.621875 0.84453125 0.00546875 0.01171875
2 0.5890625 0.846875 0.0078125 0.01484375
2 0.60703125 0.84609375 0.00625 0.0140625
16 0.040625 0.85859375 0.00859375 0.0046875
2 0.59921875 0.846875 0.00703125 0.01484375
2 0.04140625 0.86640625 0.009375 0.00546875
2 0.5921875 0.8609375 0.01015625 0.00703125
20 0.52109375 0.86328125 0.01171875 0.0203125
16 0.040625 0.87421875 0.00859375 0.00703125
2 0.0421875 0.884375 0.00859375 0.00546875
16 0.59296875 0.878125 0.01015625 0.0046875
16 0.0421875 0.89140625 0.0078125 0.0078125
16 0.59296875 0.8859375 0.01015625 0.00703125
9 0.62265625 0.88671875 0.046875 0.0578125
2 0.0421875 0.9 0.00859375 0.00390625
16 0.05859375 0.90078125 0.00859375 0.00625
16 0.059375 0.90859375 0.01171875 0.00703125
2 0.6515625 0.90078125 0.009375 0.00625
2 0.59375 0.90859375 0.0125 0.00703125
2 0.653125 0.9078125 0.01015625 0.00625
2 0.0984375 0.9390625 0.0125 0.00859375
9 0.3765625 0.93671875 0.04140625 0.0640625
2 0.09921875 0.94765625 0.009375 0.0078125
9 0.16015625 0.9484375 0.0421875 0.065625
9 0.06953125 0.9515625 0.0390625 0.06171875
2 0.09921875 0.95703125 0.01171875 0.00625
2 0.47890625 0.95390625 0.00390625 0.01171875
2 0.425 0.96015625 0.00625 0.01171875
2 0.46640625 0.9703125 0.0046875 0.01171875
2 0.4796875 0.9703125 0.00625 0.01171875
2 0.471875 0.97109375 0.0046875 0.0109375
2 0.09921875 0.97890625 0.01171875 0.00703125
2 0.50703125 0.971875 0.01015625 0.00703125
2 0.91328125 0.96640625 0.00703125 0.00703125
2 0.9015625 0.9671875 0.0109375 0.00703125
2 0.8890625 0.9671875 0.0109375 0.00703125
2 0.875 0.96796875 0.01015625 0.00703125
2 0.8640625 0.96796875 0.01171875 0.00703125
20 0.9328125 0.96875 0.015625 0.0203125
20 0.9546875 0.96953125 0.015625 0.0203125
2 0.06953125 0.99296875 0.00625 0.01328125
2 0.0890625 0.9921875 0.00703125 0.01328125
2 0.07734375 0.99296875 0.00703125 0.0125
2 0.91484375 0.97578125 0.01015625 0.00703125
2 0.18125 0.99296875 0.00546875 0.01328125
2 0.16328125 0.99296875 0.00546875 0.01171875
20 0.7328125 0.1109375 0.0140625 0.01796875
2 0.3234375 0.14296875 0.00546875 0.0125
2 0.33125 0.14453125 0.00625 0.0140625
2 0.33984375 0.14375 0.00625 0.0125
2 0.5796875 0.14453125 0.0109375 0.00703125
20 0.73359375 0.14296875 0.0140625 0.0203125
2 0.58046875 0.153125 0.01171875 0.0078125
20 0.671875 0.17265625 0.01015625 0.02265625
20 0.778125 0.17109375 0.0140625 0.01640625
20 0.80078125 0.17109375 0.01953125 0.01328125
20 0.6859375 0.1734375 0.01484375 0.0203125
20 0.6328125 0.17421875 0.0140625 0.02109375
20 0.6546875 0.175 0.01796875 0.021875
20 0.7375 0.17265625 0.01640625 0.01796875
20 0.75859375 0.17265625 0.01953125 0.01171875
2 0.86953125 0.190625 0.00625 0.01171875
2 0.8703125 0.20625 0.00625 0.0125
16 0.03984375 0.2359375 0.00859375 0.00625
2 0.86953125 0.2234375 0.0046875 0.01171875
16 0.040625 0.24453125 0.00859375 0.00546875
9 0.4015625 0.23984375 0.11171875 0.10546875
16 0.040625 0.253125 0.00859375 0.0046875
2 0.8703125 0.23984375 0.0046875 0.009375
9 0.50390625 0.3390625 0.04453125 0.09375
20 0.0296875 0.353125 0.015625 0.02109375
16 0.046875 0.37265625 0.00859375 0.00625
20 0.0296875 0.37421875 0.0140625 0.0203125
16 0.04765625 0.38046875 0.0078125 0.0046875
16 0.04765625 0.38828125 0.0078125 0.00546875
16 0.03046875 0.3890625 0.00703125 0.00390625
16 0.03203125 0.39765625 0.01015625 0.0046875
16 0.04765625 0.39765625 0.00703125 0.00546875
9 0.40859375 0.39453125 0.10625 0.1296875
20 0.03203125 0.4125 0.01640625 0.02265625
20 0.0484375 0.4140625 0.0140625 0.0203125
16 0.70078125 0.4328125 0.00859375 0.00546875
20 0.78046875 0.43203125 0.0140625 0.0203125
16 0.61171875 0.43671875 0.00390625 0.01015625
16 0.60546875 0.4375 0.00390625 0.01015625
16 0.61875 0.4375 0.0046875 0.0109375
16 0.5921875 0.4375 0.0046875 0.009375
16 0.58515625 0.43828125 0.0046875 0.01015625
16 0.57890625 0.43828125 0.0046875 0.01015625
16 0.56640625 0.4390625 0.00390625 0.01015625
16 0.59921875 0.43828125 0.0046875 0.01015625
16 0.57265625 0.4390625 0.0046875 0.01015625
16 0.70078125 0.44140625 0.009375 0.00625
9 0.04453125 0.459375 0.0390625 0.0671875
16 0.628125 0.4515625 0.0046875 0.0109375
16 0.634375 0.45078125 0.00546875 0.0109375
16 0.70078125 0.453125 0.00859375 0.00546875
16 0.70078125 0.46171875 0.00859375 0.00546875
16 0.6328125 0.4703125 0.009375 0.00625
2 0.92421875 0.46875 0.0046875 0.01171875
16 0.70234375 0.4734375 0.0078125 0.00703125
16 0.63359375 0.478125 0.00859375 0.00546875
16 0.7015625 0.48125 0.00703125 0.00703125
16 0.0390625 0.4984375 0.00859375 0.00625
16 0.634375 0.48515625 0.0109375 0.00703125
16 0.053125 0.50546875 0.0078125 0.00390625
16 0.0390625 0.50703125 0.00625 0.00625
2 0.925 0.4875 0.0046875 0.0125
16 0.63515625 0.49453125 0.00859375 0.009375
2 0.91796875 0.4890625 0.00546875 0.01015625
16 0.7015625 0.49453125 0.00703125 0.00546875
16 0.05390625 0.51328125 0.00703125 0.00703125
16 0.03984375 0.515625 0.009375 0.00703125
16 0.634375 0.50234375 0.009375 0.00703125
16 0.70234375 0.5015625 0.00703125 0.00390625
20 0.85625 0.50546875 0.0140625 0.0203125
16 0.63359375 0.51171875 0.009375 0.0046875
20 0.8421875 0.5078125 0.0140625 0.0171875
2 0.93046875 0.50859375 0.0046875 0.01328125
16 0.634375 0.51875 0.00859375 0.00625
16 0.70078125 0.51796875 0.00546875 0.00625
16 0.634375 0.5265625 0.01015625 0.00703125
16 0.70234375 0.5265625 0.00703125 0.00703125
16 0.7015625 0.5390625 0.00703125 0.0046875
16 0.62421875 0.5421875 0.0109375 0.00703125
16 0.7859375 0.53984375 0.0078125 0.0046875
16 0.70234375 0.546875 0.00703125 0.0046875
16 0.625 0.55 0.01015625 0.00859375
16 0.78515625 0.54765625 0.00703125 0.00625
20 0.853125 0.55 0.01953125 0.0125
16 0.5609375 0.55703125 0.00625 0.01171875
16 0.575 0.55625 0.00546875 0.01171875
16 0.60078125 0.55625 0.00625 0.0125
16 0.58125 0.55703125 0.0046875 0.0109375
16 0.55390625 0.5578125 0.00625 0.01171875
16 0.5875 0.55703125 0.00703125 0.01171875
16 0.56796875 0.5578125 0.00703125 0.01171875
16 0.59453125 0.5578125 0.00625 0.01328125
16 0.78515625 0.55546875 0.00859375 0.0046875
16 0.70234375 0.56015625 0.0078125 0.0046875
16 0.70234375 0.5671875 0.00703125 0.00546875
20 0.03671875 0.58125 0.01796875 0.01953125
16 0.7859375 0.565625 0.0078125 0.00703125