2 0.9484375 0.49921875 0.10234375 0.2046875
2 0.7015625 0.55625 0.05625 0.0828125
2 0.20234375 0.096875 0.0234375 0.06484375
2 0.2484375 0.090625 0.025 0.065625
2 0.37890625 0.70234375 0.05 0.0828125
2 0.69140625 0.64140625 0.05546875 0.07734375
2 0.27734375 0.08828125 0.021875 0.06015625
2 0.3265625 0.75234375 0.0359375 0.05546875
16 0.865625 0.646875 0.02578125 0.03828125
2 0.23359375 0.7859375 0.02890625 0.0484375
2 0.53671875 0.73515625 0.03125 0.11640625
2 0.61640625 0.73046875 0.05 0.07890625
2 0.39765625 0.775 0.05 0.07578125
16 0.66640625 0.73828125 0.0171875 0.0703125
2 0.71171875 0.73984375 0.03828125 0.046875
2 0.96015625 0.6921875 0.0796875 0.2046875
16 0.765625 0.73515625 0.02421875 0.04453125
16 0.5703125 0.7765625 0.0234375 0.0515625
16 0.82890625 0.73125 0.02734375 0.0453125
2 0.1 0.91171875 0.021875 0.0296875
2 0.19921875 0.94375 0.034375 0.0484375
16 0.59140625 0.0890625 0.02890625 0.021875
2 0.91015625 0.059375 0.0203125 0.02890625
16 0.09296875 0.265625 0.03359375 0.0265625
16 0.12578125 0.284375 0.03671875 0.02890625
2 0.20234375 0.48046875 0.03046875 0.0421875
2 0.325 0.47421875 0.0203125 0.0234375
2 0.22890625 0.50625 0.03125 0.04921875
2 0.64375 0.46953125 0.025 0.0546875