16 0.61015625 0.65390625 0.01484375 0.01171875
16 0.5953125 0.66015625 0.01484375 0.01640625
16 0.5078125 0.69453125 0.0171875 0.01875
2 0.490625 0.703125 0.01640625 0.0171875
2 0.34453125 0.75703125 0.0140625 0.021875
2 0.1546875 0.82890625 0.015625 0.01796875
2 0.709375 0.62734375 0.015625 0.01953125
2 0.61171875 0.66484375 0.0140625 0.01484375
2 0.2640625 0.79375 0.03828125 0.0546875
16 0.596875 0.671875 0.01484375 0.015625
2 0.3828125 0.75078125 0.0171875 0.0203125
16 0.51015625 0.7078125 0.01640625 0.01875
2 0.49375 0.715625 0.01484375 0.01484375
2 0.61484375 0.67421875 0.01484375 0.0140625
16 0.38515625 0.76171875 0.01875 0.01953125
2 0.3484375 0.77734375 0.0171875 0.02421875
2 0.49375 0.7265625 0.01953125 0.0203125
2 0.175 0.84609375 0.05625 0.0609375
2 0.615625 0.684375 0.01484375 0.0140625
16 0.51171875 0.7234375 0.01640625 0.01640625
16 0.38515625 0.77109375 0.0203125 0.021875
2 0.7328125 0.64765625 0.0203125 0.0203125
16 0.49609375 0.7375 0.0140625 0.0140625
2 0.71796875 0.6578125 0.0125 0.01484375
2 0.6171875 0.6953125 0.01328125 0.01484375
16 0.51328125 0.73515625 0.0140625 0.015625
2 0.61875 0.70546875 0.01328125 0.01484375
16 0.39375 0.78984375 0.01328125 0.02109375
2 0.48046875 0.7578125 0.0109375 0.01953125
2 0.4265625 0.778125 0.0109375 0.0203125
2 0.45703125 0.7671875 0.01171875 0.02109375
2 0.434375 0.77578125 0.0125 0.02265625
2 0.45078125 0.7703125 0.01328125 0.021875
16 0.47265625 0.76171875 0.01171875 0.02109375
2 0.41796875 0.78203125 0.01171875 0.021875
2 0.465625 0.7640625 0.01015625 0.01796875
16 0.4109375 0.784375 0.01171875 0.02109375
2 0.44140625 0.7734375 0.0125 0.02109375
2 0.34375 0.8140625 0.04140625 0.053125
2 0.2296875 0.86171875 0.05703125 0.090625
2 0.59921875 0.72734375 0.01796875 0.02109375
9 0.57265625 0.74296875 0.034375 0.05078125
2 0.4140625 0.80546875 0.01328125 0.0234375
2 0.646875 0.721875 0.01171875 0.02109375
2 0.4296875 0.8015625 0.01171875 0.01875
16 0.6921875 0.7046875 0.01328125 0.02421875
2 0.66328125 0.715625 0.0125 0.02265625
2 0.43828125 0.7984375 0.0140625 0.02109375
2 0.453125 0.7921875 0.01171875 0.02109375
2 0.63828125 0.72578125 0.01171875 0.02109375
2 0.66953125 0.7140625 0.0140625 0.02578125
2 0.725 0.69296875 0.0125 0.021875
2 0.44453125 0.796875 0.01328125 0.02109375
2 0.146875 0.90625 0.05625 0.059375
2 0.47890625 0.784375 0.0109375 0.01875
2 0.6546875 0.71953125 0.01171875 0.021875
2 0.39453125 0.815625 0.01328125 0.02109375
2 0.678125 0.71171875 0.0109375 0.02109375
2 0.6859375 0.70859375 0.01171875 0.02109375
2 0.46953125 0.7875 0.01328125 0.021875
2 0.70234375 0.703125 0.01328125 0.02265625
16 0.4609375 0.7921875 0.01171875 0.02109375
2 0.71171875 0.7015625 0.01796875 0.0265625
2 0.19453125 0.89609375 0.05703125 0.06953125
9 0.7421875 0.70078125 0.028125 0.04296875
9 0.31484375 0.8578125 0.03671875 0.05
16 0.72890625 0.7125 0.01328125 0.021875
16 0.64921875 0.74453125 0.0125 0.0234375
2 0.68046875 0.734375 0.01015625 0.0203125
2 0.65703125 0.74296875 0.009375 0.01875
16 0.6890625 0.73125 0.009375 0.01875
16 0.69765625 0.728125 0.01015625 0.01796875
16 0.67265625 0.7375 0.0109375 0.02265625
16 0.4265625 0.83359375 0.0109375 0.01796875
16 0.45078125 0.82578125 0.0109375 0.0203125
16 0.434375 0.83125 0.0109375 0.01953125
16 0.465625 0.8203125 0.01015625 0.0203125
16 0.45859375 0.82421875 0.01328125 0.02109375
16 0.4421875 0.8296875 0.009375 0.02109375
16 0.4828125 0.81640625 0.01171875 0.02109375
16 0.4734375 0.82109375 0.01328125 0.025
16 0.5875 0.7796875 0.0171875 0.01875
2 0.575 0.7921875 0.01484375 0.021875
16 0.33046875 0.88515625 0.021875 0.02109375
16 0.66171875 0.76484375 0.01328125 0.021875
16 0.69140625 0.7546875 0.01328125 0.021875
16 0.67578125 0.7609375 0.01640625 0.0234375
16 0.59296875 0.79921875 0.01640625 0.0171875
16 0.1578125 0.96171875 0.015625 0.0265625
16 0.13359375 0.971875 0.0171875 0.02734375
16 0.16875 0.95859375 0.01328125 0.02265625
16 0.2171875 0.93984375 0.01484375 0.028125
16 0.14375 0.96796875 0.01484375 0.03125
16 0.18359375 0.95390625 0.01484375 0.02421875
16 0.1953125 0.94921875 0.01640625 0.02734375
16 0.20859375 0.94453125 0.01484375 0.02578125
9 0.55703125 0.821875 0.0328125 0.06484375
16 0.2921875 0.92109375 0.015625 0.02890625
2 0.5796875 0.815625 0.01484375 0.02265625
4 0.02109375 0.23046875 0.0421875 0.0625
16 0.303125 0.91875 0.01484375 0.025
2 0.6734375 0.78515625 0.01015625 0.01875
16 0.39140625 0.8890625 0.009375 0.01875
16 0.4375 0.871875 0.01171875 0.02109375
16 0.65 0.79375 0.0140625 0.02421875
2 0.6796875 0.7828125 0.01015625 0.01875
16 0.4140625 0.88203125 0.01171875 0.02109375
16 0.428125 0.8765625 0.01015625 0.01953125
2 0.6953125 0.778125 0.01171875 0.02109375
16 0.39921875 0.8875 0.01015625 0.0234375
16 0.4203125 0.88046875 0.01015625 0.01953125
4 0.08359375 0.20390625 0.0953125 0.07890625
2 0.32578125 0.9171875 0.0390625 0.0625
2 0.5390625 0.8390625 0.01328125 0.02578125
2 0.1671875 0.98671875 0.025 0.025
2 0.19375 0.98125 0.02578125 0.0296875
2 0.14453125 0.9921875 0.02421875 0.0140625
2 0.21875 0.9734375 0.02734375 0.03359375
16 0.2640625 0.9578125 0.01640625 0.028125
16 0.5828125 0.83984375 0.01484375 0.02734375
16 0.6515625 0.815625 0.01171875 0.02265625
16 0.2734375 0.95546875 0.01328125 0.028125
16 0.6328125 0.82421875 0.0125 0.02578125
16 0.6234375 0.82734375 0.0140625 0.02421875
16 0.64140625 0.821875 0.01484375 0.028125
16 0.66171875 0.8140625 0.01328125 0.028125
16 0.746875 0.796875 0.01015625 0.025
16 0.73828125 0.8 0.01328125 0.0234375
16 0.7296875 0.8046875 0.01328125 0.02109375
16 0.5984375 0.8734375 0.015625 0.02578125
16 0.609375 0.8703125 0.01484375 0.02734375
2 0.58671875 0.8796875 0.0171875 0.0296875
2 0.28203125 0.99140625 0.01484375 0.01640625
2 0.26171875 0.9921875 0.034375 0.01484375
16 0.5828125 0.93828125 0.0171875 0.0296875
16 0.59296875 0.9375 0.01640625 0.028125
2 0.50234375 0.9734375 0.0171875 0.0328125
2 0.48671875 0.9890625 0.0203125 0.02109375
16 0.47109375 0.99296875 0.02421875 0.0125
4 0.19375 0.196875 0.07578125 0.07734375
4 0.2953125 0.16328125 0.1265625 0.10703125
2 0.4578125 0.10390625 0.14921875 0.1
2 0.03671875 0.26796875 0.01015625 0.02578125
2 0.04609375 0.265625 0.01015625 0.02109375
2 0.05390625 0.2625 0.01171875 0.021875
2 0.08671875 0.25078125 0.0140625 0.0234375
2 0.11640625 0.240625 0.01171875 0.0203125
2 0.06953125 0.2578125 0.015625 0.028125
2 0.10859375 0.24375 0.01015625 0.02265625
2 0.10234375 0.24609375 0.01171875 0.02265625
2 0.07890625 0.25546875 0.01328125 0.021875
2 0.03046875 0.27265625 0.0171875 0.028125
2 0.09375 0.24921875 0.0125 0.02109375
16 0.05234375 0.2921875 0.01171875 0.0234375
16 0.059375 0.28984375 0.01171875 0.0265625
20 0.61328125 0.090625 0.02265625 0.03671875
9 0.59453125 0.1015625 0.034375 0.0578125
16 0.13984375 0.26875 0.0109375 0.02109375
16 0.12890625 0.27421875 0.01015625 0.01796875
2 0.1515625 0.26640625 0.01328125 0.021875
2 0.57109375 0.12109375 0.040625 0.06171875
2 0.4375 0.17109375 0.04296875 0.05234375
16 0.61796875 0.11953125 0.01796875 0.03203125
2 0.4078125 0.2015625 0.01484375 0.0296875
2 0.42109375 0.19765625 0.01328125 0.0234375
2 0.034375 0.35390625 0.01640625 0.028125
9 0.0515625 0.35703125 0.03125 0.04765625
2 0.415625 0.24296875 0.0171875 0.02421875
16 0.103125 0.3609375 0.02265625 0.0328125
9 0.15625 0.353125 0.128125 0.18515625
2 0.21640625 0.340625 0.0171875 0.0296875
16 0.2484375 0.33359375 0.015625 0.0265625
2 0.44765625 0.2609375 0.01484375 0.02578125
16 0.04375 0.41640625 0.01328125 0.02734375
9 0.0625 0.41640625 0.03125 0.0453125
2 0.46875 0.28046875 0.01484375 0.0296875
2 0.2578125 0.365625 0.04765625 0.05078125
16 0.059375 0.44609375 0.02265625 0.021875
16 0.575 0.259375 0.01015625 0.021875
16 0.5984375 0.25078125 0.01328125 0.02578125
16 0.58984375 0.25546875 0.01171875 0.02109375
16 0.5828125 0.2578125 0.01328125 0.02421875
16 0.56796875 0.2640625 0.01171875 0.02265625
2 0.54921875 0.27109375 0.01640625 0.025
2 0.60625 0.25 0.01171875 0.025
2 0.496875 0.29609375 0.021875 0.03046875
20 0.07734375 0.45078125 0.0296875 0.0359375
2 0.42421875 0.3265625 0.01640625 0.0265625
2 0.43203125 0.325 0.01328125 0.0234375
16 0.26796875 0.39921875 0.02109375 0.03046875
16 0.20859375 0.428125 0.01875 0.01953125
16 0.08671875 0.47421875 0.01875 0.02890625
16 0.17734375 0.4421875 0.01796875 0.01875
2 0.675 0.2609375 0.021875 0.02890625
20 0.19375 0.44375 0.0203125 0.04140625
2 0.13515625 0.1328125 0.02109375 0.021875
16 0.21015625 0.4421875 0.01484375 0.01328125
16 0.1796875 0.45390625 0.0171875 0.01875
20 0.22734375 0.43671875 0.02890625 0.05078125
4 0.01796875 0.521875 0.0359375 0.19453125
16 0.146875 0.4765625 0.015625 0.02421875
2 0.16015625 0.47265625 0.01875 0.0265625
2 0.1328125 0.4828125 0.021875 0.02421875
16 0.21328125 0.45390625 0.0171875 0.0203125
16 0.18125 0.465625 0.0171875 0.01796875
2 0.603125 0.31875 0.02109375 0.02734375
2 0.59140625 0.33828125 0.0171875 0.01796875
2 0.425 0.40234375 0.01875 0.01796875
2 0.6109375 0.34140625 0.01875 0.02109375
2 0.59296875 0.3515625 0.01796875 0.01796875
2 0.6890625 0.31640625 0.0234375 0.0265625
9 0.64921875 0.33203125 0.07890625 0.15625
2 0.2984375 0.465625 0.01328125 0.025
2 0.35234375 0.446875 0.0171875 0.01953125
16 0.28671875 0.471875 0.0140625 0.028125
2 0.14609375 0.528125 0.02421875 0.03203125
2 0.6140625 0.36953125 0.01640625 0.021875
2 0.6953125 0.34375 0.0203125 0.02265625
9 0.07890625 0.57109375 0.0859375 0.1015625
9 0.51953125 0.421875 0.16796875 0.24375
2 0.1703125 0.55078125 0.04140625 0.05703125
2 0.43984375 0.45390625 0.0171875 0.01796875
16 0.153125 0.56171875 0.021875 0.02109375
9 0.35703125 0.4875 0.04375 0.0640625
16 0.60078125 0.40078125 0.01640625 0.015625
2 0.19609375 0.55546875 0.03671875 0.05546875
2 0.440625 0.46640625 0.0171875 0.015625
2 0.69765625 0.3734375 0.01875 0.02265625
2 0.2234375 0.54921875 0.01328125 0.02265625
2 0.21484375 0.5546875 0.01484375 0.02265625
16 0.153125 0.57734375 0.021875 0.02109375
16 0.603125 0.41171875 0.01796875 0.01484375
16 0.4046875 0.4859375 0.0171875 0.02265625
16 0.44375 0.478125 0.0171875 0.0140625
2 0.42734375 0.4859375 0.01796875 0.02265625
2 0.60546875 0.425 0.01875 0.01953125
2 0.1296875 0.6171875 0.04296875 0.04921875
2 0.60859375 0.45 0.01875 0.01953125
16 0.28828125 0.57265625 0.01640625 0.03203125
16 0.25625 0.5859375 0.01640625 0.02734375
2 0.27734375 0.5796875 0.01640625 0.03359375
2 0.265625 0.58515625 0.015625 0.03125
2 0.45078125 0.51953125 0.01640625 0.0265625
2 0.0953125 0.65078125 0.01953125 0.02578125
16 0.37578125 0.553125 0.01484375 0.02578125
2 0.38515625 0.55078125 0.01171875 0.02109375
2 0.68046875 0.44296875 0.04453125 0.05078125
9 0.075 0.67734375 0.04453125 0.06171875
16 0.13984375 0.65546875 0.01953125 0.01796875
16 0.19765625 0.6359375 0.01875 0.01953125
16 0.26015625 0.615625 0.01484375 0.025
16 0.3890625 0.56953125 0.01484375 0.02265625
16 0.096875 0.67734375 0.0171875 0.01796875
16 0.28203125 0.61171875 0.0125 0.028125
2 0.11875 0.671875 0.03984375 0.05
16 0.2734375 0.615625 0.015625 0.02734375
16 0.2 0.653125 0.0171875 0.01875
2 0.43671875 0.5671875 0.03984375 0.053125
16 0.10078125 0.690625 0.01640625 0.01953125
2 0.14140625 0.67890625 0.0328125 0.04765625
2 0.171875 0.66875 0.05625 0.0625
2 0.5390625 0.53359375 0.0125 0.02109375
2 0.528125 0.53828125 0.01484375 0.0234375
2 0.47109375 0.56328125 0.0390625 0.0578125
16 0.246875 0.646875 0.01796875 0.02109375
2 0.48828125 0.559375 0.01328125 0.02265625
2 0.1921875 0.67890625 0.0390625 0.0546875
2 0.221875 0.66875 0.0171875 0.03359375
2 0.4109375 0.603125 0.040625 0.05390625
2 0.30234375 0.6484375 0.01875 0.0203125
2 0.42578125 0.61171875 0.01328125 0.0234375
2 0.3890625 0.625 0.015625 0.02265625
16 0.49140625 0.5890625 0.01953125 0.02109375
16 0.3046875 0.659375 0.0203125 0.01875
2 0.1765625 0.7078125 0.03671875 0.0484375
16 0.45234375 0.609375 0.01171875 0.02109375
16 0.44453125 0.6125 0.01171875 0.02265625
16 0.4359375 0.615625 0.01171875 0.02109375
2 0.4609375 0.6078125 0.01171875 0.02421875
2 0.15078125 0.7234375 0.0328125 0.0421875
16 0.475 0.60859375 0.01796875 0.01953125
2 0.2296875 0.69921875 0.0203125 0.02109375
16 0.49296875 0.6046875 0.0171875 0.01796875
2 0.30390625 0.675 0.01875 0.02109375
16 0.21015625 0.71015625 0.0171875 0.01484375
16 0.31640625 0.671875 0.01328125 0.025
2 0.23203125 0.71015625 0.0171875 0.0140625
16 0.49453125 0.61484375 0.0171875 0.015625
2 0.3078125 0.68671875 0.01640625 0.01875
16 0.4796875 0.625 0.01640625 0.01796875
16 0.2125 0.725 0.015625 0.01953125
16 0.69921875 0.54921875 0.01875 0.02109375
16 0.13984375 0.7546875 0.0203125 0.02578125
9 0.2703125 0.70859375 0.065625 0.13046875
16 0.2328125 0.721875 0.01796875 0.01796875
16 0.496875 0.62890625 0.01796875 0.01796875
16 0.7 0.559375 0.015625 0.0140625
2 0.715625 0.5546875 0.01953125 0.02265625
2 0.48046875 0.640625 0.01328125 0.015625
2 0.2359375 0.73203125 0.0171875 0.01640625
2 0.1890625 0.75 0.03671875 0.0453125
16 0.4984375 0.63984375 0.01640625 0.01640625
2 0.16015625 0.765625 0.034375 0.04765625
2 0.3140625 0.70859375 0.0296875 0.02734375
2 0.60234375 0.60390625 0.0171875 0.01796875
16 0.35546875 0.69453125 0.01953125 0.0203125
16 0.3734375 0.6890625 0.01875 0.02109375
2 0.2359375 0.74296875 0.01953125 0.01953125
2 0.16171875 0.77109375 0.03359375 0.046875
2 0.48203125 0.65546875 0.01875 0.01875
16 0.50078125 0.653125 0.01640625 0.0171875
2 0.60390625 0.61484375 0.0171875 0.0140625
2 0.3125 0.7234375 0.0171875 0.01640625
2 0.375 0.7015625 0.0140625 0.0125
2 0.70234375 0.58203125 0.01484375 0.0171875
16 0.53984375 0.64140625 0.01484375 0.02421875
16 0.2390625 0.75546875 0.0171875 0.02109375
2 0.5640625 0.63515625 0.01484375 0.02421875
16 0.54921875 0.64140625 0.01171875 0.02109375
2 0.484375 0.6671875 0.01484375 0.0171875
2 0.60625 0.625 0.01484375 0.01484375
9 0.42734375 0.69140625 0.090625 0.1390625
2 0.21796875 0.77109375 0.04453125 0.065625
16 0.375 0.7140625 0.0171875 0.0203125
2 0.3171875 0.7359375 0.01953125 0.0203125
2 0.70390625 0.59453125 0.01875 0.0203125
2 0.6078125 0.6359375 0.01484375 0.015625
16 0.15859375 0.80390625 0.01875 0.0203125
2 0.18984375 0.79609375 0.04375 0.05703125
2 0.61015625 0.64375 0.01484375 0.015625
16 0.50625 0.6828125 0.01484375 0.01484375
2 0.303125 0.75859375 0.0203125 0.02734375
2 0.48828125 0.6921875 0.01640625 0.01875
2 0.38046875 0.73359375 0.01640625 0.01875