2 0.934375 0.6765625 0.1234375 0.19921875
2 0.6828125 0.63359375 0.05390625 0.0796875
2 0.28203125 0.0234375 0.02265625 0.046875
2 0.3265625 0.0296875 0.025 0.059375
2 0.3609375 0.64765625 0.0484375 0.0796875
2 0.6609375 0.709375 0.05390625 0.07421875
2 0.35390625 0.03515625 0.02109375 0.0578125
2 0.3046875 0.675 0.034375 0.05390625
16 0.8234375 0.7796875 0.025 0.03671875
2 0.2125 0.67109375 0.028125 0.04609375
2 0.503125 0.7375 0.03046875 0.11171875
2 0.578125 0.76328125 0.04765625 0.07578125
2 0.3671875 0.72265625 0.04765625 0.07265625
16 0.6234375 0.78984375 0.01640625 0.06796875
2 0.665625 0.80859375 0.03671875 0.04453125
2 0.92421875 0.86328125 0.115625 0.19921875
16 0.7171875 0.825 0.0234375 0.04296875
16 0.52890625 0.78984375 0.02265625 0.04921875
16 0.7765625 0.84453125 0.0265625 0.04375
2 0.06953125 0.73828125 0.02109375 0.02890625
2 0.1578125 0.80546875 0.0328125 0.04609375
2 0.15 0.87578125 0.03359375 0.04296875
16 0.64765625 0.1546875 0.02734375 0.02109375
2 0.94921875 0.24765625 0.01953125 0.028125
16 0.15546875 0.13203125 0.0328125 0.02578125
16 0.18359375 0.1609375 0.03515625 0.028125
2 0.22734375 0.37421875 0.0296875 0.040625
2 0.34296875 0.4140625 0.01953125 0.02265625
2 0.2484375 0.40859375 0.03046875 0.046875
2 0.64140625 0.5296875 0.02421875 0.053125