2 0.59765625 0.7 0.065625 0.06015625
2 0.44140625 0.74765625 0.059375 0.059375
16 0.51015625 0.7875 0.075 0.04453125
2 0.73203125 0.75703125 0.0890625 0.1
2 0.38828125 0.890625 0.05625 0.096875
2 0.88203125 0.76171875 0.0671875 0.08671875
4 0.54296875 0.046875 0.1625 0.0765625
16 0.19453125 0.96796875 0.1015625 0.05625
2 0.965625 0.75859375 0.0671875 0.0859375
4 0.74609375 0.015625 0.16171875 0.03125
4 0.19921875 0.98828125 0.08046875 0.02109375
2 0.67890625 0.8921875 0.07109375 0.09296875
4 0.9140625 0.85 0.14765625 0.09375
2 0.86796875 0.01171875 0.0703125 0.02265625
2 0.61171875 0.09296875 0.0890625 0.10703125
2 0.50078125 0.12734375 0.0828125 0.11328125
2 0.3734375 0.325 0.0359375 0.04375
16 0.47265625 0.29921875 0.0859375 0.04765625
16 0.5125 0.478125 0.0875 0.03984375
2 0.03046875 0.64921875 0.04140625 0.06640625
9 0.51640625 0.51875 0.1078125 0.0859375
2 0.421875 0.5625 0.04140625 0.0515625
2 0.5828125 0.553125 0.03203125 0.0421875
2 0.30703125 0.653125 0.1578125 0.3109375
2 0.23515625 0.690625 0.06015625 0.1078125
16 0.67890625 0.5796875 0.0421875 0.05234375
2 0.5328125 0.6328125 0.03515625 0.04375
9 0.58828125 0.63046875 0.059375 0.0640625
2 0.67109375 0.621875 0.0328125 0.0421875
2 0.0640625 0.8234375 0.04453125 0.08046875