16 0.5859375 0.74296875 0.01640625 0.00859375
16 0.56953125 0.74609375 0.01484375 0.0140625
16 0.47109375 0.7578125 0.01796875 0.015625
2 0.4515625 0.76171875 0.01640625 0.0140625
2 0.2890625 0.77890625 0.01328125 0.021875
2 0.07734375 0.803125 0.01484375 0.015625
2 0.69453125 0.7421875 0.01484375 0.01796875
2 0.5859375 0.75546875 0.0140625 0.0125
2 0.1984375 0.7953125 0.03671875 0.05234375
16 0.56875 0.75859375 0.01484375 0.01328125
2 0.33046875 0.784375 0.0171875 0.01796875
16 0.471875 0.77265625 0.0171875 0.015625
2 0.453125 0.7765625 0.01484375 0.0125
2 0.58828125 0.765625 0.01484375 0.01171875
16 0.33125 0.79609375 0.01875 0.015625
2 0.290625 0.80234375 0.01640625 0.0234375
2 0.45234375 0.78828125 0.01953125 0.0171875
2 0.096875 0.82734375 0.05625 0.05390625
2 0.5875 0.77734375 0.015625 0.01171875
16 0.471875 0.78984375 0.01640625 0.01328125
16 0.33125 0.80546875 0.0203125 0.01953125
2 0.71796875 0.7703125 0.0203125 0.01796875
16 0.453125 0.8015625 0.01484375 0.01171875
2 0.7 0.77578125 0.0125 0.0125
2 0.58828125 0.78828125 0.01328125 0.01328125
16 0.47109375 0.80234375 0.0140625 0.01328125
2 0.58828125 0.80078125 0.01328125 0.01328125
16 0.3375 0.82734375 0.01328125 0.0203125
2 0.434375 0.81875 0.01015625 0.01953125
2 0.3734375 0.82421875 0.01015625 0.0203125
2 0.4078125 0.821875 0.0109375 0.02109375
2 0.3828125 0.82421875 0.01171875 0.02265625
2 0.40078125 0.82265625 0.01171875 0.021875
16 0.425 0.8203125 0.01171875 0.02109375
2 0.3640625 0.82578125 0.0109375 0.021875
2 0.4171875 0.82109375 0.009375 0.01796875
16 0.35546875 0.8265625 0.0109375 0.0203125
2 0.390625 0.8234375 0.01171875 0.0203125
2 0.28046875 0.83984375 0.03984375 0.04921875
2 0.15234375 0.859375 0.05390625 0.08828125
2 0.56484375 0.81796875 0.01796875 0.01875
9 0.53359375 0.82734375 0.0328125 0.0484375
2 0.35703125 0.85 0.0125 0.0234375
2 0.61640625 0.825 0.01171875 0.02109375
2 0.3734375 0.85078125 0.01171875 0.01796875
16 0.6671875 0.8203125 0.01171875 0.02421875
2 0.63515625 0.8234375 0.01171875 0.02265625
2 0.384375 0.8484375 0.01328125 0.02109375
2 0.4 0.846875 0.0109375 0.02109375
2 0.60625 0.8265625 0.0109375 0.0203125
2 0.64140625 0.8234375 0.0125 0.02578125
2 0.703125 0.8171875 0.01171875 0.021875
2 0.390625 0.8484375 0.0125 0.02109375
2 0.05859375 0.8828125 0.05703125 0.0515625
2 0.42890625 0.84609375 0.01015625 0.01875
2 0.625 0.82578125 0.0109375 0.021875
2 0.334375 0.85625 0.0125 0.02109375
2 0.65078125 0.8234375 0.01015625 0.02109375
2 0.659375 0.821875 0.0109375 0.0203125
2 0.41875 0.846875 0.0125 0.021875
2 0.678125 0.82109375 0.0125 0.02265625
16 0.409375 0.8484375 0.01015625 0.02109375
2 0.6875 0.82265625 0.0171875 0.02578125
2 0.11171875 0.8859375 0.05703125 0.06328125
9 0.7203125 0.8296875 0.02578125 0.04140625
9 0.24453125 0.87890625 0.0359375 0.046875
16 0.70546875 0.83828125 0.01171875 0.021875
16 0.615625 0.85078125 0.01171875 0.0234375
2 0.65 0.84765625 0.01015625 0.0203125
2 0.62421875 0.85078125 0.0078125 0.01953125
16 0.66015625 0.846875 0.0078125 0.01953125
16 0.66953125 0.84609375 0.009375 0.01796875
16 0.64140625 0.85 0.01015625 0.0234375
16 0.36640625 0.88359375 0.01015625 0.0171875
16 0.39375 0.88203125 0.01015625 0.0203125
16 0.37578125 0.8828125 0.01015625 0.01953125
16 0.41015625 0.88125 0.01015625 0.0203125
16 0.40234375 0.8828125 0.0125 0.0203125
16 0.384375 0.884375 0.0078125 0.021875
16 0.42890625 0.88046875 0.01171875 0.0203125
16 0.41875 0.8828125 0.01171875 0.025
16 0.5453125 0.87109375 0.0171875 0.015625
2 0.53046875 0.88046875 0.01484375 0.021875
16 0.2578125 0.91171875 0.021875 0.01796875
16 0.6265625 0.875 0.01328125 0.02109375
16 0.659375 0.87265625 0.01328125 0.02109375
16 0.6421875 0.87578125 0.01484375 0.0234375
16 0.5484375 0.89296875 0.01640625 0.0140625
16 0.0640625 0.9453125 0.0140625 0.0265625
16 0.03671875 0.94921875 0.015625 0.0265625
16 0.07578125 0.94453125 0.01171875 0.02265625
16 0.1296875 0.93984375 0.01328125 0.028125
16 0.04765625 0.9484375 0.01328125 0.03125
16 0.0921875 0.94375 0.0140625 0.02421875
16 0.1046875 0.9421875 0.01484375 0.02734375
16 0.1203125 0.94140625 0.01328125 0.02578125
9 0.50703125 0.90703125 0.02890625 0.065625
16 0.21171875 0.93984375 0.01328125 0.02890625
2 0.53203125 0.90625 0.01328125 0.02265625
4 0.01640625 0.12421875 0.0328125 0.05234375
16 0.22421875 0.940625 0.01328125 0.025
2 0.6359375 0.89921875 0.009375 0.01875
16 0.32265625 0.9328125 0.0078125 0.01953125
16 0.3734375 0.928125 0.01015625 0.02109375
16 0.61015625 0.903125 0.01328125 0.02421875
2 0.64375 0.90078125 0.00859375 0.01875
16 0.346875 0.93125 0.01171875 0.0203125
16 0.36328125 0.9296875 0.009375 0.01953125
2 0.66015625 0.8984375 0.01015625 0.021875
16 0.33046875 0.934375 0.00859375 0.025
16 0.3546875 0.93125 0.01015625 0.01953125
4 0.08125 0.1171875 0.1 0.06171875
2 0.2484375 0.94453125 0.03671875 0.06015625
2 0.4859375 0.9203125 0.01171875 0.02578125
2 0.06953125 0.978125 0.02421875 0.02890625
2 0.1 0.97734375 0.02578125 0.0265625
2 0.04453125 0.9828125 0.02421875 0.025
2 0.12734375 0.975 0.02734375 0.0296875
16 0.17734375 0.97109375 0.01484375 0.028125
16 0.5328125 0.93359375 0.01328125 0.02734375
16 0.60859375 0.9265625 0.01015625 0.0234375
16 0.1875 0.97109375 0.01171875 0.028125
16 0.5875 0.93046875 0.0109375 0.0265625
16 0.57734375 0.93203125 0.01328125 0.02421875
16 0.596875 0.93046875 0.01328125 0.028125
16 0.6203125 0.928125 0.01171875 0.028125
16 0.7140625 0.9328125 0.00859375 0.0265625
16 0.70390625 0.93515625 0.01171875 0.0234375
16 0.69375 0.93671875 0.0125 0.0203125
16 0.5453125 0.9734375 0.0140625 0.02578125
16 0.55703125 0.97265625 0.01328125 0.02734375
2 0.53203125 0.9765625 0.015625 0.0296875
4 0.19921875 0.14140625 0.07734375 0.06640625
4 0.3125 0.1328125 0.1328125 0.08515625
2 0.49375 0.11484375 0.159375 0.06953125
2 0.0234375 0.1734375 0.0078125 0.02734375
2 0.0328125 0.1734375 0.009375 0.021875
2 0.04140625 0.171875 0.01015625 0.02265625
2 0.078125 0.16796875 0.01328125 0.02265625
2 0.1109375 0.165625 0.0109375 0.01953125
2 0.059375 0.17109375 0.0140625 0.028125
2 0.10234375 0.16640625 0.0078125 0.02421875
2 0.0953125 0.16796875 0.01015625 0.0234375
2 0.06953125 0.17109375 0.01328125 0.02109375
2 0.015625 0.1765625 0.015625 0.02734375
2 0.0859375 0.16953125 0.01171875 0.0203125
16 0.0359375 0.203125 0.0109375 0.02421875
16 0.04453125 0.203125 0.01015625 0.02734375
20 0.66015625 0.14375 0.02109375 0.0359375
9 0.6390625 0.15 0.03203125 0.05703125
16 0.1328125 0.203125 0.01015625 0.021875
16 0.12109375 0.20546875 0.00859375 0.01796875
2 0.14609375 0.203125 0.01171875 0.021875
2 0.61171875 0.1640625 0.03828125 0.05859375
2 0.4625 0.18125 0.04296875 0.046875
16 0.66171875 0.17578125 0.0171875 0.03125
2 0.428125 0.2046875 0.0125 0.0296875
2 0.4421875 0.2046875 0.0125 0.0234375
2 0.00859375 0.2625 0.01484375 0.028125
9 0.02734375 0.27265625 0.0296875 0.0453125
2 0.4296875 0.2515625 0.01640625 0.0234375
16 0.08203125 0.290625 0.021875 0.03125
9 0.13984375 0.29609375 0.12265625 0.175
2 0.20546875 0.3 0.015625 0.02890625
16 0.24140625 0.3015625 0.0140625 0.0265625
2 0.4625 0.27890625 0.01328125 0.02578125
16 0.0109375 0.3328125 0.0109375 0.028125
9 0.03125 0.3375 0.0296875 0.04296875
2 0.48203125 0.30546875 0.0125 0.0296875
2 0.24609375 0.33828125 0.04765625 0.04453125
16 0.02421875 0.36875 0.02265625 0.01953125
16 0.59765625 0.3125 0.00859375 0.02265625
16 0.62421875 0.3109375 0.01171875 0.02578125
16 0.61484375 0.3125 0.01015625 0.021875
16 0.60703125 0.31328125 0.01171875 0.02421875
16 0.58984375 0.315625 0.0109375 0.02265625
2 0.5703125 0.31796875 0.01484375 0.025
2 0.6328125 0.31171875 0.01015625 0.02578125
2 0.5109375 0.33046875 0.0203125 0.028125
20 0.04296875 0.37890625 0.0296875 0.03359375
2 0.42890625 0.3421875 0.01484375 0.0265625
2 0.4375 0.34296875 0.0125 0.0234375
16 0.253125 0.3765625 0.0203125 0.02890625
16 0.1859375 0.39140625 0.01953125 0.015625
16 0.04921875 0.40625 0.0171875 0.028125
16 0.15078125 0.39765625 0.01875 0.015625
2 0.7046875 0.34140625 0.02109375 0.02734375
20 0.16796875 0.40390625 0.0171875 0.0421875
2 0.14453125 0.05703125 0.02109375 0.01953125
16 0.1859375 0.40625 0.015625 0.0109375
16 0.1515625 0.41015625 0.0171875 0.015625
20 0.20546875 0.40546875 0.02578125 0.05078125
16 0.1140625 0.4265625 0.01484375 0.02421875
2 0.12890625 0.425 0.01875 0.025
2 0.09765625 0.42890625 0.021875 0.02265625
16 0.18671875 0.41953125 0.0171875 0.01796875
16 0.15234375 0.42265625 0.0171875 0.01484375
2 0.62109375 0.38359375 0.0203125 0.025
2 0.60546875 0.4015625 0.0171875 0.01484375
2 0.41953125 0.4234375 0.01953125 0.0140625
2 0.6265625 0.4109375 0.01875 0.01796875
2 0.60546875 0.415625 0.01875 0.01484375
2 0.7125 0.40546875 0.02421875 0.02421875
9 0.66875 0.4109375 0.06953125 0.1578125
2 0.2765625 0.45625 0.01171875 0.025
2 0.33671875 0.45078125 0.0171875 0.0171875
16 0.2640625 0.459375 0.01171875 0.028125
2 0.10703125 0.4796875 0.0234375 0.0296875
2 0.62578125 0.44140625 0.015625 0.02109375
2 0.71640625 0.43671875 0.0203125 0.0203125
9 0.03671875 0.5078125 0.07265625 0.0921875
9 0.51875 0.4703125 0.1609375 0.23203125
2 0.1296875 0.5109375 0.03984375 0.05390625
2 0.42890625 0.4828125 0.0171875 0.01484375
16 0.11015625 0.51796875 0.021875 0.01875
9 0.3359375 0.4953125 0.0421875 0.0609375
16 0.6078125 0.4703125 0.0171875 0.0125
2 0.15625 0.52421875 0.034375 0.053125
2 0.42890625 0.49609375 0.01796875 0.0125
2 0.71484375 0.46875 0.01875 0.02109375
2 0.1859375 0.525 0.01171875 0.02265625
2 0.1765625 0.52734375 0.01328125 0.02265625
16 0.1078125 0.53515625 0.021875 0.01875
16 0.60859375 0.4828125 0.01875 0.0109375
16 0.3875 0.50703125 0.0171875 0.021875
16 0.4296875 0.509375 0.01796875 0.0109375
2 0.41171875 0.51328125 0.01796875 0.02109375
2 0.609375 0.4984375 0.01875 0.0171875
2 0.07734375 0.57109375 0.04296875 0.04375
2 0.61015625 0.525 0.01875 0.015625
16 0.25234375 0.5671875 0.01484375 0.03203125
16 0.21640625 0.57265625 0.01484375 0.02734375
2 0.2390625 0.57109375 0.0140625 0.034375
2 0.2265625 0.57421875 0.01328125 0.03125
2 0.43359375 0.55546875 0.01484375 0.0265625
2 0.0359375 0.596875 0.01875 0.02421875
16 0.34765625 0.5703125 0.01328125 0.02578125
2 0.359375 0.57109375 0.01015625 0.021875
2 0.68671875 0.53671875 0.04453125 0.04453125
9 0.01875 0.61875 0.03046875 0.05703125
16 0.08359375 0.6140625 0.0203125 0.0140625
16 0.14765625 0.609375 0.01875 0.015625
16 0.21640625 0.6046875 0.0140625 0.025
16 0.36015625 0.5921875 0.01328125 0.02265625
16 0.03515625 0.62578125 0.0171875 0.01484375
16 0.24140625 0.60703125 0.01015625 0.02890625
2 0.05859375 0.62578125 0.03984375 0.04609375
16 0.23203125 0.60859375 0.0140625 0.02734375
16 0.14765625 0.628125 0.01796875 0.015625
2 0.4109375 0.60234375 0.03828125 0.05078125
16 0.0375 0.640625 0.015625 0.01796875
2 0.08203125 0.6390625 0.03125 0.04453125
2 0.11640625 0.6375 0.05703125 0.05546875
2 0.525 0.5953125 0.01171875 0.02109375
2 0.5125 0.596875 0.01328125 0.0234375
2 0.4484375 0.6078125 0.03671875 0.0546875
16 0.1984375 0.63515625 0.01796875 0.01875
2 0.4671875 0.60859375 0.01171875 0.02265625
2 0.13671875 0.65390625 0.0375 0.0515625
2 0.16953125 0.6515625 0.015625 0.03359375
2 0.37890625 0.634375 0.03984375 0.05078125
2 0.25703125 0.65234375 0.01875 0.01796875
2 0.39453125 0.64765625 0.01171875 0.0234375
2 0.353125 0.6515625 0.01484375 0.021875
16 0.4671875 0.640625 0.01953125 0.01796875
16 0.259375 0.6640625 0.02109375 0.01484375
2 0.11640625 0.6796875 0.0359375 0.04453125
16 0.42265625 0.6515625 0.01015625 0.021875
16 0.4140625 0.65390625 0.0109375 0.02265625
16 0.4046875 0.65390625 0.01015625 0.021875
2 0.43203125 0.65234375 0.01015625 0.025
2 0.0859375 0.690625 0.03203125 0.0390625
16 0.446875 0.65703125 0.01796875 0.0171875
2 0.1734375 0.68515625 0.0203125 0.01875
16 0.4671875 0.65859375 0.0171875 0.01484375
2 0.25625 0.68046875 0.01875 0.01796875
16 0.1515625 0.69140625 0.01796875 0.01171875
16 0.2703125 0.68046875 0.01171875 0.025
2 0.17421875 0.69765625 0.01875 0.01015625
16 0.4671875 0.66953125 0.01796875 0.0125
2 0.25859375 0.69375 0.015625 0.0171875
16 0.44921875 0.6765625 0.01640625 0.01484375
16 0.15234375 0.70859375 0.01484375 0.01796875
16 0.69375 0.65546875 0.01875 0.01875
16 0.07109375 0.7203125 0.0203125 0.0234375
9 0.215625 0.70703125 0.0578125 0.13046875
16 0.17421875 0.7109375 0.01875 0.01484375
16 0.4671875 0.68515625 0.01875 0.01484375
16 0.69296875 0.6671875 0.01640625 0.0109375
2 0.7109375 0.665625 0.01953125 0.0203125
2 0.4484375 0.69296875 0.01328125 0.0140625
2 0.17578125 0.7234375 0.01875 0.0125
2 0.12421875 0.728125 0.03671875 0.040625
16 0.46796875 0.69609375 0.01640625 0.01328125
2 0.09140625 0.7375 0.0328125 0.04453125
2 0.2625 0.71953125 0.03125 0.02265625
2 0.58359375 0.6875 0.0171875 0.01484375
16 0.30859375 0.71640625 0.01953125 0.0171875
16 0.32890625 0.71484375 0.01875 0.01796875
2 0.175 0.734375 0.0203125 0.015625
2 0.0921875 0.74375 0.03203125 0.04375
2 0.44921875 0.709375 0.01875 0.01484375
16 0.46875 0.7109375 0.0171875 0.0140625
2 0.584375 0.7 0.01796875 0.0109375
2 0.259375 0.734375 0.0171875 0.01328125
2 0.328125 0.72890625 0.01484375 0.01015625
2 0.69296875 0.6921875 0.01484375 0.01484375
16 0.51171875 0.71015625 0.0140625 0.02421875
16 0.17578125 0.74765625 0.0171875 0.01875
2 0.5390625 0.71015625 0.0140625 0.02421875
16 0.521875 0.7125 0.0109375 0.02109375
2 0.44921875 0.72265625 0.01484375 0.01484375
2 0.58515625 0.7109375 0.01484375 0.0125
9 0.3859375 0.73203125 0.0859375 0.13359375
2 0.1515625 0.75859375 0.0421875 0.06328125
16 0.3265625 0.74140625 0.0171875 0.01796875
2 0.2625 0.7484375 0.01953125 0.0171875
2 0.69296875 0.70546875 0.01875 0.01796875
2 0.58515625 0.72265625 0.01484375 0.01328125
16 0.084375 0.77734375 0.01875 0.0171875
2 0.11875 0.77734375 0.0421875 0.053125
2 0.58671875 0.73203125 0.01484375 0.01328125
16 0.4703125 0.74453125 0.01484375 0.0125
2 0.24453125 0.76953125 0.01953125 0.02578125
2 0.45078125 0.75 0.01640625 0.0171875
2 0.3296875 0.76328125 0.01640625 0.0171875