4 0.95234375 0.09453125 0.04453125 0.0625
2 0.690625 0.85234375 0.046875 0.08125
2 0.37265625 0.84453125 0.03203125 0.08046875
2 0.5484375 0.865625 0.01328125 0.06015625
2 0.671875 0.08125 0.0171875 0.075
2 0.659375 0.9 0.021875 0.06484375
16 0.5890625 0.9078125 0.04765625 0.02578125
2 0.3734375 0.89453125 0.053125 0.04296875
16 0.86015625 0.9359375 0.05078125 0.03046875
2 0.80625 0.93359375 0.03671875 0.03046875
2 0.640625 0.93203125 0.0296875 0.04921875
2 0.78671875 0.9609375 0.01796875 0.06640625
2 0.70859375 0.09453125 0.02578125 0.071875
4 0.95078125 0.18125 0.04453125 0.05859375
2 0.1140625 0.1515625 0.03828125 0.06328125
9 0.0625 0.15 0.0390625 0.16328125
4 0.0203125 0.16171875 0.0296875 0.08203125
16 0.89921875 0.21953125 0.01484375 0.05546875
20 0.48125 0.1984375 0.08671875 0.2890625
9 0.28359375 0.34453125 0.23046875 0.13515625
16 0.534375 0.421875 0.03828125 0.03359375
2 0.60546875 0.4375 0.0484375 0.05390625
2 0.78203125 0.459375 0.04609375 0.071875
2 0.728125 0.4609375 0.053125 0.06953125
2 0.83125 0.49140625 0.046875 0.07109375
2 0.828125 0.0515625 0.03359375 0.034375
2 0.16015625 0.46796875 0.05078125 0.06015625
4 0.27109375 0.48671875 0.15625 0.075
2 0.38359375 0.521875 0.03828125 0.09765625
9 0.8734375 0.5890625 0.04296875 0.0609375
9 0.81484375 0.58515625 0.0421875 0.05859375
2 0.89296875 0.075 0.02109375 0.0578125
16 0.36875 0.7078125 0.02265625 0.0875
2 0.73046875 0.7390625 0.04453125 0.07578125
2 0.565625 0.75234375 0.05234375 0.04453125
2 0.50625 0.75234375 0.025 0.04921875
9 0.1890625 0.75390625 0.22578125 0.13515625
2 0.4984375 0.82734375 0.03046875 0.05390625