1 0.4359375 0.79296875 0.053125 0.1296875
20 0.83359375 0.79375 0.06953125 0.15078125
1 0.62890625 0.796875 0.00703125 0.04375
15 0.91171875 0.0796875 0.01328125 0.00859375
15 0.8765625 0.0796875 0.0140625 0.0109375
15 0.1875 0.08046875 0.0078125 0.02734375
9 0.2875 0.809375 0.0875 0.13203125
1 0.140625 0.81015625 0.12421875 0.22421875
1 0.553125 0.8109375 0.13203125 0.23203125
9 0.6984375 0.81328125 0.08828125 0.12265625
15 0.6453125 0.82109375 0.00625 0.025
15 0.7734375 0.0859375 0.0125 0.009375
9 0.62890625 0.86953125 0.028125 0.0359375
9 0.22265625 0.87109375 0.0234375 0.0328125
1 0.2515625 0.87890625 0.0328125 0.0546875
1 0.6390625 0.90234375 0.0078125 0.02578125
1 0.66328125 0.903125 0.03203125 0.053125
1 0.234375 0.903125 0.00625 0.0265625
1 0.625 0.90390625 0.00703125 0.0265625
1 0.2203125 0.9046875 0.0078125 0.02578125
4 0.778125 0.9578125 0.07265625 0.03203125
4 0.37421875 0.9609375 0.06953125 0.03671875
4 0.6203125 0.9625 0.0703125 0.03984375
4 0.21875 0.96640625 0.06953125 0.04609375
4 0.06171875 0.9671875 0.07109375 0.046875
1 0.6171875 0.0984375 0.053125 0.09453125
4 0.2375 0.0984375 0.025 0.096875
4 0.2109375 0.10078125 0.021875 0.096875
15 0.8765625 0.10390625 0.01328125 0.00859375
15 0.9125 0.10390625 0.0125 0.01015625
15 0.11953125 0.10390625 0.01484375 0.01328125
15 0.70546875 0.1046875 0.01640625 0.01484375
9 0.81796875 0.10625 0.0375 0.08984375
15 0.18046875 0.11171875 0.00703125 0.0265625
1 0.16640625 0.11484375 0.0234375 0.03828125
1 0.28203125 0.11796875 0.04609375 0.0609375
15 0.128125 0.12109375 0.01484375 0.0125
4 0.7328125 0.12265625 0.02421875 0.15390625
9 0.66484375 0.12421875 0.0359375 0.08984375
15 0.70546875 0.128125 0.01484375 0.01171875
15 0.87734375 0.128125 0.01328125 0.009375
15 0.91171875 0.13046875 0.0140625 0.01171875
15 0.77421875 0.13046875 0.01328125 0.01015625
15 0.353125 0.13046875 0.01484375 0.01484375
15 0.1921875 0.134375 0.0109375 0.06953125
15 0.44375 0.1359375 0.00546875 0.025
1 0.43203125 0.13671875 0.00703125 0.0234375
15 0.3890625 0.14140625 0.0140625 0.009375
15 0.18046875 0.14375 0.00703125 0.02890625
1 0.11484375 0.1515625 0.0296875 0.0453125
15 0.9125 0.15234375 0.01328125 0.01015625
15 0.8765625 0.153125 0.01171875 0.00859375
15 0.77421875 0.15546875 0.01328125 0.0109375
1 0.321875 0.16171875 0.00703125 0.02578125
1 0.6421875 0.16328125 0.00703125 0.025
1 0.81015625 0.175 0.01328125 0.01015625
15 0.18125 0.17578125 0.00703125 0.0265625
15 0.91171875 0.1765625 0.0140625 0.0109375
15 0.15390625 0.1765625 0.0140625 0.01171875
15 0.8765625 0.1765625 0.0125 0.009375
15 0.77421875 0.178125 0.0140625 0.0109375
15 0.384375 0.18125 0.00625 0.02578125
15 0.39375 0.18203125 0.00546875 0.0234375
15 0.78984375 0.19140625 0.00625 0.0234375
15 0.36640625 0.1984375 0.00703125 0.02578125
15 0.153125 0.19921875 0.01484375 0.0140625
15 0.91171875 0.20078125 0.0140625 0.01015625
15 0.87734375 0.20234375 0.0125 0.00859375
1 0.096875 0.209375 0.04765625 0.06796875
1 0.18984375 0.21640625 0.00625 0.02578125
15 0.18125 0.21640625 0.00703125 0.025
1 0.21484375 0.22265625 0.0140625 0.01171875
15 0.15390625 0.2234375 0.01484375 0.01328125
15 0.91328125 0.22421875 0.0140625 0.01015625
15 0.87734375 0.22578125 0.01328125 0.0078125
15 0.37578125 0.2296875 0.01484375 0.0125
15 0.41171875 0.2296875 0.01484375 0.01171875
15 0.39375 0.23046875 0.01484375 0.0125
1 0.23359375 0.23125 0.0140625 0.0125
15 0.4125 0.24609375 0.015625 0.01328125
15 0.39375 0.24609375 0.0140625 0.0125
15 0.4578125 0.26015625 0.0140625 0.0109375
15 0.475 0.26015625 0.0140625 0.0109375
15 0.6515625 0.26796875 0.01328125 0.0109375
15 0.44296875 0.26953125 0.015625 0.0140625
1 0.4265625 0.2703125 0.01484375 0.0125
20 0.1515625 0.271875 0.04375 0.0671875
1 0.5640625 0.284375 0.03828125 0.06953125
1 0.5296875 0.28984375 0.015625 0.0125
15 0.5 0.28984375 0.0140625 0.01171875
15 0.65078125 0.29296875 0.0140625 0.0109375
9 0.8546875 0.29375 0.03671875 0.0703125
9 0.8 0.29296875 0.0375 0.06796875
9 0.68828125 0.29375 0.03515625 0.0625
9 0.74375 0.2953125 0.0375 0.06953125
1 0.2125 0.29765625 0.03984375 0.0609375
15 0.4421875 0.29921875 0.00625 0.02421875
15 0.4515625 0.3 0.00703125 0.02421875
15 0.1078125 0.30078125 0.021875 0.09140625
1 0.5 0.309375 0.015625 0.01171875
9 0.42578125 0.31015625 0.01875 0.03515625
15 0.6515625 0.31640625 0.0125 0.00859375
15 0.340625 0.3265625 0.0078125 0.0265625
15 0.6515625 0.33984375 0.01328125 0.00859375
4 0.9203125 0.3421875 0.03828125 0.0421875
15 0.8734375 0.346875 0.01328125 0.01171875
1 0.85 0.346875 0.0140625 0.01015625
15 0.81796875 0.34609375 0.0140625 0.0109375
1 0.79453125 0.346875 0.01484375 0.0109375
1 0.7390625 0.346875 0.01484375 0.0125
1 0.684375 0.34921875 0.01328125 0.01015625
15 0.7625 0.3546875 0.0140625 0.0109375
15 0.70703125 0.35625 0.01328125 0.0078125
9 0.3125 0.38828125 0.0265625 0.021875
1 0.04453125 0.39296875 0.06953125 0.09453125
1 0.91953125 0.40390625 0.0375 0.05078125
1 0.85234375 0.41015625 0.0234375 0.0703125
1 0.796875 0.4140625 0.0296875 0.07890625
1 0.74375 0.41953125 0.02421875 0.078125
4 0.21171875 0.4203125 0.02265625 0.078125
1 0.68671875 0.4234375 0.02734375 0.08125
1 0.3 0.42578125 0.04921875 0.05546875
4 0.2484375 0.42734375 0.0234375 0.06484375
9 0.83984375 0.434375 0.01875 0.03046875
15 0.72578125 0.4515625 0.00703125 0.02421875
15 0.13984375 0.45546875 0.01484375 0.08671875
15 0.12578125 0.45546875 0.01328125 0.0859375
15 0.33125 0.46640625 0.015625 0.0109375
15 0.31171875 0.4703125 0.01484375 0.0125
15 0.17890625 0.48046875 0.01484375 0.0125
15 0.11015625 0.48046875 0.00703125 0.028125
20 0.0921875 0.49609375 0.01875 0.0375
1 0.26640625 0.50390625 0.025 0.04296875
1 0.9375 0.50703125 0.0859375 0.146875
4 0.2390625 0.51484375 0.021875 0.06484375
1 0.72578125 0.51796875 0.03984375 0.07109375
1 0.77109375 0.51875 0.03046875 0.0421875
15 0.30078125 0.52109375 0.04609375 0.01953125
9 0.16875 0.5234375 0.034375 0.0640625
15 0.06875 0.528125 0.05 0.02109375
1 0.8109375 0.53203125 0.03828125 0.06328125
1 0.43984375 0.534375 0.025 0.05703125
1 0.34921875 0.5359375 0.04296875 0.071875
15 0.11015625 0.53671875 0.01484375 0.0109375
1 0.396875 0.5453125 0.0296875 0.059375
4 0.85546875 0.54765625 0.034375 0.04296875
15 0.91171875 0.0546875 0.0140625 0.01015625
15 0.05078125 0.553125 0.015625 0.0140625
15 0.87734375 0.05625 0.01328125 0.009375
15 0.18359375 0.5671875 0.01484375 0.0140625
1 0.1609375 0.56875 0.01484375 0.0140625
15 0.7875 0.05703125 0.00546875 0.0234375
1 0.16015625 0.60390625 0.02734375 0.0421875
15 0.125 0.60703125 0.02109375 0.11328125
9 0.146875 0.66328125 0.0203125 0.0328125
15 0.0875 0.678125 0.01484375 0.0828125
15 0.67890625 0.67890625 0.01484375 0.01171875
15 0.67890625 0.7125 0.01484375 0.01171875