20 0.35390625 0.77578125 0.0171875 0.028125
15 0.15390625 0.78046875 0.01484375 0.0140625
15 0.228125 0.7890625 0.0078125 0.0234375
20 0.18046875 0.78984375 0.0203125 0.028125
15 0.23671875 0.79140625 0.00546875 0.025
20 0.21328125 0.79140625 0.01875 0.03203125
15 0.634375 0.7921875 0.01484375 0.01484375
15 0.1546875 0.7953125 0.01484375 0.01171875
15 0.55859375 0.8 0.00703125 0.0203125
15 0.55078125 0.80078125 0.00546875 0.0234375
15 0.59296875 0.80078125 0.00625 0.0203125
15 0.5421875 0.8015625 0.00859375 0.025
15 0.5765625 0.8015625 0.00625 0.0234375
15 0.58515625 0.8015625 0.0078125 0.02578125
15 0.6015625 0.8015625 0.0078125 0.025
15 0.634375 0.80703125 0.01796875 0.0125
15 0.5109375 0.8078125 0.00703125 0.0203125
15 0.52421875 0.80859375 0.0046875 0.01875
15 0.53125 0.809375 0.0046875 0.021875
15 0.50234375 0.809375 0.0046875 0.0203125
15 0.1828125 0.8171875 0.00625 0.0203125
15 0.15 0.8171875 0.0078125 0.02109375
15 0.17421875 0.8171875 0.00625 0.02578125
15 0.1953125 0.8171875 0.00859375 0.02578125
15 0.159375 0.81796875 0.00703125 0.02421875
20 0.27578125 0.8234375 0.01328125 0.02578125
20 0.2109375 0.825 0.01796875 0.028125
20 0.23203125 0.825 0.015625 0.028125
15 0.55078125 0.828125 0.00625 0.02578125
15 0.5421875 0.82890625 0.0078125 0.025
15 0.44453125 0.08359375 0.00703125 0.0234375
15 0.43671875 0.08359375 0.00625 0.021875
15 0.41796875 0.08359375 0.00546875 0.0203125
15 0.4265625 0.084375 0.00625 0.0203125
15 0.2265625 0.85234375 0.0078125 0.02265625
15 0.26015625 0.85234375 0.0046875 0.021875
15 0.271875 0.853125 0.0078125 0.025
15 0.278125 0.853125 0.00625 0.0203125
15 0.215625 0.853125 0.00703125 0.02265625
15 0.2453125 0.85390625 0.00703125 0.02421875
15 0.23515625 0.853125 0.00703125 0.021875
15 0.253125 0.85390625 0.00703125 0.025
15 0.20703125 0.85390625 0.00546875 0.02421875
15 0.671875 0.85859375 0.00703125 0.021875
15 0.65390625 0.859375 0.0078125 0.021875
15 0.66328125 0.86015625 0.009375 0.02421875
15 0.6890625 0.86015625 0.00546875 0.02265625
15 0.68046875 0.8609375 0.00703125 0.02421875
15 0.69921875 0.8625 0.00859375 0.02578125
9 0.67421875 0.08671875 0.03515625 0.03515625
15 0.4828125 0.875 0.00625 0.0203125
15 0.49140625 0.87578125 0.00703125 0.02421875
15 0.546875 0.8875 0.01328125 0.0109375
15 0.546875 0.903125 0.01171875 0.01328125
15 0.43515625 0.921875 0.00703125 0.02578125
15 0.44375 0.92265625 0.00703125 0.0265625
15 0.42734375 0.9234375 0.0078125 0.025
15 0.1578125 0.09296875 0.0140625 0.0109375
15 0.4703125 0.9234375 0.0078125 0.0265625
20 0.38359375 0.925 0.0203125 0.028125
15 0.453125 0.925 0.0078125 0.02734375
15 0.46171875 0.925 0.00625 0.02578125
4 0.26015625 0.93515625 0.2140625 0.121875
15 0.0453125 0.09609375 0.0125 0.01015625
9 0.25390625 0.103125 0.05078125 0.1140625
15 0.15859375 0.1078125 0.01328125 0.0125
15 0.0453125 0.11015625 0.01328125 0.00859375
1 0.04609375 0.12578125 0.01484375 0.0109375
15 0.453125 0.13984375 0.01328125 0.01171875
4 0.18984375 0.140625 0.03359375 0.090625
1 0.04609375 0.1515625 0.0125 0.0109375
15 0.4546875 0.1515625 0.01328125 0.01015625
15 0.084375 0.15234375 0.0140625 0.01015625
15 0.065625 0.15234375 0.0125 0.01015625
4 0.01796875 0.15703125 0.02421875 0.15390625
15 0.065625 0.1671875 0.0125 0.01015625
15 0.45859375 0.16796875 0.01484375 0.01171875
15 0.046875 0.16796875 0.01171875 0.00859375
20 0.81328125 0.16875 0.0171875 0.02734375
15 0.48359375 0.16953125 0.01328125 0.0109375
20 0.084375 0.175 0.0203125 0.02890625
15 0.459375 0.18046875 0.0125 0.0125
15 0.04609375 0.184375 0.01171875 0.00703125
15 0.06484375 0.1859375 0.015625 0.01015625
15 0.19921875 0.1921875 0.0140625 0.0109375
1 0.184375 0.1921875 0.01484375 0.0109375
15 0.459375 0.19296875 0.0125 0.009375
9 0.40234375 0.19609375 0.04140625 0.0984375
15 0.04609375 0.2015625 0.01171875 0.009375
15 0.06484375 0.2015625 0.01328125 0.0109375
15 0.47578125 0.20625 0.01328125 0.01015625
15 0.459375 0.20703125 0.0125 0.0125
20 0.084375 0.2078125 0.0171875 0.02734375
15 0.06484375 0.21796875 0.0109375 0.00859375
15 0.475 0.21875 0.01484375 0.009375
1 0.04609375 0.21875 0.01328125 0.01171875
9 0.2671875 0.2203125 0.0453125 0.06953125
9 0.1171875 0.225 0.03515625 0.03203125
4 0.9796875 0.22890625 0.040625 0.23046875
15 0.065625 0.2328125 0.01328125 0.00859375
15 0.084375 0.23359375 0.0125 0.0078125
15 0.04609375 0.234375 0.01328125 0.009375
20 0.7484375 0.2421875 0.02890625 0.05625
20 0.6734375 0.24296875 0.03671875 0.04765625
9 0.5515625 0.25078125 0.0640625 0.05625
15 0.46640625 0.265625 0.0078125 0.02109375
15 0.45859375 0.2671875 0.00703125 0.01796875
15 0.36484375 0.28984375 0.0125 0.01015625
15 0.40546875 0.29453125 0.00546875 0.0234375
15 0.38046875 0.2953125 0.00546875 0.02265625
15 0.39765625 0.29609375 0.00546875 0.02109375
15 0.38828125 0.2953125 0.00703125 0.0203125
15 0.415625 0.29765625 0.00546875 0.021875
15 0.42265625 0.296875 0.0078125 0.021875
15 0.36484375 0.30234375 0.0125 0.0109375
15 0.4734375 0.303125 0.0078125 0.02421875
15 0.43125 0.3046875 0.00546875 0.02109375
15 0.4390625 0.3046875 0.00703125 0.021875
1 0.45390625 0.3046875 0.00546875 0.02109375
15 0.36484375 0.31328125 0.0125 0.009375
15 0.346875 0.31328125 0.0140625 0.0109375
1 0.3640625 0.3265625 0.01171875 0.01015625
15 0.3453125 0.33125 0.0125 0.01015625
15 0.36484375 0.3375 0.0125 0.01015625
9 0.696875 0.33984375 0.04375 0.0453125
15 0.54140625 0.34453125 0.0125 0.01015625
15 0.58359375 0.371875 0.01328125 0.0078125
1 0.53828125 0.37421875 0.0125 0.0109375
4 0.3765625 0.03828125 0.1359375 0.03203125
15 0.56640625 0.384375 0.01171875 0.0109375
15 0.72890625 0.3859375 0.00625 0.021875
15 0.715625 0.3859375 0.0078125 0.02421875
15 0.70703125 0.3859375 0.00703125 0.02578125
15 0.6109375 0.3859375 0.01171875 0.0109375
15 0.73828125 0.38671875 0.00859375 0.02265625
15 0.746875 0.38671875 0.00625 0.02421875
20 0.93359375 0.3875 0.01640625 0.02265625
1 0.53828125 0.38828125 0.01484375 0.01015625
15 0.759375 0.38828125 0.0078125 0.02265625
15 0.5828125 0.390625 0.00703125 0.02109375
1 0.3625 0.39453125 0.0125 0.00859375
15 0.565625 0.39765625 0.01171875 0.009375
15 0.94765625 0.40390625 0.00546875 0.01953125
1 0.5390625 0.4078125 0.01328125 0.0109375
15 0.93359375 0.409375 0.0125 0.009375
15 0.565625 0.4125 0.01171875 0.009375
15 0.58203125 0.4203125 0.00546875 0.021875
1 0.24140625 0.42109375 0.0046875 0.01875
15 0.56640625 0.425 0.0125 0.009375
1 0.540625 0.4265625 0.01328125 0.009375
15 0.36484375 0.428125 0.01015625 0.00859375
15 0.56640625 0.4390625 0.0109375 0.00703125
9 0.453125 0.43984375 0.13046875 0.2015625
1 0.540625 0.4390625 0.0125 0.01171875
9 0.6640625 0.440625 0.04453125 0.053125
15 0.7390625 0.44609375 0.00859375 0.028125
15 0.5828125 0.446875 0.00703125 0.02109375
15 0.75703125 0.446875 0.0078125 0.02578125
15 0.7296875 0.44765625 0.0078125 0.0234375
15 0.7484375 0.44765625 0.00546875 0.025
15 0.7203125 0.44921875 0.0078125 0.03046875
15 0.7109375 0.44921875 0.009375 0.02421875
1 0.36484375 0.45234375 0.01328125 0.009375
15 0.565625 0.45234375 0.01171875 0.0078125
1 0.36484375 0.4671875 0.01171875 0.00859375
9 0.8296875 0.4765625 0.05 0.12109375
15 0.36484375 0.48359375 0.01171875 0.009375
1 0.53828125 0.49140625 0.0125 0.00859375
15 0.365625 0.50234375 0.01328125 0.00859375
1 0.5390625 0.50390625 0.0140625 0.00859375
15 0.68984375 0.50703125 0.01171875 0.00859375
1 0.36484375 0.51953125 0.01171875 0.00859375
15 0.5390625 0.51953125 0.01328125 0.009375
15 0.69140625 0.521875 0.0125 0.01015625
1 0.5421875 0.5421875 0.00546875 0.021875
1 0.36171875 0.56015625 0.00546875 0.0203125
1 0.35390625 0.5609375 0.0046875 0.01875
4 0.09296875 0.56171875 0.18515625 0.4890625
1 0.54296875 0.56953125 0.00703125 0.01953125
15 0.3375 0.571875 0.00546875 0.01953125
15 0.3453125 0.57265625 0.00546875 0.0203125
15 0.2640625 0.57578125 0.00703125 0.02109375
15 0.27265625 0.5765625 0.00546875 0.021875
15 0.43125 0.5828125 0.00625 0.01953125
1 0.42265625 0.58359375 0.0046875 0.02109375
1 0.44921875 0.58359375 0.0046875 0.021875
1 0.45703125 0.58359375 0.00546875 0.02109375
1 0.4140625 0.584375 0.00625 0.01953125
15 0.3828125 0.5890625 0.00703125 0.01953125
15 0.36171875 0.590625 0.0078125 0.01953125
15 0.353125 0.590625 0.00703125 0.01953125
15 0.37421875 0.59140625 0.00546875 0.01875
15 0.5140625 0.59296875 0.01484375 0.0140625
15 0.23359375 0.59921875 0.00625 0.0203125
15 0.25859375 0.60390625 0.00625 0.0234375
1 0.2671875 0.6046875 0.00625 0.021875
1 0.45 0.61015625 0.00625 0.021875
15 0.4421875 0.6109375 0.00546875 0.01796875
15 0.4265625 0.6109375 0.00625 0.01953125
15 0.41796875 0.6109375 0.00546875 0.01953125
15 0.39296875 0.61171875 0.00546875 0.0203125
15 0.41015625 0.61171875 0.00703125 0.01953125
15 0.43359375 0.6109375 0.00625 0.0203125
15 0.4015625 0.6125 0.00703125 0.01875
1 0.70234375 0.615625 0.0046875 0.01875
1 0.7890625 0.62421875 0.00546875 0.01953125
15 0.890625 0.6328125 0.0140625 0.00859375
15 0.2375 0.63359375 0.0125 0.0125
9 0.30703125 0.63671875 0.06953125 0.071875
1 0.7890625 0.65078125 0.00625 0.02265625
1 0.44609375 0.659375 0.00546875 0.0203125
1 0.39765625 0.66015625 0.00703125 0.0203125
1 0.42265625 0.66171875 0.00546875 0.01875
1 0.40625 0.66171875 0.00625 0.021875
1 0.4140625 0.66171875 0.00625 0.0234375
1 0.69921875 0.6640625 0.00546875 0.01953125
9 0.85390625 0.68203125 0.05390625 0.11640625
15 0.79765625 0.69765625 0.00625 0.0203125
15 0.80546875 0.69765625 0.0078125 0.01953125
20 0.1671875 0.70234375 0.01796875 0.03125
20 0.18984375 0.70234375 0.0171875 0.03203125
1 0.69921875 0.71328125 0.00546875 0.01875
20 0.2109375 0.7546875 0.01796875 0.03515625
20 0.1796875 0.75703125 0.01875 0.02890625
15 0.23515625 0.759375 0.0078125 0.02109375
15 0.225 0.76015625 0.00546875 0.021875
20 0.3140625 0.77421875 0.01640625 0.0265625
20 0.29375 0.775 0.01640625 0.02578125
20 0.334375 0.77578125 0.015625 0.02734375