2 0.6484375 0.996875 0.03515625 0.0046875
2 0.1984375 0.00703125 0.04375 0.0140625
2 0.19296875 0.021875 0.0375 0.01640625
2 0.1859375 0.03984375 0.03671875 0.01796875
2 0.7125 0.1515625 0.0390625 0.021875
2 0.80703125 0.17109375 0.04296875 0.02109375
2 0.8703125 0.18359375 0.040625 0.021875
2 0.18203125 0.0578125 0.0390625 0.01875
16 0.4796875 0.1171875 0.02265625 0.02890625
16 0.4421875 0.1109375 0.02265625 0.025
16 0.46015625 0.11484375 0.02421875 0.02890625
2 0.53828125 0.13046875 0.0390625 0.021875
2 0.58046875 0.13984375 0.04296875 0.02421875
16 0.49609375 0.12421875 0.025 0.034375
2 0.62734375 0.14921875 0.0453125 0.025
2 0.93515625 0.24140625 0.04140625 0.02109375
16 0.81875 0.2265625 0.025 0.02890625
16 0.8359375 0.2296875 0.02421875 0.03046875
2 0.6421875 0.19609375 0.025 0.03046875
16 0.6796875 0.203125 0.02421875 0.028125
16 0.74453125 0.2140625 0.02734375 0.0328125
16 0.66171875 0.19921875 0.02421875 0.02734375
2 0.7171875 0.21015625 0.03125 0.03046875
2 0.790625 0.22421875 0.03046875 0.03203125
16 0.88828125 0.2421875 0.025 0.03125
2 0.865625 0.23828125 0.0265625 0.0328125
16 0.76171875 0.21953125 0.02734375 0.0328125
16 0.903125 0.2453125 0.025 0.03125
16 0.42578125 0.178125 0.02265625 0.02890625
16 0.44453125 0.18125 0.025 0.03125
16 0.56171875 0.2046875 0.040625 0.025
16 0.60390625 0.2125 0.03671875 0.021875
16 0.5203125 0.19765625 0.040625 0.02109375
16 0.346875 0.19375 0.02421875 0.028125
2 0.3 0.20546875 0.02421875 0.03046875
16 0.2828125 0.203125 0.02421875 0.02890625
2 0.31953125 0.2109375 0.025 0.03046875
16 0.1671875 0.1859375 0.0203125 0.02578125
16 0.21953125 0.19609375 0.0265625 0.02890625
16 0.20234375 0.19375 0.02421875 0.03046875
16 0.18515625 0.190625 0.02265625 0.02890625
2 0.8890625 0.33046875 0.03515625 0.01875
16 0.77734375 0.315625 0.02421875 0.02890625
9 0.8296875 0.3296875 0.078125 0.05
9 0.95 0.3515625 0.0859375 0.05234375
16 0.290625 0.2296875 0.0390625 0.0203125
16 0.8859375 0.34609375 0.03671875 0.01875
16 0.2609375 0.2328125 0.025 0.028125
16 0.1171875 0.21171875 0.02265625 0.02578125
16 0.19140625 0.2265625 0.02265625 0.028125
16 0.17578125 0.2234375 0.02109375 0.02734375
2 0.88125 0.36015625 0.0375 0.021875
16 0.8078125 0.36328125 0.03671875 0.0203125
2 0.28828125 0.2765625 0.040625 0.0234375
2 0.3328125 0.28515625 0.03671875 0.021875
2 0.37109375 0.29296875 0.0390625 0.02109375
2 0.80390625 0.37890625 0.03515625 0.01875
16 0.41953125 0.309375 0.025 0.03203125
16 0.0734375 0.259375 0.02265625 0.028125
16 0.09140625 0.26328125 0.0265625 0.03046875
16 0.11171875 0.2671875 0.0265625 0.03046875
16 0.25859375 0.29453125 0.02421875 0.02890625
16 0.278125 0.2984375 0.02265625 0.02734375
16 0.35546875 0.3125 0.02421875 0.02734375
16 0.79921875 0.39453125 0.034375 0.01796875
16 0.2984375 0.30234375 0.025 0.028125
16 0.3359375 0.309375 0.02265625 0.028125
16 0.31875 0.30703125 0.02265625 0.028125
16 0.375 0.31796875 0.0265625 0.03046875
2 0.43203125 0.3421875 0.02734375 0.03125
2 0.4703125 0.35078125 0.0265625 0.03046875
2 0.79375 0.4109375 0.03671875 0.01875
2 0.4078125 0.3421875 0.02734375 0.02890625
9 0.209375 0.30859375 0.065625 0.065625
2 0.38828125 0.34609375 0.02421875 0.02890625
2 0.26875 0.328125 0.0265625 0.03046875
2 0.24921875 0.325 0.025 0.02890625
20 0.090625 0.296875 0.040625 0.0375
2 0.32734375 0.340625 0.02734375 0.03203125
2 0.28984375 0.33359375 0.025 0.03046875
2 0.30625 0.33671875 0.025 0.028125
20 0.059375 0.29140625 0.03046875 0.0328125
2 0.346875 0.34453125 0.02421875 0.02890625
2 0.36640625 0.34921875 0.025 0.02890625
2 0.59609375 0.39921875 0.0375 0.01875
16 0.06953125 0.33515625 0.02265625 0.025
16 0.16484375 0.353125 0.0203125 0.02578125
16 0.05 0.33203125 0.02265625 0.02578125
16 0.15 0.35078125 0.025 0.02890625
16 0.18125 0.35703125 0.02265625 0.02890625
16 0.21328125 0.36328125 0.02421875 0.03125
16 0.196875 0.36015625 0.02109375 0.02890625
16 0.109375 0.34375 0.025 0.02890625
16 0.0890625 0.340625 0.02421875 0.028125
16 0.12890625 0.34765625 0.02109375 0.02734375
2 0.253125 0.3734375 0.0375 0.0203125
2 0.51328125 0.4296875 0.0390625 0.021875
2 0.2484375 0.3921875 0.03515625 0.0203125
2 0.50859375 0.44765625 0.040625 0.0203125
16 0.13828125 0.38125 0.0265625 0.03203125
20 0.03984375 0.3671875 0.034375 0.0328125
2 0.50390625 0.4640625 0.0375 0.02109375
16 0.23671875 0.4171875 0.0375 0.02109375
2 0.2 0.4109375 0.03515625 0.021875
2 0.79375 0.52578125 0.0390625 0.021875
16 0.16875 0.425 0.0375 0.0203125
16 0.0359375 0.40390625 0.02421875 0.03125
16 0.02109375 0.40078125 0.01640625 0.02890625
16 0.23046875 0.44140625 0.0375 0.01875
16 0.91640625 0.578125 0.03671875 0.02109375
2 0.10703125 0.43046875 0.040625 0.02109375
2 0.49296875 0.50234375 0.034375 0.02109375
16 0.16171875 0.44140625 0.034375 0.01875
2 0.228125 0.45703125 0.03515625 0.02109375
9 0.35625 0.48359375 0.259375 0.246875
16 0.5640625 0.5265625 0.02265625 0.02890625
16 0.14609375 0.45390625 0.03515625 0.01796875
2 0.4890625 0.51875 0.03671875 0.01875
2 0.1015625 0.44765625 0.0390625 0.021875
16 0.0109375 0.43515625 0.01640625 0.02734375
16 0.02421875 0.4375 0.02421875 0.02890625
2 0.21953125 0.47421875 0.0375 0.01875
20 0.9046875 0.60078125 0.04140625 0.03984375
2 0.5828125 0.54765625 0.0328125 0.01875
2 0.140625 0.46953125 0.0390625 0.021875
2 0.09609375 0.465625 0.04140625 0.0234375
16 0.5796875 0.5625 0.034375 0.0171875
16 0.134375 0.48671875 0.03671875 0.01796875
2 0.471875 0.55234375 0.0390625 0.021875
2 0.21328125 0.5046875 0.03125 0.0171875
2 0.68203125 0.5921875 0.0390625 0.02109375
2 0.0921875 0.48359375 0.03515625 0.02109375
2 0.76953125 0.6078125 0.03515625 0.02109375
20 0.87734375 0.6328125 0.0390625 0.0359375
2 0.5890625 0.58046875 0.03671875 0.0203125
2 0.90390625 0.63828125 0.02734375 0.03046875
16 0.1296875 0.50234375 0.0375 0.01875
2 0.20625 0.52421875 0.03515625 0.0203125
2 0.125 0.51875 0.03515625 0.01875
4 0.93671875 0.66953125 0.08671875 0.13359375
16 0.453125 0.58359375 0.025 0.03046875
2 0.896875 0.66953125 0.02265625 0.02890625
16 0.85859375 0.66328125 0.025 0.028125
16 0.87734375 0.6671875 0.02109375 0.02734375
16 0.44296875 0.61875 0.025 0.03046875
2 0.8703125 0.69765625 0.02265625 0.02734375
16 0.85 0.69453125 0.025 0.03125
2 0.88828125 0.7015625 0.02421875 0.028125
2 0.40625 0.61953125 0.0265625 0.03203125
2 0.2421875 0.6046875 0.0265625 0.02734375
2 0.3046875 0.61875 0.02734375 0.03203125
2 0.32578125 0.621875 0.02890625 0.0328125
2 0.375 0.63125 0.02734375 0.03125
16 0.78828125 0.753125 0.03515625 0.0203125
2 0.0078125 0.609375 0.015625 0.059375
16 0.6765625 0.740625 0.02421875 0.028125
16 0.6578125 0.7375 0.02421875 0.02734375
20 0.8234375 0.76953125 0.04296875 0.0328125
2 0.7546875 0.7578125 0.02734375 0.03203125
16 0.78359375 0.7703125 0.03515625 0.0203125
2 0.56015625 0.73203125 0.02265625 0.02578125
2 0.540625 0.73046875 0.025 0.03125
16 0.01328125 0.634375 0.02421875 0.03046875
9 0.7125 0.7640625 0.06953125 0.07265625
4 0.90625 0.80078125 0.071875 0.1296875
16 0.778125 0.784375 0.0328125 0.0171875
16 0.57265625 0.74921875 0.0265625 0.03125
16 0.6703125 0.76953125 0.02734375 0.03125
16 0.63046875 0.7625 0.02421875 0.02890625
16 0.65078125 0.76640625 0.02421875 0.02890625
20 0.6046875 0.759375 0.04296875 0.03828125
20 0.8171875 0.8 0.040625 0.03125
16 0.540625 0.75078125 0.03671875 0.01796875
2 0.7453125 0.7890625 0.025 0.03046875
16 0.775 0.80078125 0.03671875 0.01875
2 0.0125 0.66796875 0.025 0.03515625
16 0.5921875 0.7828125 0.03125 0.01640625
2 0.5859375 0.8 0.034375 0.01875
9 0.53984375 0.7953125 0.071875 0.0703125
16 0.5828125 0.8140625 0.034375 0.0171875
16 0.578125 0.828125 0.03515625 0.02109375
16 0.5734375 0.8421875 0.034375 0.0203125
16 0.48984375 0.83984375 0.02265625 0.02734375
16 0.50546875 0.84375 0.02109375 0.02890625
20 0.53203125 0.8484375 0.0390625 0.0359375
2 0.56796875 0.85859375 0.0375 0.0203125
9 0.70546875 0.90390625 0.221875 0.17734375
2 0.5578125 0.8875 0.0375 0.0203125
16 0.5515625 0.9046875 0.0328125 0.01640625
16 0.5140625 0.925 0.02265625 0.02734375
16 0.54765625 0.96015625 0.0203125 0.025
16 0.50625 0.953125 0.0203125 0.02578125
16 0.5265625 0.95625 0.0203125 0.025