2 0.67734375 0.1109375 0.06796875 0.05234375
2 0.22890625 0.22265625 0.09375 0.2203125
2 0.42890625 0.17734375 0.0921875 0.1796875
2 0.49921875 0.16015625 0.0625 0.225
2 0.9515625 0.05859375 0.01953125 0.1078125
2 0.93515625 0.06640625 0.021875 0.10234375
16 0.5421875 0.17265625 0.03203125 0.03515625
16 0.6578125 0.1671875 0.01640625 0.0703125
16 0.60390625 0.18125 0.01953125 0.07734375
16 0.61953125 0.1796875 0.01875 0.0796875
22 0.32265625 0.26015625 0.0921875 0.26015625
16 0.54453125 0.21015625 0.0296875 0.03515625
16 0.7453125 0.19140625 0.0140625 0.0671875
16 0.7625 0.1953125 0.015625 0.075
2 0.4390625 0.2734375 0.06640625 0.0578125
2 0.56640625 0.2921875 0.01875 0.08515625
2 0.60625 0.29140625 0.0171875 0.07265625
16 0.6671875 0.27890625 0.015625 0.07265625
16 0.63671875 0.2875 0.015625 0.075
16 0.65078125 0.28359375 0.0109375 0.0578125
16 0.62109375 0.2921875 0.01171875 0.0703125
16 0.8234375 0.24765625 0.0296875 0.05
16 0.74140625 0.29765625 0.0171875 0.075
2 0.75859375 0.29609375 0.01171875 0.07265625
16 0.24921875 0.44140625 0.03046875 0.0625
2 0.28359375 0.44609375 0.03515625 0.05234375
2 0.37890625 0.4390625 0.1015625 0.1671875
16 0.82734375 0.34765625 0.03828125 0.0953125
2 0.73984375 0.3765625 0.04140625 0.0421875
16 0.52421875 0.4328125 0.0390625 0.0546875
22 0.26875 0.5203125 0.10859375 0.125
2 0.7421875 0.41640625 0.0359375 0.04765625
16 0.5265625 0.4796875 0.04140625 0.0546875
16 0.82890625 0.4546875 0.03203125 0.0453125
9 0.63125 0.50625 0.15546875 0.3375
2 0.74453125 0.4796875 0.04296875 0.0546875
2 0.53203125 0.54375 0.04375 0.0671875
2 0.36328125 0.59765625 0.0828125 0.16484375
2 0.4296875 0.6015625 0.0515625 0.07265625
16 0.06875 0.70390625 0.03203125 0.05234375
16 0.103125 0.69765625 0.0328125 0.06015625
16 0.8703125 0.5375 0.03359375 0.03984375
2 0.2875 0.68359375 0.09765625 0.2171875
2 0.5421875 0.6234375 0.02109375 0.0875
2 0.92265625 0.5421875 0.0375 0.05
22 0.16015625 0.74375 0.06640625 0.19765625
16 0.37734375 0.6921875 0.01953125 0.08984375
2 0.1921875 0.7390625 0.01953125 0.07734375
2 0.20859375 0.7359375 0.01640625 0.0828125
16 0.396875 0.6921875 0.01875 0.08984375
2 0.225 0.73515625 0.01640625 0.08515625
22 0.44921875 0.7109375 0.07578125 0.1875
2 0.11015625 0.8140625 0.03046875 0.04765625
16 0.875 0.6328125 0.03203125 0.0296875
2 0.6609375 0.70625 0.021875 0.0828125
16 0.590625 0.7265625 0.0140625 0.07734375
16 0.63671875 0.71640625 0.01328125 0.0671875
2 0.6234375 0.72109375 0.0140625 0.07265625
2 0.75703125 0.6890625 0.0171875 0.0921875
16 0.71640625 0.6984375 0.0171875 0.0828125
16 0.53203125 0.74609375 0.02421875 0.0875
2 0.5578125 0.74140625 0.02734375 0.0875
16 0.60625 0.7296875 0.01953125 0.075
2 0.6796875 0.7109375 0.01640625 0.0828125
16 0.57734375 0.7359375 0.01171875 0.0625
16 0.7359375 0.6984375 0.01953125 0.0921875
2 0.696875 0.7140625 0.0171875 0.0828125
2 0.1390625 0.8703125 0.028125 0.03984375
2 0.2078125 0.85390625 0.03515625 0.05234375
2 0.17265625 0.89375 0.03359375 0.04765625
16 0.67265625 0.78359375 0.0328125 0.05234375
2 0.64140625 0.79140625 0.03046875 0.04765625
2 0.70546875 0.78125 0.03359375 0.04765625
16 0.59609375 0.82734375 0.01640625 0.075
16 0.1734375 0.9296875 0.0359375 0.06015625
2 0.58046875 0.83359375 0.01640625 0.0875
16 0.6125 0.8265625 0.01640625 0.07265625
20 0.6703125 0.05234375 0.1203125 0.1046875
2 0.27265625 0.10234375 0.028125 0.0796875
16 0.54765625 0.06484375 0.04296875 0.075
2 0.59453125 0.05625 0.025 0.0875
16 0.88984375 0.00859375 0.0390625 0.0171875