2 0.484375 0.8234375 0.06796875 0.1515625
20 0.90390625 0.709375 0.08828125 0.178125
2 0.68828125 0.77265625 0.01171875 0.0484375
16 0.1546875 0.1453125 0.01015625 0.03125
9 0.33046875 0.88515625 0.1046875 0.16484375
2 0.175 0.8953125 0.15234375 0.20703125
2 0.609375 0.80859375 0.1609375 0.2828125
9 0.76328125 0.76875 0.10390625 0.1546875
16 0.7078125 0.7921875 0.00859375 0.028125
9 0.69609375 0.8484375 0.0328125 0.0453125
9 0.26796875 0.96875 0.02734375 0.040625
2 0.2984375 0.9671875 0.03984375 0.06484375
2 0.709375 0.87890625 0.01015625 0.02890625
2 0.73515625 0.8734375 0.03828125 0.06484375
2 0.2828125 0.9921875 0.01015625 0.01484375
2 0.6953125 0.88515625 0.01015625 0.0296875
2 0.26875 0.99375 0.0109375 0.01015625
4 0.86015625 0.89375 0.07890625 0.0453125
4 0.4359375 0.99375 0.07578125 0.0109375
4 0.69375 0.93984375 0.07578125 0.04453125
2 0.60859375 0.0484375 0.0640625 0.096875
4 0.21015625 0.15 0.03515625 0.109375
4 0.18203125 0.16015625 0.03203125 0.1078125
16 0.08515625 0.190625 0.01640625 0.01796875
16 0.703125 0.02109375 0.01796875 0.0203125
9 0.82109375 0.02109375 0.0484375 0.0421875
16 0.1515625 0.18046875 0.01015625 0.0296875
2 0.1359375 0.1875 0.02734375 0.04609375
2 0.2578125 0.1578125 0.05390625 0.07734375
16 0.09609375 0.20625 0.01640625 0.0171875
4 0.73359375 0.0578125 0.04140625 0.115625
9 0.6625 0.05234375 0.04765625 0.1046875
16 0.70546875 0.0453125 0.01640625 0.0171875
16 0.778125 0.0265625 0.01484375 0.01484375
16 0.334375 0.15078125 0.01640625 0.01875
16 0.16484375 0.20078125 0.01796875 0.07578125
16 0.43046875 0.12890625 0.0078125 0.02734375
2 0.41796875 0.134375 0.00859375 0.0265625
16 0.3734375 0.15078125 0.01484375 0.01328125
16 0.15390625 0.2140625 0.01015625 0.03203125
2 0.08515625 0.240625 0.03515625 0.05625
16 0.92578125 0.01015625 0.0140625 0.01328125
16 0.8875 0.02109375 0.01328125 0.0125
16 0.78046875 0.05390625 0.01484375 0.01484375
2 0.30390625 0.1921875 0.01015625 0.02890625
2 0.6421875 0.1015625 0.009375 0.028125
2 0.8203125 0.06328125 0.01484375 0.01328125
16 0.1578125 0.24765625 0.009375 0.0296875
16 0.92734375 0.03671875 0.015625 0.01484375
16 0.12890625 0.25703125 0.015625 0.015625
16 0.88984375 0.04609375 0.01328125 0.01328125
16 0.78203125 0.07734375 0.015625 0.015625
16 0.37265625 0.19375 0.009375 0.02890625
16 0.38125 0.19296875 0.0078125 0.02578125
16 0.8 0.0859375 0.00859375 0.0265625
16 0.3546875 0.21796875 0.01015625 0.02890625
16 0.13046875 0.28125 0.01640625 0.01796875
16 0.9296875 0.0625 0.01484375 0.01328125
16 0.89296875 0.07265625 0.01328125 0.0125
2 0.071875 0.30859375 0.05625 0.084375
2 0.17109375 0.2875 0.009375 0.02890625
16 0.16171875 0.29140625 0.009375 0.028125
2 0.19765625 0.2875 0.01640625 0.015625
16 0.1328125 0.30625 0.01640625 0.01796875
16 0.93359375 0.0859375 0.015625 0.01328125
16 0.8953125 0.09765625 0.0140625 0.01171875
16 0.36796875 0.24765625 0.01640625 0.0171875
16 0.40546875 0.2375 0.0171875 0.01640625
16 0.38671875 0.24296875 0.01640625 0.0171875
2 0.21796875 0.290625 0.015625 0.01640625
16 0.4078125 0.2546875 0.0171875 0.01796875
16 0.38828125 0.2609375 0.015625 0.01640625
16 0.45703125 0.25625 0.01640625 0.01484375
16 0.475 0.2515625 0.015625 0.015625
16 0.66171875 0.2078125 0.01484375 0.015625
16 0.4421875 0.2703125 0.0171875 0.01875
2 0.425 0.27578125 0.01640625 0.0171875
20 0.1359375 0.3578125 0.05234375 0.08359375
2 0.5703125 0.25078125 0.04609375 0.08359375
2 0.53515625 0.265625 0.0171875 0.0171875
16 0.50390625 0.275 0.01640625 0.015625
16 0.66328125 0.234375 0.015625 0.015625
9 0.878125 0.17578125 0.04453125 0.084375
9 0.8203125 0.19140625 0.04609375 0.0828125
9 0.703125 0.225 0.04296875 0.07578125
9 0.76171875 0.209375 0.04609375 0.08359375
2 0.20234375 0.365625 0.04765625 0.07578125
16 0.44453125 0.3015625 0.00859375 0.0265625
16 0.45390625 0.29921875 0.009375 0.02734375
16 0.09296875 0.4015625 0.03125 0.10234375
2 0.50625 0.29609375 0.0171875 0.01640625
9 0.428125 0.3171875 0.02265625 0.0421875
16 0.66640625 0.259375 0.0140625 0.0125
16 0.33984375 0.3609375 0.01015625 0.02890625
16 0.66796875 0.2828125 0.0140625 0.01171875
4 0.95234375 0.2078125 0.04453125 0.05546875
16 0.903125 0.22578125 0.01484375 0.015625
2 0.878125 0.2328125 0.015625 0.01328125
16 0.84375 0.2421875 0.01640625 0.01484375
2 0.8203125 0.24921875 0.01640625 0.015625
2 0.76171875 0.265625 0.01640625 0.0171875
2 0.70390625 0.28359375 0.01484375 0.01484375
16 0.78671875 0.2671875 0.01640625 0.01484375
16 0.728125 0.284375 0.0140625 0.01171875
9 0.31640625 0.434375 0.02890625 0.0296875
2 0.03828125 0.5171875 0.0765625 0.12109375
2 0.95703125 0.2734375 0.04375 0.06328125
2 0.8875 0.29921875 0.03125 0.0796875
2 0.82890625 0.31875 0.0390625 0.090625
2 0.7734375 0.340625 0.0328125 0.0890625
4 0.21328125 0.49609375 0.03125 0.08828125
2 0.7140625 0.3609375 0.0359375 0.09296875
2 0.30625 0.4765625 0.05703125 0.07265625
4 0.25234375 0.49375 0.03046875 0.07421875
9 0.8765625 0.328125 0.021875 0.03671875
16 0.75703125 0.37890625 0.009375 0.02734375
16 0.140625 0.5546875 0.0234375 0.09453125
16 0.125 0.55859375 0.021875 0.09375
16 0.34296875 0.51015625 0.0171875 0.01640625
16 0.3234375 0.51953125 0.0171875 0.0171875
16 0.184375 0.56875 0.01640625 0.01640625
16 0.11171875 0.5890625 0.01015625 0.03125
20 0.09453125 0.61015625 0.02265625 0.04453125
2 0.27890625 0.56796875 0.03046875 0.0515625
2 0.96640625 0.38125 0.06640625 0.1703125
4 0.25078125 0.58828125 0.02890625 0.07421875
2 0.7640625 0.44921875 0.0484375 0.08671875
2 0.81171875 0.4375 0.03671875 0.05234375
16 0.3171875 0.5765625 0.04921875 0.0328125
9 0.17734375 0.61796875 0.0421875 0.07734375
16 0.07265625 0.65234375 0.05390625 0.03671875
2 0.8546875 0.43984375 0.04609375 0.07734375
2 0.4640625 0.55 0.03203125 0.0671875
2 0.36875 0.57734375 0.0515625 0.08828125
16 0.1171875 0.6484375 0.01640625 0.01484375
2 0.41953125 0.5734375 0.03671875 0.07109375
4 0.90390625 0.44296875 0.03984375 0.0546875
16 0.05546875 0.684375 0.01796875 0.01875
16 0.19765625 0.659375 0.0171875 0.01875
2 0.1734375 0.66796875 0.01640625 0.01796875
2 0.1765625 0.70625 0.0328125 0.0515625
16 0.13984375 0.71875 0.0328125 0.12421875
9 0.16796875 0.771875 0.02421875 0.03984375
16 0.10625 0.8046875 0.02265625 0.090625
16 0.7296875 0.6328125 0.01640625 0.01640625
16 0.73359375 0.66875 0.01640625 0.0171875