16 0.3828125 0.140625 0.015625 0.03515625
2 0.45 0.128125 0.0234375 0.01953125
16 0.090625 0.234375 0.02265625 0.01796875
4 0.071875 0.128125 0.14375 0.071875
2 0.41484375 0.140625 0.03359375 0.02265625
2 0.55859375 0.103125 0.0234375 0.05078125
2 0.5375 0.109375 0.0234375 0.0515625
9 0.125 0.2359375 0.0421875 0.04375
16 0.09296875 0.24609375 0.02578125 0.01796875
16 0.453125 0.13984375 0.02109375 0.015625
2 0.4828125 0.0109375 0.040625 0.021875
16 0.0078125 0.27734375 0.0140625 0.03125
16 0.0953125 0.259375 0.025 0.01796875
2 0.18984375 0.23359375 0.0234375 0.0171875
2 0.65546875 0.09765625 0.0328125 0.02578125
16 0.684375 0.0890625 0.0234375 0.0203125
2 0.25078125 0.21796875 0.0234375 0.0203125
2 0.05546875 0.278125 0.0140625 0.03046875
2 0.61171875 0.1140625 0.02890625 0.05546875
2 0.484375 0.153125 0.0234375 0.01953125
16 0.09765625 0.27109375 0.0234375 0.01953125
2 0.19296875 0.246875 0.04140625 0.025
4 0.3703125 0.04375 0.11875 0.06796875
16 0.146875 0.26640625 0.01484375 0.03125
16 0.1 0.284375 0.0234375 0.01953125
2 0.48828125 0.16953125 0.021875 0.0171875
16 0.7546875 0.0921875 0.01171875 0.0296875
2 0.74375 0.09609375 0.0140625 0.03046875
16 0.6890625 0.11328125 0.02578125 0.01953125
2 0.6609375 0.12265625 0.034375 0.028125
16 0.13125 0.2796875 0.02578125 0.01796875
2 0.10234375 0.2984375 0.021875 0.0171875
16 0.49140625 0.1875 0.02578125 0.02109375
2 0.51328125 0.18203125 0.01484375 0.0328125
2 0.71484375 0.12578125 0.0140625 0.03046875
16 0.63984375 0.1484375 0.015625 0.0328125
2 0.665625 0.1453125 0.03515625 0.0296875
16 0.69375 0.13671875 0.025 0.01953125
4 0.89609375 0.103125 0.08828125 0.20625
20 0.26328125 0.2703125 0.03203125 0.0484375
2 0.49453125 0.20859375 0.02265625 0.01796875
2 0.5703125 0.19609375 0.0265625 0.01796875
16 0.546875 0.203125 0.02109375 0.0171875
16 0.59296875 0.18984375 0.025 0.01953125
2 0.5234375 0.2109375 0.02265625 0.01796875
16 0.57265625 0.209375 0.02578125 0.02109375
16 0.54765625 0.21796875 0.025 0.01796875
2 0.66171875 0.18515625 0.0234375 0.02265625
16 0.66484375 0.203125 0.02578125 0.0203125
16 0.4765625 0.2671875 0.0140625 0.03125
16 0.48515625 0.265625 0.01328125 0.0328125
16 0.49375 0.2640625 0.0140625 0.03125
16 0.7859375 0.1859375 0.015625 0.03359375
2 0.77421875 0.19765625 0.0203125 0.0453125
16 0.35 0.33125 0.01328125 0.0296875
16 0.33125 0.33671875 0.01328125 0.03125
16 0.340625 0.334375 0.0125 0.03046875
2 0.79609375 0.20625 0.02265625 0.01796875
2 0.81171875 0.2171875 0.0265625 0.02109375
2 0.79296875 0.23359375 0.0140625 0.03125
16 0.78203125 0.2375 0.015625 0.03125
2 0.53359375 0.01484375 0.01484375 0.0296875
9 0.72734375 0.27265625 0.09453125 0.08359375
2 0.5234375 0.01640625 0.0125 0.028125
2 0.51484375 0.01953125 0.01328125 0.03125
2 0.903125 0.228125 0.03515625 0.0234375
2 0.67890625 0.3046875 0.0125 0.0296875
9 0.171875 0.45625 0.09296875 0.08828125
16 0.30390625 0.4203125 0.0203125 0.0171875
16 0.9015625 0.24375 0.0234375 0.01953125
16 0.30703125 0.43203125 0.02109375 0.015625
9 0.8484375 0.2765625 0.08359375 0.1203125
2 0.30859375 0.44375 0.021875 0.0171875
2 0.06171875 0.52265625 0.0125 0.03046875
9 0.10234375 0.51484375 0.06796875 0.11640625
2 0.92890625 0.275 0.03984375 0.04296875
2 0.45390625 0.04375 0.028125 0.05390625
20 0.6859375 0.3609375 0.03515625 0.03828125
16 0.28046875 0.48203125 0.0234375 0.0171875
16 0.24375 0.5125 0.02265625 0.01953125
16 0.28359375 0.50234375 0.02265625 0.01953125
16 0.31875 0.49609375 0.0234375 0.01796875
2 0.2265625 0.525 0.0140625 0.03125
16 0.24609375 0.5265625 0.02265625 0.01796875
16 0.2859375 0.51484375 0.02265625 0.0171875
16 0.321875 0.509375 0.0234375 0.01953125
2 0.76484375 0.3875 0.015625 0.03359375
2 0.79453125 0.38984375 0.03359375 0.02109375
16 0.325 0.52890625 0.0234375 0.0203125
2 0.05703125 0.6125 0.02578125 0.0203125
4 0.6984375 0.425 0.04375 0.03828125
16 0.03984375 0.6265625 0.01484375 0.0328125
2 0.06875 0.62890625 0.04375 0.0359375
16 0.3296875 0.55546875 0.0234375 0.0171875
16 0.2953125 0.565625 0.0234375 0.01796875
16 0.25 0.58203125 0.025 0.0203125
9 0.51796875 0.50703125 0.3703125 0.38671875
16 0.29765625 0.578125 0.02578125 0.0203125
16 0.25234375 0.59375 0.0234375 0.0171875
16 0.70859375 0.46015625 0.015625 0.03359375
16 0.6984375 0.4640625 0.015625 0.03515625
9 0.15546875 0.625 0.06640625 0.10234375
16 0.334375 0.578125 0.021875 0.01796875
2 0.25546875 0.60703125 0.025 0.01953125
16 0.3015625 0.6 0.0234375 0.01796875
16 0.4921875 0.0453125 0.01796875 0.03984375
16 0.5046875 0.04140625 0.015625 0.03828125
16 0.3375 0.59609375 0.0234375 0.01953125
16 0.3046875 0.61171875 0.02265625 0.0171875
16 0.33984375 0.60859375 0.025 0.01796875
2 0.696875 0.503125 0.015625 0.0328125
16 0.34140625 0.61953125 0.025 0.0171875
2 0.1328125 0.15625 0.02265625 0.01953125
2 0.740625 0.50859375 0.01484375 0.03125
16 0.34375 0.63046875 0.0234375 0.01953125
16 0.0515625 0.7265625 0.02578125 0.053125
16 0.64453125 0.0078125 0.02578125 0.015625
16 0.6203125 0.01328125 0.021875 0.0171875
16 0.67109375 0.0046875 0.025 0.009375
9 0.2578125 0.6828125 0.06171875 0.10234375
16 0.38984375 0.0828125 0.02265625 0.0171875
16 0.734375 0.54296875 0.01328125 0.03046875
16 0.7453125 0.540625 0.015625 0.0328125
16 0.41328125 0.07734375 0.02578125 0.01953125
9 0.19140625 0.71796875 0.09140625 0.08203125
9 0.09296875 0.75 0.0265625 0.04140625
16 0.03203125 0.19140625 0.0140625 0.03125
16 0.040625 0.1890625 0.0125 0.028125
16 0.06015625 0.1828125 0.0140625 0.03046875
16 0.05 0.1875 0.0140625 0.0296875
16 0.0890625 0.175 0.0125 0.028125
16 0.10703125 0.1703125 0.0125 0.02734375
16 0.7109375 0.58515625 0.025 0.0203125
9 0.8953125 0.53359375 0.0625 0.1140625
16 0.11640625 0.16796875 0.01171875 0.02734375
16 0.07890625 0.17890625 0.0125 0.02734375
16 0.7140625 0.60390625 0.0234375 0.0171875
16 0.35234375 0.09921875 0.02578125 0.01796875
16 0.09765625 0.175 0.0125 0.02578125
16 0.06015625 0.8015625 0.0140625 0.03125
9 0.10234375 0.790625 0.0265625 0.040625
16 0.71640625 0.615625 0.025 0.01796875
16 0.3203125 0.76015625 0.0140625 0.03046875
16 0.3109375 0.7640625 0.0140625 0.0328125
4 0.06875 0.84921875 0.0375 0.06328125
9 0.8015625 0.63359375 0.15078125 0.1890625
16 0.240625 0.13828125 0.01640625 0.0328125
16 0.28359375 0.1265625 0.015625 0.03359375
4 0.97578125 0.58984375 0.046875 0.1890625
9 0.28984375 0.80078125 0.0515625 0.08203125
16 0.25390625 0.13515625 0.015625 0.03359375
16 0.22890625 0.14296875 0.015625 0.0328125
16 0.2125 0.14765625 0.015625 0.03125
16 0.2703125 0.13046875 0.01640625 0.0359375
16 0.32578125 0.8171875 0.01484375 0.03359375
9 0.9171875 0.64609375 0.0640625 0.121875
2 0.6296875 0.73828125 0.01328125 0.0296875
16 0.6203125 0.7421875 0.0140625 0.03125
16 0.61015625 0.74609375 0.01484375 0.0328125
16 0.43359375 0.80078125 0.0234375 0.01796875
16 0.396875 0.81171875 0.02265625 0.01796875
16 0.14453125 0.1734375 0.0390625 0.0296875
16 0.303125 0.85078125 0.03046875 0.02109375
9 0.23671875 0.8703125 0.0390625 0.03828125
16 0.4265625 0.84921875 0.02265625 0.015625
2 0.4640625 0.8390625 0.02578125 0.01796875
2 0.39453125 0.859375 0.021875 0.015625
2 0.1234375 0.94140625 0.0234375 0.01796875
2 0.89140625 0.71796875 0.01484375 0.03125
2 0.875 0.72578125 0.025 0.01953125
4 0.09453125 0.940625 0.06875 0.11875
2 0.84765625 0.73671875 0.01328125 0.028125
16 0.82734375 0.74375 0.01328125 0.028125
2 0.8375 0.740625 0.01484375 0.0296875
16 0.790625 0.75625 0.0140625 0.03046875
2 0.81796875 0.74765625 0.01328125 0.0296875
2 0.78046875 0.76015625 0.01328125 0.03125
2 0.80859375 0.7515625 0.0140625 0.03046875
2 0.771875 0.7625 0.01484375 0.03125
2 0.8 0.7546875 0.01328125 0.03046875
2 0.12734375 0.9609375 0.021875 0.0171875
2 0.74453125 0.7828125 0.0421875 0.0328125
9 0.93515625 0.73203125 0.06796875 0.078125
16 0.8390625 0.76484375 0.0234375 0.0171875
16 0.47421875 0.8734375 0.021875 0.01484375
2 0.98671875 0.7234375 0.025 0.03515625
2 0.49609375 0.89140625 0.01328125 0.03125
16 0.8640625 0.78359375 0.05 0.0359375
2 0.57734375 0.05625 0.01328125 0.0296875
2 0.46796875 0.9140625 0.0234375 0.01953125
2 0.440625 0.92265625 0.0234375 0.01953125
16 0.45234375 0.01171875 0.0234375 0.01953125
16 0.328125 0.13203125 0.015625 0.03125
2 0.7875 0.82890625 0.02578125 0.02109375
16 0.82890625 0.8265625 0.01484375 0.03125
16 0.81328125 0.8328125 0.01484375 0.0328125
20 0.35234375 0.12578125 0.0390625 0.04375
2 0.5953125 0.0546875 0.0265625 0.05546875
2 0.65078125 0.03984375 0.02890625 0.05625
4 0.72734375 0.89140625 0.125 0.12890625
4 0.9296875 0.8328125 0.13828125 0.13671875
2 0.7 0.02734375 0.0296875 0.05390625
2 0.6796875 0.03203125 0.028125 0.05546875
2 0.62578125 0.04765625 0.028125 0.05546875
9 0.83046875 0.86640625 0.0328125 0.04609375
4 0.4390625 0.9671875 0.2234375 0.065625
2 0.79921875 0.01328125 0.046875 0.02578125
20 0.00703125 0.246875 0.0140625 0.04296875
16 0.11015625 0.21328125 0.02578125 0.01796875