2 0.87421875 0.87890625 0.03125 0.01328125
2 0.90859375 0.87421875 0.03046875 0.01328125
2 0.0359375 0.15546875 0.03828125 0.02265625
2 0.040625 0.17421875 0.03515625 0.01328125
2 0.04296875 0.19140625 0.03359375 0.015625
2 0.54296875 0.13515625 0.03515625 0.01953125
2 0.6328125 0.12421875 0.03984375 0.01875
2 0.69140625 0.1171875 0.0375 0.01953125
2 0.04765625 0.20859375 0.03515625 0.01640625
16 0.32734375 0.1734375 0.01953125 0.02578125
16 0.29375 0.178125 0.01953125 0.0234375
16 0.31171875 0.1765625 0.01953125 0.02734375
2 0.384375 0.16796875 0.03515625 0.01875
2 0.425 0.16328125 0.03984375 0.0203125
16 0.34609375 0.1734375 0.02109375 0.03046875
2 0.46875 0.15703125 0.040625 0.02265625
2 0.77421875 0.146875 0.03828125 0.01875
16 0.66796875 0.16796875 0.021875 0.02578125
16 0.6828125 0.16640625 0.01953125 0.02734375
2 0.50234375 0.1921875 0.02109375 0.02734375
16 0.5375 0.1875 0.02109375 0.025
16 0.5984375 0.1796875 0.0234375 0.0296875
16 0.52109375 0.18984375 0.02109375 0.02421875
2 0.5734375 0.1828125 0.028125 0.02734375
2 0.6421875 0.1734375 0.0265625 0.02890625
16 0.7328125 0.16171875 0.021875 0.02890625
2 0.7125 0.16484375 0.0234375 0.0296875
16 0.61640625 0.178125 0.02421875 0.03046875
16 0.7484375 0.159375 0.021875 0.028125
16 0.31015625 0.23984375 0.01953125 0.02578125
16 0.32734375 0.23828125 0.021875 0.02890625
16 0.43828125 0.2234375 0.0359375 0.02265625
16 0.478125 0.21796875 0.03359375 0.01875
16 0.3984375 0.22890625 0.0375 0.01875
16 0.25 0.27734375 0.02109375 0.025
2 0.21640625 0.3 0.02109375 0.028125
16 0.19921875 0.303125 0.01953125 0.02734375
2 0.23515625 0.29921875 0.021875 0.028125
16 0.09296875 0.32109375 0.0171875 0.02421875
16 0.1421875 0.315625 0.0234375 0.02578125
16 0.1265625 0.31875 0.01953125 0.028125
16 0.11015625 0.3203125 0.01953125 0.02578125
2 0.775 0.23671875 0.03125 0.01640625
16 0.67265625 0.25625 0.02109375 0.02734375
9 0.7234375 0.25234375 0.07109375 0.04453125
9 0.83671875 0.23671875 0.07734375 0.0453125
16 0.21796875 0.3234375 0.0359375 0.01796875
16 0.7796875 0.25078125 0.03359375 0.01640625
16 0.19375 0.334375 0.02109375 0.02578125
16 0.06171875 0.35859375 0.01953125 0.02421875
16 0.1328125 0.35 0.01953125 0.025
16 0.1171875 0.35234375 0.01875 0.02421875
2 0.78203125 0.26328125 0.03359375 0.01875
16 0.72109375 0.28828125 0.03359375 0.01796875
2 0.23828125 0.36328125 0.0375 0.01953125
2 0.2796875 0.3578125 0.03359375 0.01953125
2 0.315625 0.35390625 0.0359375 0.01875
2 0.72421875 0.30234375 0.0328125 0.01640625
16 0.36484375 0.35390625 0.02109375 0.02890625
16 0.0453125 0.4109375 0.01953125 0.025
16 0.06328125 0.409375 0.0234375 0.02734375
16 0.0828125 0.40703125 0.0234375 0.028125
16 0.2203125 0.3875 0.01953125 0.02734375
16 0.2390625 0.3859375 0.01953125 0.025
16 0.3125 0.37578125 0.01953125 0.025
16 0.72734375 0.3171875 0.03125 0.015625
16 0.25703125 0.3828125 0.02109375 0.025
16 0.29375 0.378125 0.01953125 0.02578125
16 0.27734375 0.38125 0.01953125 0.025
16 0.3296875 0.37421875 0.021875 0.028125
2 0.390625 0.378125 0.02421875 0.02890625
2 0.4265625 0.37421875 0.0234375 0.028125
2 0.73046875 0.33203125 0.0328125 0.01640625
2 0.36953125 0.384375 0.0234375 0.02578125
9 0.184375 0.4140625 0.05859375 0.059375
2 0.3546875 0.39453125 0.01953125 0.02734375
2 0.2453125 0.41328125 0.0234375 0.02734375
2 0.22578125 0.41640625 0.021875 0.02734375
20 0.078125 0.4375 0.03515625 0.03359375
2 0.3 0.40703125 0.02421875 0.0296875
2 0.2640625 0.41171875 0.02109375 0.02734375
2 0.2796875 0.41015625 0.021875 0.025
20 0.0453125 0.44296875 0.03125 0.03046875
2 0.31875 0.4046875 0.02109375 0.02734375
2 0.33671875 0.40234375 0.021875 0.02734375
2 0.55546875 0.3796875 0.03359375 0.01640625
16 0.0765625 0.4765625 0.01953125 0.02265625
16 0.16640625 0.465625 0.0171875 0.02421875
16 0.06015625 0.48046875 0.01953125 0.02421875
16 0.153125 0.4671875 0.02109375 0.02734375
16 0.18203125 0.46328125 0.01875 0.02734375
16 0.2125 0.459375 0.02109375 0.02890625
16 0.19765625 0.46171875 0.01875 0.02578125
16 0.11484375 0.47265625 0.021875 0.02578125
16 0.09609375 0.47578125 0.01953125 0.02578125
16 0.134375 0.4703125 0.01875 0.025
2 0.2515625 0.45703125 0.03359375 0.01796875
2 0.49921875 0.42890625 0.03515625 0.01875
2 0.25546875 0.47421875 0.0328125 0.01796875
2 0.503125 0.44609375 0.0359375 0.01796875
16 0.1578125 0.496875 0.0234375 0.0296875
20 0.0328125 0.51640625 0.0328125 0.03203125
20 0.065625 0.5140625 0.03046875 0.0296875
2 0.50625 0.4625 0.03359375 0.01796875
16 0.2578125 0.49921875 0.03515625 0.01875
2 0.2234375 0.50390625 0.03125 0.01953125
2 0.7828125 0.43046875 0.03515625 0.01953125
16 0.203125 0.52578125 0.03515625 0.01796875
16 0.08046875 0.5453125 0.02109375 0.028125
16 0.0609375 0.5484375 0.02109375 0.02578125
16 0.2625 0.52109375 0.03359375 0.015625
16 0.9109375 0.4390625 0.03359375 0.01796875
2 0.15390625 0.54765625 0.0359375 0.01875
2 0.51484375 0.496875 0.03046875 0.01875
16 0.2046875 0.540625 0.03046875 0.01640625
2 0.26875 0.53515625 0.0328125 0.01875
9 0.38984375 0.52109375 0.23046875 0.2234375
16 0.5859375 0.496875 0.01953125 0.02578125
16 0.1953125 0.55625 0.03125 0.01484375
2 0.51953125 0.51171875 0.03359375 0.01640625
2 0.15625 0.56484375 0.0359375 0.01953125
16 0.06796875 0.5796875 0.02109375 0.025
16 0.08515625 0.57734375 0.02109375 0.02578125
2 0.26796875 0.553125 0.03359375 0.01640625
20 0.9109375 0.4625 0.0375 0.0359375
2 0.6125 0.51015625 0.02890625 0.01640625
2 0.2 0.57109375 0.03515625 0.01953125
2 0.15859375 0.58125 0.0375 0.0203125
16 0.6171875 0.52421875 0.03125 0.01484375
16 0.2015625 0.58828125 0.03359375 0.015625
2 0.51953125 0.54609375 0.0359375 0.01953125
2 0.27734375 0.5796875 0.02890625 0.01484375
2 0.7171875 0.51953125 0.03515625 0.01875
2 0.16328125 0.59765625 0.0328125 0.01875
2 0.7984375 0.50859375 0.03125 0.01875
20 0.903125 0.49765625 0.03515625 0.0328125
2 0.63203125 0.53671875 0.0328125 0.01796875
2 0.928125 0.4953125 0.02421875 0.028125
16 0.2046875 0.60234375 0.03515625 0.01640625
2 0.28046875 0.5984375 0.0328125 0.01640625
2 0.20703125 0.61796875 0.03125 0.015625
4 0.965625 0.5109375 0.06640625 0.1265625
16 0.5171875 0.578125 0.02109375 0.028125
2 0.93515625 0.52421875 0.01953125 0.02578125
16 0.9015625 0.5296875 0.021875 0.02578125
16 0.91796875 0.52734375 0.01875 0.025
16 0.52578125 0.6109375 0.02109375 0.028125
2 0.925 0.55546875 0.01875 0.025
16 0.9078125 0.55859375 0.02109375 0.028125
2 0.94296875 0.55390625 0.01953125 0.025
2 0.49453125 0.62265625 0.021875 0.0296875
2 0.3484375 0.65703125 0.0234375 0.02421875
2 0.40703125 0.65 0.02421875 0.02890625
2 0.4265625 0.6484375 0.02578125 0.03046875
2 0.4734375 0.6421875 0.0234375 0.02890625
16 0.88125 0.6265625 0.03125 0.01640625
2 0.1203125 0.73828125 0.07265625 0.05390625
16 0.7796875 0.64765625 0.01953125 0.02578125
16 0.7625 0.65 0.02109375 0.025
20 0.91875 0.6296875 0.03828125 0.02890625
2 0.8546875 0.63984375 0.02421875 0.02890625
16 0.884375 0.6421875 0.0328125 0.01796875
2 0.67734375 0.6734375 0.01953125 0.0234375
2 0.659375 0.67890625 0.021875 0.028125
16 0.165625 0.7484375 0.02109375 0.028125
9 0.82109375 0.6578125 0.0609375 0.06640625
4 0.9859375 0.63203125 0.02578125 0.12265625
16 0.8875 0.65625 0.02890625 0.01484375
16 0.6953125 0.6859375 0.0234375 0.028125
16 0.78828125 0.67421875 0.02421875 0.028125
16 0.75078125 0.68046875 0.02109375 0.02734375
16 0.76953125 0.67734375 0.02109375 0.02734375
20 0.72578125 0.68515625 0.03828125 0.034375
20 0.92734375 0.65859375 0.0359375 0.028125
16 0.66875 0.6953125 0.03359375 0.015625
2 0.86171875 0.66953125 0.021875 0.028125
16 0.890625 0.67109375 0.03359375 0.01640625
2 0.10703125 0.78515625 0.0546875 0.046875
2 0.17734375 0.77890625 0.02578125 0.03046875
16 0.72734375 0.7078125 0.02890625 0.0140625
2 0.7296875 0.72421875 0.03125 0.01640625
9 0.68828125 0.734375 0.06328125 0.0640625
2 0.11484375 0.8234375 0.02578125 0.0328125
16 0.7328125 0.7375 0.03125 0.01484375
16 0.16953125 0.81875 0.02109375 0.0296875
16 0.15234375 0.8203125 0.01953125 0.028125
16 0.7359375 0.75078125 0.0328125 0.01875
16 0.7375 0.76484375 0.03125 0.01796875
16 0.121875 0.85390625 0.02109375 0.02734375
16 0.15625 0.84921875 0.01875 0.02578125
16 0.1390625 0.85234375 0.01875 0.02421875
16 0.665625 0.78671875 0.01875 0.02421875
16 0.68125 0.78515625 0.01875 0.02734375
20 0.70546875 0.78203125 0.03515625 0.0328125
2 0.74140625 0.78046875 0.03359375 0.01640625
16 0.1453125 0.88046875 0.01953125 0.02578125
2 0.12578125 0.88359375 0.02109375 0.028125
16 0.1625 0.87890625 0.02109375 0.02578125
9 0.878125 0.77890625 0.1984375 0.159375
2 0.74609375 0.80703125 0.03359375 0.01796875
16 0.74765625 0.8234375 0.03046875 0.0140625
16 0.1515625 0.91015625 0.01953125 0.025
16 0.16953125 0.90859375 0.01875 0.025
16 0.13359375 0.9140625 0.021875 0.02734375
16 0.725 0.85234375 0.01953125 0.025
16 0.76953125 0.87265625 0.0171875 0.02265625
16 0.73203125 0.878125 0.0171875 0.02421875
16 0.74921875 0.87578125 0.0171875 0.0234375