16 0.46484375 0.1125 0.0125 0.0328125
2 0.5328125 0.12421875 0.02265625 0.01484375
16 0.16328125 0.1 0.021875 0.01328125
4 0.1625 0.0046875 0.1578125 0.009375
2 0.49609375 0.12421875 0.0328125 0.015625
2 0.64140625 0.1390625 0.01796875 0.0484375
2 0.61953125 0.1375 0.01796875 0.04921875
9 0.196875 0.1140625 0.0375 0.0359375
16 0.1625 0.1125 0.025 0.0125
16 0.53203125 0.1375 0.0203125 0.0109375
4 0.72265625 0.02890625 0.16640625 0.03984375
2 0.590625 0.01953125 0.0390625 0.0234375
16 0.06015625 0.11015625 0.0109375 0.0296875
16 0.07578125 0.1125 0.0109375 0.03046875
16 0.1625 0.125 0.02265625 0.01328125
2 0.259375 0.134375 0.02265625 0.0125
2 0.73671875 0.16796875 0.03046875 0.0203125
16 0.765625 0.1703125 0.02265625 0.015625
2 0.32109375 0.13984375 0.02265625 0.015625
2 0.12109375 0.1296875 0.009375 0.0296875
2 0.68984375 0.16796875 0.021875 0.0515625
2 0.559375 0.1609375 0.021875 0.01484375
16 0.1625 0.13828125 0.02265625 0.01484375
2 0.259375 0.1484375 0.040625 0.015625
4 0.4734375 0.01953125 0.11796875 0.03828125
16 0.2109375 0.15078125 0.01171875 0.03046875
16 0.1625 0.1515625 0.021875 0.01484375
2 0.56015625 0.17890625 0.02109375 0.0125
16 0.83203125 0.1984375 0.0078125 0.0296875
2 0.821875 0.1984375 0.009375 0.0296875
16 0.76484375 0.1953125 0.025 0.01328125
2 0.73515625 0.19296875 0.0328125 0.02109375
16 0.19375 0.1578125 0.025 0.01328125
2 0.1609375 0.16484375 0.02109375 0.0125
16 0.559375 0.196875 0.0234375 0.0171875
2 0.58125 0.19921875 0.01171875 0.03125
2 0.7875 0.215625 0.009375 0.0296875
16 0.71015625 0.2109375 0.0125 0.03125
2 0.73515625 0.21796875 0.0328125 0.02265625
16 0.76484375 0.21953125 0.0234375 0.01484375
4 0.97109375 0.234375 0.05546875 0.25
20 0.321875 0.19453125 0.0265625 0.04375
2 0.5578125 0.21875 0.021875 0.01328125
2 0.63359375 0.23203125 0.02578125 0.01328125
16 0.60859375 0.23046875 0.0203125 0.0125
16 0.65703125 0.23359375 0.02265625 0.01484375
2 0.58515625 0.23046875 0.021875 0.01484375
16 0.6328125 0.24609375 0.0234375 0.015625
16 0.60703125 0.24609375 0.0234375 0.01328125
2 0.7234375 0.2546875 0.02265625 0.01796875
16 0.7234375 0.27265625 0.0234375 0.015625
16 0.52734375 0.26796875 0.0109375 0.03046875
16 0.5359375 0.26953125 0.00859375 0.03125
16 0.5453125 0.2703125 0.009375 0.03046875
16 0.84296875 0.30078125 0.01171875 0.0328125
2 0.82890625 0.30703125 0.01484375 0.04296875
16 0.39296875 0.284375 0.0109375 0.028125
16 0.3734375 0.28359375 0.009375 0.03046875
16 0.3828125 0.284375 0.00859375 0.0296875
2 0.8484375 0.3234375 0.021875 0.01328125
2 0.8609375 0.3390625 0.025 0.0171875
2 0.8390625 0.34765625 0.0109375 0.03046875
16 0.82734375 0.34765625 0.01171875 0.03046875
2 0.6375 0.04375 0.0109375 0.03046875
9 0.76796875 0.3625 0.08828125 0.06640625
2 0.6265625 0.04296875 0.00859375 0.02734375
2 0.6171875 0.04375 0.009375 0.03046875
2 0.9453125 0.38125 0.03359375 0.0171875
2 0.7140625 0.375 0.009375 0.028125
9 0.19375 0.3421875 0.0859375 0.07109375
16 0.32890625 0.353125 0.01953125 0.0125
16 0.94140625 0.39609375 0.02265625 0.01484375
16 0.3296875 0.365625 0.0203125 0.0125
9 0.8828125 0.4078125 0.07109375 0.10859375
2 0.328125 0.378125 0.02109375 0.0125
2 0.07421875 0.3671875 0.00859375 0.03046875
9 0.1140625 0.37421875 0.0546875 0.10859375
2 0.9609375 0.43515625 0.0359375 0.0359375
2 0.55390625 0.0453125 0.02109375 0.05078125
20 0.70859375 0.43203125 0.03203125 0.0328125
16 0.2921875 0.40390625 0.02265625 0.0125
16 0.2515625 0.42109375 0.021875 0.01484375
16 0.2921875 0.42578125 0.021875 0.01484375
16 0.3265625 0.43203125 0.02265625 0.01328125
2 0.23125 0.428125 0.0109375 0.03046875
16 0.25078125 0.43515625 0.021875 0.01328125
16 0.2921875 0.4390625 0.021875 0.0125
16 0.3265625 0.44453125 0.02265625 0.01484375
2 0.7796875 0.48515625 0.01171875 0.0328125
2 0.8078125 0.49765625 0.0328125 0.01484375
16 0.32578125 0.46640625 0.02265625 0.015625
2 0.05 0.45234375 0.0234375 0.015625
4 0.70625 0.49765625 0.04140625 0.03046875
16 0.03046875 0.459375 0.0109375 0.03046875
2 0.0578125 0.47109375 0.04140625 0.02734375
16 0.325 0.49296875 0.02265625 0.0125
16 0.28984375 0.490625 0.02265625 0.01328125
16 0.2421875 0.490625 0.0234375 0.015625
9 0.51640625 0.51328125 0.33828125 0.32265625
16 0.2890625 0.5046875 0.0234375 0.01484375
16 0.2421875 0.503125 0.02265625 0.0125
16 0.71015625 0.5359375 0.01171875 0.0328125
16 0.6984375 0.53515625 0.0125 0.03359375
9 0.14140625 0.49921875 0.0546875 0.09375
16 0.32421875 0.5171875 0.02109375 0.01484375
2 0.24140625 0.51640625 0.0234375 0.01328125
16 0.2875 0.5265625 0.02265625 0.01328125
16 0.590625 0.06015625 0.0125 0.0375
16 0.60234375 0.06171875 0.01171875 0.0375
16 0.3234375 0.53515625 0.02265625 0.01484375
16 0.28828125 0.53828125 0.021875 0.0125
16 0.32265625 0.546875 0.0234375 0.01328125
2 0.68984375 0.571875 0.01171875 0.03046875
16 0.32265625 0.55859375 0.0234375 0.0125
2 0.22109375 0.03984375 0.021875 0.01484375
2 0.7296875 0.5921875 0.0109375 0.03046875
16 0.321875 0.57109375 0.02265625 0.01484375
16 0.79765625 0.078125 0.0234375 0.0125
16 0.0203125 0.559375 0.01953125 0.04921875
16 0.7453125 0.07578125 0.0234375 0.01484375
16 0.7203125 0.075 0.0203125 0.0125
16 0.771875 0.078125 0.02265625 0.01484375
9 0.228125 0.58984375 0.05 0.09453125
16 0.48359375 0.06015625 0.021875 0.0125
16 0.7171875 0.62421875 0.009375 0.028125
16 0.728125 0.62578125 0.0125 0.03125
16 0.5078125 0.06328125 0.025 0.01328125
9 0.15625 0.6 0.08515625 0.065625
9 0.05625 0.59609375 0.021875 0.03828125
16 0.11640625 0.03828125 0.0109375 0.0296875
16 0.125 0.03828125 0.00859375 0.02734375
16 0.1453125 0.040625 0.0109375 0.0296875
16 0.134375 0.03984375 0.0109375 0.028125
16 0.17421875 0.04296875 0.00859375 0.02734375
16 0.19375 0.04453125 0.00859375 0.02578125
16 0.68515625 0.65703125 0.0234375 0.01484375
9 0.8734375 0.671875 0.05 0.10625
16 0.20390625 0.0453125 0.0078125 0.02578125
16 0.16484375 0.0421875 0.00859375 0.02578125
16 0.68359375 0.675 0.02265625 0.0125
16 0.4453125 0.06328125 0.0234375 0.01328125
16 0.1828125 0.0453125 0.00859375 0.025
16 0.01171875 0.634375 0.009375 0.03046875
9 0.0546875 0.6375 0.021875 0.0375
16 0.6828125 0.6875 0.02265625 0.01328125
16 0.271875 0.68671875 0.0109375 0.0296875
16 0.2625 0.68671875 0.0109375 0.03125
4 0.01328125 0.6828125 0.0265625 0.059375
9 0.76171875 0.73515625 0.13203125 0.16484375
16 0.328125 0.0609375 0.0125 0.03125
16 0.37265625 0.0640625 0.0125 0.03125
4 0.95234375 0.75859375 0.05078125 0.1828125
9 0.23359375 0.7140625 0.04296875 0.07578125
16 0.34140625 0.06171875 0.0125 0.03125
16 0.31640625 0.0609375 0.0125 0.03125
16 0.29921875 0.06015625 0.01171875 0.03046875
16 0.359375 0.0640625 0.01328125 0.03359375
16 0.26484375 0.74296875 0.0109375 0.03125
9 0.86953125 0.78828125 0.05 0.1140625
2 0.5734375 0.7765625 0.009375 0.028125
16 0.5640625 0.775 0.0109375 0.03046875
16 0.55390625 0.77578125 0.0109375 0.03125
16 0.37109375 0.765625 0.02265625 0.01328125
16 0.334375 0.76328125 0.021875 0.01328125
16 0.228125 0.0609375 0.03671875 0.02265625
16 0.2359375 0.76796875 0.0296875 0.015625
9 0.16796875 0.7625 0.0359375 0.03046875
2 0.86171875 0.10390625 0.0234375 0.015625
16 0.35546875 0.809375 0.021875 0.0109375
2 0.39296875 0.8125 0.025 0.01328125
2 0.321875 0.80859375 0.02109375 0.0109375
2 0.04375 0.79140625 0.021875 0.01328125
2 0.8296875 0.8484375 0.01171875 0.03046875
2 0.81171875 0.85 0.02265625 0.01328125
4 0.01875 0.7984375 0.03671875 0.146875
2 0.7828125 0.8515625 0.009375 0.02734375
16 0.7625 0.85 0.009375 0.02734375
2 0.77265625 0.8515625 0.01171875 0.02734375
16 0.72421875 0.84921875 0.0109375 0.0296875
2 0.753125 0.85078125 0.009375 0.028125
2 0.7140625 0.84921875 0.009375 0.0296875
2 0.74375 0.8515625 0.0109375 0.0296875
2 0.70546875 0.8484375 0.0109375 0.03046875
2 0.73359375 0.85 0.009375 0.0296875
2 0.0421875 0.8109375 0.02109375 0.0125
2 0.675 0.8578125 0.03984375 0.025
9 0.86875 0.8765625 0.0609375 0.06640625
16 0.76953125 0.87421875 0.021875 0.0125
16 0.3953125 0.84921875 0.02109375 0.01015625
2 0.92890625 0.88984375 0.04140625 0.02578125
2 0.4125 0.87578125 0.009375 0.0296875
16 0.7890625 0.9015625 0.0484375 0.02578125
2 0.66953125 0.10078125 0.009375 0.028125
2 0.3796875 0.8859375 0.021875 0.01484375
2 0.35234375 0.88515625 0.021875 0.015625
16 0.55859375 0.01328125 0.02265625 0.01484375
16 0.41484375 0.0859375 0.01171875 0.0296875
2 0.70625 0.91875 0.025 0.015625
16 0.74609375 0.93046875 0.01171875 0.0296875
16 0.7296875 0.9296875 0.01171875 0.03046875
20 0.4390625 0.08828125 0.034375 0.0375
2 0.68671875 0.10546875 0.0203125 0.053125
2 0.74375 0.11015625 0.02265625 0.05390625
4 0.634375 0.9515625 0.1140625 0.096875
4 0.84296875 0.9578125 0.1296875 0.084375
2 0.79453125 0.1140625 0.021875 0.05390625
2 0.7734375 0.11328125 0.021875 0.053125
2 0.71875 0.109375 0.021875 0.0515625
9 0.73828125 0.96953125 0.028125 0.040625
4 0.33671875 0.95078125 0.22109375 0.06640625
2 0.89375 0.13046875 0.04296875 0.0296875
20 0.06875 0.078125 0.034375 0.0359375
16 0.1875 0.08671875 0.025 0.01328125