1 0.65390625 0.22734375 0.06015625 0.03359375
1 0.24375 0.23359375 0.07734375 0.18125
1 0.4265625 0.23359375 0.07734375 0.14609375
1 0.490625 0.23515625 0.0484375 0.19453125
1 0.9046875 0.240625 0.0140625 0.0953125
1 0.8890625 0.24375 0.01640625 0.0890625
15 0.52890625 0.25703125 0.02734375 0.02421875
15 0.63515625 0.27734375 0.01171875 0.06015625
15 0.584375 0.27578125 0.01484375 0.06640625
15 0.59921875 0.2796875 0.0140625 0.06953125
22 0.32734375 0.2859375 0.0734375 0.21875
15 0.53046875 0.28984375 0.02578125 0.0265625
15 0.71171875 0.315625 0.0109375 0.06015625
15 0.7265625 0.32109375 0.0109375 0.06640625
1 0.43203125 0.32265625 0.05859375 0.0375
1 0.54609375 0.36796875 0.01328125 0.07421875
1 0.58203125 0.3765625 0.01328125 0.06328125
15 0.6375 0.37890625 0.0109375 0.0640625
15 0.609375 0.378125 0.0109375 0.06640625
15 0.62265625 0.37890625 0.0078125 0.05078125
15 0.5953125 0.38046875 0.00859375 0.0625
15 0.78046875 0.3828125 0.025 0.0390625
15 0.70390625 0.41328125 0.01328125 0.0640625
1 0.7203125 0.41328125 0.0078125 0.0640625
15 0.25390625 0.43359375 0.0265625 0.05
1 0.28359375 0.446875 0.03046875 0.040625
1 0.3703125 0.46015625 0.08671875 0.13125
15 0.7796875 0.475 0.03125 0.07890625
1 0.7 0.4796875 0.03671875 0.03046875
15 0.503125 0.48515625 0.034375 0.040625
22 0.2671875 0.51015625 0.0953125 0.090625
1 0.70078125 0.51875 0.03203125 0.034375
15 0.50234375 0.528125 0.0359375 0.040625
15 0.7765625 0.57265625 0.02734375 0.034375
9 0.596875 0.5765625 0.12890625 0.278125
1 0.69921875 0.57578125 0.0375 0.040625
1 0.5046875 0.58828125 0.0375 0.0515625
1 0.34921875 0.59765625 0.0703125 0.134375
1 0.409375 0.6171875 0.04453125 0.05546875
15 0.078125 0.63125 0.02734375 0.0421875
15 0.11015625 0.63359375 0.02734375 0.046875
15 0.8109375 0.65625 0.0296875 0.02890625
1 0.27734375 0.6609375 0.08046875 0.178125
1 0.51015625 0.66171875 0.015625 0.07578125
1 0.8578125 0.67265625 0.03203125 0.0390625
22 0.16015625 0.6875 0.053125 0.16875
15 0.35859375 0.6875 0.01484375 0.078125
1 0.1890625 0.6890625 0.01484375 0.06796875
1 0.20390625 0.69140625 0.0109375 0.07265625
15 0.37578125 0.6921875 0.01328125 0.078125
1 0.21875 0.6921875 0.0109375 0.07421875
22 0.4234375 0.721875 0.0625 0.15546875
1 0.1125 0.73984375 0.0265625 0.0375
15 0.8109375 0.74296875 0.02734375 0.02109375
1 0.61484375 0.76328125 0.01640625 0.07109375
15 0.54921875 0.76640625 0.01015625 0.06796875
15 0.59140625 0.7671875 0.009375 0.06015625
1 0.57890625 0.7671875 0.01015625 0.06484375
1 0.703125 0.76875 0.0125 0.08125
15 0.66484375 0.76875 0.0125 0.07265625
15 0.85546875 0.07734375 0.02578125 0.05546875
15 0.496875 0.771875 0.01796875 0.07421875
1 0.51953125 0.771875 0.021875 0.07421875
15 0.56484375 0.77109375 0.01484375 0.0640625
1 0.63046875 0.77109375 0.01171875 0.07265625
15 0.53671875 0.77109375 0.00859375 0.0546875
15 0.68359375 0.77265625 0.0140625 0.08125
1 0.646875 0.775 0.0125 0.07109375
1 0.13515625 0.7953125 0.02421875 0.03046875
1 0.19765625 0.7984375 0.0296875 0.040625
1 0.1640625 0.825 0.0296875 0.0359375
15 0.621875 0.83515625 0.028125 0.0421875
1 0.5921875 0.83515625 0.0265625 0.0375
1 0.6515625 0.8390625 0.0296875 0.0359375
15 0.55 0.85625 0.01171875 0.06640625
15 0.1640625 0.86015625 0.03125 0.046875
1 0.5359375 0.85859375 0.0109375 0.07578125
15 0.565625 0.8609375 0.0125 0.0625
20 0.65234375 0.11015625 0.10234375 0.19765625
1 0.28828125 0.13359375 0.02265625 0.06796875
15 0.53828125 0.159375 0.0359375 0.06015625
1 0.58125 0.16171875 0.01953125 0.07421875
15 0.85078125 0.165625 0.03359375 0.040625