2 0.41484375 0.778125 0.0625 0.1421875
20 0.81640625 0.865625 0.08046875 0.16640625
2 0.609375 0.825 0.01015625 0.0453125
16 0.9453125 0.16171875 0.01328125 0.0109375
16 0.91015625 0.1546875 0.01484375 0.01328125
16 0.2140625 0.01015625 0.009375 0.0203125
9 0.26484375 0.7640625 0.09765625 0.15234375
2 0.11640625 0.73203125 0.140625 0.25234375
2 0.53203125 0.821875 0.14921875 0.2625
9 0.67890625 0.85625 0.096875 0.14296875
16 0.62421875 0.85234375 0.0078125 0.02578125
16 0.80625 0.13828125 0.01328125 0.0125
9 0.60546875 0.8984375 0.03046875 0.0421875
9 0.19453125 0.81171875 0.025 0.0375
2 0.22265625 0.82578125 0.03671875 0.0625
2 0.6125 0.93359375 0.01015625 0.02734375
2 0.63671875 0.9390625 0.0359375 0.06015625
2 0.20390625 0.846875 0.00859375 0.0265625
2 0.5984375 0.93125 0.00859375 0.02734375
2 0.18984375 0.84453125 0.009375 0.02734375
4 0.34140625 0.93515625 0.07265625 0.05234375
4 0.58828125 0.9796875 0.07421875 0.03828125
4 0.18359375 0.90625 0.07265625 0.0609375
4 0.03203125 0.8734375 0.06328125 0.0625
2 0.646875 0.1171875 0.06015625 0.10625
4 0.2640625 0.04296875 0.03125 0.0859375
4 0.2375 0.04140625 0.02890625 0.0828125
16 0.90859375 0.178125 0.01328125 0.0109375
16 0.94453125 0.1875 0.01328125 0.0125
16 0.14453125 0.01484375 0.015625 0.01640625
16 0.7359375 0.14375 0.0171875 0.01796875
9 0.84921875 0.16796875 0.04453125 0.0984375
16 0.20625 0.03671875 0.00859375 0.02734375
2 0.19140625 0.0359375 0.02578125 0.0421875
2 0.3078125 0.0640625 0.05 0.07109375
16 0.15234375 0.034375 0.015625 0.015625
4 0.7625 0.165625 0.0359375 0.16015625
9 0.69375 0.153125 0.04296875 0.09765625
16 0.73359375 0.16640625 0.015625 0.015625
16 0.9078125 0.20390625 0.01328125 0.0125
16 0.9421875 0.2125 0.0140625 0.0140625
16 0.803125 0.18359375 0.0140625 0.01328125
16 0.37890625 0.0921875 0.015625 0.01796875
16 0.21640625 0.0609375 0.015625 0.071875
16 0.4703125 0.11796875 0.00703125 0.02578125
2 0.4578125 0.1171875 0.0078125 0.02421875
16 0.4140625 0.1109375 0.0140625 0.0125
16 0.2046875 0.06875 0.00859375 0.0296875
2 0.13671875 0.06171875 0.0328125 0.05234375
16 0.94140625 0.2359375 0.01328125 0.0125
16 0.9046875 0.228125 0.0125 0.0109375
16 0.8015625 0.20859375 0.0140625 0.01328125
2 0.34453125 0.1171875 0.009375 0.02734375
2 0.66796875 0.1890625 0.00859375 0.02578125
2 0.83671875 0.2359375 0.0140625 0.0125
16 0.20234375 0.1015625 0.00859375 0.02734375
16 0.9390625 0.259375 0.0140625 0.01328125
16 0.17421875 0.09609375 0.0140625 0.0140625
16 0.903125 0.25234375 0.01328125 0.0125
16 0.8 0.23203125 0.0140625 0.0140625
16 0.4078125 0.15 0.00859375 0.0265625
16 0.415625 0.15234375 0.00703125 0.02421875
16 0.81484375 0.246875 0.0078125 0.02421875
16 0.3875 0.1640625 0.00859375 0.0265625
16 0.17265625 0.11875 0.015625 0.0171875
16 0.9375 0.28515625 0.0140625 0.0125
16 0.9015625 0.2765625 0.01328125 0.0109375
2 0.11484375 0.1171875 0.05234375 0.078125
2 0.20859375 0.14375 0.00859375 0.0265625
16 0.2 0.1421875 0.00859375 0.02578125
2 0.2328125 0.15625 0.01484375 0.0140625
16 0.17109375 0.14375 0.015625 0.01640625
16 0.93671875 0.30859375 0.01484375 0.0125
16 0.90078125 0.3015625 0.01328125 0.01015625
16 0.39453125 0.19765625 0.015625 0.015625
16 0.43125 0.2046875 0.015625 0.01484375
16 0.4125 0.2015625 0.015625 0.015625
2 0.2515625 0.16875 0.0140625 0.01484375
16 0.43046875 0.22109375 0.01640625 0.01640625
16 0.41171875 0.21875 0.0140625 0.01484375
16 0.475 0.2453125 0.01484375 0.01328125
16 0.4921875 0.24921875 0.0140625 0.0140625
16 0.66953125 0.2953125 0.01328125 0.0140625
16 0.459375 0.25234375 0.01640625 0.0171875
2 0.44296875 0.24921875 0.015625 0.015625
20 0.165625 0.1921875 0.04921875 0.07734375
2 0.58046875 0.29296875 0.04296875 0.078125
2 0.5453125 0.29140625 0.015625 0.015625
16 0.515625 0.284375 0.01484375 0.0140625
16 0.66796875 0.3203125 0.0140625 0.0140625
9 0.87265625 0.365625 0.04140625 0.078125
9 0.8171875 0.353125 0.04296875 0.07734375
9 0.7046875 0.33046875 0.03984375 0.0703125
9 0.7609375 0.3421875 0.0421875 0.078125
2 0.225 0.2296875 0.04453125 0.06953125
16 0.45703125 0.28125 0.0078125 0.02421875
16 0.46640625 0.28359375 0.00859375 0.025
16 0.11953125 0.21171875 0.028125 0.096875
2 0.5140625 0.30546875 0.015625 0.01484375
9 0.43984375 0.2890625 0.02109375 0.0390625
16 0.66640625 0.34453125 0.01328125 0.0109375
16 0.35234375 0.2875 0.01015625 0.02734375
16 0.6640625 0.3671875 0.01328125 0.01015625
4 0.93515625 0.42890625 0.04140625 0.05
16 0.88828125 0.42265625 0.0140625 0.0140625
2 0.8640625 0.41796875 0.01484375 0.0125
16 0.83203125 0.41015625 0.01484375 0.01328125
2 0.80859375 0.40625 0.015625 0.0140625
2 0.75234375 0.39453125 0.015625 0.015625
2 0.696875 0.384375 0.0140625 0.01328125
16 0.775 0.4078125 0.01484375 0.01328125
16 0.71953125 0.39609375 0.01328125 0.01015625
9 0.31953125 0.34453125 0.028125 0.0265625
2 0.04921875 0.290625 0.0765625 0.11015625
2 0.9296875 0.49140625 0.04140625 0.05859375
2 0.8625 0.4828125 0.02890625 0.075
2 0.80625 0.47421875 0.0359375 0.0859375
2 0.75234375 0.46875 0.0296875 0.0828125
4 0.21640625 0.35390625 0.028125 0.0828125
2 0.69453125 0.459375 0.0328125 0.0875
2 0.3046875 0.37890625 0.053125 0.06640625
4 0.2515625 0.36953125 0.028125 0.06953125
9 0.84765625 0.50390625 0.0203125 0.03359375
16 0.73125 0.496875 0.00859375 0.025
16 0.140625 0.37421875 0.02109375 0.08984375
16 0.12578125 0.37109375 0.01953125 0.0890625
16 0.33203125 0.42578125 0.015625 0.01484375
16 0.31328125 0.4265625 0.015625 0.015625
16 0.178125 0.4078125 0.01484375 0.01484375
16 0.10859375 0.3921875 0.009375 0.0296875
20 0.08984375 0.4046875 0.02109375 0.04140625
2 0.26484375 0.45 0.028125 0.0484375
2 0.94140625 0.5984375 0.096875 0.165625
4 0.23671875 0.45625 0.0265625 0.0703125
2 0.7265625 0.5640625 0.0453125 0.0796875
2 0.77265625 0.57421875 0.034375 0.0484375
16 0.2984375 0.475 0.046875 0.02890625
9 0.16484375 0.44921875 0.0390625 0.071875
16 0.06328125 0.43203125 0.0515625 0.03125
2 0.81171875 0.596875 0.04296875 0.071875
2 0.4375 0.51796875 0.02890625 0.06328125
2 0.34609375 0.5 0.0484375 0.08125
16 0.10546875 0.44921875 0.01484375 0.01328125
2 0.39296875 0.5203125 0.03359375 0.065625
4 0.85625 0.621875 0.0375 0.05
16 0.94765625 0.13671875 0.0140625 0.0125
16 0.04375 0.45390625 0.0171875 0.0171875
16 0.9125 0.1296875 0.01328125 0.0125
16 0.1765625 0.496875 0.01640625 0.0171875
2 0.15390625 0.49296875 0.015625 0.0171875
16 0.82265625 0.1125 0.00703125 0.02421875
2 0.15078125 0.52890625 0.03046875 0.04765625
16 0.115625 0.52421875 0.02890625 0.11796875
9 0.1328125 0.58515625 0.02265625 0.0375
16 0.071875 0.5875 0.0203125 0.08671875
16 0.66875 0.71640625 0.015625 0.01484375
16 0.665625 0.75078125 0.015625 0.015625