16 0.3828125 0.075 0.01640625 0.0375
2 0.4578125 0.06640625 0.0265625 0.0203125
16 0.05546875 0.1578125 0.025 0.01875
2 0.41796875 0.078125 0.03671875 0.0234375
2 0.578125 0.046875 0.02421875 0.05625
2 0.55390625 0.05234375 0.02421875 0.05703125
9 0.09375 0.16171875 0.04453125 0.04609375
16 0.05703125 0.17109375 0.02734375 0.0171875
16 0.459375 0.08046875 0.02265625 0.01640625
16 0.06015625 0.18359375 0.0265625 0.01875
2 0.165625 0.16484375 0.025 0.0171875
2 0.6859375 0.0484375 0.03515625 0.02734375
16 0.71875 0.040625 0.0265625 0.02109375
2 0.2328125 0.15078125 0.0265625 0.0203125
2 0.01484375 0.20234375 0.01328125 0.03359375
2 0.6359375 0.06328125 0.03046875 0.06015625
2 0.49453125 0.096875 0.025 0.0203125
16 0.06171875 0.1984375 0.0265625 0.0203125
2 0.16875 0.1796875 0.04609375 0.025
16 0.11640625 0.196875 0.015625 0.03515625
16 0.0640625 0.21484375 0.025 0.0203125
2 0.49765625 0.115625 0.02421875 0.0171875
16 0.79453125 0.05078125 0.01171875 0.03203125
2 0.7828125 0.053125 0.01328125 0.03359375
16 0.72109375 0.06953125 0.028125 0.01875
2 0.68984375 0.0765625 0.03671875 0.02890625
16 0.0984375 0.21015625 0.028125 0.01875
2 0.065625 0.228125 0.02421875 0.0171875
16 0.5 0.1359375 0.02734375 0.02265625
2 0.525 0.13125 0.015625 0.0359375
2 0.75 0.084375 0.01328125 0.03359375
16 0.665625 0.103125 0.01640625 0.0359375
2 0.69375 0.10234375 0.03828125 0.0296875
16 0.72578125 0.09453125 0.02734375 0.0203125
4 0.9359375 0.09375 0.05625 0.18671875
20 0.2453125 0.209375 0.0328125 0.05234375
2 0.503125 0.15859375 0.025 0.01875
2 0.58671875 0.15 0.02890625 0.01875
16 0.56015625 0.15703125 0.0234375 0.0171875
16 0.61328125 0.14609375 0.0265625 0.0203125
2 0.534375 0.1640625 0.025 0.01875
16 0.58828125 0.16484375 0.028125 0.02109375
16 0.5609375 0.17265625 0.02734375 0.01875
2 0.68828125 0.14609375 0.0265625 0.02265625
16 0.69140625 0.16484375 0.02734375 0.02109375
16 0.47890625 0.221875 0.01484375 0.03515625
16 0.4890625 0.2203125 0.01328125 0.03515625
16 0.49921875 0.21953125 0.01328125 0.03515625
16 0.82578125 0.15625 0.015625 0.0375
2 0.81171875 0.1671875 0.0203125 0.05
16 0.3375 0.28359375 0.01328125 0.03125
16 0.3171875 0.28828125 0.01328125 0.03515625
16 0.32734375 0.2859375 0.0125 0.03359375
2 0.8359375 0.17890625 0.025 0.01875
2 0.85234375 0.1921875 0.028125 0.02265625
2 0.83046875 0.20859375 0.01484375 0.03515625
16 0.81796875 0.21171875 0.015625 0.03515625
9 0.75703125 0.246875 0.10234375 0.0875
2 0.95 0.21171875 0.03515625 0.025
2 0.7015625 0.27734375 0.0125 0.03125
9 0.13515625 0.4078125 0.10078125 0.0921875
16 0.28359375 0.378125 0.02265625 0.0171875
16 0.95 0.228125 0.0265625 0.0203125
16 0.2859375 0.390625 0.0234375 0.01640625
9 0.88984375 0.259375 0.08828125 0.1296875
2 0.2875 0.40390625 0.02421875 0.0171875
2 0.01015625 0.4734375 0.0125 0.03359375
9 0.05625 0.46796875 0.07109375 0.12734375
2 0.9671875 0.2671875 0.0203125 0.04140625
20 0.70703125 0.34140625 0.03828125 0.04140625
16 0.253125 0.44375 0.0265625 0.0171875
16 0.21171875 0.475 0.025 0.0203125
16 0.25703125 0.46796875 0.025 0.0203125
16 0.29609375 0.46328125 0.0265625 0.01875
2 0.1921875 0.4890625 0.01484375 0.03515625
16 0.2140625 0.490625 0.025 0.01875
16 0.259375 0.48125 0.02421875 0.0171875
16 0.2984375 0.47734375 0.0265625 0.0203125
2 0.79296875 0.3765625 0.015625 0.0375
2 0.82578125 0.3796875 0.03671875 0.02109375
16 0.30078125 0.50078125 0.0265625 0.02109375
2 0.00859375 0.5703125 0.01484375 0.01875
4 0.7171875 0.4125 0.04765625 0.03984375
2 0.0203125 0.58984375 0.03515625 0.03515625
16 0.30625 0.52890625 0.0265625 0.0171875
16 0.2671875 0.53828125 0.0265625 0.01875
16 0.215625 0.553125 0.02734375 0.02109375
9 0.51484375 0.4890625 0.4 0.4078125
16 0.26953125 0.553125 0.02734375 0.02109375
16 0.21875 0.56640625 0.0265625 0.0171875
16 0.728125 0.45234375 0.01640625 0.0375
16 0.715625 0.45546875 0.01640625 0.03828125
9 0.109375 0.59375 0.06875 0.1109375
16 0.30859375 0.55546875 0.02421875 0.01875
2 0.22109375 0.58203125 0.02734375 0.01875
16 0.271875 0.5765625 0.0265625 0.01875
16 0.31171875 0.575 0.0265625 0.0203125
16 0.27421875 0.58984375 0.025 0.0171875
16 0.31328125 0.58828125 0.02734375 0.01875
2 0.71328125 0.4984375 0.015625 0.03515625
16 0.31484375 0.60078125 0.02734375 0.0171875
2 0.7609375 0.5078125 0.015625 0.03515625
16 0.31796875 0.61328125 0.0265625 0.0203125
9 0.2203125 0.6640625 0.06484375 0.1109375
16 0.39375 0.0171875 0.02421875 0.0078125
16 0.753125 0.54609375 0.01328125 0.03203125
16 0.76484375 0.54296875 0.01640625 0.0359375
16 0.41953125 0.01328125 0.028125 0.0109375
9 0.14375 0.696875 0.09921875 0.08515625
9 0.0359375 0.7265625 0.02734375 0.04453125
16 0.0046875 0.11171875 0.009375 0.01640625
16 0.025 0.10703125 0.01328125 0.0171875
16 0.01328125 0.109375 0.01328125 0.0171875
16 0.05703125 0.1 0.01171875 0.0171875
16 0.078125 0.09609375 0.01171875 0.0171875
16 0.725 0.59140625 0.02734375 0.0203125
9 0.93046875 0.54765625 0.06484375 0.1234375
16 0.0890625 0.09296875 0.0109375 0.01640625
16 0.046875 0.10234375 0.01171875 0.0171875
16 0.72734375 0.6109375 0.0265625 0.0171875
16 0.3515625 0.03125 0.028125 0.01484375
16 0.0671875 0.09921875 0.01171875 0.01875
9 0.04296875 0.77109375 0.028125 0.04375
16 0.72890625 0.62421875 0.0265625 0.01875
16 0.28515625 0.75390625 0.01484375 0.03359375
16 0.275 0.7578125 0.01484375 0.0359375
9 0.82265625 0.65 0.16015625 0.20234375
16 0.22578125 0.06796875 0.01640625 0.02890625
16 0.2734375 0.05703125 0.015625 0.02890625
9 0.25 0.79609375 0.0546875 0.08828125
16 0.240625 0.0640625 0.015625 0.02890625
16 0.2125 0.0703125 0.01640625 0.02890625
16 0.19453125 0.07578125 0.015625 0.02890625
16 0.259375 0.06171875 0.0171875 0.03125
16 0.28984375 0.8171875 0.015625 0.0359375
9 0.9484375 0.6734375 0.06640625 0.13203125
2 0.62734375 0.7546875 0.01328125 0.03203125
16 0.61796875 0.75703125 0.01484375 0.03515625
16 0.60625 0.76015625 0.01484375 0.0359375
16 0.4078125 0.80703125 0.0265625 0.01875
16 0.36796875 0.8171875 0.025 0.01875
16 0.11796875 0.09453125 0.04296875 0.0296875
16 0.26328125 0.853125 0.034375 0.02265625
9 0.1875 0.86875 0.04296875 0.03984375
16 0.4 0.8609375 0.025 0.01640625
2 0.43984375 0.85078125 0.028125 0.01875
2 0.36328125 0.86875 0.02421875 0.01640625
2 0.06328125 0.93984375 0.02109375 0.01875
2 0.9171875 0.75078125 0.015625 0.03515625
2 0.8984375 0.75859375 0.0265625 0.01875
2 0.86796875 0.76875 0.01328125 0.03125
16 0.84609375 0.7734375 0.01328125 0.03125
2 0.85703125 0.771875 0.015625 0.03203125
16 0.80390625 0.78359375 0.01484375 0.03359375
2 0.8359375 0.778125 0.01328125 0.03203125
2 0.79375 0.7875 0.01328125 0.03359375
2 0.825 0.7796875 0.01484375 0.03359375
2 0.78359375 0.790625 0.01484375 0.03515625
2 0.81484375 0.78359375 0.01328125 0.03359375
2 0.065625 0.96171875 0.0203125 0.0171875
2 0.75234375 0.8109375 0.04609375 0.03359375
9 0.96328125 0.76875 0.07109375 0.08359375
16 0.8578125 0.79765625 0.025 0.0171875
16 0.45078125 0.890625 0.02421875 0.01484375
2 0.4734375 0.91328125 0.01328125 0.03359375
16 0.88359375 0.82109375 0.05546875 0.0359375
2 0.60078125 0.00703125 0.01484375 0.0140625
2 0.44140625 0.93359375 0.0265625 0.0203125
2 0.41171875 0.94296875 0.025 0.0203125
16 0.32265625 0.06171875 0.015625 0.03359375
2 0.7984375 0.865625 0.028125 0.02109375
16 0.84375 0.865625 0.015625 0.03359375
16 0.82578125 0.8703125 0.015625 0.03515625
20 0.35 0.05703125 0.0421875 0.04765625
2 0.6203125 0.0140625 0.028125 0.02734375
2 0.6828125 0.0078125 0.03125 0.015625
4 0.7265625 0.91484375 0.13046875 0.10625
4 0.93984375 0.8625 0.11875 0.1125
2 0.65546875 0.0109375 0.03046875 0.02109375
9 0.84375 0.9078125 0.03515625 0.04765625
4 0.40546875 0.9796875 0.24609375 0.0375
16 0.07890625 0.13515625 0.028125 0.01875