2 0.71328125 0.25 0.06796875 0.06015625
2 0.26796875 0.1046875 0.0984375 0.209375
2 0.46640625 0.1671875 0.0953125 0.18984375
2 0.5359375 0.1921875 0.06640625 0.2296875
2 0.98515625 0.3625 0.02265625 0.11015625
2 0.96796875 0.35859375 0.02421875 0.10234375
16 0.57578125 0.23125 0.03203125 0.0375
16 0.6890625 0.2953125 0.0171875 0.0703125
16 0.634375 0.2765625 0.021875 0.07734375
16 0.65078125 0.28515625 0.02109375 0.0796875
22 0.3546875 0.18359375 0.09609375 0.2671875
16 0.575 0.2671875 0.0296875 0.03984375
16 0.77109375 0.3703125 0.01640625 0.0703125
16 0.78671875 0.38125 0.0171875 0.07734375
2 0.465625 0.26640625 0.06640625 0.0625
2 0.58515625 0.36015625 0.01953125 0.08515625
2 0.62421875 0.3828125 0.01875 0.075
16 0.68515625 0.4078125 0.01640625 0.075
16 0.6546875 0.39609375 0.01640625 0.07734375
16 0.66875 0.4015625 0.01171875 0.0578125
16 0.63828125 0.3921875 0.0140625 0.0703125
16 0.8390625 0.46875 0.03046875 0.05234375
16 0.7546875 0.4703125 0.01953125 0.075
2 0.77109375 0.47890625 0.01328125 0.07265625
16 0.26328125 0.3171875 0.03203125 0.06484375
2 0.29609375 0.3421875 0.0359375 0.0546875
2 0.3890625 0.39140625 0.10390625 0.17734375
16 0.8328125 0.56875 0.0390625 0.09765625
2 0.74375 0.54375 0.04140625 0.04765625
16 0.53046875 0.47109375 0.040625 0.0578125
22 0.27265625 0.4046875 0.11015625 0.13515625
2 0.74140625 0.58515625 0.0375 0.05
16 0.5265625 0.51875 0.04296875 0.0578125
16 0.82109375 0.6734375 0.03203125 0.04765625
9 0.625 0.60625 0.1609375 0.35234375
2 0.7359375 0.64765625 0.04375 0.06015625
2 0.525 0.5828125 0.04453125 0.0703125
2 0.3546875 0.53515625 0.08671875 0.175
2 0.41875 0.57890625 0.05234375 0.07734375
16 0.0578125 0.4640625 0.0328125 0.0578125
16 0.0921875 0.47890625 0.03359375 0.0625
16 0.85234375 0.77890625 0.03515625 0.0421875
2 0.271875 0.57265625 0.1015625 0.225
2 0.52578125 0.66640625 0.02265625 0.0875
2 0.9015625 0.81484375 0.0375 0.0546875
22 0.1421875 0.5578125 0.0703125 0.2046875
16 0.35859375 0.63515625 0.021875 0.08984375
2 0.17421875 0.5703125 0.021875 0.0796875
2 0.1890625 0.5765625 0.0171875 0.0828125
16 0.3765625 0.6453125 0.02109375 0.08984375
2 0.20546875 0.58515625 0.0171875 0.08515625
22 0.42578125 0.6953125 0.0796875 0.1953125
2 0.08671875 0.59375 0.03203125 0.05234375
16 0.8453125 0.87265625 0.03203125 0.03515625
2 0.63046875 0.8171875 0.02265625 0.08515625
16 0.559375 0.79375 0.01640625 0.07734375
16 0.60546875 0.8125 0.0140625 0.0703125
2 0.5921875 0.8078125 0.015625 0.075
2 0.725 0.85625 0.01953125 0.0921875
16 0.68515625 0.8421875 0.01953125 0.08515625
16 0.94375 0.1765625 0.03203125 0.05234375
16 0.5015625 0.77890625 0.025 0.0875
2 0.5265625 0.7875 0.0296875 0.08984375
16 0.57578125 0.8078125 0.02109375 0.075
2 0.6484375 0.8328125 0.01875 0.08515625
16 0.54609375 0.79609375 0.01328125 0.0625
16 0.7046875 0.85390625 0.021875 0.0921875
2 0.66484375 0.84375 0.01875 0.0828125
2 0.10703125 0.66640625 0.028125 0.0421875
2 0.17578125 0.68984375 0.03515625 0.0546875
2 0.13671875 0.7078125 0.03515625 0.05
16 0.634375 0.8984375 0.03359375 0.0578125
2 0.6015625 0.8875 0.03203125 0.05
2 0.66484375 0.91484375 0.03515625 0.05
16 0.55390625 0.89375 0.0171875 0.07734375
16 0.13359375 0.74375 0.0375 0.0625
2 0.53828125 0.89140625 0.0171875 0.0875
16 0.5703125 0.90390625 0.01875 0.07265625
20 0.71875 0.15234375 0.12265625 0.1953125
2 0.3234375 0.0234375 0.03125 0.046875
16 0.59296875 0.1296875 0.04375 0.0796875
2 0.63984375 0.1515625 0.02734375 0.0875
16 0.93203125 0.2609375 0.0390625 0.0578125