4 0.9140625 0.0390625 0.04609375 0.06484375
2 0.6859375 0.853125 0.0484375 0.08515625
2 0.36171875 0.89609375 0.03359375 0.0828125
2 0.5421875 0.8890625 0.0140625 0.06171875
2 0.628125 0.0703125 0.01796875 0.07734375
2 0.65625 0.90703125 0.0234375 0.0671875
16 0.5859375 0.92578125 0.0484375 0.02890625
2 0.365625 0.94609375 0.0546875 0.0453125
16 0.86328125 0.9125 0.0515625 0.03359375
2 0.80859375 0.91796875 0.0375 0.03359375
2 0.6390625 0.9421875 0.03125 0.0515625
2 0.78984375 0.94453125 0.01875 0.06015625
2 0.665625 0.07734375 0.0265625 0.0734375
4 0.91640625 0.128125 0.04609375 0.0609375
2 0.06328125 0.228125 0.0390625 0.06640625
9 0.015625 0.23515625 0.03125 0.16875
16 0.86640625 0.175 0.015625 0.05703125
20 0.43984375 0.21953125 0.09140625 0.29921875
9 0.2453125 0.39921875 0.23671875 0.14609375
16 0.5046875 0.4390625 0.0390625 0.03515625
2 0.578125 0.44375 0.05 0.05703125
2 0.759375 0.43828125 0.04765625 0.075
2 0.7046875 0.44765625 0.0546875 0.07265625
2 0.81015625 0.46328125 0.0484375 0.075
2 0.78515625 0.01640625 0.0359375 0.0328125
2 0.1265625 0.54375 0.05234375 0.06328125
4 0.240625 0.54609375 0.16015625 0.08125
2 0.35703125 0.56484375 0.03984375 0.1015625
9 0.85859375 0.55546875 0.04453125 0.06328125
9 0.7984375 0.5609375 0.04375 0.0609375
2 0.85234375 0.02890625 0.02265625 0.0578125
16 0.35078125 0.75625 0.02421875 0.090625
2 0.7203125 0.73125 0.04609375 0.078125
2 0.553125 0.771875 0.053125 0.046875
2 0.49296875 0.78125 0.0265625 0.05078125
9 0.16953125 0.83203125 0.23203125 0.14609375
2 0.48984375 0.8578125 0.03125 0.05625