20 0.39765625 0.8359375 0.021875 0.03515625
16 0.1953125 0.921875 0.0171875 0.0203125
16 0.271875 0.9 0.01171875 0.02578125
20 0.2234375 0.91953125 0.02421875 0.03671875
16 0.28125 0.8984375 0.009375 0.0265625
20 0.25625 0.90859375 0.02421875 0.0390625
16 0.6828125 0.73984375 0.0171875 0.02109375
16 0.1984375 0.93671875 0.0171875 0.01796875
16 0.6078125 0.778125 0.01015625 0.0234375
16 0.6 0.7828125 0.009375 0.025
16 0.6421875 0.76484375 0.009375 0.02265625
16 0.59140625 0.7859375 0.0125 0.02734375
16 0.62578125 0.77265625 0.009375 0.025
16 0.634375 0.76875 0.01171875 0.02890625
16 0.6515625 0.7625 0.0109375 0.02734375
16 0.6859375 0.7546875 0.0203125 0.01953125
16 0.5609375 0.80625 0.01015625 0.0234375
16 0.57421875 0.80078125 0.0078125 0.0203125
16 0.58203125 0.7984375 0.0078125 0.02421875
16 0.55234375 0.81015625 0.0078125 0.021875
16 0.23046875 0.946875 0.009375 0.02265625
16 0.19765625 0.9609375 0.0109375 0.02421875
16 0.221875 0.9515625 0.01015625 0.028125
16 0.24296875 0.94296875 0.0125 0.02890625
16 0.20625 0.9578125 0.01015625 0.02578125
20 0.325 0.9171875 0.0171875 0.03125
20 0.26015625 0.94296875 0.02265625 0.0359375
20 0.28125 0.93515625 0.0203125 0.03515625
16 0.6046875 0.81015625 0.01015625 0.028125
16 0.5953125 0.8140625 0.0109375 0.02734375
16 0.3796875 0.09765625 0.01015625 0.025
16 0.37109375 0.1015625 0.009375 0.02421875
16 0.35234375 0.10859375 0.00859375 0.02265625
16 0.3609375 0.10625 0.009375 0.021875
16 0.2796875 0.96484375 0.0109375 0.025
16 0.3140625 0.95234375 0.0078125 0.0234375
16 0.32578125 0.94765625 0.01171875 0.02734375
16 0.3328125 0.94453125 0.009375 0.02265625
16 0.26875 0.97109375 0.01015625 0.025
16 0.29921875 0.959375 0.0109375 0.02578125
16 0.28984375 0.9625 0.009375 0.02421875
16 0.3078125 0.95546875 0.01015625 0.0265625
16 0.2609375 0.975 0.009375 0.02578125
16 0.73203125 0.7921875 0.01015625 0.025
16 0.71328125 0.79921875 0.0109375 0.025
16 0.7234375 0.796875 0.01328125 0.02734375
16 0.7484375 0.7859375 0.00859375 0.02421875
16 0.74140625 0.790625 0.01015625 0.02578125
16 0.759375 0.784375 0.0125 0.02890625
9 0.61171875 0.0171875 0.04140625 0.034375
16 0.54296875 0.884375 0.009375 0.02265625
16 0.5515625 0.88203125 0.0109375 0.02578125
16 0.60859375 0.87265625 0.0140625 0.015625
16 0.6125 0.8875 0.0140625 0.01796875
16 0.50234375 0.95078125 0.0109375 0.028125
16 0.5109375 0.9484375 0.0109375 0.02890625
16 0.49375 0.95625 0.0109375 0.02734375
16 0.090625 0.2234375 0.015625 0.01640625
16 0.53828125 0.93828125 0.01171875 0.03046875
20 0.45 0.97578125 0.025 0.03671875
16 0.52109375 0.94765625 0.0125 0.03125
16 0.5296875 0.94375 0.009375 0.02734375
4 0.32578125 0.96484375 0.234375 0.06875
9 0.1890625 0.19375 0.06953125 0.1359375
16 0.09375 0.2375 0.015625 0.0171875
16 0.396875 0.153125 0.015625 0.01640625
4 0.13046875 0.25859375 0.04765625 0.1046875
16 0.4 0.1640625 0.01484375 0.015625
16 0.02578125 0.3125 0.015625 0.015625
16 0.00625 0.321875 0.0125 0.015625
16 0.00859375 0.3359375 0.0140625 0.01484375
16 0.40703125 0.17734375 0.01640625 0.0171875
20 0.765625 0.03671875 0.02109375 0.034375
16 0.43203125 0.16953125 0.01484375 0.015625
20 0.02890625 0.3359375 0.025 0.0375
16 0.409375 0.19140625 0.01484375 0.0171875
16 0.0109375 0.3546875 0.0171875 0.015625
16 0.1484375 0.30703125 0.015625 0.015625
2 0.1328125 0.3140625 0.01640625 0.01640625
16 0.4109375 0.20390625 0.0140625 0.01484375
9 0.35390625 0.22890625 0.05703125 0.11640625
16 0.0140625 0.371875 0.015625 0.01640625
16 0.4296875 0.209375 0.01484375 0.015625
16 0.4125 0.2171875 0.01484375 0.0171875
20 0.034375 0.36953125 0.02109375 0.034375
16 0.01640625 0.38828125 0.0125 0.0125
16 0.43125 0.2234375 0.015625 0.01484375
2 0.00234375 0.39609375 0.0046875 0.0171875
9 0.22109375 0.3078125 0.05703125 0.08828125
9 0.0703125 0.37265625 0.03984375 0.04609375
4 0.93203125 0.07734375 0.05546875 0.1546875
16 0.01953125 0.40234375 0.0140625 0.0140625
16 0.03828125 0.39609375 0.0140625 0.01328125
16 0.00390625 0.41171875 0.00703125 0.01484375
20 0.71171875 0.1375 0.03828125 0.06796875
20 0.6359375 0.16796875 0.04453125 0.06171875
9 0.5140625 0.225 0.07421875 0.0828125
16 0.4296875 0.27421875 0.0109375 0.02421875
16 0.42265625 0.278125 0.01015625 0.0203125
16 0.33125 0.3390625 0.0140625 0.01484375
16 0.3734375 0.32890625 0.009375 0.025
16 0.346875 0.3390625 0.0078125 0.02421875
16 0.365625 0.33203125 0.00859375 0.02265625
16 0.35546875 0.3359375 0.009375 0.02265625
16 0.3828125 0.32578125 0.00859375 0.02421875
16 0.39140625 0.3234375 0.0109375 0.02421875
16 0.33359375 0.3515625 0.0140625 0.015625
16 0.44296875 0.3078125 0.0109375 0.02734375
16 0.40078125 0.328125 0.00859375 0.0234375
16 0.40859375 0.32421875 0.0109375 0.02421875
2 0.42421875 0.31796875 0.0078125 0.0234375
16 0.334375 0.36328125 0.0140625 0.01484375
16 0.31640625 0.37109375 0.015625 0.01640625
2 0.3359375 0.3765625 0.0125 0.01484375
16 0.31875 0.3890625 0.0140625 0.015625
16 0.3390625 0.3875 0.0140625 0.015625
9 0.67421875 0.25625 0.0515625 0.06328125
16 0.51796875 0.3234375 0.0140625 0.01484375
16 0.56484375 0.334375 0.0140625 0.01328125
2 0.5203125 0.3546875 0.0140625 0.015625
4 0.303125 0.08125 0.14296875 0.08671875
16 0.55 0.35390625 0.01328125 0.015625
16 0.71484375 0.2890625 0.009375 0.02421875
16 0.70078125 0.2953125 0.0109375 0.0265625
16 0.6921875 0.29921875 0.0109375 0.028125
16 0.59609375 0.33828125 0.01328125 0.01484375
16 0.72421875 0.28671875 0.01171875 0.025
16 0.7328125 0.28359375 0.009375 0.02578125
20 0.92109375 0.209375 0.01953125 0.028125
2 0.52265625 0.36875 0.01640625 0.01640625
16 0.7453125 0.28125 0.0109375 0.025
16 0.56796875 0.353125 0.01015625 0.0234375
2 0.3453125 0.446875 0.0140625 0.0140625
16 0.5515625 0.36796875 0.0125 0.01328125
16 0.93828125 0.2203125 0.0078125 0.02109375
2 0.5265625 0.38828125 0.0140625 0.015625
16 0.925 0.23125 0.0140625 0.01484375
16 0.5546875 0.38359375 0.01328125 0.0140625
16 0.571875 0.38359375 0.00859375 0.02421875
2 0.22734375 0.521875 0.0078125 0.02109375
16 0.55625 0.39609375 0.0140625 0.01484375
2 0.53046875 0.40703125 0.01484375 0.0140625
16 0.353125 0.48046875 0.0109375 0.0125
16 0.55859375 0.409375 0.01171875 0.0109375
9 0.44453125 0.45546875 0.16328125 0.25703125
2 0.5328125 0.4203125 0.0140625 0.01640625
9 0.6578125 0.37265625 0.053125 0.071875
16 0.734375 0.34765625 0.01328125 0.03203125
16 0.5765625 0.4109375 0.0109375 0.0234375
16 0.753125 0.34140625 0.01171875 0.028125
16 0.725 0.35234375 0.0109375 0.02578125
16 0.74453125 0.34453125 0.009375 0.0265625
16 0.71640625 0.35703125 0.0125 0.03359375
16 0.70703125 0.36171875 0.01328125 0.02734375
2 0.35625 0.5046875 0.0140625 0.0140625
16 0.56015625 0.4234375 0.0125 0.0125
2 0.359375 0.51953125 0.01328125 0.01328125
9 0.83125 0.34140625 0.06953125 0.1421875
16 0.36171875 0.53515625 0.01328125 0.0140625
2 0.53828125 0.47421875 0.01328125 0.01328125
16 0.365625 0.5546875 0.01484375 0.0140625
2 0.54140625 0.4859375 0.015625 0.01328125
16 0.6953125 0.428125 0.01328125 0.01328125
2 0.3671875 0.57265625 0.0125 0.01328125
16 0.54375 0.503125 0.01484375 0.01484375
16 0.69765625 0.44375 0.0140625 0.015625
2 0.55078125 0.52421875 0.0078125 0.0234375
2 0.3703125 0.61484375 0.00859375 0.02265625
2 0.3625 0.61796875 0.0078125 0.0203125
4 0.11640625 0.71875 0.23203125 0.56015625
2 0.55546875 0.55078125 0.009375 0.021875
16 0.34765625 0.6359375 0.00859375 0.021875
16 0.35546875 0.634375 0.00859375 0.02265625
16 0.27421875 0.6703125 0.01015625 0.0234375
16 0.28359375 0.66640625 0.00859375 0.02421875
16 0.44453125 0.6109375 0.00859375 0.02109375
2 0.43515625 0.6140625 0.0078125 0.02265625
2 0.46328125 0.603125 0.0078125 0.0234375
2 0.47109375 0.6 0.00859375 0.02265625
2 0.42734375 0.6171875 0.009375 0.021875
16 0.39765625 0.6359375 0.01015625 0.02265625
16 0.375 0.6453125 0.01015625 0.021875
16 0.3671875 0.64921875 0.009375 0.021875
16 0.38828125 0.64140625 0.0078125 0.0203125
16 0.53046875 0.5859375 0.0171875 0.01953125
16 0.24765625 0.70546875 0.009375 0.02265625
16 0.27421875 0.70078125 0.01015625 0.025
2 0.28203125 0.69765625 0.009375 0.0234375
2 0.46875 0.62890625 0.009375 0.02421875
16 0.46015625 0.63359375 0.0078125 0.0203125
16 0.44375 0.640625 0.009375 0.021875
16 0.4359375 0.64375 0.00859375 0.021875
16 0.4109375 0.65390625 0.00859375 0.02265625
16 0.428125 0.646875 0.009375 0.02109375
16 0.4515625 0.6375 0.009375 0.021875
16 0.41953125 0.6515625 0.009375 0.021875
2 0.7234375 0.534375 0.0078125 0.02109375
2 0.8125 0.50703125 0.00859375 0.021875
16 0.9171875 0.47578125 0.015625 0.01484375
16 0.25625 0.7390625 0.0140625 0.01640625
9 0.32734375 0.7140625 0.08125 0.10078125
2 0.81796875 0.534375 0.009375 0.02421875
2 0.471875 0.68125 0.00859375 0.02265625
2 0.42265625 0.70234375 0.009375 0.021875
2 0.4484375 0.69296875 0.0078125 0.02109375
2 0.43203125 0.7 0.009375 0.02421875
2 0.43984375 0.696875 0.01015625 0.02578125
2 0.72890625 0.58359375 0.0078125 0.02109375
9 0.88828125 0.540625 0.07265625 0.1390625
16 0.8328125 0.578125 0.009375 0.02265625
16 0.84140625 0.575 0.0109375 0.021875
20 0.19609375 0.8359375 0.02265625 0.03828125
20 0.21953125 0.828125 0.02265625 0.03828125
2 0.7359375 0.63359375 0.0078125 0.0203125
20 0.24921875 0.87265625 0.0234375 0.0421875
20 0.21796875 0.8875 0.02421875 0.03671875
16 0.275 0.8671875 0.0109375 0.02421875
16 0.2640625 0.8734375 0.00859375 0.02421875
20 0.35625 0.85078125 0.01953125 0.03359375
20 0.3359375 0.859375 0.0203125 0.0328125
20 0.37734375 0.84375 0.0203125 0.034375