4 0.9140625 0.08203125 0.0421875 0.05703125
1 0.67890625 0.81953125 0.04375 0.075
1 0.3765625 0.8296875 0.0296875 0.075
1 0.54375 0.83984375 0.01171875 0.05703125
1 0.646875 0.08515625 0.015625 0.07109375
1 0.65 0.865625 0.0203125 0.0609375
15 0.58359375 0.8765625 0.0453125 0.0234375
1 0.378125 0.87734375 0.05 0.0375
15 0.84296875 0.8890625 0.0484375 0.0265625
1 0.79140625 0.8890625 0.034375 0.02734375
1 0.63359375 0.896875 0.02734375 0.04609375
1 0.77265625 0.9171875 0.01640625 0.06328125
1 0.68203125 0.0953125 0.0234375 0.06796875
4 0.9140625 0.16484375 0.0421875 0.05390625
1 0.1171875 0.184375 0.03515625 0.05859375
9 0.0671875 0.18515625 0.03515625 0.1546875
4 0.0234375 0.19921875 0.034375 0.07578125
15 0.86640625 0.20390625 0.01328125 0.05234375
20 0.4671875 0.20859375 0.078125 0.271875
9 0.28125 0.35859375 0.21796875 0.11640625
15 0.52265625 0.4171875 0.0359375 0.0296875
1 0.590625 0.42890625 0.0453125 0.04921875
1 0.75859375 0.43984375 0.04296875 0.06640625
1 0.7078125 0.44375 0.05 0.0640625
1 0.80625 0.46640625 0.04375 0.065625
1 0.79453125 0.04765625 0.03203125 0.03203125
1 0.16640625 0.4828125 0.04765625 0.05546875
4 0.27265625 0.4953125 0.1484375 0.0625
1 0.38046875 0.52109375 0.034375 0.09140625
9 0.8484375 0.55625 0.040625 0.05625
9 0.7921875 0.55703125 0.03984375 0.05390625
1 0.8578125 0.06484375 0.01953125 0.0546875
15 0.36953125 0.69921875 0.0203125 0.0828125
1 0.7140625 0.70859375 0.04140625 0.06953125
1 0.5578125 0.73203125 0.04921875 0.03984375
1 0.5015625 0.734375 0.0234375 0.0453125
9 0.19921875 0.75390625 0.21328125 0.11640625
1 0.49609375 0.80546875 0.028125 0.05