4 0.92578125 0.06328125 0.04296875 0.05859375
2 0.69296875 0.82421875 0.0453125 0.078125
2 0.38359375 0.84453125 0.03125 0.07734375
2 0.55546875 0.84921875 0.0125 0.0578125
2 0.65234375 0.07578125 0.015625 0.07265625
2 0.6640625 0.8734375 0.02109375 0.06328125
16 0.59609375 0.88671875 0.04609375 0.02421875
2 0.38671875 0.89296875 0.0515625 0.040625
16 0.8609375 0.88984375 0.04921875 0.02890625
2 0.80859375 0.8921875 0.03515625 0.02890625
2 0.646875 0.90546875 0.028125 0.04765625
2 0.7890625 0.92109375 0.01640625 0.06484375
2 0.68828125 0.08515625 0.02421875 0.06953125
4 0.9265625 0.1484375 0.04296875 0.05546875
2 0.11328125 0.19375 0.03671875 0.06015625
9 0.06171875 0.19765625 0.03671875 0.1578125
4 0.01796875 0.2125 0.0359375 0.07890625
16 0.87734375 0.18984375 0.0140625 0.053125
20 0.4703125 0.2078125 0.08203125 0.2796875
9 0.2828125 0.36640625 0.2234375 0.12578125
16 0.52890625 0.41953125 0.03671875 0.03046875
2 0.59765625 0.428125 0.04609375 0.0515625
2 0.7703125 0.43359375 0.04375 0.06953125
2 0.71796875 0.440625 0.05078125 0.06640625
2 0.81875 0.46015625 0.04453125 0.06875
2 0.803125 0.0328125 0.0328125 0.0328125
2 0.165625 0.49765625 0.04921875 0.0578125
4 0.275 0.50625 0.1515625 0.0671875
2 0.38515625 0.53046875 0.03671875 0.09375
9 0.86328125 0.5515625 0.04140625 0.0578125
9 0.80546875 0.553125 0.040625 0.05546875
2 0.8671875 0.04921875 0.0203125 0.05625
16 0.37578125 0.71171875 0.02109375 0.08515625
2 0.728125 0.709375 0.0421875 0.071875
2 0.56875 0.73828125 0.05 0.0421875
2 0.5109375 0.74375 0.02421875 0.04765625
9 0.20234375 0.7734375 0.21875 0.12578125
2 0.50625 0.8171875 0.02890625 0.0515625