2 0.42734375 0.75390625 0.0734375 0.1625
20 0.86484375 0.90390625 0.0953125 0.190625
2 0.6390625 0.83125 0.0125 0.05078125
9 0.2625 0.71875 0.11171875 0.17734375
2 0.10078125 0.66328125 0.16328125 0.2921875
2 0.55390625 0.81796875 0.1734375 0.3046875
9 0.71328125 0.875 0.11171875 0.16796875
16 0.65390625 0.86328125 0.009375 0.0296875
9 0.63046875 0.9109375 0.03515625 0.05
9 0.18359375 0.76171875 0.02890625 0.04375
2 0.2140625 0.78046875 0.04296875 0.07265625
2 0.6375 0.95 0.01171875 0.03125
2 0.6640625 0.96015625 0.04140625 0.06953125
2 0.1921875 0.8015625 0.01015625 0.03046875
2 0.621875 0.946875 0.0109375 0.03125
2 0.17734375 0.796875 0.0109375 0.03046875
4 0.33984375 0.91640625 0.08125 0.065625
4 0.60859375 0.98671875 0.08203125 0.025
4 0.1671875 0.8640625 0.08125 0.075
4 0.01875 0.80703125 0.0375 0.078125
2 0.70859375 0.08671875 0.0640625 0.06875
16 0.99375 0.16328125 0.01171875 0.01328125
16 0.80703125 0.1015625 0.01953125 0.01796875
9 0.928125 0.1640625 0.0484375 0.06875
4 0.8328125 0.16015625 0.0390625 0.1171875
9 0.76015625 0.1171875 0.0484375 0.0875
16 0.8046875 0.12421875 0.0171875 0.01796875
16 0.99296875 0.18828125 0.01328125 0.01640625
16 0.8796875 0.15234375 0.015625 0.01640625
16 0.4171875 0.003125 0.01875 0.00625
16 0.5171875 0.0359375 0.00859375 0.0296875
2 0.503125 0.0328125 0.01015625 0.02734375
16 0.45546875 0.0203125 0.01640625 0.015625
16 0.98984375 0.215625 0.01328125 0.01328125
16 0.8765625 0.1796875 0.015625 0.01640625
2 0.37890625 0.01796875 0.0109375 0.03046875
2 0.73125 0.13984375 0.01015625 0.0296875
2 0.91484375 0.2140625 0.015625 0.015625
16 0.9875 0.24140625 0.01484375 0.015625
16 0.87421875 0.20546875 0.01640625 0.0171875
16 0.44609375 0.06328125 0.01015625 0.03046875
16 0.45546875 0.0671875 0.00859375 0.02734375
16 0.88984375 0.225 0.01015625 0.02734375
16 0.4234375 0.075 0.01015625 0.03046875
16 0.18984375 0.00390625 0.01875 0.0078125
16 0.984375 0.26875 0.0140625 0.0140625
2 0.12578125 0.01640625 0.0609375 0.0328125
2 0.228125 0.02890625 0.01015625 0.03046875
16 0.21796875 0.0265625 0.01015625 0.0296875
2 0.2546875 0.04609375 0.0171875 0.0171875
16 0.18671875 0.02421875 0.0171875 0.01875
16 0.98203125 0.29453125 0.01484375 0.01328125
16 0.4296875 0.11328125 0.0171875 0.01796875
16 0.46953125 0.1265625 0.01796875 0.01796875
16 0.45 0.12109375 0.0171875 0.01796875
2 0.2734375 0.06171875 0.01640625 0.01796875
16 0.46875 0.14453125 0.01796875 0.0203125
16 0.4484375 0.1390625 0.01640625 0.01796875
16 0.51640625 0.17734375 0.0171875 0.01640625
16 0.53515625 0.18359375 0.01640625 0.0171875
16 0.728125 0.2578125 0.015625 0.0171875
16 0.4984375 0.18203125 0.01796875 0.02109375
2 0.48125 0.17734375 0.0171875 0.01796875
20 0.1796875 0.0765625 0.05625 0.090625
2 0.63046875 0.24296875 0.05 0.08984375
2 0.5921875 0.2359375 0.01796875 0.01875
16 0.559375 0.225 0.0171875 0.0171875
16 0.725 0.28515625 0.01640625 0.0171875
9 0.9484375 0.3625 0.0484375 0.090625
9 0.88828125 0.34140625 0.05 0.0890625
9 0.765625 0.30078125 0.04609375 0.08125
9 0.8265625 0.321875 0.04921875 0.08984375
2 0.24296875 0.1265625 0.0515625 0.08125
16 0.4953125 0.2140625 0.009375 0.02734375
16 0.5046875 0.2171875 0.01015625 0.02890625
16 0.12734375 0.0921875 0.03515625 0.1078125
2 0.55703125 0.24765625 0.01796875 0.01796875
9 0.47578125 0.2203125 0.02421875 0.04453125
16 0.72265625 0.31171875 0.01484375 0.0140625
16 0.3796875 0.20625 0.01171875 0.03125
16 0.71953125 0.33671875 0.01484375 0.01328125
4 0.99453125 0.4359375 0.009375 0.05546875
16 0.9625 0.4265625 0.015625 0.0171875
2 0.93671875 0.41796875 0.0171875 0.015625
16 0.9015625 0.40625 0.0171875 0.01640625
2 0.87578125 0.39921875 0.0171875 0.0171875
2 0.815625 0.378125 0.0171875 0.01796875
2 0.7546875 0.359375 0.015625 0.01640625
16 0.83984375 0.39453125 0.0171875 0.01640625
16 0.778125 0.375 0.01484375 0.01328125
9 0.3421875 0.26484375 0.03125 0.03359375
2 0.05703125 0.17265625 0.06875 0.12421875
2 0.990625 0.5046875 0.0171875 0.06484375
2 0.93203125 0.48984375 0.034375 0.0859375
2 0.87109375 0.47265625 0.0421875 0.09765625
2 0.8109375 0.459375 0.03515625 0.09453125
4 0.22734375 0.26015625 0.034375 0.09375
2 0.7484375 0.44140625 0.0390625 0.09921875
2 0.3234375 0.3 0.0609375 0.07890625
4 0.265625 0.2828125 0.03359375 0.07890625
9 0.915625 0.5109375 0.0234375 0.0390625
16 0.7875 0.48671875 0.01015625 0.02890625
16 0.14375 0.2734375 0.0265625 0.1
16 0.12734375 0.26796875 0.025 0.0984375
16 0.35234375 0.35546875 0.01796875 0.01796875
16 0.33046875 0.353125 0.01796875 0.01875
16 0.18359375 0.315625 0.0171875 0.01796875
16 0.1078125 0.2890625 0.01171875 0.0328125
20 0.08671875 0.3 0.025 0.04765625
2 0.2765625 0.37265625 0.0328125 0.05625
2 0.978125 0.615625 0.04296875 0.171875
4 0.2453125 0.37578125 0.03203125 0.07890625
2 0.7796875 0.559375 0.0515625 0.0921875
2 0.82890625 0.578125 0.0390625 0.05703125
16 0.3125 0.4046875 0.0515625 0.0375
9 0.1671875 0.359375 0.0453125 0.0828125
16 0.05625 0.3265625 0.05703125 0.04140625
2 0.87109375 0.6078125 0.05 0.08359375
2 0.46328125 0.47109375 0.034375 0.07265625
2 0.36328125 0.4390625 0.05546875 0.09453125
16 0.1015625 0.3515625 0.0171875 0.01640625
2 0.41484375 0.4671875 0.0390625 0.075
4 0.91875 0.64140625 0.04296875 0.059375
16 0.03359375 0.34765625 0.01875 0.02109375
16 0.178125 0.4125 0.01796875 0.02109375
2 0.15234375 0.40625 0.01796875 0.0203125
2 0.14765625 0.4453125 0.03515625 0.05625
16 0.109375 0.434375 0.03671875 0.13203125
9 0.12578125 0.50390625 0.02578125 0.04296875
16 0.0578125 0.49765625 0.02578125 0.09609375
16 0.7078125 0.71953125 0.0171875 0.0171875
16 0.7046875 0.75703125 0.0171875 0.01796875