2 0.684375 0.1609375 0.06640625 0.0421875
2 0.234375 0.20390625 0.0875 0.2078125
2 0.43515625 0.1890625 0.0875 0.1671875
2 0.5046875 0.18359375 0.05546875 0.2171875
2 0.9609375 0.15390625 0.0171875 0.1078125
2 0.94296875 0.16015625 0.01953125 0.1
16 0.5484375 0.2046875 0.03046875 0.0296875
16 0.66484375 0.21640625 0.0140625 0.0671875
16 0.609375 0.22265625 0.0171875 0.075
16 0.625 0.2234375 0.01640625 0.07734375
22 0.3265625 0.25390625 0.084375 0.24765625
16 0.54921875 0.24140625 0.028125 0.0328125
16 0.75078125 0.25390625 0.01328125 0.0671875
16 0.7671875 0.26015625 0.01328125 0.075
2 0.4421875 0.2875 0.065625 0.0453125
2 0.56796875 0.3265625 0.015625 0.0828125
2 0.60859375 0.3328125 0.015625 0.0703125
16 0.66953125 0.32890625 0.01328125 0.07265625
16 0.6390625 0.3328125 0.01328125 0.075
16 0.653125 0.33125 0.00859375 0.0578125
16 0.6234375 0.33515625 0.01015625 0.0703125
16 0.82578125 0.3203125 0.028125 0.0453125
16 0.74375 0.3609375 0.01640625 0.07265625
2 0.76015625 0.3609375 0.01015625 0.07265625
16 0.24765625 0.4234375 0.0296875 0.0578125
2 0.28203125 0.43359375 0.03359375 0.04765625
2 0.3765625 0.44140625 0.09765625 0.15234375
16 0.82734375 0.42265625 0.03515625 0.08984375
2 0.7390625 0.4359375 0.040625 0.0375
16 0.52265625 0.45859375 0.03828125 0.04765625
22 0.2640625 0.50625 0.10625 0.1078125
2 0.740625 0.4796875 0.03515625 0.03984375
16 0.5234375 0.50625 0.040625 0.04765625
16 0.825 0.5296875 0.03046875 0.03984375
9 0.6265625 0.5484375 0.146875 0.3171875
2 0.740625 0.54140625 0.04140625 0.04765625
2 0.5265625 0.57265625 0.04140625 0.06015625
2 0.35625 0.59765625 0.0796875 0.1546875
2 0.42265625 0.6125 0.05 0.06484375
16 0.059375 0.6578125 0.03046875 0.05
16 0.09375 0.6578125 0.03203125 0.0546875
16 0.8640625 0.6203125 0.0328125 0.03515625
2 0.278125 0.67109375 0.0921875 0.20234375
2 0.534375 0.65234375 0.01875 0.08515625
2 0.91640625 0.6328125 0.0359375 0.0453125
22 0.15 0.7125 0.0609375 0.18984375
16 0.36796875 0.69609375 0.0171875 0.0875
2 0.18125 0.7109375 0.0171875 0.07734375
2 0.19765625 0.7125 0.01328125 0.0796875
16 0.38671875 0.69609375 0.01640625 0.0875
2 0.2140625 0.7140625 0.01328125 0.0828125
22 0.4390625 0.7265625 0.07109375 0.17734375
2 0.09765625 0.77265625 0.0296875 0.0453125
16 0.865625 0.71484375 0.03046875 0.025
2 0.65078125 0.7546875 0.01875 0.0796875
16 0.5796875 0.7625 0.01171875 0.075
16 0.62578125 0.7609375 0.0109375 0.0671875
2 0.6125 0.7640625 0.01171875 0.07265625
2 0.746875 0.75234375 0.015625 0.08984375
16 0.70546875 0.75625 0.015625 0.0828125
16 0.903125 0.00625 0.03203125 0.0125
16 0.52109375 0.7734375 0.021875 0.0828125
2 0.546875 0.77265625 0.025 0.08515625
16 0.5953125 0.76875 0.0171875 0.07265625
2 0.66875 0.7640625 0.0140625 0.0828125
16 0.56484375 0.77265625 0.01015625 0.06015625
16 0.72578125 0.76015625 0.01640625 0.08984375
2 0.6859375 0.7671875 0.015625 0.0796875
2 0.12421875 0.8328125 0.02734375 0.03515625
2 0.19296875 0.82890625 0.03359375 0.04765625
2 0.15625 0.8609375 0.0328125 0.0421875
16 0.66015625 0.8328125 0.03203125 0.05
2 0.62734375 0.8359375 0.0296875 0.0421875
2 0.6921875 0.8359375 0.0328125 0.0421875
16 0.58125 0.86484375 0.0140625 0.075
16 0.15625 0.9 0.03515625 0.0546875
2 0.56640625 0.8671875 0.0140625 0.08515625
16 0.5984375 0.8671875 0.015625 0.0703125
20 0.68046875 0.0734375 0.1171875 0.146875
2 0.28125 0.09140625 0.0265625 0.07734375
16 0.55625 0.0953125 0.040625 0.0703125
2 0.603125 0.09609375 0.02265625 0.0828125
16 0.89921875 0.0765625 0.0375 0.04765625