9 0.6390625 0.55625 0.09765625 0.06953125
1 0.3171875 0.5578125 0.028125 0.040625
15 0.86171875 0.56171875 0.02734375 0.02265625
15 0.065625 0.5703125 0.01171875 0.02578125
1 0.2953125 0.575 0.025 0.04765625
15 0.07421875 0.58671875 0.01171875 0.02890625
1 0.20078125 0.5875 0.028125 0.0484375
1 0.1578125 0.59375 0.02890625 0.03984375
1 0.4609375 0.6109375 0.0296875 0.0390625
1 0.709375 0.61484375 0.03203125 0.05546875
1 0.48984375 0.615625 0.03125 0.05625
1 0.45078125 0.64765625 0.03125 0.040625
1 0.4765625 0.65390625 0.0265625 0.04375
15 0.50078125 0.70546875 0.015625 0.02734375
1 0.73515625 0.70625 0.03046875 0.0703125
15 0.509375 0.71328125 0.009375 0.02734375
1 0.5484375 0.746875 0.02890625 0.07265625
9 0.425 0.75859375 0.0671875 0.03984375
15 0.36875 0.775 0.015625 0.0203125
1 0.8328125 0.77578125 0.03203125 0.05859375
1 0.5921875 0.77890625 0.034375 0.0640625
1 0.50546875 0.79921875 0.03125 0.0515625
15 0.38046875 0.80859375 0.0171875 0.0203125
1 0.47734375 0.809375 0.0234375 0.02734375
15 0.7453125 0.81875 0.01484375 0.01328125
1 0.44140625 0.83203125 0.02578125 0.0453125
1 0.41953125 0.834375 0.02890625 0.046875
15 0.37578125 0.83828125 0.01640625 0.01484375
1 0.47109375 0.84453125 0.03359375 0.04140625
1 0.2109375 0.85 0.01875 0.03046875
9 0.43671875 0.9 0.0921875 0.03828125
15 0.7265625 0.915625 0.01640625 0.01796875
1 0.3046875 0.92421875 0.02734375 0.025
15 0.72578125 0.928125 0.0171875 0.015625
9 0.80390625 0.928125 0.0796875 0.04765625
15 0.859375 0.9328125 0.00859375 0.03203125
1 0.409375 0.93828125 0.0265625 0.0546875
1 0.59921875 0.940625 0.0296875 0.04375
1 0.35859375 0.9421875 0.04453125 0.03671875
1 0.559375 0.95 0.02578125 0.04140625
1 0.42890625 0.953125 0.02265625 0.02890625
1 0.53984375 0.95390625 0.025 0.0484375
1 0.58359375 0.95859375 0.03515625 0.0421875
1 0.51015625 0.9640625 0.04453125 0.03359375
15 0.3640625 0.165625 0.0125 0.0296875
1 0.71640625 0.171875 0.04609375 0.053125
15 0.45703125 0.1796875 0.009375 0.02578125
15 0.4484375 0.18046875 0.009375 0.0234375
15 0.48515625 0.1984375 0.0171875 0.02421875
15 0.5125 0.1984375 0.01015625 0.025
15 0.5015625 0.20078125 0.0140625 0.0265625
15 0.5203125 0.20859375 0.01171875 0.02265625
20 0.2421875 0.21015625 0.0515625 0.10625
1 0.57421875 0.22578125 0.034375 0.05234375
1 0.71875 0.2296875 0.03984375 0.06328125
1 0.53359375 0.23125 0.028125 0.0546875
1 0.65625 0.234375 0.04765625 0.04921875
1 0.39609375 0.2390625 0.02734375 0.04609375
15 0.44140625 0.2421875 0.01796875 0.01796875
1 0.59453125 0.24921875 0.0328125 0.04296875
1 0.6765625 0.26171875 0.03125 0.05390625
15 0.50546875 0.26171875 0.0125 0.02109375
15 0.478125 0.26484375 0.009375 0.02421875
1 0.309375 0.3 0.02265625 0.0625
1 0.11640625 0.303125 0.0265625 0.06171875
1 0.2859375 0.30546875 0.0265625 0.05390625
1 0.2328125 0.3234375 0.0609375 0.096875
15 0.18515625 0.325 0.01328125 0.02421875
15 0.17265625 0.35 0.00859375 0.0265625
15 0.16484375 0.3515625 0.009375 0.0234375
1 0.11875 0.3546875 0.0375 0.04921875
1 0.51640625 0.35703125 0.02421875 0.0390625
1 0.13203125 0.38671875 0.04375 0.05234375
1 0.2859375 0.3953125 0.0265625 0.0328125
1 0.50625 0.39765625 0.0296875 0.03984375
1 0.18671875 0.40703125 0.01953125 0.0390625
1 0.5015625 0.46796875 0.0265625 0.0390625
1 0.278125 0.484375 0.02265625 0.0640625
1 0.51640625 0.4890625 0.021875 0.034375
15 0.853125 0.48984375 0.0265625 0.0171875
1 0.2546875 0.51015625 0.025 0.04375
15 0.85625 0.515625 0.0265625 0.01875
15 0.2 0.52734375 0.00859375 0.03125
15 0.12421875 0.53203125 0.0109375 0.0234375
15 0.859375 0.53828125 0.028125 0.0203125
1 0.2 0.54453125 0.03203125 0.04453125