9 0.6296875 0.59609375 0.10546875 0.09609375
2 0.3078125 0.50859375 0.0328125 0.04765625
16 0.85234375 0.6640625 0.0296875 0.0296875
16 0.0546875 0.45234375 0.0140625 0.02890625
2 0.284375 0.5203125 0.0296875 0.0546875
16 0.0625 0.4703125 0.01484375 0.03203125
2 0.1890625 0.50625 0.03359375 0.05546875
2 0.1453125 0.5 0.03359375 0.046875
2 0.44609375 0.6015625 0.03359375 0.046875
2 0.69453125 0.67421875 0.03828125 0.06328125
2 0.47421875 0.6140625 0.0375 0.06484375
2 0.43203125 0.63671875 0.0359375 0.04921875
2 0.45703125 0.64921875 0.03125 0.0515625
16 0.475 0.7078125 0.01875 0.03125
2 0.709375 0.77265625 0.03828125 0.078125
16 0.4828125 0.7171875 0.01171875 0.0296875
2 0.51875 0.7625 0.0359375 0.08046875
9 0.39296875 0.7390625 0.07109375 0.0578125
16 0.3359375 0.73984375 0.01796875 0.02421875
2 0.8 0.86875 0.03828125 0.0671875
2 0.55859375 0.80625 0.04140625 0.0734375
2 0.4703125 0.80234375 0.0375 0.06015625
16 0.34375 0.77734375 0.01875 0.025
2 0.440625 0.80546875 0.0265625 0.03359375
16 0.70703125 0.88828125 0.015625 0.0171875
2 0.40234375 0.8171875 0.03046875 0.0515625
2 0.3796875 0.8140625 0.034375 0.0546875
16 0.3359375 0.80546875 0.01796875 0.01875
2 0.4296875 0.8375 0.0375 0.05
2 0.16953125 0.77109375 0.021875 0.03515625
9 0.3890625 0.884375 0.09609375 0.0640625
16 0.67734375 0.98046875 0.01796875 0.021875
2 0.25546875 0.871875 0.03046875 0.03203125
16 0.67578125 0.990625 0.01875 0.01796875
9 0.75390625 0.9890625 0.08515625 0.0203125
2 0.3578125 0.915625 0.0328125 0.06171875
2 0.54765625 0.9703125 0.034375 0.05234375
2 0.30625 0.90390625 0.0484375 0.0484375
2 0.50625 0.96875 0.0296875 0.04765625
2 0.37578125 0.93515625 0.02578125 0.034375
2 0.48671875 0.96640625 0.03046875 0.05546875
2 0.5296875 0.978125 0.03984375 0.0421875
2 0.45625 0.96875 0.0484375 0.0453125
16 0.39921875 0.13046875 0.015625 0.0328125
2 0.7515625 0.2328125 0.05234375 0.06484375
16 0.490625 0.16875 0.01171875 0.028125
16 0.48203125 0.16796875 0.01171875 0.02578125
16 0.5171875 0.1953125 0.01953125 0.02890625
16 0.54453125 0.203125 0.01328125 0.02734375
16 0.53203125 0.203125 0.0171875 0.03046875
16 0.55078125 0.215625 0.0140625 0.02578125
20 0.271875 0.13984375 0.06328125 0.1203125
2 0.603125 0.2484375 0.03984375 0.06171875
2 0.746875 0.2921875 0.046875 0.0734375
2 0.56171875 0.2421875 0.03359375 0.0625
2 0.68359375 0.27890625 0.05234375 0.06171875
2 0.42265625 0.2125 0.03203125 0.053125
16 0.46796875 0.22734375 0.01953125 0.02265625
2 0.6203125 0.2765625 0.0375 0.0515625
2 0.7015625 0.3125 0.03671875 0.06171875
16 0.5296875 0.2640625 0.0140625 0.02421875
16 0.50234375 0.259375 0.01171875 0.0265625
2 0.32890625 0.25 0.02890625 0.06875
2 0.13515625 0.1984375 0.0328125 0.06875
2 0.30546875 0.2484375 0.03203125 0.06015625
2 0.25078125 0.25 0.07109375 0.1140625
16 0.20234375 0.2390625 0.015625 0.02734375
16 0.18671875 0.26015625 0.01171875 0.0296875
16 0.17890625 0.259375 0.01171875 0.02578125
2 0.1328125 0.25 0.04296875 0.05859375
2 0.53046875 0.3625 0.02890625 0.0453125
2 0.1421875 0.28671875 0.04921875 0.06484375
2 0.2953125 0.3375 0.03046875 0.040625
2 0.515625 0.40078125 0.03359375 0.0484375
2 0.19453125 0.32109375 0.0234375 0.04375
2 0.50234375 0.46953125 0.03046875 0.0453125
2 0.278125 0.425 0.0296875 0.0703125
2 0.51484375 0.49609375 0.025 0.03984375
16 0.85234375 0.5890625 0.028125 0.02421875
2 0.2515625 0.44375 0.02890625 0.05
16 0.85234375 0.61484375 0.028125 0.02578125
16 0.1953125 0.4453125 0.01171875 0.0328125
16 0.11796875 0.4296875 0.01328125 0.02578125
16 0.853125 0.63984375 0.03046875 0.028125
2 0.1921875 0.4625 0.03671875 0.053125