9 0.615625 0.6265625 0.11171875 0.10390625
2 0.2765625 0.525 0.03515625 0.05078125
16 0.84921875 0.7046875 0.03203125 0.03203125
16 0.01015625 0.4578125 0.015625 0.03046875
2 0.25234375 0.53671875 0.03203125 0.0578125
16 0.01796875 0.47734375 0.01640625 0.03359375
2 0.1515625 0.51875 0.0359375 0.059375
2 0.10546875 0.5109375 0.0359375 0.05
2 0.42109375 0.62734375 0.0359375 0.05
2 0.6828125 0.7109375 0.040625 0.0671875
2 0.4515625 0.64140625 0.03984375 0.06953125
2 0.40625 0.6640625 0.03828125 0.05234375
2 0.4328125 0.678125 0.03359375 0.0546875
16 0.4515625 0.73984375 0.01953125 0.0328125
2 0.69765625 0.815625 0.040625 0.0828125
16 0.459375 0.75078125 0.0125 0.03125
2 0.49609375 0.79921875 0.0390625 0.08515625
9 0.3640625 0.77109375 0.07578125 0.0625
16 0.30390625 0.7703125 0.01875 0.0265625
2 0.79140625 0.91953125 0.040625 0.071875
2 0.53828125 0.84609375 0.04453125 0.078125
2 0.44453125 0.8390625 0.03984375 0.0640625
16 0.31171875 0.809375 0.01953125 0.0265625
2 0.41328125 0.8421875 0.028125 0.0359375
16 0.69375 0.93828125 0.0171875 0.01796875
2 0.37265625 0.85390625 0.0328125 0.05546875
2 0.34921875 0.85078125 0.03671875 0.05859375
16 0.303125 0.8390625 0.01875 0.0203125
2 0.4015625 0.87578125 0.040625 0.05390625
2 0.12734375 0.7984375 0.0234375 0.03828125
9 0.3578125 0.9234375 0.1015625 0.0703125
2 0.2171875 0.90703125 0.03203125 0.034375
2 0.32734375 0.94140625 0.03203125 0.03671875
2 0.5265625 0.99453125 0.034375 0.009375
2 0.271875 0.93046875 0.04921875 0.0296875
2 0.48359375 0.99453125 0.02890625 0.009375
16 0.378125 0.12734375 0.01640625 0.034375
2 0.7484375 0.246875 0.05546875 0.0703125
16 0.4734375 0.17109375 0.0125 0.0296875
16 0.4640625 0.1703125 0.0125 0.02734375
16 0.50078125 0.2 0.02109375 0.03046875
16 0.5296875 0.209375 0.0140625 0.02890625
16 0.5171875 0.209375 0.01796875 0.03203125
16 0.53671875 0.22265625 0.01484375 0.02734375
20 0.24296875 0.134375 0.0671875 0.12734375
2 0.59140625 0.25859375 0.04296875 0.065625
2 0.74296875 0.309375 0.05 0.078125
2 0.5484375 0.25078125 0.03671875 0.06640625
2 0.6765625 0.29296875 0.05625 0.065625
2 0.4015625 0.21484375 0.034375 0.05625
16 0.44921875 0.2328125 0.02109375 0.025
2 0.609375 0.28984375 0.03984375 0.05546875
2 0.69453125 0.32890625 0.0390625 0.065625
16 0.5140625 0.27421875 0.01484375 0.02578125
16 0.484375 0.26796875 0.01328125 0.028125
2 0.30234375 0.25234375 0.03203125 0.07265625
2 0.0984375 0.1921875 0.03515625 0.0734375
2 0.27734375 0.24921875 0.034375 0.0640625
2 0.21953125 0.25078125 0.0765625 0.12109375
16 0.16875 0.23828125 0.01640625 0.0296875
16 0.15234375 0.259375 0.0125 0.03125
16 0.14375 0.25859375 0.0125 0.02734375
2 0.0953125 0.246875 0.04609375 0.06328125
2 0.51328125 0.37734375 0.03125 0.0484375
2 0.1046875 0.2859375 0.053125 0.06953125
2 0.265625 0.34453125 0.03203125 0.04375
2 0.49765625 0.4171875 0.0359375 0.05078125
2 0.159375 0.32421875 0.025 0.046875
2 0.4828125 0.48984375 0.0328125 0.0484375
2 0.24609375 0.4359375 0.03203125 0.07421875
2 0.49609375 0.5171875 0.02734375 0.04296875
16 0.85 0.62578125 0.0296875 0.0265625
2 0.21796875 0.45546875 0.03125 0.05390625
16 0.85 0.653125 0.03046875 0.028125
16 0.15859375 0.45546875 0.01171875 0.034375
16 0.078125 0.4359375 0.0140625 0.028125
16 0.85078125 0.67890625 0.0328125 0.03046875
2 0.15546875 0.4734375 0.0390625 0.05703125