2 0.9125 0.86484375 0.03359375 0.015625
2 0.94921875 0.8578125 0.03203125 0.01484375
2 0.490625 0.09296875 0.03828125 0.02265625
2 0.5859375 0.0765625 0.0421875 0.021875
2 0.64765625 0.06484375 0.03984375 0.021875
16 0.26640625 0.14609375 0.0234375 0.02890625
16 0.23046875 0.153125 0.02265625 0.025
16 0.2484375 0.1515625 0.0234375 0.02890625
2 0.3265625 0.13671875 0.03828125 0.021875
2 0.36875 0.12890625 0.04375 0.0234375
16 0.28515625 0.14609375 0.025 0.03359375
2 0.4140625 0.12109375 0.04453125 0.02578125
2 0.73828125 0.0921875 0.04140625 0.021875
16 0.6265625 0.1203125 0.025 0.02890625
16 0.6421875 0.11796875 0.0234375 0.0296875
2 0.45390625 0.15703125 0.025 0.0296875
16 0.490625 0.15 0.0234375 0.028125
16 0.553125 0.1375 0.02734375 0.0328125
16 0.4734375 0.153125 0.0234375 0.0265625
2 0.528125 0.14296875 0.03125 0.0296875
2 0.6 0.128125 0.03125 0.03203125
16 0.69609375 0.109375 0.02578125 0.03046875
2 0.67421875 0.11484375 0.02734375 0.0328125
16 0.571875 0.134375 0.02734375 0.0328125
16 0.71171875 0.10703125 0.02578125 0.03046875
16 0.253125 0.21875 0.0234375 0.02890625
16 0.27265625 0.21484375 0.025 0.03046875
16 0.38828125 0.19375 0.03984375 0.02578125
16 0.4296875 0.18515625 0.0359375 0.021875
16 0.346875 0.2015625 0.03984375 0.021875
16 0.19375 0.2609375 0.0234375 0.028125
2 0.159375 0.2875 0.025 0.0296875
16 0.1421875 0.2921875 0.0234375 0.02890625
2 0.17890625 0.2859375 0.025 0.0296875
16 0.03046875 0.31875 0.02109375 0.02578125
16 0.0828125 0.309375 0.02578125 0.02890625
16 0.065625 0.3125 0.0234375 0.0296875
16 0.04765625 0.315625 0.0234375 0.02890625
2 0.74765625 0.1875 0.03515625 0.01953125
16 0.640625 0.2140625 0.025 0.02890625
9 0.69375 0.20703125 0.07734375 0.05078125
9 0.8125 0.184375 0.084375 0.05234375
16 0.16328125 0.31328125 0.03828125 0.02109375
16 0.753125 0.2015625 0.0359375 0.01875
16 0.1390625 0.32578125 0.025 0.02890625
16 0.00625 0.359375 0.0125 0.028125
16 0.075 0.3453125 0.02265625 0.028125
16 0.05859375 0.3484375 0.02265625 0.0265625
2 0.75625 0.21640625 0.0375 0.021875
16 0.69453125 0.2453125 0.0359375 0.01953125
2 0.18828125 0.35390625 0.04140625 0.02265625
2 0.2328125 0.34609375 0.0375 0.02265625
2 0.26953125 0.3390625 0.03828125 0.021875
2 0.6984375 0.2609375 0.0359375 0.01953125
16 0.321875 0.3359375 0.025 0.03203125
16 0.0109375 0.41328125 0.02109375 0.03046875
16 0.02734375 0.409375 0.02734375 0.0296875
16 0.171875 0.38125 0.0234375 0.02890625
16 0.19140625 0.37734375 0.02265625 0.0265625
16 0.26796875 0.3625 0.0234375 0.0265625
16 0.703125 0.275 0.03359375 0.01875
16 0.21171875 0.37421875 0.025 0.028125
16 0.2484375 0.36640625 0.02265625 0.028125
16 0.23125 0.3703125 0.02265625 0.028125
16 0.28828125 0.36015625 0.02578125 0.0296875
2 0.35234375 0.36015625 0.02734375 0.03203125
2 0.3890625 0.3546875 0.02734375 0.03046875
2 0.70859375 0.29140625 0.0359375 0.01953125
2 0.33046875 0.36875 0.02734375 0.02890625
9 0.1359375 0.4109375 0.065625 0.065625
2 0.3140625 0.3796875 0.0234375 0.02890625
2 0.20078125 0.40703125 0.02578125 0.0296875
2 0.18046875 0.4109375 0.025 0.02890625
20 0.025 0.44296875 0.03984375 0.03671875
2 0.2578125 0.39609375 0.02890625 0.0328125
2 0.22109375 0.40390625 0.025 0.0296875
2 0.2375 0.40078125 0.025 0.028125
20 0.0046875 0.45 0.009375 0.034375
2 0.278125 0.39296875 0.0234375 0.02890625
2 0.29765625 0.390625 0.02578125 0.02890625
2 0.52734375 0.35234375 0.0375 0.01953125
16 0.028125 0.484375 0.0234375 0.025
16 0.12265625 0.46640625 0.02109375 0.02578125
16 0.0109375 0.4890625 0.021875 0.028125
16 0.10703125 0.46953125 0.025 0.0296875
16 0.1390625 0.4640625 0.02265625 0.02890625
16 0.1703125 0.4578125 0.025 0.03046875
16 0.15546875 0.4609375 0.02265625 0.02890625
16 0.06875 0.47890625 0.025 0.02890625
16 0.04921875 0.4828125 0.0234375 0.02890625
16 0.0875 0.475 0.02109375 0.0265625
2 0.2125 0.45234375 0.0375 0.01953125
2 0.47109375 0.40859375 0.03828125 0.021875
2 0.21796875 0.471875 0.03515625 0.02109375
2 0.47734375 0.42734375 0.03984375 0.02109375
16 0.115625 0.50078125 0.02734375 0.03203125
20 0.00234375 0.52734375 0.0046875 0.0328125
20 0.01953125 0.5234375 0.03515625 0.0328125
2 0.4828125 0.44296875 0.0375 0.02109375
16 0.22265625 0.496875 0.0375 0.021875
2 0.18515625 0.5046875 0.03515625 0.02265625
2 0.77265625 0.39375 0.03828125 0.021875
16 0.16640625 0.528125 0.0375 0.02109375
16 0.0375 0.55703125 0.025 0.03046875
16 0.0171875 0.5609375 0.025 0.02890625
16 0.22890625 0.5203125 0.0375 0.01875
16 0.91015625 0.3953125 0.0359375 0.02109375
2 0.115625 0.5546875 0.03984375 0.021875
2 0.4953125 0.4796875 0.03359375 0.02109375
16 0.16953125 0.54453125 0.03359375 0.01953125
2 0.2359375 0.534375 0.03515625 0.021875
9 0.3640625 0.51328125 0.26015625 0.24609375
16 0.571875 0.47578125 0.0234375 0.02890625
16 0.16171875 0.56171875 0.03515625 0.01796875
2 0.50078125 0.4953125 0.0359375 0.01875
2 0.1203125 0.57265625 0.03828125 0.02265625
16 0.02890625 0.59375 0.025 0.0265625
16 0.046875 0.590625 0.0234375 0.02890625
2 0.2390625 0.553125 0.0375 0.01875
20 0.91328125 0.41953125 0.0421875 0.03984375
2 0.60078125 0.4875 0.03203125 0.01875
2 0.1671875 0.578125 0.03828125 0.02265625
2 0.125 0.5890625 0.04140625 0.0234375
16 0.60625 0.50234375 0.03359375 0.0171875
16 0.17109375 0.5953125 0.0359375 0.01796875
2 0.5046875 0.53125 0.03828125 0.02265625
2 0.25078125 0.58203125 0.03125 0.01796875
2 0.71171875 0.49140625 0.03828125 0.02109375
2 0.13125 0.60703125 0.0359375 0.021875
2 0.796875 0.475 0.03515625 0.021875
20 0.90703125 0.45703125 0.03828125 0.0359375
2 0.62265625 0.5140625 0.0359375 0.02109375
2 0.934375 0.453125 0.02734375 0.0296875
16 0.175 0.609375 0.0375 0.01875
2 0.2546875 0.60234375 0.03515625 0.01953125
2 0.18046875 0.62578125 0.03515625 0.01875
4 0.96640625 0.46953125 0.06484375 0.1328125
16 0.50625 0.565625 0.025 0.0296875
2 0.94375 0.48359375 0.02265625 0.02890625
16 0.9078125 0.4921875 0.025 0.028125
16 0.92578125 0.4875 0.02109375 0.0265625
16 0.51640625 0.6 0.025 0.0296875
2 0.93671875 0.5171875 0.02265625 0.0265625
16 0.91796875 0.52109375 0.025 0.03046875
2 0.95546875 0.5140625 0.0234375 0.028125
2 0.4859375 0.6140625 0.02578125 0.03203125
2 0.3328125 0.66015625 0.02578125 0.0265625
2 0.39453125 0.65 0.02890625 0.03203125
2 0.41484375 0.64609375 0.02890625 0.03359375
2 0.4640625 0.63671875 0.02734375 0.03046875
16 0.8953125 0.5953125 0.03515625 0.01953125
2 0.09921875 0.75859375 0.0796875 0.06015625
16 0.790625 0.62421875 0.0234375 0.028125
16 0.77265625 0.628125 0.025 0.0265625
20 0.93671875 0.596875 0.0421875 0.0328125
2 0.8703125 0.61171875 0.02890625 0.03203125
16 0.9015625 0.61171875 0.03515625 0.01953125
2 0.6828125 0.6578125 0.02265625 0.02578125
2 0.66484375 0.6640625 0.02578125 0.03046875
16 0.146875 0.76796875 0.025 0.0296875
9 0.8359375 0.63125 0.06953125 0.07265625
16 0.90546875 0.62734375 0.03203125 0.01796875
16 0.7046875 0.6703125 0.02578125 0.03046875
16 0.8015625 0.65234375 0.02890625 0.03046875
16 0.76328125 0.66015625 0.0234375 0.02890625
16 0.78203125 0.65625 0.0234375 0.02890625
20 0.7375 0.66640625 0.0421875 0.0375
20 0.946875 0.6265625 0.04140625 0.03046875
16 0.678125 0.68125 0.0375 0.01875
2 0.87890625 0.64296875 0.02578125 0.0296875
16 0.9109375 0.6421875 0.0359375 0.01875
2 0.0984375 0.8078125 0.04453125 0.04921875
2 0.16328125 0.79921875 0.0296875 0.03359375
16 0.740625 0.6921875 0.03125 0.0171875
2 0.74453125 0.7078125 0.03359375 0.01875
9 0.70078125 0.721875 0.07109375 0.0703125
2 0.10234375 0.85 0.02578125 0.034375
16 0.74921875 0.721875 0.03359375 0.01796875
16 0.1578125 0.84140625 0.025 0.03203125
16 0.13984375 0.84453125 0.0234375 0.03046875
16 0.753125 0.7359375 0.0359375 0.02109375
16 0.7578125 0.75078125 0.03515625 0.01953125
16 0.1109375 0.88203125 0.02109375 0.0296875
16 0.146875 0.875 0.02265625 0.028125
16 0.12890625 0.87890625 0.02109375 0.02578125
16 0.68125 0.778125 0.02265625 0.0265625
16 0.69765625 0.7765625 0.02265625 0.02890625
20 0.72421875 0.77109375 0.03984375 0.0359375
2 0.7609375 0.7671875 0.0375 0.01953125
16 0.13828125 0.909375 0.02265625 0.02890625
2 0.1203125 0.9125 0.01953125 0.0296875
16 0.15625 0.90703125 0.0234375 0.028125
9 0.89765625 0.7578125 0.2015625 0.17890625
2 0.76875 0.7953125 0.0375 0.02109375
16 0.7734375 0.81328125 0.03203125 0.0171875
16 0.14765625 0.93984375 0.0234375 0.0265625
16 0.16640625 0.9375 0.02265625 0.028125
16 0.13125 0.94453125 0.02109375 0.0296875
16 0.7515625 0.84609375 0.02265625 0.0265625
16 0.80078125 0.86328125 0.01953125 0.025
16 0.76015625 0.871875 0.01953125 0.02578125
16 0.7796875 0.8671875 0.01953125 0.025