20 0.38125 0.81640625 0.0203125 0.03359375
16 0.17265625 0.8734375 0.01640625 0.01796875
16 0.25078125 0.86328125 0.01015625 0.02578125
20 0.2015625 0.8765625 0.0234375 0.034375
16 0.2609375 0.8640625 0.00859375 0.0265625
20 0.23515625 0.86953125 0.0234375 0.0375
16 0.6734375 0.76015625 0.0171875 0.01875
16 0.175 0.8890625 0.01640625 0.01640625
16 0.59609375 0.7875 0.009375 0.02265625
16 0.5875 0.790625 0.0078125 0.025
16 0.63203125 0.77890625 0.00859375 0.02265625
16 0.5796875 0.79375 0.01171875 0.02734375
16 0.61484375 0.784375 0.00859375 0.02578125
16 0.6234375 0.78203125 0.01015625 0.02890625
16 0.64140625 0.778125 0.01015625 0.02734375
16 0.67578125 0.775 0.0203125 0.01796875
16 0.546875 0.809375 0.009375 0.02265625
16 0.5609375 0.80546875 0.00703125 0.0203125
16 0.56875 0.80390625 0.00703125 0.0234375
16 0.53828125 0.8125 0.00703125 0.021875
16 0.20625 0.90390625 0.00859375 0.02265625
16 0.1734375 0.91328125 0.01015625 0.0234375
16 0.19765625 0.90703125 0.00859375 0.028125
16 0.21953125 0.9015625 0.01171875 0.02890625
16 0.18203125 0.91171875 0.009375 0.0265625
20 0.30390625 0.8875 0.01640625 0.0296875
20 0.2375 0.90546875 0.02109375 0.03359375
20 0.25859375 0.89921875 0.01875 0.03359375
16 0.59140625 0.81953125 0.00859375 0.028125
16 0.58203125 0.821875 0.01015625 0.02734375
16 0.40390625 0.071875 0.00859375 0.02578125
16 0.3953125 0.07421875 0.00859375 0.025
16 0.375 0.078125 0.0078125 0.021875
16 0.384375 0.07734375 0.00859375 0.021875
16 0.25546875 0.9296875 0.01015625 0.025
16 0.290625 0.921875 0.00703125 0.0234375
16 0.30234375 0.91796875 0.0109375 0.02734375
16 0.309375 0.91640625 0.00859375 0.02265625
16 0.24375 0.934375 0.009375 0.025
16 0.275 0.92578125 0.01015625 0.0265625
16 0.265625 0.92890625 0.00859375 0.025
16 0.28359375 0.92421875 0.009375 0.02734375
16 0.2359375 0.9375 0.00859375 0.02578125
16 0.7203125 0.81953125 0.009375 0.025
16 0.7015625 0.82421875 0.01015625 0.025
16 0.71171875 0.821875 0.01171875 0.02734375
16 0.73828125 0.815625 0.0078125 0.0234375
16 0.7296875 0.81875 0.009375 0.0265625
16 0.7484375 0.815625 0.01171875 0.02890625
9 0.64296875 0.01875 0.040625 0.0375
16 0.525 0.88515625 0.00859375 0.02265625
16 0.534375 0.884375 0.01015625 0.0265625
16 0.5921875 0.88203125 0.0140625 0.0140625
16 0.59453125 0.8984375 0.01328125 0.0171875
16 0.48046875 0.94609375 0.009375 0.02890625
16 0.4890625 0.94609375 0.01015625 0.0296875
16 0.471875 0.95 0.01015625 0.02734375
16 0.1046875 0.15703125 0.015625 0.01484375
16 0.5171875 0.9390625 0.01015625 0.0296875
20 0.4265625 0.9640625 0.02421875 0.034375
16 0.5 0.94609375 0.0109375 0.03046875
16 0.5078125 0.94375 0.00859375 0.02734375
4 0.29921875 0.95703125 0.23515625 0.084375
9 0.20625 0.14140625 0.06484375 0.13125
16 0.1078125 0.171875 0.01484375 0.015625
16 0.41796875 0.12890625 0.01484375 0.01484375
4 0.14375 0.19765625 0.04375 0.10234375
16 0.4203125 0.140625 0.01484375 0.0140625
16 0.03515625 0.2375 0.015625 0.0140625
16 0.015625 0.24375 0.01328125 0.0140625
16 0.0171875 0.2578125 0.0140625 0.01328125
16 0.4265625 0.15546875 0.01640625 0.015625
16 0.00234375 0.26328125 0.00390625 0.01171875
20 0.79609375 0.0640625 0.0203125 0.0328125
16 0.453125 0.15078125 0.01484375 0.0140625
20 0.03828125 0.26171875 0.0234375 0.03515625
16 0.428125 0.16875 0.0140625 0.015625
16 0.00234375 0.2796875 0.0046875 0.0125
16 0.01796875 0.278125 0.01640625 0.0140625
16 0.159375 0.24921875 0.015625 0.0140625
2 0.14375 0.25390625 0.01640625 0.01484375
16 0.4296875 0.18203125 0.0140625 0.01328125
9 0.3703125 0.19921875 0.053125 0.11328125
16 0.00390625 0.3 0.00703125 0.0140625
16 0.01953125 0.29453125 0.01484375 0.01484375
16 0.4484375 0.190625 0.01484375 0.0140625
16 0.43125 0.19609375 0.0140625 0.015625
20 0.04140625 0.29609375 0.0203125 0.0328125
16 0.02109375 0.31171875 0.01171875 0.0109375
16 0.44921875 0.2046875 0.015625 0.0125
2 0.0046875 0.3171875 0.009375 0.015625
9 0.23203125 0.26015625 0.0546875 0.08359375
9 0.07734375 0.3046875 0.03984375 0.04296875
4 0.959375 0.103125 0.034375 0.20625
16 0.02421875 0.3265625 0.0140625 0.0125
16 0.04375 0.32265625 0.01328125 0.01171875
16 0.00546875 0.3328125 0.0109375 0.0125
20 0.73671875 0.15703125 0.0359375 0.065625
20 0.65859375 0.178125 0.04296875 0.05859375
9 0.53203125 0.2171875 0.07265625 0.07578125
16 0.44453125 0.25546875 0.01015625 0.0234375
16 0.4375 0.25859375 0.009375 0.01953125
16 0.34140625 0.30625 0.0140625 0.01328125
16 0.384375 0.30234375 0.0078125 0.025
16 0.3578125 0.309375 0.00703125 0.0234375
16 0.3765625 0.30390625 0.0078125 0.021875
16 0.3671875 0.30703125 0.00859375 0.02265625
16 0.39453125 0.3015625 0.0078125 0.0234375
16 0.403125 0.29921875 0.01015625 0.0234375
16 0.34296875 0.31953125 0.0140625 0.0140625
16 0.45625 0.2921875 0.01015625 0.02734375
16 0.4125 0.30546875 0.0078125 0.02265625
16 0.4203125 0.303125 0.01015625 0.0234375
2 0.4359375 0.3 0.00703125 0.02265625
16 0.34375 0.33203125 0.0140625 0.01328125
16 0.325 0.3359375 0.015625 0.0140625
2 0.3453125 0.3453125 0.0125 0.01328125
16 0.3265625 0.35546875 0.0140625 0.0140625
16 0.346875 0.35703125 0.0140625 0.0140625
9 0.6921875 0.271875 0.05078125 0.05859375
16 0.53125 0.31796875 0.0140625 0.01328125
16 0.57734375 0.33515625 0.0140625 0.01171875
2 0.53125 0.34921875 0.0140625 0.0140625
4 0.32890625 0.0484375 0.14453125 0.0578125
16 0.5609375 0.35234375 0.0125 0.0140625
16 0.73125 0.3109375 0.00859375 0.025
16 0.71640625 0.315625 0.01015625 0.0265625
16 0.7078125 0.31796875 0.009375 0.02890625
16 0.6078125 0.34375 0.01328125 0.0140625
16 0.740625 0.309375 0.0109375 0.025
16 0.74921875 0.3078125 0.00859375 0.0265625
20 0.94296875 0.259375 0.01875 0.02734375
2 0.5328125 0.3640625 0.01640625 0.01484375
16 0.7625 0.30703125 0.01015625 0.025
16 0.57890625 0.3546875 0.009375 0.02265625
2 0.35 0.4171875 0.01328125 0.0125
16 0.5625 0.3671875 0.0125 0.01171875
16 0.96015625 0.27265625 0.0078125 0.0203125
2 0.53515625 0.38359375 0.0140625 0.0140625
16 0.94609375 0.28125 0.0140625 0.01328125
16 0.5640625 0.3828125 0.01328125 0.01328125
16 0.58125 0.38515625 0.0078125 0.0234375
2 0.2265625 0.47578125 0.00703125 0.0203125
16 0.56484375 0.39609375 0.0140625 0.01328125
2 0.5390625 0.40234375 0.0140625 0.0125
16 0.35625 0.45234375 0.0109375 0.0109375
16 0.5671875 0.41015625 0.01171875 0.009375
9 0.44921875 0.43984375 0.15625 0.24375
2 0.540625 0.4171875 0.0140625 0.01484375
9 0.66875 0.3859375 0.05234375 0.06640625
16 0.74765625 0.371875 0.01171875 0.03125
16 0.584375 0.4140625 0.01015625 0.02265625
16 0.76640625 0.36796875 0.0109375 0.028125
16 0.73828125 0.37578125 0.01015625 0.02578125
16 0.7578125 0.3703125 0.00859375 0.0265625
16 0.72890625 0.3796875 0.01171875 0.0328125
16 0.71875 0.3828125 0.01171875 0.02734375
2 0.3578125 0.47734375 0.0140625 0.0125
16 0.5671875 0.42421875 0.0125 0.0109375
2 0.36015625 0.4921875 0.0125 0.0125
9 0.8453125 0.37890625 0.0640625 0.1390625
16 0.36171875 0.50859375 0.01328125 0.01328125
2 0.5421875 0.471875 0.0125 0.01171875
16 0.3640625 0.528125 0.0140625 0.0125
2 0.5453125 0.484375 0.01484375 0.01171875
16 0.70390625 0.44765625 0.0125 0.0125
2 0.365625 0.546875 0.0125 0.01171875
16 0.546875 0.5015625 0.01484375 0.01328125
16 0.7046875 0.46328125 0.0140625 0.0140625
2 0.55234375 0.5234375 0.00703125 0.02265625
2 0.36640625 0.58984375 0.0078125 0.021875
2 0.3578125 0.5921875 0.00703125 0.0203125
4 0.1046875 0.659375 0.209375 0.55390625
2 0.55625 0.55234375 0.00859375 0.021875
16 0.3421875 0.60859375 0.0078125 0.02109375
16 0.35078125 0.60703125 0.0078125 0.021875
16 0.26640625 0.63203125 0.009375 0.02265625
16 0.275 0.63046875 0.0078125 0.0234375
16 0.44140625 0.59609375 0.00859375 0.02109375
2 0.43125 0.5984375 0.00703125 0.021875
2 0.46015625 0.59140625 0.00703125 0.02265625
2 0.46796875 0.5890625 0.0078125 0.021875
2 0.4234375 0.6015625 0.00859375 0.021875
16 0.3921875 0.61484375 0.009375 0.021875
16 0.36953125 0.621875 0.01015625 0.02109375
16 0.36171875 0.62421875 0.009375 0.02109375
16 0.38203125 0.61875 0.00703125 0.01953125
16 0.52890625 0.58359375 0.01640625 0.0171875
16 0.23671875 0.6640625 0.00859375 0.02265625
16 0.2640625 0.6625 0.00859375 0.02578125
2 0.27265625 0.66015625 0.00859375 0.0234375
2 0.4640625 0.61796875 0.00859375 0.025
16 0.45546875 0.621875 0.00703125 0.01953125
16 0.4390625 0.625 0.00859375 0.021875
16 0.43046875 0.62734375 0.0078125 0.02109375
16 0.4046875 0.63515625 0.0078125 0.021875
16 0.42265625 0.63046875 0.00859375 0.02109375
16 0.446875 0.62421875 0.00859375 0.021875
16 0.41328125 0.63359375 0.009375 0.02109375
2 0.7265625 0.55859375 0.00703125 0.0203125
2 0.81796875 0.54375 0.0078125 0.02109375
16 0.92421875 0.5265625 0.015625 0.0125
16 0.24375 0.69921875 0.01328125 0.015625
9 0.3171875 0.68359375 0.0796875 0.09296875
2 0.82109375 0.57109375 0.00859375 0.025
2 0.4640625 0.67109375 0.0078125 0.021875
2 0.4140625 0.68515625 0.00859375 0.021875
2 0.43984375 0.6796875 0.0078125 0.0203125
2 0.42265625 0.68359375 0.00859375 0.025
2 0.43125 0.68203125 0.009375 0.0265625
2 0.72890625 0.60859375 0.0078125 0.0203125
9 0.89140625 0.5875 0.0671875 0.134375
16 0.83359375 0.61796875 0.00859375 0.02265625
16 0.84296875 0.61640625 0.01015625 0.02109375
20 0.178125 0.78828125 0.021875 0.0359375
20 0.20234375 0.7828125 0.02109375 0.03671875
2 0.73359375 0.66015625 0.00703125 0.01953125
20 0.2296875 0.83203125 0.021875 0.04140625
20 0.196875 0.84296875 0.02265625 0.03515625
16 0.25546875 0.83046875 0.01015625 0.0234375
16 0.24453125 0.834375 0.0078125 0.0234375
20 0.33828125 0.82578125 0.01875 0.03203125
20 0.31796875 0.83203125 0.01953125 0.03125
20 0.3609375 0.82109375 0.01875 0.0328125