20 0.3578125 0.8609375 0.02109375 0.03515625
16 0.1484375 0.93125 0.0171875 0.01875
16 0.228125 0.91640625 0.0109375 0.0265625
20 0.178125 0.93203125 0.02421875 0.0359375
16 0.2375 0.915625 0.00859375 0.02734375
20 0.21171875 0.92421875 0.02421875 0.0390625
16 0.653125 0.78828125 0.0171875 0.0203125
16 0.1515625 0.946875 0.01640625 0.01640625
16 0.575 0.8203125 0.01015625 0.0234375
16 0.56640625 0.82421875 0.00859375 0.02578125
16 0.6109375 0.81015625 0.00859375 0.0234375
16 0.5578125 0.82734375 0.01171875 0.028125
16 0.59375 0.81640625 0.00859375 0.02578125
16 0.60234375 0.81328125 0.0109375 0.02890625
16 0.6203125 0.8078125 0.0109375 0.02734375
16 0.65546875 0.80390625 0.0203125 0.01875
16 0.52578125 0.8453125 0.01015625 0.0234375
16 0.53984375 0.840625 0.00703125 0.02109375
16 0.54765625 0.8390625 0.0078125 0.02421875
16 0.5171875 0.8484375 0.00703125 0.02265625
16 0.18359375 0.96015625 0.00859375 0.0234375
16 0.15 0.97109375 0.01015625 0.02421875
16 0.17421875 0.9640625 0.009375 0.02890625
16 0.196875 0.9578125 0.01171875 0.0296875
16 0.15859375 0.96953125 0.009375 0.0265625
20 0.28203125 0.9375 0.0171875 0.03046875
20 0.21484375 0.959375 0.021875 0.03515625
20 0.2359375 0.953125 0.01953125 0.034375
16 0.57109375 0.853125 0.009375 0.02890625
16 0.5609375 0.85625 0.0109375 0.02734375
16 0.36484375 0.1078125 0.009375 0.02578125
16 0.35625 0.109375 0.00859375 0.025
16 0.3359375 0.11640625 0.00859375 0.0234375
16 0.3453125 0.1140625 0.009375 0.02265625
16 0.23359375 0.98359375 0.01015625 0.025
16 0.26953125 0.97265625 0.00703125 0.02421875
16 0.28046875 0.96875 0.01171875 0.02734375
16 0.28828125 0.96640625 0.00859375 0.0234375
16 0.22265625 0.9875 0.01015625 0.02421875
16 0.253125 0.978125 0.01015625 0.0265625
16 0.24375 0.98203125 0.009375 0.025
16 0.2625 0.97578125 0.01015625 0.02734375
16 0.2140625 0.98828125 0.009375 0.021875
16 0.7015625 0.8453125 0.01015625 0.025
16 0.68203125 0.8515625 0.01015625 0.025
16 0.6921875 0.84921875 0.0125 0.02734375
16 0.71875 0.84140625 0.00859375 0.025
16 0.7109375 0.84453125 0.009375 0.0265625
16 0.7296875 0.840625 0.01171875 0.0296875
9 0.6046875 0.03671875 0.04140625 0.0484375
16 0.50546875 0.9234375 0.00859375 0.0234375
16 0.5140625 0.92109375 0.01015625 0.0265625
16 0.5734375 0.9171875 0.01484375 0.01484375
16 0.5765625 0.93203125 0.0140625 0.0171875
16 0.46171875 0.9859375 0.01015625 0.0265625
16 0.4703125 0.98515625 0.0109375 0.028125
16 0.453125 0.98828125 0.01171875 0.021875
16 0.06484375 0.2109375 0.015625 0.015625
16 0.4984375 0.97734375 0.0109375 0.0296875
20 0.4078125 0.99453125 0.02578125 0.009375
16 0.48125 0.984375 0.01171875 0.02890625
16 0.48984375 0.98359375 0.009375 0.028125
4 0.27734375 0.97890625 0.23515625 0.03984375
9 0.16640625 0.1890625 0.06796875 0.13515625
16 0.0671875 0.22578125 0.01484375 0.01640625
16 0.3796875 0.1640625 0.01484375 0.015625
4 0.1046875 0.24921875 0.04609375 0.10546875
16 0.3828125 0.17578125 0.01484375 0.01484375
16 0.0015625 0.2953125 0.003125 0.015625
16 0.38984375 0.190625 0.01640625 0.015625
20 0.7609375 0.07734375 0.02109375 0.034375
16 0.415625 0.184375 0.01484375 0.01484375
20 0.00546875 0.31875 0.0109375 0.0375
16 0.3921875 0.2046875 0.01484375 0.01640625
16 0.12109375 0.30078125 0.015625 0.01484375
2 0.10546875 0.30546875 0.01640625 0.01484375
16 0.39375 0.21796875 0.0140625 0.0140625
9 0.33359375 0.23828125 0.05546875 0.11640625
16 0.4125 0.225 0.01484375 0.01484375
16 0.39453125 0.23203125 0.01484375 0.01640625
20 0.00703125 0.3546875 0.0140625 0.03515625
16 0.4140625 0.2390625 0.01640625 0.01328125
9 0.1953125 0.3078125 0.05625 0.0875
9 0.03984375 0.3609375 0.040625 0.04453125
4 0.93984375 0.10703125 0.06640625 0.21328125
16 0.00625 0.38125 0.0125 0.0125
20 0.70234375 0.175 0.0375 0.06796875
20 0.62421875 0.20078125 0.04453125 0.0609375
9 0.49765625 0.2484375 0.07421875 0.0796875
16 0.41015625 0.29140625 0.01015625 0.02421875
16 0.40234375 0.29453125 0.01015625 0.0203125
16 0.30703125 0.3484375 0.0140625 0.0140625
16 0.35078125 0.34140625 0.00859375 0.02578125
16 0.3234375 0.35 0.0078125 0.02421875
16 0.3421875 0.34453125 0.00859375 0.0234375
16 0.33203125 0.346875 0.009375 0.0234375
16 0.3609375 0.340625 0.00859375 0.025
16 0.36875 0.3375 0.01015625 0.02421875
16 0.30859375 0.3609375 0.0140625 0.01484375
16 0.421875 0.3265625 0.0109375 0.02734375
16 0.37890625 0.34375 0.00859375 0.02421875
16 0.38671875 0.340625 0.01015625 0.02421875
2 0.403125 0.3359375 0.0078125 0.0234375
16 0.309375 0.37421875 0.0140625 0.0140625
16 0.29140625 0.3796875 0.01640625 0.01484375
2 0.3109375 0.3875 0.01328125 0.0140625
16 0.29296875 0.3984375 0.01484375 0.01484375
16 0.31328125 0.3984375 0.0140625 0.01484375
9 0.6609375 0.29375 0.0515625 0.06171875
16 0.4984375 0.34921875 0.0140625 0.0140625
16 0.54609375 0.3640625 0.0140625 0.0125
2 0.49921875 0.38125 0.0140625 0.01484375
4 0.28671875 0.0828125 0.14609375 0.07734375
16 0.5296875 0.3828125 0.01328125 0.01484375
16 0.70078125 0.33125 0.00859375 0.025
16 0.68671875 0.3359375 0.01015625 0.0265625
16 0.67734375 0.3390625 0.01015625 0.02890625
16 0.57734375 0.37109375 0.01328125 0.0140625
16 0.71015625 0.3296875 0.01171875 0.02578125
16 0.71953125 0.3265625 0.009375 0.0265625
20 0.9140625 0.26640625 0.01953125 0.028125
2 0.50078125 0.39609375 0.01640625 0.01484375
16 0.73203125 0.325 0.01015625 0.025
16 0.5484375 0.38359375 0.01015625 0.0234375
2 0.31796875 0.46015625 0.0140625 0.01328125
16 0.53125 0.39765625 0.01328125 0.0125
16 0.93125 0.27890625 0.0078125 0.021875
2 0.5046875 0.41640625 0.01484375 0.01484375
16 0.91796875 0.2890625 0.01484375 0.0140625
16 0.53359375 0.4125 0.01328125 0.01328125
16 0.55078125 0.415625 0.00859375 0.025
2 0.19453125 0.52578125 0.00703125 0.02109375
16 0.53515625 0.42578125 0.0140625 0.0140625
2 0.50859375 0.43515625 0.01484375 0.01328125
16 0.325 0.49453125 0.01171875 0.01171875
16 0.5375 0.43984375 0.01171875 0.01015625
9 0.41875 0.47734375 0.16171875 0.253125
2 0.51015625 0.44921875 0.0140625 0.015625
9 0.63984375 0.41015625 0.053125 0.06953125
16 0.71875 0.39140625 0.01328125 0.03203125
16 0.55546875 0.44375 0.01015625 0.0234375
16 0.73828125 0.38671875 0.01171875 0.028125
16 0.709375 0.39609375 0.01015625 0.02578125
16 0.72890625 0.3890625 0.00859375 0.02734375
16 0.7 0.4 0.01171875 0.03359375
16 0.68984375 0.40390625 0.0125 0.02734375
2 0.32734375 0.5203125 0.01484375 0.01328125
16 0.53828125 0.4546875 0.0125 0.01171875
2 0.3296875 0.53515625 0.01328125 0.0125
9 0.81796875 0.39375 0.06796875 0.14296875
16 0.33203125 0.5515625 0.01328125 0.01328125
2 0.5140625 0.50390625 0.01328125 0.01171875
16 0.334375 0.57109375 0.01484375 0.01328125
2 0.51640625 0.5171875 0.01484375 0.0125
16 0.67578125 0.47109375 0.01328125 0.0125
2 0.33671875 0.58984375 0.01328125 0.0125
16 0.51875 0.534375 0.01484375 0.0140625
16 0.67734375 0.48671875 0.01484375 0.01484375
2 0.525 0.55546875 0.0078125 0.0234375
2 0.33828125 0.63359375 0.00859375 0.0234375
2 0.3296875 0.63671875 0.00703125 0.02109375
4 0.09296875 0.71328125 0.1859375 0.55546875
2 0.52890625 0.584375 0.009375 0.02265625
16 0.3140625 0.653125 0.00859375 0.02265625
16 0.32265625 0.65234375 0.00859375 0.0234375
16 0.2375 0.68203125 0.01015625 0.0234375
16 0.246875 0.6796875 0.00859375 0.025
16 0.4140625 0.63515625 0.00859375 0.021875
2 0.4046875 0.63828125 0.0078125 0.02265625
2 0.4328125 0.6296875 0.0078125 0.0234375
2 0.44140625 0.62734375 0.00859375 0.0234375
2 0.396875 0.64140625 0.00859375 0.02265625
16 0.36484375 0.65703125 0.01015625 0.02265625
16 0.3421875 0.665625 0.01015625 0.021875
16 0.33359375 0.66875 0.009375 0.021875
16 0.3546875 0.6625 0.0078125 0.02109375
16 0.50234375 0.61796875 0.0171875 0.01796875
16 0.209375 0.715625 0.00859375 0.0234375
16 0.23671875 0.7125 0.009375 0.02578125
2 0.2453125 0.7109375 0.00859375 0.02421875
2 0.4375 0.65703125 0.00859375 0.025
16 0.42890625 0.66015625 0.0078125 0.02109375
16 0.4125 0.665625 0.00859375 0.02265625
16 0.40390625 0.66796875 0.00859375 0.02265625
16 0.378125 0.6765625 0.00859375 0.0234375
16 0.3953125 0.67109375 0.00859375 0.021875
16 0.4203125 0.6640625 0.009375 0.02265625
16 0.38671875 0.675 0.009375 0.021875
2 0.7015625 0.58203125 0.00703125 0.02109375
2 0.79375 0.56171875 0.00859375 0.02265625
16 0.9015625 0.53828125 0.01640625 0.01328125
16 0.2171875 0.75078125 0.01328125 0.015625
9 0.290625 0.73125 0.08203125 0.096875
2 0.79765625 0.5890625 0.00859375 0.025
2 0.4390625 0.71015625 0.00859375 0.0234375
2 0.38828125 0.72734375 0.009375 0.02265625
2 0.4140625 0.7203125 0.0078125 0.021875
2 0.39765625 0.72578125 0.00859375 0.025
2 0.40625 0.7234375 0.009375 0.0265625
2 0.7046875 0.63203125 0.0078125 0.021875
9 0.86875 0.6015625 0.0703125 0.1390625
16 0.81171875 0.63515625 0.009375 0.0234375
16 0.8203125 0.63359375 0.01015625 0.02265625
20 0.15234375 0.8453125 0.02265625 0.0375
20 0.1765625 0.83828125 0.021875 0.03828125
2 0.7109375 0.68359375 0.0078125 0.02109375
20 0.20546875 0.8859375 0.02265625 0.0421875
20 0.1734375 0.8984375 0.0234375 0.03671875
16 0.23203125 0.88359375 0.01015625 0.02421875
16 0.2203125 0.8875 0.00859375 0.025
20 0.31484375 0.8734375 0.01953125 0.03203125
20 0.29453125 0.88046875 0.0203125 0.03203125
20 0.3375 0.86796875 0.01953125 0.03359375