9 0.640625 0.53828125 0.103125 0.0796875
2 0.30703125 0.5671875 0.03125 0.04375
16 0.87109375 0.525 0.02890625 0.02578125
16 0.046875 0.60234375 0.01328125 0.02734375
2 0.2859375 0.5875 0.0265625 0.0515625
16 0.05703125 0.6171875 0.01328125 0.03046875
2 0.18828125 0.6078125 0.03046875 0.0515625
2 0.14375 0.6171875 0.03125 0.04296875
2 0.45859375 0.609375 0.03203125 0.0421875
2 0.715625 0.5921875 0.03515625 0.059375
2 0.48828125 0.6125 0.03359375 0.0609375
2 0.44921875 0.65 0.03359375 0.04453125
2 0.4765625 0.653125 0.02890625 0.04765625
16 0.503125 0.7046875 0.0171875 0.0296875
2 0.74609375 0.68515625 0.03359375 0.075
16 0.51171875 0.7109375 0.01015625 0.02890625
2 0.55390625 0.74453125 0.03203125 0.07734375
9 0.42578125 0.765625 0.0703125 0.04609375
16 0.36875 0.78671875 0.01640625 0.02265625
2 0.84921875 0.7484375 0.03515625 0.06328125
2 0.6 0.7734375 0.0375 0.06953125
2 0.51171875 0.8015625 0.03359375 0.05546875
16 0.38203125 0.821875 0.01796875 0.02265625
2 0.4828125 0.81484375 0.025 0.0296875
16 0.76015625 0.80078125 0.015625 0.01484375
2 0.44609375 0.840625 0.028125 0.0484375
2 0.4234375 0.84609375 0.03125 0.05078125
16 0.378125 0.853125 0.0171875 0.01640625
2 0.4765625 0.85078125 0.0359375 0.04453125
2 0.20703125 0.87890625 0.0203125 0.0328125
9 0.44296875 0.9125 0.09609375 0.04765625
16 0.74375 0.903125 0.0171875 0.0203125
2 0.3078125 0.94765625 0.0296875 0.028125
16 0.74453125 0.915625 0.01796875 0.0171875
9 0.825 0.909375 0.084375 0.05546875
16 0.8828125 0.909375 0.01015625 0.03359375
2 0.41640625 0.9546875 0.0296875 0.059375
2 0.61328125 0.9390625 0.03203125 0.04765625
2 0.3640625 0.96171875 0.046875 0.04140625
2 0.571875 0.95390625 0.028125 0.04453125
2 0.43671875 0.96796875 0.02421875 0.03125
2 0.55078125 0.95859375 0.02734375 0.05234375
2 0.596875 0.96015625 0.0375 0.04609375
2 0.521875 0.971875 0.046875 0.03828125
16 0.34296875 0.15703125 0.0140625 0.03125
2 0.70859375 0.1328125 0.05 0.05859375
16 0.4390625 0.1625 0.01015625 0.02734375
16 0.43046875 0.16484375 0.0109375 0.025
16 0.46953125 0.17890625 0.01875 0.0265625
16 0.49765625 0.17734375 0.01171875 0.0265625
16 0.4859375 0.18203125 0.015625 0.028125
16 0.50546875 0.1875 0.0125 0.02421875
20 0.21796875 0.2125 0.05703125 0.1140625
2 0.5625 0.20078125 0.03671875 0.05703125
2 0.7125 0.19296875 0.04296875 0.06796875
2 0.52109375 0.209375 0.03125 0.059375
2 0.64765625 0.20234375 0.05078125 0.05390625
2 0.378125 0.2296875 0.0296875 0.04921875
16 0.425 0.22890625 0.01953125 0.0203125
2 0.584375 0.2234375 0.03515625 0.04609375
2 0.6703125 0.22890625 0.03359375 0.05703125
16 0.4921875 0.24375 0.0125 0.02265625
16 0.4640625 0.24921875 0.0109375 0.02578125
2 0.290625 0.30078125 0.025 0.06640625
2 0.090625 0.3203125 0.02890625 0.06640625
2 0.26640625 0.30859375 0.0296875 0.05703125
2 0.2125 0.33125 0.065625 0.10546875
16 0.1625 0.3375 0.01484375 0.02578125
16 0.15078125 0.36328125 0.01015625 0.02890625
16 0.1421875 0.36640625 0.0109375 0.025
2 0.0953125 0.37265625 0.040625 0.053125
2 0.50703125 0.34140625 0.0265625 0.0421875
2 0.11015625 0.40625 0.046875 0.05859375
2 0.26953125 0.4015625 0.028125 0.03671875
2 0.4984375 0.38515625 0.03203125 0.04375
2 0.1671875 0.421875 0.02109375 0.04140625
2 0.4953125 0.4578125 0.028125 0.0421875
2 0.26484375 0.49453125 0.025 0.06796875
2 0.51171875 0.47890625 0.0234375 0.03671875
16 0.8609375 0.45 0.02734375 0.0203125
2 0.2421875 0.52265625 0.0265625 0.046875
16 0.86484375 0.4765625 0.028125 0.021875
16 0.18515625 0.5453125 0.009375 0.0328125
16 0.10703125 0.55625 0.0125 0.025
16 0.86875 0.50078125 0.0296875 0.0234375
2 0.1859375 0.5625 0.034375 0.0484375