16 0.00078125 0.4859375 0.00078125 0.03515625
2 0.47265625 0.36875 0.01015625 0.03125
16 0.9203125 0.075 0.0046875 0.06640625
16 0.00234375 0.7484375 0.00234375 0.028125
16 0.42265625 0.46640625 0.00234375 0.0453125
16 0.4078125 0.4734375 0.003125 0.0453125
16 0.4125 0.4734375 0.003125 0.0453125
16 0.41796875 0.4703125 0.003125 0.0453125
16 0.42890625 0.46328125 0.0046875 0.06640625
16 0.43828125 0.45625 0.0046875 0.059375
16 0.4484375 0.44921875 0.0046875 0.059375
16 0.36328125 0.50859375 0.003125 0.0453125
16 0.44375 0.453125 0.0046875 0.059375
16 0.43359375 0.46171875 0.0046875 0.06328125
16 0.3765625 0.4984375 0.00390625 0.0453125
16 0.4546875 0.44765625 0.00390625 0.05625
16 0.3953125 0.5015625 0.01015625 0.03125
16 0.265625 0.59296875 0.009375 0.03125
2 0.25234375 0.6015625 0.01171875 0.0421875
16 0.29921875 0.5703125 0.009375 0.028125
16 0.31796875 0.5609375 0.01015625 0.03125
16 0.2765625 0.5890625 0.009375 0.03125
2 0.01875 0.7625 0.01015625 0.028125
16 0.3953125 0.53828125 0.01015625 0.03515625
9 0.51484375 0.46171875 0.06640625 0.4125
16 0.309375 0.61328125 0.0046875 0.059375
2 0.31640625 0.61171875 0.0046875 0.0703125
2 0.32265625 0.60703125 0.0046875 0.059375
16 0.29765625 0.62421875 0.0046875 0.059375
2 0.303125 0.61875 0.0046875 0.06328125
16 0.2921875 0.62578125 0.0046875 0.06328125
2 0.3421875 0.59765625 0.0046875 0.06328125
2 0.3359375 0.6015625 0.0046875 0.06328125
16 0.2765625 0.63984375 0.01015625 0.03515625
16 0.32890625 0.6046875 0.0046875 0.06328125
2 0.25390625 0.65703125 0.0125 0.0421875
2 0.4765625 0.50703125 0.00859375 0.028125
16 0.265625 0.6484375 0.009375 0.03125
16 0.03984375 0.80234375 0.0046875 0.059375
16 0.01640625 0.8203125 0.00234375 0.0453125
16 0.02265625 0.8234375 0.003125 0.0453125
2 0.0578125 0.80234375 0.00390625 0.05234375
2 0.0765625 0.78828125 0.0046875 0.06640625
2 0.0640625 0.796875 0.0046875 0.06328125
2 0.0703125 0.7921875 0.0046875 0.06640625
2 0.10078125 0.77421875 0.0046875 0.06640625
2 0.09453125 0.7765625 0.0046875 0.06328125
2 0.0515625 0.80390625 0.0046875 0.06328125
2 0.08203125 0.78671875 0.0046875 0.06328125
2 0.1125 0.765625 0.0046875 0.06328125
2 0.125 0.75703125 0.0046875 0.059375
2 0.0890625 0.78125 0.0046875 0.059375
2 0.11875 0.7640625 0.00390625 0.059375
16 0.43515625 0.55078125 0.003125 0.0453125
2 0.10625 0.77265625 0.0046875 0.06328125
16 0.44609375 0.54375 0.003125 0.0453125
2 0.13125 0.75546875 0.0046875 0.06328125
16 0.45625 0.53984375 0.00390625 0.05234375
16 0.03125 0.8265625 0.00703125 0.0171875
16 0.45078125 0.54375 0.003125 0.0453125
16 0.46171875 0.53828125 0.003125 0.0421875
16 0.440625 0.55078125 0.003125 0.0453125
2 0.46875 0.53671875 0.00390625 0.05234375
16 0.396875 0.58359375 0.01015625 0.028125
2 0.190625 0.7234375 0.0046875 0.06328125
2 0.4234375 0.56640625 0.0046875 0.06328125
16 0.19765625 0.7203125 0.0046875 0.06328125
16 0.1859375 0.72890625 0.00546875 0.06640625
16 0.23359375 0.71484375 0.00546875 0.059375
16 0.30078125 0.66953125 0.01015625 0.03125
2 0.03828125 0.85859375 0.009375 0.03125
2 0.38671875 0.62578125 0.00625 0.0765625
2 0.3984375 0.62734375 0.01171875 0.0453125
2 0.478125 0.57890625 0.009375 0.03125
2 0.35234375 0.66796875 0.0046875 0.06328125
16 0.053125 0.8828125 0.0046875 0.059375
16 0.059375 0.8796875 0.0046875 0.059375
16 0.04765625 0.88671875 0.0046875 0.06640625
16 0.0890625 0.85859375 0.0046875 0.059375
16 0.12578125 0.83359375 0.0046875 0.06640625
16 0.1015625 0.85 0.0046875 0.06328125
16 0.07734375 0.865625 0.0046875 0.059375
16 0.071875 0.8703125 0.0046875 0.05625
16 0.08359375 0.86328125 0.0046875 0.06328125
16 0.0953125 0.853125 0.0046875 0.06328125
16 0.1140625 0.840625 0.0046875 0.059375
16 0.1203125 0.8390625 0.0046875 0.06328125
16 0.13203125 0.83359375 0.0046875 0.06640625
16 0.1078125 0.84765625 0.0046875 0.06640625
2 0.2859375 0.7328125 0.01171875 0.0453125
2 0.30625 0.71875 0.01171875 0.0453125
2 0.03515625 0.90390625 0.01640625 0.05234375
16 0.4203125 0.6453125 0.01015625 0.03125
16 0.21328125 0.7953125 0.0046875 0.059375
2 0.234375 0.78671875 0.00546875 0.06328125
16 0.18828125 0.81796875 0.0046875 0.06328125
2 0.1765625 0.8390625 0.015625 0.05625
16 0.46328125 0.64296875 0.003125 0.04921875
16 0.44296875 0.6625 0.003125 0.0453125
16 0.45234375 0.65546875 0.003125 0.0453125
16 0.4375 0.6640625 0.003125 0.04921875
16 0.4578125 0.65234375 0.003125 0.0453125
16 0.43046875 0.6734375 0.0046875 0.06640625
16 0.4484375 0.6640625 0.003125 0.04921875
16 0.42109375 0.68671875 0.0078125 0.02421875
2 0.28671875 0.80078125 0.01171875 0.0421875
2 0.30703125 0.78515625 0.01171875 0.0453125
2 0.27265625 0.809375 0.0046875 0.059375
2 0.36796875 0.75859375 0.00625 0.0765625
2 0.375 0.75546875 0.0046875 0.06328125
2 0.359375 0.765625 0.00703125 0.0765625
16 0.42109375 0.72734375 0.00859375 0.028125
16 0.26328125 0.83203125 0.009375 0.028125
16 0.2515625 0.840625 0.01015625 0.03125
16 0.2140625 0.86875 0.0046875 0.06640625
2 0.4796875 0.6921875 0.01015625 0.03515625
16 0.17109375 0.909375 0.0046875 0.06328125
16 0.18984375 0.9 0.00546875 0.06640625
2 0.19609375 0.8953125 0.0046875 0.06328125
16 0.42265625 0.75703125 0.01015625 0.03125
16 0.56171875 0.6625 0.009375 0.03125
2 0.5984375 0.64296875 0.01015625 0.03515625
16 0.57734375 0.675 0.0046875 0.06328125
2 0.521875 0.71875 0.00546875 0.059375
2 0.271875 0.89296875 0.01015625 0.03125
2 0.56171875 0.7046875 0.009375 0.03125
2 0.59921875 0.68203125 0.00703125 0.02109375
2 0.24765625 0.9234375 0.009375 0.03515625
2 0.18984375 0.98046875 0.00546875 0.03125
16 0.1953125 0.97890625 0.00546875 0.03515625
16 0.2015625 0.97734375 0.00546875 0.03828125
16 0.20703125 0.9734375 0.0046875 0.0453125
2 0.27265625 0.9578125 0.009375 0.03515625
2 0.2859375 0.953125 0.01015625 0.03125
2 0.40546875 0.87265625 0.0078125 0.10859375
2 0.39609375 0.8984375 0.00625 0.0765625
2 0.3890625 0.9109375 0.0046875 0.059375
2 0.38125 0.9140625 0.00625 0.0734375
2 0.05234375 0.340625 0.01171875 0.0453125
2 0.0125 0.37265625 0.01015625 0.03125
2 0.03671875 0.35703125 0.01015625 0.03515625
2 0.18515625 0.26015625 0.01015625 0.03125
2 0.24453125 0.2234375 0.01171875 0.0421875
2 0.2296875 0.2375 0.01015625 0.03515625
2 0.20546875 0.253125 0.01015625 0.03828125
2 0.3765625 0.13671875 0.009375 0.03515625
2 0.43671875 0.103125 0.01171875 0.0453125
2 0.39765625 0.1296875 0.009375 0.03515625
2 0.4203125 0.115625 0.01015625 0.03515625
2 0.5671875 0.01953125 0.009375 0.03125
2 0.628125 0.00546875 0.01328125 0.01015625
2 0.5875 0.0171875 0.009375 0.034375
2 0.61171875 0.01015625 0.0109375 0.0203125
2 0.00625 0.44609375 0.01015625 0.03125