16 0.8640625 0.209375 0.0140625 0.00703125
16 0.78828125 0.19375 0.01484375 0.0109375
2 0.890625 0.23203125 0.01875 0.0140625
16 0.75078125 0.19921875 0.0140625 0.009375
16 0.85703125 0.22890625 0.021875 0.0140625
16 0.78515625 0.21171875 0.01171875 0.0109375
16 0.72578125 0.19765625 0.01015625 0.0203125
16 0.7125 0.1953125 0.0109375 0.02578125
2 0.6984375 0.19375 0.0109375 0.02265625
2 0.6671875 0.19375 0.01796875 0.015625
2 0.8859375 0.25625 0.02421875 0.01875
2 0.853125 0.24765625 0.01484375 0.01171875
16 0.74765625 0.21953125 0.01875 0.01171875
2 0.81328125 0.240625 0.01875 0.0140625
2 0.78125 0.23125 0.021875 0.015625
16 0.85078125 0.26796875 0.0171875 0.01171875
2 0.88125 0.2765625 0.02421875 0.02265625
2 0.74296875 0.24296875 0.021875 0.01640625
16 0.71875 0.24609375 0.01015625 0.02109375
16 0.84765625 0.28125 0.01328125 0.00859375
2 0.66171875 0.23125 0.02109375 0.01640625
16 0.73828125 0.26015625 0.02109375 0.01328125
2 0.875 0.30390625 0.02421875 0.01796875
16 0.84140625 0.3 0.01484375 0.00859375
2 0.68671875 0.26171875 0.02734375 0.0234375
16 0.73515625 0.27734375 0.02421875 0.01640625
16 0.803125 0.296875 0.01875 0.01328125
2 0.765625 0.28828125 0.01875 0.015625
2 0.87265625 0.3234375 0.01875 0.0140625
16 0.83984375 0.31640625 0.0140625 0.009375
16 0.71171875 0.2828125 0.009375 0.02578125
16 0.76015625 0.303125 0.0203125 0.0140625
16 0.7328125 0.2953125 0.01796875 0.01328125
16 0.79921875 0.3140625 0.02265625 0.0140625
16 0.8390625 0.334375 0.01171875 0.00859375
2 0.8671875 0.34453125 0.0203125 0.01640625
2 0.72734375 0.31328125 0.01875 0.01328125
4 0.93671875 0.38125 0.11015625 0.27109375
16 0.86484375 0.36484375 0.0171875 0.009375
2 0.753125 0.33828125 0.01875 0.01328125
9 0.79765625 0.35078125 0.02890625 0.028125
2 0.83828125 0.36328125 0.01015625 0.0203125
16 0.721875 0.33203125 0.015625 0.01328125
2 0.64453125 0.31875 0.02734375 0.02578125
2 0.68515625 0.33203125 0.02890625 0.025
16 0.86640625 0.3859375 0.01328125 0.0109375
16 0.746875 0.35390625 0.021875 0.01328125
16 0.71875 0.35 0.0140625 0.0109375
16 0.7953125 0.38125 0.01796875 0.0140625
16 0.859375 0.40078125 0.0140625 0.009375
4 0.33515625 0.2578125 0.28203125 0.16015625
2 0.759375 0.3765625 0.01796875 0.01328125
16 0.7078125 0.37421875 0.01015625 0.01875
2 0.6359375 0.35625 0.02421875 0.025
2 0.678125 0.36953125 0.02265625 0.02109375
2 0.82890625 0.41875 0.01171875 0.025
16 0.859375 0.42734375 0.01328125 0.02578125
2 0.81015625 0.415625 0.01171875 0.02578125
16 0.84296875 0.42734375 0.01015625 0.025
2 0.740625 0.4 0.03515625 0.034375
2 0.6296875 0.39140625 0.021875 0.02265625
2 0.67265625 0.403125 0.02109375 0.0203125
2 0.83515625 0.48671875 0.02265625 0.015625
2 0.80703125 0.48125 0.0203125 0.0140625
16 0.83515625 0.50859375 0.0203125 0.01796875
2 0.809375 0.5109375 0.01015625 0.02109375
2 0.83125 0.5234375 0.0203125 0.01328125
16 0.72421875 0.096875 0.01796875 0.0109375
16 0.87421875 0.13828125 0.0171875 0.01171875
2 0.903125 0.14609375 0.025 0.0203125
16 0.8453125 0.13203125 0.01328125 0.0109375
2 0.7796875 0.1140625 0.02265625 0.01640625
16 0.8140625 0.1234375 0.015625 0.0109375
16 0.41875 0.52109375 0.0171875 0.015625
16 0.359375 0.51171875 0.0171875 0.01640625
16 0.0453125 0.4265625 0.0203125 0.0140625
2 0.14140625 0.45625 0.03515625 0.0234375
16 0.3796875 0.5296875 0.01484375 0.01640625
16 0.075 0.459375 0.01171875 0.028125
16 0.13828125 0.4796875 0.01875 0.01171875
16 0.46171875 0.571875 0.0109375 0.025
16 0.478125 0.57578125 0.0109375 0.02109375
16 0.49296875 0.5796875 0.0078125 0.0203125
2 0.51328125 0.58515625 0.02109375 0.02109375
9 0.04140625 0.45703125 0.02734375 0.0390625
16 0.44765625 0.56953125 0.01171875 0.02734375
16 0.428125 0.57890625 0.01015625 0.0203125
16 0.41484375 0.5765625 0.0109375 0.02265625
16 0.803125 0.6875 0.0109375 0.02109375
16 0.790625 0.684375 0.0109375 0.025
16 0.3953125 0.57890625 0.01171875 0.01328125
2 0.37265625 0.57265625 0.01171875 0.02265625
16 0.31484375 0.55859375 0.015625 0.0203125
16 0.33984375 0.56640625 0.0140625 0.01640625
2 0.359375 0.57109375 0.01171875 0.02109375
2 0.60625 0.64453125 0.0203125 0.0140625
2 0.4859375 0.621875 0.01015625 0.02109375
2 0.50078125 0.628125 0.01015625 0.02109375
16 0.53984375 0.63984375 0.02109375 0.028125
2 0.271875 0.56796875 0.01171875 0.025
2 0.28984375 0.57421875 0.0140625 0.02734375
9 0.03046875 0.5078125 0.02734375 0.04140625
16 0.75625 0.7078125 0.01015625 0.02265625
16 0.7703125 0.71328125 0.01015625 0.0234375
2 0.784375 0.71953125 0.01015625 0.01875
2 0.8 0.7234375 0.01015625 0.0203125
2 0.74296875 0.11875 0.0203125 0.0390625
2 0.67265625 0.690625 0.01171875 0.0234375
16 0.71796875 0.1140625 0.0203125 0.01171875
2 0.07265625 0.540625 0.0296875 0.0203125
2 0.55078125 0.67890625 0.009375 0.02109375
2 0.75859375 0.73671875 0.01328125 0.009375
16 0.8421875 0.1484375 0.01484375 0.0109375
2 0.53671875 0.67734375 0.01015625 0.0234375
2 0.1234375 0.5671875 0.01875 0.01171875
2 0.509375 0.6734375 0.0109375 0.0203125
2 0.49375 0.671875 0.00703125 0.01875
16 0.77890625 0.75078125 0.01171875 0.025
16 0.8703125 0.15703125 0.01484375 0.0109375
9 0.70703125 0.7359375 0.05234375 0.06171875
16 0.06640625 0.56171875 0.02109375 0.0140625
2 0.65859375 0.72421875 0.01875 0.0140625
16 0.2609375 0.61484375 0.0140625 0.01875
16 0.75546875 0.75546875 0.01328125 0.0109375
16 0.81484375 0.1421875 0.0171875 0.01171875
16 0.1203125 0.5875 0.01484375 0.01171875
16 0.5546875 0.70703125 0.02109375 0.015625
16 0.5265625 0.70078125 0.01328125 0.00859375
16 0.75234375 0.76953125 0.015625 0.01328125
16 0.49765625 0.7 0.01875 0.01328125
16 0.6546875 0.74375 0.01875 0.0109375
2 0.90078125 0.16796875 0.02265625 0.01875
16 0.25625 0.63828125 0.0140625 0.01875
16 0.77265625 0.7859375 0.0109375 0.025
16 0.653125 0.759375 0.0140625 0.009375
2 0.75 0.78828125 0.015625 0.0109375
16 0.5421875 0.73671875 0.02109375 0.028125
9 0.115625 0.621875 0.0296875 0.0453125
16 0.25078125 0.66484375 0.0140625 0.01875
16 0.7640625 0.81484375 0.0203125 0.0140625
2 0.7296875 0.80859375 0.015625 0.01328125
16 0.70859375 0.80625 0.0109375 0.02265625
16 0.69296875 0.80234375 0.01171875 0.02578125
16 0.6796875 0.8 0.01171875 0.0234375
2 0.6640625 0.796875 0.01171875 0.02734375
2 0.63984375 0.790625 0.0109375 0.0234375
9 0.37265625 0.71953125 0.21015625 0.24765625
4 0.85078125 0.853125 0.10703125 0.275
2 0.490625 0.75703125 0.0109375 0.0234375
2 0.50546875 0.7609375 0.009375 0.02265625
16 0.246875 0.690625 0.0140625 0.01875
16 0.53671875 0.7734375 0.02109375 0.0296875
16 0.72578125 0.828125 0.01484375 0.01171875
2 0.1046875 0.66328125 0.02734375 0.02109375
9 0.03984375 0.6484375 0.034375 0.06953125
2 0.71875 0.84609375 0.0203125 0.0140625
16 0.2421875 0.71796875 0.01171875 0.01875
16 0.14921875 0.6984375 0.01484375 0.0109375
16 0.1796875 0.70859375 0.0171875 0.009375
2 0.06171875 0.68046875 0.009375 0.02265625
16 0.52578125 0.8125 0.02109375 0.028125
16 0.14609375 0.7140625 0.015625 0.0109375
16 0.1734375 0.72421875 0.0171875 0.01171875
16 0.78828125 0.14765625 0.0109375 0.02265625
4 0.40078125 0.04296875 0.11328125 0.08046875
16 0.23671875 0.74140625 0.009375 0.0140625
16 0.7671875 0.14296875 0.0171875 0.01328125
16 0.17109375 0.7390625 0.0140625 0.0109375
16 0.1421875 0.73203125 0.01796875 0.0140625
2 0.71484375 0.1296875 0.01796875 0.01328125
16 0.0984375 0.72890625 0.02109375 0.01328125
16 0.05390625 0.71875 0.021875 0.01328125
16 0.51953125 0.8515625 0.02265625 0.0328125
16 0.1703125 0.7578125 0.01484375 0.00859375
16 0.13984375 0.74921875 0.025 0.015625
16 0.01796875 0.71640625 0.01015625 0.02265625
16 0.215625 0.7734375 0.0171875 0.01640625
16 0.240625 0.78828125 0.0203125 0.01328125
16 0.8671875 0.175 0.01328125 0.0109375
16 0.83671875 0.16640625 0.015625 0.01328125
16 0.16484375 0.7734375 0.01875 0.01171875
16 0.13515625 0.76875 0.0171875 0.0109375
16 0.21171875 0.79140625 0.01328125 0.009375
16 0.2390625 0.8078125 0.021875 0.015625
16 0.81171875 0.1625 0.01875 0.01171875
16 0.51328125 0.890625 0.02265625 0.0296875
2 0.4609375 0.878125 0.01171875 0.0234375
16 0.20625 0.80859375 0.0171875 0.015625
2 0.45078125 0.87578125 0.009375 0.02109375
2 0.234375 0.82265625 0.01875 0.0109375
2 0.20390625 0.82734375 0.021875 0.01640625
2 0.3453125 0.86796875 0.01796875 0.0109375
16 0.378125 0.8875 0.028125 0.028125
16 0.4078125 0.89921875 0.02890625 0.0328125
2 0.346875 0.8859375 0.0171875 0.01171875
16 0.5046875 0.93046875 0.0203125 0.02265625
16 0.4453125 0.91484375 0.0140625 0.02578125
16 0.43203125 0.9109375 0.0140625 0.02578125
2 0.89921875 0.19140625 0.02421875 0.0203125
16 0.2796875 0.88125 0.028125 0.03203125
16 0.31171875 0.8890625 0.02734375 0.02734375
16 0.2140625 0.865625 0.028125 0.03203125
16 0.24375 0.87421875 0.02734375 0.028125
16 0.86484375 0.19375 0.01484375 0.0109375
2 0.7921875 0.1765625 0.0171875 0.01171875
9 0.74140625 0.1640625 0.04921875 0.034375
16 0.68125 0.14765625 0.01796875 0.0109375
16 0.703125 0.1578125 0.0140625 0.02578125
2 0.82578125 0.1921875 0.03515625 0.03046875
2 0.8921875 0.21171875 0.0203125 0.015625