16 0.82890625 0.14375 0.0140625 0.0046875
16 0.75234375 0.140625 0.01484375 0.00859375
2 0.859375 0.1609375 0.01796875 0.01171875
16 0.715625 0.153125 0.0140625 0.00703125
16 0.82421875 0.16328125 0.02109375 0.0109375
16 0.7515625 0.16015625 0.0109375 0.009375
16 0.690625 0.15546875 0.00703125 0.0203125
16 0.678125 0.15625 0.0078125 0.02578125
2 0.66328125 0.15703125 0.009375 0.02265625
2 0.6328125 0.1640625 0.0171875 0.01328125
2 0.8578125 0.184375 0.021875 0.015625
2 0.82421875 0.1828125 0.0140625 0.009375
16 0.715625 0.175 0.01796875 0.00859375
2 0.7828125 0.1828125 0.01796875 0.01171875
2 0.75078125 0.18046875 0.02109375 0.01171875
16 0.8234375 0.20234375 0.0171875 0.009375
2 0.8546875 0.20625 0.021875 0.01875
2 0.71328125 0.1984375 0.02109375 0.01328125
16 0.690625 0.20546875 0.0078125 0.0203125
16 0.821875 0.2171875 0.01171875 0.00625
2 0.6328125 0.2015625 0.0203125 0.0140625
16 0.71171875 0.215625 0.02109375 0.009375
2 0.85234375 0.23359375 0.02265625 0.0140625
16 0.8203125 0.23671875 0.0140625 0.00625
2 0.6609375 0.22734375 0.02578125 0.01875
16 0.71015625 0.23359375 0.02265625 0.01171875
16 0.78046875 0.240625 0.01875 0.009375
2 0.74296875 0.2390625 0.01796875 0.01171875
2 0.85234375 0.25390625 0.01796875 0.01171875
16 0.8203125 0.25234375 0.0140625 0.00703125
16 0.68828125 0.24296875 0.00625 0.02578125
16 0.73984375 0.25390625 0.01875 0.01171875
16 0.71015625 0.2515625 0.0171875 0.0109375
16 0.778125 0.2578125 0.02265625 0.0109375
16 0.82109375 0.27109375 0.01171875 0.00625
2 0.84921875 0.27578125 0.01875 0.01328125
2 0.70859375 0.27109375 0.01875 0.009375
4 0.92421875 0.2984375 0.078125 0.265625
16 0.85 0.296875 0.015625 0.00625
2 0.7375 0.290625 0.01875 0.009375
9 0.78125 0.29375 0.02734375 0.0234375
2 0.82421875 0.29921875 0.00703125 0.0203125
16 0.70625 0.290625 0.015625 0.009375
2 0.62734375 0.290625 0.025 0.02265625
2 0.66953125 0.29765625 0.02734375 0.02109375
16 0.8546875 0.315625 0.01171875 0.00859375
16 0.73359375 0.30703125 0.02109375 0.009375
16 0.7046875 0.30859375 0.0140625 0.00859375
16 0.78359375 0.32578125 0.0171875 0.01171875
16 0.85078125 0.3328125 0.01328125 0.00703125
4 0.31328125 0.28828125 0.27734375 0.1125
2 0.74765625 0.3265625 0.0171875 0.0109375
16 0.69765625 0.334375 0.00703125 0.01796875
2 0.62421875 0.3296875 0.021875 0.02109375
2 0.6671875 0.334375 0.021875 0.01796875
2 0.82265625 0.35625 0.009375 0.0234375
16 0.85390625 0.359375 0.01015625 0.025
2 0.80390625 0.35625 0.0078125 0.02578125
16 0.83671875 0.3609375 0.00703125 0.025
2 0.73203125 0.3546875 0.03203125 0.0296875
2 0.621875 0.365625 0.0203125 0.0203125
2 0.665625 0.36875 0.01875 0.01796875
2 0.83828125 0.4203125 0.021875 0.01171875
2 0.809375 0.42109375 0.01875 0.0109375
16 0.83984375 0.44453125 0.01875 0.0140625
2 0.8140625 0.45 0.0078125 0.0203125
2 0.8375 0.4578125 0.01875 0.0109375
16 0.67578125 0.0578125 0.0171875 0.00859375
16 0.8296875 0.06953125 0.015625 0.009375
2 0.86015625 0.0734375 0.02421875 0.01640625
16 0.8015625 0.06953125 0.01328125 0.00859375
2 0.7328125 0.06484375 0.021875 0.01328125
16 0.76875 0.0671875 0.015625 0.00859375
16 0.43125 0.5328125 0.015625 0.01328125
16 0.37109375 0.53515625 0.015625 0.01328125
16 0.04921875 0.50859375 0.01875 0.0109375
2 0.14765625 0.5203125 0.034375 0.01875
16 0.39296875 0.5484375 0.0140625 0.0140625
16 0.08359375 0.5359375 0.009375 0.02734375
16 0.1484375 0.54453125 0.01875 0.00859375
16 0.4796875 0.575 0.0078125 0.0234375
16 0.496875 0.5765625 0.0078125 0.0203125
16 0.5125 0.57734375 0.0046875 0.0203125
2 0.5328125 0.5796875 0.01875 0.01796875
9 0.05 0.540625 0.02421875 0.03515625
16 0.465625 0.57578125 0.009375 0.02578125
16 0.44765625 0.5875 0.00703125 0.01875
16 0.434375 0.5890625 0.0078125 0.02109375
16 0.8328125 0.6265625 0.009375 0.0203125
16 0.81875 0.625 0.0078125 0.025
16 0.41484375 0.59453125 0.0109375 0.01171875
2 0.3921875 0.59375 0.009375 0.02109375
16 0.334375 0.58984375 0.0140625 0.01796875
16 0.359375 0.5921875 0.01171875 0.0140625
2 0.37734375 0.59453125 0.009375 0.0203125
2 0.63125 0.6203125 0.01875 0.0109375
2 0.51015625 0.62109375 0.00703125 0.02109375
2 0.52578125 0.62265625 0.00703125 0.0203125
16 0.565625 0.628125 0.01796875 0.02578125
2 0.2921875 0.60625 0.009375 0.0234375
2 0.31015625 0.609375 0.0109375 0.02578125
9 0.0453125 0.5921875 0.021875 0.0390625
16 0.7890625 0.65546875 0.0078125 0.02109375
16 0.80234375 0.6578125 0.00703125 0.0234375
2 0.81796875 0.6609375 0.0078125 0.01875
2 0.83359375 0.6625 0.00703125 0.01875
2 0.69765625 0.07578125 0.015625 0.03828125
2 0.7046875 0.653125 0.009375 0.02265625
16 0.67265625 0.075 0.01875 0.00859375
2 0.09140625 0.61640625 0.02890625 0.015625
2 0.58203125 0.6640625 0.00625 0.0203125
2 0.7953125 0.68359375 0.01328125 0.00703125
16 0.8 0.0859375 0.0140625 0.00859375
2 0.56875 0.665625 0.00703125 0.0234375
2 0.1453125 0.6328125 0.01796875 0.009375
2 0.53984375 0.6671875 0.0078125 0.01875
2 0.52421875 0.6671875 0.0046875 0.01875
16 0.81640625 0.6921875 0.009375 0.025
16 0.8296875 0.08984375 0.01484375 0.00859375
9 0.74296875 0.6921875 0.04609375 0.0546875
16 0.0875 0.63828125 0.02109375 0.0109375
2 0.69375 0.68828125 0.01796875 0.01171875
16 0.28828125 0.6546875 0.01171875 0.01796875
16 0.79453125 0.70234375 0.01328125 0.00859375
16 0.771875 0.08671875 0.015625 0.009375
16 0.1453125 0.65390625 0.0140625 0.009375
16 0.5890625 0.690625 0.0203125 0.01171875
16 0.56015625 0.68984375 0.01171875 0.00703125
16 0.7921875 0.71640625 0.01484375 0.0109375
16 0.53125 0.69453125 0.01875 0.0109375
16 0.69296875 0.709375 0.01796875 0.00859375
2 0.86015625 0.0953125 0.02109375 0.015625
16 0.2859375 0.678125 0.01171875 0.01796875
16 0.81484375 0.7296875 0.0078125 0.0234375
16 0.01328125 0.66875 0.0078125 0.02265625
16 0.69375 0.725 0.0140625 0.00703125
2 0.79375 0.73515625 0.015625 0.00859375
16 0.58125 0.72265625 0.01796875 0.02578125
9 0.14453125 0.6890625 0.025 0.04140625
16 0.284375 0.70546875 0.01171875 0.01796875
16 0.81015625 0.76015625 0.01875 0.0109375
2 0.7765625 0.76015625 0.01484375 0.0109375
16 0.7546875 0.7609375 0.009375 0.02109375
16 0.7390625 0.76015625 0.0078125 0.025
16 0.72578125 0.7609375 0.01015625 0.0234375
2 0.709375 0.7609375 0.009375 0.02578125
2 0.684375 0.75859375 0.009375 0.02265625
9 0.4125 0.7375 0.18671875 0.21953125
4 0.90078125 0.78046875 0.07265625 0.2703125
2 0.5328125 0.753125 0.0078125 0.02265625
2 0.54921875 0.75390625 0.00625 0.02109375
16 0.284375 0.7328125 0.01171875 0.01796875
16 0.0109375 0.71015625 0.0078125 0.025
16 0.5796875 0.76015625 0.01796875 0.02734375
16 0.7734375 0.7796875 0.01484375 0.009375
2 0.1390625 0.73125 0.02578125 0.01640625
9 0.07265625 0.72890625 0.02578125 0.0671875
2 0.7703125 0.7984375 0.01875 0.01171875
16 0.28203125 0.76015625 0.01015625 0.01796875
16 0.18828125 0.7578125 0.0140625 0.00859375
16 0.21875 0.7625 0.015625 0.00625
2 0.0984375 0.75625 0.00703125 0.02265625
16 0.575 0.80078125 0.01796875 0.02578125
16 0.18671875 0.7734375 0.015625 0.00859375
16 0.215625 0.778125 0.0171875 0.009375
16 0.746875 0.096875 0.0078125 0.02265625
4 0.34921875 0.06328125 0.109375 0.0625
16 0.2796875 0.784375 0.0078125 0.0140625
16 0.725 0.0953125 0.015625 0.0109375
16 0.215625 0.79453125 0.01328125 0.00859375
16 0.184375 0.79296875 0.0171875 0.0109375
2 0.671875 0.0921875 0.0171875 0.0109375
16 0.1421875 0.7984375 0.0203125 0.009375
16 0.096875 0.79609375 0.02109375 0.009375
16 0.57265625 0.84140625 0.0203125 0.03046875
16 0.21640625 0.8125 0.01484375 0.00625
16 0.18515625 0.8109375 0.025 0.0109375
16 0.06015625 0.8 0.00703125 0.02265625
16 0.009375 0.7984375 0.00703125 0.02578125
16 0.2640625 0.81953125 0.015625 0.0140625
16 0.02421875 0.80078125 0.00703125 0.028125
16 0.28984375 0.8296875 0.01875 0.009375
16 0.828125 0.10703125 0.01171875 0.00859375
16 0.79765625 0.1046875 0.01484375 0.0109375
16 0.21328125 0.8296875 0.01796875 0.009375
16 0.1828125 0.8296875 0.015625 0.00859375
16 0.2609375 0.83828125 0.01171875 0.00859375
16 0.29140625 0.84921875 0.02109375 0.01171875
16 0.77109375 0.10546875 0.01796875 0.009375
16 0.57265625 0.88125 0.0203125 0.02734375
2 0.51953125 0.87734375 0.009375 0.02265625
16 0.25859375 0.85625 0.01484375 0.01328125
2 0.50859375 0.878125 0.00703125 0.02109375
2 0.2890625 0.865625 0.01796875 0.00859375
2 0.25859375 0.875 0.02109375 0.01328125
2 0.4046875 0.8890625 0.0171875 0.00859375
16 0.43984375 0.90234375 0.025 0.025
16 0.46953125 0.9078125 0.025 0.0296875
2 0.4078125 0.90703125 0.015625 0.00859375
16 0.5703125 0.921875 0.01796875 0.01875
16 0.50859375 0.91796875 0.0109375 0.025
16 0.4953125 0.91640625 0.0109375 0.025
2 0.86171875 0.11875 0.021875 0.01640625
16 0.340625 0.9140625 0.025 0.02734375
16 0.3734375 0.9171875 0.025 0.0234375
16 0.2734375 0.9109375 0.025 0.028125
16 0.30390625 0.9140625 0.02421875 0.025
16 0.828125 0.1265625 0.0140625 0.00859375
2 0.75390625 0.1234375 0.015625 0.009375
9 0.70234375 0.11953125 0.046875 0.02578125
16 0.640625 0.115625 0.0171875 0.00859375
16 0.66328125 0.12109375 0.0109375 0.025
2 0.78984375 0.1328125 0.0328125 0.02578125
2 0.8578125 0.13984375 0.01875 0.01171875