2 0.77265625 0.72734375 0.00546875 0.06171875
2 0.6953125 0.58828125 0.00546875 0.05859375
2 0.87578125 0.92421875 0.00390625 0.0484375
2 0.5359375 0.29296875 0.0046875 0.05546875
2 0.76015625 0.71171875 0.0046875 0.05859375
16 0.87109375 0.9171875 0.0046875 0.05546875
16 0.8671875 0.91015625 0.0046875 0.05546875
16 0.8796875 0.934375 0.0046875 0.05546875
2 0.5875 0.39140625 0.0046875 0.05859375
2 0.7453125 0.6859375 0.0046875 0.05546875
2 0.7546875 0.7015625 0.0046875 0.05859375
2 0.3703125 0.00859375 0.0046875 0.0171875
2 0.5484375 0.3203125 0.0046875 0.05546875
2 0.7109375 0.62265625 0.0046875 0.0515625
2 0.43046875 0.103125 0.0046875 0.06171875
2 0.79609375 0.7859375 0.0046875 0.0484375
2 0.784375 0.765625 0.0046875 0.05546875
16 0.8 0.79453125 0.00390625 0.0515625
2 0.7921875 0.78125 0.00390625 0.0515625
2 0.3859375 0.02578125 0.00546875 0.0515625
2 0.48984375 0.246875 0.0046875 0.05859375
2 0.484375 0.23828125 0.0046875 0.06171875
2 0.5015625 0.28984375 0.00859375 0.034375
2 0.78671875 0.96171875 0.0078125 0.034375
16 0.79296875 0.9703125 0.0046875 0.0515625
2 0.69609375 0.803125 0.0046875 0.06171875
2 0.68828125 0.78984375 0.0046875 0.05546875
2 0.69296875 0.8 0.0046875 0.06171875
16 0.7671875 0.9359375 0.00703125 0.03125
16 0.77578125 0.95859375 0.0078125 0.034375
2 0.7671875 0.9640625 0.00703125 0.03125
16 0.44765625 0.3796875 0.0078125 0.02734375
2 0.4375 0.3640625 0.0078125 0.03125
16 0.78046875 0.984375 0.0046875 0.02421875
2 0.784375 0.98828125 0.00546875 0.0171875
2 0.521875 0.534375 0.00859375 0.034375
9 0.48671875 0.48828125 0.06015625 0.42421875
16 0.7578125 0.9828125 0.0046875 0.02734375
2 0.75390625 0.9796875 0.0046875 0.034375
2 0.765625 0.98984375 0.00546875 0.0140625
16 0.76171875 0.98828125 0.0046875 0.0171875
2 0.75 0.97578125 0.00546875 0.04140625
2 0.52109375 0.56171875 0.00859375 0.034375
16 0.4296875 0.39140625 0.0046875 0.05859375
2 0.45390625 0.43984375 0.0046875 0.05859375
16 0.4328125 0.4 0.00390625 0.05546875
16 0.43984375 0.415625 0.0046875 0.05859375
16 0.44765625 0.42734375 0.00390625 0.05546875
16 0.43671875 0.41015625 0.0046875 0.05546875
16 0.6640625 0.84453125 0.00546875 0.05546875
2 0.51484375 0.63125 0.00859375 0.034375
2 0.5359375 0.6796875 0.0078125 0.096875
2 0.51328125 0.65859375 0.00859375 0.034375
2 0.5125 0.6859375 0.00859375 0.034375
2 0.4484375 0.57421875 0.0078125 0.03125
16 0.434375 0.57265625 0.0046875 0.05546875
16 0.4296875 0.5671875 0.0046875 0.05859375
16 0.45625 0.66171875 0.0078125 0.02734375
16 0.4765625 0.6984375 0.0078125 0.03125
16 0.48671875 0.71875 0.0078125 0.02421875
16 0.46171875 0.696875 0.0078125 0.02734375
16 0.48046875 0.73125 0.0078125 0.02734375
16 0.4953125 0.76015625 0.0078125 0.03125
16 0.45 0.67734375 0.0078125 0.03125
16 0.4703125 0.715625 0.0078125 0.02421875
2 0.5546875 0.87265625 0.00859375 0.096875
4 0.48359375 0.8796875 0.11953125 0.234375
2 0.79453125 0.70546875 0.00859375 0.03828125
2 0.9109375 0.934375 0.0078125 0.02734375
2 0.8 0.7328125 0.0046875 0.0515625
2 0.78671875 0.70859375 0.0046875 0.0515625
2 0.84296875 0.8140625 0.0046875 0.05546875
2 0.87109375 0.8703125 0.0078125 0.03125
2 0.79296875 0.734375 0.009375 0.034375
16 0.8265625 0.80703125 0.0046875 0.05546875
2 0.9078125 0.96171875 0.0078125 0.02734375
16 0.628125 0.44296875 0.0046875 0.05859375
16 0.6234375 0.43984375 0.00625 0.065625
2 0.91875 0.98125 0.0046875 0.03125