1 0.2015625 0.24140625 0.0140625 0.05234375
1 0.1828125 0.24296875 0.0140625 0.059375
1 0.60390625 0.24453125 0.0140625 0.04921875
1 0.90546875 0.25546875 0.00625 0.096875
1 0.81015625 0.2546875 0.00703125 0.1
1 0.3890625 0.2671875 0.00703125 0.0984375
1 0.1828125 0.2984375 0.01328125 0.04921875
15 0.1921875 0.29921875 0.00390625 0.059375
1 0.9546875 0.30078125 0.00546875 0.02265625
1 0.86484375 0.30390625 0.00625 0.02421875
1 0.75703125 0.30625 0.00703125 0.02421875
1 0.66171875 0.30703125 0.00625 0.025
1 0.553125 0.30859375 0.00625 0.02421875
1 0.4609375 0.31171875 0.00703125 0.025
1 0.34765625 0.3140625 0.00703125 0.021875
1 0.44453125 0.3171875 0.0078125 0.02734375
1 0.25703125 0.31796875 0.00703125 0.025
1 0.1484375 0.31796875 0.00546875 0.01640625
1 0.94765625 0.32109375 0.0046875 0.0578125
15 0.046875 0.321875 0.00625 0.028125
1 0.74453125 0.3234375 0.0046875 0.05859375
1 0.64921875 0.3234375 0.0046875 0.0625
1 0.0359375 0.32421875 0.0078125 0.03203125
1 0.5859375 0.3234375 0.00390625 0.053125
1 0.571875 0.325 0.003125 0.046875
15 0.72734375 0.325 0.00703125 0.03046875
1 0.58125 0.3265625 0.003125 0.04609375
1 0.540625 0.32734375 0.0046875 0.0609375
1 0.9546875 0.33046875 0.00625 0.02734375
1 0.865625 0.3328125 0.00703125 0.0265625
1 0.3375 0.3328125 0.0046875 0.0546875
1 0.2421875 0.3328125 0.00390625 0.059375
15 0.9953125 0.3328125 0.00390625 0.05859375
1 0.75703125 0.33359375 0.0078125 0.02421875
1 0.66171875 0.3359375 0.00703125 0.02890625
1 0.13359375 0.3359375 0.00390625 0.05234375
1 0.55390625 0.33671875 0.00703125 0.02578125
15 0.0234375 0.33671875 0.00390625 0.05859375
1 0.34765625 0.33828125 0.00703125 0.02421875
1 0.4609375 0.34140625 0.00703125 0.02734375
15 0.93359375 0.34375 0.0046875 0.05859375
1 0.25703125 0.34453125 0.00703125 0.02421875
1 0.14921875 0.34453125 0.00546875 0.01484375
15 0.965625 0.3453125 0.0046875 0.05625
15 0.9609375 0.34609375 0.00390625 0.05390625
9 0.9734375 0.34921875 0.009375 0.05625
15 0.046875 0.35 0.00625 0.021875
1 0.8484375 0.35234375 0.01328125 0.05234375
9 0.925 0.353125 0.01015625 0.06328125
15 0.98203125 0.35234375 0.003125 0.0625
1 0.4421875 0.3609375 0.01328125 0.05234375
15 0.05234375 0.36640625 0.0046875 0.059375
15 0.0578125 0.36796875 0.00546875 0.05703125
15 0.5578125 0.36875 0.0078125 0.0265625
1 0.99375 0.37578125 0.00703125 0.0234375
15 0.590625 0.378125 0.00390625 0.05546875
15 0.5765625 0.3796875 0.0046875 0.053125
15 0.5859375 0.37890625 0.00390625 0.05234375
15 0.571875 0.37890625 0.00390625 0.0484375
15 0.596875 0.38046875 0.0046875 0.05546875
15 0.58125 0.37890625 0.00390625 0.05234375
1 0.0359375 0.39453125 0.00703125 0.096875
15 0.5578125 0.4 0.0078125 0.0265625
15 0.88046875 0.4140625 0.0078125 0.02890625
15 0.88984375 0.4171875 0.00703125 0.025
1 0.13984375 0.4234375 0.0046875 0.0609375
1 0.11640625 0.42421875 0.00390625 0.0578125
1 0.1546875 0.4234375 0.00390625 0.05546875
1 0.11171875 0.4234375 0.00390625 0.05625
1 0.13515625 0.425 0.00390625 0.059375
15 0.9109375 0.42578125 0.00390625 0.05625
1 0.12109375 0.42421875 0.00390625 0.0578125
1 0.13046875 0.425 0.00390625 0.059375
1 0.14921875 0.42421875 0.00546875 0.0578125
1 0.09296875 0.425 0.0046875 0.05859375
1 0.10234375 0.4265625 0.00390625 0.05703125
1 0.10703125 0.425 0.00390625 0.059375
1 0.12578125 0.425 0.0046875 0.059375
1 0.14453125 0.42578125 0.00390625 0.05546875
1 0.09765625 0.425 0.00390625 0.059375
1 0.99375 0.42734375 0.00546875 0.06796875
15 0.0421875 0.4328125 0.0046875 0.05625
1 0.05234375 0.43515625 0.01328125 0.05234375
15 0.6171875 0.43671875 0.0078125 0.02890625
1 0.209375 0.44296875 0.003125 0.05390625
1 0.6078125 0.44375 0.003125 0.05234375
1 0.21328125 0.4453125 0.00234375 0.05078125
1 0.6109375 0.4484375 0.003125 0.0515625
9 0.1890625 0.44921875 0.028125 0.196875
1 0.16796875 0.45 0.00625 0.01953125
1 0.625 0.45 0.0046875 0.05546875
15 0.6296875 0.45078125 0.00390625 0.0609375
15 0.21875 0.4515625 0.0078125 0.03125
1 0.8 0.4578125 0.01328125 0.04765625
15 0.81171875 0.45859375 0.0078125 0.03203125
15 0.88984375 0.45859375 0.0078125 0.0265625
15 0.6171875 0.46953125 0.0078125 0.03125
15 0.28125 0.46953125 0.00390625 0.0578125
15 0.253125 0.4703125 0.00390625 0.059375
15 0.2625 0.47109375 0.0046875 0.05625
15 0.2484375 0.471875 0.0046875 0.05859375
15 0.2765625 0.47109375 0.0046875 0.05234375
15 0.2859375 0.4703125 0.0046875 0.059375
15 0.3140625 0.47265625 0.0046875 0.0546875
20 0.23125 0.471875 0.0046875 0.059375
15 0.9796875 0.4703125 0.0078125 0.02890625
15 0.3 0.47265625 0.0046875 0.059375
15 0.3046875 0.471875 0.00390625 0.05859375
15 0.309375 0.47109375 0.00390625 0.05703125
15 0.2578125 0.471875 0.00390625 0.053125
15 0.2671875 0.47265625 0.003125 0.05625
15 0.27109375 0.471875 0.00390625 0.0578125
15 0.2953125 0.471875 0.0046875 0.059375
15 0.290625 0.4734375 0.0046875 0.05703125
1 0.16875 0.4765625 0.00703125 0.0265625
1 0.99375 0.47578125 0.00625 0.021875
15 0.13984375 0.4828125 0.003125 0.053125
15 0.13125 0.484375 0.00390625 0.0515625
15 0.1125 0.48515625 0.00390625 0.053125
15 0.14921875 0.48359375 0.00390625 0.05078125
15 0.1265625 0.48359375 0.00390625 0.05546875
15 0.14453125 0.48515625 0.00390625 0.0484375
15 0.1078125 0.48515625 0.0046875 0.053125
15 0.11640625 0.484375 0.00390625 0.05234375
15 0.13515625 0.48515625 0.003125 0.04921875
1 0.95703125 0.4859375 0.0109375 0.171875
15 0.15390625 0.48515625 0.00390625 0.0484375
15 0.121875 0.48515625 0.00390625 0.053125
15 0.103125 0.4859375 0.00390625 0.05546875
15 0.0984375 0.4859375 0.00390625 0.05546875
1 0.7203125 0.48828125 0.00703125 0.0234375
1 0.06875 0.48671875 0.00546875 0.05625
1 0.7328125 0.48828125 0.00703125 0.02421875
1 0.86015625 0.4875 0.00625 0.09453125
1 0.86796875 0.4890625 0.00703125 0.0921875
15 0.09296875 0.48984375 0.0046875 0.053125
15 0.96796875 0.49375 0.00546875 0.065625
15 0.084375 0.496875 0.00859375 0.0375
15 0.2171875 0.5 0.0046875 0.05546875
15 0.22265625 0.5 0.003125 0.05625
1 0.24375 0.50546875 0.00234375 0.0484375
15 0.853125 0.50625 0.00390625 0.0546875
15 0.62265625 0.5125 0.00859375 0.03203125
15 0.05703125 0.51640625 0.0046875 0.0625
1 0.8 0.5171875 0.01328125 0.05546875
15 0.8125 0.51796875 0.00859375 0.0296875
1 0.0609375 0.52109375 0.00390625 0.04921875
15 0.9953125 0.5234375 0.0046875 0.0578125
15 0.840625 0.525 0.0078125 0.0296875
15 0.23046875 0.528125 0.0078125 0.0359375
1 0.94453125 0.5296875 0.00859375 0.0921875
15 0.309375 0.5296875 0.0046875 0.05703125
15 0.2953125 0.53046875 0.00390625 0.0546875
15 0.29921875 0.53125 0.0046875 0.05546875
1 0.934375 0.53203125 0.00625 0.08828125
15 0.2625 0.53125 0.00390625 0.06015625
15 0.290625 0.53046875 0.0046875 0.0546875
15 0.3046875 0.5296875 0.0046875 0.053125
15 0.253125 0.53203125 0.00390625 0.05703125
15 0.2859375 0.53125 0.0046875 0.05546875
15 0.2578125 0.53203125 0.00390625 0.0578125
15 0.2671875 0.53046875 0.0046875 0.059375
15 0.28125 0.53125 0.00390625 0.06015625
15 0.3140625 0.53203125 0.0046875 0.05703125
15 0.2484375 0.53203125 0.00390625 0.05703125
15 0.271875 0.5328125 0.00390625 0.05390625
15 0.2765625 0.53203125 0.0046875 0.053125
15 0.97890625 0.5375 0.00703125 0.02734375
15 0.62265625 0.54609375 0.00859375 0.0265625
15 0.88515625 0.54921875 0.00390625 0.06015625
15 0.90703125 0.55234375 0.009375 0.03515625
15 0.8328125 0.5625 0.00390625 0.05546875
15 0.8796875 0.5609375 0.00390625 0.0796875
15 0.875 0.56484375 0.0046875 0.08203125
1 0.840625 0.56640625 0.0078125 0.03203125
1 0.71796875 0.56953125 0.00625 0.02421875
1 0.9796875 0.56796875 0.00546875 0.021875
15 0.8484375 0.57109375 0.0046875 0.05546875
15 0.62265625 0.5796875 0.0078125 0.03125
1 0.85859375 0.58125 0.0109375 0.04296875
15 0.9953125 0.58359375 0.0046875 0.06171875
1 0.8 0.59453125 0.01328125 0.04765625
1 0.82265625 0.596875 0.01171875 0.04296875
15 0.97890625 0.6015625 0.00703125 0.025
1 0.73359375 0.60859375 0.00546875 0.08359375
15 0.62265625 0.61484375 0.00859375 0.03046875
1 0.9140625 0.6140625 0.00625 0.0734375
9 0.578125 0.6171875 0.05078125 0.36640625
15 0.9078125 0.61875 0.00390625 0.059375
15 0.921875 0.6203125 0.0046875 0.05859375
15 0.54140625 0.621875 0.00859375 0.0390625
15 0.73984375 0.621875 0.00390625 0.05703125
15 0.928125 0.62421875 0.0046875 0.05234375
1 0.6078125 0.63046875 0.003125 0.05234375
1 0.6109375 0.63359375 0.00390625 0.053125
15 0.88515625 0.65 0.00390625 0.0546875
15 0.990625 0.64921875 0.00390625 0.0578125
15 0.62265625 0.6515625 0.00859375 0.03125
1 0.94296875 0.65234375 0.00625 0.090625
1 0.8 0.65546875 0.0140625 0.0515625
1 0.953125 0.6546875 0.00625 0.09140625
15 0.9125 0.67109375 0.00703125 0.0296875
1 0.9203125 0.675 0.00625 0.02421875
1 0.8109375 0.6828125 0.00703125 0.034375
15 0.86875 0.68203125 0.00703125 0.025
15 0.62265625 0.684375 0.0078125 0.0296875
1 0.8265625 0.690625 0.00625 0.09140625
1 0.81875 0.690625 0.00703125 0.09609375
1 0.83515625 0.68984375 0.00546875 0.084375
9 0.75234375 0.69140625 0.0109375 0.09765625
1 0.76640625 0.6921875 0.00703125 0.09453125
1 0.84296875 0.6921875 0.00625 0.0859375
1 0.928125 0.69140625 0.00390625 0.06171875
15 0.86171875 0.7046875 0.0046875 0.05703125
15 0.9125 0.70625 0.0078125 0.0328125
1 0.92109375 0.709375 0.00703125 0.025
15 0.87578125 0.709375 0.00390625 0.0625
1 0.85703125 0.71015625 0.00234375 0.04921875
1 0.77265625 0.71640625 0.003125 0.04921875
15 0.62265625 0.71796875 0.00859375 0.0328125
1 0.86875 0.71796875 0.00703125 0.02890625
15 0.81015625 0.71953125 0.00703125 0.0328125
1 0.54453125 0.72578125 0.003125 0.05
1 0.540625 0.7265625 0.003125 0.05078125
15 0.73046875 0.7328125 0.003125 0.059375
15 0.62265625 0.74921875 0.00859375 0.03359375
15 0.9125 0.75390625 0.00703125 0.025
15 0.92578125 0.75703125 0.0078125 0.03046875
1 0.78203125 0.76015625 0.00703125 0.09609375
1 0.78984375 0.76015625 0.00703125 0.0953125
9 0.89375 0.76015625 0.02109375 0.10859375
15 0.91953125 0.7703125 0.00390625 0.05703125
15 0.85703125 0.77421875 0.003125 0.0515625
15 0.8609375 0.7765625 0.00390625 0.05625
15 0.87578125 0.77578125 0.0046875 0.05546875
15 0.8703125 0.77890625 0.003125 0.05703125
15 0.91171875 0.78359375 0.00625 0.025
1 0.7609375 0.78515625 0.003125 0.0515625
15 0.62265625 0.784375 0.0078125 0.03125
15 0.75234375 0.78515625 0.0078125 0.03359375
15 0.93671875 0.79296875 0.00390625 0.05390625
1 0.93203125 0.80234375 0.00234375 0.04921875
15 0.62265625 0.81875 0.0078125 0.0328125
15 0.609375 0.81875 0.0046875 0.059375
15 0.61328125 0.82109375 0.00390625 0.05625
15 0.86953125 0.83671875 0.0046875 0.04609375
15 0.86484375 0.83828125 0.00390625 0.05390625
1 0.875 0.84375 0.0046875 0.06015625
1 0.90546875 0.84765625 0.00234375 0.04609375
15 0.91953125 0.85390625 0.00390625 0.0546875
15 0.93671875 0.85390625 0.0046875 0.05390625
15 0.915625 0.85625 0.0046875 0.06328125
15 0.91015625 0.85625 0.0046875 0.0578125
1 0.93203125 0.85859375 0.003125 0.04609375
15 0.6265625 0.865625 0.00703125 0.02421875
1 0.571875 0.87421875 0.00234375 0.03984375
1 0.57578125 0.8765625 0.003125 0.04140625
15 0.59921875 0.88125 0.00390625 0.05
15 0.63359375 0.88359375 0.0046875 0.0546875
15 0.56171875 0.88203125 0.00390625 0.05703125
15 0.5578125 0.884375 0.00390625 0.05625
15 0.60625 0.8890625 0.00390625 0.05703125
15 0.6203125 0.8875 0.003125 0.05390625
15 0.6109375 0.890625 0.00390625 0.05546875
15 0.88515625 0.896875 0.00390625 0.0671875
15 0.6265625 0.89921875 0.0078125 0.03125
15 0.90859375 0.903125 0.0078125 0.0265625
1 0.57265625 0.921875 0.0078125 0.02890625
1 0.19765625 0.2 0.00625 0.021875
1 0.6 0.20546875 0.00703125 0.02890625