15 0.79765625 0.11953125 0.01328125 0.00390625
15 0.7234375 0.1234375 0.0140625 0.00703125
1 0.828125 0.134375 0.0171875 0.01015625
15 0.6875 0.13828125 0.01328125 0.00625
15 0.7953125 0.13984375 0.0203125 0.00859375
15 0.72265625 0.14140625 0.01015625 0.0078125
15 0.66328125 0.1421875 0.00625 0.01953125
15 0.65078125 0.1453125 0.00625 0.025
1 0.63671875 0.146875 0.00703125 0.02109375
1 0.60625 0.15546875 0.015625 0.0109375
1 0.82890625 0.15859375 0.02109375 0.01328125
1 0.7953125 0.15859375 0.0140625 0.0078125
15 0.6890625 0.16015625 0.01796875 0.00703125
1 0.75546875 0.1625 0.0171875 0.009375
1 0.72265625 0.1625 0.0203125 0.01015625
15 0.79609375 0.17890625 0.01640625 0.0078125
1 0.82734375 0.17890625 0.02109375 0.0171875
1 0.68828125 0.18359375 0.01953125 0.0109375
15 0.66640625 0.19140625 0.00625 0.01953125
15 0.7953125 0.19296875 0.01171875 0.00546875
1 0.60859375 0.1921875 0.01875 0.01171875
15 0.6875 0.20078125 0.0203125 0.0078125
1 0.82734375 0.20625 0.021875 0.01171875
15 0.79453125 0.2125 0.0140625 0.0046875
1 0.63828125 0.21484375 0.02421875 0.0171875
15 0.6875 0.2171875 0.021875 0.01015625
15 0.75625 0.21953125 0.01796875 0.0078125
1 0.71953125 0.22109375 0.0171875 0.01015625
1 0.82734375 0.225 0.0171875 0.01015625
15 0.7953125 0.2265625 0.01328125 0.00625
15 0.665625 0.22890625 0.0046875 0.025
15 0.715625 0.2359375 0.01875 0.009375
15 0.68828125 0.23515625 0.01640625 0.009375
15 0.75625 0.2359375 0.021875 0.00859375
15 0.79765625 0.2453125 0.01171875 0.00546875
1 0.8265625 0.24765625 0.01875 0.0109375
1 0.6875 0.2546875 0.01796875 0.0078125
4 0.90078125 0.26328125 0.06171875 0.25625
15 0.828125 0.26796875 0.015625 0.00546875
1 0.71640625 0.27109375 0.01796875 0.0078125
9 0.7609375 0.271875 0.025 0.02109375
1 0.80234375 0.27265625 0.00625 0.01875
15 0.6859375 0.2734375 0.01484375 0.00859375
1 0.60859375 0.28046875 0.0234375 0.0203125
1 0.65078125 0.2828125 0.025 0.01875
15 0.83359375 0.28671875 0.01171875 0.0078125
15 0.7140625 0.28828125 0.0203125 0.0078125
15 0.6859375 0.29140625 0.01328125 0.00703125
15 0.7640625 0.30234375 0.01640625 0.01015625
15 0.83046875 0.30390625 0.0125 0.00625
4 0.3 0.30390625 0.26796875 0.08828125
1 0.72890625 0.30546875 0.01640625 0.009375
15 0.68046875 0.31875 0.00625 0.0171875
1 0.6078125 0.31875 0.0203125 0.01953125
1 0.65 0.3203125 0.0203125 0.015625
1 0.80390625 0.32890625 0.00703125 0.0234375
15 0.83515625 0.32890625 0.00859375 0.02421875
1 0.7859375 0.33203125 0.00703125 0.025
15 0.81875 0.3328125 0.00546875 0.02421875
1 0.71484375 0.33515625 0.03046875 0.0265625
1 0.6078125 0.35390625 0.01953125 0.01796875
1 0.65078125 0.35390625 0.01796875 0.015625
1 0.82265625 0.390625 0.021875 0.01015625
1 0.79453125 0.39375 0.01796875 0.009375
15 0.82578125 0.41328125 0.01796875 0.0125
1 0.8015625 0.42109375 0.00703125 0.01953125
1 0.825 0.42734375 0.01796875 0.00859375
15 0.64296875 0.04765625 0.01640625 0.00625
15 0.7953125 0.0484375 0.01484375 0.0078125
1 0.82421875 0.04765625 0.02265625 0.01484375
15 0.7671875 0.04921875 0.01171875 0.00703125
1 0.69921875 0.05 0.02109375 0.0109375
15 0.73515625 0.05 0.01484375 0.00703125
15 0.4296875 0.53359375 0.015625 0.01171875
15 0.37109375 0.540625 0.01484375 0.01171875
15 0.053125 0.5421875 0.01796875 0.009375
1 0.15078125 0.5453125 0.0328125 0.015625
15 0.39296875 0.55234375 0.01328125 0.01328125
15 0.08828125 0.565625 0.00703125 0.0265625
15 0.15390625 0.56875 0.01796875 0.00703125
15 0.48046875 0.57109375 0.00625 0.0234375
15 0.49765625 0.57109375 0.00703125 0.01953125
15 0.51171875 0.57109375 0.00390625 0.01953125
1 0.5328125 0.57109375 0.01796875 0.01640625
9 0.05625 0.57109375 0.02109375 0.03359375
15 0.46640625 0.5734375 0.0078125 0.025
15 0.44921875 0.5875 0.00625 0.01796875
15 0.43515625 0.58828125 0.00703125 0.02109375
15 0.83046875 0.5921875 0.00703125 0.01953125
15 0.81640625 0.59296875 0.00625 0.0234375
15 0.4171875 0.59609375 0.01015625 0.0109375
1 0.39609375 0.596875 0.0078125 0.0203125
15 0.33828125 0.5984375 0.0125 0.01640625
15 0.36171875 0.5984375 0.0109375 0.01328125
1 0.38125 0.5984375 0.0078125 0.01875
1 0.63203125 0.60234375 0.01875 0.009375
1 0.5125 0.6140625 0.00625 0.0203125
1 0.52890625 0.61484375 0.00625 0.01953125
15 0.5671875 0.6171875 0.01640625 0.025
1 0.2984375 0.6171875 0.0078125 0.02265625
1 0.315625 0.61875 0.009375 0.025
9 0.05390625 0.6234375 0.01953125 0.03671875
15 0.78828125 0.62578125 0.00625 0.02109375
15 0.80234375 0.62578125 0.00546875 0.02265625
1 0.8171875 0.628125 0.00625 0.01796875
1 0.8328125 0.628125 0.00625 0.01875
1 0.665625 0.06328125 0.0140625 0.0359375
1 0.7046875 0.63046875 0.0078125 0.02109375
15 0.640625 0.06484375 0.01875 0.00703125
1 0.1015625 0.64375 0.028125 0.0125
1 0.5859375 0.65078125 0.00546875 0.01953125
1 0.796875 0.65234375 0.0125 0.00546875
15 0.765625 0.065625 0.01328125 0.00703125
1 0.57265625 0.65390625 0.00546875 0.02265625
1 0.15546875 0.65625 0.01796875 0.0078125
1 0.54453125 0.65625 0.00703125 0.01796875
1 0.5296875 0.65859375 0.00390625 0.01796875
15 0.81875 0.66015625 0.00703125 0.0234375
15 0.7953125 0.06640625 0.0140625 0.00703125
9 0.74609375 0.66484375 0.04296875 0.05
15 0.09921875 0.66484375 0.01953125 0.00859375
1 0.69765625 0.665625 0.0171875 0.01015625
15 0.2953125 0.665625 0.0109375 0.01640625
15 0.79609375 0.6703125 0.01171875 0.0078125
15 0.73828125 0.06796875 0.015625 0.0078125
15 0.15625 0.6765625 0.01328125 0.00859375
15 0.5953125 0.6765625 0.01875 0.01015625
15 0.565625 0.67734375 0.01171875 0.00546875
15 0.7953125 0.68515625 0.0140625 0.009375
15 0.53828125 0.68515625 0.01796875 0.00859375
15 0.69765625 0.68515625 0.0171875 0.00625
1 0.82578125 0.06953125 0.0203125 0.01328125
15 0.29609375 0.6890625 0.0109375 0.01640625
15 0.81796875 0.6953125 0.00703125 0.02265625
15 0.028125 0.70234375 0.00703125 0.021875
15 0.7 0.70234375 0.01328125 0.00546875
1 0.79765625 0.703125 0.01484375 0.00703125
15 0.5890625 0.7078125 0.01640625 0.02421875
9 0.1578125 0.7109375 0.02265625 0.0390625
15 0.29609375 0.715625 0.0109375 0.01640625
15 0.81640625 0.72578125 0.01875 0.009375
1 0.78203125 0.728125 0.01484375 0.009375
15 0.7609375 0.73203125 0.00703125 0.0203125
15 0.7453125 0.73125 0.00703125 0.02421875
15 0.7328125 0.73359375 0.0078125 0.021875
1 0.71640625 0.734375 0.00703125 0.02578125
1 0.69140625 0.734375 0.00703125 0.02109375
9 0.4234375 0.73671875 0.17265625 0.20234375
4 0.90546875 0.73984375 0.05625 0.2625
1 0.54296875 0.74140625 0.00625 0.021875
1 0.55859375 0.74140625 0.00546875 0.02109375
15 0.296875 0.7421875 0.0109375 0.01640625
15 0.02734375 0.7421875 0.00625 0.0234375
15 0.58984375 0.74453125 0.015625 0.02578125
15 0.78046875 0.74765625 0.0140625 0.0078125
1 0.1546875 0.753125 0.02421875 0.0140625
9 0.08984375 0.75625 0.021875 0.06484375
1 0.77890625 0.7671875 0.01796875 0.01015625
15 0.296875 0.76953125 0.009375 0.01640625
15 0.2046875 0.775 0.01328125 0.00703125
15 0.23515625 0.77734375 0.015625 0.00546875
1 0.1171875 0.78125 0.00546875 0.021875
15 0.5859375 0.7859375 0.01640625 0.02421875
15 0.20390625 0.78984375 0.015625 0.00703125
15 0.2328125 0.7921875 0.01640625 0.0078125
15 0.71484375 0.0796875 0.00703125 0.02109375
4 0.32265625 0.0796875 0.10390625 0.053125
15 0.2953125 0.79296875 0.00703125 0.01328125
15 0.69375 0.08046875 0.015625 0.009375
15 0.2328125 0.8078125 0.0125 0.0078125
15 0.203125 0.80859375 0.01640625 0.009375
1 0.640625 0.08125 0.01640625 0.00859375
15 0.1609375 0.81875 0.01953125 0.0078125
15 0.11640625 0.81875 0.0203125 0.0078125
15 0.5875 0.82578125 0.01796875 0.02890625
15 0.23515625 0.82578125 0.0140625 0.00390625
15 0.2046875 0.82734375 0.02421875 0.00859375
15 0.08203125 0.8265625 0.00625 0.02109375
15 0.03125 0.828125 0.00546875 0.025
15 0.28203125 0.82890625 0.01484375 0.0125
15 0.04609375 0.8296875 0.00546875 0.02734375
15 0.30859375 0.8375 0.01796875 0.00859375
15 0.7953125 0.084375 0.01171875 0.00703125
15 0.7640625 0.08515625 0.01484375 0.009375
15 0.23359375 0.84296875 0.01796875 0.00703125
15 0.20390625 0.84609375 0.015625 0.00625
15 0.28046875 0.84765625 0.01171875 0.00703125
15 0.31171875 0.85546875 0.0203125 0.01015625
15 0.7390625 0.0875 0.0171875 0.00703125
15 0.58984375 0.86328125 0.01796875 0.025
1 0.5375 0.86484375 0.0078125 0.021875
15 0.27890625 0.86484375 0.01484375 0.01171875
1 0.5265625 0.865625 0.00546875 0.0203125
1 0.309375 0.871875 0.01796875 0.00625
1 0.28046875 0.884375 0.0203125 0.0109375
1 0.4234375 0.8859375 0.01640625 0.00703125
15 0.459375 0.89609375 0.0234375 0.02265625
15 0.4890625 0.89921875 0.0234375 0.0265625
1 0.42890625 0.90234375 0.015625 0.0078125
15 0.5890625 0.90390625 0.01640625 0.01796875
15 0.528125 0.9046875 0.009375 0.02421875
15 0.515625 0.90546875 0.009375 0.0234375
1 0.82890625 0.0921875 0.02109375 0.01484375
15 0.3640625 0.91484375 0.0234375 0.02578125
15 0.3953125 0.91484375 0.0234375 0.02109375
15 0.296875 0.91875 0.02265625 0.02578125
15 0.32734375 0.91796875 0.02265625 0.0234375
15 0.79609375 0.10234375 0.0140625 0.00703125
1 0.7234375 0.10625 0.015625 0.0078125
9 0.67265625 0.1078125 0.0453125 0.021875
15 0.61171875 0.1078125 0.01640625 0.00625
15 0.634375 0.1109375 0.009375 0.0234375
1 0.75859375 0.11171875 0.03125 0.0234375
1 0.82578125 0.11328125 0.01796875 0.01015625