2 0.83359375 0.25703125 0.00390625 0.06328125
2 0.7484375 0.2515625 0.00390625 0.059375
2 0.94765625 0.27578125 0.00234375 0.0484375
2 0.57265625 0.23125 0.003125 0.05546875
2 0.8203125 0.26328125 0.003125 0.059375
16 0.94296875 0.27578125 0.00234375 0.05546875
16 0.93828125 0.27578125 0.003125 0.05546875
16 0.95234375 0.2796875 0.003125 0.05546875
2 0.6296875 0.24453125 0.00234375 0.059375
2 0.803125 0.26484375 0.003125 0.05546875
2 0.10546875 0.178125 0.00390625 0.059375
2 0.81328125 0.26640625 0.003125 0.059375
2 0.09921875 0.1796875 0.00234375 0.05546875
2 0.38984375 0.21484375 0.003125 0.0515625
2 0.5859375 0.2390625 0.00234375 0.05546875
2 0.765625 0.259375 0.003125 0.0515625
16 0.21796875 0.19609375 0.00234375 0.0515625
16 0.221875 0.1984375 0.003125 0.05546875
16 0.2140625 0.19453125 0.00234375 0.05546875
2 0.45625 0.22421875 0.003125 0.06328125
2 0.20859375 0.19453125 0.00234375 0.05546875
2 0.86015625 0.27578125 0.003125 0.0484375
2 0.275 0.2015625 0.00234375 0.05546875
2 0.26015625 0.2 0.003125 0.059375
2 0.26953125 0.20546875 0.00234375 0.05546875
2 0.84765625 0.27578125 0.00234375 0.05546875
16 0.86484375 0.278125 0.00234375 0.0515625
2 0.85625 0.278125 0.00234375 0.0515625
2 0.40703125 0.22421875 0.003125 0.05546875
16 0.23203125 0.2 0.00234375 0.0515625
2 0.22734375 0.2 0.00234375 0.0515625
2 0.52265625 0.26640625 0.003125 0.059375
2 0.51640625 0.26875 0.003125 0.06328125
2 0.5359375 0.2890625 0.00859375 0.021875
2 0.02734375 0.240625 0.00859375 0.021875
16 0.26328125 0.359375 0.009375 0.0296875
16 0.2265625 0.3609375 0.00390625 0.05546875
2 0.85703125 0.4796875 0.00703125 0.02578125
16 0.8640625 0.48359375 0.00234375 0.06328125
2 0.75703125 0.471875 0.003125 0.06328125
2 0.7484375 0.47578125 0.003125 0.05546875
2 0.753125 0.47578125 0.00234375 0.06328125
16 0.83515625 0.48515625 0.00703125 0.021875
16 0.8453125 0.49296875 0.0078125 0.021875
2 0.83671875 0.51484375 0.00703125 0.021875
16 0.48359375 0.48515625 0.00859375 0.01484375
2 0.47265625 0.48125 0.00703125 0.021875
16 0.85234375 0.528125 0.00234375 0.05546875
2 0.85625 0.528125 0.003125 0.05546875
16 0.9640625 0.54609375 0.003125 0.05546875
16 0.96875 0.54609375 0.00234375 0.05546875
16 0.97265625 0.55 0.00234375 0.0484375
2 0.56640625 0.50703125 0.00859375 0.021875
16 0.86328125 0.55 0.00234375 0.0484375
9 0.52890625 0.52421875 0.053125 0.38125
16 0.82890625 0.56328125 0.00234375 0.0515625
2 0.82421875 0.56328125 0.003125 0.0515625
16 0.84140625 0.56328125 0.003125 0.0515625
2 0.83671875 0.56875 0.003125 0.05546875
16 0.8328125 0.56640625 0.00234375 0.0515625
2 0.81953125 0.56484375 0.003125 0.05546875
16 0.846875 0.56875 0.00234375 0.05546875
2 0.56640625 0.53671875 0.00859375 0.021875
16 0.89453125 0.578125 0.00234375 0.0515625
16 0.97578125 0.5890625 0.00234375 0.0515625
16 0.465625 0.52578125 0.003125 0.059375
2 0.49296875 0.53359375 0.003125 0.059375
16 0.46953125 0.5296875 0.00234375 0.059375
16 0.478125 0.53359375 0.00234375 0.059375
16 0.4859375 0.53359375 0.00234375 0.059375
16 0.47421875 0.53515625 0.003125 0.05546875
16 0.72578125 0.57578125 0.00390625 0.05546875
16 0.88515625 0.60546875 0.00390625 0.05546875
16 0.8890625 0.61328125 0.00234375 0.05546875
16 0.8328125 0.6296875 0.00703125 0.01484375
16 0.9640625 0.6609375 0.003125 0.05546875
16 0.96796875 0.6609375 0.003125 0.06328125
2 0.56328125 0.621875 0.00859375 0.021875
2 0.5875 0.63359375 0.00546875 0.09609375
9 0.85859375 0.66875 0.015625 0.10703125
2 0.88828125 0.678125 0.01328125 0.03671875
2 0.9 0.678125 0.00625 0.0890625
2 0.87890625 0.67578125 0.003125 0.05546875
2 0.90703125 0.68125 0.00546875 0.0890625
2 0.9140625 0.68125 0.00546875 0.0890625
16 0.83984375 0.68125 0.003125 0.0515625
16 0.83515625 0.68515625 0.00234375 0.0515625
2 0.56328125 0.6515625 0.00859375 0.021875
2 0.8234375 0.69609375 0.00546875 0.0890625
2 0.83046875 0.69609375 0.00546875 0.0890625
2 0.56171875 0.68515625 0.00859375 0.021875
16 0.8796875 0.72578125 0.0078125 0.01484375
2 0.49140625 0.68515625 0.00703125 0.021875
2 0.93125 0.74609375 0.00625 0.09296875
2 0.9390625 0.75 0.00703125 0.09296875
16 0.47734375 0.70546875 0.003125 0.05546875
16 0.47265625 0.70703125 0.003125 0.059375
2 0.915625 0.78125 0.00625 0.0890625
2 0.88828125 0.80390625 0.00703125 0.021875
2 0.87890625 0.80390625 0.0078125 0.021875
16 0.50390625 0.7609375 0.00703125 0.01875
16 0.5265625 0.76484375 0.0078125 0.01875
16 0.5375 0.76328125 0.00703125 0.01484375
16 0.840625 0.8109375 0.00234375 0.059375
2 0.82578125 0.81640625 0.00390625 0.05546875
16 0.83515625 0.81640625 0.00234375 0.05546875
2 0.83125 0.81640625 0.00390625 0.05546875
16 0.5109375 0.78671875 0.00703125 0.01875
16 0.53125 0.790625 0.00703125 0.01875
16 0.54765625 0.790625 0.0078125 0.01875
16 0.87890625 0.83515625 0.0078125 0.01875
16 0.88828125 0.83671875 0.00703125 0.01484375
16 0.49765625 0.7890625 0.00703125 0.021875
16 0.5203125 0.79296875 0.00703125 0.01484375
2 0.6125 0.80390625 0.00546875 0.09609375
2 0.87890625 0.86484375 0.00703125 0.01875
16 0.928125 0.87421875 0.00390625 0.059375
16 0.93671875 0.87578125 0.003125 0.05546875
16 0.9328125 0.8796875 0.00234375 0.05546875
2 0.88515625 0.88515625 0.00234375 0.0515625
2 0.84375 0.9 0.00625 0.09609375
2 0.83671875 0.9 0.00546875 0.09609375
16 0.86796875 0.95 0.00234375 0.0484375
16 0.87265625 0.95390625 0.003125 0.05546875
16 0.94609375 0.96328125 0.003125 0.059375
16 0.9421875 0.96484375 0.00234375 0.05546875
2 0.95078125 0.96640625 0.00390625 0.059375
16 0.72265625 0.94453125 0.00234375 0.059375
16 0.72734375 0.94296875 0.003125 0.05546875
16 0.90390625 0.96875 0.003125 0.05546875
16 0.9125 0.96875 0.00234375 0.05546875
2 0.9 0.96640625 0.00234375 0.0515625
16 0.9078125 0.96875 0.00390625 0.05546875
2 0.9359375 0.96484375 0.00625 0.06328125
4 0.5421875 0.95546875 0.128125 0.08125
2 0.85546875 0.19453125 0.009375 0.02578125
2 0.98515625 0.22421875 0.00703125 0.01875
2 0.8625 0.2109375 0.003125 0.0515625
2 0.84765625 0.21484375 0.003125 0.0515625
2 0.91015625 0.2203125 0.003125 0.05546875
2 0.94140625 0.2296875 0.00703125 0.021875
2 0.215625 0.14453125 0.00859375 0.021875
2 0.85546875 0.2296875 0.009375 0.021875
16 0.89296875 0.24296875 0.003125 0.05546875
2 0.9828125 0.25703125 0.00703125 0.01875
16 0.6734375 0.221875 0.003125 0.059375
16 0.66875 0.22421875 0.0046875 0.06328125
2 0.028125 0.1515625 0.0078125 0.021875
2 0.9953125 0.271875 0.00234375 0.05546875