2 0.5765625 0.2890625 0.01640625 0.075
2 0.903125 0.8875 0.01015625 0.1140625
2 0.7984375 0.703125 0.0109375 0.121875
2 0.85703125 0.86015625 0.0078125 0.03515625
2 0.7390625 0.65546875 0.0078125 0.03515625
2 0.63671875 0.47265625 0.00703125 0.0390625
2 0.5203125 0.26171875 0.0078125 0.03515625
2 0.42109375 0.0828125 0.0078125 0.0390625
2 0.40234375 0.05546875 0.00859375 0.0390625
2 0.72578125 0.64921875 0.00703125 0.07109375
2 0.62265625 0.4625 0.00703125 0.075
2 0.55546875 0.33828125 0.00625 0.06328125
2 0.5390625 0.3109375 0.0046875 0.05546875
16 0.70703125 0.61640625 0.00859375 0.04296875
2 0.55 0.334375 0.0046875 0.05546875
2 0.50625 0.25390625 0.0078125 0.075
2 0.85625 0.89375 0.0078125 0.0390625
2 0.7390625 0.68671875 0.00859375 0.03515625
2 0.6359375 0.49765625 0.00859375 0.04296875
2 0.51953125 0.29140625 0.0078125 0.0390625
2 0.41953125 0.1140625 0.0078125 0.0390625
2 0.83671875 0.88203125 0.015625 0.07890625
2 0.39765625 0.10234375 0.01640625 0.07890625
16 0.52265625 0.334375 0.00859375 0.0390625
16 0.5578125 0.409375 0.00625 0.06328125
16 0.54296875 0.38203125 0.00625 0.06328125
16 0.55234375 0.4015625 0.00625 0.06328125
16 0.5375 0.371875 0.00625 0.059375
16 0.56484375 0.4234375 0.00625 0.0671875
16 0.54765625 0.39375 0.00625 0.06328125
16 0.521875 0.3703125 0.00859375 0.0390625
16 0.58359375 0.5234375 0.009375 0.046875
2 0.57265625 0.51015625 0.0046875 0.059375
2 0.57734375 0.521875 0.0046875 0.059375
2 0.5921875 0.5515625 0.00625 0.06328125
16 0.596875 0.56328125 0.00625 0.07109375
2 0.7796875 0.90390625 0.015625 0.075
16 0.79296875 0.92734375 0.01015625 0.0515625
16 0.58359375 0.559375 0.009375 0.046875
2 0.69375 0.77734375 0.0078125 0.03515625
2 0.70703125 0.80546875 0.0078125 0.03515625
16 0.5875 0.61640625 0.01015625 0.0515625
2 0.778125 0.9609375 0.01640625 0.07109375
16 0.7921875 0.98046875 0.01015625 0.03125
16 0.24765625 0.03125 0.0078125 0.0625
16 0.23359375 0.015625 0.00625 0.03125
16 0.2375 0.01953125 0.00625 0.0390625
16 0.228125 0.01171875 0.00703125 0.0234375
16 0.24296875 0.02578125 0.00703125 0.0515625
16 0.2234375 0.0078125 0.00703125 0.015625
16 0.25390625 0.03515625 0.0078125 0.0703125
16 0.5859375 0.6515625 0.009375 0.04296875
2 0.6875 0.8640625 0.0078125 0.03515625
16 0.58515625 0.6890625 0.009375 0.046875
2 0.70390625 0.9390625 0.00859375 0.0984375
16 0.58359375 0.728125 0.01015625 0.046875
9 0.53515625 0.64375 0.06796875 0.4921875
16 0.4953125 0.57265625 0.01015625 0.059375
16 0.71015625 0.9625 0.00625 0.0671875
2 0.56640625 0.71484375 0.0046875 0.059375
2 0.5703125 0.72421875 0.00546875 0.06328125
16 0.58203125 0.76796875 0.01015625 0.046875
16 0.58125 0.803125 0.009375 0.046875
16 0.57890625 0.840625 0.01015625 0.0515625
2 0.4953125 0.69453125 0.0046875 0.059375
2 0.49140625 0.68671875 0.0046875 0.059375
16 0.57890625 0.871875 0.01015625 0.0515625
16 0.57734375 0.91328125 0.009375 0.046875
16 0.5765625 0.94453125 0.009375 0.046875
16 0.56171875 0.92109375 0.0078125 0.07109375
16 0.565625 0.9328125 0.00625 0.06328125
16 0.578125 0.9921875 0.009375 0.0078125
2 0.51875 0.909375 0.0046875 0.046875
2 0.52265625 0.9171875 0.0046875 0.046875
16 0.54921875 0.96640625 0.00625 0.059375
16 0.5078125 0.89921875 0.00625 0.0671875
16 0.50234375 0.88984375 0.00546875 0.06328125
16 0.55546875 0.9765625 0.00625 0.0390625
16 0.5703125 0.98984375 0.00546875 0.01171875
16 0.56015625 0.98203125 0.00625 0.02734375
2 0.51796875 0.96484375 0.009375 0.046875
2 0.575 0.2421875 0.0078125 0.04296875