2 0.58984375 0.3296875 0.01640625 0.07421875
2 0.91484375 0.8375 0.009375 0.11328125
2 0.8109375 0.68359375 0.0109375 0.1171875
2 0.35859375 0.02734375 0.0109375 0.0546875
2 0.965625 0.97265625 0.00625 0.03125
2 0.86875 0.8265625 0.0078125 0.03515625
2 0.75234375 0.646875 0.0078125 0.03515625
2 0.65078125 0.49375 0.00703125 0.03515625
2 0.534375 0.3140625 0.0078125 0.03515625
2 0.43515625 0.16015625 0.0078125 0.0390625
2 0.4171875 0.140625 0.00859375 0.0390625
2 0.9578125 0.9703125 0.00703125 0.05078125
2 0.7390625 0.6484375 0.00625 0.0703125
2 0.6359375 0.48828125 0.00625 0.0703125
2 0.56875 0.3828125 0.00625 0.0625
2 0.553125 0.359375 0.0046875 0.0546875
16 0.7203125 0.61875 0.00859375 0.04296875
2 0.56328125 0.37890625 0.0046875 0.0546875
2 0.5203125 0.3109375 0.00703125 0.07421875
2 0.965625 0.990625 0.0078125 0.01171875
2 0.86875 0.85546875 0.0078125 0.0390625
2 0.3015625 0.0078125 0.00625 0.015625
2 0.75234375 0.678125 0.00859375 0.03515625
2 0.65 0.521875 0.0078125 0.04296875
2 0.53359375 0.34375 0.0078125 0.0390625
2 0.3109375 0.009375 0.009375 0.01875
2 0.43359375 0.1953125 0.0078125 0.0390625
16 0.94140625 0.97265625 0.00703125 0.046875
2 0.85 0.85 0.01484375 0.07421875
9 0.93203125 0.9671875 0.0125 0.05859375
2 0.4125 0.1859375 0.015625 0.07421875
16 0.53671875 0.38671875 0.00859375 0.0390625
16 0.571875 0.453125 0.00625 0.0625
16 0.55703125 0.4296875 0.00625 0.0625
16 0.56640625 0.44375 0.00625 0.05859375
16 0.5515625 0.421875 0.00625 0.0546875
16 0.578125 0.4625 0.00625 0.06640625
16 0.56171875 0.4359375 0.00625 0.05859375
16 0.5359375 0.421875 0.00859375 0.0390625
16 0.8828125 0.975 0.00859375 0.04296875
16 0.8921875 0.98046875 0.00859375 0.03125
16 0.5984375 0.55625 0.009375 0.04296875
2 0.5875 0.5484375 0.0046875 0.05859375
2 0.59140625 0.5609375 0.0046875 0.05859375
2 0.60625 0.5859375 0.00625 0.0625
16 0.61171875 0.59375 0.00546875 0.0703125
2 0.79375 0.8828125 0.015625 0.0703125
16 0.80703125 0.90234375 0.009375 0.046875
16 0.59765625 0.5921875 0.009375 0.04296875
16 0.2359375 0.0328125 0.00625 0.065625
16 0.20625 0.0140625 0.00625 0.02734375
16 0.21640625 0.01953125 0.00703125 0.0390625
16 0.2015625 0.0078125 0.00625 0.015625
16 0.23125 0.03125 0.0078125 0.0625
16 0.24140625 0.0453125 0.00625 0.06640625
16 0.271875 0.0921875 0.00703125 0.06640625
16 0.25625 0.06640625 0.00625 0.0703125
16 0.26171875 0.0765625 0.00625 0.06640625
16 0.26640625 0.084375 0.00546875 0.06640625
16 0.2109375 0.015625 0.00625 0.03125
16 0.221875 0.0234375 0.00546875 0.046875
16 0.2265625 0.02734375 0.00625 0.0546875
16 0.2515625 0.0609375 0.00625 0.06640625
16 0.24609375 0.053125 0.00625 0.06640625
2 0.7078125 0.7828125 0.0078125 0.03515625
2 0.72109375 0.80625 0.0078125 0.03515625
2 0.8578125 0.978125 0.01015625 0.03515625
2 0.1953125 0.021875 0.0046875 0.04296875
16 0.6015625 0.65234375 0.009375 0.046875
2 0.79296875 0.94921875 0.015625 0.078125
16 0.80546875 0.9703125 0.009375 0.04296875
16 0.18046875 0.021875 0.01015625 0.04296875
16 0.26484375 0.1484375 0.00625 0.0703125
16 0.25 0.125 0.00625 0.0625
16 0.25390625 0.1328125 0.00625 0.0625
16 0.21484375 0.0703125 0.00546875 0.0703125
16 0.24453125 0.11875 0.00625 0.06640625
16 0.259375 0.1390625 0.00625 0.06640625
16 0.20390625 0.05625 0.00625 0.06640625
16 0.2390625 0.1109375 0.00625 0.06640625
16 0.209375 0.0640625 0.00625 0.06640625
16 0.21953125 0.078125 0.00625 0.0703125
16 0.23515625 0.1015625 0.00546875 0.0703125
16 0.26953125 0.15625 0.00625 0.0703125
16 0.19921875 0.0484375 0.00625 0.06640625
16 0.225 0.0859375 0.00546875 0.0625
16 0.2296875 0.09375 0.00625 0.0625
16 0.60078125 0.68359375 0.009375 0.0390625
2 0.70234375 0.86875 0.0078125 0.03515625
16 0.6 0.725 0.009375 0.04296875
2 0.71796875 0.9390625 0.00859375 0.09765625
16 0.5984375 0.759375 0.009375 0.04296875
9 0.55078125 0.69140625 0.065625 0.4765625
16 0.5109375 0.62890625 0.01015625 0.0546875
16 0.725 0.959375 0.00546875 0.06640625
2 0.58203125 0.7515625 0.0046875 0.05859375
2 0.5859375 0.76171875 0.00546875 0.0625
16 0.59765625 0.7984375 0.009375 0.04296875
16 0.596875 0.834375 0.009375 0.04296875
16 0.5953125 0.87109375 0.009375 0.046875
2 0.51171875 0.7515625 0.0046875 0.05859375
2 0.5078125 0.74375 0.0046875 0.05859375
16 0.59453125 0.90625 0.009375 0.046875
16 0.59375 0.94375 0.009375 0.04296875
16 0.59296875 0.975 0.009375 0.04296875
16 0.578125 0.95703125 0.00703125 0.0703125
16 0.58203125 0.96875 0.00625 0.0625
2 0.5359375 0.95703125 0.00390625 0.046875
2 0.53984375 0.96484375 0.00390625 0.046875
16 0.565625 0.98828125 0.00625 0.015625
16 0.525 0.9515625 0.00625 0.06640625
16 0.5203125 0.94140625 0.00546875 0.0625
2 0.58828125 0.2796875 0.0078125 0.04296875