2 0.5640625 0.0984375 0.00546875 0.0609375
2 0.61953125 0.01484375 0.0046875 0.0296875
2 0.10234375 0.96796875 0.00625 0.0640625
2 0.0953125 0.971875 0.00546875 0.04921875
2 0.3828125 0.44140625 0.0046875 0.05703125
2 0.578125 0.07578125 0.0046875 0.0609375
16 0.21328125 0.76328125 0.00390625 0.05703125
16 0.2171875 0.75390625 0.00546875 0.0609375
16 0.209375 0.76875 0.0046875 0.0609375
2 0.44921875 0.321875 0.00546875 0.06796875
2 0.2046875 0.78046875 0.0046875 0.0609375
2 0.2703125 0.65546875 0.0046875 0.0609375
2 0.2546875 0.68359375 0.00546875 0.0640625
2 0.26484375 0.6703125 0.0046875 0.0609375
2 0.40078125 0.41640625 0.00546875 0.0609375
16 0.2265625 0.740625 0.0046875 0.05703125
2 0.22265625 0.7484375 0.0046875 0.05703125
2 0.5171875 0.22890625 0.00546875 0.0640625
2 0.51015625 0.24609375 0.00546875 0.06796875
2 0.53046875 0.22734375 0.009375 0.0375
16 0.2640625 0.8375 0.01015625 0.0453125
16 0.228125 0.90546875 0.00625 0.0609375
2 0.74765625 0.01171875 0.00625 0.02265625
2 0.75234375 0.009375 0.00546875 0.01875
16 0.48671875 0.52265625 0.00859375 0.03046875
2 0.47578125 0.54375 0.0078125 0.034375
2 0.56953125 0.3828125 0.009375 0.0375
9 0.5328125 0.471875 0.065625 0.465625
2 0.57109375 0.4125 0.009375 0.0375
16 0.4703125 0.6 0.00546875 0.0640625
2 0.49765625 0.55078125 0.00546875 0.0640625
16 0.47421875 0.59453125 0.0046875 0.0609375
16 0.4828125 0.58125 0.0046875 0.0640625
16 0.49140625 0.5640625 0.0046875 0.0609375
16 0.4796875 0.590625 0.00546875 0.0609375
16 0.7296875 0.13671875 0.00625 0.0609375
2 0.5703125 0.50390625 0.009375 0.0375
2 0.5953125 0.465625 0.00859375 0.10625
9 0.8625 0.01484375 0.01875 0.0296875
16 0.84609375 0.02265625 0.00546875 0.0453125
16 0.84140625 0.028125 0.0046875 0.05625
2 0.57109375 0.53046875 0.009375 0.0375
2 0.8296875 0.0609375 0.00859375 0.0984375
2 0.83671875 0.04921875 0.01015625 0.0984375
2 0.57265625 0.5640625 0.009375 0.0375
2 0.503125 0.70234375 0.0078125 0.034375
16 0.48984375 0.75390625 0.00546875 0.0609375
16 0.48515625 0.76328125 0.00546875 0.0640625
2 0.8984375 0.03984375 0.0078125 0.034375
2 0.8890625 0.05703125 0.00859375 0.0375
16 0.51796875 0.75390625 0.0078125 0.03046875
16 0.53984375 0.7140625 0.00859375 0.034375
16 0.5515625 0.69140625 0.0078125 0.0265625
16 0.85234375 0.1421875 0.0046875 0.0640625
2 0.8375 0.1703125 0.00625 0.0609375
16 0.846875 0.15546875 0.0046875 0.0609375
2 0.84296875 0.1625 0.00625 0.0609375
16 0.52578125 0.76875 0.0078125 0.03046875
16 0.54609375 0.72734375 0.0078125 0.03046875
16 0.5625 0.69921875 0.00859375 0.034375
16 0.890625 0.0890625 0.00859375 0.034375
16 0.89921875 0.0703125 0.0078125 0.0265625
16 0.5125 0.79375 0.0078125 0.034375
16 0.53515625 0.7515625 0.0078125 0.0265625
2 0.6265625 0.58359375 0.009375 0.10625
2 0.89140625 0.1171875 0.0078125 0.03046875
16 0.940625 0.03203125 0.00625 0.0640625
16 0.94921875 0.02265625 0.00625 0.0453125
16 0.94453125 0.028125 0.0046875 0.05625
2 0.89921875 0.1234375 0.0046875 0.05703125
2 0.85859375 0.21953125 0.01015625 0.10625
2 0.8515625 0.23515625 0.00859375 0.10625
16 0.88359375 0.2234375 0.0046875 0.053125
16 0.8890625 0.215625 0.00546875 0.0609375
16 0.96171875 0.08125 0.00546875 0.0640625
16 0.9578125 0.090625 0.0046875 0.0609375
2 0.96640625 0.07734375 0.00625 0.0640625
16 0.740625 0.5015625 0.0046875 0.0640625
16 0.7453125 0.4921875 0.00546875 0.0609375
16 0.9203125 0.1703125 0.00546875 0.0609375
16 0.92890625 0.15546875 0.0046875 0.0609375
2 0.915625 0.1796875 0.0046875 0.05703125
16 0.92421875 0.16640625 0.00546875 0.06796875
2 0.953125 0.11953125 0.01015625 0.10234375
4 0.56328125 0.8578125 0.12890625 0.2765625
2 0.20859375 0.715625 0.009375 0.0375