2 0.59453125 0.3609375 0.015625 0.06484375
2 0.91640625 0.73828125 0.00859375 0.1109375
2 0.8140625 0.62578125 0.009375 0.11484375
2 0.365625 0.12421875 0.01015625 0.1109375
2 0.96796875 0.85078125 0.00625 0.03046875
2 0.871875 0.740625 0.00703125 0.03046875
2 0.75625 0.61484375 0.0078125 0.03046875
2 0.65546875 0.5015625 0.00703125 0.034375
2 0.53984375 0.3703125 0.00703125 0.03046875
2 0.44140625 0.2578125 0.00703125 0.034375
2 0.31953125 0.12578125 0.00703125 0.03046875
2 0.4234375 0.2421875 0.00859375 0.034375
2 0.2234375 0.0171875 0.0078125 0.034375
2 0.96015625 0.8609375 0.00546875 0.06484375
2 0.74296875 0.61640625 0.00546875 0.06484375
2 0.64140625 0.5 0.00625 0.06875
2 0.57421875 0.4234375 0.00546875 0.0609375
2 0.559375 0.40859375 0.00390625 0.053125
16 0.725 0.5953125 0.00859375 0.03828125
2 0.56875 0.41953125 0.00390625 0.053125
2 0.52578125 0.3703125 0.00703125 0.06875
2 0.96796875 0.88359375 0.00703125 0.034375
2 0.871875 0.77265625 0.0078125 0.034375
2 0.309375 0.1296875 0.00546875 0.0609375
2 0.2078125 0.025 0.00546875 0.05
2 0.75625 0.6453125 0.00859375 0.03046875
2 0.6546875 0.5265625 0.0078125 0.03828125
2 0.53984375 0.39921875 0.00703125 0.034375
2 0.31953125 0.1453125 0.0078125 0.03046875
2 0.440625 0.28828125 0.0078125 0.034375
16 0.94453125 0.871875 0.00546875 0.06484375
2 0.2234375 0.04609375 0.0078125 0.03046875
16 0.97890625 0.9125 0.00625 0.0609375
16 0.97265625 0.90859375 0.0046875 0.0609375
9 0.98671875 0.92734375 0.01015625 0.06875
2 0.853125 0.775 0.01484375 0.06875
9 0.93515625 0.8703125 0.01171875 0.0765625
16 0.99453125 0.940625 0.0046875 0.07265625
2 0.4203125 0.28984375 0.015625 0.06875
16 0.54296875 0.43671875 0.00859375 0.034375
16 0.578125 0.48828125 0.00546875 0.0609375
16 0.56328125 0.4734375 0.00546875 0.0609375
16 0.57265625 0.4828125 0.00546875 0.05703125
16 0.5578125 0.465625 0.00546875 0.053125
16 0.584375 0.49609375 0.00546875 0.0609375
16 0.56796875 0.47890625 0.00546875 0.05703125
16 0.5421875 0.47109375 0.00859375 0.034375
16 0.8859375 0.88203125 0.00859375 0.03828125
16 0.89609375 0.8953125 0.0078125 0.034375
2 0.096875 0.009375 0.00703125 0.01875
2 0.1109375 0.01875 0.00625 0.0375
2 0.090625 0.0078125 0.00546875 0.015625
16 0.9171875 0.93125 0.00546875 0.0609375
2 0.10703125 0.0171875 0.00703125 0.034375
2 0.1015625 0.01328125 0.00546875 0.0265625
16 0.6046875 0.58359375 0.00859375 0.03828125
2 0.1703125 0.09140625 0.0046875 0.0609375
2 0.59375 0.578125 0.00390625 0.05703125
2 0.17421875 0.0953125 0.003125 0.053125
2 0.59765625 0.5859375 0.00390625 0.05703125
9 0.1484375 0.09765625 0.03515625 0.19453125
2 0.1265625 0.04765625 0.00703125 0.0265625
2 0.6125 0.60703125 0.00546875 0.0609375
16 0.6171875 0.61484375 0.00546875 0.06875
16 0.1796875 0.1109375 0.00859375 0.03828125
2 0.7984375 0.8265625 0.015625 0.06484375
16 0.81171875 0.84140625 0.00859375 0.0421875
16 0.8953125 0.93671875 0.00859375 0.034375
16 0.60390625 0.61796875 0.00859375 0.03828125
16 0.24609375 0.20390625 0.0046875 0.06484375
16 0.21640625 0.1734375 0.00546875 0.06484375
16 0.22578125 0.18671875 0.00546875 0.0609375
16 0.2109375 0.16953125 0.00546875 0.06484375
16 0.240625 0.20390625 0.00625 0.05703125
16 0.25078125 0.215625 0.00546875 0.06484375
16 0.28046875 0.2484375 0.00625 0.0609375
20 0.1921875 0.146875 0.00546875 0.06484375
16 0.265625 0.23125 0.00546875 0.06484375
16 0.27109375 0.23828125 0.00546875 0.06484375
16 0.27578125 0.2421875 0.0046875 0.06484375
16 0.2203125 0.1796875 0.0046875 0.0609375
16 0.23125 0.190625 0.00390625 0.0609375
16 0.2359375 0.196875 0.00546875 0.06484375
16 0.2609375 0.22734375 0.00546875 0.06484375
16 0.25546875 0.21953125 0.00546875 0.06484375
2 0.12578125 0.07421875 0.00703125 0.034375
16 0.09453125 0.05 0.00390625 0.0609375
16 0.0859375 0.03984375 0.0046875 0.05703125
16 0.065625 0.025 0.00546875 0.05
16 0.10546875 0.06328125 0.00546875 0.05703125
16 0.08046875 0.034375 0.0046875 0.0609375
16 0.1 0.05703125 0.0046875 0.053125
16 0.0609375 0.02265625 0.00625 0.0453125
16 0.0703125 0.0265625 0.00546875 0.053125
16 0.08984375 0.04609375 0.00390625 0.053125
2 0.965625 0.9734375 0.015625 0.04609375
16 0.11015625 0.06875 0.0046875 0.053125
16 0.075 0.03046875 0.00546875 0.0609375
16 0.0546875 0.01875 0.00625 0.0375
16 0.05 0.0171875 0.00546875 0.034375
2 0.7140625 0.759375 0.00703125 0.03046875
2 0.72734375 0.7828125 0.0078125 0.03046875
2 0.8625 0.93515625 0.00859375 0.10703125
2 0.8703125 0.94609375 0.009375 0.1078125
16 0.04453125 0.015625 0.00625 0.03046875
16 0.03515625 0.01171875 0.009375 0.02265625
16 0.17734375 0.16015625 0.00546875 0.0609375
16 0.1828125 0.16796875 0.0046875 0.0609375
2 0.20546875 0.20234375 0.00390625 0.053125
16 0.8546875 0.946875 0.00546875 0.0609375
16 0.609375 0.671875 0.009375 0.04609375
16 0.00703125 0.01171875 0.00546875 0.02265625
2 0.79765625 0.89140625 0.01484375 0.07265625
16 0.8109375 0.90625 0.009375 0.0421875
2 0.01015625 0.01171875 0.00546875 0.02265625
16 0.84140625 0.95 0.00859375 0.03828125
16 0.190625 0.20625 0.00859375 0.04609375
16 0.27421875 0.30703125 0.00546875 0.06484375
16 0.259375 0.28984375 0.00546875 0.0609375
16 0.2640625 0.29375 0.00546875 0.0609375
16 0.22421875 0.2515625 0.00546875 0.06875
16 0.2546875 0.2859375 0.00546875 0.0609375
16 0.26953125 0.3015625 0.00546875 0.0609375
16 0.2140625 0.23828125 0.00546875 0.06484375
16 0.24921875 0.27890625 0.00546875 0.0609375
16 0.21953125 0.24609375 0.00546875 0.06484375
16 0.2296875 0.2578125 0.00546875 0.06484375
16 0.2453125 0.275 0.00546875 0.06875
16 0.2796875 0.31484375 0.00546875 0.06484375
16 0.209375 0.234375 0.00546875 0.06484375
16 0.234375 0.26328125 0.0046875 0.0609375
16 0.23984375 0.2671875 0.00546875 0.0609375
16 0.60859375 0.70390625 0.00859375 0.034375
16 0.83125 0.9734375 0.00546875 0.04609375
2 0.8390625 0.984375 0.009375 0.02265625
2 0.70859375 0.84765625 0.00703125 0.03046875
16 0.846875 0.98828125 0.00625 0.015625
16 0.60703125 0.74453125 0.00859375 0.03828125
2 0.79609375 0.96953125 0.015625 0.053125
2 0.8203125 0.9828125 0.0140625 0.0265625
2 0.725 0.90859375 0.00703125 0.09140625
16 0.60625 0.78046875 0.009375 0.0421875
9 0.55859375 0.72890625 0.0625 0.45
16 0.51953125 0.68671875 0.01015625 0.053125
16 0.73125 0.9296875 0.0046875 0.06484375
2 0.58984375 0.7765625 0.00390625 0.05703125
2 0.59375 0.7859375 0.0046875 0.0609375
16 0.60625 0.81875 0.009375 0.0421875
16 0.60546875 0.8546875 0.00859375 0.03828125
9 0.74296875 0.97734375 0.0140625 0.03828125
16 0.60390625 0.8890625 0.009375 0.04609375
2 0.5203125 0.803125 0.00390625 0.05703125
2 0.5171875 0.8 0.00390625 0.05703125
16 0.60390625 0.92578125 0.00859375 0.0421875
16 0.60234375 0.96171875 0.00859375 0.03828125
16 0.6015625 0.984375 0.00859375 0.02265625
16 0.5875 0.97109375 0.00703125 0.05
16 0.59140625 0.975 0.00546875 0.0421875
2 0.54609375 0.9828125 0.00390625 0.0265625
2 0.55 0.98671875 0.0046875 0.01875
16 0.53515625 0.97734375 0.00546875 0.03828125
16 0.53046875 0.975 0.00546875 0.0421875
2 0.5921875 0.31640625 0.00703125 0.03828125