16 0.859375 0.2015625 0.0140625 0.00703125
16 0.7859375 0.18671875 0.01484375 0.01015625
2 0.8859375 0.2234375 0.01875 0.0140625
16 0.74921875 0.19375 0.0140625 0.009375
16 0.853125 0.2203125 0.021875 0.0140625
16 0.78125 0.20546875 0.01171875 0.01015625
16 0.7234375 0.19140625 0.01015625 0.01953125
16 0.7109375 0.18984375 0.01015625 0.02578125
2 0.69609375 0.18828125 0.0109375 0.021875
2 0.66640625 0.1890625 0.01796875 0.01484375
2 0.8828125 0.246875 0.0234375 0.01875
2 0.85 0.23984375 0.01484375 0.01015625
16 0.7453125 0.21328125 0.01875 0.01171875
2 0.81015625 0.23203125 0.01875 0.0140625
2 0.77890625 0.22578125 0.021875 0.01484375
16 0.84765625 0.25859375 0.01640625 0.01171875
2 0.878125 0.2671875 0.0234375 0.021875
2 0.74140625 0.2375 0.021875 0.01484375
16 0.71875 0.23984375 0.01015625 0.02109375
16 0.84375 0.271875 0.0125 0.0078125
2 0.6609375 0.22734375 0.0203125 0.01640625
16 0.73671875 0.253125 0.0203125 0.0125
2 0.871875 0.29296875 0.0234375 0.0171875
16 0.83984375 0.290625 0.01484375 0.0078125
2 0.68671875 0.25546875 0.0265625 0.021875
16 0.73359375 0.26953125 0.0234375 0.01484375
16 0.8015625 0.2890625 0.01875 0.01171875
2 0.7640625 0.28125 0.01875 0.01484375
2 0.86953125 0.3125 0.01875 0.0140625
16 0.8375 0.30625 0.0140625 0.009375
16 0.7109375 0.2765625 0.00859375 0.02578125
16 0.76015625 0.29453125 0.01953125 0.0140625
16 0.73203125 0.28828125 0.01796875 0.0125
16 0.79765625 0.30546875 0.02265625 0.0140625
16 0.8375 0.32421875 0.01171875 0.0078125
2 0.8640625 0.33359375 0.01953125 0.01484375
2 0.7265625 0.30625 0.01875 0.01171875
4 0.934375 0.36796875 0.10546875 0.265625
16 0.8625 0.3546875 0.01640625 0.009375
2 0.753125 0.32890625 0.01875 0.0125
9 0.796875 0.340625 0.02890625 0.0265625
2 0.83671875 0.35234375 0.00859375 0.01953125
16 0.72265625 0.32421875 0.015625 0.01171875
2 0.64609375 0.3125 0.0265625 0.02578125
2 0.6859375 0.32578125 0.02734375 0.02421875
16 0.86484375 0.375 0.0125 0.01015625
16 0.746875 0.3453125 0.021875 0.0125
16 0.71953125 0.3421875 0.0140625 0.01015625
16 0.79453125 0.371875 0.01796875 0.0140625
16 0.85859375 0.3890625 0.0140625 0.009375
4 0.340625 0.259375 0.27734375 0.15234375
2 0.75859375 0.36640625 0.01796875 0.0125
16 0.709375 0.3671875 0.00859375 0.01875
2 0.6375 0.35 0.0234375 0.02421875
2 0.6796875 0.36171875 0.02265625 0.01953125
2 0.82890625 0.40859375 0.01171875 0.02421875
16 0.85859375 0.41640625 0.0125 0.02578125
2 0.81015625 0.40546875 0.0109375 0.02578125
16 0.8421875 0.415625 0.01015625 0.02421875
2 0.740625 0.39140625 0.034375 0.03359375
2 0.63203125 0.38515625 0.021875 0.021875
2 0.6734375 0.3953125 0.0203125 0.01953125
2 0.8359375 0.4734375 0.02265625 0.01484375
2 0.8078125 0.46953125 0.01953125 0.0140625
16 0.8359375 0.496875 0.01953125 0.01640625
2 0.81015625 0.49765625 0.01015625 0.02109375
2 0.83203125 0.51015625 0.01953125 0.0125
16 0.7203125 0.09296875 0.01796875 0.01015625
16 0.86953125 0.13046875 0.01640625 0.01171875
2 0.8984375 0.13828125 0.02421875 0.01953125
16 0.84140625 0.125 0.0125 0.01015625
2 0.775 0.109375 0.02265625 0.01640625
16 0.81015625 0.11796875 0.015625 0.01015625
16 0.4265625 0.515625 0.01640625 0.01484375
16 0.36796875 0.50859375 0.01640625 0.01484375
16 0.05703125 0.43125 0.01953125 0.0140625
2 0.15234375 0.459375 0.034375 0.0234375
16 0.38828125 0.52578125 0.01484375 0.01640625
16 0.0875 0.4625 0.01171875 0.028125
16 0.15 0.4828125 0.01875 0.01171875
16 0.4703125 0.565625 0.0109375 0.02421875
16 0.4859375 0.5703125 0.01015625 0.02109375
16 0.50078125 0.57265625 0.00703125 0.01953125
2 0.5203125 0.57890625 0.0203125 0.01953125
9 0.0546875 0.46171875 0.0265625 0.0375
16 0.45546875 0.56328125 0.01171875 0.0265625
16 0.43515625 0.57265625 0.00859375 0.01953125
16 0.42265625 0.5703125 0.0109375 0.021875
16 0.8078125 0.67265625 0.0109375 0.02109375
16 0.79453125 0.66953125 0.01015625 0.02421875
16 0.40390625 0.57421875 0.01171875 0.0125
2 0.38203125 0.56953125 0.01171875 0.021875
16 0.325 0.55625 0.01484375 0.01953125
16 0.34921875 0.5625 0.0125 0.01484375
2 0.36796875 0.56796875 0.01171875 0.02109375
2 0.6125 0.634375 0.01953125 0.0140625
2 0.49375 0.6140625 0.00859375 0.02109375
2 0.50859375 0.6203125 0.00859375 0.02109375
16 0.546875 0.63203125 0.0203125 0.028125
2 0.28359375 0.565625 0.01171875 0.02421875
2 0.3 0.571875 0.0140625 0.0265625
9 0.04296875 0.5125 0.02578125 0.040625
16 0.7609375 0.69375 0.01015625 0.021875
16 0.77421875 0.6984375 0.01015625 0.0234375
2 0.78828125 0.70390625 0.01015625 0.01875
2 0.80390625 0.7078125 0.01015625 0.01953125
2 0.7390625 0.11484375 0.01953125 0.03828125
2 0.67890625 0.678125 0.01171875 0.0234375
16 0.71484375 0.109375 0.01953125 0.01171875
2 0.08671875 0.54296875 0.0296875 0.01875
2 0.55859375 0.66875 0.00859375 0.02109375
2 0.7640625 0.721875 0.0125 0.0078125
16 0.83671875 0.14140625 0.01484375 0.01015625
2 0.5453125 0.66796875 0.01015625 0.0234375
2 0.1359375 0.56796875 0.01875 0.01171875
2 0.51796875 0.66484375 0.01015625 0.01953125
2 0.50234375 0.66328125 0.00703125 0.01875
16 0.78359375 0.73515625 0.0109375 0.02421875
16 0.865625 0.15 0.01484375 0.01015625
9 0.71328125 0.721875 0.05 0.059375
16 0.08046875 0.56328125 0.0203125 0.0125
2 0.66484375 0.7109375 0.01875 0.0140625
16 0.27265625 0.61171875 0.0140625 0.01875
16 0.7609375 0.73984375 0.0125 0.01015625
16 0.81015625 0.13671875 0.01640625 0.01171875
16 0.134375 0.58828125 0.01484375 0.01171875
16 0.5625 0.696875 0.0203125 0.0140625
16 0.53515625 0.690625 0.0125 0.0078125
16 0.75859375 0.7546875 0.01484375 0.0125
16 0.50625 0.690625 0.01875 0.0125
16 0.66171875 0.73046875 0.01875 0.01015625
2 0.8953125 0.16015625 0.021875 0.0171875
16 0.26796875 0.63515625 0.0140625 0.01875
16 0.778125 0.77109375 0.0109375 0.02421875
16 0.0046875 0.58046875 0.009375 0.0234375
16 0.66015625 0.746875 0.0140625 0.009375
2 0.75703125 0.771875 0.015625 0.01015625
16 0.5515625 0.72578125 0.01953125 0.028125
9 0.1296875 0.62265625 0.0296875 0.04453125
16 0.2640625 0.6609375 0.0140625 0.01875
16 0.7703125 0.79921875 0.01953125 0.0125
2 0.7375 0.79296875 0.015625 0.0125
16 0.71484375 0.790625 0.0109375 0.021875
16 0.7 0.7875 0.0109375 0.02578125
16 0.68828125 0.7859375 0.01171875 0.0234375
2 0.67109375 0.7828125 0.01171875 0.0265625
2 0.6484375 0.77734375 0.0109375 0.0234375
9 0.38515625 0.7125 0.2046875 0.23984375
4 0.85546875 0.834375 0.1015625 0.2703125
2 0.50078125 0.746875 0.01015625 0.0234375
2 0.515625 0.75078125 0.00859375 0.021875
16 0.26015625 0.6875 0.0140625 0.01875
16 0.00078125 0.6203125 0.0015625 0.025
16 0.54609375 0.76171875 0.01953125 0.02890625
16 0.73203125 0.81171875 0.01484375 0.01015625
2 0.11953125 0.6625 0.0265625 0.01953125
9 0.0546875 0.65 0.0328125 0.06875
2 0.7265625 0.8296875 0.01953125 0.0140625
16 0.2546875 0.7140625 0.01171875 0.01875
16 0.1640625 0.69609375 0.01484375 0.01015625
16 0.19453125 0.70625 0.01640625 0.009375
2 0.07734375 0.68125 0.00859375 0.021875
16 0.5359375 0.8015625 0.0203125 0.028125
16 0.16015625 0.71171875 0.015625 0.01015625
16 0.18828125 0.7203125 0.01640625 0.01171875
16 0.78515625 0.14296875 0.0109375 0.021875
4 0.40078125 0.046875 0.1109375 0.0765625
16 0.25078125 0.7375 0.00859375 0.0140625
16 0.7640625 0.13828125 0.01640625 0.0125
16 0.1859375 0.7359375 0.0140625 0.01015625
16 0.15625 0.73046875 0.01796875 0.0125
2 0.7125 0.1265625 0.01796875 0.0125
16 0.11484375 0.728125 0.0203125 0.01171875
16 0.0703125 0.71875 0.0203125 0.0125
16 0.5296875 0.840625 0.02265625 0.0328125
16 0.184375 0.75390625 0.01484375 0.00703125
16 0.1546875 0.746875 0.02421875 0.0140625
16 0.034375 0.7171875 0.01015625 0.021875
16 0.23046875 0.76953125 0.01640625 0.01484375
16 0.00234375 0.71171875 0.0046875 0.02890625
16 0.2546875 0.7828125 0.01953125 0.0125
16 0.8625 0.1671875 0.0125 0.01015625
16 0.8328125 0.159375 0.015625 0.0125
16 0.1796875 0.7703125 0.01875 0.01171875
16 0.15078125 0.76640625 0.01640625 0.01015625
16 0.22578125 0.78671875 0.0125 0.009375
16 0.25390625 0.80234375 0.021875 0.01484375
16 0.8078125 0.1546875 0.01875 0.01171875
16 0.52578125 0.878125 0.021875 0.02890625
2 0.47265625 0.865625 0.0109375 0.0234375
16 0.22109375 0.80390625 0.01640625 0.01484375
2 0.46328125 0.86484375 0.00859375 0.02109375
2 0.24921875 0.81796875 0.01875 0.01015625
2 0.21953125 0.821875 0.021875 0.01640625
2 0.359375 0.859375 0.01796875 0.01015625
16 0.3921875 0.87890625 0.0265625 0.028125
16 0.4203125 0.8890625 0.02734375 0.0328125
2 0.3609375 0.8765625 0.01640625 0.01171875
16 0.5171875 0.9171875 0.01875 0.02109375
16 0.4578125 0.903125 0.0125 0.02578125
16 0.4453125 0.9 0.0125 0.02421875
2 0.89453125 0.18203125 0.0234375 0.01953125
16 0.2953125 0.87265625 0.02734375 0.03046875
16 0.3265625 0.88046875 0.0265625 0.0265625
16 0.2296875 0.86015625 0.0265625 0.03046875
16 0.25859375 0.8671875 0.02578125 0.028125
16 0.8609375 0.184375 0.01484375 0.01015625
2 0.7890625 0.1703125 0.01640625 0.01171875
9 0.7390625 0.15859375 0.0484375 0.0328125
16 0.67890625 0.14375 0.01796875 0.01015625
16 0.70078125 0.15390625 0.0140625 0.02578125
2 0.82265625 0.18515625 0.034375 0.03046875
2 0.8875 0.203125 0.01953125 0.0140625