1 0.7734375 0.2359375 0.00390625 0.059375
1 0.69453125 0.24140625 0.003125 0.05703125
1 0.87890625 0.24140625 0.003125 0.046875
1 0.53203125 0.24140625 0.003125 0.0515625
1 0.76171875 0.24375 0.003125 0.05546875
15 0.87421875 0.24140625 0.003125 0.05234375
15 0.8703125 0.2421875 0.003125 0.053125
15 0.88359375 0.24375 0.003125 0.0515625
1 0.58515625 0.24375 0.00234375 0.05703125
1 0.74609375 0.24453125 0.003125 0.053125
1 0.1015625 0.24609375 0.003125 0.05546875
1 0.7546875 0.24609375 0.003125 0.05703125
1 0.09609375 0.24609375 0.003125 0.0515625
1 0.3640625 0.246875 0.003125 0.04921875
1 0.5453125 0.2484375 0.003125 0.0515625
1 0.7109375 0.24609375 0.003125 0.04765625
15 0.20546875 0.24765625 0.00234375 0.05
15 0.209375 0.2484375 0.003125 0.0515625
15 0.2015625 0.2484375 0.003125 0.05234375
1 0.42578125 0.24921875 0.003125 0.0578125
1 0.19765625 0.24921875 0.003125 0.053125
1 0.7984375 0.25078125 0.003125 0.046875
1 0.25859375 0.25078125 0.003125 0.05234375
1 0.24453125 0.25078125 0.003125 0.05625
1 0.253125 0.2515625 0.00234375 0.05390625
1 0.7859375 0.2515625 0.003125 0.05390625
15 0.80234375 0.2515625 0.003125 0.0484375
1 0.79375 0.25078125 0.003125 0.04765625
1 0.38046875 0.253125 0.003125 0.05234375
15 0.21875 0.25234375 0.003125 0.05078125
1 0.2140625 0.25390625 0.003125 0.04921875
1 0.48671875 0.28046875 0.003125 0.0546875
1 0.48125 0.28203125 0.003125 0.0578125
1 0.49921875 0.29921875 0.0078125 0.02265625
1 0.03046875 0.31171875 0.0078125 0.0234375
15 0.2484375 0.39609375 0.00859375 0.02890625
15 0.2140625 0.3953125 0.00390625 0.0515625
1 0.7953125 0.43671875 0.00703125 0.025
15 0.80234375 0.4375 0.00234375 0.059375
1 0.70390625 0.44375 0.003125 0.05859375
1 0.69609375 0.44375 0.003125 0.053125
1 0.7 0.44453125 0.00234375 0.059375
15 0.77578125 0.44609375 0.00703125 0.021875
15 0.78515625 0.4484375 0.0078125 0.02109375
1 0.7765625 0.471875 0.00625 0.02109375
15 0.98671875 0.48359375 0.003125 0.053125
15 0.4515625 0.48359375 0.0078125 0.015625
1 0.44140625 0.48359375 0.00703125 0.021875
15 0.79140625 0.48359375 0.003125 0.053125
1 0.7953125 0.48203125 0.003125 0.0515625
15 0.89453125 0.4875 0.003125 0.05234375
15 0.8984375 0.4875 0.003125 0.05234375
15 0.90234375 0.48984375 0.00234375 0.046875
1 0.52734375 0.4953125 0.00859375 0.021875
15 0.8015625 0.5 0.00234375 0.04453125
9 0.49296875 0.5109375 0.0484375 0.34296875
1 0.9921875 0.515625 0.00546875 0.08984375
15 0.76953125 0.51640625 0.003125 0.04921875
1 0.765625 0.5171875 0.003125 0.05078125
15 0.78125 0.5171875 0.003125 0.05078125
1 0.7765625 0.51875 0.003125 0.05390625
15 0.7734375 0.51875 0.00234375 0.04921875
1 0.7609375 0.521875 0.003125 0.0515625
15 0.78671875 0.521875 0.00234375 0.0515625
1 0.528125 0.521875 0.0078125 0.0234375
15 0.83046875 0.5234375 0.00234375 0.0484375
15 0.90546875 0.5234375 0.003125 0.0484375
15 0.434375 0.525 0.003125 0.05625
1 0.46015625 0.525 0.003125 0.05703125
15 0.43828125 0.52578125 0.00234375 0.05390625
15 0.44609375 0.5265625 0.003125 0.05546875
15 0.45390625 0.5265625 0.00234375 0.05546875
15 0.44296875 0.53046875 0.003125 0.053125
15 0.675 0.54140625 0.00390625 0.05234375
1 0.9828125 0.540625 0.003125 0.05078125
15 0.98671875 0.54453125 0.003125 0.05390625
15 0.821875 0.54921875 0.003125 0.05390625
15 0.825 0.5546875 0.003125 0.0515625
15 0.7734375 0.57734375 0.00703125 0.01640625
15 0.89453125 0.5890625 0.003125 0.05390625
15 0.8984375 0.590625 0.003125 0.0578125
1 0.52421875 0.60078125 0.0078125 0.021875
1 0.546875 0.60859375 0.00546875 0.08828125
9 0.796875 0.61015625 0.0140625 0.0953125
1 0.825 0.61328125 0.0125 0.03671875
1 0.83515625 0.61484375 0.00625 0.08203125
1 0.81640625 0.61640625 0.003125 0.053125
1 0.8421875 0.61484375 0.00546875 0.0828125
1 0.8484375 0.61484375 0.00546875 0.0828125
15 0.7796875 0.62578125 0.003125 0.04765625
15 0.77578125 0.6296875 0.00234375 0.05078125
1 0.52421875 0.62890625 0.0078125 0.021875
1 0.76484375 0.63828125 0.00546875 0.08203125
1 0.77109375 0.63828125 0.00546875 0.08203125
1 0.52421875 0.6578125 0.0078125 0.0234375
15 0.8171875 0.65859375 0.0078125 0.0140625
1 0.459375 0.66640625 0.00703125 0.02109375
1 0.8640625 0.675 0.00625 0.0859375
1 0.87109375 0.67578125 0.00625 0.08671875
15 0.44609375 0.68828125 0.003125 0.05078125
15 0.4421875 0.68828125 0.003125 0.05546875
15 0.95078125 0.703125 0.003125 0.053125
15 0.9546875 0.70546875 0.003125 0.05234375
1 0.85 0.70859375 0.00625 0.08203125
1 0.825 0.7296875 0.00703125 0.02109375
1 0.81640625 0.73203125 0.0078125 0.021875
15 0.4703125 0.7328125 0.00703125 0.01796875
15 0.490625 0.7328125 0.0078125 0.01875
15 0.5015625 0.734375 0.00703125 0.01640625
15 0.78125 0.7421875 0.003125 0.05546875
1 0.76796875 0.746875 0.00390625 0.0515625
15 0.7765625 0.746875 0.003125 0.0515625
1 0.77265625 0.74765625 0.00390625 0.053125
15 0.4765625 0.7578125 0.00703125 0.0171875
15 0.49609375 0.7578125 0.00703125 0.0171875
15 0.5109375 0.7578125 0.0078125 0.0171875
15 0.81640625 0.75859375 0.0078125 0.01796875
15 0.825 0.76015625 0.00703125 0.01640625
15 0.46484375 0.7609375 0.00703125 0.02265625
15 0.4859375 0.7609375 0.00703125 0.0140625
1 0.57109375 0.7609375 0.00546875 0.0890625
1 0.81640625 0.7859375 0.00703125 0.0171875
15 0.86171875 0.79296875 0.003125 0.0546875
15 0.8703125 0.7921875 0.003125 0.053125
15 0.86640625 0.79453125 0.003125 0.05234375
1 0.82265625 0.80546875 0.003125 0.05078125
1 0.784375 0.82265625 0.00625 0.08984375
1 0.77734375 0.82421875 0.00546875 0.0890625
15 0.80625 0.8671875 0.003125 0.04453125
15 0.8109375 0.8671875 0.003125 0.053125
15 0.87890625 0.87109375 0.003125 0.05546875
15 0.875 0.871875 0.003125 0.053125
1 0.8828125 0.8734375 0.00390625 0.05703125
15 0.67265625 0.87578125 0.003125 0.05703125
15 0.6765625 0.8765625 0.003125 0.05234375
15 0.8390625 0.87890625 0.003125 0.05234375
15 0.846875 0.8796875 0.003125 0.05390625
1 0.8359375 0.88125 0.00234375 0.0484375
15 0.84296875 0.88125 0.003125 0.0578125
1 0.86953125 0.88828125 0.00546875 0.090625
4 0.50625 0.934375 0.1171875 0.1078125
1 0.79296875 0.1796875 0.00859375 0.02734375
1 0.9125 0.1875 0.00703125 0.01875
1 0.8 0.19375 0.003125 0.04921875
1 0.78671875 0.19375 0.003125 0.04921875
1 0.84375 0.1953125 0.003125 0.05390625
1 0.87265625 0.19609375 0.00703125 0.02265625
1 0.203125 0.20234375 0.0078125 0.02109375
1 0.79296875 0.20625 0.009375 0.0234375
15 0.828125 0.21328125 0.003125 0.05234375
1 0.9109375 0.2171875 0.00703125 0.01796875
15 0.62578125 0.22265625 0.003125 0.05546875
15 0.62109375 0.2234375 0.0046875 0.0578125
1 0.03125 0.2265625 0.0078125 0.02265625
1 0.92265625 0.23203125 0.00234375 0.0515625