16 0.02109375 0.7609375 0.00859375 0.03203125
2 0.4546875 0.45859375 0.00859375 0.03203125
16 0.8578125 0.0203125 0.00625 0.040625
16 0.02265625 0.96640625 0.00703125 0.02265625
16 0.0265625 0.9890625 0.009375 0.015625
16 0.41015625 0.56875 0.003125 0.04140625
16 0.39609375 0.5828125 0.003125 0.04453125
16 0.40078125 0.5765625 0.003125 0.04453125
16 0.40546875 0.5765625 0.003125 0.04453125
16 0.415625 0.565625 0.0046875 0.06015625
16 0.42421875 0.55234375 0.0046875 0.05390625
16 0.43359375 0.54296875 0.0046875 0.05390625
16 0.35625 0.63046875 0.003125 0.04453125
16 0.42890625 0.54921875 0.0046875 0.05390625
16 0.41953125 0.56015625 0.0046875 0.05703125
16 0.36875 0.61640625 0.00390625 0.04140625
16 0.43828125 0.53671875 0.00390625 0.05390625
16 0.38515625 0.61171875 0.009375 0.03203125
16 0.26796875 0.7453125 0.00859375 0.03203125
2 0.25625 0.759375 0.01015625 0.04140625
16 0.2984375 0.71171875 0.00859375 0.02890625
16 0.315625 0.69453125 0.00859375 0.03203125
16 0.278125 0.7390625 0.00859375 0.03203125
2 0.0453125 0.990625 0.009375 0.0125
16 0.38671875 0.64453125 0.00859375 0.03515625
9 0.49296875 0.52890625 0.06328125 0.39453125
16 0.3078125 0.75 0.0046875 0.05390625
2 0.31484375 0.7421875 0.0046875 0.0640625
2 0.31953125 0.7375 0.0046875 0.05390625
16 0.29765625 0.7625 0.0046875 0.05390625
2 0.30234375 0.7546875 0.0046875 0.05703125
16 0.2921875 0.7671875 0.0046875 0.05703125
2 0.3375 0.71953125 0.0046875 0.05703125
2 0.33203125 0.72578125 0.0046875 0.05703125
16 0.27890625 0.78515625 0.00859375 0.03515625
16 0.3265625 0.7328125 0.0046875 0.05703125
2 0.2578125 0.80859375 0.01171875 0.04453125
2 0.459375 0.58125 0.0078125 0.02890625
16 0.26875 0.79609375 0.00859375 0.03203125
2 0.09765625 0.984375 0.00546875 0.02578125
2 0.08671875 0.990625 0.00546875 0.0125
2 0.09296875 0.9875 0.0046875 0.01875
2 0.1203125 0.97109375 0.0046875 0.05078125
2 0.11484375 0.97421875 0.0046875 0.04453125
2 0.103125 0.98125 0.00546875 0.03203125
2 0.13046875 0.96484375 0.0046875 0.05703125
2 0.1421875 0.95390625 0.0046875 0.05390625
2 0.109375 0.9796875 0.0046875 0.03515625
2 0.1359375 0.96171875 0.00390625 0.05703125
16 0.42265625 0.63984375 0.003125 0.04453125
2 0.12578125 0.97109375 0.0046875 0.05078125
16 0.43203125 0.63046875 0.003125 0.04453125
2 0.14765625 0.94921875 0.0046875 0.05703125
16 0.44140625 0.62265625 0.00390625 0.04765625
16 0.43671875 0.62734375 0.003125 0.04453125
16 0.44609375 0.61640625 0.003125 0.04140625
16 0.42734375 0.63671875 0.003125 0.04453125
2 0.453125 0.61171875 0.00390625 0.05078125
16 0.3875 0.6859375 0.00859375 0.02890625
2 0.2015625 0.89453125 0.0046875 0.05703125
2 0.41171875 0.659375 0.0046875 0.05703125
16 0.2078125 0.89140625 0.0046875 0.05703125
16 0.196875 0.903125 0.00546875 0.06015625
16 0.240625 0.87109375 0.00546875 0.05390625
16 0.30078125 0.80234375 0.00859375 0.03203125
2 0.37890625 0.7296875 0.00625 0.0703125
2 0.38984375 0.72578125 0.01171875 0.04453125
2 0.46171875 0.65 0.00859375 0.03203125
2 0.3484375 0.77734375 0.0046875 0.05703125
2 0.28828125 0.86640625 0.0109375 0.04453125
2 0.30625 0.84375 0.0109375 0.04453125
16 0.409375 0.7328125 0.00859375 0.03203125
16 0.22265625 0.95390625 0.0046875 0.05390625
2 0.2421875 0.9328125 0.00546875 0.05703125
16 0.2 0.97578125 0.00546875 0.04140625
2 0.1890625 0.9875 0.015625 0.01875
16 0.44921875 0.71484375 0.003125 0.04765625
16 0.4296875 0.7390625 0.003125 0.04453125
16 0.4390625 0.7296875 0.003125 0.04453125
16 0.42578125 0.74375 0.003125 0.04765625
16 0.44375 0.72265625 0.003125 0.04453125
16 0.41953125 0.753125 0.0046875 0.06015625
16 0.43515625 0.7375 0.003125 0.04765625
16 0.41015625 0.7703125 0.0078125 0.02578125
2 0.2890625 0.925 0.01015625 0.04140625
2 0.3078125 0.9046875 0.0109375 0.04453125
2 0.27578125 0.94140625 0.0046875 0.05390625
2 0.36328125 0.85703125 0.00625 0.0703125
2 0.36953125 0.846875 0.0046875 0.05703125
2 0.35546875 0.86484375 0.00703125 0.0734375
16 0.4109375 0.80390625 0.0078125 0.02890625
16 0.26875 0.96328125 0.00859375 0.02890625
16 0.2578125 0.97734375 0.009375 0.03203125
2 0.4640625 0.753125 0.00859375 0.03515625
16 0.4125 0.83125 0.009375 0.03203125
16 0.53828125 0.69140625 0.00859375 0.03203125
2 0.571875 0.6578125 0.00859375 0.03515625
16 0.55234375 0.69453125 0.0046875 0.05703125
2 0.503125 0.75625 0.00546875 0.05390625
2 0.53828125 0.7296875 0.00859375 0.03203125
2 0.57265625 0.68984375 0.00703125 0.02265625
2 0.3984375 0.94296875 0.00859375 0.1015625
2 0.390625 0.96484375 0.00703125 0.0640625
2 0.38359375 0.97578125 0.0046875 0.04140625
2 0.3765625 0.97578125 0.00703125 0.04140625
2 0.071875 0.60546875 0.0109375 0.04453125
2 0.0359375 0.65 0.00859375 0.03203125
2 0.05703125 0.62265625 0.00859375 0.03515625
2 0.19140625 0.47734375 0.009375 0.03203125
2 0.24609375 0.41875 0.0109375 0.04140625
2 0.23203125 0.43828125 0.00859375 0.03515625
2 0.01796875 0.678125 0.00859375 0.03203125
2 0.21015625 0.46171875 0.00859375 0.03828125
2 0.3640625 0.28828125 0.00859375 0.03515625
2 0.41875 0.2328125 0.0109375 0.04453125
2 0.38359375 0.27265625 0.00859375 0.03515625
2 0.40390625 0.25 0.009375 0.03515625
2 0.5375 0.1015625 0.00859375 0.03203125
2 0.5921875 0.04765625 0.0125 0.05078125
2 0.55546875 0.0890625 0.00859375 0.03828125
2 0.57734375 0.06875 0.009375 0.03515625
2 0.0203125 0.73125 0.00859375 0.02890625
2 0.03125 0.71953125 0.00859375 0.03203125