2 0.44453125 0.434375 0.009375 0.03046875
16 0.87265625 0.10234375 0.0046875 0.0640625
16 0.396875 0.53203125 0.003125 0.04375
16 0.3828125 0.54375 0.00390625 0.046875
16 0.3875 0.540625 0.00390625 0.046875
16 0.3921875 0.53671875 0.00390625 0.046875
16 0.40234375 0.53203125 0.0046875 0.0640625
16 0.41171875 0.521875 0.00390625 0.05703125
16 0.421875 0.51484375 0.00390625 0.05703125
16 0.33984375 0.58046875 0.00390625 0.046875
16 0.4171875 0.51875 0.0046875 0.05703125
16 0.40703125 0.5265625 0.00390625 0.06015625
16 0.353125 0.56875 0.00390625 0.04375
16 0.42734375 0.51015625 0.00390625 0.05390625
16 0.3703125 0.56875 0.01015625 0.03046875
16 0.24609375 0.66953125 0.00859375 0.03046875
2 0.234375 0.678125 0.0109375 0.040625
16 0.27890625 0.64453125 0.00859375 0.0265625
16 0.296875 0.6328125 0.009375 0.03046875
16 0.25703125 0.66640625 0.00859375 0.03046875
2 0.0109375 0.859375 0.009375 0.0265625
16 0.37109375 0.60390625 0.009375 0.03359375
9 0.48515625 0.5203125 0.0640625 0.40234375
16 0.28828125 0.6859375 0.00390625 0.05703125
2 0.2953125 0.68125 0.0046875 0.0671875
2 0.30078125 0.6796875 0.00390625 0.05703125
16 0.27734375 0.69609375 0.00390625 0.05703125
2 0.2828125 0.69140625 0.0046875 0.06015625
16 0.271875 0.7015625 0.00390625 0.06015625
2 0.31953125 0.66796875 0.0046875 0.06015625
2 0.3140625 0.67109375 0.0046875 0.06015625
16 0.2578125 0.71484375 0.009375 0.03359375
16 0.3078125 0.67421875 0.0046875 0.06015625
2 0.23515625 0.73359375 0.01171875 0.04375
2 0.4484375 0.5640625 0.00859375 0.0265625
16 0.246875 0.7234375 0.00859375 0.03046875
16 0.03125 0.89765625 0.00390625 0.05703125
16 0.00859375 0.9140625 0.003125 0.04375
16 0.0140625 0.91640625 0.00390625 0.046875
2 0.04921875 0.89453125 0.00390625 0.05
2 0.065625 0.88125 0.0046875 0.0640625
2 0.05390625 0.8890625 0.0046875 0.06015625
2 0.06015625 0.884375 0.00390625 0.0640625
2 0.0890625 0.8609375 0.00390625 0.0640625
2 0.08359375 0.865625 0.00390625 0.06015625
2 0.04296875 0.89921875 0.0046875 0.06015625
2 0.07109375 0.87578125 0.0046875 0.06015625
2 0.10078125 0.85234375 0.0046875 0.06015625
2 0.1125 0.84375 0.00390625 0.05703125
2 0.078125 0.87109375 0.00390625 0.05703125
2 0.10625 0.85078125 0.00390625 0.05703125
16 0.409375 0.6140625 0.00390625 0.046875
2 0.0953125 0.859375 0.00390625 0.06015625
16 0.41875 0.60390625 0.00390625 0.046875
2 0.11796875 0.8421875 0.00390625 0.06015625
16 0.4296875 0.59921875 0.00390625 0.05
16 0.02265625 0.91953125 0.00703125 0.0203125
16 0.4234375 0.60390625 0.00390625 0.046875
16 0.434375 0.5953125 0.003125 0.04375
16 0.41484375 0.6109375 0.00390625 0.046875
2 0.44140625 0.5953125 0.00390625 0.05
16 0.371875 0.64765625 0.009375 0.0265625
2 0.17578125 0.80234375 0.0046875 0.06015625
2 0.39765625 0.62734375 0.00390625 0.06015625
16 0.18203125 0.80234375 0.0046875 0.06015625
16 0.1703125 0.81015625 0.00546875 0.0640625
16 0.21640625 0.790625 0.00546875 0.05703125
16 0.28046875 0.73984375 0.009375 0.03046875
2 0.02890625 0.94765625 0.00859375 0.03046875
2 0.3625 0.69140625 0.00625 0.0734375
2 0.3734375 0.69296875 0.01171875 0.04375
2 0.45 0.6359375 0.00859375 0.03046875
2 0.33046875 0.73125 0.0046875 0.06015625
16 0.04375 0.97109375 0.00390625 0.05703125
16 0.05 0.96796875 0.00390625 0.05703125
16 0.03828125 0.96953125 0.0046875 0.05390625
16 0.07890625 0.94453125 0.0046875 0.05703125
16 0.11328125 0.91796875 0.00390625 0.0640625
16 0.090625 0.9359375 0.0046875 0.06015625
16 0.0671875 0.9546875 0.00390625 0.05703125
16 0.06171875 0.95625 0.00390625 0.05390625
16 0.07265625 0.95 0.00390625 0.06015625
16 0.084375 0.93984375 0.00390625 0.06015625
16 0.10234375 0.92421875 0.00390625 0.05703125
16 0.1078125 0.92265625 0.0046875 0.06015625
16 0.11875 0.9140625 0.0046875 0.0640625
16 0.09609375 0.934375 0.00390625 0.0640625
2 0.26640625 0.80390625 0.0109375 0.04375
2 0.2859375 0.78671875 0.0109375 0.04375
2 0.02734375 0.98125 0.01640625 0.03046875
16 0.39453125 0.70625 0.009375 0.03046875
16 0.196875 0.87109375 0.0046875 0.05703125
2 0.2171875 0.859375 0.00546875 0.06015625
16 0.17265625 0.89609375 0.0046875 0.06015625
2 0.16171875 0.91640625 0.01484375 0.05390625
16 0.43671875 0.7 0.00390625 0.05
16 0.415625 0.71796875 0.00390625 0.046875
16 0.42578125 0.71171875 0.00390625 0.046875
16 0.41171875 0.7234375 0.00390625 0.05
16 0.43125 0.7078125 0.00390625 0.046875
16 0.4046875 0.7296875 0.0046875 0.0640625
16 0.421875 0.71953125 0.00390625 0.05
16 0.3953125 0.7453125 0.0078125 0.0265625
2 0.2671875 0.865625 0.0109375 0.040625
2 0.2875 0.85078125 0.0109375 0.04375
2 0.25390625 0.87734375 0.0046875 0.05703125
2 0.3453125 0.81875 0.00625 0.0734375
2 0.35234375 0.81171875 0.0046875 0.06015625
2 0.33671875 0.82578125 0.00703125 0.0734375
16 0.39609375 0.78203125 0.00859375 0.0265625
16 0.24609375 0.89921875 0.00859375 0.0265625
16 0.234375 0.9109375 0.01015625 0.03046875
16 0.1984375 0.94140625 0.00390625 0.0640625
2 0.4515625 0.7453125 0.009375 0.03359375
16 0.15703125 0.975 0.00546875 0.04375
16 0.17421875 0.96796875 0.00546875 0.05703125
2 0.18125 0.96953125 0.0046875 0.06015625
16 0.39765625 0.81015625 0.01015625 0.03046875
16 0.53046875 0.70625 0.00859375 0.03046875
2 0.565625 0.68125 0.009375 0.03359375
16 0.5453125 0.71484375 0.00390625 0.06015625
2 0.49296875 0.76328125 0.00546875 0.05703125
2 0.253125 0.9578125 0.009375 0.03046875
2 0.53046875 0.746875 0.00859375 0.03046875
2 0.56640625 0.71953125 0.00703125 0.0234375
2 0.23046875 0.98515625 0.009375 0.0234375
2 0.38125 0.92109375 0.00859375 0.10390625
2 0.37265625 0.95 0.00625 0.0734375
2 0.365625 0.96171875 0.00390625 0.05703125
2 0.35859375 0.96328125 0.00703125 0.0671875
2 0.04140625 0.4515625 0.0109375 0.04375
2 0.0046875 0.48671875 0.00859375 0.03359375
2 0.0265625 0.46640625 0.009375 0.03359375
2 0.16875 0.3609375 0.01015625 0.03046875
2 0.2265625 0.31875 0.01171875 0.040625
2 0.2109375 0.33203125 0.009375 0.03359375
2 0.18828125 0.35078125 0.009375 0.03671875
2 0.3515625 0.22109375 0.00859375 0.03359375
2 0.409375 0.1828125 0.0109375 0.04375
2 0.37109375 0.21484375 0.00859375 0.03359375
2 0.39375 0.19453125 0.01015625 0.03359375
2 0.534375 0.0890625 0.00859375 0.03046875
2 0.5921875 0.0484375 0.0125 0.05
2 0.5546875 0.07890625 0.009375 0.03671875
2 0.57734375 0.0640625 0.01015625 0.03359375
2 0.0015625 0.55703125 0.003125 0.03359375