15 0.0328125 0.23671875 0.00859375 0.021875
1 0.459375 0.41640625 0.00859375 0.0234375
15 0.86015625 0.421875 0.00390625 0.05703125
15 0.02890625 0.43828125 0.00625 0.01796875
15 0.03203125 0.46953125 0.00859375 0.021875
15 0.41328125 0.4703125 0.00234375 0.0421875
15 0.39921875 0.4703125 0.00234375 0.04140625
15 0.40390625 0.47109375 0.003125 0.04296875
15 0.4078125 0.4734375 0.00234375 0.04296875
15 0.41796875 0.47421875 0.00390625 0.0578125
15 0.42734375 0.4734375 0.003125 0.05234375
15 0.43671875 0.47265625 0.003125 0.05078125
15 0.359375 0.475 0.00234375 0.0421875
15 0.43203125 0.4734375 0.00390625 0.0515625
15 0.42265625 0.47421875 0.003125 0.05390625
15 0.371875 0.47421875 0.003125 0.040625
15 0.44140625 0.475 0.00234375 0.05
15 0.38828125 0.4890625 0.00859375 0.025
15 0.27109375 0.490625 0.0078125 0.0234375
1 0.26015625 0.490625 0.01015625 0.0328125
15 0.3015625 0.49140625 0.0078125 0.02109375
15 0.31875 0.4921875 0.00859375 0.02265625
15 0.28125 0.49296875 0.0078125 0.02421875
1 0.05 0.4953125 0.00859375 0.0203125
15 0.38828125 0.52265625 0.00859375 0.02578125
9 0.49453125 0.525 0.05390625 0.334375
15 0.31015625 0.5359375 0.003125 0.05234375
1 0.31640625 0.5375 0.00390625 0.059375
1 0.321875 0.5375 0.003125 0.05078125
15 0.29921875 0.53828125 0.003125 0.05234375
1 0.30390625 0.53671875 0.003125 0.053125
15 0.29375 0.5390625 0.003125 0.053125
1 0.33984375 0.5390625 0.00390625 0.05390625
1 0.33359375 0.5390625 0.003125 0.05390625
15 0.28046875 0.53828125 0.00859375 0.02578125
15 0.328125 0.5390625 0.00390625 0.05390625
1 0.26015625 0.53984375 0.0109375 0.03203125
1 0.46015625 0.540625 0.0078125 0.0203125
15 0.27109375 0.54140625 0.0078125 0.02265625
15 0.06796875 0.54296875 0.003125 0.05234375
15 0.046875 0.54296875 0.00234375 0.04375
15 0.05234375 0.54765625 0.00234375 0.04296875
1 0.08359375 0.55 0.003125 0.0484375
1 0.10078125 0.5515625 0.00390625 0.05625
1 0.0890625 0.5515625 0.00390625 0.05625
1 0.0953125 0.553125 0.003125 0.05859375
1 0.12265625 0.5515625 0.003125 0.05625
1 0.11640625 0.55234375 0.003125 0.05390625
1 0.07890625 0.55234375 0.003125 0.053125
1 0.10546875 0.55234375 0.00390625 0.05390625
1 0.13359375 0.553125 0.003125 0.0546875
1 0.14375 0.55390625 0.003125 0.05234375
1 0.11171875 0.553125 0.003125 0.05078125
1 0.13828125 0.5546875 0.003125 0.05390625
15 0.4234375 0.55390625 0.003125 0.04296875
1 0.12734375 0.55546875 0.003125 0.05546875
15 0.43203125 0.55625 0.00234375 0.04296875
1 0.14921875 0.55546875 0.003125 0.05546875
15 0.44140625 0.5578125 0.003125 0.0453125
15 0.059375 0.56015625 0.00625 0.01484375
15 0.43671875 0.56015625 0.00234375 0.0421875
15 0.44609375 0.559375 0.00234375 0.040625
15 0.428125 0.56015625 0.00234375 0.04296875
1 0.453125 0.5609375 0.00234375 0.0484375
15 0.38828125 0.56015625 0.00859375 0.01953125
1 0.20390625 0.5625 0.003125 0.05546875
1 0.4125 0.56328125 0.003125 0.053125
15 0.209375 0.5640625 0.00390625 0.0546875
15 0.1984375 0.56328125 0.00390625 0.05703125
15 0.24140625 0.57890625 0.00390625 0.053125
15 0.3015625 0.58203125 0.00859375 0.02265625
15 0.03203125 0.5875 0.00703125 0.01640625
1 0.06484375 0.590625 0.00859375 0.021875
1 0.37890625 0.590625 0.00546875 0.0671875
1 0.3890625 0.6015625 0.01015625 0.03515625
1 0.46015625 0.6046875 0.0078125 0.02421875
1 0.34765625 0.60859375 0.00390625 0.053125
15 0.03203125 0.6171875 0.00625 0.0171875
15 0.078125 0.62109375 0.003125 0.0515625
15 0.084375 0.6203125 0.003125 0.05078125
15 0.0734375 0.62109375 0.003125 0.05625
15 0.1109375 0.62109375 0.003125 0.0515625
15 0.14375 0.62109375 0.003125 0.05625
15 0.121875 0.621875 0.003125 0.0546875
15 0.1 0.6203125 0.003125 0.05078125
15 0.0953125 0.621875 0.003125 0.04921875
15 0.10546875 0.62265625 0.003125 0.05546875
15 0.11640625 0.621875 0.003125 0.05390625
15 0.1328125 0.62265625 0.003125 0.05078125
15 0.13828125 0.621875 0.00390625 0.053125
15 0.14921875 0.621875 0.00390625 0.05859375
15 0.12734375 0.6234375 0.003125 0.05703125
1 0.2875 0.628125 0.01015625 0.03515625
1 0.30625 0.62890625 0.01015625 0.03671875
1 0.06171875 0.63203125 0.0140625 0.03828125
15 0.4078125 0.63203125 0.00859375 0.02421875
15 0.221875 0.6390625 0.00390625 0.05234375
1 0.24140625 0.64453125 0.00390625 0.05390625
15 0.2 0.64375 0.003125 0.053125
1 0.18828125 0.65390625 0.0140625 0.04140625
15 0.44609375 0.65546875 0.003125 0.04453125
15 0.42734375 0.65703125 0.00234375 0.04296875
15 0.43671875 0.65859375 0.00234375 0.04140625
15 0.42265625 0.6578125 0.00234375 0.0453125
15 0.44140625 0.659375 0.003125 0.04296875
15 0.4171875 0.659375 0.00390625 0.05703125
15 0.43203125 0.6609375 0.003125 0.04609375
15 0.4078125 0.6671875 0.00703125 0.01875
1 0.28671875 0.68515625 0.01015625 0.0328125
1 0.30625 0.68515625 0.01015625 0.03671875
1 0.27421875 0.6859375 0.003125 0.0515625
1 0.36015625 0.69765625 0.0046875 0.06640625
1 0.36640625 0.6984375 0.00390625 0.0546875
1 0.35234375 0.6984375 0.00546875 0.06796875
15 0.4078125 0.70078125 0.00703125 0.01953125
15 0.26640625 0.7015625 0.0078125 0.01953125
15 0.25546875 0.703125 0.00859375 0.0234375
15 0.221875 0.70625 0.003125 0.05625
1 0.46015625 0.70859375 0.00859375 0.02578125
15 0.1828125 0.71640625 0.00390625 0.05390625
15 0.19921875 0.7171875 0.00390625 0.05625
1 0.20546875 0.71640625 0.00390625 0.0546875
15 0.40859375 0.73046875 0.00859375 0.02421875
15 0.53359375 0.73125 0.0078125 0.021875
1 0.56640625 0.73359375 0.00859375 0.02578125
15 0.546875 0.74921875 0.003125 0.053125
1 0.49765625 0.7546875 0.00390625 0.0515625
1 0.27265625 0.759375 0.00859375 0.025
1 0.5328125 0.765625 0.00859375 0.0234375
1 0.56640625 0.7671875 0.00703125 0.01796875
1 0.25078125 0.7734375 0.0078125 0.0265625
1 0.19765625 0.80546875 0.00390625 0.053125
15 0.20390625 0.80390625 0.003125 0.05625
15 0.20859375 0.80625 0.00390625 0.05078125
15 0.2140625 0.8046875 0.003125 0.05703125
1 0.271875 0.81796875 0.0078125 0.025
1 0.28359375 0.81875 0.00859375 0.02265625
1 0.39140625 0.821875 0.00625 0.09453125
1 0.3828125 0.83984375 0.0046875 0.06796875
1 0.3765625 0.8453125 0.003125 0.053125
1 0.36953125 0.84453125 0.0046875 0.065625
15 0.18125 0.8453125 0.009375 0.0265625
1 0.0859375 0.140625 0.01015625 0.0359375
1 0.05 0.14375 0.00859375 0.0234375
1 0.07109375 0.1453125 0.00859375 0.0265625
1 0.2046875 0.14609375 0.00859375 0.0234375
1 0.25859375 0.1515625 0.01015625 0.034375
1 0.24453125 0.15234375 0.00859375 0.0265625
1 0.03125 0.15234375 0.0078125 0.02265625
1 0.2234375 0.153125 0.00859375 0.02890625
1 0.3765625 0.15390625 0.0078125 0.025
1 0.43046875 0.15859375 0.01015625 0.0359375
1 0.3953125 0.16015625 0.00859375 0.02578125
1 0.41640625 0.1625 0.00859375 0.025
1 0.5484375 0.1625 0.00859375 0.025
1 0.60234375 0.16953125 0.0109375 0.03828125
1 0.72109375 0.1703125 0.00859375 0.0234375
1 0.56640625 0.17109375 0.00859375 0.0296875
1 0.58828125 0.1703125 0.009375 0.02734375
1 0.775 0.1765625 0.01015625 0.0359375
1 0.7390625 0.178125 0.00859375 0.02890625
1 0.89140625 0.1796875 0.00859375 0.028125
1 0.7609375 0.178125 0.00859375 0.02578125
1 0.946875 0.18125 0.01015625 0.0359375
1 0.91015625 0.1828125 0.00859375 0.02578125
1 0.93203125 0.18515625 0.00859375 0.02578125
1 0.0328125 0.20546875 0.00859375 0.02109375
1 0.04296875 0.20703125 0.00859375 0.025