2 0.6890625 0.28515625 0.009375 0.07578125
16 0.64921875 0.26171875 0.00546875 0.05234375
16 0.66953125 0.28046875 0.0046875 0.05546875
16 0.6578125 0.26875 0.00546875 0.05546875
16 0.66171875 0.275 0.0046875 0.05546875
16 0.65390625 0.26875 0.00546875 0.05546875
16 0.6734375 0.2875 0.0046875 0.0578125
16 0.665625 0.28046875 0.00546875 0.05546875
16 0.5375 0.20078125 0.01171875 0.02890625
16 0.56796875 0.225 0.01015625 0.03203125
16 0.546875 0.2109375 0.009375 0.03203125
16 0.59765625 0.2546875 0.009375 0.0375
16 0.5578125 0.22265625 0.0109375 0.0375
16 0.57734375 0.23828125 0.00859375 0.0234375
16 0.5875 0.246875 0.009375 0.03515625
2 0.52890625 0.20625 0.00625 0.05234375
16 0.515625 0.19453125 0.00625 0.0578125
2 0.5109375 0.19609375 0.00546875 0.0609375
16 0.51953125 0.20234375 0.00625 0.05546875
16 0.52421875 0.20625 0.0046875 0.05234375
16 0.50625 0.190625 0.00625 0.0609375
2 0.6125 0.28515625 0.00546875 0.046875
2 0.6296875 0.30078125 0.0046875 0.04375
2 0.63515625 0.30390625 0.00546875 0.04375
2 0.61796875 0.29375 0.00625 0.05234375
2 0.73359375 0.3953125 0.01328125 0.09921875
16 0.67265625 0.34453125 0.009375 0.03203125
2 0.7421875 0.40859375 0.009375 0.08984375
2 0.75 0.415625 0.0078125 0.0875
2 0.7578125 0.42265625 0.009375 0.07265625
2 0.6078125 0.29921875 0.00625 0.05234375
2 0.53828125 0.24140625 0.01015625 0.040625
16 0.89375 0.5578125 0.01015625 0.03515625
2 0.82421875 0.5 0.009375 0.02890625
16 0.91875 0.59765625 0.00546875 0.04921875
9 0.671875 0.3921875 0.0234375 0.08125
2 0.89296875 0.58125 0.00859375 0.0234375
20 0.9078125 0.59765625 0.01484375 0.084375
2 0.8484375 0.5578125 0.00546875 0.05234375
2 0.86484375 0.56953125 0.00625 0.046875
2 0.85859375 0.5671875 0.00625 0.05234375
2 0.83359375 0.5421875 0.00546875 0.04375
2 0.6890625 0.43046875 0.00625 0.0578125
2 0.8921875 0.6046875 0.009375 0.02890625
2 0.64609375 0.41171875 0.009375 0.08984375
2 0.6546875 0.4171875 0.0109375 0.084375
2 0.75703125 0.51171875 0.00703125 0.05234375
16 0.76171875 0.51484375 0.00625 0.05234375
2 0.7671875 0.5234375 0.00625 0.05234375
22 0.7765625 0.5390625 0.0140625 0.11328125
16 0.90625 0.65546875 0.009375 0.03203125
16 0.88828125 0.63984375 0.01015625 0.03515625
16 0.92421875 0.69921875 0.00625 0.0609375
16 0.90546875 0.6859375 0.0109375 0.040625
16 0.88671875 0.66875 0.009375 0.0234375
9 0.5703125 0.421875 0.0703125 0.371875
2 0.7890625 0.61796875 0.0125 0.08984375
2 0.8 0.6265625 0.0140625 0.08984375
2 0.8109375 0.63984375 0.01328125 0.08125
2 0.93125 0.74140625 0.009375 0.0875
16 0.81796875 0.66171875 0.00625 0.05546875
16 0.9234375 0.7515625 0.00625 0.04375
16 0.8640625 0.71640625 0.00546875 0.05546875
2 0.85859375 0.71484375 0.00625 0.0578125
16 0.76953125 0.63828125 0.00546875 0.04921875
16 0.89375 0.74453125 0.00625 0.05234375
16 0.83671875 0.69921875 0.00625 0.04921875
16 0.7640625 0.63828125 0.0046875 0.0609375
2 0.82421875 0.690625 0.00625 0.05546875
16 0.7734375 0.646875 0.00546875 0.04921875
2 0.76015625 0.63359375 0.00625 0.0578125
2 0.8296875 0.69296875 0.00625 0.04921875
16 0.7796875 0.65234375 0.00625 0.05546875
2 0.88671875 0.7453125 0.009375 0.08984375
2 0.87890625 0.73828125 0.00859375 0.08125
2 0.85 0.73515625 0.00703125 0.05234375
16 0.84375 0.728125 0.0078125 0.05546875
2 0.89921875 0.7921875 0.00625 0.04921875
16 0.903125 0.79921875 0.0046875 0.046875
2 0.9078125 0.80078125 0.00625 0.05546875
2 0.92890625 0.82421875 0.01015625 0.0671875
20 0.9171875 0.81953125 0.01328125 0.08125
16 0.86953125 0.80390625 0.00625 0.05546875
16 0.8640625 0.79921875 0.00625 0.0578125
16 0.834375 0.78203125 0.00625 0.0578125
16 0.82890625 0.775 0.0046875 0.05546875
22 0.846875 0.79375 0.01484375 0.0578125
2 0.90703125 0.85625 0.00625 0.04921875
16 0.90234375 0.853125 0.00625 0.04921875
2 0.53046875 0.5640625 0.009375 0.03515625
16 0.925 0.9171875 0.0109375 0.02578125
2 0.5484375 0.603125 0.01015625 0.0375
2 0.5296875 0.59140625 0.0109375 0.0375
16 0.5703125 0.625 0.009375 0.03515625
2 0.5609375 0.61640625 0.01015625 0.040625
16 0.009375 0.20078125 0.01015625 0.040625
16 0.00859375 0.2265625 0.01015625 0.02890625
16 0.0078125 0.25546875 0.009375 0.02890625
16 0.0015625 0.28203125 0.00234375 0.02890625
16 0.00703125 0.28671875 0.01015625 0.03203125
2 0.0359375 0.38984375 0.01171875 0.03515625
2 0.01640625 0.375 0.009375 0.03515625
16 0.053125 0.40703125 0.01484375 0.040625
2 0.0046875 0.36796875 0.009375 0.0375
16 0.16484375 0.5046875 0.0125 0.0375
2 0.1515625 0.4953125 0.0109375 0.0375
2 0.18828125 0.53046875 0.0109375 0.04375
2 0.25625 0.5875 0.009375 0.03515625
16 0.17734375 0.5203125 0.0109375 0.040625
2 0.29609375 0.625 0.009375 0.02890625
16 0.2453125 0.58125 0.01015625 0.040625
2 0.31015625 0.63515625 0.0109375 0.0375
16 0.23203125 0.56796875 0.01015625 0.03203125
16 0.32265625 0.6484375 0.0078125 0.02890625
16 0.334375 0.65859375 0.009375 0.0375
2 0.37578125 0.69921875 0.0109375 0.0375
2 0.3921875 0.7109375 0.01015625 0.0375
16 0.45703125 0.76875 0.009375 0.03203125
16 0.4453125 0.76015625 0.00859375 0.03203125
2 0.4984375 0.8078125 0.01015625 0.03515625
2 0.62421875 0.9171875 0.01171875 0.0375
16 0.5453125 0.853125 0.0109375 0.03203125
16 0.63671875 0.93203125 0.00859375 0.02578125
2 0.6609375 0.95234375 0.0109375 0.0375
16 0.5203125 0.8328125 0.0109375 0.0375
16 0.64921875 0.9421875 0.00859375 0.02890625
16 0.559375 0.86796875 0.009375 0.03203125
16 0.53359375 0.84921875 0.01171875 0.03515625
16 0.58359375 0.8921875 0.0109375 0.03515625
16 0.56953125 0.88203125 0.0109375 0.03203125
16 0.59375 0.90234375 0.0109375 0.03203125