16 0.19140625 0.83828125 0.00625 0.07109375
2 0.1484375 0.93671875 0.00859375 0.046875
16 0.34296875 0.55546875 0.00703125 0.0390625
16 0.45390625 0.334375 0.0078125 0.03125
2 0.2546875 0.734375 0.0078125 0.03515625
16 0.4375 0.371875 0.00703125 0.03515625
16 0.54453125 0.165625 0.0078125 0.0390625
2 0.57109375 0.12578125 0.00390625 0.046875
2 0.5765625 0.1140625 0.00390625 0.046875
16 0.53203125 0.20078125 0.00546875 0.06328125
16 0.33359375 0.5984375 0.00703125 0.07890625
2 0.24140625 0.78125 0.00625 0.075
2 0.63828125 0.015625 0.00625 0.03125
2 0.13515625 0.978125 0.00625 0.03515625
16 0.45546875 0.36796875 0.0078125 0.03515625
16 0.54453125 0.18671875 0.0078125 0.03515625
16 0.34453125 0.584375 0.0078125 0.04296875
2 0.25625 0.765625 0.00703125 0.03515625
2 0.15 0.9765625 0.00703125 0.03125
16 0.43671875 0.42734375 0.01328125 0.075
2 0.21640625 0.953125 0.0046875 0.06328125
2 0.2125 0.96484375 0.00390625 0.046875
2 0.60234375 0.1984375 0.00390625 0.0515625
16 0.22265625 0.946875 0.0078125 0.04296875
2 0.60546875 0.196875 0.00390625 0.046875
9 0.19375 0.93671875 0.03359375 0.11796875
2 0.61875 0.1734375 0.0046875 0.06328125
20 0.234375 0.94453125 0.0109375 0.08671875
16 0.315625 0.78515625 0.00625 0.059375
16 0.2515625 0.915625 0.0046875 0.059375
16 0.30625 0.80703125 0.00390625 0.05546875
16 0.27890625 0.8625 0.00546875 0.05546875
16 0.3109375 0.79921875 0.0046875 0.046875
16 0.2703125 0.878125 0.0046875 0.05546875
16 0.3015625 0.8171875 0.003125 0.04296875
16 0.28359375 0.85234375 0.0046875 0.0515625
16 0.28828125 0.84453125 0.0046875 0.04296875
16 0.25703125 0.90546875 0.0046875 0.05546875
16 0.265625 0.89140625 0.00625 0.0515625
16 0.2921875 0.840625 0.00546875 0.0515625
16 0.27421875 0.87578125 0.00546875 0.059375
16 0.29765625 0.82890625 0.0046875 0.04296875
16 0.2609375 0.9015625 0.00625 0.06328125
2 0.7125 0.02578125 0.00625 0.03515625
2 0.72578125 0.01015625 0.0078125 0.01953125
16 0.22265625 0.98203125 0.00625 0.02734375
16 0.22734375 0.98046875 0.00625 0.03125
16 0.61796875 0.24609375 0.0078125 0.04296875
16 0.23671875 0.98828125 0.00859375 0.015625
16 0.31328125 0.86015625 0.0046875 0.0515625
16 0.25390625 0.97265625 0.0046875 0.046875
16 0.2671875 0.9484375 0.0046875 0.05546875
16 0.2578125 0.96875 0.00390625 0.05546875
16 0.27578125 0.9328125 0.00546875 0.06328125
2 0.7203125 0.05703125 0.0046875 0.0515625
16 0.2984375 0.88984375 0.00625 0.05546875
16 0.303125 0.88203125 0.0078125 0.06328125
16 0.26328125 0.9625 0.00546875 0.059375
16 0.31796875 0.8546875 0.00546875 0.06328125
16 0.29453125 0.89921875 0.00546875 0.0515625
16 0.28984375 0.9078125 0.00625 0.059375
16 0.28515625 0.91953125 0.00703125 0.059375
16 0.30859375 0.8703125 0.0046875 0.046875
16 0.271875 0.946875 0.0046875 0.0515625
16 0.28125 0.9328125 0.00546875 0.05546875
16 0.61875 0.28125 0.0078125 0.04296875
2 0.7125 0.12578125 0.00625 0.03125
16 0.62109375 0.31484375 0.00703125 0.0390625
2 0.79375 0.0140625 0.0140625 0.02734375
2 0.72890625 0.13203125 0.01015625 0.121875
16 0.621875 0.35234375 0.00703125 0.04296875
16 0.5421875 0.515625 0.0078125 0.0390625
9 0.57890625 0.4484375 0.06015625 0.48046875
2 0.6078125 0.39765625 0.00390625 0.05546875
2 0.6109375 0.39140625 0.0046875 0.0515625
16 0.6234375 0.38984375 0.0078125 0.0390625
2 0.796875 0.059375 0.0140625 0.07890625
16 0.62421875 0.43125 0.00859375 0.04296875
2 0.8078125 0.0671875 0.00546875 0.03125
2 0.76484375 0.159375 0.00859375 0.0984375
2 0.82421875 0.0515625 0.01015625 0.10234375
2 0.815625 0.05703125 0.00859375 0.10625
9 0.75234375 0.1890625 0.01484375 0.12578125
2 0.83125 0.04296875 0.009375 0.0859375
2 0.8390625 0.0390625 0.009375 0.078125
16 0.85859375 0.015625 0.0046875 0.03125
16 0.62578125 0.46484375 0.00703125 0.0390625
2 0.8546875 0.01796875 0.0046875 0.03515625
2 0.54921875 0.621875 0.00390625 0.05546875
2 0.8671875 0.01015625 0.00859375 0.01953125
2 0.54609375 0.6296875 0.0046875 0.05546875
16 0.80859375 0.1125 0.0078125 0.03515625
16 0.6265625 0.50234375 0.0078125 0.03515625
2 0.78984375 0.18515625 0.00859375 0.11015625
9 0.890625 0.03359375 0.021875 0.0671875
2 0.7828125 0.2046875 0.009375 0.11015625
2 0.86484375 0.059375 0.0046875 0.05546875
16 0.85546875 0.0765625 0.0046875 0.0515625
16 0.86015625 0.07109375 0.00390625 0.05546875
16 0.8703125 0.0515625 0.00546875 0.06328125
16 0.875 0.046875 0.00546875 0.06328125
16 0.628125 0.5375 0.00703125 0.03515625
16 0.61953125 0.58828125 0.0046875 0.0515625
16 0.6296875 0.575 0.00703125 0.0390625
16 0.86640625 0.128125 0.0046875 0.0515625
16 0.87109375 0.11796875 0.0046875 0.05546875
2 0.9265625 0.03515625 0.009375 0.0703125
16 0.915625 0.053125 0.0046875 0.0515625
16 0.91171875 0.059375 0.0046875 0.05546875
16 0.9203125 0.046875 0.0046875 0.06328125
16 0.63359375 0.6140625 0.00703125 0.0390625
16 0.9375 0.0234375 0.00546875 0.046875
2 0.93359375 0.03125 0.0046875 0.05546875
2 0.58046875 0.728125 0.00546875 0.06328125
2 0.584375 0.72421875 0.0046875 0.05546875
2 0.7859375 0.32890625 0.009375 0.10625
16 0.64140625 0.6140625 0.0046875 0.05546875
16 0.60859375 0.6828125 0.00390625 0.0515625
2 0.79375 0.3171875 0.009375 0.1140625
16 0.61953125 0.6671875 0.0046875 0.059375
20 0.8546875 0.203125 0.01171875 0.0984375
16 0.628125 0.65390625 0.00390625 0.046875
16 0.88828125 0.14921875 0.0046875 0.05546875
20 0.89453125 0.13203125 0.0078125 0.075
20 0.903125 0.1203125 0.00859375 0.075
16 0.6359375 0.65546875 0.0078125 0.04296875
2 0.7765625 0.378125 0.0046875 0.05546875
2 0.78046875 0.371875 0.0046875 0.059375
16 0.87578125 0.1890625 0.00703125 0.0390625
16 0.9109375 0.1203125 0.00703125 0.03515625
16 0.58359375 0.7796875 0.00703125 0.0390625
2 0.60859375 0.73203125 0.00625 0.03125
2 0.18203125 0.74609375 0.00625 0.03515625
2 0.19375 0.7203125 0.00625 0.03125
2 0.1796875 0.7953125 0.01484375 0.07890625
2 0.1984375 0.7578125 0.0140625 0.075
2 0.59140625 0.01953125 0.01484375 0.0390625
16 0.3828125 0.425 0.01015625 0.11015625
2 0.18125 0.8546875 0.01328125 0.06328125