2 0.90546875 0.775 0.00859375 0.10390625
2 0.38828125 0.0734375 0.0078125 0.1
2 0.80859375 0.6484375 0.00859375 0.10390625
16 0.99375 0.9171875 0.0046875 0.0578125
2 0.66015625 0.49609375 0.00546875 0.0234375
2 0.95234375 0.89453125 0.00625 0.0265625
2 0.3453125 0.0671875 0.00625 0.0265625
2 0.753125 0.6234375 0.00625 0.03046875
2 0.55078125 0.34609375 0.00546875 0.0234375
2 0.459375 0.22109375 0.00625 0.0265625
2 0.8625 0.77109375 0.00546875 0.0265625
2 0.8484375 0.75390625 0.0078125 0.03046875
2 0.4421875 0.2015625 0.0078125 0.034375
16 0.58359375 0.4078125 0.003125 0.04609375
2 0.646875 0.49453125 0.00390625 0.0578125
16 0.578125 0.4015625 0.003125 0.0421875
16 0.70390625 0.5765625 0.00703125 0.03046875
16 0.71171875 0.58671875 0.00703125 0.034375
2 0.94453125 0.90390625 0.0046875 0.06171875
2 0.5375 0.35 0.00390625 0.05390625
2 0.74140625 0.6265625 0.0046875 0.06171875
2 0.33515625 0.0734375 0.00390625 0.05390625
16 0.72421875 0.60390625 0.00625 0.03828125
16 0.5953125 0.43046875 0.0078125 0.03046875
2 0.86171875 0.7984375 0.00625 0.0265625
2 0.65859375 0.52109375 0.00546875 0.0265625
2 0.7296875 0.6171875 0.003125 0.0421875
2 0.71796875 0.60390625 0.003125 0.04609375
2 0.95234375 0.91953125 0.00625 0.03046875
2 0.55078125 0.3734375 0.00625 0.0234375
2 0.696875 0.5734375 0.003125 0.04609375
2 0.4578125 0.2484375 0.00625 0.0265625
2 0.753125 0.65 0.00625 0.03046875
2 0.34453125 0.0921875 0.00546875 0.0234375
16 0.99140625 0.97109375 0.0046875 0.05
16 0.9296875 0.9078125 0.0046875 0.05390625
16 0.9625 0.9515625 0.00390625 0.0578125
16 0.95703125 0.9484375 0.0046875 0.0578125
2 0.4390625 0.24609375 0.01328125 0.06171875
2 0.84453125 0.7984375 0.01484375 0.065625
16 0.703125 0.6078125 0.00625 0.03046875
16 0.7109375 0.62109375 0.00703125 0.034375
16 0.7234375 0.63828125 0.0078125 0.03828125
16 0.978125 0.9765625 0.0046875 0.03828125
16 0.55390625 0.415625 0.0078125 0.03828125
16 0.58203125 0.465625 0.0046875 0.05390625
16 0.57265625 0.4515625 0.00390625 0.0578125
16 0.57734375 0.4578125 0.00390625 0.05390625
16 0.56796875 0.44453125 0.0046875 0.05
16 0.5859375 0.47109375 0.00390625 0.0578125
16 0.59296875 0.4765625 0.0046875 0.05390625
2 0.87578125 0.875 0.00546875 0.0265625
2 0.884375 0.88671875 0.00546875 0.0265625
16 0.55390625 0.4484375 0.0078125 0.034375
16 0.87578125 0.91171875 0.0078125 0.03046875
16 0.884375 0.9234375 0.00703125 0.03046875
9 0.18359375 0.0328125 0.02265625 0.065625
16 0.9046875 0.965625 0.00390625 0.05390625
2 0.2046875 0.02109375 0.003125 0.0421875
16 0.61171875 0.57109375 0.00703125 0.034375
2 0.2078125 0.0234375 0.003125 0.04609375
16 0.2140625 0.03671875 0.00703125 0.0265625
2 0.60546875 0.56953125 0.003125 0.04609375
2 0.6015625 0.565625 0.003125 0.04609375
16 0.62421875 0.6015625 0.0046875 0.0578125
2 0.61953125 0.59609375 0.0046875 0.06171875
2 0.79375 0.84453125 0.01171875 0.0578125
16 0.80546875 0.86171875 0.00703125 0.03046875
16 0.29453125 0.1671875 0.003125 0.05
16 0.30859375 0.184375 0.003125 0.05390625
16 0.284375 0.15390625 0.00390625 0.05390625
16 0.25234375 0.1078125 0.00390625 0.05390625
16 0.28984375 0.16171875 0.003125 0.05390625
16 0.29921875 0.1734375 0.00390625 0.05390625
16 0.2421875 0.09453125 0.0046875 0.0578125
16 0.88359375 0.96953125 0.00703125 0.03046875
16 0.25703125 0.11328125 0.00390625 0.0578125
16 0.2796875 0.15 0.00390625 0.05390625
16 0.24765625 0.10546875 0.0046875 0.0578125
16 0.2703125 0.13671875 0.00390625 0.0578125
16 0.26640625 0.13046875 0.00390625 0.05390625
16 0.8265625 0.8921875 0.00546875 0.06171875
16 0.2609375 0.125 0.00390625 0.0578125
16 0.275 0.14453125 0.00390625 0.0578125
16 0.303125 0.18046875 0.0046875 0.06171875
2 0.1625 0.00390625 0.00625 0.0078125
16 0.6109375 0.60390625 0.00703125 0.03046875
16 0.14765625 0.00546875 0.0046875 0.0109375
2 0.72578125 0.7828125 0.00625 0.0265625
2 0.71328125 0.765625 0.00625 0.0234375
16 0.215625 0.0921875 0.00390625 0.05390625
2 0.8609375 0.95546875 0.00859375 0.08046875
16 0.21171875 0.084375 0.00390625 0.05390625
2 0.85234375 0.95 0.0078125 0.0921875
16 0.840625 0.959375 0.00390625 0.0578125
16 0.615625 0.659375 0.0078125 0.034375
16 0.8453125 0.96953125 0.0046875 0.05390625
2 0.7921875 0.90546875 0.0125 0.0578125
16 0.2234375 0.1328125 0.0078125 0.034375
16 0.8046875 0.9234375 0.0078125 0.03046875
16 0.25546875 0.17890625 0.0046875 0.0578125
16 0.29296875 0.22890625 0.003125 0.05
16 0.29765625 0.23828125 0.003125 0.05390625
2 0.71875 0.809375 0.003125 0.0421875
16 0.2828125 0.21953125 0.00390625 0.05390625
16 0.26953125 0.2 0.0046875 0.05390625
16 0.2875 0.2234375 0.00390625 0.05390625
16 0.26484375 0.19453125 0.00390625 0.0578125
16 0.26015625 0.18671875 0.0046875 0.0578125
16 0.27421875 0.20390625 0.00390625 0.05390625
16 0.30703125 0.25 0.00390625 0.05390625
16 0.24140625 0.159375 0.0046875 0.0578125
16 0.30234375 0.24453125 0.00390625 0.0578125
16 0.25 0.17109375 0.00390625 0.0578125
16 0.27890625 0.21171875 0.00390625 0.05390625
16 0.24609375 0.17109375 0.00390625 0.0578125
16 0.8328125 0.9671875 0.00703125 0.034375
16 0.61484375 0.69453125 0.00703125 0.0265625
16 0.8234375 0.9828125 0.0046875 0.0265625
2 0.7078125 0.84609375 0.00546875 0.0234375
16 0.61328125 0.73046875 0.00625 0.03046875
2 0.78984375 0.9765625 0.01328125 0.03828125
2 0.7234375 0.9078125 0.0078125 0.1
16 0.6125 0.76171875 0.0078125 0.03046875
16 0.53125 0.6578125 0.0078125 0.03046875
2 0.596875 0.76171875 0.003125 0.04609375
2 0.6015625 0.7671875 0.003125 0.05
9 0.56484375 0.72109375 0.04765625 0.38046875
16 0.61171875 0.8015625 0.0078125 0.034375
16 0.6109375 0.834375 0.0078125 0.03828125
16 0.61015625 0.875 0.00703125 0.034375
2 0.53203125 0.775 0.003125 0.0421875
2 0.52890625 0.76953125 0.003125 0.04609375
16 0.609375 0.91328125 0.00703125 0.034375
16 0.60859375 0.94453125 0.0078125 0.034375
16 0.6078125 0.984375 0.0078125 0.03046875
16 0.5984375 0.96953125 0.00390625 0.05390625
16 0.59375 0.965625 0.0046875 0.06171875
2 0.55546875 0.975 0.003125 0.0421875
2 0.559375 0.9765625 0.003125 0.03828125
16 0.57265625 0.984375 0.0046875 0.0234375
16 0.56328125 0.98046875 0.0046875 0.03046875
16 0.57734375 0.990625 0.0046875 0.01171875
16 0.56796875 0.9828125 0.0046875 0.0265625
2 0.6 0.3015625 0.00625 0.0265625
2 0.60234375 0.34609375 0.0125 0.05390625