1 0.9046875 0.2390625 0.00703125 0.09609375
1 0.390625 0.2421875 0.00546875 0.0921875
1 0.80859375 0.24296875 0.00625 0.0953125
15 0.99296875 0.2625 0.00390625 0.053125
1 0.18515625 0.2703125 0.0125 0.04609375
15 0.19453125 0.2734375 0.00390625 0.05234375
1 0.6609375 0.29140625 0.00546875 0.0171875
1 0.953125 0.29296875 0.00546875 0.0203125
1 0.3484375 0.29296875 0.00546875 0.01875
1 0.7546875 0.2921875 0.00546875 0.0234375
1 0.55390625 0.2921875 0.0046875 0.01875
1 0.46171875 0.29296875 0.00546875 0.01953125
1 0.8625 0.29375 0.00546875 0.02109375
1 0.25859375 0.2921875 0.00546875 0.01796875
1 0.1515625 0.29375 0.00546875 0.021875
1 0.05 0.2953125 0.0046875 0.0203125
1 0.84921875 0.2953125 0.00703125 0.025
1 0.4453125 0.29765625 0.0078125 0.02890625
1 0.0390625 0.2953125 0.00625 0.025
15 0.5859375 0.30859375 0.00234375 0.04140625
1 0.6484375 0.309375 0.003125 0.053125
15 0.58046875 0.309375 0.00234375 0.0390625
15 0.70546875 0.309375 0.00703125 0.025
15 0.7140625 0.309375 0.00703125 0.02890625
1 0.9453125 0.31171875 0.00390625 0.05703125
1 0.540625 0.31015625 0.003125 0.04921875
1 0.74296875 0.3109375 0.00390625 0.05625
15 0.0265625 0.3109375 0.00390625 0.05625
1 0.3390625 0.31171875 0.003125 0.05234375
1 0.24375 0.31171875 0.00390625 0.053125
15 0.72578125 0.31328125 0.00625 0.03203125
1 0.13671875 0.31328125 0.00390625 0.0515625
15 0.59765625 0.3140625 0.00703125 0.025
1 0.8625 0.3171875 0.00546875 0.0203125
1 0.6609375 0.31796875 0.00546875 0.01875
1 0.73203125 0.31875 0.00234375 0.03828125
1 0.71953125 0.31875 0.00234375 0.04296875
1 0.953125 0.31875 0.00546875 0.02421875
1 0.553125 0.3203125 0.00546875 0.01875
1 0.69921875 0.31953125 0.00234375 0.04453125
1 0.46171875 0.31875 0.00546875 0.01953125
1 0.7546875 0.3203125 0.00546875 0.02265625
1 0.1515625 0.3203125 0.00546875 0.01875
1 0.3484375 0.3203125 0.0046875 0.01796875
1 0.259375 0.3203125 0.00546875 0.02265625
15 0.99296875 0.32265625 0.003125 0.05546875
1 0.05 0.3234375 0.00546875 0.01953125
15 0.93125 0.33671875 0.00390625 0.05
15 0.96328125 0.3375 0.003125 0.053125
15 0.95859375 0.33828125 0.00390625 0.05390625
1 0.44296875 0.33984375 0.01171875 0.046875
1 0.846875 0.34140625 0.01328125 0.05078125
15 0.05546875 0.34296875 0.00390625 0.05859375
15 0.0609375 0.34453125 0.003125 0.0515625
15 0.70546875 0.34453125 0.00625 0.02421875
15 0.7140625 0.34453125 0.00703125 0.0296875
15 0.72578125 0.3453125 0.00703125 0.03046875
15 0.97890625 0.34765625 0.003125 0.053125
15 0.5578125 0.3546875 0.00703125 0.03046875
15 0.5859375 0.36328125 0.00390625 0.0515625
15 0.5765625 0.3640625 0.003125 0.053125
15 0.58125 0.36328125 0.003125 0.05234375
15 0.571875 0.3640625 0.00390625 0.0484375
15 0.590625 0.3640625 0.003125 0.053125
15 0.59609375 0.36484375 0.003125 0.05078125
1 0.0390625 0.3671875 0.00546875 0.09296875
1 0.878125 0.37265625 0.00546875 0.01953125
1 0.88671875 0.37578125 0.00546875 0.02109375
15 0.5578125 0.384375 0.00703125 0.028125
1 0.15703125 0.403125 0.00390625 0.0515625
1 0.11015625 0.403125 0.003125 0.05078125
1 0.15234375 0.40546875 0.00390625 0.05546875
1 0.13359375 0.40390625 0.003125 0.05390625
1 0.13828125 0.4046875 0.003125 0.05390625
1 0.12890625 0.40625 0.003125 0.05703125
1 0.11953125 0.40390625 0.003125 0.053125
1 0.12421875 0.4046875 0.003125 0.05390625
1 0.10546875 0.4046875 0.003125 0.05
1 0.10078125 0.40546875 0.003125 0.05234375
1 0.14296875 0.40625 0.003125 0.053125
1 0.14765625 0.40546875 0.003125 0.05546875
1 0.1140625 0.40546875 0.00390625 0.0515625
1 0.09609375 0.40703125 0.003125 0.0546875
15 0.87890625 0.40859375 0.00703125 0.025
15 0.8875 0.41015625 0.00703125 0.0234375
15 0.0453125 0.40859375 0.00390625 0.04921875
1 0.05546875 0.41484375 0.0125 0.0421875
9 0.190625 0.415625 0.01875 0.15234375
15 0.9078125 0.421875 0.003125 0.0515625
1 0.99140625 0.42421875 0.0046875 0.06015625
1 0.21171875 0.42734375 0.00234375 0.04296875
15 0.61640625 0.4265625 0.00625 0.02734375
1 0.215625 0.4265625 0.00234375 0.04140625
1 0.1703125 0.43046875 0.00546875 0.0171875
15 0.22109375 0.43359375 0.00625 0.02265625
1 0.6109375 0.4359375 0.00234375 0.04140625
1 0.6078125 0.4359375 0.00234375 0.0421875
15 0.62890625 0.440625 0.003125 0.05546875
1 0.62421875 0.4421875 0.00390625 0.059375
1 0.7984375 0.453125 0.0109375 0.04296875
15 0.809375 0.45390625 0.00703125 0.02578125
15 0.3015625 0.453125 0.003125 0.04765625
15 0.315625 0.4546875 0.003125 0.05
15 0.2921875 0.45546875 0.003125 0.0515625
15 0.26015625 0.4546875 0.003125 0.0515625
15 0.296875 0.45625 0.003125 0.04921875
15 0.30625 0.4546875 0.003125 0.05078125
15 0.25078125 0.45390625 0.003125 0.05390625
15 0.8875 0.45625 0.00703125 0.025
15 0.26484375 0.45546875 0.003125 0.05234375
15 0.2875 0.4546875 0.003125 0.05078125
15 0.2546875 0.4546875 0.003125 0.05546875
15 0.278125 0.45625 0.003125 0.05390625
15 0.2734375 0.45546875 0.003125 0.0515625
15 0.83125 0.45546875 0.0046875 0.05703125
15 0.26875 0.45546875 0.003125 0.053125
15 0.2828125 0.45625 0.003125 0.0546875
15 0.3109375 0.4578125 0.00390625 0.0578125
1 0.17109375 0.46015625 0.00546875 0.02421875
15 0.61640625 0.4609375 0.00625 0.02578125
15 0.14296875 0.46640625 0.003125 0.05546875
15 0.13828125 0.46796875 0.003125 0.05
15 0.11484375 0.46875 0.003125 0.05
15 0.15703125 0.46875 0.00390625 0.05078125
15 0.1234375 0.46875 0.00390625 0.05546875
15 0.15234375 0.46796875 0.003125 0.04921875
15 0.11953125 0.46796875 0.003125 0.05390625
15 0.10078125 0.46953125 0.003125 0.05234375
15 0.12890625 0.46796875 0.003125 0.05
15 0.10546875 0.46953125 0.003125 0.05234375
15 0.11015625 0.46953125 0.003125 0.05234375
15 0.09609375 0.4703125 0.003125 0.0484375
15 0.97734375 0.46875 0.00703125 0.02265625
15 0.13359375 0.4703125 0.003125 0.053125
15 0.14765625 0.471875 0.00390625 0.05625
1 0.99140625 0.47421875 0.00546875 0.01875
1 0.73125 0.4796875 0.00546875 0.0203125
1 0.71953125 0.48125 0.00546875 0.01796875
15 0.22421875 0.48203125 0.003125 0.04921875
1 0.865625 0.484375 0.00625 0.09609375
15 0.21953125 0.48359375 0.003125 0.0515625
1 0.8578125 0.48515625 0.00546875 0.09375
15 0.059375 0.49765625 0.003125 0.0515625
1 0.0640625 0.503125 0.003125 0.04375
15 0.84609375 0.503125 0.003125 0.053125
15 0.621875 0.50625 0.00703125 0.02578125
15 0.85078125 0.50703125 0.003125 0.0515625
1 0.79765625 0.51171875 0.01171875 0.04296875
15 0.2328125 0.51328125 0.00703125 0.02734375
15 0.81015625 0.51484375 0.00703125 0.02578125
15 0.2640625 0.51796875 0.00390625 0.0546875
15 0.3015625 0.51640625 0.00234375 0.046875
15 0.30625 0.51640625 0.003125 0.0515625
1 0.72578125 0.5171875 0.00234375 0.0390625
15 0.2921875 0.5171875 0.003125 0.0484375
15 0.278125 0.51796875 0.003125 0.05078125
15 0.296875 0.51796875 0.003125 0.05078125
15 0.2734375 0.5171875 0.003125 0.053125
15 0.26875 0.5171875 0.00390625 0.05390625
15 0.2828125 0.51875 0.003125 0.0515625
15 0.315625 0.51796875 0.003125 0.05
15 0.25078125 0.51796875 0.00390625 0.05390625
15 0.3109375 0.51875 0.003125 0.05234375
15 0.259375 0.51953125 0.003125 0.05234375
15 0.2875 0.51875 0.003125 0.0515625
15 0.25546875 0.52109375 0.003125 0.05546875
15 0.83828125 0.5234375 0.00703125 0.02734375
15 0.9921875 0.52734375 0.003125 0.04921875
1 0.9421875 0.5296875 0.009375 0.1015625
1 0.93203125 0.53359375 0.00703125 0.1046875
15 0.9765625 0.53984375 0.00625 0.0234375
15 0.621875 0.54140625 0.00625 0.021875
15 0.8828125 0.54921875 0.003125 0.05078125
15 0.90390625 0.55625 0.00859375 0.0328125
15 0.83046875 0.56328125 0.003125 0.05078125
1 0.715625 0.565625 0.00546875 0.01796875
1 0.83828125 0.56875 0.00859375 0.034375
1 0.9765625 0.57109375 0.00546875 0.0203125
15 0.84609375 0.575 0.00390625 0.046875
15 0.621875 0.5765625 0.00625 0.02578125
1 0.85625 0.5796875 0.01171875 0.040625
15 0.9921875 0.5875 0.003125 0.0515625
1 0.7984375 0.5953125 0.01171875 0.04375
1 0.8203125 0.59765625 0.01171875 0.04375
1 0.73203125 0.6015625 0.00546875 0.08984375
15 0.9765625 0.6078125 0.00625 0.02734375
15 0.621875 0.6125 0.00703125 0.021875
15 0.540625 0.61484375 0.00703125 0.02265625
1 0.9109375 0.61953125 0.0046875 0.06484375
15 0.90546875 0.625 0.003125 0.05703125
15 0.925 0.62734375 0.003125 0.0515625
15 0.91953125 0.62734375 0.003125 0.0515625
1 0.6078125 0.6265625 0.00234375 0.04140625
1 0.6109375 0.62890625 0.00234375 0.0453125
9 0.575 0.63515625 0.040625 0.32265625
15 0.621875 0.6484375 0.00703125 0.02734375
15 0.9875 0.65546875 0.003125 0.05546875
15 0.8828125 0.65625 0.00390625 0.053125
1 0.79765625 0.6578125 0.01171875 0.04296875
1 0.878125 0.659375 0.00234375 0.0453125
1 0.940625 0.66015625 0.00625 0.09921875
1 0.95078125 0.659375 0.00625 0.096875
15 0.9765625 0.66953125 0.00703125 0.0234375
15 0.91015625 0.67734375 0.00625 0.0234375
1 0.91796875 0.68046875 0.00546875 0.0171875
15 0.621875 0.68203125 0.00703125 0.0296875
15 0.8671875 0.6875 0.00703125 0.025
1 0.809375 0.68828125 0.00546875 0.01875
1 0.840625 0.69296875 0.00546875 0.0890625
1 0.825 0.69453125 0.00546875 0.0921875
1 0.8328125 0.69453125 0.00546875 0.0875
1 0.81640625 0.6953125 0.00546875 0.09296875
1 0.765625 0.69609375 0.0046875 0.0859375
15 0.925 0.6984375 0.003125 0.05234375
15 0.859375 0.7140625 0.00390625 0.0515625
15 0.91015625 0.7140625 0.00625 0.021875
15 0.8734375 0.715625 0.00390625 0.05859375
1 0.91796875 0.71953125 0.00546875 0.01875
1 0.85546875 0.71796875 0.00234375 0.040625
15 0.621875 0.71875 0.00625 0.02734375
1 0.771875 0.72109375 0.00234375 0.040625
1 0.8671875 0.7265625 0.00625 0.028125
15 0.80859375 0.72734375 0.00625 0.02578125
1 0.54453125 0.728125 0.00234375 0.040625
1 0.54140625 0.72734375 0.00234375 0.04375
1 0.72890625 0.73984375 0.00390625 0.05546875
15 0.62265625 0.75625 0.00703125 0.0265625
15 0.9234375 0.76484375 0.00703125 0.025
15 0.91015625 0.76796875 0.00625 0.021875
1 0.78828125 0.76875 0.00546875 0.0890625
1 0.78046875 0.7703125 0.00625 0.0875
9 0.89140625 0.76875 0.01640625 0.13671875
15 0.9171875 0.78203125 0.003125 0.05390625
15 0.86796875 0.7859375 0.003125 0.053125
15 0.8734375 0.7875 0.003125 0.05625
15 0.8546875 0.78828125 0.003125 0.053125
15 0.62265625 0.78828125 0.0078125 0.02421875
15 0.859375 0.78828125 0.003125 0.05859375
15 0.91015625 0.796875 0.00625 0.01796875
15 0.934375 0.80859375 0.003125 0.05078125
1 0.9296875 0.81015625 0.00234375 0.040625
15 0.621875 0.82578125 0.00703125 0.025
15 0.6125 0.82734375 0.003125 0.0515625
15 0.60859375 0.828125 0.00390625 0.05703125
15 0.86328125 0.85078125 0.00390625 0.0515625
1 0.92421875 0.85 0.00625 0.0921875
15 0.8671875 0.85078125 0.003125 0.05078125
1 0.76875 0.85703125 0.01171875 0.04453125
1 0.87265625 0.859375 0.00546875 0.0625
1 0.90390625 0.8640625 0.003125 0.04375
15 0.9078125 0.871875 0.003125 0.05
15 0.9125 0.8703125 0.00390625 0.05234375
15 0.934375 0.871875 0.003125 0.05078125
15 0.9171875 0.871875 0.003125 0.05078125
1 0.93046875 0.875 0.00234375 0.0421875
15 0.62578125 0.87578125 0.00703125 0.02578125
1 0.571875 0.88828125 0.00234375 0.040625
1 0.575 0.8890625 0.00234375 0.0421875
1 0.78828125 0.8890625 0.00546875 0.0890625
1 0.78046875 0.890625 0.00546875 0.08828125
15 0.5890625 0.89296875 0.00390625 0.05390625
15 0.59921875 0.89375 0.003125 0.0515625
15 0.5796875 0.89375 0.00390625 0.0515625
15 0.59296875 0.8953125 0.00390625 0.05
15 0.6328125 0.8953125 0.00390625 0.05
15 0.58359375 0.8984375 0.003125 0.05625
15 0.61015625 0.8984375 0.003125 0.05078125
15 0.60546875 0.9 0.003125 0.05
15 0.61953125 0.9015625 0.003125 0.053125
15 0.8828125 0.91015625 0.003125 0.0515625
15 0.62578125 0.9125 0.00703125 0.02734375
1 0.7734375 0.9125 0.00234375 0.04609375
1 0.76953125 0.91484375 0.00234375 0.0421875
15 0.90625 0.92109375 0.00703125 0.0265625
15 0.8703125 0.92109375 0.00625 0.0265625
1 0.5984375 0.93671875 0.00546875 0.01875
15 0.57265625 0.93828125 0.00703125 0.02734375
15 0.5796875 0.93828125 0.00546875 0.02734375
1 0.20078125 0.16953125 0.00546875 0.02265625
1 0.1890625 0.1703125 0.00546875 0.01953125
1 0.6 0.184375 0.00546875 0.01875
1 0.1859375 0.21171875 0.0125 0.0453125
1 0.20390625 0.2109375 0.01171875 0.04453125
1 0.60234375 0.225 0.01171875 0.0390625