16 0.971875 0.175 0.00234375 0.0515625
16 0.9859375 0.17890625 0.003125 0.05859375
16 0.98125 0.1765625 0.003125 0.0484375
16 0.98984375 0.1765625 0.00234375 0.0484375
16 0.03046875 0.27578125 0.00234375 0.0453125
16 0.9765625 0.17890625 0.0046875 0.05859375
16 0.02578125 0.27578125 0.00234375 0.0390625
16 0.00859375 0.2828125 0.003125 0.0453125
16 0.021875 0.2828125 0.00234375 0.0390625
16 0.99453125 0.18046875 0.00390625 0.05546875
16 0.0171875 0.28046875 0.003125 0.0421875
16 0.01328125 0.2828125 0.003125 0.0453125
2 0.003125 0.290625 0.00625 0.0484375
2 0.21015625 0.27109375 0.00234375 0.0421875
2 0.20078125 0.27421875 0.00234375 0.0359375
2 0.19609375 0.27578125 0.00234375 0.0390625
2 0.178125 0.27734375 0.00234375 0.0421875
2 0.2140625 0.27421875 0.0015625 0.0421875
2 0.1734375 0.27890625 0.00234375 0.0390625
2 0.1828125 0.27578125 0.00234375 0.0390625
2 0.1875 0.27734375 0.00234375 0.0421875
2 0.20546875 0.27421875 0.00234375 0.0421875
2 0.19140625 0.28046875 0.00234375 0.0359375
16 0.7328125 0.2578125 0.0046875 0.05546875
16 0.728125 0.259375 0.00390625 0.0515625
2 0.00234375 0.34765625 0.0046875 0.0390625
2 0.84609375 0.26953125 0.00234375 0.0390625
2 0.87890625 0.26953125 0.00234375 0.0453125
2 0.85546875 0.27109375 0.00234375 0.0359375
2 0.87265625 0.27109375 0.00234375 0.0359375
2 0.8640625 0.27265625 0.00234375 0.0328125
2 0.89140625 0.26953125 0.00234375 0.0328125
2 0.85 0.27421875 0.003125 0.0421875
2 0.88828125 0.27109375 0.00234375 0.0359375
2 0.859375 0.27578125 0.00234375 0.0390625
2 0.86796875 0.27421875 0.003125 0.0421875
2 0.9046875 0.26953125 0.00234375 0.0390625
2 0.88359375 0.27265625 0.00234375 0.0390625
2 0.896875 0.27421875 0.00234375 0.0421875
2 0.21796875 0.34609375 0.003125 0.0484375
2 0.22265625 0.34453125 0.00390625 0.0453125
2 0.9 0.27578125 0.00234375 0.0453125
2 0.56875 0.31484375 0.003125 0.0515625
2 0.5640625 0.31640625 0.003125 0.0484375
16 0.00859375 0.3765625 0.00390625 0.0515625
16 0.01484375 0.3765625 0.0046875 0.05859375
2 0.615625 0.31796875 0.00703125 0.01953125
16 0.54765625 0.328125 0.0078125 0.02578125
2 0.540625 0.3375 0.003125 0.0515625
2 0.615625 0.3390625 0.00703125 0.01640625
2 0.5578125 0.35234375 0.00703125 0.01640625
2 0.54765625 0.35546875 0.00859375 0.02265625
2 0.7984375 0.3390625 0.01328125 0.0421875
16 0.91015625 0.340625 0.0046875 0.0515625
2 0.165625 0.41875 0.0078125 0.10390625
2 0.5578125 0.378125 0.00625 0.01640625
16 0.01484375 0.44140625 0.0046875 0.05859375
2 0.89921875 0.35234375 0.01328125 0.02890625
16 0.54921875 0.38984375 0.00859375 0.02578125
16 0.88046875 0.35703125 0.00859375 0.01953125
9 0.19609375 0.42890625 0.03671875 0.16875
2 0.953125 0.36015625 0.00859375 0.10390625
2 0.9625 0.35859375 0.00625 0.10078125
2 0.98125 0.35703125 0.00625 0.09765625
2 0.990625 0.35546875 0.00625 0.09453125
2 0.97265625 0.365625 0.00625 0.10078125
2 0.9984375 0.36015625 0.00234375 0.09765625
2 0.79921875 0.38984375 0.01328125 0.0328125
2 0.8375 0.38828125 0.0046875 0.075
2 0.8453125 0.38671875 0.0046875 0.07109375
16 0.54765625 0.425 0.0078125 0.02578125
16 0.85234375 0.39453125 0.00390625 0.0484375
16 0.9015625 0.39140625 0.0078125 0.02265625
16 0.83125 0.40078125 0.003125 0.0484375
2 0.8671875 0.40078125 0.01328125 0.02890625
2 0.8171875 0.40546875 0.00546875 0.07109375
2 0.82421875 0.40390625 0.0046875 0.06796875
2 0.17421875 0.48671875 0.00390625 0.0453125
2 0.74609375 0.43359375 0.01328125 0.0359375
16 0.5484375 0.453125 0.0078125 0.02265625
16 0.62421875 0.453125 0.0078125 0.02265625
2 0.634375 0.4546875 0.0078125 0.01953125
9 0.58828125 0.48359375 0.0484375 0.2859375
16 0.5484375 0.490625 0.009375 0.02578125
2 0.76171875 0.465625 0.00703125 0.01640625
2 0.63359375 0.48359375 0.00703125 0.01953125
16 0.62421875 0.48671875 0.0078125 0.01953125
20 0.9 0.459375 0.0125 0.06796875
16 0.75078125 0.48515625 0.0046875 0.0484375
16 0.74453125 0.48359375 0.0046875 0.0515625
16 0.5484375 0.51796875 0.0078125 0.02265625
16 0.97265625 0.47734375 0.00859375 0.02578125
2 0.8453125 0.4921875 0.0046875 0.06796875
2 0.809375 0.496875 0.0046875 0.078125
2 0.85390625 0.49375 0.00390625 0.06484375
2 0.8296875 0.4953125 0.0046875 0.075
2 0.83828125 0.49375 0.0046875 0.07109375
16 0.62421875 0.51640625 0.0078125 0.01953125
2 0.634375 0.51796875 0.00703125 0.01640625
20 0.8671875 0.49375 0.01171875 0.06484375
2 0.771875 0.50625 0.00703125 0.10390625
2 0.78125 0.503125 0.0078125 0.10390625
2 0.8 0.50625 0.00625 0.09765625
2 0.790625 0.5046875 0.00703125 0.10078125
16 0.7640625 0.509375 0.00234375 0.0453125
2 0.76015625 0.51328125 0.00234375 0.0453125
16 0.94140625 0.49375 0.00234375 0.0453125
2 0.96484375 0.4921875 0.00390625 0.0421875
2 0.15234375 0.578125 0.0078125 0.01953125
2 0.9359375 0.496875 0.00546875 0.05859375
2 0.96015625 0.49375 0.003125 0.0453125
2 0.2328125 0.56953125 0.009375 0.02890625
2 0.98515625 0.49375 0.003125 0.0453125
2 0.17265625 0.5765625 0.0078125 0.02265625
2 0.19296875 0.5765625 0.00625 0.02265625
2 0.99375 0.4921875 0.003125 0.0484375
2 0.1828125 0.575 0.00859375 0.02578125
2 0.203125 0.575 0.0078125 0.02578125
2 0.2421875 0.57109375 0.0078125 0.02578125
2 0.9796875 0.4921875 0.00234375 0.0484375
2 0.98984375 0.49375 0.003125 0.0453125
2 0.271875 0.56640625 0.009375 0.02890625
2 0.22265625 0.57109375 0.01015625 0.02578125
2 0.25234375 0.57109375 0.009375 0.02578125
2 0.1421875 0.584375 0.00703125 0.01953125
2 0.1625 0.58125 0.0078125 0.01953125
2 0.2625 0.56953125 0.01015625 0.02890625
2 0.9984375 0.49375 0.0015625 0.0453125
2 0.2125 0.575 0.00859375 0.02578125
2 0.1328125 0.5875 0.0078125 0.01953125
16 0.821875 0.51953125 0.003125 0.0515625
16 0.815625 0.51953125 0.003125 0.0453125
2 0.953125 0.5046875 0.00625 0.10078125
2 0.9734375 0.51171875 0.0078125 0.02265625
16 0.54921875 0.55390625 0.00703125 0.01640625
16 0.62578125 0.55 0.00859375 0.02265625
2 0.634375 0.5515625 0.00703125 0.01953125
20 0.88828125 0.5328125 0.01015625 0.05859375
16 0.203125 0.60703125 0.0078125 0.01953125
16 0.1625 0.61015625 0.00859375 0.02578125
16 0.22265625 0.60390625 0.009375 0.02578125
16 0.26328125 0.60078125 0.0078125 0.02578125
16 0.1328125 0.6171875 0.009375 0.0328125
16 0.24296875 0.60703125 0.00859375 0.01953125
16 0.14296875 0.615625 0.00859375 0.02890625
16 0.18203125 0.61171875 0.01015625 0.02890625
16 0.94765625 0.5328125 0.003125 0.0453125
16 0.2328125 0.60546875 0.0078125 0.02890625
16 0.25234375 0.60390625 0.0078125 0.02578125
16 0.15234375 0.615625 0.00859375 0.02265625
16 0.271875 0.60234375 0.00703125 0.02265625
16 0.2125 0.60703125 0.0078125 0.01953125
16 0.19296875 0.61171875 0.009375 0.02890625
16 0.17265625 0.61328125 0.01015625 0.02578125
2 0.2921875 0.60703125 0.00703125 0.09765625
2 0.2828125 0.60859375 0.00625 0.09453125
16 0.86328125 0.5515625 0.0078125 0.01953125
16 0.54921875 0.5828125 0.0078125 0.02265625
2 0.634375 0.58125 0.00703125 0.01953125
16 0.62421875 0.5859375 0.00703125 0.02265625
2 0.7375 0.5796875 0.00546875 0.08125
2 0.73046875 0.5828125 0.00546875 0.08125
16 0.16328125 0.64296875 0.00859375 0.0328125
16 0.15234375 0.64453125 0.01015625 0.02890625
16 0.25234375 0.634375 0.0078125 0.02265625
16 0.22265625 0.63671875 0.0078125 0.02578125
16 0.17265625 0.64296875 0.009375 0.0328125
16 0.24375 0.634375 0.0078125 0.02265625
16 0.1921875 0.64296875 0.0078125 0.02578125
16 0.2328125 0.63984375 0.009375 0.02578125
9 0.74921875 0.5859375 0.01015625 0.11328125
16 0.26328125 0.634375 0.0078125 0.02265625
16 0.13203125 0.65078125 0.009375 0.02265625
16 0.20234375 0.64296875 0.0078125 0.0328125
16 0.1828125 0.64296875 0.009375 0.02578125
16 0.2734375 0.63671875 0.00859375 0.02578125
16 0.2125 0.64140625 0.009375 0.02890625
16 0.14296875 0.65234375 0.0078125 0.02578125
9 0.9375 0.5765625 0.01171875 0.075
16 0.54921875 0.61875 0.0078125 0.02265625
2 0.77265625 0.59609375 0.00859375 0.02265625
2 0.78359375 0.59453125 0.0078125 0.01953125
2 0.85390625 0.5875 0.00625 0.078125
2 0.79765625 0.59609375 0.01171875 0.02890625
2 0.634375 0.61328125 0.00625 0.01953125
16 0.625 0.61875 0.00703125 0.02265625
20 0.81953125 0.59609375 0.0109375 0.05546875
2 0.809375 0.60703125 0.0046875 0.0515625
2 0.61328125 0.64140625 0.00390625 0.05546875
2 0.6171875 0.64453125 0.003125 0.0484375
16 0.54921875 0.65234375 0.00859375 0.02578125
2 0.63515625 0.64609375 0.00703125 0.01953125
16 0.62578125 0.64765625 0.00703125 0.02265625
4 0.98671875 0.625 0.02578125 0.1203125
2 0.56484375 0.6734375 0.00390625 0.0484375
2 0.56953125 0.6734375 0.00234375 0.0484375
2 0.5734375 0.6734375 0.00390625 0.0484375
2 0.57734375 0.675 0.003125 0.0453125
2 0.93984375 0.64453125 0.009375 0.02890625
16 0.55 0.68359375 0.0078125 0.02890625
2 0.77265625 0.6640625 0.0046875 0.05546875
2 0.84140625 0.659375 0.0078125 0.02578125
2 0.85234375 0.6578125 0.009375 0.02265625
20 0.8 0.6640625 0.01015625 0.06796875
16 0.809375 0.671875 0.00234375 0.05859375
20 0.81953125 0.6703125 0.01015625 0.06171875
2 0.70390625 0.70625 0.003125 0.0484375
2 0.86328125 0.6984375 0.01328125 0.02578125
2 0.7796875 0.71953125 0.009375 0.02265625
2 0.7234375 0.72421875 0.00625 0.10390625
2 0.71328125 0.72421875 0.0078125 0.10390625
16 0.8203125 0.72109375 0.0078125 0.02578125
16 0.8296875 0.72421875 0.0078125 0.01953125
2 0.7640625 0.73046875 0.01484375 0.0453125
16 0.78984375 0.73515625 0.00390625 0.0484375
20 0.8 0.77421875 0.00859375 0.06796875
16 0.78828125 0.784375 0.009375 0.02265625
2 0.578125 0.80390625 0.01171875 0.11328125
2 0.52734375 0.81953125 0.00390625 0.05546875
20 0.7640625 0.79375 0.0109375 0.06796875
2 0.7734375 0.796875 0.00546875 0.05546875
16 0.53203125 0.82109375 0.00390625 0.0515625
16 0.56796875 0.828125 0.003125 0.0515625
16 0.7875 0.81015625 0.0078125 0.02265625
2 0.51171875 0.840625 0.00859375 0.11015625
2 0.5203125 0.8421875 0.00859375 0.11328125
16 0.6109375 0.85390625 0.0078125 0.01953125
16 0.66484375 0.84609375 0.00625 0.01640625
16 0.6515625 0.85234375 0.00703125 0.01640625
16 0.6234375 0.85390625 0.0078125 0.01953125
16 0.6375 0.85390625 0.00625 0.01328125
4 0.63359375 0.94296875 0.10859375 0.0875
2 0.00234375 0.1609375 0.0046875 0.02890625
2 0.1703125 0.15078125 0.00234375 0.0484375
2 0.5859375 0.10703125 0.003125 0.0453125
2 0.046875 0.1640625 0.0046875 0.0421875
2 0.4625 0.121875 0.00390625 0.0484375
2 0.30859375 0.13828125 0.0046875 0.0484375
2 0.32421875 0.13984375 0.00390625 0.0515625
2 0.03203125 0.1703125 0.0046875 0.0484375
2 0.44765625 0.125 0.00546875 0.0484375
2 0.60078125 0.11015625 0.0046875 0.0453125
2 0.7390625 0.10078125 0.003125 0.0453125
2 0.72421875 0.10078125 0.00390625 0.0453125
2 0.86171875 0.0859375 0.003125 0.0484375
2 0.99765625 0.078125 0.00234375 0.0515625
2 0.18671875 0.1703125 0.00234375 0.0421875
2 0.0015625 0.19140625 0.003125 0.0328125
16 0.08203125 0.18515625 0.00390625 0.0453125
16 0.0640625 0.18515625 0.00390625 0.0515625
2 0.87734375 0.10390625 0.00234375 0.0453125
16 0.0703125 0.18984375 0.0046875 0.05546875
16 0.0765625 0.18671875 0.00390625 0.05546875
2 0.309375 0.18828125 0.003125 0.0453125
2 0.32421875 0.18828125 0.00234375 0.0390625
2 0.0328125 0.22265625 0.0046875 0.0421875
2 0.5859375 0.1640625 0.003125 0.0484375
2 0.17109375 0.20625 0.00234375 0.0421875
2 0.4625 0.1765625 0.00390625 0.05546875
2 0.44765625 0.1765625 0.0046875 0.0484375
2 0.046875 0.22109375 0.00390625 0.0515625
2 0.6015625 0.1609375 0.00390625 0.0484375
2 0.7234375 0.15390625 0.003125 0.0421875
2 0.7390625 0.15078125 0.003125 0.0421875
2 0.86171875 0.14296875 0.00234375 0.0390625
2 0.003125 0.23515625 0.00625 0.0484375
2 0.99765625 0.1328125 0.0015625 0.0515625
2 0.18671875 0.22421875 0.00234375 0.0390625
2 0.87734375 0.1640625 0.00234375 0.0421875