1 0.6984375 0.19453125 0.00703125 0.065625
15 0.66171875 0.20390625 0.00390625 0.046875
15 0.68046875 0.20546875 0.003125 0.05
15 0.66953125 0.20625 0.003125 0.04765625
15 0.67265625 0.20546875 0.003125 0.05
15 0.665625 0.20859375 0.00390625 0.04765625
15 0.68359375 0.2078125 0.003125 0.05078125
15 0.6765625 0.209375 0.00390625 0.04921875
15 0.56015625 0.2359375 0.01015625 0.0203125
15 0.58828125 0.2359375 0.009375 0.02265625
15 0.56875 0.2359375 0.0078125 0.0234375
15 0.61484375 0.2375 0.00859375 0.0265625
15 0.57890625 0.23984375 0.009375 0.02734375
15 0.59609375 0.2390625 0.0078125 0.01796875
15 0.60625 0.240625 0.00859375 0.025
1 0.55234375 0.24765625 0.0046875 0.04609375
15 0.540625 0.25 0.00390625 0.0515625
1 0.5359375 0.24921875 0.00390625 0.053125
15 0.54375 0.25078125 0.00390625 0.04921875
15 0.54765625 0.2515625 0.003125 0.046875
15 0.53203125 0.2515625 0.0046875 0.0546875
1 0.62890625 0.2515625 0.00390625 0.03984375
1 0.6453125 0.2546875 0.003125 0.03828125
1 0.65 0.2546875 0.00390625 0.03828125
1 0.63359375 0.2578125 0.00390625 0.0453125
1 0.740625 0.26015625 0.009375 0.0828125
15 0.684375 0.2625 0.0078125 0.02421875
1 0.7484375 0.2625 0.00703125 0.07734375
1 0.75546875 0.26640625 0.00546875 0.0765625
1 0.76328125 0.26640625 0.00703125 0.06171875
1 0.625 0.26953125 0.0046875 0.0453125
1 0.5609375 0.27109375 0.00859375 0.0296875
15 0.8875 0.2828125 0.009375 0.0234375
1 0.82421875 0.28671875 0.00859375 0.0234375
15 0.9109375 0.30078125 0.00390625 0.04453125
9 0.6859375 0.30390625 0.0203125 0.0578125
1 0.8875 0.30625 0.0078125 0.0171875
20 0.9015625 0.30859375 0.01171875 0.0703125
1 0.84765625 0.315625 0.00390625 0.046875
1 0.8625 0.31484375 0.0046875 0.04140625
1 0.85703125 0.31484375 0.0046875 0.04609375
1 0.8328125 0.31640625 0.00390625 0.03828125
1 0.7015625 0.32265625 0.0046875 0.05078125
1 0.8875 0.328125 0.00859375 0.01875
1 0.66328125 0.33828125 0.00703125 0.07734375
1 0.6703125 0.340625 0.00859375 0.07109375
1 0.7640625 0.34453125 0.0046875 0.0453125
15 0.76875 0.346875 0.00390625 0.04609375
1 0.7734375 0.346875 0.00390625 0.0453125
22 0.7828125 0.35546875 0.01015625 0.09609375
15 0.9015625 0.36015625 0.00859375 0.0234375
15 0.884375 0.36015625 0.009375 0.0234375
15 0.91875 0.384375 0.0046875 0.053125
15 0.9015625 0.3859375 0.009375 0.0296875
15 0.884375 0.3859375 0.0078125 0.01796875
9 0.5953125 0.4078125 0.05546875 0.2953125
1 0.79609375 0.415625 0.009375 0.0734375
1 0.80625 0.41640625 0.0109375 0.075
1 0.815625 0.4171875 0.01015625 0.06640625
1 0.9265625 0.4171875 0.00703125 0.0734375
15 0.82265625 0.4328125 0.0046875 0.04921875
15 0.91875 0.43359375 0.0046875 0.03828125
15 0.865625 0.446875 0.00390625 0.04921875
1 0.8609375 0.4484375 0.0046875 0.05
15 0.778125 0.45078125 0.00390625 0.0421875
15 0.89296875 0.45078125 0.00390625 0.04609375
15 0.84140625 0.4515625 0.00546875 0.04375
15 0.77421875 0.45234375 0.003125 0.05390625
1 0.8296875 0.453125 0.00390625 0.04765625
15 0.7828125 0.453125 0.00390625 0.04375
1 0.7703125 0.453125 0.0046875 0.0515625
1 0.834375 0.453125 0.00546875 0.04453125
15 0.78828125 0.45546875 0.0046875 0.04921875
1 0.88671875 0.45546875 0.00625 0.078125
1 0.87890625 0.45703125 0.00625 0.0703125
1 0.85390625 0.47265625 0.0046875 0.0453125
15 0.84765625 0.475 0.00546875 0.04921875
1 0.8984375 0.48671875 0.00546875 0.04375
15 0.903125 0.4890625 0.003125 0.040625
1 0.90703125 0.4890625 0.0046875 0.0484375
1 0.92578125 0.49375 0.0078125 0.0578125
20 0.915625 0.496875 0.01015625 0.06640625
15 0.87265625 0.51953125 0.00390625 0.04921875
15 0.86796875 0.521875 0.00390625 0.05
15 0.84140625 0.5265625 0.00390625 0.0515625
15 0.8359375 0.5265625 0.003125 0.0484375
22 0.85234375 0.5265625 0.0125 0.04453125
1 0.90703125 0.53828125 0.0046875 0.04453125
15 0.903125 0.53984375 0.0046875 0.04375
1 0.56328125 0.5640625 0.00859375 0.02421875
15 0.07109375 0.57890625 0.00390625 0.04609375
15 0.075 0.5796875 0.00390625 0.04453125
15 0.925 0.5796875 0.009375 0.01796875
15 0.0796875 0.58046875 0.0046875 0.05
1 0.58046875 0.58671875 0.009375 0.028125
1 0.02734375 0.58671875 0.01328125 0.0515625
1 0.5625 0.58828125 0.01015625 0.02734375
15 0.60078125 0.5875 0.00859375 0.0265625
1 0.5921875 0.5890625 0.009375 0.0296875
15 0.07890625 0.63359375 0.00859375 0.025
15 0.0875 0.6359375 0.00859375 0.0296875
15 0.07734375 0.6609375 0.00859375 0.01953125
15 0.0875 0.6609375 0.00859375 0.01953125
15 0.078125 0.68671875 0.00859375 0.025
15 0.0875 0.68828125 0.00859375 0.02109375
15 0.078125 0.71484375 0.01015625 0.021875
15 0.0875 0.7140625 0.009375 0.0234375
1 0.07734375 0.7453125 0.00625 0.028125
1 0.11640625 0.78671875 0.0109375 0.025
1 0.0984375 0.7890625 0.00859375 0.02578125
15 0.13203125 0.78984375 0.01328125 0.02734375
1 0.0875 0.79140625 0.009375 0.02421875
15 0.234375 0.7921875 0.0109375 0.028125
1 0.22265625 0.79140625 0.009375 0.02734375
1 0.25703125 0.79453125 0.009375 0.0328125
1 0.31796875 0.79375 0.0078125 0.028125
15 0.246875 0.7953125 0.009375 0.03125
1 0.35546875 0.79609375 0.0078125 0.02109375
15 0.30859375 0.79609375 0.009375 0.0296875
1 0.36796875 0.796875 0.009375 0.02734375
15 0.296875 0.796875 0.009375 0.0234375
15 0.3796875 0.79921875 0.00703125 0.0234375
15 0.390625 0.8 0.0078125 0.0296875
1 0.42890625 0.8015625 0.009375 0.028125
1 0.44296875 0.80078125 0.009375 0.0265625
15 0.503125 0.803125 0.0078125 0.025
15 0.49296875 0.80390625 0.0078125 0.02578125
1 0.540625 0.80703125 0.009375 0.02421875
1 0.65625 0.81015625 0.0109375 0.02734375
15 0.584375 0.81171875 0.009375 0.0234375
15 0.66875 0.8125 0.0078125 0.0203125
1 0.68984375 0.8125 0.009375 0.028125
15 0.5609375 0.8125 0.009375 0.02734375
15 0.6796875 0.81328125 0.0078125 0.021875
15 0.596875 0.81484375 0.00859375 0.021875
1 0.81640625 0.81640625 0.0109375 0.02734375
15 0.57421875 0.81640625 0.01015625 0.02421875
15 0.61875 0.8171875 0.01015625 0.02578125
1 0.74609375 0.81640625 0.01171875 0.025
15 0.60625 0.81796875 0.009375 0.0234375
15 0.62890625 0.8171875 0.01015625 0.021875
15 0.85625 0.81796875 0.00859375 0.0203125
15 0.86796875 0.81875 0.01015625 0.02578125
1 0.8453125 0.82109375 0.0109375 0.02578125
1 0.88984375 0.82109375 0.0109375 0.02265625
15 0.8796875 0.8234375 0.00859375 0.0234375