15 0.9 0.24375 0.003125 0.04765625
15 0.9125 0.24453125 0.003125 0.0546875
15 0.90859375 0.2453125 0.003125 0.04609375
15 0.91640625 0.2453125 0.003125 0.04609375
15 0.053125 0.24453125 0.003125 0.04140625
15 0.90390625 0.246875 0.0046875 0.05390625
15 0.04921875 0.24609375 0.00234375 0.03515625
15 0.03359375 0.24765625 0.003125 0.04296875
15 0.0453125 0.24765625 0.003125 0.0375
15 0.9203125 0.24921875 0.00390625 0.04921875
15 0.04140625 0.2484375 0.003125 0.0390625
15 0.0375 0.25 0.003125 0.04296875
1 0.02265625 0.25546875 0.015625 0.040625
1 0.21484375 0.25859375 0.00234375 0.03828125
1 0.20625 0.259375 0.00234375 0.03359375
1 0.20234375 0.2609375 0.00234375 0.0375
1 0.1859375 0.26171875 0.00234375 0.0390625
1 0.21875 0.2625 0.0015625 0.03984375
1 0.18203125 0.2609375 0.00234375 0.0375
1 0.18984375 0.2609375 0.00234375 0.0375
1 0.19453125 0.26171875 0.00234375 0.0390625
1 0.2109375 0.26171875 0.00234375 0.0390625
1 0.19765625 0.26328125 0.003125 0.0328125
15 0.68515625 0.29609375 0.00390625 0.05
15 0.68046875 0.2953125 0.003125 0.0484375
1 0.02578125 0.3046875 0.00859375 0.03046875
1 0.78671875 0.3171875 0.00234375 0.0375
1 0.815625 0.31875 0.003125 0.04140625
1 0.79453125 0.31953125 0.00234375 0.03359375
1 0.81015625 0.3203125 0.00234375 0.03515625
1 0.80234375 0.32109375 0.00234375 0.03203125
1 0.82734375 0.32109375 0.003125 0.03203125
1 0.790625 0.321875 0.003125 0.0390625
1 0.82421875 0.321875 0.003125 0.0328125
1 0.7984375 0.32109375 0.00234375 0.0359375
1 0.80625 0.321875 0.003125 0.03828125
1 0.8390625 0.3234375 0.00234375 0.03671875
1 0.8203125 0.32421875 0.00234375 0.0375
1 0.83203125 0.32421875 0.003125 0.0390625
1 0.221875 0.32578125 0.003125 0.04609375
1 0.22578125 0.32578125 0.00390625 0.0421875
1 0.83515625 0.32578125 0.00234375 0.0421875
1 0.53671875 0.32890625 0.003125 0.04765625
1 0.53359375 0.33046875 0.003125 0.04609375
15 0.0328125 0.33359375 0.00390625 0.04921875
15 0.0390625 0.334375 0.0046875 0.05390625
1 0.5796875 0.33515625 0.00703125 0.0203125
15 0.51875 0.33828125 0.0078125 0.02578125
1 0.51171875 0.3484375 0.003125 0.04765625
1 0.9546875 0.35 0.01640625 0.040625
1 0.57890625 0.3578125 0.00625 0.015625
1 0.5265625 0.3625 0.00625 0.01640625
1 0.51796875 0.36796875 0.0078125 0.02265625
1 0.74375 0.37578125 0.01171875 0.0390625
15 0.84375 0.38515625 0.00390625 0.04765625
1 0.17421875 0.3875 0.00625 0.09375
1 0.5265625 0.38671875 0.00546875 0.015625
15 0.03828125 0.3921875 0.00390625 0.053125
1 0.834375 0.3953125 0.0125 0.028125
15 0.51875 0.3953125 0.00859375 0.02421875
15 0.8171875 0.39765625 0.00859375 0.0203125
9 0.2015625 0.3984375 0.03203125 0.15078125
1 0.9546875 0.40078125 0.0171875 0.04375
1 0.88203125 0.4046875 0.0078125 0.09609375
1 0.890625 0.40703125 0.00546875 0.0921875
1 0.9078125 0.40703125 0.00546875 0.0875
1 0.91640625 0.40859375 0.00546875 0.0859375
15 0.0046875 0.41015625 0.00390625 0.053125
1 0.89921875 0.4109375 0.00546875 0.090625
1 0.94140625 0.4125 0.00546875 0.08515625
1 0.9328125 0.41171875 0.00546875 0.09296875
1 0.925 0.4125 0.00546875 0.08515625
1 0.74375 0.41875 0.0125 0.03046875
1 0.77890625 0.421875 0.00390625 0.0671875
1 0.7859375 0.42265625 0.0046875 0.06484375
15 0.51875 0.425 0.0078125 0.025
15 0.7921875 0.43046875 0.003125 0.04453125
15 0.8359375 0.43046875 0.0078125 0.021875
15 0.77265625 0.434375 0.003125 0.04375
1 0.80546875 0.4359375 0.01171875 0.028125
1 0.76015625 0.4359375 0.00546875 0.0640625
1 0.76640625 0.43671875 0.0046875 0.06171875
1 0.18125 0.44765625 0.00390625 0.04296875
1 0.9546875 0.4515625 0.01640625 0.04296875
1 0.69609375 0.4546875 0.01171875 0.034375
15 0.51875 0.453125 0.0078125 0.02265625
15 0.58671875 0.459375 0.0078125 0.02265625
1 0.5953125 0.46015625 0.00703125 0.01875
9 0.55390625 0.484375 0.04296875 0.2515625
15 0.51796875 0.4859375 0.00859375 0.025
1 0.71015625 0.4859375 0.00625 0.01640625
1 0.5953125 0.4890625 0.00703125 0.01875
15 0.58671875 0.4890625 0.0078125 0.01875
20 0.834375 0.490625 0.0109375 0.0625
15 0.70078125 0.50078125 0.00390625 0.04609375
15 0.6953125 0.5015625 0.00390625 0.04765625
15 0.51796875 0.51328125 0.00703125 0.021875
15 0.90078125 0.51484375 0.0078125 0.02421875
1 0.78515625 0.515625 0.0046875 0.06328125
1 0.75234375 0.515625 0.0046875 0.07109375
1 0.79296875 0.51640625 0.00390625 0.06015625
1 0.771875 0.51640625 0.0046875 0.06953125
1 0.778125 0.51640625 0.0046875 0.0640625
15 0.58671875 0.5171875 0.00703125 0.0203125
1 0.5953125 0.51953125 0.00703125 0.0171875
20 0.80546875 0.51875 0.0109375 0.06015625
1 0.71953125 0.52109375 0.00625 0.0953125
1 0.728125 0.52109375 0.00703125 0.0953125
1 0.74453125 0.521875 0.00546875 0.08828125
1 0.7359375 0.5234375 0.00625 0.0921875
15 0.7125 0.5234375 0.00234375 0.0421875
1 0.70859375 0.52578125 0.00234375 0.0421875
15 0.871875 0.528125 0.00234375 0.04296875
1 0.89296875 0.5265625 0.003125 0.040625
1 0.16171875 0.528125 0.00703125 0.0203125
1 0.8671875 0.52890625 0.0046875 0.053125
1 0.88828125 0.52734375 0.003125 0.04140625
1 0.234375 0.52890625 0.00859375 0.0265625
1 0.9109375 0.528125 0.003125 0.04296875
1 0.1796875 0.52890625 0.00703125 0.02265625
1 0.1984375 0.52890625 0.00625 0.02265625
1 0.91953125 0.52890625 0.003125 0.04375
1 0.1890625 0.5296875 0.0078125 0.02421875
1 0.2078125 0.5296875 0.00703125 0.02421875
1 0.24296875 0.5296875 0.0078125 0.02421875
1 0.90625 0.52890625 0.00234375 0.0453125
1 0.91484375 0.53046875 0.003125 0.0421875
1 0.26953125 0.5296875 0.00859375 0.02734375
1 0.225 0.53046875 0.00859375 0.025
1 0.2515625 0.53125 0.00859375 0.0265625
1 0.153125 0.53125 0.00703125 0.01796875
1 0.17109375 0.53125 0.00703125 0.01796875
1 0.2609375 0.53125 0.00859375 0.02734375
1 0.92421875 0.53125 0.003125 0.0390625
1 0.215625 0.5328125 0.00859375 0.02578125
1 0.92890625 0.53203125 0.003125 0.04140625
1 0.14453125 0.5328125 0.00703125 0.0203125
1 0.93359375 0.534375 0.003125 0.04140625
1 0.9421875 0.5359375 0.003125 0.04140625
15 0.7640625 0.5375 0.003125 0.04765625
15 0.75859375 0.53671875 0.003125 0.04296875
1 0.8828125 0.5375 0.00546875 0.09296875
1 0.9 0.54296875 0.0078125 0.02265625
15 0.51875 0.5421875 0.00703125 0.0171875
15 0.58671875 0.54765625 0.0078125 0.02265625
1 0.5953125 0.54921875 0.00625 0.01875
20 0.8234375 0.55625 0.009375 0.0546875
15 0.20703125 0.55859375 0.00703125 0.01875
15 0.17109375 0.559375 0.00859375 0.025
15 0.225 0.559375 0.00859375 0.025
15 0.26171875 0.559375 0.0078125 0.025
15 0.14453125 0.5609375 0.00859375 0.03125
15 0.2421875 0.559375 0.0078125 0.01953125
15 0.153125 0.559375 0.0078125 0.02890625
15 0.1890625 0.559375 0.00859375 0.02890625
15 0.8765625 0.5609375 0.003125 0.040625
15 0.234375 0.5609375 0.0078125 0.02734375
15 0.2515625 0.56171875 0.0078125 0.025
15 0.16171875 0.56015625 0.0078125 0.021875
15 0.26953125 0.56015625 0.00703125 0.021875
15 0.21640625 0.5609375 0.00703125 0.01953125
15 0.1984375 0.5625 0.00859375 0.02734375
15 0.1796875 0.56171875 0.009375 0.02421875
1 0.2875 0.5671875 0.00625 0.0890625
1 0.27890625 0.565625 0.00546875 0.0859375
15 0.80078125 0.56796875 0.00703125 0.01953125
15 0.51875 0.56875 0.0078125 0.02109375
1 0.5953125 0.57421875 0.00625 0.01875
15 0.58671875 0.5765625 0.00703125 0.02265625
1 0.68828125 0.58671875 0.00546875 0.07421875
1 0.68125 0.5875 0.00546875 0.07578125
15 0.171875 0.58671875 0.0078125 0.03046875
15 0.16171875 0.58828125 0.009375 0.028125
15 0.25234375 0.58671875 0.0078125 0.021875
15 0.22578125 0.58828125 0.0078125 0.02421875
15 0.18046875 0.5875 0.00859375 0.03203125
15 0.24375 0.5875 0.00703125 0.0234375
15 0.19765625 0.5890625 0.0078125 0.025
15 0.234375 0.58828125 0.00859375 0.025
9 0.69921875 0.5890625 0.00859375 0.10234375
15 0.26171875 0.5890625 0.00703125 0.02109375
15 0.14375 0.5890625 0.00859375 0.02109375
15 0.20703125 0.58984375 0.00703125 0.03125
15 0.1890625 0.590625 0.00859375 0.025
15 0.2703125 0.590625 0.00859375 0.025
15 0.21640625 0.590625 0.00859375 0.02890625
15 0.153125 0.59140625 0.00703125 0.02578125
9 0.86796875 0.6 0.0109375 0.06953125
15 0.51796875 0.60078125 0.00703125 0.02265625
1 0.71953125 0.603125 0.00859375 0.02265625
1 0.7296875 0.6015625 0.00703125 0.0203125
1 0.79296875 0.60234375 0.00546875 0.07109375
1 0.7421875 0.60546875 0.0109375 0.02734375
1 0.5953125 0.60625 0.00625 0.01875
15 0.58671875 0.60703125 0.00625 0.02109375
20 0.76171875 0.60625 0.01015625 0.05078125
1 0.75234375 0.61640625 0.00390625 0.0484375
1 0.57578125 0.628125 0.003125 0.05078125
1 0.5796875 0.63046875 0.003125 0.0453125
15 0.51875 0.63125 0.0078125 0.025
1 0.5953125 0.63515625 0.00625 0.01875
15 0.5875 0.63515625 0.00703125 0.02265625
4 0.92421875 0.6453125 0.04609375 0.1015625
1 0.5328125 0.653125 0.00390625 0.04609375
1 0.53671875 0.6515625 0.003125 0.04375
1 0.53984375 0.65234375 0.00390625 0.0453125
1 0.54453125 0.6546875 0.003125 0.040625
1 0.86875 0.659375 0.00859375 0.0265625
15 0.51875 0.6609375 0.0078125 0.0265625
1 0.71953125 0.6640625 0.00390625 0.05078125
1 0.78125 0.66484375 0.0078125 0.02421875
1 0.790625 0.665625 0.00859375 0.021875
20 0.74375 0.665625 0.009375 0.0625
15 0.75234375 0.67421875 0.003125 0.053125
20 0.76171875 0.6765625 0.009375 0.05625
1 0.6578125 0.6953125 0.003125 0.04609375
1 0.8 0.703125 0.0125 0.025
1 0.72578125 0.7109375 0.00859375 0.02265625
1 0.67421875 0.7109375 0.00546875 0.09453125
1 0.665625 0.71328125 0.00625 0.09453125
15 0.7625 0.71875 0.0078125 0.025
15 0.77109375 0.7203125 0.0078125 0.01953125
1 0.71171875 0.7203125 0.01328125 0.04140625
15 0.73515625 0.72890625 0.00390625 0.04453125
20 0.74375 0.76640625 0.00859375 0.0625
15 0.7328125 0.76875 0.00859375 0.02109375
1 0.54375 0.771875 0.01015625 0.10390625
1 0.4984375 0.7796875 0.00390625 0.05234375
20 0.7109375 0.78046875 0.01015625 0.06328125
1 0.71953125 0.7828125 0.00546875 0.05
15 0.503125 0.78125 0.00390625 0.04765625
15 0.534375 0.790625 0.003125 0.046875
15 0.7328125 0.79609375 0.00703125 0.021875
1 0.48359375 0.79765625 0.0078125 0.1015625
1 0.49140625 0.80078125 0.00703125 0.10390625
15 0.5734375 0.81953125 0.0078125 0.01953125
15 0.621875 0.81875 0.00625 0.01484375
15 0.61015625 0.81953125 0.00703125 0.015625
15 0.584375 0.81953125 0.0078125 0.01953125
15 0.59765625 0.82109375 0.00625 0.0140625
4 0.59375 0.9328125 0.09765625 0.134375
1 0.02578125 0.1390625 0.00703125 0.021875
1 0.17890625 0.14609375 0.00234375 0.04453125
1 0.553125 0.146875 0.003125 0.0421875
1 0.06875 0.14609375 0.00390625 0.040625
1 0.4421875 0.1484375 0.00390625 0.04609375
1 0.30390625 0.1484375 0.00390625 0.04609375
1 0.3171875 0.14921875 0.00390625 0.046875
1 0.0546875 0.15078125 0.0046875 0.046875
1 0.428125 0.15 0.0046875 0.04453125
1 0.56640625 0.1515625 0.00390625 0.04296875
1 0.690625 0.1515625 0.003125 0.0421875
1 0.67734375 0.1515625 0.00390625 0.04375
1 0.8015625 0.15234375 0.003125 0.04453125
1 0.93828125 0.15546875 0.003125 0.04140625
1 0.92421875 0.1578125 0.003125 0.04609375
1 0.19375 0.1625 0.00234375 0.03828125
1 0.025 0.1640625 0.0078125 0.0234375
15 0.09921875 0.16875 0.00390625 0.04140625
15 0.08359375 0.1671875 0.00390625 0.04765625
1 0.815625 0.16875 0.003125 0.04140625
15 0.08984375 0.16953125 0.00390625 0.05234375
15 0.09453125 0.17109375 0.00390625 0.05078125
15 0.9609375 0.17578125 0.003125 0.04609375
1 0.978125 0.1765625 0.00859375 0.0265625
15 0.965625 0.1765625 0.003125 0.0484375
15 0.95546875 0.178125 0.0046875 0.04296875
15 0.96953125 0.17734375 0.00390625 0.04921875
1 0.30390625 0.19296875 0.003125 0.040625
1 0.3171875 0.19453125 0.003125 0.03515625
1 0.0546875 0.1953125 0.00390625 0.040625
1 0.55390625 0.19453125 0.003125 0.04453125
1 0.1796875 0.196875 0.00234375 0.0390625
1 0.4421875 0.19609375 0.003125 0.05234375
1 0.42890625 0.1953125 0.00390625 0.0453125
1 0.06796875 0.196875 0.00390625 0.04921875
1 0.56640625 0.19765625 0.003125 0.04609375
1 0.67734375 0.1984375 0.003125 0.03828125
1 0.690625 0.2015625 0.003125 0.03984375
1 0.8015625 0.2015625 0.003125 0.03515625
1 0.9390625 0.203125 0.00390625 0.04375
1 0.02265625 0.20625 0.0171875 0.040625
1 0.92421875 0.20859375 0.003125 0.04453125
1 0.19375 0.2125 0.003125 0.03515625
15 0.98046875 0.215625 0.00859375 0.0265625
1 0.815625 0.2234375 0.003125 0.03828125