1 0.0359375 0.275 0.00625 0.07421875
15 0.103125 0.2765625 0.00390625 0.0671875
15 0.3703125 0.27890625 0.0078125 0.02265625
15 0.15234375 0.2796875 0.00625 0.07890625
1 0.09609375 0.28125 0.00625 0.08203125
1 0.08203125 0.28203125 0.00703125 0.08359375
1 0.0890625 0.28359375 0.00625 0.08125
1 0.05703125 0.284375 0.003125 0.06015625
1 0.06171875 0.2828125 0.003125 0.05703125
1 0.06796875 0.28359375 0.00703125 0.0859375
1 0.075 0.28359375 0.00625 0.0859375
1 0.3390625 0.03125 0.0078125 0.02890625
15 0.31015625 0.30546875 0.00703125 0.0265625
15 0.3703125 0.30625 0.00703125 0.0328125
15 0.3703125 0.33359375 0.00625 0.02734375
15 0.246875 0.33515625 0.00703125 0.03046875
1 0.509375 0.34296875 0.003125 0.05234375
1 0.50546875 0.34375 0.003125 0.0546875
1 0.35859375 0.0359375 0.0078125 0.028125
1 0.4921875 0.3640625 0.00703125 0.08359375
15 0.3703125 0.36796875 0.00625 0.025
15 0.271875 0.3734375 0.0078125 0.03671875
1 0.52421875 0.3734375 0.01015625 0.04765625
15 0.23046875 0.37421875 0.0078125 0.03828125
15 0.221875 0.3765625 0.00703125 0.0375
15 0.246875 0.37578125 0.0078125 0.0359375
15 0.2546875 0.3765625 0.0078125 0.03203125
15 0.26328125 0.3765625 0.0078125 0.03203125
15 0.21328125 0.37734375 0.0078125 0.0328125
15 0.23828125 0.37734375 0.00703125 0.03828125
15 0.2046875 0.37890625 0.0078125 0.0359375
15 0.16328125 0.37734375 0.00703125 0.03359375
15 0.1796875 0.37890625 0.0078125 0.03671875
15 0.18828125 0.3796875 0.0078125 0.0328125
15 0.196875 0.38046875 0.0078125 0.034375
15 0.17109375 0.38046875 0.0078125 0.040625
15 0.1546875 0.38046875 0.0078125 0.034375
15 0.13828125 0.3828125 0.0078125 0.03359375
15 0.1296875 0.3828125 0.00859375 0.03828125
15 0.14609375 0.38125 0.0078125 0.0359375
15 0.27890625 0.39453125 0.0046875 0.07265625
1 0.37890625 0.40546875 0.00625 0.02890625
15 0.2625 0.4140625 0.0078125 0.03515625
15 0.246875 0.4140625 0.00703125 0.03046875
15 0.2546875 0.415625 0.0078125 0.0328125
15 0.1546875 0.415625 0.0078125 0.0328125
15 0.16328125 0.415625 0.0078125 0.0328125
15 0.271875 0.41484375 0.0078125 0.03125
15 0.21328125 0.4171875 0.0078125 0.03046875
15 0.2296875 0.41640625 0.00703125 0.03515625
15 0.23828125 0.41640625 0.0078125 0.03515625
15 0.1796875 0.41640625 0.0078125 0.03046875
15 0.22109375 0.41875 0.0078125 0.03515625
15 0.18828125 0.4171875 0.00703125 0.03203125
15 0.2046875 0.4171875 0.0078125 0.03203125
15 0.196875 0.41796875 0.0078125 0.0328125
15 0.146875 0.4203125 0.0078125 0.03125
15 0.17109375 0.4203125 0.0078125 0.03125
15 0.13828125 0.42109375 0.0078125 0.03359375
15 0.1296875 0.42109375 0.0078125 0.03359375
15 0.36640625 0.43359375 0.00703125 0.02578125
1 0.14375 0.04453125 0.00703125 0.02890625
15 0.31328125 0.44609375 0.0046875 0.0609375
1 0.271875 0.4515625 0.0078125 0.034375
1 0.246875 0.4515625 0.0078125 0.03359375
1 0.23046875 0.453125 0.00703125 0.03125
1 0.26328125 0.453125 0.00703125 0.03203125
1 0.28046875 0.45390625 0.0078125 0.03359375
1 0.221875 0.453125 0.0078125 0.03125
1 0.25546875 0.45390625 0.0078125 0.034375
1 0.321875 0.45234375 0.003125 0.05703125
15 0.171875 0.4546875 0.00859375 0.034375
1 0.23828125 0.45390625 0.0078125 0.034375
1 0.31796875 0.4546875 0.003125 0.05703125
1 0.2046875 0.4546875 0.0078125 0.03515625
1 0.21328125 0.45625 0.0078125 0.0375
1 0.1625 0.4546875 0.00703125 0.034375
1 0.1546875 0.45703125 0.0078125 0.03984375
1 0.196875 0.45703125 0.0078125 0.034375
1 0.13828125 0.459375 0.00703125 0.0328125
1 0.14609375 0.459375 0.00703125 0.0390625
1 0.18828125 0.45859375 0.0078125 0.03671875
1 0.12890625 0.46015625 0.00859375 0.03515625
1 0.13359375 0.0453125 0.00703125 0.03046875
20 0.0640625 0.046875 0.009375 0.08828125
15 0.36640625 0.4671875 0.00703125 0.02734375
15 0.95703125 0.48125 0.00859375 0.0390625
1 0.03125 0.4859375 0.00390625 0.0546875
15 0.88984375 0.4890625 0.0078125 0.03359375
1 0.01875 0.49375 0.00625 0.08046875
15 0.02578125 0.49921875 0.00546875 0.0859375
1 0.05234375 0.053125 0.00390625 0.0671875
15 0.95703125 0.5234375 0.0078125 0.0296875
15 0.909375 0.53125 0.003125 0.0671875
15 0.890625 0.53046875 0.00859375 0.028125
15 0.1 0.55 0.003125 0.05625
15 0.09296875 0.55 0.003125 0.0515625
15 0.09609375 0.55234375 0.003125 0.05546875
15 0.10390625 0.55390625 0.00390625 0.05234375
15 0.909375 0.60234375 0.0046875 0.07265625
1 0.01328125 0.609375 0.0046875 0.07109375
1 0.0765625 0.609375 0.0109375 0.0546875
1 0.94140625 0.615625 0.01015625 0.05078125
1 0.74375 0.62109375 0.0109375 0.05078125
1 0.92890625 0.6234375 0.00703125 0.028125
1 0.86171875 0.6234375 0.01015625 0.04921875
1 0.15234375 0.625 0.0109375 0.05390625
15 0.2625 0.0640625 0.00859375 0.0296875
1 0.4640625 0.628125 0.01015625 0.0484375
1 0.5453125 0.63203125 0.01015625 0.0515625
1 0.26640625 0.63984375 0.0109375 0.05078125
1 0.115625 0.06796875 0.01015625 0.053125
1 0.365625 0.06796875 0.00625 0.03203125
20 0.10390625 0.0703125 0.01015625 0.08046875
15 0.2890625 0.07109375 0.00703125 0.021875
1 0.09296875 0.07109375 0.00625 0.08203125
1 0.02265625 0.68515625 0.00390625 0.06328125
15 0.00859375 0.68671875 0.003125 0.06171875
1 0.01328125 0.68671875 0.00390625 0.06171875
1 0.028125 0.68671875 0.0046875 0.06171875
1 0.0328125 0.6859375 0.0046875 0.06640625
1 0.01796875 0.6875 0.00390625 0.06328125
15 0.9890625 0.6953125 0.00390625 0.06328125
1 0.0390625 0.6984375 0.00625 0.08515625
15 0.22734375 0.70078125 0.00859375 0.040625
1 0.73125 0.70625 0.00625 0.0296875
1 0.78203125 0.71640625 0.00546875 0.07734375
15 0.95546875 0.72109375 0.00546875 0.07109375
1 0.62265625 0.7265625 0.00625 0.08203125
1 0.58359375 0.728125 0.00625 0.084375
1 0.8515625 0.7328125 0.00859375 0.034375
1 0.82421875 0.73515625 0.01015625 0.05
1 0.93203125 0.73515625 0.0078125 0.03828125
1 0.73203125 0.73828125 0.0078125 0.034375
15 0.48046875 0.7390625 0.0046875 0.06796875
1 0.10703125 0.74140625 0.00625 0.08984375
1 0.42421875 0.74609375 0.01015625 0.04921875
1 0.65546875 0.74765625 0.0078125 0.03671875
1 0.228125 0.75390625 0.0109375 0.0546875
1 0.55078125 0.753125 0.0078125 0.0359375
1 0.53828125 0.75546875 0.00703125 0.03515625
1 0.45703125 0.7578125 0.00859375 0.03984375
1 0.25859375 0.7625 0.00859375 0.028125
1 0.153125 0.77109375 0.0078125 0.028125
1 0.059375 0.771875 0.00859375 0.040625
1 0.14140625 0.7734375 0.00703125 0.0328125
15 0.08515625 0.08203125 0.00703125 0.11484375
1 0.07734375 0.0828125 0.00625 0.08359375
15 0.14375 0.0828125 0.009375 0.03515625
15 0.13359375 0.0875 0.00703125 0.0328125
15 0.2890625 0.0984375 0.00703125 0.028125
15 0.2625 0.1015625 0.0078125 0.03828125
15 0.36953125 0.103125 0.00546875 0.02578125
15 0.1796875 0.10703125 0.00859375 0.03828125
1 0.0453125 0.11953125 0.01015625 0.04765625
1 0.13359375 0.12265625 0.00703125 0.0328125
15 0.14296875 0.125 0.0078125 0.02578125
15 0.3703125 0.1359375 0.00703125 0.02578125
1 0.07265625 0.0140625 0.0078125 0.02265625
1 0.11484375 0.13828125 0.0109375 0.0515625
1 0.2234375 0.140625 0.00625 0.07890625
1 0.4375 0.13984375 0.00625 0.0828125
15 0.2625 0.14140625 0.0078125 0.03203125
9 0.16328125 0.14375 0.01796875 0.13984375
1 0.17890625 0.14765625 0.0078125 0.03203125
15 0.45234375 0.146875 0.0046875 0.0703125
1 0.3125 0.153125 0.00703125 0.03359375
15 0.3703125 0.1640625 0.00703125 0.02265625
15 0.13359375 0.1640625 0.0078125 0.0328125
15 0.14375 0.165625 0.00859375 0.0359375
1 0.0453125 0.175 0.0109375 0.05
15 0.2625 0.178125 0.00703125 0.03359375
1 0.09375 0.184375 0.00546875 0.084375
1 0.28984375 0.18671875 0.00625 0.02890625
20 0.0796875 0.18671875 0.01015625 0.0625
20 0.1046875 0.1890625 0.01171875 0.07734375
15 0.0875 0.18828125 0.00390625 0.065625
15 0.2625 0.01953125 0.0078125 0.034375
15 0.3703125 0.19296875 0.00703125 0.025
15 0.14375 0.20390625 0.00859375 0.03046875
15 0.2734375 0.20703125 0.01015625 0.04765625
15 0.4 0.209375 0.00859375 0.03671875
1 0.409375 0.21171875 0.0109375 0.0515625
15 0.2625 0.21796875 0.0078125 0.03203125
15 0.3703125 0.21953125 0.00703125 0.02421875
1 0.04453125 0.23359375 0.01015625 0.046875
15 0.14375 0.2390625 0.0078125 0.0296875
9 0.33984375 0.24453125 0.04453125 0.353125
1 0.51796875 0.2515625 0.00625 0.0828125
1 0.509375 0.2515625 0.00625 0.08125
15 0.3703125 0.25390625 0.00703125 0.02734375
15 0.1359375 0.2546875 0.0046875 0.071875
1 0.21015625 0.25546875 0.00625 0.07890625
1 0.22734375 0.2546875 0.00546875 0.08359375
1 0.20390625 0.25625 0.00625 0.08125
1 0.196875 0.25859375 0.00546875 0.0796875
1 0.22109375 0.25859375 0.00625 0.0796875
15 0.2625 0.259375 0.00859375 0.02734375
15 0.31015625 0.2671875 0.00703125 0.0265625
15 0.15859375 0.26796875 0.003125 0.05546875
15 0.12578125 0.26796875 0.00859375 0.0390625
1 0.14375 0.271875 0.0078125 0.02421875