15 0.41484375 0.4578125 0.021875 0.01171875
15 0.340625 0.459375 0.01953125 0.009375
9 0.8609375 0.4640625 0.103125 0.1125
9 0.73828125 0.46640625 0.09921875 0.11171875
9 0.3765625 0.4671875 0.04140625 0.05234375
9 0.61328125 0.46796875 0.09765625 0.11171875
9 0.49140625 0.47109375 0.096875 0.115625
15 0.33984375 0.47421875 0.01953125 0.01015625
9 0.28046875 0.47890625 0.0671875 0.05
9 0.2125 0.4796875 0.065625 0.0515625
9 0.4140625 0.49609375 0.02265625 0.028125
9 0.128125 0.5078125 0.08984375 0.1046875
9 0.34921875 0.515625 0.0265625 0.0390625
9 0.3859375 0.51953125 0.028125 0.03671875
9 0.28125 0.5328125 0.065625 0.0515625
9 0.2140625 0.53359375 0.0671875 0.05078125
9 0.6703125 0.5375 0.028125 0.0375
9 0.42421875 0.54140625 0.02421875 0.03515625
9 0.86015625 0.5640625 0.04140625 0.0515625
9 0.3859375 0.5671875 0.02734375 0.04140625
9 0.73671875 0.5671875 0.0421875 0.04921875
9 0.49140625 0.56875 0.040625 0.053125
9 0.61484375 0.56875 0.04140625 0.0515625
9 0.16328125 0.05703125 0.07265625 0.0578125
9 0.35 0.5703125 0.03046875 0.0375
9 0.6703125 0.5796875 0.02890625 0.034375
9 0.546875 0.5796875 0.02578125 0.03359375
9 0.42421875 0.58203125 0.02890625 0.03515625
9 0.146875 0.6109375 0.08671875 0.08203125
9 0.25625 0.63203125 0.11640625 0.1296875
9 0.7390625 0.65546875 0.0984375 0.1078125
9 0.37109375 0.65625 0.09921875 0.1078125
1 0.09453125 0.65625 0.01015625 0.03671875
1 0.08359375 0.65703125 0.00859375 0.0359375
9 0.8625 0.65703125 0.09765625 0.11171875
9 0.61640625 0.659375 0.10078125 0.11015625
9 0.4921875 0.6609375 0.0953125 0.1125
9 0.10234375 0.06953125 0.0296875 0.0359375
9 0.1515625 0.690625 0.0890625 0.0765625
1 0.08984375 0.71328125 0.025 0.0328125
9 0.9171875 0.72421875 0.025 0.0390625
9 0.79375 0.7265625 0.0265625 0.03671875
9 0.29140625 0.7265625 0.0296875 0.04140625
9 0.67109375 0.72734375 0.02578125 0.0390625
9 0.21484375 0.728125 0.02734375 0.0390625
9 0.5484375 0.7296875 0.02421875 0.03671875
9 0.253125 0.7296875 0.028125 0.03828125
1 0.3203125 0.734375 0.01640625 0.0328125
9 0.8625 0.75625 0.04140625 0.05390625
9 0.73984375 0.75703125 0.040625 0.04921875
9 0.6171875 0.75859375 0.04375 0.053125
9 0.49375 0.759375 0.03984375 0.0515625
9 0.3703125 0.76171875 0.03515625 0.05078125
9 0.16171875 0.7625 0.04453125 0.04765625
9 0.11171875 0.7640625 0.05 0.04921875
9 0.91875 0.765625 0.0265625 0.034375
9 0.671875 0.7671875 0.02734375 0.03046875
9 0.79609375 0.76796875 0.03125 0.034375
9 0.55 0.77109375 0.0234375 0.034375
4 0.0375 0.77109375 0.06875 0.3421875
9 0.428125 0.77265625 0.02734375 0.03515625
1 0.215625 0.078125 0.03125 0.0203125
9 0.28828125 0.79453125 0.059375 0.078125
9 0.21875 0.796875 0.06484375 0.075
15 0.175 0.8171875 0.025 0.0578125
9 0.8640625 0.84609375 0.10078125 0.1140625
9 0.74140625 0.846875 0.10078125 0.115625
9 0.61796875 0.84765625 0.0984375 0.11171875
9 0.85625 0.08515625 0.10078125 0.11328125
9 0.49375 0.84921875 0.10234375 0.115625
9 0.371875 0.85078125 0.09921875 0.115625
9 0.29921875 0.8640625 0.025 0.0390625
9 0.73515625 0.08671875 0.096875 0.11015625
1 0.171875 0.871875 0.01796875 0.04765625
1 0.1515625 0.88671875 0.01484375 0.01953125
9 0.6109375 0.0890625 0.0984375 0.11171875
9 0.48828125 0.0890625 0.09765625 0.11484375
9 0.3 0.90703125 0.021875 0.03359375
9 0.365625 0.0921875 0.10078125 0.1125
9 0.79765625 0.9171875 0.02578125 0.03671875
9 0.54921875 0.91953125 0.02578125 0.0375
9 0.67265625 0.91953125 0.02578125 0.0375
1 0.171875 0.9203125 0.01953125 0.04765625
9 0.4265625 0.92109375 0.02890625 0.03671875
9 0.86484375 0.94609375 0.0421875 0.0515625
9 0.74140625 0.94765625 0.03984375 0.05234375
9 0.61796875 0.94765625 0.040625 0.05234375
9 0.49609375 0.95 0.04453125 0.05234375
9 0.371875 0.9515625 0.03984375 0.05234375
9 0.3 0.9515625 0.028125 0.03671875
9 0.6734375 0.959375 0.0234375 0.03671875
9 0.55078125 0.9609375 0.02734375 0.0328125
9 0.428125 0.9625 0.025 0.034375
9 0.103125 0.11328125 0.028125 0.03046875
9 0.16328125 0.11953125 0.0734375 0.0578125
9 0.10390625 0.153125 0.028125 0.028125
9 0.91171875 0.15390625 0.02734375 0.03828125
9 0.78828125 0.15546875 0.028125 0.0375
9 0.66484375 0.15703125 0.028125 0.0375
9 0.41953125 0.159375 0.0296875 0.03671875
9 0.54453125 0.1609375 0.02890625 0.03671875
9 0.1640625 0.18359375 0.075 0.0578125
9 0.85546875 0.18515625 0.03984375 0.0484375
9 0.734375 0.18671875 0.04140625 0.05
9 0.6125 0.1875 0.04375 0.05234375
9 0.26875 0.18828125 0.07421875 0.0703125
9 0.48828125 0.190625 0.04296875 0.05
9 0.36484375 0.190625 0.03828125 0.0546875
9 0.9125 0.19375 0.02734375 0.03671875
9 0.665625 0.19765625 0.02578125 0.03046875
9 0.78828125 0.19765625 0.0265625 0.034375
9 0.54609375 0.2 0.03359375 0.03515625
9 0.4203125 0.20078125 0.03046875 0.03671875
9 0.1015625 0.203125 0.04453125 0.05078125
4 0.03515625 0.23671875 0.06875 0.340625
9 0.165625 0.2453125 0.07421875 0.06015625
9 0.2890625 0.25234375 0.04453125 0.0453125
9 0.2453125 0.2546875 0.02578125 0.04765625
9 0.103125 0.26328125 0.04609375 0.04453125
9 0.8578125 0.27421875 0.09921875 0.1125
9 0.6125 0.27734375 0.0984375 0.109375
9 0.49140625 0.278125 0.1 0.1109375
9 0.73515625 0.278125 0.09453125 0.10703125
9 0.36796875 0.28203125 0.0953125 0.109375
15 0.08125 0.30546875 0.009375 0.025
9 0.10546875 0.31171875 0.03203125 0.0328125
9 0.278125 0.3171875 0.071875 0.06953125
15 0.08046875 0.33203125 0.01015625 0.0234375
9 0.18203125 0.33671875 0.1 0.1125
9 0.9140625 0.34609375 0.03046875 0.03671875
9 0.66796875 0.34765625 0.03125 0.03671875
9 0.42109375 0.34921875 0.0265625 0.03828125
9 0.54375 0.35234375 0.028125 0.04375
9 0.10859375 0.35234375 0.0296875 0.03359375
20 0.08125 0.35546875 0.01015625 0.025
9 0.265625 0.37265625 0.03046875 0.03828125
9 0.3015625 0.37421875 0.028125 0.0359375
9 0.8578125 0.375 0.04375 0.05390625
9 0.73515625 0.37578125 0.040625 0.04765625
9 0.61328125 0.37890625 0.0390625 0.0515625
9 0.36796875 0.3828125 0.04375 0.0546875
9 0.490625 0.38359375 0.040625 0.04453125
9 0.790625 0.3859375 0.02890625 0.03515625
9 0.9140625 0.38671875 0.02734375 0.034375
9 0.66875 0.3890625 0.02734375 0.03359375
9 0.42421875 0.38984375 0.028125 0.0359375
9 0.5453125 0.3921875 0.02890625 0.02890625
9 0.2875 0.42265625 0.05 0.04453125
9 0.19375 0.4234375 0.04453125 0.04296875
9 0.24140625 0.42578125 0.04609375 0.04296875
9 0.1015625 0.42578125 0.04453125 0.0453125
9 0.14609375 0.4265625 0.04609375 0.04140625
9 0.2859375 0.04453125 0.0296875 0.04296875
15 0.4140625 0.44296875 0.021875 0.0125
15 0.33828125 0.44296875 0.01875 0.0078125