1 0.321875 0.2296875 0.00546875 0.0671875
1 0.30703125 0.2296875 0.00546875 0.06328125
1 0.2 0.24453125 0.00546875 0.06640625
1 0.93828125 0.2640625 0.0046875 0.0640625
1 0.93359375 0.265625 0.0046875 0.0671875
1 0.50546875 0.33359375 0.01015625 0.03359375
1 0.4875 0.33359375 0.009375 0.03359375
1 0.496875 0.334375 0.00859375 0.03125
1 0.478125 0.33515625 0.009375 0.03203125
1 0.46953125 0.33515625 0.009375 0.0328125
1 0.6625 0.35703125 0.009375 0.0359375
1 0.07890625 0.3578125 0.0046875 0.0640625
1 0.08671875 0.35703125 0.00546875 0.06328125
1 0.6828125 0.36484375 0.009375 0.0328125
1 0.646875 0.378125 0.00546875 0.05546875
1 0.64140625 0.38125 0.0046875 0.06171875
1 0.63671875 0.38125 0.0046875 0.0609375
15 0.709375 0.39765625 0.0046875 0.0671875
15 0.6296875 0.3984375 0.0046875 0.05859375
15 0.6203125 0.40078125 0.00546875 0.06328125
1 0.625 0.4 0.00546875 0.06171875
9 0.55234375 0.4109375 0.0125 0.065625
15 0.68125 0.41171875 0.0046875 0.05859375
15 0.07265625 0.4140625 0.0046875 0.0625
15 0.9796875 0.4140625 0.0046875 0.0625
15 0.984375 0.4140625 0.00390625 0.0625
15 0.06796875 0.4140625 0.0046875 0.06328125
1 0.575 0.41796875 0.015625 0.07578125
1 0.71796875 0.42265625 0.0109375 0.09375
1 0.609375 0.42265625 0.0109375 0.04296875
1 0.72734375 0.425 0.00703125 0.10234375
15 0.99140625 0.42734375 0.00859375 0.0296875
1 0.7 0.4296875 0.0109375 0.0984375
1 0.6890625 0.43359375 0.01171875 0.096875
1 0.4578125 0.43203125 0.009375 0.03515625
15 0.63984375 0.43359375 0.009375 0.0328125
9 0.66328125 0.4328125 0.009375 0.0640625
15 0.79296875 0.4484375 0.00859375 0.03046875
1 0.6234375 0.45546875 0.0109375 0.040625
1 0.7609375 0.45546875 0.0046875 0.06328125
15 0.75625 0.4546875 0.0046875 0.06171875
15 0.7515625 0.45703125 0.0046875 0.0625
1 0.74609375 0.4578125 0.0046875 0.06328125
1 0.52734375 0.45703125 0.009375 0.03515625
15 0.9921875 0.46328125 0.00859375 0.0296875
15 0.58984375 0.4640625 0.0046875 0.0625
1 0.59453125 0.46328125 0.00390625 0.0609375
15 0.58515625 0.4640625 0.0046875 0.06171875
15 0.71015625 0.4640625 0.0046875 0.05859375
15 0.68125 0.4734375 0.0046875 0.06328125
1 0.79375 0.48125 0.009375 0.0328125
15 0.546875 0.48359375 0.0046875 0.0609375
1 0.60703125 0.4828125 0.015625 0.0671875
15 0.5515625 0.4828125 0.00546875 0.0640625
15 0.5625 0.48359375 0.0046875 0.0640625
15 0.55703125 0.484375 0.00546875 0.06171875
15 0.54140625 0.48671875 0.00546875 0.0671875
9 0.775 0.48828125 0.00859375 0.06484375
1 0.92734375 0.48984375 0.0046875 0.05859375
1 0.52734375 0.49140625 0.009375 0.03125
1 0.921875 0.4921875 0.0046875 0.06328125
1 0.91640625 0.4921875 0.0046875 0.059375
1 0.91171875 0.4921875 0.0046875 0.05546875
1 0.575 0.49296875 0.01484375 0.06953125
1 0.90625 0.49375 0.0046875 0.06171875
1 0.86953125 0.496875 0.00546875 0.06484375
1 0.875 0.496875 0.0046875 0.06015625
1 0.4578125 0.496875 0.009375 0.0328125
1 0.85390625 0.49921875 0.0046875 0.059375
1 0.86484375 0.50078125 0.0046875 0.0625
1 0.4375 0.49921875 0.00859375 0.03203125
1 0.859375 0.50078125 0.0046875 0.06328125
1 0.446875 0.49921875 0.009375 0.0375
1 0.62578125 0.5140625 0.0140625 0.0671875
1 0.52734375 0.525 0.009375 0.034375
1 0.72734375 0.5265625 0.00859375 0.09140625
15 0.446875 0.52734375 0.00859375 0.0296875
15 0.4375 0.53125 0.009375 0.03359375
15 0.7953125 0.53125 0.00390625 0.059375
15 0.79140625 0.53125 0.0046875 0.06015625
1 0.45703125 0.53125 0.009375 0.028125
1 0.7046875 0.53125 0.0046875 0.0640625
1 0.7515625 0.53203125 0.00390625 0.0625
15 0.746875 0.53203125 0.0046875 0.06171875
1 0.69609375 0.5390625 0.0109375 0.09921875
15 0.92734375 0.55625 0.00546875 0.06484375
15 0.921875 0.55546875 0.0046875 0.0625
15 0.9109375 0.55625 0.0046875 0.06015625
15 0.9171875 0.55703125 0.00546875 0.06171875
15 0.90078125 0.55703125 0.0046875 0.0609375
1 0.52734375 0.5578125 0.01015625 0.03125
15 0.90625 0.55703125 0.0046875 0.0625
15 0.890625 0.55859375 0.0046875 0.0609375
15 0.89609375 0.56015625 0.0046875 0.05859375
15 0.88515625 0.55859375 0.00390625 0.06015625
15 0.88046875 0.559375 0.0046875 0.06171875
15 0.86484375 0.559375 0.0046875 0.0625
15 0.859375 0.5609375 0.0046875 0.06015625
15 0.875 0.56171875 0.0046875 0.05703125
15 0.8703125 0.56171875 0.0046875 0.06171875
15 0.8546875 0.56328125 0.00546875 0.05625
15 0.84921875 0.5640625 0.0046875 0.06171875
1 0.45703125 0.56484375 0.009375 0.03203125
15 0.64453125 0.5828125 0.0046875 0.0640625
15 0.6390625 0.584375 0.00546875 0.065625
1 0.775 0.5875 0.00703125 0.10859375
1 0.52734375 0.59140625 0.009375 0.0296875
15 0.78203125 0.5953125 0.00546875 0.065625
15 0.4578125 0.5953125 0.00859375 0.025
1 0.4375 0.59453125 0.00859375 0.03203125
1 0.446875 0.5953125 0.01015625 0.0328125
9 0.5796875 0.615625 0.0109375 0.1234375
1 0.75390625 0.61484375 0.00625 0.07265625
15 0.74765625 0.61875 0.00625 0.07109375
15 0.446875 0.6265625 0.009375 0.02734375
1 0.52734375 0.628125 0.01015625 0.03515625
15 0.4375 0.628125 0.00859375 0.03046875
1 0.6921875 0.634375 0.01015625 0.0421875
1 0.7203125 0.64296875 0.0140625 0.05234375
1 0.4578125 0.65234375 0.009375 0.0296875
15 0.52734375 0.6609375 0.009375 0.028125
1 0.91953125 0.67109375 0.01015625 0.10234375
9 0.88828125 0.6734375 0.0125 0.0984375
1 0.8640625 0.6765625 0.00859375 0.028125
1 0.85546875 0.67734375 0.0078125 0.1015625
15 0.76640625 0.6828125 0.009375 0.03046875
1 0.91171875 0.6875 0.0046875 0.06328125
1 0.90703125 0.690625 0.0046875 0.06484375
1 0.6921875 0.6984375 0.0109375 0.04296875
1 0.8640625 0.7109375 0.00859375 0.03203125
15 0.7671875 0.71875 0.009375 0.02890625
15 0.73359375 0.72578125 0.00859375 0.034375
1 0.7203125 0.73515625 0.01484375 0.04921875
9 0.74375 0.73828125 0.00546875 0.06015625
15 0.70625 0.75078125 0.00859375 0.0296875
15 0.7671875 0.75 0.00859375 0.03359375
15 0.696875 0.753125 0.009375 0.03046875
1 0.75546875 0.759375 0.0109375 0.10234375
15 0.73359375 0.76171875 0.00859375 0.034375
15 0.52890625 0.78359375 0.00546875 0.0640625
15 0.7671875 0.78515625 0.009375 0.03046875
15 0.70625 0.784375 0.00859375 0.0296875
15 0.5234375 0.784375 0.00546875 0.0609375
15 0.50078125 0.7859375 0.0046875 0.059375
15 0.51796875 0.7859375 0.00546875 0.0640625
15 0.51171875 0.78515625 0.0046875 0.0625
15 0.696875 0.7875 0.009375 0.03125
15 0.459375 0.7875 0.0046875 0.05859375
15 0.4890625 0.78828125 0.0046875 0.059375
15 0.4828125 0.7890625 0.00546875 0.065625
1 0.50625 0.78828125 0.0046875 0.06796875
15 0.49453125 0.7890625 0.0046875 0.065625
1 0.72109375 0.7890625 0.01484375 0.05234375
15 0.4765625 0.78984375 0.0046875 0.0625
1 0.47109375 0.79140625 0.0046875 0.065625
15 0.465625 0.79296875 0.0046875 0.06015625
1 0.74765625 0.80703125 0.00390625 0.06015625
15 0.7421875 0.8078125 0.00546875 0.06640625
15 0.73671875 0.81171875 0.0046875 0.06484375
1 0.71875 0.83203125 0.009375 0.03671875
1 0.69296875 0.8375 0.0109375 0.04453125
1 0.8109375 0.17578125 0.00546875 0.0640625
1 0.79609375 0.17890625 0.0046875 0.07109375
1 0.6890625 0.1890625 0.00625 0.06796875
1 0.67265625 0.19296875 0.0046875 0.0671875
1 0.57734375 0.20390625 0.00546875 0.065625
1 0.5671875 0.203125 0.00546875 0.06484375
1 0.55 0.2046875 0.00546875 0.06328125
1 0.44453125 0.21640625 0.00546875 0.06328125
1 0.428125 0.21875 0.00546875 0.06796875
1 0.384375 0.2234375 0.0046875 0.06328125