16 0.45859375 0.4046875 0.025 0.01484375
16 0.378125 0.39765625 0.021875 0.01171875
9 0.94296875 0.4609375 0.1140625 0.13515625
9 0.8125 0.45 0.1171875 0.1328125
9 0.41640625 0.4109375 0.04921875 0.06171875
9 0.67578125 0.4375 0.115625 0.1328125
9 0.5421875 0.42734375 0.115625 0.1375
16 0.37578125 0.4140625 0.02109375 0.0125
9 0.3109375 0.41328125 0.07734375 0.06171875
9 0.2359375 0.40703125 0.075 0.06328125
9 0.45546875 0.446875 0.0265625 0.03359375
9 0.14140625 0.42734375 0.10625 0.12421875
9 0.38359375 0.4609375 0.03203125 0.0453125
9 0.42265625 0.46796875 0.03359375 0.04375
9 0.30703125 0.47265625 0.07578125 0.0625
9 0.2328125 0.465625 0.07734375 0.0625
9 0.73203125 0.52109375 0.03359375 0.04375
9 0.4625 0.49765625 0.02890625 0.040625
9 0.93828125 0.56953125 0.05 0.06015625
9 0.41875 0.52109375 0.03359375 0.0484375
9 0.803125 0.5609375 0.05 0.05859375
9 0.53359375 0.53515625 0.0484375 0.0625
9 0.66953125 0.5484375 0.04921875 0.06015625
9 0.37890625 0.52109375 0.0359375 0.04375
9 0.72890625 0.56640625 0.034375 0.040625
9 0.59453125 0.553125 0.03046875 0.0390625
9 0.46015625 0.5421875 0.03359375 0.040625
9 0.153125 0.54296875 0.1015625 0.09921875
9 0.271875 0.57890625 0.1375 0.15390625
9 0.79765625 0.6578125 0.11640625 0.12890625
9 0.3953125 0.6171875 0.1171875 0.12890625
2 0.0921875 0.5875 0.0140625 0.040625
2 0.08046875 0.5859375 0.0125 0.0390625
9 0.9328125 0.6734375 0.115625 0.1328125
9 0.6640625 0.64765625 0.11875 0.13125
9 0.52734375 0.6359375 0.1140625 0.13359375
9 0.1515625 0.6296875 0.10390625 0.09296875
2 0.0828125 0.6484375 0.0296875 0.03828125
9 0.978125 0.75234375 0.0109375 0.04375
9 0.85234375 0.740625 0.03203125 0.0421875
9 0.30234375 0.68515625 0.03515625 0.0484375
9 0.7171875 0.72890625 0.03125 0.04453125
9 0.21875 0.67890625 0.0328125 0.0453125
9 0.5828125 0.7171875 0.02890625 0.04296875
9 0.26015625 0.684375 0.03359375 0.04453125
2 0.3328125 0.69765625 0.0203125 0.0375
9 0.925 0.78125 0.04921875 0.0625
9 0.78984375 0.76796875 0.04765625 0.0578125
9 0.65546875 0.75625 0.05234375 0.0625
9 0.52109375 0.74375 0.04765625 0.0609375
9 0.3859375 0.7328125 0.0421875 0.059375
9 0.15703125 0.71015625 0.05234375 0.05703125
9 0.1015625 0.70625 0.0578125 0.059375
9 0.975 0.796875 0.0109375 0.03828125
9 0.71484375 0.77109375 0.03203125 0.03671875
9 0.8515625 0.78671875 0.03671875 0.040625
9 0.58125 0.7625 0.028125 0.03984375
4 0.0359375 0.70546875 0.071875 0.3828125
9 0.44765625 0.75078125 0.0328125 0.04140625
9 0.29296875 0.759375 0.07109375 0.0921875
9 0.2171875 0.7546875 0.0765625 0.0890625
16 0.1671875 0.771875 0.03203125 0.065625
9 0.91796875 0.87890625 0.11875 0.1359375
9 0.78515625 0.8671875 0.11875 0.1375
9 0.64921875 0.85390625 0.11640625 0.1328125
9 0.95625 0.07734375 0.08671875 0.07421875
9 0.51328125 0.8421875 0.12109375 0.1375
9 0.38046875 0.83046875 0.11796875 0.1375
9 0.29921875 0.83671875 0.0296875 0.0453125
9 0.83828125 0.0640625 0.11015625 0.0734375
2 0.159375 0.83046875 0.0234375 0.05390625
2 0.13515625 0.84453125 0.01796875 0.02265625
9 0.70234375 0.0515625 0.1125 0.0765625
9 0.56796875 0.0390625 0.11328125 0.078125
9 0.296875 0.884375 0.0265625 0.0390625
9 0.43359375 0.03359375 0.11640625 0.0671875
9 0.840625 0.95 0.03046875 0.04296875
9 0.56875 0.925 0.03203125 0.04375
9 0.703125 0.93828125 0.03125 0.04375
2 0.1546875 0.88359375 0.025 0.05390625
9 0.43359375 0.91328125 0.03359375 0.04375
9 0.91171875 0.97890625 0.05078125 0.040625
9 0.7765625 0.97265625 0.0484375 0.053125
9 0.64140625 0.9640625 0.0484375 0.06171875
9 0.50703125 0.953125 0.053125 0.0625
9 0.371875 0.940625 0.04765625 0.06171875
9 0.29296875 0.93203125 0.03359375 0.04375
9 0.7015625 0.9796875 0.02890625 0.0390625
9 0.56640625 0.9703125 0.0328125 0.03828125
9 0.43203125 0.95859375 0.0296875 0.03984375
9 0.146875 0.00625 0.03359375 0.0125
9 0.21171875 0.02109375 0.08515625 0.0421875
9 0.14375 0.0375 0.0328125 0.03359375
9 0.89296875 0.11484375 0.03359375 0.04375
9 0.7578125 0.103125 0.03359375 0.04375
9 0.4890625 0.07890625 0.03515625 0.04296875
9 0.62578125 0.09453125 0.034375 0.04296875
9 0.20703125 0.07734375 0.08671875 0.07109375
9 0.96484375 0.15625 0.046875 0.05703125
9 0.83125 0.14296875 0.0484375 0.059375
9 0.69765625 0.13125 0.0515625 0.06171875
9 0.32265625 0.09375 0.08671875 0.08515625
9 0.56171875 0.12109375 0.05078125 0.059375
9 0.42734375 0.10703125 0.0453125 0.06328125
9 0.75625 0.14765625 0.03046875 0.0359375
9 0.890625 0.1625 0.03203125 0.03984375
9 0.625 0.1375 0.0390625 0.04140625
9 0.48671875 0.12421875 0.03515625 0.04296875
9 0.1375 0.09140625 0.05234375 0.06015625
4 0.0625 0.15625 0.1 0.31171875
9 0.20390625 0.14453125 0.0859375 0.07421875
9 0.33828125 0.16640625 0.05234375 0.0546875
9 0.290625 0.16328125 0.03203125 0.05390625
9 0.134375 0.1578125 0.05390625 0.053125
9 0.95 0.253125 0.0984375 0.134375
9 0.690625 0.22890625 0.115625 0.13046875
9 0.5578125 0.21640625 0.11796875 0.13203125
9 0.825 0.24375 0.1125 0.12734375
9 0.42265625 0.20703125 0.11328125 0.1296875
16 0.10703125 0.2015625 0.0125 0.02734375
9 0.13359375 0.2109375 0.03828125 0.03984375
9 0.32109375 0.2359375 0.08359375 0.08359375
16 0.10390625 0.23046875 0.0125 0.02734375
9 0.2140625 0.246875 0.11875 0.13359375
9 0.74609375 0.3125 0.03671875 0.04375
9 0.47578125 0.28671875 0.03203125 0.04375
9 0.609375 0.30390625 0.03359375 0.05078125
9 0.1328125 0.25625 0.03515625 0.03984375
20 0.10234375 0.25625 0.01328125 0.028125
9 0.303125 0.2953125 0.0359375 0.04453125
9 0.3421875 0.30078125 0.0328125 0.04140625
9 0.9515625 0.36328125 0.05234375 0.0625
9 0.81640625 0.35078125 0.04765625 0.05625
9 0.6828125 0.33984375 0.046875 0.06015625
9 0.4140625 0.31796875 0.05234375 0.0640625
9 0.5484375 0.33203125 0.04765625 0.053125
9 0.8765625 0.36796875 0.034375 0.04140625
9 0.996875 0.38203125 0.0046875 0.03984375
9 0.74296875 0.3578125 0.03203125 0.03984375
9 0.47578125 0.33203125 0.03359375 0.04140625
9 0.6078125 0.34765625 0.03359375 0.03515625
9 0.32265625 0.353125 0.0578125 0.0546875
9 0.2203125 0.34296875 0.0515625 0.0515625
9 0.271875 0.35078125 0.053125 0.0515625
9 0.11875 0.33515625 0.05234375 0.0546875
9 0.16796875 0.340625 0.053125 0.05
16 0.459375 0.38828125 0.025 0.015625
16 0.37734375 0.38046875 0.02109375 0.0109375