2 0.90546875 0.0796875 0.00703125 0.0984375
2 0.38671875 0.28984375 0.00625 0.09453125
2 0.80859375 0.12109375 0.00703125 0.0984375
16 0.9953125 0.06796875 0.00390625 0.053125
2 0.18046875 0.403125 0.0125 0.04921875
16 0.1890625 0.403125 0.00390625 0.04921875
2 0.66015625 0.2328125 0.0046875 0.01875
2 0.9546875 0.11328125 0.00546875 0.02265625
2 0.34453125 0.36015625 0.00546875 0.02265625
2 0.7546875 0.1953125 0.00546875 0.0265625
2 0.5515625 0.275 0.0046875 0.01875
2 0.45859375 0.3140625 0.00546875 0.02265625
2 0.8640625 0.1515625 0.0046875 0.02265625
2 0.2546875 0.39609375 0.00546875 0.01875
2 0.1453125 0.4390625 0.00546875 0.02265625
2 0.04375 0.48515625 0.0046875 0.02265625
2 0.85 0.1609375 0.00703125 0.0265625
2 0.4421875 0.321875 0.00703125 0.03046875
2 0.03203125 0.48671875 0.00625 0.0265625
16 0.58359375 0.278125 0.003125 0.04140625
2 0.64765625 0.25390625 0.003125 0.053125
16 0.57890625 0.28046875 0.003125 0.0375
16 0.70546875 0.2328125 0.00625 0.0265625
16 0.71328125 0.23125 0.00625 0.03046875
2 0.946875 0.134375 0.00390625 0.05703125
2 0.5390625 0.30078125 0.003125 0.04921875
2 0.74296875 0.21796875 0.00390625 0.05703125
16 0.01953125 0.509375 0.00390625 0.05703125
2 0.33515625 0.38046875 0.003125 0.04921875
2 0.2390625 0.4203125 0.00390625 0.053125
16 0.72578125 0.225 0.00625 0.034375
2 0.13046875 0.4640625 0.00390625 0.04921875
16 0.59609375 0.278125 0.00703125 0.0265625
2 0.86328125 0.178125 0.00546875 0.02265625
2 0.66015625 0.2578125 0.0046875 0.02265625
2 0.73203125 0.23125 0.003125 0.0375
2 0.71953125 0.2328125 0.003125 0.04140625
2 0.9546875 0.13828125 0.00546875 0.0265625
2 0.5515625 0.30078125 0.00546875 0.01875
2 0.69921875 0.24453125 0.003125 0.04140625
2 0.45859375 0.340625 0.00546875 0.02265625
2 0.75546875 0.221875 0.00546875 0.0265625
2 0.14609375 0.465625 0.00546875 0.02265625
2 0.34453125 0.384375 0.0046875 0.01875
2 0.2546875 0.42578125 0.00546875 0.0265625
16 0.99453125 0.12890625 0.003125 0.053125
2 0.04375 0.51171875 0.00546875 0.02265625
16 0.9328125 0.16875 0.00390625 0.04921875
16 0.96484375 0.15546875 0.003125 0.053125
16 0.96015625 0.15546875 0.00390625 0.053125
2 0.43984375 0.36953125 0.0125 0.04921875
2 0.84765625 0.2046875 0.0140625 0.053125
16 0.04921875 0.53203125 0.00390625 0.05703125
16 0.05390625 0.528125 0.00390625 0.04921875
16 0.70546875 0.2671875 0.00625 0.0265625
16 0.71328125 0.26484375 0.00625 0.03046875
16 0.72578125 0.259375 0.00703125 0.034375
16 0.98125 0.159375 0.003125 0.053125
16 0.55625 0.33515625 0.00703125 0.034375
16 0.584375 0.33515625 0.00390625 0.04921875
16 0.575 0.3375 0.003125 0.053125
16 0.5796875 0.33515625 0.003125 0.04921875
16 0.5703125 0.340625 0.00390625 0.0453125
16 0.5890625 0.33359375 0.003125 0.053125
16 0.5953125 0.33125 0.00390625 0.04921875
2 0.03203125 0.5609375 0.00546875 0.090625
2 0.8796875 0.22734375 0.0046875 0.02265625
2 0.88828125 0.2234375 0.0046875 0.02265625
16 0.55703125 0.3671875 0.00703125 0.03046875
2 0.15234375 0.55078125 0.00390625 0.04921875
2 0.1046875 0.5703125 0.003125 0.04921875
2 0.146875 0.553125 0.00390625 0.053125
2 0.12890625 0.5609375 0.003125 0.053125
2 0.1328125 0.55703125 0.003125 0.053125
2 0.1234375 0.5625 0.00390625 0.05703125
2 0.1140625 0.5640625 0.00390625 0.053125
2 0.11953125 0.5640625 0.003125 0.053125
2 0.10078125 0.5703125 0.003125 0.04921875
2 0.0953125 0.57421875 0.003125 0.04921875
2 0.1375 0.55703125 0.003125 0.053125
2 0.1421875 0.553125 0.003125 0.053125
2 0.109375 0.56640625 0.00390625 0.04921875
2 0.090625 0.5796875 0.003125 0.053125
16 0.88046875 0.259375 0.00703125 0.0265625
16 0.8890625 0.25546875 0.00625 0.0265625
16 0.0390625 0.6 0.00390625 0.04921875
2 0.04921875 0.5984375 0.0125 0.0453125
9 0.1859375 0.54921875 0.01953125 0.159375
16 0.91015625 0.26328125 0.003125 0.04921875
2 0.99453125 0.23125 0.0046875 0.0609375
2 0.2078125 0.55078125 0.00234375 0.04140625
16 0.615625 0.38671875 0.00625 0.03046875
2 0.21171875 0.54765625 0.00234375 0.04140625
2 0.16640625 0.5703125 0.00546875 0.01875
16 0.2171875 0.553125 0.00625 0.02265625
2 0.61015625 0.39609375 0.00234375 0.04140625
2 0.60703125 0.39609375 0.00234375 0.04140625
16 0.62890625 0.39765625 0.00390625 0.053125
2 0.62421875 0.4 0.0046875 0.05703125
2 0.79921875 0.3375 0.01171875 0.0453125
16 0.8109375 0.33515625 0.00625 0.0265625
16 0.2984375 0.54140625 0.003125 0.0453125
16 0.3125 0.5359375 0.003125 0.04921875
16 0.2890625 0.54375 0.003125 0.04921875
16 0.25625 0.55859375 0.003125 0.04921875
16 0.29375 0.54375 0.003125 0.04921875
16 0.303125 0.53984375 0.003125 0.04921875
16 0.24609375 0.5609375 0.00390625 0.053125
16 0.88984375 0.30078125 0.00625 0.0265625
16 0.2609375 0.55703125 0.003125 0.053125
16 0.284375 0.55078125 0.003125 0.04921875
16 0.2515625 0.5640625 0.00390625 0.053125
16 0.275 0.553125 0.003125 0.053125
16 0.2703125 0.5546875 0.003125 0.04921875
16 0.8328125 0.32734375 0.0046875 0.05703125
16 0.265625 0.55703125 0.003125 0.053125
16 0.2796875 0.553125 0.003125 0.053125
16 0.3078125 0.53984375 0.00390625 0.05703125
2 0.16640625 0.596875 0.00546875 0.0265625
16 0.61640625 0.41875 0.00625 0.0265625
16 0.13828125 0.62109375 0.003125 0.053125
16 0.1328125 0.6234375 0.003125 0.04921875
16 0.109375 0.63046875 0.003125 0.04921875
16 0.15234375 0.615625 0.00390625 0.04921875
16 0.11875 0.62890625 0.00390625 0.053125
16 0.14765625 0.615625 0.003125 0.04921875
16 0.1140625 0.62890625 0.003125 0.053125
16 0.09609375 0.63828125 0.003125 0.04921875
16 0.1234375 0.6265625 0.003125 0.04921875
16 0.10078125 0.634375 0.003125 0.04921875
16 0.1046875 0.6328125 0.003125 0.053125
16 0.09140625 0.63828125 0.003125 0.04921875
16 0.98046875 0.28046875 0.00703125 0.02265625
16 0.12890625 0.62890625 0.00390625 0.053125
16 0.14296875 0.6234375 0.00390625 0.05703125
2 0.99453125 0.28046875 0.0046875 0.02265625
2 0.7328125 0.39375 0.00546875 0.02265625
2 0.71953125 0.39609375 0.00546875 0.01875
16 0.2203125 0.6 0.003125 0.04921875
2 0.86796875 0.340625 0.00625 0.0984375
16 0.215625 0.60390625 0.003125 0.04921875
2 0.86015625 0.34453125 0.00625 0.0984375
16 0.0546875 0.68359375 0.003125 0.04921875
2 0.05859375 0.6875 0.003125 0.04140625
16 0.8484375 0.3671875 0.003125 0.053125
16 0.62265625 0.4625 0.00703125 0.03046875
16 0.853125 0.36953125 0.00390625 0.04921875
2 0.8 0.39765625 0.01171875 0.0453125
16 0.22890625 0.62890625 0.00703125 0.03046875
16 0.8125 0.39609375 0.00703125 0.0265625
16 0.2609375 0.62109375 0.00390625 0.053125
16 0.2984375 0.60625 0.003125 0.0453125
16 0.30390625 0.60390625 0.003125 0.04921875
2 0.7265625 0.43203125 0.003125 0.0375
16 0.28984375 0.6078125 0.003125 0.04921875
16 0.27578125 0.615625 0.00390625 0.04921875
16 0.29375 0.6078125 0.003125 0.04921875
16 0.27109375 0.6171875 0.003125 0.053125
16 0.26640625 0.6171875 0.00390625 0.053125
16 0.28046875 0.61171875 0.003125 0.04921875
16 0.31328125 0.6 0.003125 0.04921875
16 0.246875 0.625 0.00390625 0.053125
16 0.30859375 0.60234375 0.003125 0.053125
16 0.25625 0.62109375 0.003125 0.053125
16 0.28515625 0.61171875 0.003125 0.04921875
16 0.25234375 0.62890625 0.003125 0.053125
16 0.840625 0.38984375 0.00625 0.03046875
16 0.99609375 0.33125 0.003125 0.04921875
2 0.9453125 0.36015625 0.009375 0.10625
2 0.93515625 0.36953125 0.00703125 0.11015625
16 0.98046875 0.35390625 0.00625 0.0265625
16 0.62265625 0.5 0.00625 0.02265625
16 0.88515625 0.403125 0.003125 0.04921875
16 0.90703125 0.4 0.00859375 0.034375
16 0.83359375 0.43359375 0.003125 0.04921875
2 0.71796875 0.48671875 0.0046875 0.01875
2 0.840625 0.4390625 0.00859375 0.0375
2 0.98125 0.38671875 0.00546875 0.02265625
16 0.84765625 0.4390625 0.00390625 0.0453125
16 0.62265625 0.5359375 0.00625 0.0265625
2 0.859375 0.44140625 0.01171875 0.04140625
16 0.996875 0.39609375 0.003125 0.04921875
2 0.80078125 0.48125 0.01171875 0.0453125
2 0.8234375 0.4734375 0.01171875 0.0453125
2 0.73359375 0.5171875 0.00625 0.09453125
16 0.98046875 0.4203125 0.00625 0.03046875
16 0.62265625 0.56796875 0.00703125 0.02265625
16 0.540625 0.60390625 0.00703125 0.0265625
2 0.91484375 0.45859375 0.00546875 0.06796875
16 0.90859375 0.46796875 0.003125 0.05703125
16 0.92890625 0.46015625 0.003125 0.04921875
16 0.92265625 0.4640625 0.003125 0.04921875
2 0.6078125 0.59296875 0.00234375 0.04140625
2 0.61171875 0.590625 0.003125 0.0453125
9 0.57578125 0.61015625 0.0421875 0.340625
16 0.62265625 0.60625 0.00703125 0.03046875
16 0.9921875 0.465625 0.003125 0.053125
16 0.88671875 0.5078125 0.00390625 0.053125
2 0.80078125 0.5453125 0.0125 0.0453125
2 0.88203125 0.51484375 0.003125 0.0453125
2 0.94453125 0.490625 0.00703125 0.10234375
2 0.95546875 0.48515625 0.00625 0.0984375
16 0.98046875 0.48671875 0.00703125 0.0265625
16 0.9140625 0.52109375 0.00625 0.0265625
2 0.921875 0.52109375 0.00546875 0.01875
16 0.6234375 0.6421875 0.00703125 0.034375
16 0.8703125 0.54765625 0.00703125 0.0265625
2 0.8125 0.57421875 0.00546875 0.01875
2 0.84375 0.5640625 0.00625 0.090625
2 0.828125 0.571875 0.00546875 0.090625
2 0.83671875 0.571875 0.00625 0.090625
2 0.81953125 0.57734375 0.00625 0.09453125
2 0.76796875 0.596875 0.00546875 0.0875
16 0.92890625 0.5359375 0.003125 0.04921875
16 0.8625 0.57734375 0.00390625 0.04921875
16 0.9140625 0.55703125 0.00625 0.02265625
16 0.87734375 0.57421875 0.00390625 0.05703125
2 0.92265625 0.55703125 0.0046875 0.02265625
2 0.85859375 0.58359375 0.003125 0.0375
16 0.6234375 0.678125 0.00625 0.03046875
2 0.775 0.62109375 0.00234375 0.0375
2 0.87109375 0.5875 0.00625 0.03046875
16 0.81171875 0.61171875 0.00625 0.0265625
2 0.5453125 0.71953125 0.00234375 0.0375
2 0.5421875 0.71796875 0.00234375 0.04140625
2 0.73203125 0.659375 0.00390625 0.053125
16 0.62421875 0.715625 0.00625 0.03046875
16 0.928125 0.60390625 0.00703125 0.0265625
16 0.91484375 0.61015625 0.00625 0.02265625
2 0.7921875 0.6609375 0.00546875 0.0875
2 0.784375 0.66640625 0.00625 0.090625
9 0.8953125 0.62109375 0.0171875 0.14375
16 0.921875 0.625 0.003125 0.053125
16 0.87265625 0.64765625 0.003125 0.053125
16 0.878125 0.64609375 0.00390625 0.05703125
16 0.85859375 0.65546875 0.00390625 0.053125
16 0.625 0.7515625 0.00703125 0.0265625
16 0.86328125 0.653125 0.00390625 0.05703125
16 0.91484375 0.6421875 0.00625 0.01875
16 0.93984375 0.6421875 0.003125 0.04921875
2 0.93515625 0.64765625 0.00234375 0.0375
16 0.62421875 0.78984375 0.00703125 0.0265625
16 0.615625 0.79375 0.003125 0.04921875
16 0.61015625 0.79375 0.0046875 0.05703125
16 0.86796875 0.7140625 0.00390625 0.04921875
2 0.93046875 0.6875 0.00625 0.09453125
16 0.871875 0.71015625 0.00390625 0.04921875
2 0.77265625 0.759375 0.0125 0.04921875
2 0.878125 0.71796875 0.00546875 0.0640625
2 0.90859375 0.71015625 0.003125 0.04140625
16 0.91328125 0.71796875 0.00390625 0.04921875
16 0.91796875 0.715625 0.00390625 0.053125
16 0.93984375 0.70625 0.003125 0.04921875
16 0.92265625 0.7140625 0.003125 0.04921875
2 0.9359375 0.7140625 0.00234375 0.04140625
16 0.628125 0.83515625 0.00703125 0.0265625
2 0.5734375 0.87109375 0.00234375 0.0375
2 0.578125 0.8734375 0.00234375 0.04140625
2 0.79296875 0.784375 0.00625 0.090625
2 0.78515625 0.78984375 0.00546875 0.0875
16 0.59140625 0.8671875 0.00390625 0.053125
16 0.6015625 0.865625 0.003125 0.04921875
16 0.58203125 0.8734375 0.00390625 0.04921875
16 0.59609375 0.86953125 0.00390625 0.04921875
16 0.63515625 0.85390625 0.00390625 0.04921875
16 0.5859375 0.8765625 0.003125 0.05703125
16 0.6125 0.865625 0.003125 0.04921875
16 0.60859375 0.86953125 0.003125 0.04921875
16 0.62265625 0.86328125 0.00390625 0.053125
16 0.88828125 0.7671875 0.003125 0.04921875
16 0.62890625 0.875 0.00703125 0.03046875
2 0.77734375 0.8140625 0.003125 0.0453125
2 0.7734375 0.8203125 0.00234375 0.04140625
16 0.9125 0.76875 0.00703125 0.03046875
16 0.8765625 0.78046875 0.00625 0.03046875
2 0.6015625 0.909375 0.0046875 0.02265625
16 0.575 0.9203125 0.00703125 0.03046875
16 0.5828125 0.9203125 0.00546875 0.03046875
2 0.19453125 0.29375 0.00546875 0.0265625
2 0.1828125 0.29921875 0.00546875 0.02265625
2 0.59765625 0.14765625 0.00546875 0.02265625
2 0.1796875 0.34296875 0.0125 0.04921875
2 0.19765625 0.33359375 0.01171875 0.0453125
2 0.60078125 0.1875 0.01171875 0.04140625