16 0.1703125 0.23125 0.00390625 0.06953125
2 0.125 0.2421875 0.00859375 0.0328125
2 0.6609375 0.24765625 0.00859375 0.02890625
16 0.33203125 0.24765625 0.00703125 0.02890625
16 0.45078125 0.24765625 0.00703125 0.0203125
2 0.76015625 0.24609375 0.00703125 0.02421875
2 0.9671875 0.24765625 0.00703125 0.02890625
2 0.23828125 0.25 0.00703125 0.02421875
2 0.87265625 0.25234375 0.00703125 0.0203125
16 0.43359375 0.25 0.00703125 0.02421875
2 0.01796875 0.25 0.00625 0.02421875
16 0.54765625 0.25625 0.0078125 0.02890625
2 0.85859375 0.25625 0.00703125 0.03671875
2 0.00703125 0.25625 0.00859375 0.02890625
2 0.5765625 0.26875 0.003125 0.0453125
2 0.58125 0.26875 0.003125 0.0453125
16 0.70703125 0.26875 0.00703125 0.0203125
2 0.96015625 0.26640625 0.00390625 0.065625
2 0.746875 0.26875 0.0046875 0.053125
16 0.534375 0.26640625 0.00390625 0.05703125
16 0.321875 0.2703125 0.00546875 0.0734375
2 0.22265625 0.27265625 0.0046875 0.06953125
16 0.715625 0.27265625 0.00546875 0.0203125
2 0.64765625 0.2703125 0.00390625 0.065625
2 0.10859375 0.27265625 0.00390625 0.06171875
2 0.6609375 0.27421875 0.00546875 0.0328125
2 0.759375 0.27421875 0.00546875 0.02421875
2 0.7359375 0.28046875 0.00234375 0.053125
16 0.45078125 0.27890625 0.00703125 0.02421875
2 0.72265625 0.28046875 0.00234375 0.0453125
2 0.8734375 0.27890625 0.00703125 0.02421875
16 0.54765625 0.27890625 0.00703125 0.02421875
2 0.70078125 0.28046875 0.00390625 0.0453125
16 0.3328125 0.27890625 0.00703125 0.0328125
2 0.96796875 0.2828125 0.00703125 0.0328125
2 0.23828125 0.2828125 0.00703125 0.02421875
2 0.01875 0.2828125 0.00546875 0.02421875
2 0.125 0.28515625 0.00703125 0.0203125
16 0.9453125 0.296875 0.00390625 0.053125
16 0.97890625 0.29921875 0.00390625 0.065625
16 0.9734375 0.30546875 0.00390625 0.06171875
16 0.025 0.30546875 0.003125 0.053125
16 0.43046875 0.303125 0.01171875 0.05703125
2 0.85625 0.303125 0.0140625 0.04921875
16 0.7078125 0.303125 0.00625 0.0328125
16 0.715625 0.309375 0.00703125 0.0203125
16 0.0296875 0.309375 0.003125 0.053125
16 0.99609375 0.30703125 0.003125 0.05703125
16 0.72890625 0.309375 0.00625 0.02890625
2 0.00546875 0.328125 0.00546875 0.0984375
2 0.8890625 0.3359375 0.00703125 0.0328125
2 0.8984375 0.33984375 0.00703125 0.02421875
2 0.1015625 0.37109375 0.003125 0.0453125
2 0.1109375 0.37109375 0.003125 0.053125
2 0.1203125 0.36875 0.00390625 0.05703125
2 0.08671875 0.36875 0.00390625 0.05703125
2 0.115625 0.36875 0.003125 0.05703125
2 0.07734375 0.36875 0.0046875 0.05703125
2 0.10625 0.36875 0.003125 0.04921875
2 0.071875 0.37109375 0.0046875 0.053125
2 0.09140625 0.375 0.00390625 0.0453125
2 0.096875 0.375 0.0046875 0.053125
2 0.08125 0.37265625 0.00390625 0.05703125
2 0.06640625 0.375 0.00390625 0.053125
2 0.13046875 0.37265625 0.00234375 0.05703125
2 0.125 0.375 0.0046875 0.053125
16 0.8984375 0.37734375 0.0078125 0.0328125
16 0.88984375 0.37890625 0.00859375 0.02890625
16 0.01328125 0.38125 0.0046875 0.05703125
2 0.021875 0.3828125 0.009375 0.03671875
16 0.9203125 0.39140625 0.00390625 0.053125
20 0.9109375 0.39375 0.00859375 0.065625
2 0.1921875 0.3953125 0.003125 0.06171875
2 0.18828125 0.39921875 0.003125 0.0453125
2 0.1453125 0.4015625 0.00546875 0.02421875
2 0.6046875 0.4015625 0.00234375 0.04921875
16 0.19921875 0.4015625 0.0078125 0.0328125
2 0.6078125 0.4078125 0.003125 0.0453125
9 0.1671875 0.40546875 0.028125 0.2296875
2 0.621875 0.41171875 0.003125 0.06171875
20 0.21015625 0.421875 0.009375 0.0734375
16 0.29765625 0.42421875 0.0046875 0.053125
16 0.8171875 0.4265625 0.00703125 0.0328125
16 0.22890625 0.4265625 0.00390625 0.05703125
16 0.28828125 0.428125 0.00234375 0.053125
2 0.8046875 0.428125 0.01328125 0.053125
16 0.2578125 0.4265625 0.00390625 0.04921875
16 0.2921875 0.428125 0.00390625 0.0453125
16 0.24921875 0.428125 0.00390625 0.053125
16 0.2828125 0.4265625 0.00234375 0.040625
20 0.84765625 0.4265625 0.00703125 0.0734375
16 0.26328125 0.428125 0.00390625 0.0453125
16 0.26875 0.4265625 0.00390625 0.040625
16 0.234375 0.428125 0.00390625 0.053125
16 0.24375 0.43203125 0.00546875 0.0453125
2 0.14453125 0.43203125 0.00546875 0.02890625
16 0.27265625 0.43203125 0.0046875 0.0453125
16 0.253125 0.43203125 0.00390625 0.053125
20 0.82890625 0.43046875 0.00859375 0.0734375
16 0.278125 0.43203125 0.00390625 0.03671875
16 0.23828125 0.43046875 0.00546875 0.05703125
16 0.12890625 0.43828125 0.00390625 0.05703125
16 0.115625 0.440625 0.00390625 0.06171875
16 0.1015625 0.43828125 0.00390625 0.05703125
16 0.1109375 0.43828125 0.00390625 0.05703125
16 0.1265625 0.43828125 0.0046875 0.04921875
20 0.8875 0.43828125 0.00859375 0.065625
16 0.1203125 0.440625 0.00390625 0.053125
16 0.09140625 0.44453125 0.00546875 0.053125
16 0.09609375 0.44453125 0.0046875 0.0453125
16 0.071875 0.44296875 0.00390625 0.05703125
16 0.0859375 0.44296875 0.0046875 0.04921875
16 0.0765625 0.44453125 0.00390625 0.053125
16 0.06640625 0.44296875 0.0046875 0.05703125
16 0.10625 0.44296875 0.00390625 0.05703125
16 0.08125 0.446875 0.00390625 0.04921875
16 0.99375 0.446875 0.00859375 0.02421875
2 0.72109375 0.45078125 0.00625 0.02421875
2 0.73515625 0.453125 0.00703125 0.0203125
2 0.86796875 0.45703125 0.00703125 0.09453125
16 0.196875 0.4546875 0.00390625 0.05703125
2 0.87578125 0.4609375 0.00703125 0.09453125
16 0.20234375 0.459375 0.0046875 0.05703125
20 0.91796875 0.47109375 0.01015625 0.05703125
16 0.02890625 0.47578125 0.00390625 0.05703125
20 0.90390625 0.47578125 0.0078125 0.04921875
16 0.61953125 0.48359375 0.00703125 0.0328125
16 0.8609375 0.4859375 0.00390625 0.053125
2 0.0328125 0.48359375 0.00390625 0.05703125
16 0.2109375 0.4875 0.00859375 0.0328125
16 0.2921875 0.49375 0.00390625 0.0453125
16 0.2296875 0.4921875 0.00234375 0.04921875
16 0.8171875 0.49375 0.0078125 0.02890625
16 0.24375 0.49375 0.00390625 0.053125
16 0.234375 0.49375 0.00234375 0.053125
16 0.253125 0.49375 0.00390625 0.06171875
2 0.728125 0.49609375 0.00390625 0.04921875
16 0.27734375 0.49609375 0.0046875 0.04921875
16 0.28203125 0.49609375 0.00625 0.05703125
16 0.2390625 0.49765625 0.00390625 0.053125
2 0.80546875 0.49765625 0.0140625 0.06171875
16 0.296875 0.49765625 0.00390625 0.06171875
16 0.27265625 0.49765625 0.0046875 0.0453125
16 0.26796875 0.49765625 0.0046875 0.053125
16 0.2625 0.49765625 0.00546875 0.053125
16 0.28828125 0.49765625 0.00390625 0.0453125
16 0.2484375 0.5 0.00390625 0.04921875
16 0.846875 0.5 0.00703125 0.0328125
16 0.2578125 0.50390625 0.00390625 0.04921875
20 0.82890625 0.50625 0.0078125 0.06171875
16 0.9921875 0.51640625 0.00703125 0.02421875
16 0.61875 0.5203125 0.00703125 0.0328125
2 0.94609375 0.52421875 0.00859375 0.12265625
16 0.91640625 0.54296875 0.009375 0.0453125
16 0.8390625 0.546875 0.00390625 0.06953125
2 0.71796875 0.5515625 0.00625 0.0203125
2 0.846875 0.5515625 0.009375 0.03671875
2 0.865625 0.559375 0.01171875 0.03671875
16 0.6203125 0.559375 0.00703125 0.02890625
2 0.99296875 0.55703125 0.00703125 0.02421875
16 0.8546875 0.56328125 0.00390625 0.06953125
2 0.8046875 0.5796875 0.01328125 0.0453125
2 0.828125 0.584375 0.01328125 0.053125
2 0.73515625 0.58984375 0.00703125 0.11484375
16 0.9921875 0.59453125 0.00625 0.02421875
16 0.6203125 0.5984375 0.00625 0.0328125
16 0.534375 0.6046875 0.00703125 0.02890625
2 0.92421875 0.60625 0.00546875 0.0734375
16 0.9328125 0.60625 0.0046875 0.05703125
9 0.5734375 0.60859375 0.05234375 0.4140625
16 0.9171875 0.6109375 0.00546875 0.065625
2 0.6046875 0.6171875 0.00234375 0.053125
16 0.9390625 0.6171875 0.00390625 0.06171875
2 0.6078125 0.61484375 0.00390625 0.04921875
16 0.6203125 0.64140625 0.00703125 0.02890625
16 0.89453125 0.64921875 0.0046875 0.0453125
2 0.80546875 0.6515625 0.0125 0.05703125
2 0.890625 0.65546875 0.00390625 0.04921875
2 0.965625 0.66171875 0.00546875 0.12734375
2 0.95546875 0.665625 0.00703125 0.11875
16 0.92265625 0.66796875 0.00703125 0.0328125
2 0.93125 0.6765625 0.00546875 0.02421875
16 0.61953125 0.68203125 0.00859375 0.02890625
16 0.8765625 0.68203125 0.00703125 0.02890625
2 0.81640625 0.68046875 0.00546875 0.02421875
2 0.7703125 0.690625 0.00703125 0.09453125
2 0.8328125 0.68828125 0.00703125 0.10625
2 0.825 0.690625 0.00546875 0.10234375
9 0.75625 0.69453125 0.0125 0.1109375
16 0.9390625 0.69453125 0.00390625 0.06171875
2 0.8421875 0.69296875 0.00703125 0.10625
2 0.85 0.703125 0.00625 0.10234375
16 0.88515625 0.709375 0.00390625 0.05703125
16 0.92265625 0.71484375 0.00625 0.02890625
16 0.86953125 0.71328125 0.003125 0.05703125
2 0.93125 0.7171875 0.00703125 0.02421875
16 0.6203125 0.71953125 0.00703125 0.02890625
2 0.865625 0.7171875 0.00390625 0.040625
2 0.53828125 0.72734375 0.00234375 0.053125
2 0.87734375 0.72734375 0.00703125 0.03671875
2 0.534375 0.72734375 0.00390625 0.053125
16 0.815625 0.7296875 0.00703125 0.02421875
16 0.61953125 0.7578125 0.00703125 0.02421875
16 0.9234375 0.76875 0.00859375 0.02890625
2 0.79453125 0.76640625 0.00625 0.10625
16 0.93671875 0.7703125 0.0078125 0.0328125
9 0.9015625 0.77265625 0.01875 0.11875
2 0.78671875 0.7703125 0.00703125 0.10625
16 0.93046875 0.7890625 0.00390625 0.06171875
2 0.87421875 0.7890625 0.00390625 0.053125
16 0.8640625 0.7890625 0.00390625 0.0453125
16 0.86875 0.79296875 0.00234375 0.053125
16 0.8796875 0.79296875 0.00390625 0.06171875
16 0.884375 0.7953125 0.00390625 0.05703125
16 0.6203125 0.7953125 0.00703125 0.02421875
16 0.9484375 0.815625 0.00234375 0.065625
2 0.94375 0.821875 0.00234375 0.053125
16 0.61015625 0.83203125 0.00390625 0.04921875
16 0.62109375 0.83828125 0.00703125 0.02890625
16 0.8734375 0.8625 0.00390625 0.0453125
16 0.878125 0.8625 0.003125 0.053125
2 0.93828125 0.87109375 0.00703125 0.10234375
16 0.925 0.88125 0.003125 0.04921875
16 0.92109375 0.8828125 0.00390625 0.053125
16 0.93046875 0.8875 0.00390625 0.06171875
16 0.62421875 0.8875 0.00703125 0.02890625
16 0.9484375 0.89140625 0.00390625 0.053125
2 0.94296875 0.8953125 0.003125 0.053125
2 0.565625 0.89375 0.00390625 0.05703125
2 0.5703125 0.89921875 0.00390625 0.053125
2 0.7859375 0.9015625 0.00703125 0.0984375
16 0.63125 0.90390625 0.00390625 0.053125
16 0.59609375 0.90546875 0.00234375 0.04921875
2 0.79453125 0.9078125 0.00703125 0.1109375
16 0.6078125 0.91015625 0.003125 0.05703125
20 0.85859375 0.91171875 0.01015625 0.0859375
16 0.6171875 0.915625 0.003125 0.0453125
16 0.89453125 0.92421875 0.00390625 0.053125
20 0.9015625 0.92421875 0.00625 0.06953125
20 0.91015625 0.9265625 0.00703125 0.065625
16 0.62421875 0.93046875 0.00703125 0.0328125
2 0.77421875 0.93203125 0.003125 0.053125
2 0.77890625 0.934375 0.003125 0.05703125
16 0.88046875 0.940625 0.00703125 0.02890625
16 0.91875 0.93828125 0.00703125 0.02421875
16 0.56796875 0.95703125 0.00703125 0.02890625
2 0.59453125 0.95703125 0.00625 0.0203125
2 0.1640625 0.11484375 0.00625 0.02421875
2 0.17734375 0.11484375 0.00546875 0.02421875
2 0.1609375 0.16015625 0.0140625 0.05703125
2 0.18046875 0.16171875 0.0140625 0.053125
2 0.6 0.178125 0.01328125 0.06171875
16 0.3765625 0.19453125 0.00703125 0.10234375
2 0.815625 0.19453125 0.00703125 0.1109375
2 0.9171875 0.19453125 0.0078125 0.11875
2 0.16015625 0.22734375 0.0125 0.0453125