2 0.3859375 0.46953125 0.00859375 0.09921875
2 0.1859375 0.91640625 0.01328125 0.06875
16 0.1953125 0.90078125 0.0046875 0.053125
2 0.346875 0.60703125 0.00625 0.03046875
2 0.54765625 0.19453125 0.00546875 0.02265625
2 0.4578125 0.378125 0.00625 0.03046875
2 0.25859375 0.78828125 0.00625 0.0265625
2 0.153125 0.9921875 0.00625 0.0078125
2 0.44140625 0.4140625 0.0078125 0.0421875
16 0.5796875 0.14140625 0.00390625 0.04609375
2 0.64140625 0.02265625 0.0046875 0.0453125
16 0.575 0.15078125 0.003125 0.0421875
2 0.5359375 0.23671875 0.0046875 0.053125
2 0.33828125 0.6453125 0.0046875 0.053125
2 0.2453125 0.8375 0.0046875 0.05703125
16 0.5921875 0.12421875 0.0078125 0.034375
2 0.65390625 0.0078125 0.00625 0.015625
2 0.5484375 0.21953125 0.00625 0.0265625
2 0.45859375 0.4046875 0.00625 0.03046875
2 0.34765625 0.63359375 0.00546875 0.02265625
2 0.26015625 0.81875 0.00625 0.034375
2 0.440625 0.465625 0.01328125 0.06875
16 0.55390625 0.2421875 0.0078125 0.0421875
16 0.58203125 0.1984375 0.0046875 0.053125
16 0.57265625 0.215625 0.0046875 0.05703125
16 0.57734375 0.20625 0.0046875 0.053125
16 0.56875 0.22734375 0.0046875 0.05
16 0.58671875 0.1890625 0.0046875 0.05703125
16 0.59296875 0.17578125 0.0046875 0.053125
16 0.55546875 0.275 0.0078125 0.03828125
9 0.19609375 0.975 0.0234375 0.0421875
16 0.61484375 0.1984375 0.00703125 0.03828125
2 0.22109375 0.990625 0.00390625 0.01171875
16 0.2265625 0.9921875 0.0078125 0.0078125
2 0.60859375 0.2171875 0.003125 0.04609375
2 0.60546875 0.225 0.003125 0.04609375
16 0.62734375 0.1890625 0.0046875 0.05703125
2 0.62265625 0.196875 0.00625 0.06484375
16 0.30625 0.8609375 0.00390625 0.05
16 0.3203125 0.83203125 0.00390625 0.053125
16 0.29765625 0.88203125 0.0046875 0.053125
16 0.265625 0.946875 0.0046875 0.053125
16 0.30234375 0.8703125 0.00390625 0.053125
16 0.3109375 0.85078125 0.0046875 0.053125
16 0.25625 0.9640625 0.0046875 0.05703125
16 0.26953125 0.93671875 0.0046875 0.05703125
16 0.2921875 0.89296875 0.0046875 0.053125
16 0.2609375 0.96015625 0.0046875 0.05703125
16 0.28359375 0.9140625 0.0046875 0.05703125
16 0.27890625 0.91953125 0.0046875 0.053125
16 0.27421875 0.9296875 0.0046875 0.05703125
16 0.28828125 0.90234375 0.0046875 0.05703125
16 0.31484375 0.84765625 0.00546875 0.0609375
16 0.615625 0.23125 0.00703125 0.034375
2 0.72890625 0.015625 0.00625 0.03046875
2 0.71640625 0.04375 0.00625 0.0265625
16 0.62265625 0.26328125 0.0078125 0.03828125
16 0.271875 0.9828125 0.00546875 0.0265625
16 0.30859375 0.92578125 0.00390625 0.05
16 0.31328125 0.9125 0.00390625 0.053125
2 0.72421875 0.06640625 0.003125 0.0421875
16 0.29921875 0.94296875 0.0046875 0.053125
16 0.2859375 0.96953125 0.0046875 0.053125
16 0.30390625 0.93515625 0.0046875 0.053125
16 0.28125 0.9734375 0.0046875 0.04609375
16 0.27734375 0.97734375 0.00546875 0.03828125
16 0.290625 0.96171875 0.0046875 0.053125
16 0.321875 0.896875 0.0046875 0.053125
16 0.31796875 0.90625 0.0046875 0.05703125
16 0.2671875 0.98671875 0.0046875 0.01875
16 0.29453125 0.95 0.0046875 0.053125
16 0.62421875 0.3015625 0.00703125 0.03046875
2 0.7171875 0.13359375 0.00546875 0.02265625
16 0.625 0.33359375 0.00625 0.034375
2 0.7984375 0.015625 0.01328125 0.03046875
2 0.73359375 0.1375 0.00859375 0.09921875
16 0.62578125 0.36796875 0.0078125 0.034375
16 0.54609375 0.5359375 0.0078125 0.034375
2 0.6125 0.41640625 0.003125 0.04609375
2 0.61640625 0.40625 0.00390625 0.05
9 0.58046875 0.484375 0.05 0.396875
16 0.62734375 0.4046875 0.0078125 0.03828125
2 0.80078125 0.059375 0.01328125 0.06484375
16 0.628125 0.43671875 0.0078125 0.0421875
2 0.81171875 0.06640625 0.00625 0.0265625
2 0.84296875 0.02890625 0.00859375 0.05703125
2 0.828125 0.04609375 0.00859375 0.09140625
2 0.8359375 0.03828125 0.00859375 0.0765625
2 0.8203125 0.05703125 0.00859375 0.09921875
2 0.76953125 0.1625 0.0078125 0.0953125
16 0.8625 0.009375 0.00546875 0.01875
2 0.85859375 0.01328125 0.00390625 0.0265625
16 0.6296875 0.4734375 0.00703125 0.03828125
2 0.7765625 0.1734375 0.003125 0.0421875
2 0.8703125 0.00390625 0.0078125 0.0078125
16 0.81328125 0.1046875 0.00703125 0.034375
2 0.55390625 0.6390625 0.003125 0.0421875
2 0.55078125 0.6453125 0.003125 0.04609375
2 0.7359375 0.28046875 0.0046875 0.05703125
16 0.63125 0.51171875 0.00703125 0.03828125
2 0.79453125 0.18515625 0.0078125 0.0953125
2 0.7875 0.20390625 0.00859375 0.0953125
9 0.8953125 0.0328125 0.02109375 0.06484375
16 0.8734375 0.04375 0.0046875 0.05703125
16 0.87890625 0.03046875 0.00546875 0.0609375
16 0.8609375 0.07421875 0.0046875 0.05703125
16 0.6328125 0.54609375 0.0078125 0.03828125
16 0.86484375 0.06484375 0.00546875 0.0609375
16 0.6328125 0.58203125 0.0078125 0.034375
16 0.625 0.59921875 0.0046875 0.053125
16 0.6203125 0.60859375 0.00625 0.06484375
16 0.87109375 0.11484375 0.0046875 0.053125
2 0.93125 0.02109375 0.009375 0.0421875
16 0.875 0.10703125 0.0046875 0.053125
2 0.77890625 0.31328125 0.01328125 0.06875
2 0.88046875 0.103125 0.00703125 0.06875
2 0.9109375 0.05 0.00390625 0.04609375
16 0.915625 0.04609375 0.0046875 0.053125
16 0.9203125 0.0359375 0.0046875 0.05703125
16 0.94140625 0.01171875 0.0046875 0.02265625
16 0.925 0.0265625 0.0046875 0.053125
2 0.93828125 0.015625 0.00390625 0.03046875
16 0.63828125 0.6203125 0.0078125 0.034375
2 0.5859375 0.7421875 0.003125 0.0421875
2 0.58984375 0.73671875 0.003125 0.04609375
2 0.79921875 0.30703125 0.00859375 0.0953125
2 0.79140625 0.32265625 0.0078125 0.0953125
16 0.603125 0.71171875 0.0046875 0.05703125
16 0.6140625 0.69453125 0.0046875 0.053125
16 0.59453125 0.7328125 0.0046875 0.053125
16 0.6078125 0.70625 0.0046875 0.053125
16 0.64609375 0.62578125 0.0046875 0.053125
16 0.5984375 0.72890625 0.0046875 0.0609375
16 0.62421875 0.67578125 0.0046875 0.053125
16 0.6203125 0.68671875 0.0046875 0.053125
16 0.63359375 0.6625 0.0046875 0.05703125
16 0.89296875 0.13359375 0.0046875 0.053125
16 0.63984375 0.66015625 0.0078125 0.03828125
2 0.784375 0.3609375 0.00390625 0.05
2 0.78125 0.3703125 0.003125 0.04609375
16 0.915625 0.09921875 0.0078125 0.03828125
16 0.88125 0.171875 0.00703125 0.03828125
2 0.6140625 0.734375 0.00546875 0.0265625
16 0.5890625 0.79375 0.0078125 0.03828125
16 0.59609375 0.77890625 0.00625 0.03828125
2 0.19765625 0.784375 0.00625 0.034375
2 0.18671875 0.809375 0.00625 0.03046875
2 0.58984375 0.00390625 0.00625 0.0078125
2 0.184375 0.8546875 0.01328125 0.06875
2 0.20234375 0.81875 0.0125 0.06484375
2 0.59375 0.03046875 0.01328125 0.0609375