16 0.1125 0.27109375 0.0046875 0.07265625
2 0.06484375 0.28203125 0.00859375 0.034375
2 0.6265625 0.28828125 0.009375 0.0296875
16 0.28203125 0.28828125 0.00703125 0.0296875
16 0.40703125 0.28828125 0.0078125 0.02109375
2 0.73046875 0.2859375 0.00703125 0.02578125
2 0.94765625 0.28828125 0.00703125 0.0296875
2 0.18359375 0.290625 0.0078125 0.02578125
2 0.8484375 0.29296875 0.0078125 0.02109375
16 0.38828125 0.290625 0.00703125 0.02578125
16 0.5078125 0.296875 0.0078125 0.0296875
2 0.83359375 0.296875 0.0078125 0.03828125
2 0.5375 0.31015625 0.003125 0.046875
2 0.54296875 0.31015625 0.003125 0.046875
16 0.675 0.31015625 0.00703125 0.02109375
2 0.93984375 0.3078125 0.0046875 0.06875
2 0.71640625 0.31015625 0.0046875 0.05546875
16 0.49375 0.3078125 0.0046875 0.06015625
16 0.27109375 0.31171875 0.00546875 0.0765625
2 0.1671875 0.3140625 0.0046875 0.07265625
16 0.68359375 0.3140625 0.00546875 0.02109375
2 0.61328125 0.31171875 0.00390625 0.06875
2 0.04765625 0.3140625 0.0046875 0.0640625
2 0.6265625 0.31640625 0.00625 0.034375
2 0.7296875 0.31640625 0.00546875 0.02578125
2 0.7046875 0.32265625 0.00234375 0.05546875
16 0.40703125 0.3203125 0.0078125 0.02578125
2 0.690625 0.32265625 0.00234375 0.046875
2 0.84921875 0.3203125 0.00703125 0.02578125
16 0.5078125 0.3203125 0.0078125 0.02578125
2 0.66875 0.32265625 0.00390625 0.046875
16 0.2828125 0.3203125 0.0078125 0.034375
2 0.94765625 0.325 0.00703125 0.034375
2 0.18359375 0.325 0.00703125 0.02578125
16 0.9921875 0.3265625 0.0046875 0.0640625
2 0.06484375 0.3265625 0.00703125 0.02109375
16 0.92421875 0.33984375 0.00390625 0.05546875
16 0.959375 0.3421875 0.0046875 0.06875
16 0.95390625 0.3484375 0.0046875 0.0640625
16 0.38515625 0.34609375 0.0125 0.06015625
2 0.83125 0.34609375 0.01484375 0.0515625
16 0.675 0.34609375 0.00625 0.034375
16 0.684375 0.35234375 0.00703125 0.02109375
16 0.978125 0.35078125 0.003125 0.06015625
16 0.69765625 0.35234375 0.00625 0.0296875
2 0.86484375 0.38046875 0.0078125 0.034375
2 0.87578125 0.384375 0.00703125 0.02578125
2 0.040625 0.41640625 0.003125 0.046875
2 0.05 0.41640625 0.003125 0.05546875
2 0.06015625 0.41484375 0.0046875 0.06015625
2 0.025 0.41484375 0.0046875 0.06015625
2 0.0546875 0.41484375 0.003125 0.06015625
2 0.01484375 0.41484375 0.0046875 0.06015625
2 0.0453125 0.41484375 0.003125 0.0515625
2 0.009375 0.41640625 0.0046875 0.05546875
2 0.0296875 0.42109375 0.00390625 0.046875
2 0.03515625 0.42109375 0.0046875 0.05546875
2 0.01953125 0.41875 0.00390625 0.06015625
2 0.00390625 0.42109375 0.0046875 0.05546875
2 0.07109375 0.41875 0.00234375 0.06015625
2 0.065625 0.42109375 0.0046875 0.05546875
16 0.87578125 0.4234375 0.0078125 0.034375
16 0.86640625 0.425 0.00859375 0.0296875
16 0.8984375 0.43828125 0.00390625 0.05546875
20 0.88828125 0.43984375 0.009375 0.06875
2 0.13515625 0.4421875 0.003125 0.0640625
2 0.990625 0.4421875 0.00625 0.08125
2 0.13125 0.446875 0.003125 0.046875
2 0.0859375 0.4484375 0.00546875 0.02578125
2 0.56796875 0.4484375 0.00234375 0.0515625
16 0.14296875 0.4484375 0.0078125 0.034375
2 0.5703125 0.45546875 0.003125 0.046875
9 0.109375 0.453125 0.02890625 0.2390625
2 0.5859375 0.459375 0.003125 0.0640625
20 0.15390625 0.4703125 0.009375 0.0765625
16 0.2453125 0.471875 0.0046875 0.05546875
16 0.78984375 0.47421875 0.0078125 0.034375
16 0.17421875 0.47421875 0.00390625 0.06015625
16 0.2359375 0.4765625 0.00234375 0.05546875
2 0.7765625 0.4765625 0.0140625 0.05546875
16 0.20390625 0.47421875 0.0046875 0.0515625
16 0.240625 0.4765625 0.00390625 0.046875
16 0.1953125 0.4765625 0.00390625 0.05546875
16 0.2296875 0.47421875 0.00234375 0.04296875
20 0.821875 0.47421875 0.00703125 0.0765625
16 0.21015625 0.4765625 0.0046875 0.046875
16 0.215625 0.47421875 0.00390625 0.04296875
16 0.1796875 0.4765625 0.00390625 0.05546875
16 0.1890625 0.48046875 0.00546875 0.046875
2 0.08515625 0.48046875 0.00625 0.0296875
16 0.21953125 0.48046875 0.0046875 0.046875
16 0.19921875 0.48046875 0.0046875 0.05546875
20 0.80234375 0.47890625 0.009375 0.0765625
16 0.22578125 0.48046875 0.0046875 0.03828125
16 0.18359375 0.47890625 0.00546875 0.06015625
16 0.06953125 0.4875 0.0046875 0.06015625
16 0.0546875 0.4890625 0.0046875 0.0640625
16 0.03984375 0.4875 0.00390625 0.06015625
16 0.05 0.4875 0.0046875 0.06015625
16 0.06640625 0.4875 0.0046875 0.0515625
20 0.8640625 0.4875 0.00859375 0.06875
16 0.06015625 0.4890625 0.0046875 0.05546875
16 0.0296875 0.49375 0.00546875 0.05546875
16 0.03515625 0.49375 0.0046875 0.046875
16 0.009375 0.49140625 0.0046875 0.06015625
16 0.02421875 0.49140625 0.0046875 0.0515625
16 0.0140625 0.49375 0.0046875 0.05546875
16 0.00390625 0.49140625 0.0046875 0.06015625
16 0.0453125 0.49140625 0.00390625 0.06015625
16 0.01953125 0.49609375 0.0046875 0.0515625
16 0.975 0.49609375 0.00859375 0.02578125
2 0.99140625 0.5 0.00703125 0.034375
2 0.68984375 0.5 0.00625 0.02578125
2 0.7046875 0.50234375 0.0078125 0.02109375
2 0.84296875 0.50625 0.00703125 0.0984375
16 0.140625 0.50390625 0.0046875 0.06015625
2 0.8515625 0.5109375 0.00703125 0.0984375
16 0.14609375 0.50859375 0.0046875 0.06015625
20 0.8953125 0.52109375 0.0109375 0.06015625
20 0.88125 0.52578125 0.0078125 0.0515625
16 0.58359375 0.534375 0.00703125 0.034375
16 0.8359375 0.5359375 0.00390625 0.05546875
16 0.1546875 0.53828125 0.00859375 0.034375
16 0.240625 0.54453125 0.0046875 0.046875
16 0.17421875 0.54296875 0.00234375 0.0515625
16 0.790625 0.54453125 0.0078125 0.0296875
16 0.18984375 0.54453125 0.00390625 0.05546875
16 0.1796875 0.54453125 0.00234375 0.05546875
16 0.19921875 0.54453125 0.0046875 0.0640625
2 0.696875 0.546875 0.00390625 0.0515625
16 0.225 0.546875 0.0046875 0.0515625
16 0.2296875 0.546875 0.00625 0.06015625
16 0.184375 0.54921875 0.0046875 0.05546875
2 0.77734375 0.54921875 0.01484375 0.0640625
16 0.2453125 0.54921875 0.0046875 0.0640625
16 0.21953125 0.54921875 0.0046875 0.046875
16 0.21484375 0.54921875 0.0046875 0.05546875
16 0.209375 0.54921875 0.00625 0.05546875
16 0.2359375 0.54921875 0.00390625 0.046875
16 0.19453125 0.5515625 0.00390625 0.0515625
16 0.82109375 0.5515625 0.0078125 0.034375
16 0.99140625 0.5515625 0.0046875 0.06015625
16 0.2046875 0.55546875 0.0046875 0.0515625
20 0.80234375 0.5578125 0.0078125 0.0640625
16 0.97421875 0.56875 0.00703125 0.02578125
16 0.5828125 0.57265625 0.0078125 0.034375
2 0.925 0.5765625 0.00859375 0.128125
16 0.89375 0.59609375 0.009375 0.046875
16 0.81328125 0.60078125 0.00390625 0.07265625
2 0.68671875 0.6046875 0.00625 0.02109375
2 0.82109375 0.6046875 0.009375 0.03828125
2 0.84140625 0.61328125 0.0125 0.03828125
16 0.58359375 0.61328125 0.00703125 0.0296875
2 0.97421875 0.6109375 0.00703125 0.02578125
16 0.8296875 0.6171875 0.00390625 0.07265625
16 0.99140625 0.621875 0.00234375 0.05546875
2 0.7765625 0.634375 0.0140625 0.046875
2 0.8015625 0.6390625 0.0140625 0.05546875
2 0.70390625 0.6453125 0.0078125 0.11953125
16 0.9734375 0.64921875 0.00625 0.02578125
16 0.58359375 0.65390625 0.00625 0.034375
16 0.49375 0.66015625 0.0078125 0.0296875
2 0.90234375 0.6625 0.00625 0.0765625
16 0.9109375 0.6625 0.0046875 0.06015625
9 0.53515625 0.66484375 0.0546875 0.43125
16 0.89453125 0.66640625 0.00546875 0.06875
2 0.56796875 0.6734375 0.00234375 0.05546875
16 0.91796875 0.6734375 0.00390625 0.0640625
2 0.57109375 0.67109375 0.00390625 0.0515625
16 0.58359375 0.6984375 0.0078125 0.0296875
16 0.98671875 0.70546875 0.0046875 0.06875
16 0.87109375 0.70703125 0.0046875 0.046875
2 0.77734375 0.709375 0.01328125 0.06015625
2 0.8671875 0.7140625 0.00390625 0.0515625
2 0.94609375 0.7203125 0.00625 0.1328125
2 0.93515625 0.72421875 0.00703125 0.12421875
16 0.90078125 0.7265625 0.00703125 0.034375
2 0.91015625 0.73515625 0.00546875 0.02578125
16 0.5828125 0.74140625 0.00859375 0.0296875
16 0.853125 0.74140625 0.0078125 0.0296875
2 0.7890625 0.7390625 0.00546875 0.02578125
2 0.740625 0.75 0.00703125 0.0984375
2 0.80625 0.74765625 0.00703125 0.1109375
2 0.79765625 0.75 0.00625 0.10703125
9 0.72578125 0.75390625 0.01328125 0.115625
16 0.9171875 0.75390625 0.0046875 0.0640625
2 0.81640625 0.75234375 0.00703125 0.1109375
2 0.82421875 0.7625 0.00625 0.10703125
16 0.86171875 0.76953125 0.00390625 0.06015625
16 0.90078125 0.77578125 0.00625 0.0296875
16 0.84453125 0.7734375 0.003125 0.06015625
2 0.909375 0.778125 0.00703125 0.02578125
16 0.58359375 0.7796875 0.00703125 0.0296875
2 0.840625 0.778125 0.00390625 0.04296875
2 0.4984375 0.78828125 0.00234375 0.05546875
2 0.853125 0.78828125 0.0078125 0.03828125
2 0.49453125 0.78828125 0.00390625 0.05546875
16 0.78828125 0.790625 0.0078125 0.02578125
16 0.5828125 0.8203125 0.0078125 0.02578125
16 0.9015625 0.83125 0.00859375 0.0296875
2 0.76640625 0.82890625 0.00625 0.1109375
16 0.915625 0.83359375 0.0078125 0.034375
9 0.87890625 0.83515625 0.0203125 0.12421875
2 0.7578125 0.83359375 0.00703125 0.1109375
16 0.90859375 0.85234375 0.0046875 0.0640625
2 0.85 0.85234375 0.00390625 0.05546875
16 0.8390625 0.85234375 0.0046875 0.046875
16 0.84453125 0.85703125 0.00234375 0.05546875
16 0.85546875 0.85703125 0.0046875 0.0640625
16 0.86015625 0.85859375 0.0046875 0.06015625
16 0.58359375 0.85859375 0.00703125 0.02578125
16 0.928125 0.88046875 0.00234375 0.06875
2 0.92265625 0.88671875 0.00234375 0.05546875
16 0.5734375 0.89765625 0.00390625 0.0515625
16 0.584375 0.90390625 0.00703125 0.0296875
16 0.84921875 0.9296875 0.0046875 0.046875
16 0.85390625 0.9296875 0.003125 0.05546875
2 0.91640625 0.93828125 0.00703125 0.10703125
16 0.903125 0.9484375 0.003125 0.0515625
16 0.89921875 0.95078125 0.00390625 0.05546875
16 0.909375 0.95546875 0.00390625 0.0640625
16 0.5875 0.95546875 0.00703125 0.0296875
16 0.928125 0.959375 0.00390625 0.05546875
2 0.92265625 0.9640625 0.003125 0.05546875
2 0.52734375 0.96171875 0.0046875 0.06015625
2 0.53125 0.96796875 0.00390625 0.05546875
2 0.7578125 0.95703125 0.0078125 0.0765625
16 0.5953125 0.971875 0.00390625 0.05546875
16 0.55859375 0.971875 0.003125 0.046875
2 0.765625 0.95546875 0.0078125 0.08125
16 0.57109375 0.971875 0.00390625 0.046875
20 0.834375 0.9640625 0.0109375 0.0640625
16 0.58046875 0.9765625 0.00390625 0.03828125
16 0.8703125 0.97890625 0.0046875 0.034375
20 0.87890625 0.97421875 0.00703125 0.04296875
20 0.8875 0.97890625 0.0078125 0.034375
16 0.58828125 0.9890625 0.0078125 0.0125
2 0.7453125 0.9828125 0.00390625 0.02578125
2 0.75 0.98515625 0.00390625 0.02109375
2 0.10625 0.14921875 0.00625 0.02578125
2 0.1203125 0.14921875 0.00625 0.02578125
2 0.103125 0.196875 0.01484375 0.06015625
2 0.1234375 0.1984375 0.01484375 0.05546875
2 0.5625 0.215625 0.0140625 0.0640625
16 0.328125 0.2328125 0.0078125 0.10703125
2 0.78828125 0.2328125 0.0078125 0.115625
2 0.89453125 0.2328125 0.0078125 0.12421875
2 0.1015625 0.2671875 0.01328125 0.046875