16 0.4265625 0.48515625 0.025 0.01484375
16 0.34375 0.4953125 0.02265625 0.01171875
9 0.92421875 0.44140625 0.12421875 0.13671875
9 0.7875 0.45859375 0.11875 0.13515625
9 0.384375 0.5 0.05 0.0625
9 0.6484375 0.4734375 0.1171875 0.13515625
9 0.51328125 0.49140625 0.11796875 0.13984375
16 0.34453125 0.51171875 0.021875 0.0125
9 0.27890625 0.5234375 0.07890625 0.0625
9 0.203125 0.5328125 0.0765625 0.06484375
9 0.42890625 0.528125 0.0265625 0.034375
9 0.1109375 0.5734375 0.1078125 0.1265625
9 0.359375 0.55703125 0.0328125 0.04609375
9 0.39921875 0.55703125 0.03359375 0.04453125
9 0.284375 0.584375 0.07734375 0.0640625
9 0.20859375 0.59296875 0.07890625 0.0640625
9 0.71796875 0.5453125 0.034375 0.0453125
9 0.44453125 0.578125 0.0296875 0.04140625
9 0.93203125 0.553125 0.05078125 0.06171875
9 0.40390625 0.61015625 0.03359375 0.04921875
9 0.7953125 0.571875 0.05078125 0.059375
9 0.52109375 0.60078125 0.05 0.06328125
9 0.659375 0.58671875 0.05 0.06171875
9 0.1125 0.06875 0.0859375 0.0703125
9 0.36328125 0.61796875 0.03671875 0.0453125
9 0.72109375 0.5921875 0.03515625 0.04140625
9 0.584375 0.60703125 0.03125 0.03984375
9 0.44765625 0.62265625 0.034375 0.04140625
9 0.140625 0.68671875 0.103125 0.1015625
9 0.26484375 0.6984375 0.140625 0.15703125
9 0.8046875 0.66953125 0.11875 0.13125
9 0.3953125 0.71171875 0.11875 0.13125
2 0.08671875 0.74375 0.0140625 0.04140625
2 0.07421875 0.74453125 0.0125 0.03984375
9 0.94140625 0.65703125 0.11640625 0.1359375
9 0.66875 0.68671875 0.12109375 0.13359375
9 0.5296875 0.703125 0.115625 0.1359375
9 0.04609375 0.0875 0.03515625 0.04296875
9 0.15234375 0.77421875 0.10546875 0.0953125
2 0.08671875 0.80703125 0.03046875 0.0390625
9 0.996875 0.7265625 0.00546875 0.04609375
9 0.87265625 0.74140625 0.03203125 0.04296875
9 0.31171875 0.7984375 0.0359375 0.04921875
9 0.734375 0.75703125 0.03203125 0.0453125
9 0.22734375 0.81015625 0.03359375 0.04609375
9 0.59765625 0.7734375 0.0296875 0.04375
9 0.26953125 0.80703125 0.034375 0.0453125
2 0.34453125 0.8046875 0.02109375 0.03828125
9 0.95078125 0.7671875 0.05 0.0640625
9 0.8140625 0.78203125 0.0484375 0.05859375
9 0.6765625 0.7984375 0.053125 0.06328125
9 0.53984375 0.8125 0.0484375 0.06171875
9 0.403125 0.82890625 0.04296875 0.06015625
9 0.1703125 0.853125 0.05390625 0.05859375
9 0.1140625 0.8609375 0.059375 0.06015625
9 0.7390625 0.8 0.03203125 0.0375
9 0.87734375 0.7875 0.0375 0.04140625
9 0.603125 0.81875 0.02890625 0.040625
4 0.0484375 0.84140625 0.07265625 0.31640625
9 0.46796875 0.834375 0.03359375 0.0421875
2 0.1734375 0.08515625 0.0359375 0.025
9 0.3140625 0.875 0.07265625 0.09375
9 0.23671875 0.8859375 0.078125 0.090625
16 0.18984375 0.91328125 0.0328125 0.0671875
9 0.94921875 0.8671875 0.10078125 0.13828125
9 0.8234375 0.8828125 0.12109375 0.13984375
9 0.6859375 0.896875 0.11875 0.13515625
9 0.8875 0.0453125 0.121875 0.08984375
9 0.54765625 0.91328125 0.1234375 0.13984375
9 0.4125 0.928125 0.1203125 0.13984375
9 0.33203125 0.95078125 0.03046875 0.04609375
9 0.75234375 0.0515625 0.1171875 0.10234375
2 0.18984375 0.9734375 0.02421875 0.05234375
2 0.16875 0.990625 0.01875 0.01796875
9 0.61328125 0.06015625 0.11875 0.1203125
9 0.47734375 0.06796875 0.11875 0.13515625
9 0.33671875 0.9890625 0.028125 0.0203125
9 0.340625 0.08359375 0.12109375 0.1359375
9 0.8921875 0.946875 0.03125 0.03125
9 0.61484375 0.9765625 0.03125 0.02890625
9 0.75234375 0.96328125 0.03046875 0.028125
9 0.478125 0.9890625 0.034375 0.02109375
9 0.05078125 0.13671875 0.03359375 0.0375
9 0.1171875 0.13671875 0.08671875 0.07265625
9 0.0546875 0.18046875 0.03359375 0.034375
9 0.9546875 0.090625 0.03359375 0.0453125
9 0.8171875 0.10625 0.034375 0.0453125
9 0.6796875 0.121875 0.034375 0.0453125
9 0.40625 0.153125 0.0359375 0.04375
9 0.54609375 0.13984375 0.03515625 0.04375
9 0.1234375 0.2078125 0.08828125 0.07265625
9 0.8953125 0.13203125 0.0484375 0.05859375
9 0.76015625 0.146875 0.05 0.06015625
9 0.62421875 0.16171875 0.05234375 0.0625
9 0.24140625 0.2015625 0.08828125 0.08671875
9 0.4859375 0.17890625 0.0515625 0.06015625
9 0.34921875 0.1921875 0.04609375 0.06484375
9 0.959375 0.13515625 0.0328125 0.04453125
9 0.68515625 0.16640625 0.03125 0.03671875
9 0.821875 0.153125 0.03203125 0.040625
9 0.55078125 0.18359375 0.03984375 0.0421875
9 0.4109375 0.19765625 0.0359375 0.04375
9 0.05625 0.23671875 0.05390625 0.06171875
4 0.01875 0.28046875 0.0375 0.38515625
9 0.13046875 0.2765625 0.0875 0.075
9 0.26875 0.27109375 0.05390625 0.05546875
9 0.2203125 0.27734375 0.0328125 0.0546875
9 0.0625 0.30390625 0.0546875 0.0546875
9 0.9046875 0.23125 0.11875 0.1359375
9 0.63125 0.26171875 0.11796875 0.1328125
9 0.496875 0.27578125 0.1203125 0.134375
9 0.76875 0.2484375 0.1140625 0.1296875
9 0.36015625 0.29453125 0.115625 0.13203125
16 0.0421875 0.35234375 0.0125 0.028125
9 0.06953125 0.3578125 0.0390625 0.040625
9 0.2625 0.34375 0.08515625 0.08515625
16 0.04296875 0.3828125 0.01328125 0.028125
9 0.15625 0.3765625 0.12109375 0.1359375
9 0.971875 0.3046875 0.0328125 0.04453125
9 0.7 0.33359375 0.0375 0.04453125
9 0.425 0.36328125 0.03203125 0.0453125
9 0.56171875 0.353125 0.034375 0.0515625
9 0.07578125 0.40234375 0.0359375 0.040625
20 0.0453125 0.409375 0.01328125 0.028125
9 0.253125 0.4078125 0.03671875 0.0453125
9 0.29296875 0.4046875 0.03359375 0.0421875
9 0.9140625 0.34296875 0.053125 0.0640625
9 0.7765625 0.3578125 0.0484375 0.05703125
9 0.640625 0.375 0.0484375 0.06171875
9 0.36796875 0.40703125 0.053125 0.06484375
9 0.5046875 0.39453125 0.0484375 0.0546875
9 0.83984375 0.36328125 0.03515625 0.0421875
9 0.97578125 0.35 0.03125 0.04140625
9 0.70390625 0.3796875 0.0328125 0.040625
9 0.43203125 0.40859375 0.03359375 0.0421875
9 0.5671875 0.39765625 0.03359375 0.03515625
9 0.28125 0.4609375 0.059375 0.05546875
9 0.17734375 0.47265625 0.05234375 0.05234375
9 0.23125 0.46953125 0.05390625 0.05234375
9 0.07421875 0.48515625 0.053125 0.05546875
9 0.12421875 0.48046875 0.05390625 0.05078125
9 0.2484375 0.04296875 0.0359375 0.0421875
16 0.42421875 0.46953125 0.025 0.015625
16 0.340625 0.47734375 0.02109375 0.0109375