2 0.32109375 0.046875 0.00703125 0.07265625
2 0.30546875 0.0328125 0.00625 0.065625
2 0.94765625 0.6859375 0.00625 0.06875
2 0.9421875 0.684375 0.00625 0.07265625
2 0.50546875 0.3328125 0.01015625 0.04453125
2 0.4875 0.3140625 0.01015625 0.04140625
2 0.496875 0.32578125 0.009375 0.03828125
2 0.47734375 0.30859375 0.009375 0.03828125
2 0.46796875 0.2984375 0.009375 0.03828125
2 0.665625 0.51015625 0.009375 0.04140625
2 0.68515625 0.54140625 0.01015625 0.04140625
2 0.6484375 0.515625 0.00625 0.05859375
2 0.64296875 0.51171875 0.00546875 0.065625
2 0.6375 0.51171875 0.00546875 0.065625
16 0.71171875 0.596875 0.00625 0.06875
16 0.63046875 0.5203125 0.00546875 0.06171875
16 0.6203125 0.5140625 0.00625 0.06875
2 0.625 0.51875 0.00625 0.065625
9 0.5515625 0.45859375 0.01328125 0.07578125
16 0.68203125 0.5859375 0.0046875 0.06171875
16 0.0640625 0.01171875 0.00625 0.0234375
16 0.9859375 0.88125 0.00546875 0.065625
16 0.99140625 0.884375 0.0046875 0.065625
16 0.05859375 0.01015625 0.00625 0.0203125
2 0.57421875 0.48984375 0.0171875 0.08984375
2 0.71953125 0.6328125 0.01328125 0.10703125
2 0.609375 0.52578125 0.0109375 0.0515625
2 0.72890625 0.64140625 0.009375 0.11015625
16 0.9953125 0.903125 0.003125 0.034375
2 0.70078125 0.6203125 0.01328125 0.11015625
2 0.690625 0.615625 0.01328125 0.10703125
2 0.45390625 0.3859375 0.009375 0.04140625
16 0.6390625 0.565625 0.01015625 0.04140625
9 0.66328125 0.58828125 0.01015625 0.07265625
16 0.79609375 0.7296875 0.009375 0.03828125
2 0.62265625 0.5703125 0.01171875 0.0515625
2 0.7625 0.70546875 0.00625 0.065625
16 0.7578125 0.7015625 0.00625 0.065625
16 0.753125 0.6984375 0.00625 0.065625
2 0.74765625 0.69453125 0.00546875 0.065625
2 0.525 0.4796875 0.009375 0.04140625
16 0.99453125 0.94140625 0.003125 0.034375
16 0.5890625 0.546875 0.00546875 0.065625
2 0.59296875 0.553125 0.0046875 0.065625
16 0.58359375 0.54296875 0.00546875 0.065625
16 0.71015625 0.665625 0.00546875 0.06171875
16 0.68046875 0.646875 0.00546875 0.065625
2 0.7953125 0.7640625 0.009375 0.03828125
16 0.54375 0.52578125 0.00625 0.065625
2 0.60546875 0.5859375 0.01640625 0.0828125
16 0.54921875 0.53125 0.00703125 0.06875
16 0.56015625 0.54140625 0.00625 0.06875
16 0.55546875 0.5359375 0.00625 0.065625
16 0.5390625 0.52421875 0.00625 0.06875
9 0.7765625 0.753125 0.009375 0.07265625
2 0.93046875 0.90703125 0.00625 0.06171875
2 0.52421875 0.5140625 0.01015625 0.04140625
2 0.92578125 0.9015625 0.00546875 0.065625
2 0.9203125 0.896875 0.00546875 0.06171875
2 0.91484375 0.89140625 0.00546875 0.05859375
2 0.57265625 0.565625 0.01640625 0.0828125
2 0.909375 0.89140625 0.00625 0.065625
2 0.87265625 0.85859375 0.00625 0.06875
2 0.87734375 0.8640625 0.00625 0.065625
2 0.453125 0.453125 0.009375 0.03828125
2 0.85625 0.84140625 0.00625 0.06171875
2 0.8671875 0.85703125 0.00625 0.065625
2 0.4328125 0.4359375 0.009375 0.03828125
2 0.86171875 0.85 0.00625 0.065625
2 0.4421875 0.44453125 0.01015625 0.0484375
2 0.62421875 0.634375 0.01640625 0.0828125
2 0.5234375 0.5484375 0.009375 0.04140625
2 0.7265625 0.746875 0.01015625 0.1
16 0.4421875 0.47265625 0.009375 0.034375
16 0.43203125 0.465625 0.01015625 0.04140625
16 0.79609375 0.8171875 0.0046875 0.06171875
16 0.79140625 0.8140625 0.00546875 0.06171875
2 0.45234375 0.484375 0.01015625 0.03828125
2 0.703125 0.72734375 0.00625 0.06875
2 0.7515625 0.77421875 0.0046875 0.065625
16 0.746875 0.77421875 0.00546875 0.065625
2 0.69453125 0.72734375 0.0125 0.11015625
16 0.9296875 0.965625 0.00703125 0.06171875
16 0.92421875 0.965625 0.00625 0.06171875
16 0.91328125 0.95859375 0.00546875 0.06171875
16 0.91953125 0.9640625 0.00625 0.065625
16 0.903125 0.95 0.00625 0.065625
2 0.5234375 0.5828125 0.01015625 0.04140625
16 0.90859375 0.953125 0.00546875 0.065625
16 0.89296875 0.93984375 0.00546875 0.065625
16 0.89765625 0.94453125 0.00546875 0.06171875
16 0.8875 0.9359375 0.0046875 0.065625
16 0.88203125 0.9328125 0.00546875 0.065625
16 0.865625 0.915625 0.00546875 0.065625
16 0.86015625 0.91171875 0.00546875 0.065625
16 0.8765625 0.92734375 0.0046875 0.06171875
16 0.871875 0.92265625 0.00625 0.065625
16 0.85546875 0.90859375 0.00625 0.05859375
16 0.85 0.90546875 0.00546875 0.065625
2 0.4515625 0.5203125 0.01015625 0.04140625
16 0.64140625 0.7203125 0.00546875 0.06875
16 0.63671875 0.7203125 0.00625 0.06875
2 0.775 0.85859375 0.009375 0.1171875
2 0.52265625 0.615625 0.01015625 0.03828125
16 0.78125 0.86875 0.00625 0.06875
16 0.4515625 0.55 0.009375 0.03125
2 0.43125 0.5328125 0.009375 0.03828125
2 0.440625 0.54453125 0.01015625 0.04140625
9 0.575 0.69140625 0.01328125 0.134375
2 0.75234375 0.865625 0.0078125 0.07578125
16 0.7453125 0.85859375 0.0078125 0.07578125
16 0.43984375 0.57421875 0.01015625 0.03828125
2 0.521875 0.653125 0.01015625 0.04453125
16 0.43046875 0.5671875 0.009375 0.03828125
2 0.6890625 0.82265625 0.0109375 0.0515625
2 0.71796875 0.86015625 0.01484375 0.065625
2 0.45 0.60859375 0.01015625 0.03828125
16 0.52109375 0.6859375 0.009375 0.034375
2 0.8546875 0.984375 0.01015625 0.02421875
16 0.7640625 0.9484375 0.01015625 0.04140625
2 0.68828125 0.88828125 0.01171875 0.0515625
16 0.76328125 0.9828125 0.009375 0.034375
16 0.72890625 0.95546875 0.009375 0.04140625
2 0.715625 0.9515625 0.01640625 0.06171875
9 0.73984375 0.97265625 0.00625 0.0484375
16 0.70078125 0.95546875 0.009375 0.034375
16 0.69140625 0.9515625 0.01015625 0.04140625
2 0.75078125 0.97421875 0.01328125 0.04453125
16 0.728125 0.984375 0.009375 0.02421875
16 0.51953125 0.8171875 0.00625 0.06875
16 0.7 0.984375 0.009375 0.02421875
16 0.51484375 0.81171875 0.00625 0.065625
16 0.49140625 0.78984375 0.00546875 0.06171875
16 0.5078125 0.803125 0.00703125 0.06875
16 0.503125 0.7984375 0.00546875 0.065625
16 0.690625 0.98125 0.01015625 0.03125
16 0.44921875 0.7515625 0.00546875 0.06171875
16 0.47890625 0.7796875 0.00546875 0.06171875
16 0.47265625 0.77265625 0.00625 0.06875
2 0.496875 0.7984375 0.00625 0.07265625
16 0.48515625 0.7859375 0.00625 0.06875
2 0.71484375 0.984375 0.01640625 0.02421875
16 0.4671875 0.7703125 0.00625 0.065625
2 0.46171875 0.765625 0.00625 0.06875
16 0.45546875 0.76171875 0.00546875 0.06171875
2 0.81953125 0.47265625 0.00703125 0.06875
2 0.8046875 0.46171875 0.00625 0.07578125
2 0.6953125 0.3671875 0.0078125 0.07265625
2 0.67890625 0.3515625 0.00625 0.06875
2 0.58125 0.26875 0.00703125 0.06875
2 0.5703125 0.25859375 0.00625 0.06875
2 0.55390625 0.24296875 0.00625 0.065625
2 0.4453125 0.153125 0.00625 0.065625
2 0.42890625 0.13984375 0.00703125 0.07265625
2 0.384375 0.0984375 0.00625 0.065625