15 0.89296875 0.30390625 0.003125 0.06171875
9 0.7234375 0.3046875 0.0078125 0.15859375
1 0.77109375 0.3203125 0.009375 0.1421875
1 0.76015625 0.3234375 0.009375 0.12421875
15 0.85703125 0.3265625 0.003125 0.071875
1 0.7484375 0.33046875 0.00859375 0.12109375
15 0.825 0.33515625 0.0046875 0.07734375
1 0.85 0.33671875 0.00390625 0.0734375
1 0.8015625 0.3359375 0.00390625 0.0671875
15 0.80625 0.3359375 0.00390625 0.0671875
15 0.86640625 0.33984375 0.00390625 0.06171875
1 0.7828125 0.3390625 0.0046875 0.0734375
15 0.871875 0.34140625 0.0046875 0.071875
15 0.84296875 0.33984375 0.00390625 0.06875
15 0.878125 0.34375 0.00390625 0.0640625
15 0.884375 0.34453125 0.003125 0.065625
1 0.73359375 0.3546875 0.00390625 0.07421875
15 0.91171875 0.38671875 0.0046875 0.0671875
15 0.9046875 0.390625 0.0046875 0.0625
15 0.89296875 0.39140625 0.003125 0.07109375
1 0.8984375 0.4 0.003125 0.0640625
9 0.48125 0.41484375 0.05 0.44296875
15 0.8375 0.43515625 0.00390625 0.0578125
15 0.86640625 0.4375 0.003125 0.05546875
15 0.82578125 0.43828125 0.00234375 0.06875
1 0.8796875 0.43515625 0.003125 0.05703125
1 0.8734375 0.4359375 0.003125 0.06484375
15 0.83125 0.4375 0.00234375 0.05625
1 0.85 0.4375 0.003125 0.06171875
15 0.84453125 0.43984375 0.003125 0.05546875
15 0.8015625 0.44140625 0.00234375 0.05234375
1 0.44375 0.44140625 0.00703125 0.040625
9 0.64140625 0.4421875 0.025 0.16015625
1 0.784375 0.4421875 0.0046875 0.05390625
15 0.8078125 0.44453125 0.00390625 0.06484375
15 0.44296875 0.49609375 0.0078125 0.03046875
1 0.75078125 0.51328125 0.009375 0.14765625
1 0.7625 0.51328125 0.01015625 0.14765625
1 0.7390625 0.5140625 0.01015625 0.14453125
1 0.88671875 0.53203125 0.0046875 0.0546875
15 0.8921875 0.5359375 0.00390625 0.075
1 0.81953125 0.5359375 0.0046875 0.06328125
1 0.92578125 0.5390625 0.00234375 0.0625
1 0.6203125 0.5375 0.01015625 0.12578125
1 0.8078125 0.53984375 0.003125 0.0703125
15 0.8140625 0.5421875 0.00390625 0.07578125
1 0.7890625 0.54375 0.003125 0.0546875
15 0.7953125 0.54296875 0.00546875 0.065625
15 0.8265625 0.55 0.003125 0.09765625
15 0.5546875 0.56328125 0.00390625 0.0703125
1 0.5484375 0.56484375 0.00390625 0.0734375
1 0.26953125 0.6 0.00390625 0.071875
1 0.2296875 0.60390625 0.0046875 0.07421875
15 0.2171875 0.6046875 0.00390625 0.0640625
15 0.146875 0.60546875 0.00390625 0.065625
1 0.2765625 0.60546875 0.00390625 0.07109375
15 0.134375 0.60625 0.0046875 0.08984375
1 0.140625 0.60546875 0.003125 0.0765625
15 0.20390625 0.60625 0.00390625 0.06171875
15 0.2109375 0.60625 0.0046875 0.0734375
15 0.1984375 0.60703125 0.003125 0.0515625
15 0.22265625 0.609375 0.003125 0.06796875
15 0.06484375 0.61015625 0.00390625 0.06953125
1 0.12734375 0.6125 0.00390625 0.07890625
15 0.18671875 0.6109375 0.00390625 0.0703125
15 0.103125 0.6125 0.00390625 0.0671875
15 0.08515625 0.6140625 0.003125 0.065625
15 0.115625 0.6140625 0.00390625 0.06484375
15 0.19375 0.6140625 0.00390625 0.06484375
15 0.07109375 0.6140625 0.00546875 0.06484375
15 0.096875 0.61640625 0.00390625 0.06953125
1 0.51796875 0.61640625 0.0046875 0.0703125
1 0.07890625 0.61640625 0.00546875 0.08125
15 0.121875 0.615625 0.00390625 0.06796875
15 0.109375 0.61640625 0.003125 0.0578125
15 0.090625 0.61796875 0.0046875 0.071875
1 0.6859375 0.62734375 0.0046875 0.0734375
1 0.72578125 0.62890625 0.00390625 0.07109375
1 0.48984375 0.6828125 0.0078125 0.0484375
1 0.46640625 0.68984375 0.0078125 0.04375
1 0.53515625 0.69609375 0.00546875 0.07421875
1 0.54375 0.7015625 0.00390625 0.06796875
15 0.52109375 0.11796875 0.003125 0.075
1 0.91015625 0.11796875 0.003125 0.05234375
15 0.8921875 0.11875 0.00234375 0.053125
15 0.9046875 0.12109375 0.003125 0.06328125
1 0.8484375 0.12578125 0.0046875 0.07890625
1 0.8984375 0.12421875 0.003125 0.053125
15 0.85390625 0.12578125 0.00234375 0.07265625
15 0.865625 0.125 0.0046875 0.06640625
15 0.86015625 0.1296875 0.003125 0.0703125
15 0.75390625 0.1328125 0.00390625 0.0703125
15 0.7359375 0.13203125 0.00390625 0.06875
1 0.76015625 0.13359375 0.0046875 0.06015625
1 0.48671875 0.13359375 0.00625 0.0359375
1 0.7421875 0.13671875 0.00390625 0.06015625
15 0.71796875 0.1375 0.0046875 0.06796875
1 0.7296875 0.13671875 0.00390625 0.071875
15 0.74765625 0.1375 0.0046875 0.06171875
1 0.47109375 0.140625 0.009375 0.04453125
9 0.878125 0.1796875 0.0140625 0.17578125
15 0.89140625 0.2109375 0.00390625 0.071875
15 0.86015625 0.23203125 0.003125 0.0609375
1 0.51953125 0.234375 0.00703125 0.02890625
15 0.86640625 0.23515625 0.003125 0.0546875
1 0.9109375 0.234375 0.003125 0.06484375
15 0.7328125 0.25859375 0.003125 0.0671875
15 0.73984375 0.2625 0.003125 0.06875
9 0.9015625 0.26484375 0.00859375 0.10234375
1 0.44296875 0.2671875 0.0078125 0.03671875
1 0.6796875 0.28046875 0.01015625 0.121875
1 0.665625 0.28828125 0.00859375 0.12578125