2 0.7046875 0.26171875 0.00859375 0.07109375
16 0.665625 0.2484375 0.0046875 0.0515625
16 0.6859375 0.26171875 0.00390625 0.05390625
16 0.67421875 0.25546875 0.0046875 0.05390625
16 0.678125 0.25546875 0.00390625 0.05390625
16 0.66953125 0.25546875 0.0046875 0.05390625
16 0.68984375 0.265625 0.00390625 0.05703125
16 0.68125 0.26171875 0.0046875 0.05390625
16 0.55546875 0.21875 0.01171875 0.02578125
16 0.58515625 0.2375 0.01015625 0.02890625
16 0.56484375 0.22734375 0.009375 0.03125
16 0.6140625 0.25390625 0.009375 0.034375
16 0.57578125 0.2375 0.0109375 0.034375
16 0.59453125 0.24609375 0.00859375 0.02265625
16 0.6046875 0.253125 0.009375 0.03125
2 0.54609375 0.22890625 0.00546875 0.0515625
16 0.53359375 0.2203125 0.00546875 0.05703125
2 0.5296875 0.22109375 0.0046875 0.06015625
16 0.53828125 0.22734375 0.00546875 0.05390625
16 0.5421875 0.2296875 0.00390625 0.0484375
16 0.525 0.21875 0.00546875 0.06015625
2 0.6296875 0.2796875 0.00546875 0.04609375
2 0.646875 0.28984375 0.00390625 0.04296875
2 0.6515625 0.29296875 0.0046875 0.04296875
2 0.634375 0.28828125 0.00546875 0.0515625
2 0.74921875 0.35546875 0.01171875 0.09453125
16 0.6890625 0.32421875 0.009375 0.03125
2 0.7578125 0.365625 0.00859375 0.0859375
2 0.765625 0.37109375 0.00703125 0.0859375
2 0.7734375 0.37734375 0.009375 0.06875
2 0.625 0.296875 0.00546875 0.0515625
2 0.55625 0.25859375 0.009375 0.0375
16 0.9078125 0.4703125 0.01015625 0.03125
2 0.83984375 0.434375 0.009375 0.02890625
16 0.9328125 0.50390625 0.00546875 0.0484375
9 0.6890625 0.36875 0.02265625 0.07421875
2 0.90703125 0.496875 0.00859375 0.02265625
20 0.921875 0.50546875 0.0140625 0.0796875
2 0.86328125 0.4828125 0.0046875 0.0515625
2 0.8796875 0.49140625 0.00546875 0.04609375
2 0.8734375 0.48828125 0.00546875 0.0515625
2 0.8484375 0.47265625 0.0046875 0.04296875
2 0.70546875 0.403125 0.00546875 0.05703125
2 0.90703125 0.51875 0.009375 0.02578125
2 0.6640625 0.39453125 0.009375 0.0859375
2 0.67265625 0.4015625 0.0109375 0.0828125
2 0.7734375 0.4625 0.00625 0.0515625
16 0.778125 0.465625 0.00546875 0.0515625
2 0.78359375 0.47109375 0.00546875 0.0515625
22 0.79296875 0.4859375 0.01328125 0.10859375
16 0.92109375 0.5625 0.009375 0.02890625
16 0.903125 0.553125 0.01015625 0.03125
16 0.93984375 0.6015625 0.00546875 0.06015625
16 0.9203125 0.59296875 0.0109375 0.0375
16 0.90234375 0.5828125 0.009375 0.02265625
9 0.5890625 0.42734375 0.06640625 0.3515625
2 0.80625 0.56015625 0.01171875 0.0859375
2 0.8171875 0.565625 0.01328125 0.0859375
2 0.82734375 0.57265625 0.0125 0.07734375
2 0.94609375 0.64140625 0.009375 0.0828125
16 0.834375 0.59296875 0.00546875 0.05390625
16 0.93828125 0.65546875 0.00546875 0.04296875
16 0.88046875 0.6359375 0.0046875 0.05390625
2 0.875 0.6375 0.00546875 0.05703125
16 0.78671875 0.584375 0.00546875 0.0484375
16 0.91015625 0.65390625 0.00546875 0.0515625
16 0.85390625 0.62734375 0.00625 0.0484375
16 0.78203125 0.5875 0.00390625 0.06015625
2 0.84140625 0.61875 0.00546875 0.05390625
16 0.790625 0.58984375 0.00546875 0.0484375
2 0.778125 0.5828125 0.00546875 0.05703125
2 0.84609375 0.62109375 0.00625 0.0484375
16 0.796875 0.5984375 0.00546875 0.05390625
2 0.90390625 0.65703125 0.00859375 0.0859375
2 0.89453125 0.653125 0.0078125 0.07734375
2 0.8671875 0.65703125 0.00625 0.0515625
16 0.86015625 0.653125 0.00703125 0.05390625
2 0.915625 0.6984375 0.00625 0.0484375
16 0.9203125 0.70546875 0.00390625 0.04609375
2 0.92421875 0.70703125 0.00546875 0.05390625
2 0.94453125 0.72421875 0.009375 0.065625
20 0.93359375 0.72109375 0.0125 0.07734375
16 0.88671875 0.71875 0.00546875 0.05390625
16 0.88125 0.7171875 0.00546875 0.05703125
16 0.85234375 0.70546875 0.00546875 0.05703125
16 0.846875 0.70390625 0.00390625 0.05390625
22 0.86484375 0.715625 0.0140625 0.05390625
2 0.92421875 0.76171875 0.00546875 0.0484375
16 0.91953125 0.75859375 0.00546875 0.0484375
2 0.5515625 0.57890625 0.009375 0.03125
16 0.0203125 0.29140625 0.00546875 0.0515625
16 0.025 0.29453125 0.0046875 0.0515625
16 0.94140625 0.8140625 0.0109375 0.02265625
16 0.0296875 0.3 0.00546875 0.05703125
2 0.56953125 0.61171875 0.01015625 0.034375
2 0.55078125 0.603125 0.0109375 0.034375
16 0.59140625 0.62890625 0.009375 0.034375
2 0.58203125 0.62109375 0.01015625 0.0375
16 0.02734375 0.35546875 0.009375 0.03125
16 0.03671875 0.3640625 0.009375 0.0375
16 0.0265625 0.384375 0.009375 0.02578125
16 0.03671875 0.39296875 0.01015625 0.02578125
16 0.02578125 0.4125 0.01015625 0.03125
16 0.0359375 0.42109375 0.009375 0.02578125
16 0.02578125 0.44609375 0.0109375 0.02890625
16 0.0359375 0.4484375 0.01015625 0.02890625
2 0.02421875 0.47890625 0.00703125 0.03125
2 0.06484375 0.54453125 0.01171875 0.03125
2 0.0453125 0.5359375 0.009375 0.03125
16 0.08203125 0.55546875 0.01484375 0.0375
2 0.034375 0.5328125 0.01015625 0.03125
16 0.1921875 0.62265625 0.0125 0.034375
2 0.1796875 0.6140625 0.0109375 0.034375
2 0.21640625 0.6375 0.0109375 0.03984375
2 0.2828125 0.67734375 0.009375 0.034375
16 0.2046875 0.6328125 0.0109375 0.0375
2 0.32265625 0.703125 0.009375 0.02890625
16 0.27265625 0.67265625 0.01015625 0.0375
2 0.33671875 0.70859375 0.0109375 0.034375
16 0.259375 0.665625 0.01015625 0.02890625
16 0.3484375 0.71875 0.0078125 0.02578125
16 0.36015625 0.72734375 0.009375 0.0375
2 0.4015625 0.7515625 0.0109375 0.034375
2 0.4171875 0.76015625 0.01015625 0.034375
16 0.48203125 0.8015625 0.009375 0.03125
16 0.4703125 0.79296875 0.00859375 0.03125
2 0.52265625 0.82734375 0.01015625 0.03125
2 0.646875 0.9 0.01171875 0.034375
16 0.56953125 0.86015625 0.0109375 0.02890625
16 0.66015625 0.91015625 0.00859375 0.02578125
2 0.68359375 0.92265625 0.0109375 0.034375
16 0.54375 0.84609375 0.0109375 0.034375
16 0.671875 0.9171875 0.00859375 0.02890625
16 0.5828125 0.86875 0.009375 0.02890625
2 0.8203125 0.99140625 0.01328125 0.01171875
16 0.55859375 0.85546875 0.01171875 0.03125
16 0.60703125 0.8875 0.0109375 0.03125
2 0.74375 0.9640625 0.01328125 0.03125
16 0.59296875 0.87734375 0.0109375 0.02890625
16 0.61796875 0.89140625 0.0109375 0.02890625