16 0.35078125 0.07265625 0.00859375 0.03046875
16 0.2859375 0.0265625 0.0078125 0.03515625
16 0.35078125 0.10546875 0.0078125 0.04375
16 0.35 0.1359375 0.0078125 0.03515625
2 0.50078125 0.315625 0.00390625 0.06171875
2 0.496875 0.31171875 0.00390625 0.06171875
2 0.48203125 0.31796875 0.00859375 0.10078125
16 0.35 0.17109375 0.0078125 0.03515625
16 0.2421875 0.0546875 0.009375 0.0484375
2 0.5171875 0.3703125 0.0109375 0.065625
16 0.196875 0.015625 0.009375 0.03046875
16 0.18828125 0.00859375 0.00859375 0.0171875
16 0.21484375 0.02421875 0.009375 0.0484375
16 0.22421875 0.03515625 0.009375 0.04375
16 0.23359375 0.04375 0.00859375 0.04375
16 0.17890625 0.0046875 0.009375 0.00859375
16 0.20546875 0.021875 0.00859375 0.04375
16 0.25 0.08515625 0.00625 0.08359375
2 0.35859375 0.221875 0.0078125 0.03984375
16 0.23203125 0.0875 0.00859375 0.04375
16 0.2140625 0.06796875 0.00859375 0.03984375
16 0.22265625 0.07421875 0.009375 0.04375
16 0.24140625 0.0984375 0.009375 0.03984375
16 0.178125 0.02421875 0.009375 0.03984375
16 0.19609375 0.04375 0.0078125 0.04375
16 0.2046875 0.06171875 0.009375 0.04375
16 0.1421875 0.0046875 0.009375 0.00859375
16 0.18671875 0.03984375 0.00859375 0.04375
16 0.15 0.0109375 0.00859375 0.021875
16 0.16875 0.021875 0.009375 0.04375
16 0.159375 0.015625 0.009375 0.03046875
16 0.34453125 0.23671875 0.0078125 0.03515625
16 0.2859375 0.184375 0.00625 0.0703125
2 0.24140625 0.1359375 0.009375 0.04375
2 0.21328125 0.10546875 0.009375 0.04375
2 0.1953125 0.08515625 0.0078125 0.03984375
2 0.23203125 0.13125 0.0078125 0.04375
2 0.25 0.153125 0.00859375 0.04375
2 0.18671875 0.0765625 0.00859375 0.03984375
2 0.22265625 0.11875 0.009375 0.04375
2 0.29453125 0.20390625 0.0046875 0.065625
16 0.13125 0.01953125 0.009375 0.0390625
2 0.2046875 0.10078125 0.00859375 0.04375
2 0.290625 0.19921875 0.00390625 0.065625
2 0.16796875 0.05703125 0.009375 0.04375
2 0.178125 0.06796875 0.009375 0.0484375
2 0.12265625 0.015625 0.00859375 0.03046875
2 0.11328125 0.01328125 0.009375 0.0265625
2 0.15859375 0.05234375 0.00859375 0.04375
2 0.1046875 0.00625 0.009375 0.0125
2 0.15 0.04140625 0.00859375 0.0484375
16 0.34375 0.271875 0.0078125 0.03515625
16 0.9125 0.9515625 0.009375 0.04375
16 0.9125 0.984375 0.01015625 0.021875
16 0.05234375 0.0328125 0.0046875 0.065625
16 0.04453125 0.0265625 0.00390625 0.05234375
16 0.04765625 0.0328125 0.0046875 0.065625
16 0.05625 0.03984375 0.00546875 0.06171875
2 0.02578125 0.065625 0.0125 0.0703125
2 0.7515625 0.91484375 0.01171875 0.065625
2 0.1078125 0.1796875 0.0125 0.0703125
2 0.446875 0.57265625 0.01171875 0.065625
2 0.5359375 0.6796875 0.0125 0.0703125
2 0.23203125 0.33984375 0.01171875 0.065625
16 0.1875 0.35546875 0.009375 0.05234375
2 0.7359375 0.9828125 0.0078125 0.0265625
2 0.6171875 0.8796875 0.0078125 0.0921875
2 0.57578125 0.83359375 0.0078125 0.096875
16 0.46328125 0.71484375 0.00625 0.07890625
2 0.05546875 0.25 0.00859375 0.10546875
2 0.40078125 0.6515625 0.0109375 0.065625
2 0.65234375 0.940625 0.009375 0.0484375
2 0.18828125 0.4125 0.0125 0.0703125
2 0.53828125 0.815625 0.00859375 0.04375
2 0.525 0.80234375 0.0078125 0.04375
2 0.4375 0.70390625 0.009375 0.0484375
2 0.2203125 0.4625 0.009375 0.03984375
2 0.10546875 0.33984375 0.00859375 0.03984375
2 0.0046875 0.228125 0.009375 0.06171875
2 0.09296875 0.32890625 0.0078125 0.04375
2 0.4265625 0.028125 0.009375 0.05625
16 0.44296875 0.0375 0.00625 0.07421875
16 0.384375 0.0375 0.009375 0.0484375
2 0.3953125 0.05078125 0.0125 0.065625
16 0.353125 0.01328125 0.0078125 0.0265625
9 0.31796875 0.109375 0.0546875 0.21875
2 0.5125 0.22578125 0.0078125 0.0921875
2 0.503125 0.2171875 0.0078125 0.0921875
16 0.35234375 0.04375 0.0078125 0.03515625