2 0.70078125 0.19296875 0.00703125 0.06328125
16 0.6640625 0.2046875 0.003125 0.0453125
16 0.6828125 0.20390625 0.003125 0.04765625
16 0.671875 0.20390625 0.003125 0.04765625
16 0.675 0.20390625 0.003125 0.04765625
16 0.66796875 0.20625 0.003125 0.04765625
16 0.6859375 0.2078125 0.003125 0.05
16 0.67890625 0.20625 0.003125 0.04765625
16 0.5625 0.234375 0.01015625 0.01875
16 0.58984375 0.2328125 0.00859375 0.02109375
16 0.57109375 0.23671875 0.0078125 0.0234375
16 0.6171875 0.23515625 0.00859375 0.0265625
16 0.58046875 0.23828125 0.009375 0.0265625
16 0.5984375 0.23828125 0.00703125 0.015625
16 0.6078125 0.2390625 0.00859375 0.0234375
2 0.55390625 0.24765625 0.0046875 0.0453125
16 0.54140625 0.24765625 0.00390625 0.05
2 0.53828125 0.2484375 0.003125 0.053125
16 0.5453125 0.2484375 0.00390625 0.04765625
16 0.55 0.25 0.00234375 0.0453125
16 0.53359375 0.2484375 0.0046875 0.053125
2 0.63125 0.25234375 0.00390625 0.03984375
2 0.64765625 0.2515625 0.003125 0.03671875
2 0.6515625 0.2515625 0.00390625 0.03671875
2 0.6359375 0.2578125 0.00390625 0.0453125
2 0.74375 0.2578125 0.009375 0.08203125
16 0.6875 0.2609375 0.0078125 0.0234375
2 0.7515625 0.26328125 0.00625 0.0765625
2 0.75859375 0.265625 0.00546875 0.0765625
2 0.765625 0.265625 0.00703125 0.0609375
2 0.62734375 0.26875 0.0046875 0.0453125
2 0.56328125 0.27109375 0.00859375 0.02890625
16 0.890625 0.28203125 0.00859375 0.0234375
2 0.82734375 0.2828125 0.0078125 0.02109375
16 0.91484375 0.29921875 0.00390625 0.0421875
9 0.6875 0.3015625 0.0203125 0.0578125
2 0.89140625 0.30390625 0.00703125 0.015625
20 0.9046875 0.30703125 0.0109375 0.06875
2 0.85078125 0.31640625 0.003125 0.0453125
2 0.86640625 0.31640625 0.0046875 0.03984375
2 0.86015625 0.31640625 0.0046875 0.0453125
2 0.83671875 0.31484375 0.00390625 0.03671875
2 0.70390625 0.32421875 0.0046875 0.05
2 0.89140625 0.3265625 0.00859375 0.01875
2 0.66484375 0.33984375 0.00703125 0.0765625
2 0.6734375 0.33984375 0.00859375 0.07109375
2 0.7671875 0.3453125 0.0046875 0.0453125
16 0.771875 0.3453125 0.00390625 0.0453125
2 0.7765625 0.34765625 0.00390625 0.0453125
22 0.7859375 0.3546875 0.01015625 0.0953125
16 0.90546875 0.36015625 0.00859375 0.02109375
16 0.88828125 0.3609375 0.00859375 0.0234375
16 0.9234375 0.38359375 0.0046875 0.053125
16 0.90546875 0.3875 0.009375 0.02890625
16 0.88828125 0.3859375 0.0078125 0.015625
9 0.596875 0.40703125 0.05625 0.29609375
2 0.79921875 0.415625 0.009375 0.07421875
2 0.80859375 0.415625 0.0109375 0.07421875
2 0.81875 0.41953125 0.01015625 0.06640625
2 0.9296875 0.41796875 0.00703125 0.07421875
16 0.82578125 0.43125 0.0046875 0.04765625
16 0.9234375 0.43359375 0.0046875 0.03671875
16 0.86875 0.446875 0.003125 0.04765625
2 0.8640625 0.45078125 0.0046875 0.05
16 0.78125 0.45 0.00390625 0.0421875
16 0.89609375 0.45078125 0.00390625 0.0453125
16 0.84453125 0.45234375 0.0046875 0.0421875
16 0.77734375 0.45234375 0.003125 0.053125
2 0.8328125 0.45234375 0.00390625 0.04765625
16 0.78515625 0.45234375 0.00390625 0.0421875
2 0.7734375 0.45390625 0.0046875 0.05
2 0.8375 0.45234375 0.0046875 0.0421875
16 0.79140625 0.4546875 0.0046875 0.04765625
2 0.890625 0.45625 0.00625 0.0765625
2 0.8828125 0.4546875 0.00625 0.06875
2 0.85703125 0.475 0.0046875 0.0453125
16 0.85078125 0.4734375 0.00546875 0.04765625
2 0.90234375 0.48671875 0.0046875 0.0421875
16 0.90703125 0.490625 0.003125 0.03984375
2 0.9109375 0.4890625 0.00390625 0.04765625
2 0.9296875 0.49609375 0.0078125 0.05546875
20 0.91953125 0.4984375 0.01015625 0.06640625
16 0.8765625 0.52109375 0.00390625 0.04765625
16 0.87109375 0.52265625 0.00390625 0.05
16 0.84453125 0.528125 0.00390625 0.05
16 0.8390625 0.5265625 0.003125 0.04765625
22 0.85546875 0.52890625 0.0125 0.0421875
2 0.91171875 0.53984375 0.0046875 0.0421875
16 0.90703125 0.53984375 0.0046875 0.0421875
2 0.56484375 0.5671875 0.00859375 0.0234375
16 0.06953125 0.58046875 0.00390625 0.0453125
16 0.07421875 0.58046875 0.003125 0.0453125
16 0.92890625 0.5796875 0.009375 0.015625
16 0.078125 0.58359375 0.0046875 0.05
2 0.58203125 0.5875 0.00859375 0.0265625
2 0.02578125 0.58828125 0.0125 0.05
2 0.5640625 0.58984375 0.01015625 0.0265625
16 0.60234375 0.58984375 0.0078125 0.0265625
2 0.59375 0.59140625 0.00859375 0.02890625
16 0.07734375 0.6359375 0.00859375 0.0234375
16 0.08671875 0.6390625 0.00859375 0.02890625
16 0.0765625 0.6625 0.00859375 0.01875
16 0.08671875 0.665625 0.00859375 0.01875
16 0.0765625 0.6890625 0.00859375 0.0234375
16 0.08671875 0.6921875 0.00859375 0.01875
16 0.07734375 0.7171875 0.01015625 0.02109375
16 0.08671875 0.7171875 0.00859375 0.02109375
2 0.0765625 0.7484375 0.00625 0.0265625
2 0.115625 0.78984375 0.01015625 0.0234375
2 0.09765625 0.7921875 0.00859375 0.0234375
16 0.13125 0.790625 0.01328125 0.0265625
2 0.08671875 0.7953125 0.00859375 0.0234375
16 0.234375 0.79375 0.0109375 0.0265625
2 0.221875 0.79375 0.009375 0.0265625
2 0.25625 0.79609375 0.009375 0.03203125
2 0.31875 0.79609375 0.0078125 0.0265625
16 0.24609375 0.79765625 0.009375 0.02890625
2 0.35546875 0.79921875 0.0078125 0.02109375
16 0.30859375 0.8 0.00859375 0.02890625
2 0.36875 0.79921875 0.009375 0.0265625
16 0.296875 0.79921875 0.00859375 0.02109375
16 0.38046875 0.8015625 0.00703125 0.02109375
16 0.390625 0.803125 0.0078125 0.02890625
2 0.4296875 0.80390625 0.009375 0.0265625
2 0.44375 0.80390625 0.00859375 0.0265625
16 0.5046875 0.8078125 0.0078125 0.0234375
16 0.49375 0.8078125 0.00703125 0.0234375
2 0.5421875 0.8109375 0.00859375 0.0234375
2 0.65859375 0.8125 0.01015625 0.0265625
16 0.5859375 0.81484375 0.009375 0.02109375
16 0.6703125 0.81640625 0.00703125 0.01875
2 0.6921875 0.81484375 0.009375 0.0265625
16 0.5625 0.81484375 0.009375 0.0265625
16 0.68203125 0.81484375 0.00703125 0.02109375
16 0.59921875 0.8171875 0.00859375 0.02109375
2 0.8203125 0.8171875 0.0109375 0.0265625
16 0.57578125 0.81875 0.01015625 0.0234375
16 0.62109375 0.82109375 0.01015625 0.0234375
2 0.7484375 0.82109375 0.01171875 0.0234375
16 0.60859375 0.8203125 0.009375 0.02109375
16 0.63125 0.8203125 0.01015625 0.02109375
16 0.859375 0.82109375 0.0078125 0.01875
16 0.87109375 0.82421875 0.01015625 0.0234375
2 0.84921875 0.82421875 0.01015625 0.0234375
2 0.89375 0.82265625 0.01015625 0.02109375
16 0.88359375 0.82578125 0.00859375 0.02109375