15 0.1953125 0.24375 0.00390625 0.065625
1 0.15234375 0.2578125 0.0078125 0.034375
1 0.66015625 0.259375 0.00859375 0.02890625
15 0.3484375 0.259375 0.00703125 0.028125
15 0.46171875 0.2625 0.00703125 0.01953125
1 0.7546875 0.26015625 0.00625 0.02578125
1 0.9515625 0.26015625 0.00625 0.03046875
1 0.259375 0.26328125 0.00703125 0.02578125
1 0.86171875 0.26328125 0.00703125 0.021875
15 0.44453125 0.265625 0.00625 0.02578125
1 0.05078125 0.26484375 0.00625 0.025
15 0.553125 0.2671875 0.0078125 0.02890625
1 0.84765625 0.265625 0.00703125 0.03671875
1 0.040625 0.26875 0.0078125 0.028125
1 0.58046875 0.278125 0.003125 0.04609375
1 0.58515625 0.278125 0.003125 0.04609375
15 0.70390625 0.278125 0.00625 0.02265625
1 0.94375 0.27734375 0.00390625 0.06484375
1 0.7421875 0.27890625 0.0046875 0.05234375
15 0.540625 0.28046875 0.00390625 0.05625
15 0.3390625 0.28203125 0.0046875 0.06953125
1 0.2453125 0.2828125 0.0046875 0.065625
15 0.71328125 0.2828125 0.00546875 0.021875
1 0.6484375 0.284375 0.00390625 0.06328125
15 0.02734375 0.284375 0.00546875 0.0640625
1 0.1375 0.2828125 0.0046875 0.06171875
1 0.66015625 0.2875 0.00546875 0.03125
1 0.7546875 0.28828125 0.00546875 0.0234375
1 0.73125 0.28984375 0.003125 0.05
15 0.46171875 0.2890625 0.00703125 0.025
1 0.71875 0.2890625 0.00234375 0.04453125
1 0.8625 0.29140625 0.00703125 0.02421875
15 0.553125 0.28984375 0.00703125 0.0265625
1 0.6984375 0.29140625 0.00390625 0.04375
15 0.34921875 0.29296875 0.00703125 0.0328125
1 0.9515625 0.29296875 0.00703125 0.03203125
1 0.259375 0.29375 0.00625 0.02421875
15 0.99140625 0.29375 0.0046875 0.0578125
1 0.0515625 0.296875 0.00546875 0.02578125
1 0.1515625 0.2953125 0.00625 0.021875
15 0.9296875 0.30625 0.00390625 0.05
15 0.96171875 0.3109375 0.00390625 0.06328125
15 0.95703125 0.3125 0.00390625 0.0609375
15 0.05703125 0.3125 0.003125 0.05234375
15 0.4421875 0.31328125 0.01171875 0.05390625
1 0.8453125 0.3140625 0.01328125 0.04609375
15 0.7046875 0.31328125 0.00625 0.03359375
15 0.7125 0.3171875 0.00625 0.02265625
15 0.0625 0.31796875 0.003125 0.053125
15 0.97890625 0.3171875 0.003125 0.05703125
15 0.725 0.31953125 0.00625 0.028125
1 0.03984375 0.3375 0.00546875 0.09296875
1 0.8765625 0.34609375 0.00703125 0.03125
1 0.8859375 0.35 0.00625 0.02578125
1 0.13046875 0.37421875 0.003125 0.04453125
1 0.1390625 0.37578125 0.003125 0.05234375
1 0.1484375 0.375 0.00390625 0.05625
1 0.115625 0.37578125 0.0046875 0.0578125
1 0.14296875 0.37578125 0.003125 0.0578125
1 0.10625 0.378125 0.0046875 0.05703125
1 0.134375 0.3765625 0.003125 0.04921875
1 0.1015625 0.3765625 0.0046875 0.05390625
1 0.1203125 0.378125 0.00390625 0.04296875
1 0.125 0.37734375 0.0046875 0.05078125
1 0.1109375 0.37734375 0.00390625 0.0546875
1 0.096875 0.378125 0.00390625 0.05234375
1 0.15703125 0.378125 0.00234375 0.0578125
1 0.15234375 0.38046875 0.0046875 0.05234375
15 0.8859375 0.3828125 0.0078125 0.03203125
15 0.87734375 0.38359375 0.0078125 0.0296875
15 0.046875 0.384375 0.0046875 0.05546875
1 0.0546875 0.3875 0.009375 0.03671875
15 0.90625 0.3953125 0.00390625 0.05234375
20 0.89765625 0.396875 0.00859375 0.06484375
1 0.215625 0.396875 0.003125 0.0609375
1 0.990625 0.3984375 0.00625 0.0734375
1 0.2125 0.403125 0.003125 0.04453125
1 0.171875 0.4046875 0.00546875 0.0234375
1 0.60703125 0.4046875 0.003125 0.046875
15 0.22265625 0.40703125 0.0078125 0.0328125
1 0.61015625 0.40859375 0.003125 0.04609375
9 0.19296875 0.41015625 0.0265625 0.21875
1 0.6234375 0.41484375 0.003125 0.05859375
20 0.23359375 0.42578125 0.00859375 0.0703125
15 0.315625 0.42578125 0.0046875 0.05
15 0.80859375 0.428125 0.00703125 0.03125
15 0.25078125 0.428125 0.00390625 0.05546875
15 0.30703125 0.42890625 0.003125 0.05234375
1 0.796875 0.428125 0.01328125 0.05078125
15 0.278125 0.4296875 0.00390625 0.04921875
15 0.3109375 0.428125 0.00390625 0.04609375
15 0.26953125 0.43125 0.00390625 0.0515625
15 0.3015625 0.43046875 0.003125 0.040625
20 0.8375 0.43046875 0.00625 0.0703125
15 0.28359375 0.43046875 0.00390625 0.0453125
15 0.28828125 0.43125 0.003125 0.0421875
15 0.25625 0.43203125 0.00390625 0.05390625
15 0.26484375 0.43203125 0.0046875 0.04296875
1 0.1703125 0.43203125 0.00546875 0.02890625
15 0.2921875 0.4328125 0.0046875 0.04453125
15 0.27421875 0.43203125 0.00390625 0.053125
20 0.81953125 0.4328125 0.00859375 0.0703125
15 0.29765625 0.43359375 0.00390625 0.03671875
15 0.26015625 0.43359375 0.0046875 0.05546875
15 0.15625 0.440625 0.0046875 0.05546875
15 0.14375 0.43984375 0.00390625 0.06015625
15 0.1296875 0.44140625 0.00390625 0.05703125
15 0.1390625 0.44140625 0.00390625 0.05703125
15 0.153125 0.44140625 0.0046875 0.04765625
20 0.87578125 0.4421875 0.00859375 0.06484375
15 0.1484375 0.44140625 0.00390625 0.053125
15 0.1203125 0.44296875 0.00546875 0.0515625
15 0.125 0.44453125 0.0046875 0.04375
15 0.1015625 0.44375 0.0046875 0.05703125
15 0.115625 0.44453125 0.0046875 0.04921875
15 0.10625 0.44453125 0.00390625 0.05390625
15 0.096875 0.4453125 0.0046875 0.0546875
15 0.134375 0.446875 0.00390625 0.0546875
15 0.1109375 0.44609375 0.00390625 0.0484375
15 0.9765625 0.44921875 0.0078125 0.02421875
1 0.990625 0.45078125 0.00625 0.03203125
1 0.71796875 0.45390625 0.00625 0.025
1 0.73125 0.45390625 0.00703125 0.01953125
1 0.85625 0.45703125 0.00703125 0.0890625
15 0.22109375 0.4578125 0.00390625 0.05546875
1 0.8640625 0.4609375 0.00703125 0.0921875
15 0.225 0.4625 0.0046875 0.05546875
20 0.90390625 0.46953125 0.01015625 0.05625
15 0.0609375 0.475 0.00390625 0.05703125
20 0.890625 0.47890625 0.0078125 0.04921875
15 0.62109375 0.48203125 0.00703125 0.03125
15 0.85 0.4828125 0.00390625 0.05234375
1 0.06484375 0.48359375 0.00390625 0.0546875
15 0.23359375 0.4875 0.0078125 0.03359375
15 0.3109375 0.48984375 0.0046875 0.04296875
15 0.2515625 0.48984375 0.003125 0.0484375
15 0.80859375 0.48984375 0.0078125 0.02890625
15 0.26484375 0.49140625 0.00390625 0.05078125
15 0.25546875 0.49296875 0.00234375 0.053125
15 0.2734375 0.49375 0.00390625 0.0609375
1 0.72421875 0.49453125 0.00390625 0.04765625
15 0.296875 0.4953125 0.0046875 0.04921875
15 0.3015625 0.49453125 0.00625 0.05703125
15 0.26015625 0.4953125 0.00390625 0.05390625
1 0.79765625 0.4953125 0.01328125 0.0578125
15 0.315625 0.4953125 0.0046875 0.05859375
15 0.2921875 0.4953125 0.0046875 0.04453125
15 0.2875 0.49765625 0.0046875 0.053125
15 0.2828125 0.49609375 0.00546875 0.05
15 0.30703125 0.496875 0.00390625 0.04296875
15 0.26953125 0.49921875 0.00390625 0.04609375
15 0.8375 0.4984375 0.00703125 0.03125
15 0.990625 0.5015625 0.0046875 0.05625
15 0.27890625 0.503125 0.00390625 0.04921875
20 0.81953125 0.50234375 0.00703125 0.05859375
15 0.975 0.515625 0.00625 0.02734375
15 0.62109375 0.51953125 0.00703125 0.034375
1 0.93046875 0.52109375 0.0078125 0.11875
15 0.903125 0.5359375 0.009375 0.04296875
15 0.8296875 0.540625 0.00390625 0.06640625
1 0.71484375 0.54296875 0.00625 0.02265625
1 0.83671875 0.5453125 0.009375 0.0375
1 0.8546875 0.55078125 0.01171875 0.03828125
15 0.621875 0.55078125 0.00625 0.02890625
1 0.975 0.55234375 0.00703125 0.0265625
15 0.84453125 0.55546875 0.00390625 0.0671875
15 0.99140625 0.56171875 0.003125 0.0515625
1 0.796875 0.57265625 0.0125 0.04375
1 0.81875 0.5765625 0.01328125 0.0515625
1 0.73046875 0.58203125 0.00703125 0.11015625
15 0.975 0.5890625 0.00625 0.0265625
15 0.621875 0.59140625 0.00625 0.0328125
15 0.540625 0.59765625 0.00703125 0.0296875
1 0.9109375 0.59765625 0.00546875 0.06953125
15 0.91796875 0.6015625 0.0046875 0.05703125
9 0.57734375 0.6 0.05 0.3890625
15 0.90390625 0.60390625 0.00546875 0.06171875
1 0.60703125 0.60625 0.003125 0.05234375
15 0.92421875 0.6078125 0.00390625 0.06015625
1 0.61015625 0.60859375 0.00390625 0.046875
15 0.621875 0.63125 0.00703125 0.03046875
15 0.98671875 0.6390625 0.0046875 0.06484375
15 0.88203125 0.640625 0.0046875 0.04296875
1 0.796875 0.6390625 0.0125 0.05546875
1 0.878125 0.64609375 0.00390625 0.04921875
1 0.95 0.65078125 0.00546875 0.12265625
1 0.93984375 0.653125 0.00625 0.1125
15 0.90859375 0.65703125 0.00703125 0.03203125
1 0.9171875 0.66328125 0.00546875 0.0265625
15 0.62109375 0.66796875 0.0078125 0.03046875
15 0.865625 0.6703125 0.00703125 0.0296875
1 0.8078125 0.66953125 0.00546875 0.0234375
1 0.7640625 0.67578125 0.00625 0.0890625
1 0.8234375 0.6765625 0.00703125 0.10078125
1 0.815625 0.67734375 0.00546875 0.096875
9 0.75078125 0.6796875 0.01171875 0.10703125
15 0.92421875 0.67890625 0.00390625 0.0609375
1 0.83203125 0.67890625 0.00625 0.1
1 0.8390625 0.6859375 0.00625 0.09921875
15 0.8734375 0.69765625 0.00390625 0.05546875
15 0.909375 0.69921875 0.00625 0.02890625
15 0.8578125 0.7 0.003125 0.05546875
1 0.9171875 0.7015625 0.00625 0.02421875
15 0.621875 0.703125 0.00625 0.02734375
1 0.85390625 0.703125 0.00390625 0.0421875
1 0.54453125 0.70859375 0.003125 0.053125
1 0.865625 0.709375 0.00703125 0.03515625
1 0.540625 0.71015625 0.00390625 0.0515625
15 0.8078125 0.7140625 0.00703125 0.02421875
15 0.62109375 0.740625 0.00703125 0.025
15 0.909375 0.74921875 0.0078125 0.02734375
1 0.7875 0.74921875 0.00625 0.10078125
15 0.921875 0.753125 0.0078125 0.03125
9 0.8890625 0.75390625 0.01875 0.1140625
1 0.7796875 0.75546875 0.00703125 0.103125
15 0.91640625 0.76953125 0.00390625 0.0578125
1 0.8625 0.76953125 0.003125 0.05390625
15 0.853125 0.7703125 0.0046875 0.04609375
15 0.8578125 0.7703125 0.003125 0.05078125
15 0.86796875 0.771875 0.00390625 0.05859375
15 0.87265625 0.77421875 0.00390625 0.0578125
15 0.621875 0.778125 0.00625 0.0265625
15 0.93359375 0.79609375 0.003125 0.0625
1 0.92890625 0.796875 0.00234375 0.05078125
15 0.6125 0.8109375 0.00390625 0.0484375
15 0.621875 0.81484375 0.00625 0.028125
15 0.86171875 0.8359375 0.00390625 0.04609375
15 0.86640625 0.8390625 0.003125 0.05234375
1 0.9234375 0.84375 0.00703125 0.09921875
15 0.91171875 0.8578125 0.003125 0.05
15 0.90703125 0.85859375 0.00390625 0.05234375
15 0.915625 0.86171875 0.00390625 0.05859375
15 0.62578125 0.86328125 0.00625 0.028125
15 0.93359375 0.86328125 0.00390625 0.0515625
1 0.92890625 0.86796875 0.003125 0.0515625
1 0.57109375 0.87109375 0.00390625 0.05703125
1 0.57421875 0.87265625 0.00390625 0.05078125
1 0.77890625 0.8765625 0.00703125 0.09296875
15 0.63203125 0.87734375 0.00390625 0.05078125
15 0.59921875 0.88046875 0.003125 0.0484375
1 0.78671875 0.88125 0.00625 0.10703125
15 0.61015625 0.8828125 0.003125 0.05625
20 0.8484375 0.88515625 0.01015625 0.08125
15 0.61875 0.88828125 0.003125 0.04453125
15 0.88125 0.8953125 0.00390625 0.053125
20 0.88828125 0.8984375 0.00625 0.06875
20 0.89609375 0.8984375 0.00703125 0.06328125
15 0.62578125 0.9015625 0.00703125 0.03203125
1 0.76796875 0.90390625 0.003125 0.05078125
1 0.771875 0.90625 0.003125 0.0546875
15 0.86953125 0.91015625 0.00625 0.02890625
15 0.9046875 0.9109375 0.00625 0.025
15 0.57265625 0.925 0.00625 0.0296875
1 0.5984375 0.925 0.00625 0.0203125
1 0.18984375 0.13515625 0.00625 0.0234375
1 0.2015625 0.13671875 0.00546875 0.02578125
1 0.1859375 0.178125 0.01328125 0.05546875
1 0.2046875 0.18125 0.01328125 0.05234375
1 0.603125 0.19609375 0.0125 0.0578125
15 0.390625 0.209375 0.00703125 0.0984375
1 0.80703125 0.21171875 0.00703125 0.10703125
1 0.903125 0.2125 0.0078125 0.11484375
1 0.1859375 0.24140625 0.01171875 0.04609375