16 0.915625 0.3375 0.003125 0.06171875
9 0.7375 0.31171875 0.0078125 0.16640625
2 0.78828125 0.3375 0.01015625 0.14921875
2 0.77578125 0.3421875 0.01015625 0.13125
16 0.87734375 0.36171875 0.00390625 0.07421875
2 0.7640625 0.34453125 0.009375 0.12734375
16 0.84375 0.359375 0.0046875 0.07890625
2 0.8703125 0.36171875 0.00390625 0.07421875
2 0.81875 0.359375 0.00390625 0.0703125
16 0.825 0.359375 0.00390625 0.0703125
16 0.88828125 0.37265625 0.00390625 0.06171875
2 0.8 0.36171875 0.0046875 0.07421875
16 0.89375 0.375 0.0046875 0.07421875
16 0.86328125 0.37265625 0.00390625 0.0703125
16 0.9 0.3796875 0.00390625 0.065625
16 0.90625 0.38359375 0.00234375 0.065625
2 0.74765625 0.36640625 0.00390625 0.07421875
16 0.93515625 0.4296875 0.00546875 0.0703125
16 0.928125 0.43203125 0.0046875 0.065625
16 0.91484375 0.43203125 0.00390625 0.07421875
2 0.92109375 0.440625 0.00234375 0.065625
9 0.48359375 0.3921875 0.05390625 0.478125
16 0.85703125 0.471875 0.00390625 0.05703125
16 0.8875 0.47578125 0.003125 0.05703125
16 0.8453125 0.46953125 0.00234375 0.0703125
2 0.90078125 0.47578125 0.003125 0.05703125
2 0.89453125 0.47578125 0.003125 0.065625
16 0.85 0.471875 0.00234375 0.05703125
2 0.86953125 0.4734375 0.003125 0.06171875
16 0.8640625 0.47578125 0.003125 0.05703125
16 0.81875 0.46953125 0.00234375 0.05234375
2 0.44453125 0.41484375 0.00703125 0.03984375
9 0.6515625 0.4453125 0.0265625 0.17109375
2 0.80078125 0.46953125 0.00546875 0.05234375
16 0.825 0.47578125 0.00390625 0.065625
16 0.44296875 0.47578125 0.0078125 0.03046875
2 0.765625 0.5375 0.009375 0.153125
2 0.778125 0.5375 0.0109375 0.153125
2 0.75390625 0.53515625 0.0109375 0.14921875
2 0.909375 0.58125 0.0046875 0.05703125
16 0.91484375 0.58359375 0.00390625 0.07890625
2 0.83828125 0.57265625 0.0046875 0.065625
2 0.95 0.59453125 0.00234375 0.065625
2 0.6296875 0.5484375 0.0109375 0.13125
2 0.8265625 0.5765625 0.003125 0.07421875
16 0.83203125 0.57890625 0.00390625 0.07890625
2 0.80625 0.5765625 0.003125 0.05703125
16 0.8125 0.5765625 0.00546875 0.065625
16 0.8453125 0.59453125 0.003125 0.10078125
16 0.5609375 0.559375 0.00390625 0.07421875
2 0.55390625 0.56328125 0.00390625 0.07421875
2 0.2609375 0.5546875 0.00390625 0.07421875
2 0.21875 0.55078125 0.0046875 0.07421875
16 0.20546875 0.55078125 0.00390625 0.065625
16 0.13203125 0.5375 0.00390625 0.065625
2 0.26796875 0.56328125 0.00390625 0.07421875
16 0.11875 0.54140625 0.00546875 0.0921875
2 0.125 0.53984375 0.00390625 0.07890625
16 0.1921875 0.55234375 0.00390625 0.06171875
16 0.19921875 0.5546875 0.0046875 0.07421875
16 0.18671875 0.55234375 0.003125 0.05234375
16 0.21171875 0.55703125 0.003125 0.0703125
16 0.046875 0.53515625 0.00390625 0.0703125
2 0.11171875 0.54609375 0.00390625 0.08359375
16 0.17421875 0.55234375 0.00390625 0.0703125
16 0.08671875 0.53984375 0.00390625 0.0703125
16 0.0671875 0.54140625 0.003125 0.065625
16 0.09921875 0.54609375 0.00390625 0.065625
16 0.18125 0.559375 0.00390625 0.065625
16 0.053125 0.54140625 0.00546875 0.065625
16 0.0796875 0.54375 0.00390625 0.0703125
2 0.52109375 0.609375 0.0046875 0.0703125
2 0.0609375 0.54140625 0.00546875 0.08359375
16 0.10546875 0.5484375 0.00390625 0.0703125
16 0.09296875 0.55078125 0.003125 0.05703125
16 0.07265625 0.54609375 0.0046875 0.07421875
2 0.69765625 0.646875 0.0046875 0.07421875
2 0.7390625 0.65546875 0.00390625 0.07421875
2 0.49296875 0.67734375 0.0078125 0.0484375
2 0.46796875 0.6796875 0.0078125 0.04375
2 0.53984375 0.69921875 0.00546875 0.07421875
2 0.54921875 0.70625 0.00390625 0.0703125
16 0.52578125 0.08359375 0.00390625 0.07890625
2 0.934375 0.14453125 0.003125 0.05234375
16 0.91484375 0.140625 0.00234375 0.05234375
16 0.92890625 0.1421875 0.003125 0.065625
2 0.86875 0.1421875 0.00390625 0.08359375
2 0.921875 0.153125 0.003125 0.05234375
16 0.875 0.146875 0.00234375 0.07421875
16 0.88671875 0.14453125 0.0046875 0.0703125
16 0.88125 0.14921875 0.00390625 0.0703125
16 0.7703125 0.13359375 0.00390625 0.07421875
16 0.75078125 0.1359375 0.00390625 0.0703125
2 0.7765625 0.140625 0.00390625 0.06171875
2 0.48984375 0.096875 0.00703125 0.03515625
2 0.7578125 0.140625 0.00390625 0.06171875
16 0.73203125 0.1359375 0.0046875 0.0703125
2 0.74453125 0.13828125 0.00390625 0.07421875
16 0.7640625 0.140625 0.00390625 0.06171875
2 0.4734375 0.10078125 0.009375 0.04375
9 0.90078125 0.20625 0.015625 0.184375
16 0.91484375 0.2390625 0.00390625 0.07421875
16 0.88203125 0.2546875 0.003125 0.06171875
2 0.5234375 0.20859375 0.00703125 0.03046875
16 0.88828125 0.2609375 0.003125 0.05703125
2 0.934375 0.26953125 0.003125 0.065625
16 0.74765625 0.2671875 0.003125 0.0703125
16 0.75546875 0.271875 0.00234375 0.0703125
9 0.92578125 0.30234375 0.00859375 0.10546875
2 0.44296875 0.228125 0.0078125 0.03515625
2 0.6921875 0.278125 0.0109375 0.12734375
2 0.67734375 0.28515625 0.009375 0.13125