16 0.93828125 0.8796875 0.00390625 0.065625
9 0.76171875 0.640625 0.0109375 0.17578125
2 0.81171875 0.72578125 0.0125 0.1625
2 0.79921875 0.7125 0.01171875 0.14453125
16 0.9 0.85546875 0.00546875 0.07890625
2 0.7875 0.70390625 0.01171875 0.1359375
16 0.8671875 0.81328125 0.00625 0.08359375
2 0.89296875 0.85078125 0.00546875 0.07890625
2 0.8421875 0.7828125 0.0046875 0.07421875
16 0.8484375 0.79140625 0.0046875 0.07421875
16 0.9109375 0.88359375 0.0046875 0.065625
2 0.8234375 0.76328125 0.00625 0.07890625
16 0.91640625 0.890625 0.00625 0.07890625
16 0.8859375 0.8484375 0.0046875 0.07421875
16 0.921875 0.903125 0.00546875 0.0703125
16 0.92890625 0.9125 0.00390625 0.0703125
2 0.77109375 0.70625 0.00546875 0.07890625
16 0.95625 0.9734375 0.00703125 0.04375
16 0.94921875 0.9734375 0.00625 0.04375
16 0.93671875 0.9625 0.00546875 0.065625
2 0.9421875 0.971875 0.00390625 0.0484375
9 0.50703125 0.41640625 0.0609375 0.53515625
16 0.878125 0.93828125 0.00546875 0.06171875
16 0.90859375 0.971875 0.0046875 0.0484375
16 0.865625 0.9234375 0.00390625 0.07421875
2 0.92109375 0.98046875 0.0046875 0.03046875
2 0.915625 0.9734375 0.0046875 0.04375
16 0.87109375 0.93203125 0.003125 0.05703125
2 0.890625 0.95859375 0.00390625 0.065625
16 0.88515625 0.95625 0.00390625 0.06171875
16 0.83984375 0.89453125 0.003125 0.05234375
2 0.46796875 0.3921875 0.0078125 0.0484375
9 0.6734375 0.66640625 0.02890625 0.2015625
2 0.82265625 0.875 0.00625 0.05703125
16 0.846875 0.9078125 0.00546875 0.0703125
16 0.46640625 0.44921875 0.00859375 0.03984375
2 0.7859375 0.896875 0.01171875 0.1625
2 0.7984375 0.9125 0.01328125 0.16640625
2 0.77421875 0.8796875 0.01328125 0.1625
2 0.85703125 0.9890625 0.00625 0.01328125
2 0.65078125 0.74375 0.0125 0.14453125
2 0.8453125 0.98046875 0.00546875 0.03046875
16 0.8515625 0.9828125 0.00625 0.0265625
2 0.82578125 0.9734375 0.0046875 0.04375
16 0.83203125 0.9734375 0.00703125 0.04375
16 0.58125 0.67109375 0.00546875 0.07890625
2 0.575 0.66640625 0.00546875 0.07890625
2 0.28359375 0.31171875 0.00546875 0.07890625
2 0.2421875 0.25859375 0.00625 0.07890625
16 0.22890625 0.24140625 0.0046875 0.0703125
16 0.15546875 0.14453125 0.00546875 0.0703125
2 0.290625 0.32890625 0.00546875 0.07890625
16 0.1421875 0.12734375 0.00703125 0.096875
2 0.1484375 0.13828125 0.00546875 0.08359375
16 0.215625 0.22578125 0.0046875 0.065625
16 0.221875 0.23671875 0.00625 0.07890625
16 0.209375 0.221875 0.00390625 0.05703125
16 0.23515625 0.25625 0.00390625 0.07421875
16 0.0703125 0.0375 0.00546875 0.07421875
2 0.13515625 0.12265625 0.00546875 0.0875
16 0.196875 0.20859375 0.00546875 0.07421875
16 0.11015625 0.08984375 0.00546875 0.07421875
16 0.090625 0.0703125 0.00390625 0.0703125
16 0.121875 0.109375 0.00546875 0.0703125
16 0.20390625 0.21953125 0.0046875 0.0703125
16 0.0765625 0.0484375 0.00625 0.0703125
16 0.103125 0.08515625 0.0046875 0.07421875
2 0.54140625 0.67734375 0.00546875 0.07421875
2 0.084375 0.06171875 0.00703125 0.0875
16 0.128125 0.1203125 0.0046875 0.07421875
16 0.11640625 0.109375 0.00390625 0.06171875
16 0.096875 0.07890625 0.00625 0.07890625
2 0.71640625 0.92578125 0.00625 0.07890625
2 0.7578125 0.9671875 0.00546875 0.05703125
2 0.51171875 0.7125 0.009375 0.05703125
2 0.4875 0.684375 0.00859375 0.05234375
2 0.5578125 0.7875 0.00703125 0.08359375
2 0.56796875 0.8046875 0.0046875 0.07421875
16 0.55546875 0.16015625 0.00546875 0.08359375
2 0.96015625 0.70859375 0.00390625 0.05703125
16 0.94140625 0.68203125 0.00390625 0.05703125
16 0.9546875 0.7015625 0.00390625 0.0703125
2 0.8953125 0.63125 0.00546875 0.0875
2 0.94765625 0.69921875 0.00390625 0.05703125
16 0.9015625 0.640625 0.00390625 0.07890625
16 0.91328125 0.65546875 0.00546875 0.07421875
16 0.9078125 0.6515625 0.0046875 0.07421875
16 0.796875 0.5046875 0.00546875 0.07890625
16 0.778125 0.48046875 0.00546875 0.07421875
2 0.803125 0.515625 0.00546875 0.065625
2 0.51875 0.13125 0.00703125 0.04375
2 0.784375 0.49375 0.0046875 0.065625
16 0.75859375 0.45859375 0.00546875 0.07421875
2 0.771875 0.478125 0.00546875 0.07890625
16 0.790625 0.50234375 0.00546875 0.065625
2 0.50234375 0.11640625 0.01015625 0.05703125
9 0.92578125 0.728125 0.01796875 0.2015625
16 0.9390625 0.7765625 0.00546875 0.07890625
16 0.90625 0.75625 0.00390625 0.065625
2 0.55078125 0.278125 0.0078125 0.03984375
16 0.91328125 0.7671875 0.00390625 0.06171875
2 0.95859375 0.82890625 0.00390625 0.0703125
16 0.77265625 0.6078125 0.00390625 0.07421875
16 0.7796875 0.6203125 0.00390625 0.07421875
9 0.9484375 0.85546875 0.0109375 0.1140625
2 0.4703125 0.20625 0.00859375 0.04375
2 0.7171875 0.55234375 0.0125 0.140625
2 0.70234375 0.54375 0.0109375 0.140625