16 0.35859375 0.47109375 0.02578125 0.0171875
16 0.27734375 0.4546875 0.02265625 0.01484375
9 0.84609375 0.5765625 0.13125 0.14609375
9 0.71171875 0.55234375 0.1265625 0.14375
9 0.31484375 0.471875 0.05390625 0.06640625
9 0.57421875 0.52578125 0.125 0.14375
9 0.44140625 0.50234375 0.12578125 0.14765625
16 0.27421875 0.47109375 0.021875 0.01484375
9 0.209375 0.4640625 0.08125 0.06875
9 0.13359375 0.44921875 0.0796875 0.07109375
9 0.35234375 0.5125 0.02890625 0.0359375
9 0.046875 0.46171875 0.09375 0.1328125
9 0.278125 0.51953125 0.03515625 0.0484375
9 0.3171875 0.53125 0.03671875 0.046875
9 0.2 0.5234375 0.08046875 0.0703125
9 0.12578125 0.50859375 0.08125 0.06953125
9 0.625 0.61484375 0.03671875 0.046875
9 0.35546875 0.5640625 0.03203125 0.04375
9 0.82890625 0.6859375 0.05390625 0.06484375
9 0.309375 0.58359375 0.03671875 0.0515625
9 0.69375 0.66328125 0.05390625 0.06328125
9 0.42421875 0.609375 0.053125 0.06640625
9 0.559375 0.63671875 0.053125 0.06484375
9 0.26953125 0.57890625 0.0390625 0.04765625
9 0.61875 0.6609375 0.0375 0.04375
9 0.48359375 0.634375 0.0328125 0.0421875
9 0.34921875 0.609375 0.03671875 0.04375
9 0.046875 0.57734375 0.09375 0.1109375
9 0.15703125 0.6265625 0.1484375 0.1671875
9 0.68125 0.759375 0.12578125 0.13984375
9 0.278125 0.67890625 0.12578125 0.13984375
9 0.81640625 0.78984375 0.12578125 0.14375
9 0.546875 0.7359375 0.128125 0.14296875
9 0.41015625 0.7109375 0.1234375 0.14453125
9 0.04375 0.66640625 0.08671875 0.1046875
9 0.86484375 0.87578125 0.0328125 0.04765625
9 0.7296875 0.85 0.034375 0.0453125
9 0.1796875 0.73671875 0.0390625 0.0515625
9 0.59453125 0.8234375 0.034375 0.04765625
9 0.0953125 0.72265625 0.0359375 0.0484375
9 0.46015625 0.79765625 0.0328125 0.04609375
9 0.1375 0.7328125 0.03671875 0.04765625
2 0.209375 0.753125 0.0234375 0.03984375
9 0.79921875 0.89765625 0.05390625 0.0671875
9 0.66484375 0.87109375 0.05234375 0.0625
9 0.5296875 0.8453125 0.05625 0.0671875
9 0.3953125 0.81796875 0.05234375 0.065625
9 0.26015625 0.79375 0.04609375 0.06328125
9 0.03125 0.74765625 0.05625 0.0625
9 0.859375 0.9203125 0.034375 0.04296875
9 0.5890625 0.86640625 0.034375 0.03984375
9 0.725 0.8953125 0.0390625 0.04375
9 0.4546875 0.84296875 0.03125 0.0421875
9 0.32109375 0.81796875 0.0359375 0.04453125
2 0.2046875 0.0125 0.0375 0.025
9 0.1640625 0.81171875 0.07734375 0.0984375
9 0.08828125 0.7984375 0.0828125 0.09609375
16 0.03671875 0.8109375 0.03671875 0.06875
9 0.7859375 0.9609375 0.1296875 0.07734375
9 0.65234375 0.94765625 0.12890625 0.103125
9 0.51640625 0.93515625 0.1265625 0.12890625
9 0.9046875 0.1609375 0.12890625 0.146875
9 0.38046875 0.9171875 0.13046875 0.14921875
9 0.246875 0.89140625 0.128125 0.146875
9 0.16484375 0.88984375 0.0328125 0.0484375
9 0.77109375 0.1359375 0.1234375 0.14140625
2 0.02421875 0.86953125 0.02734375 0.05625
2 0.0046875 0.88125 0.00859375 0.025
9 0.63515625 0.11015625 0.12578125 0.14375
9 0.50078125 0.0828125 0.12578125 0.146875
9 0.16015625 0.928125 0.02734375 0.02421875
9 0.365625 0.06640625 0.12890625 0.13203125
2 0.01875 0.903125 0.0234375 0.0171875
9 0.078125 0.02421875 0.03125 0.0390625
9 0.13984375 0.04375 0.08984375 0.07890625
9 0.071875 0.06796875 0.03125 0.03671875
9 0.953125 0.24921875 0.0359375 0.04765625
9 0.81796875 0.22265625 0.03671875 0.046875
9 0.6828125 0.196875 0.03671875 0.046875
9 0.41328125 0.1453125 0.03828125 0.046875
9 0.55078125 0.17421875 0.0375 0.04609375
9 0.1296875 0.1140625 0.09140625 0.0796875
9 0.8875 0.27109375 0.0515625 0.06171875
9 0.75390625 0.2453125 0.053125 0.06328125
9 0.62109375 0.21875 0.05625 0.06640625
9 0.24453125 0.14296875 0.09296875 0.09375
9 0.484375 0.19453125 0.05546875 0.0640625
9 0.35 0.16640625 0.05078125 0.06796875
9 0.94765625 0.29296875 0.03515625 0.046875
9 0.678125 0.24140625 0.0328125 0.0390625
9 0.8125 0.26953125 0.034375 0.04296875
9 0.54609375 0.21796875 0.0421875 0.0453125
9 0.4078125 0.18984375 0.03828125 0.046875
9 0.0671875 0.1234375 0.0421875 0.0625
9 0.12109375 0.18203125 0.090625 0.08203125
9 0.25546875 0.21796875 0.05625 0.059375
9 0.20703125 0.209375 0.03671875 0.05703125
9 0.0578125 0.18984375 0.04375 0.05625
9 0.87421875 0.36953125 0.1265625 0.14453125
9 0.60546875 0.31640625 0.125 0.14140625
9 0.4734375 0.290625 0.12734375 0.14296875
9 0.73984375 0.3453125 0.12109375 0.13828125
9 0.3375 0.26796875 0.12265625 0.140625
9 0.04765625 0.24296875 0.03671875 0.04296875
9 0.2328125 0.2859375 0.08984375 0.09140625
9 0.12421875 0.2859375 0.128125 0.1453125
9 0.92421875 0.459375 0.0390625 0.046875
9 0.6546875 0.40625 0.03984375 0.046875
9 0.38515625 0.353125 0.034375 0.046875
9 0.51796875 0.38359375 0.03828125 0.05390625
9 0.04140625 0.28671875 0.03828125 0.04375
9 0.21015625 0.34453125 0.0390625 0.0484375
9 0.24921875 0.35390625 0.0359375 0.04453125
9 0.85859375 0.47890625 0.05625 0.06796875
9 0.7234375 0.453125 0.0515625 0.06015625
9 0.58984375 0.42890625 0.05078125 0.06484375
9 0.3203125 0.37890625 0.05625 0.06953125
9 0.4546875 0.40625 0.05078125 0.0578125
9 0.7828125 0.4765625 0.0375 0.04453125
9 0.9171875 0.50390625 0.03515625 0.04375
9 0.6484375 0.45234375 0.034375 0.04296875
9 0.38046875 0.3984375 0.03671875 0.04453125
9 0.51328125 0.428125 0.0359375 0.0375
9 0.225 0.40390625 0.06171875 0.06015625
9 0.12265625 0.38359375 0.05546875 0.05625
9 0.17421875 0.396875 0.05703125 0.05625
9 0.0296875 0.36796875 0.03984375 0.05625
9 0.0703125 0.37578125 0.05625 0.0546875
9 0.28671875 0.0078125 0.03984375 0.015625
16 0.36015625 0.45390625 0.02578125 0.01796875
16 0.278125 0.4375 0.021875 0.0125