16 0.92109375 0.19921875 0.00234375 0.04921875
16 0.934375 0.19921875 0.003125 0.05546875
16 0.93046875 0.20078125 0.003125 0.04609375
16 0.93828125 0.20078125 0.00234375 0.04609375
16 0.0328125 0.29453125 0.00234375 0.04296875
16 0.92578125 0.20234375 0.00390625 0.05546875
16 0.02890625 0.29453125 0.00234375 0.03671875
16 0.0125 0.30078125 0.003125 0.04296875
16 0.025 0.29765625 0.00234375 0.03671875
16 0.94296875 0.20390625 0.00390625 0.05234375
16 0.0203125 0.29921875 0.003125 0.03984375
16 0.01640625 0.30078125 0.003125 0.04296875
2 0.00546875 0.30859375 0.01015625 0.04609375
2 0.20234375 0.28984375 0.00234375 0.03984375
2 0.19375 0.29296875 0.00234375 0.03359375
2 0.1890625 0.29453125 0.00234375 0.03671875
2 0.171875 0.29609375 0.00234375 0.03984375
2 0.20625 0.29296875 0.0015625 0.03984375
2 0.16796875 0.29765625 0.00234375 0.03671875
2 0.1765625 0.29453125 0.00234375 0.03671875
2 0.18046875 0.29609375 0.00234375 0.03984375
2 0.1984375 0.29296875 0.00234375 0.03984375
2 0.184375 0.29609375 0.00234375 0.03359375
16 0.6953125 0.27734375 0.00390625 0.05234375
16 0.69140625 0.27890625 0.00390625 0.04921875
2 0.0046875 0.36015625 0.00859375 0.03359375
2 0.803125 0.28828125 0.00234375 0.03671875
2 0.83359375 0.28828125 0.00234375 0.04296875
2 0.8109375 0.28984375 0.00234375 0.03359375
2 0.82734375 0.28984375 0.00234375 0.03359375
2 0.81953125 0.28828125 0.00234375 0.03046875
2 0.8453125 0.28515625 0.00234375 0.03046875
2 0.80625 0.29296875 0.003125 0.03984375
2 0.8421875 0.28984375 0.00234375 0.03359375
2 0.81484375 0.29453125 0.00234375 0.03671875
2 0.8234375 0.29296875 0.003125 0.03984375
2 0.8578125 0.28828125 0.00234375 0.03671875
2 0.8375 0.29140625 0.00234375 0.03671875
2 0.85 0.29296875 0.00234375 0.03984375
2 0.209375 0.36015625 0.003125 0.04609375
2 0.2140625 0.35859375 0.00390625 0.04296875
2 0.853125 0.29453125 0.00234375 0.04296875
2 0.540625 0.33125 0.003125 0.04921875
2 0.53671875 0.3328125 0.003125 0.04609375
16 0.0125 0.38984375 0.00390625 0.04921875
16 0.01796875 0.38984375 0.0046875 0.05546875
2 0.58515625 0.33125 0.00703125 0.01875
16 0.52109375 0.34375 0.0078125 0.02421875
2 0.5140625 0.353125 0.003125 0.04921875
2 0.97890625 0.30703125 0.0171875 0.04296875
2 0.58515625 0.35390625 0.00703125 0.015625
2 0.53046875 0.36640625 0.00703125 0.015625
2 0.521875 0.36953125 0.0078125 0.02109375
2 0.7578125 0.35390625 0.0125 0.03984375
16 0.86328125 0.35546875 0.00390625 0.04921875
2 0.16015625 0.4296875 0.00703125 0.0984375
2 0.53046875 0.39140625 0.00546875 0.015625
16 0.01875 0.45078125 0.00390625 0.05546875
2 0.85234375 0.36640625 0.0125 0.02734375
16 0.521875 0.4015625 0.0078125 0.02421875
16 0.83515625 0.37109375 0.0078125 0.01875
9 0.1890625 0.43828125 0.034375 0.159375
2 0.97890625 0.35859375 0.01796875 0.04921875
2 0.903125 0.37421875 0.0078125 0.0984375
2 0.9125 0.37265625 0.00625 0.0953125
2 0.93046875 0.37109375 0.00625 0.0921875
2 0.9390625 0.36953125 0.00625 0.0890625
2 0.921875 0.37578125 0.00625 0.0953125
2 0.96484375 0.37265625 0.00625 0.0890625
2 0.95625 0.37265625 0.00546875 0.0953125
2 0.94765625 0.37265625 0.00546875 0.0890625
2 0.7578125 0.3984375 0.0125 0.03046875
2 0.79453125 0.4 0.00390625 0.0703125
2 0.80234375 0.3984375 0.0046875 0.0671875
16 0.52109375 0.4359375 0.0078125 0.02421875
16 0.80859375 0.40625 0.00390625 0.04609375
16 0.8546875 0.403125 0.0078125 0.02109375
16 0.78828125 0.4125 0.003125 0.04609375
2 0.82265625 0.4125 0.0125 0.02734375
2 0.775 0.4171875 0.00546875 0.0671875
2 0.78125 0.415625 0.0046875 0.0640625
2 0.16796875 0.49375 0.00390625 0.04296875
2 0.9796875 0.4125 0.0171875 0.04609375
2 0.70859375 0.44296875 0.0125 0.03359375
16 0.521875 0.46171875 0.0078125 0.02109375
16 0.59375 0.46171875 0.0078125 0.02109375
2 0.60234375 0.46328125 0.00703125 0.01875
9 0.559375 0.490625 0.0453125 0.2703125
16 0.521875 0.496875 0.00859375 0.02421875
2 0.7234375 0.47421875 0.00703125 0.015625
2 0.60234375 0.490625 0.00703125 0.01875
16 0.59375 0.49375 0.0078125 0.01875
20 0.85390625 0.46796875 0.01171875 0.0640625
16 0.7125 0.4921875 0.00390625 0.04609375
16 0.70703125 0.490625 0.00390625 0.04921875
16 0.521875 0.52265625 0.00703125 0.02109375
16 0.921875 0.484375 0.0078125 0.02421875
2 0.80234375 0.4953125 0.0046875 0.0640625
2 0.76796875 0.503125 0.0046875 0.0734375
2 0.809375 0.5 0.00390625 0.06171875
2 0.7875 0.5015625 0.00390625 0.0703125
2 0.79453125 0.5 0.0046875 0.0671875
16 0.59296875 0.52109375 0.00703125 0.01875
2 0.60234375 0.52265625 0.00703125 0.015625
20 0.821875 0.5 0.0109375 0.06171875
2 0.7328125 0.509375 0.00703125 0.0984375
2 0.74140625 0.509375 0.00703125 0.0984375
2 0.75859375 0.509375 0.00625 0.0921875
2 0.75 0.5109375 0.00703125 0.0953125
16 0.725 0.515625 0.00234375 0.04296875
2 0.72109375 0.51875 0.00234375 0.04296875
16 0.8921875 0.5 0.00234375 0.04296875
2 0.91484375 0.4984375 0.00390625 0.03984375
2 0.14765625 0.5796875 0.0078125 0.01875
2 0.8875 0.503125 0.00546875 0.05546875
2 0.91015625 0.5 0.003125 0.04296875
2 0.2234375 0.571875 0.00859375 0.02734375
2 0.93359375 0.496875 0.003125 0.04296875
2 0.1671875 0.578125 0.00703125 0.02109375
2 0.18671875 0.575 0.00625 0.02109375
2 0.9421875 0.4984375 0.003125 0.04609375
2 0.1765625 0.5765625 0.0078125 0.02421875
2 0.1953125 0.5765625 0.00703125 0.02421875
2 0.2328125 0.5703125 0.0078125 0.02421875
2 0.92890625 0.4984375 0.00234375 0.04609375
2 0.93828125 0.496875 0.003125 0.04296875
2 0.26015625 0.56875 0.00859375 0.02734375
2 0.2140625 0.5734375 0.009375 0.02421875
2 0.2421875 0.5734375 0.00859375 0.02421875
2 0.13828125 0.5859375 0.00703125 0.01875
2 0.15703125 0.5828125 0.00703125 0.01875
2 0.2515625 0.571875 0.009375 0.02734375
2 0.946875 0.5015625 0.003125 0.03984375
2 0.2046875 0.5765625 0.0078125 0.02421875
2 0.95234375 0.5 0.00234375 0.04296875
2 0.1296875 0.5890625 0.0078125 0.01875
2 0.95703125 0.503125 0.00390625 0.04296875
2 0.96640625 0.5 0.00234375 0.04296875
16 0.7796875 0.52421875 0.003125 0.04921875
16 0.7734375 0.52421875 0.003125 0.04296875
2 0.90390625 0.5109375 0.00625 0.0953125
2 0.92265625 0.5140625 0.0078125 0.02109375
16 0.52265625 0.55703125 0.00703125 0.015625
16 0.59453125 0.55390625 0.0078125 0.02109375
2 0.60234375 0.55546875 0.00703125 0.01875
20 0.8421875 0.53671875 0.009375 0.05546875
16 0.1953125 0.60703125 0.00703125 0.01875
16 0.1578125 0.61015625 0.0078125 0.02421875
16 0.2140625 0.60390625 0.00859375 0.02421875
16 0.25234375 0.6015625 0.0078125 0.02421875
16 0.1296875 0.61640625 0.00859375 0.03046875
16 0.2328125 0.60390625 0.0078125 0.01875
16 0.1390625 0.61484375 0.0078125 0.02734375
16 0.1765625 0.61171875 0.009375 0.02734375
16 0.8984375 0.53671875 0.003125 0.04296875
16 0.2234375 0.60546875 0.0078125 0.02734375
16 0.2421875 0.60390625 0.0078125 0.02421875
16 0.1484375 0.61484375 0.0078125 0.02109375
16 0.26015625 0.603125 0.00703125 0.02109375
16 0.2046875 0.60703125 0.00703125 0.01875
16 0.1859375 0.60859375 0.00859375 0.02734375
16 0.1671875 0.61328125 0.009375 0.02421875
2 0.2796875 0.60703125 0.00703125 0.0921875
2 0.27109375 0.60859375 0.00625 0.0890625
16 0.81875 0.55234375 0.00703125 0.01875
16 0.52265625 0.584375 0.0078125 0.02109375
2 0.60234375 0.5828125 0.00703125 0.01875
16 0.59375 0.5875 0.00703125 0.02109375
2 0.7 0.58125 0.00546875 0.0765625
2 0.69296875 0.584375 0.00546875 0.0765625
16 0.15859375 0.64140625 0.0078125 0.03046875
16 0.14765625 0.64296875 0.009375 0.02734375
16 0.2421875 0.63359375 0.0078125 0.02109375
16 0.2140625 0.63515625 0.0078125 0.02421875
16 0.16640625 0.64140625 0.00859375 0.03046875
16 0.234375 0.63359375 0.00703125 0.02109375
16 0.1859375 0.64140625 0.0078125 0.02421875
16 0.22421875 0.63828125 0.00859375 0.02421875
9 0.7109375 0.5875 0.009375 0.10703125
16 0.25234375 0.63359375 0.00703125 0.02109375
16 0.12890625 0.64609375 0.00859375 0.02109375
16 0.1953125 0.64140625 0.00703125 0.03046875
16 0.1765625 0.64140625 0.00859375 0.02421875
16 0.26171875 0.63203125 0.0078125 0.02421875
16 0.2046875 0.63984375 0.00859375 0.02734375
16 0.1390625 0.65 0.00703125 0.02421875
9 0.8890625 0.575 0.0109375 0.0703125
16 0.521875 0.61796875 0.00703125 0.02109375
2 0.7328125 0.596875 0.0078125 0.02109375
2 0.74375 0.5953125 0.00703125 0.01875
2 0.809375 0.5890625 0.00546875 0.0734375
2 0.75703125 0.596875 0.0109375 0.02734375
2 0.603125 0.61328125 0.00625 0.01875
16 0.59375 0.61796875 0.00703125 0.02109375
20 0.77734375 0.596875 0.01015625 0.05234375
2 0.76796875 0.60703125 0.00390625 0.04921875
2 0.5828125 0.63984375 0.00390625 0.05234375
2 0.58671875 0.64296875 0.003125 0.04609375
16 0.52265625 0.646875 0.0078125 0.02421875
2 0.603125 0.64453125 0.00703125 0.01875
16 0.59453125 0.64609375 0.00703125 0.02109375
4 0.94765625 0.61953125 0.0484375 0.11015625
2 0.5375 0.6703125 0.00390625 0.04609375
2 0.54140625 0.6671875 0.00234375 0.04609375
2 0.5453125 0.6703125 0.00390625 0.04609375
2 0.54921875 0.671875 0.003125 0.04296875
2 0.890625 0.63984375 0.00859375 0.02734375
16 0.52265625 0.6796875 0.0078125 0.02734375
2 0.7328125 0.6609375 0.00390625 0.05234375
2 0.7984375 0.65625 0.0078125 0.02421875
2 0.8078125 0.6546875 0.00859375 0.02109375
20 0.75859375 0.6609375 0.009375 0.0640625
16 0.76796875 0.66875 0.00234375 0.05546875
20 0.77734375 0.6671875 0.009375 0.05859375
2 0.66875 0.70078125 0.003125 0.04609375
2 0.81875 0.68984375 0.0125 0.02421875
2 0.73984375 0.71328125 0.00859375 0.02109375
2 0.68671875 0.71796875 0.00625 0.0984375
2 0.67734375 0.71796875 0.00703125 0.0984375
16 0.778125 0.71484375 0.0078125 0.02421875
16 0.7875 0.71484375 0.0078125 0.01875
2 0.725 0.72421875 0.0140625 0.04296875
16 0.75 0.72890625 0.00390625 0.04609375
20 0.75859375 0.765625 0.0078125 0.0640625
16 0.74765625 0.77109375 0.00859375 0.02109375
2 0.54921875 0.79296875 0.0109375 0.10703125
2 0.5015625 0.80859375 0.00390625 0.05234375
20 0.725 0.78359375 0.01015625 0.0640625
2 0.73359375 0.78671875 0.00546875 0.05234375
16 0.50703125 0.81015625 0.00390625 0.04921875
16 0.53984375 0.815625 0.003125 0.04921875
16 0.74765625 0.79609375 0.0078125 0.02109375
2 0.48671875 0.828125 0.0078125 0.10390625
2 0.49453125 0.8296875 0.0078125 0.10703125
16 0.58046875 0.840625 0.0078125 0.01875
16 0.63125 0.8328125 0.00625 0.015625
16 0.61875 0.8390625 0.00703125 0.015625
16 0.5921875 0.840625 0.0078125 0.01875
16 0.60546875 0.840625 0.00625 0.0125
4 0.6015625 0.9375 0.103125 0.10703125
2 0.00390625 0.1859375 0.00703125 0.02109375
2 0.1640625 0.1765625 0.00234375 0.04609375
2 0.55703125 0.13515625 0.003125 0.04296875
2 0.0484375 0.18828125 0.00390625 0.03984375
2 0.440625 0.1484375 0.00390625 0.04609375
2 0.2953125 0.1640625 0.00390625 0.04609375
2 0.309375 0.165625 0.00390625 0.04921875
2 0.034375 0.19453125 0.0046875 0.04609375
2 0.4265625 0.1515625 0.00546875 0.04609375
2 0.5703125 0.13828125 0.00390625 0.04296875
2 0.7015625 0.12578125 0.003125 0.04296875
2 0.6875 0.12890625 0.00390625 0.04296875
2 0.8171875 0.11484375 0.003125 0.04609375
2 0.96171875 0.10390625 0.00390625 0.04296875
2 0.94609375 0.10859375 0.00390625 0.04609375
2 0.1796875 0.19453125 0.00234375 0.03984375
2 0.00390625 0.21328125 0.00703125 0.02734375
16 0.08125 0.20859375 0.00390625 0.04296875
16 0.06484375 0.20859375 0.00390625 0.04921875
2 0.83203125 0.13203125 0.00234375 0.04296875
16 0.0703125 0.21015625 0.00390625 0.05234375
16 0.07578125 0.21015625 0.00390625 0.05234375
16 0.98515625 0.12109375 0.003125 0.04609375
16 0.98984375 0.12265625 0.003125 0.04921875
16 0.9796875 0.12265625 0.00390625 0.04296875
16 0.99375 0.12421875 0.00390625 0.05234375
2 0.29609375 0.21171875 0.003125 0.04296875
2 0.31015625 0.21171875 0.00234375 0.03671875
2 0.03515625 0.24375 0.00390625 0.03984375
2 0.55703125 0.18828125 0.003125 0.04609375
2 0.16484375 0.22890625 0.00234375 0.03984375
2 0.440625 0.20078125 0.00390625 0.05234375
2 0.4265625 0.20078125 0.00390625 0.04609375
2 0.0484375 0.2421875 0.00390625 0.04921875
2 0.57109375 0.1859375 0.00390625 0.04609375
2 0.68671875 0.1765625 0.003125 0.03984375
2 0.7015625 0.1765625 0.003125 0.03984375
2 0.8171875 0.165625 0.00234375 0.03671875
2 0.96171875 0.15625 0.00390625 0.04296875
2 0.0046875 0.25625 0.009375 0.04609375
2 0.94609375 0.1609375 0.00234375 0.04609375
2 0.1796875 0.2453125 0.00234375 0.03671875
2 0.83203125 0.1859375 0.00234375 0.03984375