9 0.715625 0.03359375 0.0109375 0.0671875
2 0.7421875 0.01875 0.01171875 0.0375
2 0.7265625 0.02734375 0.00625 0.0546875
9 0.47734375 0.45625 0.059375 0.5171875
16 0.79609375 0.01484375 0.003125 0.0296875
2 0.43984375 0.5359375 0.00703125 0.04609375
9 0.63671875 0.23984375 0.028125 0.19296875
2 0.77890625 0.0296875 0.00625 0.05859375
16 0.80234375 0.0171875 0.00546875 0.03359375
16 0.44140625 0.5921875 0.00859375 0.0421875
2 0.746875 0.146875 0.01171875 0.159375
2 0.75859375 0.13046875 0.01328125 0.159375
2 0.7359375 0.165625 0.01328125 0.15546875
2 0.81640625 0.0671875 0.00546875 0.0671875
2 0.61875 0.371875 0.0125 0.13828125
2 0.80546875 0.08828125 0.0046875 0.07578125
16 0.8109375 0.08203125 0.00546875 0.0796875
2 0.7859375 0.121875 0.00390625 0.05859375
16 0.7921875 0.115625 0.00625 0.07109375
16 0.8234375 0.07578125 0.0046875 0.10078125
16 0.553125 0.4875 0.0046875 0.07578125
2 0.546875 0.50390625 0.00546875 0.07578125
2 0.2703125 0.95390625 0.00546875 0.07578125
2 0.23046875 0.98515625 0.00625 0.02109375
2 0.27734375 0.94921875 0.0046875 0.07578125
2 0.51796875 0.5984375 0.00625 0.07109375
2 0.6859375 0.35703125 0.00625 0.07578125
2 0.72421875 0.30234375 0.0046875 0.07578125
2 0.4921875 0.71015625 0.00859375 0.05859375
2 0.46875 0.75 0.00859375 0.0546875
2 0.53671875 0.653125 0.00703125 0.0796875
2 0.54609375 0.6453125 0.0046875 0.07109375
16 0.5109375 0.0984375 0.0046875 0.0796875
2 0.4765625 0.1640625 0.00703125 0.0421875
2 0.4609375 0.1953125 0.01015625 0.0546875
2 0.5109375 0.21640625 0.00703125 0.0375
2 0.4359375 0.36328125 0.00859375 0.04609375
2 0.671875 0.04609375 0.0125 0.0921875
2 0.6578125 0.0609375 0.01171875 0.121875