16 0.9546875 0.303125 0.00234375 0.0515625
16 0.96796875 0.30625 0.003125 0.0578125
16 0.96328125 0.3078125 0.003125 0.0484375
16 0.971875 0.3078125 0.00234375 0.0484375
16 0.01875 0.209375 0.00234375 0.0453125
16 0.95859375 0.30625 0.0046875 0.0578125
16 0.01484375 0.209375 0.00234375 0.0390625
16 0.01015625 0.209375 0.00234375 0.0390625
16 0.97734375 0.3109375 0.00390625 0.0546875
16 0.00625 0.2109375 0.003125 0.0421875
16 0.00234375 0.2109375 0.00234375 0.0484375
2 0.19765625 0.240625 0.00234375 0.0421875
2 0.18828125 0.24375 0.00234375 0.03515625
2 0.18359375 0.2421875 0.00234375 0.0390625
2 0.165625 0.240625 0.00234375 0.0421875
2 0.2015625 0.24375 0.0015625 0.0421875
2 0.1609375 0.2390625 0.00234375 0.0390625
2 0.1703125 0.2421875 0.00234375 0.0390625
2 0.175 0.240625 0.00234375 0.0421875
2 0.19296875 0.24375 0.00234375 0.0421875
2 0.17890625 0.24375 0.00234375 0.03515625
16 0.71640625 0.33671875 0.0046875 0.0546875
16 0.71171875 0.33515625 0.00390625 0.0515625
2 0.82890625 0.37109375 0.00234375 0.0390625
2 0.8609375 0.37734375 0.00234375 0.0453125
2 0.83828125 0.37578125 0.00234375 0.03515625
2 0.8546875 0.37578125 0.00234375 0.03515625
2 0.846875 0.37421875 0.00234375 0.03203125
2 0.87421875 0.37734375 0.00234375 0.03203125
2 0.8328125 0.37890625 0.003125 0.0421875
2 0.8703125 0.38203125 0.00234375 0.03515625
2 0.8421875 0.37734375 0.00234375 0.0390625
2 0.85078125 0.37890625 0.003125 0.0421875
2 0.88671875 0.38359375 0.00234375 0.0390625
2 0.865625 0.38046875 0.00234375 0.0390625
2 0.878125 0.38515625 0.00234375 0.0421875
2 0.2046875 0.31484375 0.003125 0.0484375
2 0.209375 0.31640625 0.00390625 0.0453125
2 0.88203125 0.390625 0.00234375 0.0453125
2 0.553125 0.3578125 0.003125 0.0515625
2 0.5484375 0.35625 0.003125 0.0484375
16 0.003125 0.3046875 0.0046875 0.0609375
2 0.59921875 0.36796875 0.00703125 0.01953125
16 0.53203125 0.36484375 0.0078125 0.02578125
2 0.525 0.37421875 0.003125 0.0515625
2 0.59921875 0.3921875 0.00703125 0.01640625
2 0.5421875 0.3921875 0.00703125 0.01640625
2 0.53203125 0.3953125 0.00859375 0.02265625
2 0.78125 0.43046875 0.01328125 0.0421875
16 0.8921875 0.4546875 0.0046875 0.0515625
2 0.15234375 0.37734375 0.0078125 0.103125
2 0.5421875 0.41796875 0.00625 0.01640625
16 0.00234375 0.36796875 0.0046875 0.0578125
2 0.88125 0.46328125 0.01328125 0.02890625
16 0.5328125 0.42578125 0.00859375 0.02578125
16 0.8625 0.46484375 0.00859375 0.01953125
9 0.1828125 0.39375 0.0359375 0.16796875
2 0.93359375 0.48046875 0.00859375 0.103125
2 0.94375 0.48203125 0.00625 0.1
2 0.9625 0.48359375 0.00625 0.096875
2 0.97109375 0.48515625 0.00625 0.09375
2 0.953125 0.4890625 0.00625 0.1
2 0.99765625 0.49375 0.0046875 0.096875
2 0.98984375 0.4953125 0.00625 0.1
2 0.98125 0.4921875 0.00625 0.09375
2 0.78125 0.47734375 0.01328125 0.03203125
2 0.81953125 0.48515625 0.0046875 0.07421875
2 0.82734375 0.48671875 0.0046875 0.07109375
16 0.53203125 0.4609375 0.0078125 0.02578125
16 0.834375 0.4984375 0.00390625 0.0484375
16 0.88359375 0.5015625 0.0078125 0.02265625
16 0.8125 0.4984375 0.003125 0.0484375
2 0.84921875 0.5046875 0.01328125 0.02890625
2 0.7984375 0.5 0.00546875 0.07109375
2 0.80625 0.5015625 0.0046875 0.06796875
2 0.16015625 0.4453125 0.00390625 0.0453125
2 0.72890625 0.5109375 0.01328125 0.03515625
16 0.53203125 0.4921875 0.0078125 0.02265625
16 0.6078125 0.5046875 0.0078125 0.02265625
2 0.6171875 0.509375 0.0078125 0.01953125
9 0.57109375 0.53203125 0.04765625 0.28359375
16 0.53203125 0.52578125 0.009375 0.02578125
2 0.74375 0.55 0.00703125 0.01640625
2 0.61640625 0.5390625 0.00703125 0.01953125
16 0.6078125 0.5421875 0.0078125 0.01953125
20 0.88125 0.56953125 0.0125 0.06796875
16 0.7328125 0.56328125 0.0046875 0.0484375
16 0.72734375 0.56484375 0.0046875 0.0515625
16 0.53203125 0.55625 0.0078125 0.02265625
16 0.95390625 0.603125 0.00859375 0.02578125
2 0.8265625 0.5890625 0.0046875 0.06796875
2 0.790625 0.590625 0.0046875 0.07734375
2 0.834375 0.59375 0.00390625 0.06484375
2 0.81171875 0.5921875 0.0046875 0.07421875
2 0.81875 0.59375 0.0046875 0.07109375
16 0.60703125 0.57109375 0.0078125 0.01953125
2 0.61640625 0.57578125 0.00703125 0.01640625
20 0.8484375 0.6 0.01171875 0.06484375
2 0.75390625 0.58671875 0.00703125 0.103125
2 0.76328125 0.590625 0.0078125 0.103125
2 0.78125 0.59375 0.00625 0.096875
2 0.771875 0.5953125 0.00703125 0.1
16 0.7453125 0.590625 0.00234375 0.0453125
2 0.74140625 0.59375 0.00234375 0.0453125
16 0.92265625 0.61328125 0.00234375 0.0453125
2 0.9453125 0.61484375 0.00390625 0.0421875
2 0.1375 0.53515625 0.0078125 0.01953125
2 0.9171875 0.61640625 0.00546875 0.0578125
2 0.940625 0.61953125 0.003125 0.0453125
2 0.21796875 0.54375 0.009375 0.02890625
2 0.965625 0.61953125 0.003125 0.0453125
2 0.1578125 0.53671875 0.0078125 0.02265625
2 0.17890625 0.53671875 0.00625 0.02265625
2 0.975 0.62109375 0.003125 0.0484375
2 0.16796875 0.5390625 0.00859375 0.02578125
2 0.18828125 0.5390625 0.0078125 0.02578125
2 0.22734375 0.5421875 0.0078125 0.02578125
2 0.9609375 0.62109375 0.00234375 0.0484375
2 0.9703125 0.61953125 0.003125 0.0453125
2 0.25625 0.546875 0.009375 0.02890625
2 0.2078125 0.5421875 0.009375 0.02578125
2 0.23671875 0.5484375 0.009375 0.02578125
2 0.128125 0.53515625 0.00703125 0.01953125
2 0.14765625 0.5390625 0.0078125 0.01953125
2 0.246875 0.55 0.009375 0.02890625
2 0.9796875 0.62421875 0.003125 0.0421875
2 0.19765625 0.5421875 0.00859375 0.02578125
2 0.984375 0.62578125 0.00234375 0.0453125
2 0.11875 0.5390625 0.0078125 0.01953125
2 0.98984375 0.62890625 0.00390625 0.0453125
2 0.99921875 0.63046875 0.00078125 0.0484375
16 0.80390625 0.61328125 0.003125 0.0515625
16 0.796875 0.61328125 0.003125 0.0453125
2 0.934375 0.62734375 0.00625 0.1
2 0.953125 0.63359375 0.0078125 0.02265625
16 0.53203125 0.5921875 0.00703125 0.01640625
16 0.6078125 0.6015625 0.00859375 0.02265625
2 0.61640625 0.60625 0.00703125 0.01953125
20 0.86875 0.6390625 0.01015625 0.0578125
16 0.18828125 0.57109375 0.0078125 0.01953125
16 0.1484375 0.56796875 0.00859375 0.02578125
16 0.20703125 0.57421875 0.009375 0.02578125
16 0.24765625 0.57734375 0.0078125 0.02578125
16 0.11875 0.56796875 0.009375 0.03203125
16 0.22734375 0.57734375 0.00859375 0.01953125
16 0.128125 0.56953125 0.00859375 0.02890625
16 0.16796875 0.57265625 0.009375 0.02890625
16 0.92734375 0.6515625 0.003125 0.0453125
16 0.21796875 0.57890625 0.0078125 0.02890625
16 0.23671875 0.58046875 0.0078125 0.02578125
16 0.13828125 0.56953125 0.00859375 0.02265625
16 0.25625 0.58203125 0.00703125 0.02265625
16 0.19765625 0.57421875 0.0078125 0.01953125
16 0.178125 0.57265625 0.009375 0.02890625
16 0.1578125 0.57109375 0.009375 0.02578125
2 0.2765625 0.590625 0.00703125 0.096875
2 0.2671875 0.5890625 0.00625 0.09375
16 0.84375 0.6515625 0.0078125 0.01953125
16 0.53203125 0.62109375 0.0078125 0.02265625
2 0.61640625 0.63515625 0.00703125 0.01953125
16 0.60703125 0.63671875 0.00703125 0.02265625
2 0.71875 0.65625 0.00546875 0.08046875
2 0.71171875 0.659375 0.00546875 0.08046875
16 0.14921875 0.6 0.00859375 0.03203125
16 0.1375 0.5984375 0.01015625 0.02890625
16 0.2375 0.6078125 0.0078125 0.02265625
16 0.2078125 0.60625 0.0078125 0.02578125
16 0.1578125 0.6 0.009375 0.03203125
16 0.22890625 0.6078125 0.0078125 0.02265625
16 0.17734375 0.60625 0.0078125 0.02578125
16 0.21796875 0.609375 0.009375 0.02578125
9 0.73125 0.66328125 0.01015625 0.11328125
16 0.2484375 0.61484375 0.0078125 0.02265625
16 0.11796875 0.5984375 0.009375 0.02265625
16 0.1875 0.60625 0.0078125 0.03203125
16 0.16796875 0.60625 0.009375 0.02578125
16 0.2578125 0.61328125 0.00859375 0.02578125
16 0.19765625 0.6078125 0.009375 0.02890625
16 0.128125 0.603125 0.0078125 0.02578125
9 0.91796875 0.6921875 0.0109375 0.07421875
16 0.53125 0.65625 0.0078125 0.02265625
2 0.753125 0.67890625 0.00859375 0.02265625
2 0.76484375 0.68046875 0.0078125 0.01953125
2 0.834375 0.68671875 0.00625 0.07734375
2 0.77890625 0.68515625 0.01171875 0.02890625
2 0.61640625 0.66796875 0.00625 0.01953125
16 0.6078125 0.66953125 0.00703125 0.02265625
20 0.80078125 0.6890625 0.0109375 0.0546875
2 0.78984375 0.7 0.0046875 0.0515625
2 0.5953125 0.6921875 0.00390625 0.0546875
2 0.59921875 0.6953125 0.003125 0.0484375
16 0.53203125 0.68671875 0.00859375 0.02578125
2 0.61640625 0.7 0.00703125 0.01953125
16 0.6078125 0.6984375 0.00703125 0.02265625
4 0.9765625 0.7515625 0.0453125 0.11640625
2 0.546875 0.7109375 0.00390625 0.0484375
2 0.5515625 0.7109375 0.00234375 0.0484375
2 0.55546875 0.71796875 0.00390625 0.0484375
2 0.56015625 0.71640625 0.003125 0.0453125
2 0.91875 0.759375 0.009375 0.02890625
16 0.53203125 0.72109375 0.0078125 0.02890625
2 0.753125 0.746875 0.0046875 0.0546875
2 0.821875 0.7578125 0.0078125 0.02578125
2 0.83203125 0.759375 0.009375 0.02265625
20 0.78046875 0.753125 0.009375 0.06796875
16 0.78984375 0.76484375 0.00234375 0.0578125
20 0.8 0.76328125 0.009375 0.0609375
2 0.68515625 0.77578125 0.003125 0.0484375
2 0.84296875 0.796875 0.01328125 0.02578125
2 0.76015625 0.8015625 0.009375 0.02265625
2 0.70390625 0.796875 0.00625 0.103125
2 0.69453125 0.796875 0.0078125 0.103125
16 0.80078125 0.81328125 0.0078125 0.02578125
16 0.81015625 0.81640625 0.0078125 0.01953125
2 0.74453125 0.809375 0.01484375 0.0453125
16 0.7703125 0.82421875 0.00390625 0.0484375
20 0.7796875 0.86328125 0.00859375 0.06796875
16 0.76796875 0.86640625 0.009375 0.02265625
2 0.559375 0.846875 0.0109375 0.11328125
2 0.509375 0.85 0.00390625 0.0546875
20 0.74375 0.87578125 0.0109375 0.06796875
2 0.753125 0.87890625 0.00546875 0.0546875
16 0.5140625 0.8546875 0.00390625 0.0515625
16 0.54921875 0.86796875 0.003125 0.0515625
16 0.76796875 0.8921875 0.0078125 0.02265625
2 0.49296875 0.86796875 0.00859375 0.109375
2 0.5015625 0.87265625 0.00859375 0.11328125
16 0.5921875 0.9 0.0078125 0.01953125
16 0.6453125 0.9046875 0.00625 0.01640625
16 0.63203125 0.9078125 0.00703125 0.01640625
16 0.6046875 0.90625 0.0078125 0.01953125
16 0.61796875 0.90625 0.00625 0.01328125
4 0.61328125 0.97421875 0.10859375 0.0453125
2 0.1578125 0.11484375 0.00234375 0.0484375
2 0.57109375 0.1578125 0.003125 0.0453125
2 0.0359375 0.1015625 0.0046875 0.0421875
2 0.44921875 0.14375 0.00390625 0.0484375
2 0.29609375 0.12734375 0.0046875 0.0484375
2 0.3109375 0.13203125 0.00390625 0.0515625
2 0.02109375 0.1015625 0.0046875 0.0484375
2 0.43359375 0.146875 0.00546875 0.0484375
2 0.5859375 0.1609375 0.0046875 0.0453125
2 0.7234375 0.17734375 0.003125 0.0453125
2 0.70859375 0.17734375 0.00390625 0.0453125
2 0.8453125 0.1921875 0.003125 0.0484375
2 0.996875 0.209375 0.00390625 0.0453125
2 0.98046875 0.2109375 0.00390625 0.0484375
2 0.17421875 0.13359375 0.00234375 0.0421875
16 0.0703125 0.12578125 0.00390625 0.0453125
16 0.053125 0.12578125 0.00390625 0.0515625
2 0.8609375 0.21328125 0.00234375 0.0453125
16 0.059375 0.12734375 0.0046875 0.0546875
16 0.06484375 0.13046875 0.00390625 0.0546875
2 0.29609375 0.18046875 0.003125 0.0453125
2 0.3109375 0.18046875 0.00234375 0.0390625
2 0.02109375 0.153125 0.0046875 0.0421875
2 0.571875 0.2109375 0.003125 0.0484375
2 0.15859375 0.16953125 0.00234375 0.0421875
2 0.4484375 0.1984375 0.00390625 0.0546875
2 0.43359375 0.1984375 0.0046875 0.0484375
2 0.03515625 0.1546875 0.00390625 0.0515625
2 0.5859375 0.21484375 0.00390625 0.0484375
2 0.7078125 0.22734375 0.003125 0.0421875
2 0.7234375 0.23046875 0.003125 0.0421875
2 0.8453125 0.2453125 0.00234375 0.0390625
2 0.996875 0.26484375 0.00390625 0.0453125
2 0.98046875 0.26640625 0.00234375 0.0484375
2 0.17421875 0.190625 0.00234375 0.0390625
2 0.8609375 0.26953125 0.00234375 0.0421875