2 0.32109375 0.1359375 0.00625 0.07265625
2 0.30546875 0.1296875 0.00546875 0.065625
2 0.196875 0.09296875 0.00625 0.06875
2 0.94921875 0.47578125 0.0046875 0.06875
2 0.94453125 0.47734375 0.0046875 0.07265625
2 0.50703125 0.3359375 0.01015625 0.03828125
2 0.4890625 0.32734375 0.01015625 0.034375
2 0.49921875 0.334375 0.00859375 0.034375
2 0.47890625 0.32421875 0.009375 0.034375
2 0.46953125 0.3203125 0.009375 0.034375
2 0.6671875 0.4359375 0.009375 0.03828125
2 0.071875 0.1484375 0.00546875 0.06875
2 0.0796875 0.153125 0.00546875 0.065625
2 0.6875 0.45546875 0.01015625 0.034375
2 0.65078125 0.45 0.00546875 0.05859375
2 0.6453125 0.45 0.0046875 0.065625
2 0.63984375 0.45 0.0046875 0.065625
16 0.7140625 0.5 0.00546875 0.06875
16 0.63359375 0.465625 0.0046875 0.06171875
16 0.62265625 0.45859375 0.00546875 0.06875
2 0.628125 0.4640625 0.00546875 0.065625
9 0.5546875 0.43984375 0.01328125 0.07265625
16 0.68515625 0.503125 0.0046875 0.06171875
16 0.065625 0.20546875 0.0046875 0.065625
16 0.98984375 0.65 0.0046875 0.065625
16 0.9953125 0.65546875 0.00390625 0.06171875
16 0.0609375 0.20546875 0.00546875 0.065625
2 0.5765625 0.45859375 0.015625 0.0828125
2 0.7234375 0.5328125 0.01171875 0.1
2 0.6125 0.47734375 0.0109375 0.04453125
2 0.7328125 0.5359375 0.0078125 0.10703125
2 0.7046875 0.53125 0.01171875 0.103125
2 0.69375 0.52734375 0.0125 0.103125
2 0.45703125 0.415625 0.009375 0.03828125
16 0.64296875 0.503125 0.01015625 0.034375
9 0.66640625 0.5171875 0.009375 0.06875
16 0.79921875 0.59296875 0.00859375 0.034375
2 0.62578125 0.5171875 0.01171875 0.0484375
2 0.76640625 0.584375 0.00546875 0.065625
16 0.7609375 0.58125 0.00546875 0.065625
16 0.75625 0.584375 0.00546875 0.065625
2 0.7515625 0.58125 0.0046875 0.065625
2 0.52734375 0.47421875 0.009375 0.03828125
16 0.5921875 0.51171875 0.0046875 0.065625
2 0.596875 0.51171875 0.0046875 0.065625
16 0.58671875 0.50859375 0.0046875 0.065625
16 0.7140625 0.56875 0.0046875 0.06171875
16 0.684375 0.5671875 0.0046875 0.065625
2 0.8 0.62734375 0.009375 0.034375
16 0.54765625 0.50859375 0.00546875 0.065625
2 0.609375 0.54140625 0.015625 0.07578125
16 0.55234375 0.5140625 0.00625 0.06875
16 0.56328125 0.5171875 0.0046875 0.06875
16 0.55859375 0.515625 0.00546875 0.065625
16 0.5421875 0.51015625 0.00546875 0.06875
9 0.78046875 0.62734375 0.00859375 0.06875
2 0.93515625 0.703125 0.00546875 0.06171875
2 0.52734375 0.50703125 0.01015625 0.034375
2 0.93046875 0.7015625 0.0046875 0.065625
2 0.925 0.7 0.0046875 0.06171875
2 0.91953125 0.69453125 0.0046875 0.05859375
2 0.5765625 0.534375 0.01484375 0.07578125
2 0.9140625 0.6984375 0.00546875 0.065625
2 0.8765625 0.6828125 0.00546875 0.06875
2 0.88203125 0.684375 0.00546875 0.065625
2 0.45625 0.4796875 0.009375 0.034375
2 0.8609375 0.67578125 0.00546875 0.06171875
2 0.871875 0.684375 0.00546875 0.065625
2 0.4359375 0.47265625 0.009375 0.034375
2 0.86640625 0.68125 0.00546875 0.065625
2 0.4453125 0.4796875 0.01015625 0.04140625
2 0.628125 0.5796875 0.01484375 0.07578125
2 0.52734375 0.54296875 0.009375 0.03828125
2 0.73125 0.64453125 0.009375 0.096875
16 0.4453125 0.50546875 0.00859375 0.03125
16 0.4359375 0.503125 0.01015625 0.034375
16 0.80078125 0.6796875 0.0046875 0.06171875
16 0.79609375 0.6796875 0.0046875 0.06171875
2 0.45625 0.515625 0.01015625 0.03125
2 0.7078125 0.634375 0.00546875 0.06875
2 0.75625 0.66015625 0.0046875 0.065625
16 0.75078125 0.66015625 0.0046875 0.065625
2 0.69921875 0.63828125 0.01171875 0.103125
16 0.934375 0.76875 0.00546875 0.06875
16 0.92890625 0.7703125 0.0046875 0.065625
16 0.91875 0.765625 0.0046875 0.06171875
16 0.92421875 0.7671875 0.00546875 0.065625
16 0.9078125 0.76015625 0.00546875 0.065625
2 0.52734375 0.57578125 0.01015625 0.034375
16 0.9140625 0.7640625 0.0046875 0.065625
16 0.89765625 0.75703125 0.0046875 0.065625
16 0.90234375 0.75859375 0.0046875 0.06171875
16 0.8921875 0.75703125 0.0046875 0.065625
16 0.8875 0.753125 0.0046875 0.065625
16 0.87109375 0.746875 0.0046875 0.065625
16 0.865625 0.74296875 0.0046875 0.065625
16 0.88203125 0.7515625 0.0046875 0.06171875
16 0.87734375 0.75 0.00546875 0.065625
16 0.86015625 0.74296875 0.00546875 0.05859375
16 0.85546875 0.74296875 0.0046875 0.065625
2 0.45546875 0.5484375 0.01015625 0.034375
16 0.64609375 0.65859375 0.0046875 0.06875
16 0.640625 0.65859375 0.00546875 0.06875
2 0.7796875 0.7296875 0.0078125 0.1140625
2 0.5265625 0.61171875 0.01015625 0.03125
16 0.7859375 0.73828125 0.00546875 0.06875
16 0.45546875 0.5796875 0.00859375 0.02734375
2 0.43515625 0.56875 0.009375 0.034375
2 0.44453125 0.5796875 0.01015625 0.034375
9 0.58046875 0.66015625 0.01171875 0.12734375
2 0.7578125 0.7484375 0.00625 0.07578125
16 0.75078125 0.74453125 0.00625 0.07578125
16 0.44453125 0.60859375 0.01015625 0.03125
2 0.5265625 0.65 0.01015625 0.03828125
16 0.43515625 0.603125 0.00859375 0.034375
2 0.69375 0.7359375 0.0109375 0.04453125
2 0.7234375 0.76015625 0.01484375 0.05859375
2 0.45546875 0.63984375 0.01015625 0.03125
16 0.52578125 0.68125 0.009375 0.03125
2 0.92578125 0.88828125 0.01171875 0.10703125
9 0.89375 0.87421875 0.01328125 0.10703125
2 0.86875 0.8640625 0.009375 0.03125
2 0.8609375 0.86015625 0.00859375 0.10703125
16 0.7703125 0.82421875 0.01015625 0.034375
2 0.91796875 0.9 0.0046875 0.06875
2 0.9125 0.9 0.0046875 0.06875
2 0.69453125 0.803125 0.01171875 0.0484375
2 0.86875 0.9 0.00859375 0.034375
16 0.76953125 0.86015625 0.009375 0.03125
16 0.73515625 0.85 0.00859375 0.03828125
2 0.72265625 0.85546875 0.015625 0.05546875
9 0.74609375 0.86875 0.00546875 0.06171875
16 0.7078125 0.8640625 0.00859375 0.03125
16 0.76953125 0.89453125 0.009375 0.03828125
16 0.6984375 0.86171875 0.01015625 0.034375
2 0.7578125 0.89453125 0.01171875 0.10703125
16 0.73515625 0.88828125 0.00859375 0.03828125
16 0.5265625 0.81015625 0.00546875 0.06875
16 0.76953125 0.92734375 0.01015625 0.034375
16 0.70625 0.8984375 0.00859375 0.03125
16 0.52109375 0.80859375 0.00625 0.065625
16 0.49765625 0.796875 0.0046875 0.06171875
16 0.51484375 0.803125 0.00625 0.06875
16 0.50859375 0.8015625 0.0046875 0.065625
16 0.69765625 0.896875 0.009375 0.034375
16 0.45546875 0.7796875 0.0046875 0.06171875
16 0.48515625 0.79296875 0.0046875 0.06171875
16 0.47890625 0.79296875 0.00546875 0.06875
2 0.503125 0.8015625 0.00546875 0.07265625
16 0.49140625 0.796875 0.0046875 0.06875
2 0.72265625 0.90859375 0.015625 0.05859375
16 0.4734375 0.79140625 0.00546875 0.065625
2 0.4671875 0.78984375 0.0046875 0.06875
16 0.46171875 0.7859375 0.0046875 0.06171875
2 0.74921875 0.93828125 0.0046875 0.06171875
16 0.74375 0.94140625 0.00625 0.06875
16 0.73828125 0.94140625 0.0046875 0.06875
2 0.71953125 0.9515625 0.009375 0.04140625
2 0.69296875 0.946875 0.01171875 0.0515625
2 0.81953125 0.32421875 0.00625 0.06875
2 0.8046875 0.3203125 0.0046875 0.07578125
2 0.69609375 0.27734375 0.00625 0.07265625
2 0.6796875 0.27265625 0.0046875 0.06875
2 0.58203125 0.234375 0.00625 0.06875
2 0.57109375 0.23125 0.00546875 0.06875
2 0.5546875 0.22265625 0.00625 0.065625
2 0.44609375 0.184375 0.00546875 0.065625
2 0.4296875 0.18125 0.00625 0.07265625
2 0.384375 0.16015625 0.00546875 0.065625