2 0.02734375 0.21015625 0.00703125 0.08046875
16 0.1015625 0.21015625 0.00390625 0.07109375
16 0.40078125 0.21640625 0.0078125 0.02265625
16 0.1578125 0.21640625 0.00703125 0.08515625
2 0.09453125 0.21875 0.00625 0.0890625
2 0.07890625 0.22109375 0.0078125 0.09375
2 0.08671875 0.21875 0.00703125 0.0890625
2 0.05 0.22109375 0.003125 0.0671875
2 0.05546875 0.21875 0.00390625 0.0625
2 0.0625 0.22109375 0.0078125 0.09375
2 0.0703125 0.22109375 0.00625 0.09375
16 0.33359375 0.24140625 0.0078125 0.0265625
16 0.4015625 0.2453125 0.00703125 0.0359375
16 0.4015625 0.2765625 0.00703125 0.0265625
16 0.2625 0.27890625 0.0078125 0.03125
2 0.55625 0.28828125 0.003125 0.0578125
2 0.5515625 0.28828125 0.003125 0.0578125
2 0.5375 0.31015625 0.00703125 0.09375
16 0.4015625 0.3125 0.00703125 0.0265625
16 0.290625 0.3234375 0.00859375 0.03984375
2 0.5734375 0.32109375 0.0109375 0.05390625
16 0.24453125 0.3234375 0.0078125 0.03984375
16 0.23515625 0.3234375 0.0078125 0.03984375
16 0.2625 0.3234375 0.0078125 0.03984375
16 0.271875 0.32109375 0.00859375 0.0359375
16 0.28203125 0.32109375 0.0078125 0.0359375
16 0.22578125 0.32578125 0.00859375 0.0359375
16 0.253125 0.328125 0.0078125 0.03984375
16 0.21640625 0.328125 0.0078125 0.03984375
16 0.16953125 0.32578125 0.0078125 0.0359375
16 0.18828125 0.328125 0.0078125 0.03984375
16 0.19765625 0.32578125 0.00859375 0.0359375
16 0.20703125 0.32578125 0.0078125 0.0359375
16 0.17890625 0.32578125 0.00859375 0.04453125
16 0.16015625 0.33046875 0.0078125 0.0359375
16 0.1421875 0.33046875 0.0078125 0.0359375
16 0.13203125 0.3328125 0.00859375 0.03984375
16 0.15078125 0.3328125 0.0078125 0.03984375
16 0.29921875 0.34375 0.00546875 0.08046875
2 0.4109375 0.359375 0.00703125 0.03125
16 0.28125 0.36640625 0.0078125 0.0359375
16 0.2625 0.36796875 0.0078125 0.03125
16 0.271875 0.36640625 0.00859375 0.0359375
16 0.159375 0.36640625 0.00859375 0.0359375
16 0.16875 0.36640625 0.0078125 0.0359375
16 0.28984375 0.36796875 0.00859375 0.03125
16 0.225 0.36796875 0.00859375 0.03125
16 0.24375 0.36640625 0.0078125 0.0359375
16 0.253125 0.3703125 0.00859375 0.0359375
16 0.18828125 0.37265625 0.0078125 0.03125
16 0.234375 0.3703125 0.0078125 0.0359375
16 0.196875 0.3703125 0.0078125 0.0359375
16 0.21640625 0.3703125 0.0078125 0.0359375
16 0.20703125 0.3703125 0.0078125 0.0359375
16 0.15078125 0.37265625 0.0078125 0.03125
16 0.17890625 0.37265625 0.00859375 0.03125
16 0.140625 0.375 0.00859375 0.0359375
16 0.13203125 0.375 0.00859375 0.0359375
16 0.396875 0.38828125 0.0078125 0.0265625
16 0.3375 0.40390625 0.0046875 0.0671875
2 0.290625 0.40625 0.00859375 0.0359375
2 0.2625 0.40625 0.00859375 0.0359375
2 0.24453125 0.40859375 0.0078125 0.03125
2 0.28125 0.4109375 0.0078125 0.0359375
2 0.3 0.4109375 0.0078125 0.0359375
2 0.23515625 0.41328125 0.0078125 0.03125
2 0.271875 0.4109375 0.00859375 0.0359375
2 0.346875 0.4109375 0.00390625 0.0625
16 0.17890625 0.4109375 0.009375 0.0359375
2 0.253125 0.4109375 0.0078125 0.0359375
2 0.3421875 0.4109375 0.003125 0.0625
2 0.215625 0.4109375 0.00859375 0.0359375
2 0.22578125 0.41328125 0.00859375 0.03984375
2 0.16875 0.4109375 0.0078125 0.0359375
2 0.16015625 0.41484375 0.0078125 0.04453125
2 0.20703125 0.41484375 0.0078125 0.0359375
2 0.140625 0.41484375 0.0078125 0.0359375
2 0.15078125 0.4171875 0.0078125 0.03984375
2 0.19765625 0.4171875 0.0078125 0.03984375
2 0.13125 0.41484375 0.009375 0.0359375
16 0.396875 0.42421875 0.00703125 0.0265625
2 0.021875 0.4484375 0.00390625 0.0578125
16 0.9828125 0.45078125 0.00859375 0.0359375
2 0.00703125 0.45546875 0.00625 0.0890625
16 0.015625 0.46171875 0.00625 0.09375
16 0.98359375 0.49765625 0.009375 0.03125
16 0.0984375 0.51796875 0.003125 0.0625
16 0.090625 0.51796875 0.00234375 0.05390625
16 0.09453125 0.52265625 0.003125 0.0625
16 0.10234375 0.52421875 0.0046875 0.0578125
2 0.00234375 0.58515625 0.0046875 0.08046875
2 0.07265625 0.58671875 0.01171875 0.0578125
2 0.81953125 0.5984375 0.01171875 0.05390625
2 0.95078125 0.60234375 0.01171875 0.05390625
2 0.1578125 0.6046875 0.01171875 0.0578125
2 0.50625 0.60703125 0.01171875 0.05390625
2 0.59765625 0.6140625 0.01171875 0.0578125
2 0.28515625 0.6203125 0.01171875 0.05390625
20 0.103125 0.01328125 0.01171875 0.0265625
2 0.09140625 0.01328125 0.0078125 0.0265625
2 0.0125 0.66953125 0.0046875 0.07109375
2 0.0015625 0.6734375 0.003125 0.071875
2 0.01796875 0.6765625 0.0046875 0.0671875
2 0.0234375 0.67421875 0.0046875 0.07109375
2 0.00703125 0.6765625 0.0046875 0.0671875
2 0.0296875 0.68984375 0.00625 0.09375
16 0.24140625 0.6875 0.009375 0.04453125
2 0.80546875 0.69453125 0.00703125 0.03125
2 0.86171875 0.7078125 0.00625 0.08515625
2 0.6828125 0.71875 0.00625 0.0890625
2 0.640625 0.72109375 0.00625 0.09375
2 0.9390625 0.72734375 0.00859375 0.0359375
2 0.909375 0.72734375 0.01171875 0.05390625
2 0.80625 0.73203125 0.00859375 0.0359375
16 0.52421875 0.734375 0.00546875 0.07578125
2 0.10625 0.73671875 0.00703125 0.0984375
2 0.4609375 0.74140625 0.0109375 0.05390625
2 0.71953125 0.74296875 0.00859375 0.03984375
2 0.2421875 0.74765625 0.01171875 0.0578125
2 0.60234375 0.7453125 0.0078125 0.0359375
2 0.5890625 0.75 0.00703125 0.0359375
2 0.4984375 0.75234375 0.009375 0.03984375
2 0.2765625 0.7609375 0.009375 0.03125
2 0.1578125 0.7703125 0.0078125 0.03125
2 0.053125 0.76796875 0.009375 0.04453125
2 0.14453125 0.77265625 0.0078125 0.0359375
16 0.08203125 0.02890625 0.0078125 0.0578125
2 0.0734375 0.0203125 0.0078125 0.03984375
16 0.146875 0.00859375 0.009375 0.0171875
16 0.1359375 0.0109375 0.009375 0.021875
16 0.3109375 0.01328125 0.0078125 0.0265625
16 0.28046875 0.01796875 0.009375 0.0359375
16 0.40078125 0.01796875 0.00625 0.0265625
16 0.1875 0.0203125 0.01015625 0.03984375
2 0.0375 0.0359375 0.0109375 0.05390625
2 0.13671875 0.03984375 0.0078125 0.0359375
16 0.14609375 0.03984375 0.00859375 0.0265625
16 0.40078125 0.05390625 0.00703125 0.0265625
2 0.115625 0.06015625 0.01171875 0.0578125
2 0.2375 0.06015625 0.00625 0.08515625
2 0.4765625 0.0578125 0.00703125 0.0890625
16 0.28046875 0.0578125 0.00859375 0.0359375
9 0.16953125 0.07109375 0.0203125 0.1421875
2 0.1875 0.0671875 0.0078125 0.0359375
16 0.49296875 0.06953125 0.0046875 0.07578125
2 0.3359375 0.07109375 0.0078125 0.0359375
16 0.4015625 0.08671875 0.00703125 0.02265625
16 0.13671875 0.08515625 0.0078125 0.0359375
16 0.14765625 0.08671875 0.009375 0.03984375
2 0.0375 0.0984375 0.01171875 0.05390625
16 0.28046875 0.10234375 0.0078125 0.0359375
2 0.09140625 0.109375 0.00625 0.09375
2 0.3109375 0.109375 0.00703125 0.03125
20 0.07578125 0.1140625 0.0109375 0.0671875
20 0.10390625 0.1140625 0.0125 0.08515625
16 0.084375 0.11171875 0.0046875 0.07109375
16 0.40078125 0.11640625 0.0078125 0.0265625
16 0.14765625 0.13203125 0.009375 0.03125
16 0.29296875 0.13359375 0.0109375 0.05390625
16 0.43359375 0.140625 0.00859375 0.03984375
2 0.44453125 0.13828125 0.01171875 0.05390625
16 0.28046875 0.14296875 0.0078125 0.0359375
16 0.4015625 0.14765625 0.00703125 0.0265625
2 0.03671875 0.16328125 0.0109375 0.04921875
16 0.14765625 0.171875 0.0078125 0.03125
9 0.3671875 0.1875 0.05 0.375
2 0.56640625 0.1828125 0.00625 0.0890625
2 0.55703125 0.1828125 0.00625 0.0890625
16 0.40078125 0.1828125 0.0078125 0.0265625
16 0.13984375 0.1875 0.0046875 0.08046875
2 0.221875 0.18984375 0.00625 0.08515625
2 0.2421875 0.18984375 0.00625 0.09375
2 0.2140625 0.1875 0.00625 0.0890625
2 0.20703125 0.1921875 0.00625 0.0890625
2 0.23359375 0.1921875 0.00625 0.0890625
16 0.28125 0.1921875 0.009375 0.0265625
16 0.33359375 0.20078125 0.00703125 0.0265625
16 0.16484375 0.20078125 0.003125 0.0625
16 0.12734375 0.203125 0.009375 0.03984375
2 0.14765625 0.20546875 0.00859375 0.0265625