16 0.11171875 0.9078125 0.00546875 0.07265625
16 0.3921875 0.42734375 0.00859375 0.034375
16 0.1640625 0.82265625 0.00859375 0.08984375
2 0.10546875 0.92734375 0.00859375 0.09375
2 0.090625 0.9484375 0.01015625 0.09375
2 0.09765625 0.93984375 0.00859375 0.09375
2 0.0640625 0.97890625 0.00546875 0.034375
2 0.06875 0.9765625 0.00546875 0.03828125
2 0.07578125 0.96171875 0.01015625 0.06875
2 0.0828125 0.95546875 0.00859375 0.08125
16 0.33046875 0.5578125 0.0078125 0.03828125
16 0.39375 0.45546875 0.00703125 0.046875
16 0.39453125 0.48515625 0.00703125 0.03828125
16 0.26484375 0.709375 0.0078125 0.04296875
2 0.53984375 0.2390625 0.0046875 0.06015625
2 0.5359375 0.24765625 0.0046875 0.06015625
2 0.52265625 0.29296875 0.00859375 0.0984375
16 0.3953125 0.51953125 0.00703125 0.03828125
16 0.29140625 0.70546875 0.009375 0.0515625
2 0.55703125 0.24375 0.01171875 0.06875
16 0.2484375 0.78203125 0.00859375 0.0515625
16 0.23984375 0.79453125 0.00859375 0.0515625
16 0.26484375 0.75234375 0.00859375 0.0515625
16 0.27421875 0.7375 0.00859375 0.046875
16 0.28359375 0.7203125 0.00859375 0.046875
16 0.23125 0.8140625 0.00859375 0.046875
16 0.25625 0.76953125 0.00859375 0.0515625
16 0.221875 0.82890625 0.00859375 0.0515625
16 0.17890625 0.9078125 0.00859375 0.046875
16 0.1953125 0.87578125 0.00859375 0.0515625
16 0.2046875 0.8609375 0.00859375 0.046875
16 0.21328125 0.84375 0.00859375 0.046875
16 0.18671875 0.89140625 0.009375 0.05546875
16 0.16875 0.925 0.00859375 0.046875
16 0.15234375 0.95546875 0.00859375 0.046875
16 0.14296875 0.9703125 0.009375 0.0515625
16 0.16015625 0.93984375 0.00859375 0.0515625
16 0.3 0.7140625 0.00703125 0.08515625
2 0.40546875 0.54296875 0.00703125 0.04296875
16 0.28359375 0.7625 0.00859375 0.046875
16 0.26640625 0.79453125 0.00859375 0.04296875
16 0.275 0.7796875 0.00859375 0.046875
16 0.16953125 0.959375 0.00859375 0.046875
16 0.17890625 0.946875 0.00859375 0.046875
16 0.2921875 0.74765625 0.00859375 0.04296875
16 0.23203125 0.8546875 0.00859375 0.04296875
16 0.24921875 0.82265625 0.0078125 0.046875
16 0.2578125 0.8140625 0.00859375 0.046875
16 0.196875 0.91875 0.00859375 0.04296875
16 0.240625 0.84375 0.00859375 0.046875
16 0.2046875 0.90390625 0.0078125 0.046875
16 0.22265625 0.87421875 0.00859375 0.046875
16 0.2140625 0.88671875 0.00859375 0.046875
16 0.1609375 0.978125 0.009375 0.04375
16 0.18828125 0.93125 0.00859375 0.04296875
16 0.153125 0.98515625 0.009375 0.02109375
16 0.39296875 0.59609375 0.0078125 0.03828125
2 0.14921875 0.6046875 0.0078125 0.02109375
16 0.3375 0.703125 0.00625 0.07265625
2 0.29375 0.784375 0.00859375 0.046875
2 0.2671875 0.83125 0.00859375 0.046875
2 0.25078125 0.85859375 0.0078125 0.04296875
2 0.2859375 0.80546875 0.0078125 0.046875
2 0.30234375 0.77578125 0.00859375 0.046875
2 0.2421875 0.88046875 0.00859375 0.04296875
2 0.2765625 0.81875 0.00859375 0.046875
2 0.34609375 0.6984375 0.00546875 0.0640625
16 0.1890625 0.971875 0.009375 0.046875
2 0.25859375 0.8484375 0.00859375 0.046875
2 0.3421875 0.70703125 0.0046875 0.0640625
2 0.2234375 0.9125 0.00859375 0.046875
2 0.2328125 0.89296875 0.009375 0.0515625
2 0.18046875 0.97890625 0.00859375 0.034375
2 0.17109375 0.98515625 0.009375 0.02109375
2 0.21484375 0.9296875 0.00859375 0.046875
2 0.20625 0.94453125 0.00859375 0.0515625
2 0.13828125 0.621875 0.0078125 0.02109375
20 0.06640625 0.76484375 0.0109375 0.06015625
16 0.39375 0.63046875 0.00703125 0.03828125
2 0.053125 0.784375 0.00546875 0.046875
2 0.79375 0.10703125 0.01171875 0.06875
16 0.2734375 0.39765625 0.01015625 0.04296875
2 0.50078125 0.62421875 0.01171875 0.06875
2 0.5859375 0.4765625 0.01171875 0.07265625
2 0.29453125 0.9765625 0.0125 0.03828125
2 0.11953125 0.67109375 0.0125 0.06015625
2 0.3828125 0.2140625 0.00703125 0.04296875
20 0.1078125 0.703125 0.0125 0.08125
16 0.30234375 0.35078125 0.00703125 0.034375
2 0.096875 0.721875 0.00859375 0.0765625
2 0.7828125 0.21796875 0.00703125 0.04296875
2 0.83671875 0.134375 0.0078125 0.08984375
2 0.66875 0.43984375 0.00859375 0.09375
2 0.6296875 0.50625 0.00859375 0.0984375
2 0.909375 0.03203125 0.00859375 0.046875
2 0.88125 0.08125 0.01171875 0.06875
2 0.78515625 0.25 0.00859375 0.046875
16 0.52109375 0.70703125 0.00703125 0.08125
2 0.46171875 0.8203125 0.01171875 0.06875
2 0.70390625 0.4015625 0.009375 0.0515625
2 0.59453125 0.59609375 0.00859375 0.046875
2 0.58203125 0.621875 0.00703125 0.046875
2 0.496875 0.76953125 0.009375 0.0515625
16 0.0890625 0.75 0.01015625 0.10703125
2 0.08046875 0.75859375 0.00859375 0.08984375
16 0.14921875 0.6328125 0.01015625 0.0515625
16 0.13984375 0.65625 0.00859375 0.046875
16 0.303125 0.38046875 0.0078125 0.04296875
16 0.275 0.43125 0.009375 0.0515625
16 0.3875 0.24375 0.00625 0.034375
16 0.1875 0.58984375 0.009375 0.0515625
2 0.046875 0.85078125 0.01171875 0.06875
2 0.140625 0.69453125 0.0078125 0.046875
16 0.15 0.67734375 0.00859375 0.03828125
16 0.38828125 0.27578125 0.00703125 0.03828125
2 0.12109375 0.74609375 0.0125 0.07265625
2 0.23515625 0.54453125 0.00859375 0.08984375
2 0.45859375 0.1578125 0.00859375 0.09375
16 0.27578125 0.4765625 0.00859375 0.046875
9 0.171875 0.6578125 0.021875 0.1796875
2 0.18828125 0.634375 0.00859375 0.046875
16 0.475 0.14140625 0.00625 0.0765625
2 0.32890625 0.3953125 0.0078125 0.046875
16 0.38984375 0.303125 0.00703125 0.034375
16 0.14140625 0.7328125 0.00859375 0.046875
16 0.1515625 0.71796875 0.009375 0.0515625
2 0.0484375 0.91015625 0.0125 0.06875
16 0.2765625 0.51953125 0.0078125 0.046875
2 0.1 0.8265625 0.0078125 0.0984375
2 0.30546875 0.4703125 0.00703125 0.04296875
20 0.0859375 0.85703125 0.01171875 0.08125
20 0.1109375 0.8140625 0.01328125 0.0984375
16 0.09375 0.84375 0.00546875 0.07265625
16 0.38984375 0.33515625 0.0078125 0.03828125
16 0.153125 0.75625 0.009375 0.04296875
16 0.28984375 0.52578125 0.01171875 0.06875
16 0.42109375 0.29921875 0.009375 0.0515625
2 0.43203125 0.28203125 0.0125 0.06875
16 0.278125 0.553125 0.00859375 0.046875
16 0.39140625 0.3609375 0.00703125 0.03828125
2 0.05 0.96796875 0.01171875 0.0640625
16 0.15390625 0.79453125 0.00859375 0.04296875
9 0.36015625 0.4421875 0.05625 0.4484375
2 0.546875 0.128125 0.00859375 0.09375
2 0.5375 0.14140625 0.00859375 0.09375
16 0.3921875 0.3953125 0.0078125 0.03828125
16 0.146875 0.8265625 0.00703125 0.08125
2 0.22421875 0.68984375 0.00859375 0.08984375
2 0.24296875 0.66015625 0.0078125 0.0984375
2 0.21640625 0.70546875 0.00859375 0.09375
2 0.21015625 0.71796875 0.0078125 0.09375
2 0.2359375 0.675 0.00859375 0.09375
16 0.2796875 0.60078125 0.009375 0.03828125
16 0.32890625 0.5234375 0.00703125 0.03828125
16 0.1703125 0.796875 0.0046875 0.0640625
16 0.1359375 0.85859375 0.009375 0.0515625
2 0.1546875 0.83125 0.00859375 0.03828125