2 0.2828125 0.31796875 0.00703125 0.07734375
2 0.265625 0.32890625 0.00625 0.06953125
2 0.15 0.41171875 0.00703125 0.0734375
2 0.48359375 0.3125 0.0109375 0.04375
2 0.4640625 0.321875 0.0109375 0.040625
2 0.475 0.31953125 0.009375 0.03671875
2 0.45390625 0.3328125 0.01015625 0.040625
2 0.44453125 0.33984375 0.01015625 0.040625
2 0.65546875 0.23515625 0.01015625 0.04375
2 0.01953125 0.61796875 0.00625 0.0734375
2 0.028125 0.6125 0.00625 0.06953125
2 0.67734375 0.23359375 0.0109375 0.040625
2 0.6375 0.26640625 0.00625 0.0625
2 0.63203125 0.27421875 0.00625 0.06953125
2 0.6265625 0.28125 0.00625 0.06953125
16 0.70625 0.24609375 0.00625 0.0734375
16 0.61953125 0.30546875 0.00546875 0.06640625
16 0.60859375 0.30859375 0.00625 0.0734375
2 0.6140625 0.30703125 0.00625 0.06953125
9 0.5359375 0.36953125 0.0140625 0.07734375
16 0.67578125 0.2828125 0.0046875 0.06640625
16 0.01484375 0.68203125 0.00625 0.06953125
16 0.009375 0.6890625 0.00625 0.06953125
2 0.56015625 0.3625 0.01796875 0.0921875
2 0.715625 0.271875 0.0125 0.11015625
2 0.5984375 0.3421875 0.01171875 0.0515625
2 0.7265625 0.26640625 0.009375 0.1140625
2 0.696875 0.28828125 0.0125 0.1140625
2 0.684375 0.3015625 0.01328125 0.11015625
2 0.4328125 0.45234375 0.01015625 0.04375
16 0.63046875 0.3328125 0.0109375 0.040625
9 0.65625 0.31953125 0.0109375 0.0734375
16 0.79765625 0.24609375 0.009375 0.03671875
2 0.61328125 0.36796875 0.0125 0.0515625
2 0.76328125 0.27734375 0.00625 0.06953125
16 0.7578125 0.27734375 0.00625 0.06953125
16 0.75234375 0.28515625 0.00625 0.06953125
2 0.746875 0.28828125 0.00625 0.06953125
2 0.50859375 0.43359375 0.01015625 0.04375
16 0.57734375 0.39921875 0.00625 0.06953125
2 0.58203125 0.3953125 0.00546875 0.06953125
16 0.571875 0.40234375 0.00625 0.06953125
16 0.70703125 0.31953125 0.00546875 0.06640625
16 0.6765625 0.35078125 0.00625 0.06953125
2 0.79921875 0.28515625 0.01015625 0.040625
16 0.53046875 0.45 0.00625 0.06953125
2 0.59609375 0.41015625 0.01796875 0.084375
16 0.5359375 0.44453125 0.00703125 0.0734375
16 0.54765625 0.4375 0.00625 0.0734375
16 0.5421875 0.44296875 0.00625 0.06953125
16 0.52421875 0.45625 0.00625 0.0734375
9 0.77890625 0.3015625 0.01015625 0.0734375
2 0.94453125 0.20625 0.00625 0.06640625
2 0.509375 0.46875 0.0109375 0.040625
2 0.9390625 0.21171875 0.00625 0.06953125
2 0.93359375 0.21328125 0.00546875 0.06640625
2 0.92734375 0.21875 0.00546875 0.0625
2 0.56171875 0.44140625 0.01640625 0.08125
2 0.921875 0.22265625 0.00625 0.06953125
2 0.88203125 0.25390625 0.00625 0.0734375
2 0.8875 0.2484375 0.00625 0.06953125
2 0.43359375 0.52421875 0.01015625 0.040625
2 0.865625 0.2609375 0.00625 0.06640625
2 0.8765625 0.259375 0.00625 0.06953125
2 0.41171875 0.53828125 0.01015625 0.040625
2 0.8703125 0.2625 0.00625 0.06953125
2 0.421875 0.53515625 0.0109375 0.04765625
2 0.6171875 0.43046875 0.01640625 0.08125
2 0.51015625 0.50703125 0.01015625 0.04375
2 0.72734375 0.37890625 0.01015625 0.103125
16 0.42265625 0.5609375 0.009375 0.0328125
16 0.4125 0.571875 0.0109375 0.040625
16 0.80234375 0.33828125 0.0046875 0.06640625
16 0.796875 0.3421875 0.00546875 0.06640625
2 0.43359375 0.55859375 0.0109375 0.03671875
2 0.70234375 0.396875 0.00625 0.0734375
2 0.75390625 0.365625 0.00546875 0.06953125
16 0.7484375 0.3734375 0.00625 0.06953125
2 0.69375 0.41015625 0.0125 0.1140625
16 0.9453125 0.27578125 0.00625 0.0734375
16 0.93984375 0.28515625 0.00625 0.06953125
16 0.928125 0.290625 0.00546875 0.06640625
16 0.93359375 0.28828125 0.00625 0.06953125
16 0.9171875 0.29609375 0.00625 0.06953125
2 0.5109375 0.5421875 0.0109375 0.040625
16 0.92265625 0.2921875 0.00625 0.06953125
16 0.90625 0.303125 0.00625 0.06953125
16 0.9109375 0.3015625 0.00546875 0.06640625
16 0.9 0.3109375 0.00546875 0.06953125
16 0.89453125 0.3140625 0.00625 0.06953125
16 0.87734375 0.325 0.00625 0.06953125
16 0.87109375 0.32890625 0.00625 0.06953125
16 0.8890625 0.31640625 0.0046875 0.06640625
16 0.88359375 0.321875 0.00625 0.06953125
16 0.865625 0.33671875 0.00625 0.0625
16 0.8609375 0.33984375 0.00625 0.06953125
2 0.434375 0.59765625 0.0109375 0.040625
16 0.63828125 0.49296875 0.00546875 0.0734375
16 0.6328125 0.5 0.00625 0.0734375
2 0.78125 0.41328125 0.009375 0.12109375
2 0.5109375 0.58125 0.0109375 0.03671875
16 0.7875 0.415625 0.00625 0.0734375
16 0.43515625 0.6265625 0.01015625 0.0328125
2 0.41328125 0.64140625 0.01015625 0.040625
2 0.4234375 0.6375 0.0109375 0.040625
9 0.56796875 0.56953125 0.0125 0.13984375
2 0.7578125 0.459375 0.0078125 0.08125
16 0.75078125 0.46328125 0.0078125 0.08125
16 0.42421875 0.67265625 0.0109375 0.03671875
2 0.51171875 0.61796875 0.0109375 0.04375
16 0.4140625 0.68046875 0.009375 0.03671875
2 0.690625 0.51875 0.01171875 0.0515625
2 0.721875 0.5125 0.015625 0.0625
2 0.4359375 0.69140625 0.0109375 0.03671875
16 0.51171875 0.6578125 0.01015625 0.03671875
2 0.9390625 0.4078125 0.0125 0.11796875
9 0.9046875 0.4359375 0.0140625 0.1140625
2 0.878125 0.4484375 0.01015625 0.03671875
2 0.86875 0.4578125 0.01015625 0.1140625
16 0.77265625 0.52421875 0.0109375 0.040625
2 0.93046875 0.43359375 0.00625 0.0734375
2 0.925 0.44140625 0.00625 0.0734375
2 0.6921875 0.58828125 0.0125 0.0515625
2 0.87890625 0.4890625 0.009375 0.03671875
16 0.7734375 0.5625 0.01015625 0.03671875
16 0.7375 0.58984375 0.009375 0.040625
2 0.7234375 0.60859375 0.01640625 0.0625
9 0.7484375 0.59921875 0.00625 0.06640625
16 0.7078125 0.6375 0.009375 0.0328125
16 0.7734375 0.59921875 0.01015625 0.04375
16 0.69765625 0.64921875 0.0109375 0.040625
2 0.76171875 0.6140625 0.01328125 0.11796875
16 0.7375 0.63046875 0.009375 0.040625
16 0.515625 0.790625 0.00625 0.0734375
16 0.77421875 0.634375 0.0109375 0.040625
16 0.7078125 0.675 0.009375 0.0328125
16 0.51015625 0.7921875 0.00703125 0.06953125
16 0.484375 0.80859375 0.00546875 0.06640625
16 0.503125 0.79765625 0.00703125 0.0734375
16 0.496875 0.803125 0.00625 0.06953125
16 0.6984375 0.6859375 0.01015625 0.040625
16 0.440625 0.83828125 0.00546875 0.06640625
16 0.471875 0.81953125 0.00546875 0.06640625
16 0.465625 0.8234375 0.00625 0.0734375
2 0.490625 0.8109375 0.00625 0.07734375
16 0.478125 0.81640625 0.00625 0.0734375
2 0.72421875 0.66875 0.01640625 0.06640625
16 0.45859375 0.8328125 0.00625 0.06953125
2 0.453125 0.834375 0.00625 0.0734375
16 0.446875 0.83828125 0.00546875 0.06640625
2 0.75390625 0.66875 0.0046875 0.06640625
16 0.7484375 0.6765625 0.00703125 0.0734375
16 0.74140625 0.68359375 0.00625 0.0734375
2 0.721875 0.71875 0.01015625 0.04765625
2 0.69453125 0.740625 0.0125 0.05546875
2 0.68125 0.03671875 0.0078125 0.0734375
2 0.6640625 0.04765625 0.00625 0.0734375
2 0.56015625 0.12109375 0.00703125 0.0734375
2 0.5484375 0.12890625 0.00625 0.0734375
2 0.53046875 0.1375 0.00703125 0.06953125
2 0.415625 0.22265625 0.00625 0.06953125
2 0.3984375 0.2375 0.00703125 0.07734375
2 0.35 0.2703125 0.00625 0.06953125