2 0.39453125 0.1171875 0.0265625 0.05625
2 0.321875 0.121875 0.0296875 0.053125
2 0.2078125 0.1234375 0.02578125 0.0484375
2 0.61953125 0.12421875 0.0265625 0.06875
2 0.45234375 0.125 0.05078125 0.04609375
2 0.103125 0.128125 0.0828125 0.10625
16 0.23046875 0.190625 0.00859375 0.0484375
2 0.24453125 0.1921875 0.02265625 0.0671875
16 0.1921875 0.19296875 0.01171875 0.03984375
2 0.31484375 0.1953125 0.0140625 0.06953125
16 0.1796875 0.19609375 0.01484375 0.0375
16 0.11875 0.19765625 0.00859375 0.0484375
16 0.5859375 0.19921875 0.0109375 0.0484375
16 0.390625 0.19921875 0.0109375 0.05078125
16 0.2078125 0.19921875 0.01015625 0.0390625
16 0.21953125 0.20078125 0.009375 0.06328125
16 0.5734375 0.2 0.01171875 0.03984375
16 0.30703125 0.20078125 0.0109375 0.03984375
2 0.33828125 0.20234375 0.03515625 0.09375
16 0.534375 0.203125 0.0109375 0.03359375
16 0.3765625 0.20546875 0.01328125 0.053125
16 0.56015625 0.20546875 0.01484375 0.0328125
2 0.4046875 0.20546875 0.0109375 0.071875
16 0.52265625 0.20625 0.01328125 0.04296875
2 0.9 0.20703125 0.03203125 0.0375
16 0.109375 0.20625 0.01484375 0.053125
16 0.54921875 0.2078125 0.00859375 0.046875
22 0.6609375 0.2109375 0.11171875 0.08203125
2 0.76015625 0.2125 0.0125 0.05625
9 0.4625 0.2125 0.09140625 0.09375
2 0.73046875 0.21328125 0.015625 0.05859375
2 0.74453125 0.21328125 0.01328125 0.0640625
9 0.26640625 0.253125 0.00078125 0.0234375
2 0.22109375 0.29609375 0.03046875 0.05859375
9 0.89296875 0.3546875 0.11484375 0.09375
16 0.5625 0.35546875 0.0109375 0.0265625
9 0.1203125 0.35625 0.1015625 0.11171875
16 0.61953125 0.35859375 0.0140625 0.05703125
9 0.4953125 0.36015625 0.1125 0.10703125
9 0.2953125 0.36875 0.1140625 0.0921875
9 0.746875 0.3734375 0.1703125 0.096875
9 0.90078125 0.534375 0.09140625 0.0921875
9 0.1171875 0.5390625 0.10234375 0.08359375
9 0.54765625 0.54140625 0.20234375 0.17109375
16 0.35703125 0.5421875 0.009375 0.0421875
9 0.29765625 0.54453125 0.11796875 0.11171875
9 0.7484375 0.54921875 0.12421875 0.1125
22 0.29609375 0.721875 0.10625 0.0984375
9 0.1140625 0.72421875 0.0984375 0.08984375
9 0.51953125 0.90234375 0.11796875 0.11953125
9 0.1171875 0.9046875 0.10703125 0.0921875
9 0.2984375 0.90625 0.1015625 0.08984375
16 0.35546875 0.90625 0.0171875 0.06953125
16 0.85625 0.90859375 0.0140625 0.05234375
16 0.6265625 0.9109375 0.0234375 0.065625