16 0.18984375 0.503125 0.01328125 0.00859375
16 0.1734375 0.5 0.01171875 0.009375
16 0.115625 0.4953125 0.00859375 0.01640625
16 0.12421875 0.49765625 0.00859375 0.01484375
16 0.134375 0.5 0.00859375 0.015625
16 0.1875 0.5140625 0.0125 0.00859375
2 0.171875 0.51171875 0.01328125 0.01015625
4 0.71875 0.09375 0.17421875 0.13359375
9 0.74765625 0.65546875 0.109375 0.1375
2 0.6875 0.640625 0.0125 0.01015625
16 0.446875 0.58671875 0.0078125 0.015625
16 0.43671875 0.584375 0.00859375 0.015625
16 0.41640625 0.5796875 0.00859375 0.01484375
16 0.4265625 0.58125 0.0078125 0.015625
16 0.40703125 0.57734375 0.00859375 0.015625
9 0.2703125 0.54609375 0.15234375 0.1875
16 0.16953125 0.52265625 0.01171875 0.009375
16 0.1859375 0.52734375 0.0140625 0.0109375
16 0.6859375 0.653125 0.01171875 0.00859375
16 0.184375 0.5390625 0.01484375 0.01171875
16 0.16875 0.534375 0.01328125 0.009375
16 0.4234375 0.6015625 0.00859375 0.01484375
16 0.44375 0.60703125 0.0078125 0.01484375
16 0.43359375 0.6046875 0.0078125 0.01484375
2 0.41328125 0.6 0.00859375 0.015625
16 0.684375 0.66484375 0.0125 0.009375
16 0.1828125 0.54921875 0.01640625 0.0125
16 0.16640625 0.546875 0.0125 0.01015625
16 0.6640625 0.66640625 0.01171875 0.00859375
16 0.35859375 0.596875 0.0125 0.01015625
16 0.6828125 0.67578125 0.0125 0.009375
16 0.66328125 0.67890625 0.01328125 0.01015625
16 0.1640625 0.559375 0.0125 0.0109375
16 0.1796875 0.565625 0.0140625 0.0125
16 0.39375 0.6171875 0.00859375 0.015625
16 0.40234375 0.61875 0.00859375 0.015625
16 0.35625 0.609375 0.01328125 0.009375
16 0.68125 0.6875 0.01171875 0.009375
4 0.8921875 0.140625 0.12734375 0.13203125
16 0.66171875 0.68984375 0.0125 0.009375
16 0.1625 0.56953125 0.0125 0.009375
9 0.42421875 0.63359375 0.03203125 0.04140625
16 0.17890625 0.5765625 0.0140625 0.01015625
16 0.67890625 0.6984375 0.01171875 0.009375
16 0.3546875 0.62265625 0.0125 0.009375
16 0.66015625 0.70078125 0.0125 0.01015625
2 0.1765625 0.58828125 0.01484375 0.01015625
16 0.15859375 0.58828125 0.01171875 0.00859375
16 0.353125 0.6359375 0.0125 0.009375
2 0.6578125 0.71171875 0.01328125 0.009375
16 0.7 0.72734375 0.00703125 0.01484375
16 0.68203125 0.7234375 0.00859375 0.015625
16 0.69140625 0.7265625 0.0078125 0.01484375
16 0.671875 0.721875 0.00703125 0.01484375
16 0.3515625 0.64765625 0.0125 0.0109375
16 0.42421875 0.66640625 0.00859375 0.015625
16 0.434375 0.66953125 0.00859375 0.01640625
16 0.41328125 0.66875 0.009375 0.015625
16 0.40390625 0.6671875 0.00859375 0.015625
16 0.34921875 0.6609375 0.0125 0.01015625
16 0.67890625 0.7453125 0.00703125 0.01484375
16 0.6875 0.7484375 0.00859375 0.0140625
16 0.696875 0.75 0.00859375 0.01640625
16 0.43125 0.6890625 0.00859375 0.01640625
16 0.421875 0.68671875 0.00859375 0.015625
16 0.79296875 0.79375 0.01328125 0.0109375
16 0.81015625 0.803125 0.0125 0.01015625
2 0.3875 0.70234375 0.009375 0.015625
2 0.396875 0.7046875 0.00859375 0.015625
4 0.453125 0.0640625 0.153125 0.128125
16 0.79140625 0.80546875 0.01328125 0.009375
16 0.80859375 0.8140625 0.01328125 0.01015625
16 0.78984375 0.81640625 0.01328125 0.01015625
16 0.80703125 0.8265625 0.01328125 0.01015625
9 0.75078125 0.8140625 0.0625 0.0734375
16 0.7875 0.82734375 0.0125 0.009375
16 0.8046875 0.83671875 0.0125 0.009375
16 0.78671875 0.8390625 0.01171875 0.009375
16 0.803125 0.8484375 0.01171875 0.009375
16 0.778125 0.86640625 0.0125 0.00859375
16 0.759375 0.86328125 0.01328125 0.009375
16 0.7765625 0.878125 0.0125 0.01015625
16 0.75859375 0.875 0.0125 0.009375
4 0.58359375 0.08515625 0.07421875 0.13046875
4 0.98671875 0.1875 0.02578125 0.13359375
2 0.82890625 0.94453125 0.04375 0.0328125
2 0.6671875 0.9203125 0.025 0.04921875
2 0.68984375 0.925 0.025 0.0484375
2 0.734375 0.9375 0.025 0.04765625
2 0.7578125 0.94296875 0.025 0.0484375
2 0.825 0.975 0.04296875 0.03203125
2 0.82109375 0.99296875 0.04375 0.0125
2 0.7265625 0.98203125 0.025 0.034375
2 0.68203125 0.97734375 0.02578125 0.04453125
2 0.6578125 0.97421875 0.0234375 0.046875
9 0.6171875 0.97890625 0.05078125 0.03984375
9 0.5609375 0.96875 0.0515625 0.046875
2 0.33046875 0.9375 0.0125 0.01171875
2 0.27890625 0.9265625 0.0140625 0.01328125
16 0.25546875 0.9296875 0.01328125 0.0125
16 0.32890625 0.94921875 0.01328125 0.0125
16 0.3625 0.9578125 0.0125 0.0125
16 0.27734375 0.9375 0.01328125 0.01171875
4 0.328125 0.9625 0.12890625 0.040625
4 0.19375 0.93125 0.07734375 0.0265625
16 0.9953125 0.2609375 0.00859375 0.015625
16 0.96328125 0.25703125 0.0078125 0.01484375
16 0.953125 0.2546875 0.00859375 0.01484375
16 0.9421875 0.2515625 0.00859375 0.015625
16 0.9328125 0.25 0.00859375 0.015625
16 0.97265625 0.26015625 0.00859375 0.01484375
16 0.35 0.11328125 0.01328125 0.009375
16 0.69765625 0.2 0.00859375 0.015625
2 0.63359375 0.18515625 0.01171875 0.009375
2 0.609375 0.1796875 0.01328125 0.01015625
2 0.6578125 0.19140625 0.01328125 0.009375
20 0.803125 0.22734375 0.0171875 0.021875
20 0.7875 0.22421875 0.01640625 0.021875
20 0.81796875 0.23125 0.01640625 0.021875
16 0.84453125 0.2375 0.00859375 0.01484375
20 0.75625 0.2171875 0.0171875 0.021875
20 0.7109375 0.20625 0.01796875 0.021875
20 0.72734375 0.21015625 0.015625 0.02109375
20 0.771875 0.22109375 0.015625 0.02265625
16 0.85390625 0.240625 0.00859375 0.015625
20 0.74140625 0.21328125 0.015625 0.02109375
16 0.8625 0.2421875 0.00859375 0.01640625
2 0.83515625 0.2359375 0.0078125 0.01484375
16 0.87109375 0.24453125 0.01015625 0.0171875
16 0.39140625 0.13046875 0.00703125 0.0140625
16 0.43671875 0.1421875 0.00859375 0.015625
16 0.44609375 0.14453125 0.0078125 0.01484375
16 0.38125 0.12890625 0.00703125 0.01484375
16 0.45546875 0.146875 0.00703125 0.01484375
16 0.41875 0.13828125 0.00859375 0.015625
16 0.42734375 0.140625 0.00859375 0.015625
16 0.409375 0.1359375 0.00859375 0.015625
16 0.4 0.134375 0.00703125 0.015625
16 0.52734375 0.165625 0.01171875 0.01015625
2 0.34921875 0.125 0.0140625 0.01171875
9 0.49609375 0.1609375 0.04140625 0.04375
2 0.165625 0.0859375 0.034375 0.01484375
16 0.52421875 0.1765625 0.01171875 0.009375
16 0.34765625 0.1359375 0.01328125 0.0109375
16 0.803125 0.24765625 0.00703125 0.01484375
16 0.81796875 0.2515625 0.00859375 0.01484375
16 0.771875 0.24140625 0.00703125 0.01328125
16 0.74140625 0.234375 0.01015625 0.0171875
16 0.72578125 0.23125 0.0078125 0.015625
16 0.78671875 0.2453125 0.0078125 0.01484375
16 0.71015625 0.22734375 0.00703125 0.015625
16 0.75625 0.23828125 0.00859375 0.015625
2 0.415625 0.159375 0.0078125 0.015625
2 0.378125 0.15078125 0.0078125 0.01484375
16 0.425 0.16171875 0.00859375 0.01640625
2 0.396875 0.1546875 0.00703125 0.015625
16 0.3875 0.15390625 0.0078125 0.015625
16 0.40625 0.1578125 0.0078125 0.01640625
9 0.9453125 0.28671875 0.04765625 0.04453125
20 0.83125 0.26328125 0.01640625 0.0203125
2 0.3453125 0.14765625 0.01171875 0.01015625
9 0.85703125 0.27265625 0.02421875 0.03984375
2 0.36484375 0.15703125 0.00703125 0.0140625
16 0.209375 0.12578125 0.0125 0.009375
16 0.1921875 0.1234375 0.01171875 0.00859375
20 0.81171875 0.27421875 0.0171875 0.0203125
20 0.79453125 0.27109375 0.01640625 0.01953125
20 0.75 0.26015625 0.01640625 0.01953125
20 0.78125 0.2671875 0.015625 0.01875
20 0.73515625 0.25625 0.01796875 0.0203125
20 0.7046875 0.24921875 0.01640625 0.02109375
20 0.7203125 0.25234375 0.01640625 0.0203125
20 0.76640625 0.2640625 0.01640625 0.01953125
2 0.14140625 0.115625 0.02578125 0.0125
2 0.17109375 0.12265625 0.0078125 0.015625
2 0.16171875 0.12109375 0.009375 0.015625
9 0.30234375 0.15859375 0.02578125 0.03671875
16 0.3625 0.17734375 0.00703125 0.01484375
2 0.37109375 0.17890625 0.00859375 0.015625
2 0.3984375 0.1859375 0.00859375 0.015625
16 0.38046875 0.18125 0.0078125 0.01484375
16 0.38984375 0.184375 0.0078125 0.01484375
16 0.22265625 0.14921875 0.0078125 0.015625
2 0.2125 0.14765625 0.00703125 0.0140625
16 0.84765625 0.3015625 0.00859375 0.015625
16 0.85703125 0.30390625 0.0078125 0.015625
2 0.721875 0.27734375 0.00859375 0.01640625
2 0.709375 0.2796875 0.00859375 0.015625
16 0.4046875 0.2078125 0.00859375 0.015625
16 0.39609375 0.20546875 0.0078125 0.015625
9 0.95625 0.33984375 0.040625 0.04140625
16 0.3859375 0.203125 0.00859375 0.01484375
16 0.34453125 0.19296875 0.0078125 0.015625
16 0.37734375 0.2015625 0.00859375 0.01640625
16 0.33515625 0.19140625 0.00859375 0.015625
16 0.35859375 0.19765625 0.00859375 0.01484375
16 0.36796875 0.2 0.00859375 0.015625
16 0.77109375 0.3 0.00703125 0.015625
9 0.62109375 0.2640625 0.08359375 0.08359375
16 0.76171875 0.2984375 0.00859375 0.015625
16 0.296875 0.1890625 0.0078125 0.015625
16 0.30625 0.1921875 0.00859375 0.015625
16 0.2875 0.1875 0.00859375 0.015625
9 0.98671875 0.35859375 0.02578125 0.03359375
9 0.19375 0.178125 0.0453125 0.0453125
2 0.35625 0.21796875 0.00703125 0.01484375
16 0.33125 0.21328125 0.0078125 0.015625
2 0.4015625 0.2296875 0.00703125 0.01484375
16 0.34140625 0.215625 0.00859375 0.01484375
16 0.4359375 0.2375 0.0140625 0.01171875
2 0.36484375 0.221875 0.0078125 0.01484375
2 0.37421875 0.22421875 0.00859375 0.015625
2 0.88671875 0.35 0.040625 0.03046875
2 0.47421875 0.253125 0.00859375 0.015625
16 0.4921875 0.25703125 0.00859375 0.01484375
20 0.45 0.24765625 0.01953125 0.02265625
16 0.4640625 0.2515625 0.009375 0.01640625
16 0.434375 0.24921875 0.01328125 0.01015625
16 0.9953125 0.390625 0.0078125 0.01015625
16 0.1484375 0.18828125 0.0078125 0.015625
2 0.13984375 0.1859375 0.00703125 0.015625
16 0.1296875 0.184375 0.009375 0.01640625
16 0.43203125 0.2625 0.0140625 0.0109375
16 0.8546875 0.3671875 0.01328125 0.009375
16 0.20234375 0.2109375 0.0078125 0.01640625
2 0.47109375 0.2765625 0.00859375 0.01484375
16 0.18359375 0.20859375 0.0078125 0.01484375
16 0.62890625 0.31484375 0.00703125 0.01328125
2 0.19296875 0.21015625 0.0078125 0.01484375
16 0.46171875 0.27421875 0.0078125 0.015625
20 0.446875 0.271875 0.01796875 0.02265625
16 0.4890625 0.28203125 0.0078125 0.01640625
16 0.61953125 0.31328125 0.0078125 0.015625
16 0.609375 0.3109375 0.00703125 0.015625
16 0.63828125 0.3171875 0.0078125 0.015625
9 0.9765625 0.39921875 0.025 0.0296875
16 0.60078125 0.309375 0.00703125 0.015625
16 0.57421875 0.30234375 0.00859375 0.015625
16 0.546875 0.296875 0.00859375 0.015625
16 0.55625 0.29921875 0.00859375 0.015625
16 0.56484375 0.3015625 0.00859375 0.015625
16 0.43046875 0.27421875 0.01484375 0.0109375
2 0.99453125 0.4109375 0.01015625 0.009375
16 0.87265625 0.38203125 0.0140625 0.01015625
16 0.85234375 0.378125 0.01328125 0.01015625
2 0.6734375 0.3375 0.0125 0.009375
16 0.65859375 0.334375 0.01171875 0.00859375
2 0.6359375 0.3328125 0.00625 0.01171875
2 0.6171875 0.3296875 0.00859375 0.015625
2 0.6265625 0.33125 0.00859375 0.015625
2 0.6078125 0.32890625 0.00859375 0.01484375
16 0.99296875 0.421875 0.0125 0.01015625
16 0.42890625 0.28671875 0.0140625 0.0109375
16 0.57109375 0.32265625 0.00859375 0.01484375
16 0.553125 0.31953125 0.00859375 0.01484375
16 0.5625 0.321875 0.00859375 0.01484375
16 0.534375 0.31484375 0.0078125 0.015625
16 0.54453125 0.3171875 0.00859375 0.015625
2 0.67109375 0.3484375 0.01328125 0.01015625
16 0.65703125 0.34609375 0.0125 0.00859375
2 0.4671875 0.30078125 0.00859375 0.015625
20 0.44375 0.29453125 0.01796875 0.021875
16 0.12109375 0.21796875 0.01328125 0.01015625
16 0.4578125 0.29921875 0.00859375 0.015625
16 0.48515625 0.30546875 0.00859375 0.015625
16 0.9921875 0.43203125 0.01328125 0.009375
16 0.42734375 0.29765625 0.01328125 0.009375
2 0.66953125 0.359375 0.01328125 0.009375
2 0.61484375 0.346875 0.0078125 0.015625
2 0.6328125 0.3515625 0.0078125 0.01640625
2 0.60546875 0.34453125 0.0078125 0.01484375
16 0.65546875 0.35625 0.0125 0.00859375
16 0.11953125 0.22890625 0.01328125 0.01015625
9 0.36328125 0.2890625 0.11640625 0.11796875
16 0.98984375 0.44453125 0.01171875 0.009375
9 0.228125 0.265625 0.040625 0.04140625
16 0.11796875 0.240625 0.0125 0.00859375
16 0.45078125 0.32265625 0.0078125 0.015625
16 0.425 0.31640625 0.01328125 0.009375
20 0.47265625 0.328125 0.01796875 0.021875
16 0.484375 0.33046875 0.00859375 0.015625
16 0.44140625 0.32109375 0.0078125 0.015625
16 0.46015625 0.325 0.00859375 0.01796875
2 0.2921875 0.28671875 0.0078125 0.0140625
2 0.3015625 0.28828125 0.00859375 0.015625
2 0.28359375 0.284375 0.00859375 0.015625
16 0.421875 0.328125 0.01328125 0.01015625
2 0.6640625 0.39375 0.00859375 0.01640625
16 0.4203125 0.33984375 0.01328125 0.01015625
16 0.55234375 0.37265625 0.01328125 0.01015625
16 0.43828125 0.3453125 0.0078125 0.01640625
16 0.46328125 0.3515625 0.0078125 0.015625
20 0.44921875 0.34921875 0.01796875 0.02265625
9 0.1734375 0.290625 0.03984375 0.04296875
2 0.41875 0.3515625 0.01328125 0.0109375
9 0.9234375 0.47421875 0.08671875 0.13046875
16 0.5515625 0.38515625 0.01328125 0.01015625
9 0.74921875 0.43984375 0.1875 0.228125
2 0.971875 0.49765625 0.0125 0.01015625
16 0.5484375 0.39765625 0.0125 0.009375
9 0.59140625 0.409375 0.06640625 0.1140625
2 0.659375 0.4265625 0.00859375 0.015625
2 0.41328125 0.3734375 0.00703125 0.01328125
2 0.3953125 0.36875 0.00859375 0.01328125
2 0.365625 0.3625 0.0078125 0.0140625
2 0.38515625 0.36796875 0.0078125 0.01328125
2 0.4046875 0.371875 0.0078125 0.01328125
2 0.346875 0.359375 0.00859375 0.015625
2 0.3078125 0.34921875 0.00859375 0.01484375
2 0.31640625 0.3515625 0.0078125 0.0140625
2 0.3765625 0.36640625 0.00859375 0.0140625
2 0.35625 0.3609375 0.00859375 0.01484375
2 0.2984375 0.346875 0.00859375 0.0140625
2 0.32578125 0.35390625 0.00703125 0.01328125
2 0.2796875 0.34296875 0.0078125 0.015625
2 0.2890625 0.3453125 0.00859375 0.015625
16 0.9703125 0.50859375 0.01328125 0.009375
2 0.48203125 0.3953125 0.01171875 0.01171875
16 0.54609375 0.41640625 0.01171875 0.009375
16 0.96875 0.5203125 0.01171875 0.01015625
2 0.428125 0.3921875 0.01328125 0.009375
16 0.41015625 0.39453125 0.00859375 0.0171875
16 0.34296875 0.378125 0.00859375 0.01640625
16 0.2859375 0.36484375 0.00703125 0.015625
16 0.353125 0.38125 0.00703125 0.015625
16 0.3828125 0.38828125 0.0078125 0.015625
16 0.32265625 0.3734375 0.00859375 0.015625
16 0.33515625 0.3765625 0.0078125 0.015625
16 0.2765625 0.3625 0.0078125 0.015625
16 0.3921875 0.390625 0.00859375 0.015625
16 0.3734375 0.38671875 0.00859375 0.01484375
16 0.3625 0.384375 0.00859375 0.015625
16 0.29375 0.3671875 0.00859375 0.015625
16 0.3125 0.37265625 0.0078125 0.015625
16 0.30390625 0.36953125 0.00859375 0.0171875
16 0.40078125 0.39375 0.0078125 0.0140625
16 0.54375 0.428125 0.0125 0.01015625
16 0.96640625 0.53125 0.01171875 0.009375
2 0.42578125 0.403125 0.01171875 0.009375
16 0.6234375 0.453125 0.01328125 0.01015625
20 0.64609375 0.4625 0.01640625 0.01953125
16 0.8703125 0.52421875 0.00859375 0.015625
16 0.87890625 0.52734375 0.00703125 0.015625
20 0.62109375 0.46875 0.01484375 0.01640625
16 0.64375 0.478125 0.0125 0.009375
16 0.61875 0.48515625 0.01328125 0.01015625
16 0.4375 0.44296875 0.01015625 0.01484375
2 0.42890625 0.44140625 0.01015625 0.015625
16 0.446875 0.44609375 0.0109375 0.015625
16 0.4578125 0.44921875 0.009375 0.015625
20 0.640625 0.49453125 0.015625 0.01875
20 0.6171875 0.50078125 0.01484375 0.0171875
4 0.984375 0.5921875 0.0296875 0.1375
16 0.63828125 0.509375 0.01328125 0.009375
16 0.44375 0.46640625 0.01015625 0.01640625
16 0.45390625 0.46875 0.01015625 0.01484375
2 0.43359375 0.46484375 0.009375 0.01875
16 0.32109375 0.4484375 0.0078125 0.0140625
16 0.3296875 0.4515625 0.0078125 0.01484375
16 0.21640625 0.42890625 0.01171875 0.01015625
16 0.13671875 0.4109375 0.0078125 0.01484375
16 0.1453125 0.4140625 0.0078125 0.01640625
16 0.15546875 0.41640625 0.009375 0.01484375
2 0.2828125 0.45546875 0.025 0.01875
16 0.2140625 0.44140625 0.0125 0.01015625
9 0.434375 0.496875 0.04296875 0.04296875
9 0.91875 0.61484375 0.046875 0.0453125
16 0.69140625 0.5625 0.0078125 0.015625
16 0.68203125 0.56015625 0.0078125 0.015625
16 0.7 0.56484375 0.00859375 0.015625
16 0.6625 0.55546875 0.00859375 0.015625
16 0.67265625 0.55859375 0.00859375 0.015625
16 0.1375 0.434375 0.00703125 0.015625
16 0.15546875 0.43828125 0.00859375 0.01484375
2 0.128125 0.43203125 0.00859375 0.015625
16 0.146875 0.4375 0.00859375 0.01484375
2 0.7171875 0.57578125 0.00859375 0.01484375
2 0.72734375 0.578125 0.0078125 0.01484375
16 0.68828125 0.58359375 0.00703125 0.01484375
16 0.67890625 0.58046875 0.00859375 0.01484375
16 0.66015625 0.57578125 0.00703125 0.015625
16 0.66953125 0.578125 0.0078125 0.015625
16 0.19453125 0.4703125 0.01328125 0.01015625
16 0.4375 0.53125 0.0078125 0.015625
2 0.44609375 0.5328125 0.00859375 0.015625
16 0.428125 0.5296875 0.00859375 0.015625
16 0.41875 0.52734375 0.0078125 0.01484375
9 0.1375 0.4671875 0.0328125 0.03984375
16 0.1921875 0.48125 0.0125 0.00859375
16 0.1765625 0.47734375 0.0125 0.009375
16 0.6765625 0.6015625 0.0078125 0.015625
16 0.66640625 0.59921875 0.0078125 0.015625
16 0.65703125 0.596875 0.00859375 0.01484375
16 0.68515625 0.60390625 0.00703125 0.015625
16 0.434375 0.55 0.0078125 0.015625
16 0.44375 0.55234375 0.0078125 0.015625
16 0.19140625 0.4921875 0.0140625 0.01171875
16 0.175 0.48828125 0.0125 0.00859375