15 0.93046875 0.04921875 0.0046875 0.01328125
20 0.9875 0.05 0.0140625 0.0109375
1 0.22109375 0.51328125 0.01640625 0.00859375
1 0.22109375 0.525 0.01484375 0.0078125
1 0.22109375 0.53515625 0.015625 0.00703125
1 0.2203125 0.5453125 0.01640625 0.00859375
1 0.14921875 0.0546875 0.00546875 0.00859375
15 0.015625 0.0546875 0.009375 0.00546875
15 0.025 0.05546875 0.009375 0.00546875
1 0.034375 0.05546875 0.00859375 0.00546875
15 0.1609375 0.05546875 0.01796875 0.0140625
1 0.4625 0.55625 0.00703125 0.01640625
15 0.0734375 0.58984375 0.01015625 0.02265625
15 0.01796875 0.6 0.00703125 0.0140625
4 0.9296875 0.60546875 0.04609375 0.36796875
4 0.840625 0.60625 0.040625 0.37578125
1 0.47265625 0.6109375 0.00625 0.0125
20 0.9875 0.06171875 0.0125 0.009375
15 0.07109375 0.615625 0.01171875 0.0109375
1 0.0203125 0.61640625 0.0140625 0.0125
9 0.49375 0.62890625 0.021875 0.0328125
1 0.3265625 0.63203125 0.0171875 0.01015625
20 0.03359375 0.640625 0.0484375 0.0515625
1 0.3265625 0.64140625 0.015625 0.009375
20 0.9203125 0.06484375 0.0140625 0.0171875
1 0.76015625 0.64921875 0.00625 0.009375
1 0.75546875 0.65 0.0046875 0.01015625
1 0.14921875 0.065625 0.0046875 0.00859375
9 0.5796875 0.65703125 0.04921875 0.08125
1 0.471875 0.66484375 0.01796875 0.00859375
1 0.43359375 0.66796875 0.0125 0.00546875
15 0.2578125 0.671875 0.015625 0.01171875
15 0.24765625 0.67265625 0.00625 0.01171875
1 0.2421875 0.67265625 0.0046875 0.01328125
15 0.26640625 0.67265625 0.00546875 0.01328125
20 0.934375 0.06953125 0.01171875 0.01875
9 0.2546875 0.69609375 0.02421875 0.03359375
1 0.609375 0.696875 0.009375 0.0046875
1 0.6203125 0.7 0.00859375 0.015625
1 0.15859375 0.70234375 0.0109375 0.00625
1 0.2703125 0.70625 0.00625 0.01171875
4 0.75 0.71015625 0.03359375 0.09921875
15 0.99140625 0.07109375 0.00546875 0.00703125
1 0.1296875 0.72109375 0.00625 0.01171875
9 0.5 0.721875 0.02109375 0.03046875
9 0.534375 0.728125 0.03359375 0.021875
1 0.94921875 0.0734375 0.00546875 0.01015625
1 0.95390625 0.0734375 0.0046875 0.00859375
1 0.50703125 0.74140625 0.00703125 0.0046875
1 0.51953125 0.7421875 0.01171875 0.0046875
1 0.7078125 0.07734375 0.03359375 0.0296875
1 0.2796875 0.76875 0.015625 0.0078125
15 0.165625 0.7734375 0.00859375 0.0046875
15 0.165625 0.77890625 0.01171875 0.00625
9 0.59296875 0.77890625 0.07265625 0.0734375
1 0.2328125 0.78203125 0.00859375 0.01796875
20 0.25390625 0.78671875 0.03203125 0.04921875
20 0.33125 0.79375 0.046875 0.03359375
20 0.478125 0.80078125 0.0125 0.0171875
9 0.0921875 0.08046875 0.103125 0.0828125
20 0.459375 0.81796875 0.0125 0.0171875
20 0.478125 0.81953125 0.0125 0.01796875
20 0.73359375 0.08203125 0.02890625 0.05
20 0.571875 0.8296875 0.01484375 0.01953125
15 0.9265625 0.08359375 0.015625 0.009375
15 0.76015625 0.83984375 0.0078125 0.0171875
15 0.9390625 0.084375 0.00625 0.01171875
4 0.7859375 0.84609375 0.021875 0.05390625
1 0.83046875 0.8484375 0.01171875 0.0046875
9 0.334375 0.85 0.0140625 0.01328125
4 0.2859375 0.08515625 0.2234375 0.05078125
1 0.63359375 0.8515625 0.0109375 0.00546875
15 0.6828125 0.85234375 0.009375 0.015625
15 0.69140625 0.85234375 0.00859375 0.01796875
1 0.83203125 0.85390625 0.01171875 0.00546875
15 0.66171875 0.85390625 0.01015625 0.0046875
15 0.9453125 0.0859375 0.00546875 0.0109375
1 0.29296875 0.85546875 0.00546875 0.009375
1 0.28125 0.85546875 0.0046875 0.01015625
1 0.2875 0.85625 0.00390625 0.009375
1 0.771875 0.85703125 0.00390625 0.00703125
15 0.74609375 0.85859375 0.00625 0.0109375
1 0.63359375 0.85859375 0.0109375 0.00390625
15 0.66171875 0.86015625 0.0109375 0.0046875
1 0.7390625 0.8625 0.0046875 0.01015625
1 0.63359375 0.86484375 0.01015625 0.00546875
15 0.66171875 0.865625 0.01171875 0.0046875
9 0.33515625 0.86640625 0.01640625 0.015625
1 0.32265625 0.8796875 0.0046875 0.00859375
1 0.31796875 0.88046875 0.00546875 0.009375
1 0.3125 0.88046875 0.00390625 0.0078125
15 0.34140625 0.884375 0.00546875 0.0125
15 0.3328125 0.88515625 0.00390625 0.0125
9 0.74375 0.88984375 0.0453125 0.04765625
1 0.7125 0.8953125 0.0109375 0.00625
1 0.7125 0.9015625 0.0109375 0.00546875
1 0.771875 0.9015625 0.009375 0.00390625
1 0.71171875 0.91171875 0.009375 0.00546875
4 0.38046875 0.9171875 0.06796875 0.109375
4 0.46875 0.9171875 0.07578125 0.12734375
1 0.7671875 0.91796875 0.0046875 0.0109375
1 0.72890625 0.91875 0.00546875 0.0109375
1 0.7125 0.91953125 0.0234375 0.0109375
4 0.1984375 0.92265625 0.234375 0.13828125
4 0.60703125 0.92421875 0.06328125 0.15078125
15 0.92890625 0.09296875 0.0046875 0.0109375
15 0.93359375 0.09296875 0.00625 0.0109375
4 0.54140625 0.0953125 0.2484375 0.046875
20 0.94375 0.1015625 0.01328125 0.0203125
15 0.9640625 0.10234375 0.0109375 0.00546875
15 0.96484375 0.10859375 0.01171875 0.00625
15 0.15234375 0.10859375 0.0046875 0.00859375
1 0.72109375 0.109375 0.0078125 0.00546875
4 0.02421875 0.109375 0.02578125 0.046875
15 0.73046875 0.109375 0.009375 0.00546875
15 0.15703125 0.109375 0.0046875 0.00859375
1 0.784375 0.1109375 0.009375 0.0046875
1 0.06328125 0.125 0.0078125 0.0046875
1 0.0453125 0.12578125 0.003125 0.0078125
1 0.89375 0.12578125 0.0046875 0.009375
15 0.76640625 0.128125 0.0046875 0.01015625
1 0.09609375 0.12890625 0.00390625 0.0078125
15 0.79375 0.13046875 0.00625 0.0125
1 0.1109375 0.13125 0.00390625 0.00859375
20 0.34765625 0.1328125 0.046875 0.03203125
20 0.17734375 0.134375 0.04765625 0.03203125
1 0.8296875 0.134375 0.0078125 0.01875
20 0.3 0.13515625 0.04921875 0.0328125
15 0.01484375 0.1359375 0.009375 0.0046875
20 0.56328125 0.1359375 0.01171875 0.0171875
15 0.89375 0.1359375 0.00546875 0.01015625
20 0.49296875 0.1359375 0.0125 0.01953125
1 0.76640625 0.13828125 0.0046875 0.00859375
1 0.84921875 0.13828125 0.00546875 0.00859375
1 0.8546875 0.13828125 0.00390625 0.00859375
1 0.86015625 0.13828125 0.0046875 0.00859375
1 0.86640625 0.13828125 0.0046875 0.00859375
15 0.0140625 0.13984375 0.009375 0.0046875
1 0.5140625 0.14140625 0.0046875 0.00859375
20 0.41796875 0.1421875 0.053125 0.0328125
1 0.89375 0.1453125 0.00390625 0.00703125
1 0.0375 0.146875 0.00859375 0.00546875
20 0.4875 0.15 0.0140625 0.0109375
1 0.12890625 0.153125 0.0109375 0.0046875
15 0.14140625 0.153125 0.00390625 0.009375
1 0.83359375 0.153125 0.00546875 0.00859375
9 0.5328125 0.153125 0.0296875 0.040625
1 0.84453125 0.15390625 0.0046875 0.01015625
1 0.5140625 0.1546875 0.0046875 0.0078125
9 0.95703125 0.1546875 0.059375 0.0734375
20 0.07421875 0.15703125 0.0140625 0.0109375
9 0.59453125 0.15859375 0.0375 0.03359375
1 0.76171875 0.15859375 0.0046875 0.00703125
1 0.77109375 0.159375 0.00390625 0.0078125
1 0.76640625 0.159375 0.003125 0.00703125
1 0.77890625 0.159375 0.00390625 0.00859375
1 0.78359375 0.159375 0.003125 0.009375
1 0.7875 0.16015625 0.0046875 0.0078125
1 0.775 0.16015625 0.0046875 0.0078125
1 0.79140625 0.16015625 0.0046875 0.0078125
1 0.8015625 0.1609375 0.01015625 0.0046875
9 0.10703125 0.16328125 0.03203125 0.025
15 0.1390625 0.1640625 0.00546875 0.01171875
20 0.56171875 0.16484375 0.0125 0.01796875
1 0.128125 0.1671875 0.01015625 0.00546875
20 0.69921875 0.1671875 0.03125 0.04921875
1 0.51484375 0.16875 0.00546875 0.0078125
9 0.23828125 0.16953125 0.03203125 0.02421875
9 0.0515625 0.17109375 0.02890625 0.0375
20 0.50078125 0.17109375 0.0171875 0.01484375
1 0.4875 0.17265625 0.01015625 0.0046875
20 0.1328125 0.17734375 0.01875 0.0140625
15 0.90625 0.1796875 0.00390625 0.01171875
1 0.40703125 0.190625 0.0046875 0.01015625
1 0.5546875 0.1921875 0.00546875 0.009375
1 0.5109375 0.1921875 0.0046875 0.00859375
1 0.51875 0.1921875 0.0046875 0.009375
1 0.5359375 0.19296875 0.00625 0.0078125
1 0.4 0.19375 0.009375 0.02109375
1 0.47578125 0.196875 0.0046875 0.009375
1 0.5875 0.1984375 0.00703125 0.00859375
1 0.58125 0.1984375 0.00546875 0.009375
1 0.8828125 0.203125 0.009375 0.00546875
15 0.9234375 0.2078125 0.0078125 0.0171875
20 0.909375 0.2140625 0.01328125 0.0109375
1 0.053125 0.02265625 0.0046875 0.009375
4 0.35859375 0.228125 0.71171875 0.04921875
1 0.884375 0.2328125 0.009375 0.00625
1 0.8953125 0.25546875 0.009375 0.0046875
1 0.89453125 0.26015625 0.00859375 0.0046875
4 0.359375 0.265625 0.69921875 0.0359375
1 0.89609375 0.28203125 0.00859375 0.00546875
20 0.10078125 0.2859375 0.015625 0.01328125
15 0.88203125 0.28828125 0.01015625 0.00546875
1 0.90078125 0.2890625 0.009375 0.0046875
1 0.88125 0.2921875 0.0078125 0.0046875
1 0.89609375 0.2953125 0.00859375 0.003125
15 0.1265625 0.296875 0.0109375 0.0046875
1 0.88125 0.29765625 0.01015625 0.0046875
1 0.896875 0.3 0.0078125 0.0046875
15 0.1484375 0.3 0.0109375 0.0046875
15 0.11640625 0.30234375 0.01015625 0.0046875
15 0.88203125 0.303125 0.00859375 0.00390625
15 0.13359375 0.30234375 0.01171875 0.0046875
1 0.10625 0.303125 0.00859375 0.0046875
15 0.90703125 0.303125 0.00859375 0.0046875
15 0.096875 0.30390625 0.01015625 0.00546875
1 0.06484375 0.03125 0.00625 0.01171875
15 0.8890625 0.3078125 0.003125 0.01015625
15 0.88125 0.30859375 0.00859375 0.003125
1 0.14765625 0.31015625 0.0109375 0.0046875
15 0.08203125 0.31171875 0.0109375 0.0046875
1 0.88203125 0.31328125 0.01015625 0.00390625
15 0.10078125 0.3140625 0.00625 0.0109375
1 0.09609375 0.3140625 0.0046875 0.01015625
15 0.040625 0.3171875 0.0109375 0.0046875
15 0.08203125 0.3171875 0.0109375 0.0046875
1 0.01796875 0.31875 0.01171875 0.00546875
15 0.059375 0.31875 0.0109375 0.00625
1 0.8296875 0.321875 0.0109375 0.0046875
15 0.0828125 0.32265625 0.0109375 0.0046875
20 0.0484375 0.32421875 0.01328125 0.01484375
15 0.14921875 0.3265625 0.01015625 0.00390625
9 0.12109375 0.328125 0.03359375 0.04296875
15 0.08203125 0.328125 0.0109375 0.0046875
1 0.14921875 0.33046875 0.009375 0.00390625
20 0.9078125 0.33125 0.01640625 0.01328125
15 0.0828125 0.33359375 0.0109375 0.00546875
15 0.05234375 0.03359375 0.00390625 0.009375
1 0.12578125 0.03359375 0.003125 0.009375
1 0.0703125 0.03359375 0.00546875 0.00859375
1 0.83125 0.334375 0.01796875 0.00859375
9 0.025 0.33671875 0.03515625 0.034375
15 0.88359375 0.3375 0.00859375 0.00546875
1 0.1421875 0.33828125 0.0046875 0.0109375
1 0.0984375 0.34921875 0.009375 0.00546875
1 0.16484375 0.35078125 0.00625 0.0109375
1 0.23359375 0.35234375 0.0046875 0.01171875
1 0.87421875 0.353125 0.00390625 0.00859375
15 0.0453125 0.03515625 0.009375 0.0046875
1 0.13203125 0.0359375 0.00546875 0.00859375
15 0.9359375 0.0359375 0.0046875 0.0125
15 0.9296875 0.0359375 0.0046875 0.01328125
1 0.015625 0.3546875 0.01015625 0.01015625
1 0.25625 0.3546875 0.00546875 0.0109375
1 0.09765625 0.35625 0.0125 0.00546875
1 0.940625 0.0359375 0.00390625 0.00859375
1 0.96953125 0.3609375 0.03828125 0.0421875
20 0.7890625 0.37578125 0.021875 0.02578125
1 0.86484375 0.38203125 0.00390625 0.01015625
15 0.0375 0.03828125 0.00546875 0.01015625
20 0.8390625 0.38515625 0.01328125 0.01796875
4 0.28203125 0.040625 0.21640625 0.0484375
4 0.54140625 0.04140625 0.24765625 0.04921875
20 0.91953125 0.04453125 0.01171875 0.0171875
15 0.9359375 0.04765625 0.0046875 0.01171875
15 0.03828125 0.04921875 0.00546875 0.00859375