15 0.20390625 0.553125 0.01171875 0.00625
15 0.1890625 0.55390625 0.01015625 0.00703125
15 0.134375 0.5625 0.00625 0.01484375
15 0.14375 0.5625 0.00703125 0.0125
15 0.15234375 0.56328125 0.00625 0.01328125
15 0.203125 0.5640625 0.01171875 0.00546875
1 0.1890625 0.56484375 0.01171875 0.0078125
4 0.634375 0.05703125 0.153125 0.09140625
9 0.74375 0.56953125 0.08828125 0.1109375
1 0.68515625 0.57109375 0.0109375 0.0078125
15 0.4546875 0.5734375 0.00546875 0.0140625
15 0.4453125 0.5734375 0.00625 0.0140625
15 0.425 0.5734375 0.00625 0.01328125
15 0.43515625 0.5734375 0.00546875 0.0140625
15 0.4171875 0.5734375 0.00625 0.0140625
9 0.28515625 0.57421875 0.12265625 0.15078125
15 0.1890625 0.57578125 0.01015625 0.00703125
15 0.20390625 0.57578125 0.0125 0.0078125
15 0.68515625 0.58203125 0.0109375 0.00625
15 0.2046875 0.58671875 0.01328125 0.0078125
15 0.1890625 0.5875 0.01171875 0.00703125
15 0.43515625 0.59296875 0.00625 0.01328125
15 0.4546875 0.59296875 0.00546875 0.01328125
15 0.4453125 0.59375 0.00546875 0.01328125
1 0.42578125 0.59375 0.00625 0.01328125
15 0.6859375 0.59375 0.0109375 0.00703125
15 0.2046875 0.59765625 0.0140625 0.00859375
15 0.1890625 0.5984375 0.0109375 0.00703125
15 0.66796875 0.59921875 0.0109375 0.00625
15 0.37421875 0.60234375 0.0109375 0.00703125
15 0.6859375 0.603125 0.0109375 0.00703125
15 0.66875 0.61015625 0.0109375 0.00703125
15 0.1890625 0.61015625 0.0109375 0.0078125
15 0.2046875 0.6125 0.0125 0.009375
15 0.41015625 0.61328125 0.00625 0.0140625
15 0.41875 0.61328125 0.00625 0.0140625
15 0.37421875 0.61484375 0.01171875 0.00703125
15 0.6859375 0.61484375 0.01015625 0.00703125
4 0.8015625 0.0625 0.10625 0.1015625
15 0.66875 0.62109375 0.0109375 0.00703125
15 0.1890625 0.62109375 0.0109375 0.00703125
9 0.43984375 0.62265625 0.02578125 0.03359375
15 0.2046875 0.62421875 0.0125 0.00703125
15 0.6859375 0.62578125 0.01015625 0.00703125
15 0.375 0.6265625 0.0109375 0.00703125
15 0.66875 0.63203125 0.0109375 0.0078125
1 0.2046875 0.634375 0.0125 0.00703125
15 0.1875 0.6390625 0.01015625 0.00625
15 0.375 0.6390625 0.0109375 0.00703125
1 0.66875 0.64296875 0.01171875 0.00703125
15 0.71015625 0.64765625 0.00546875 0.01328125
15 0.69296875 0.64765625 0.00625 0.0140625
15 0.7015625 0.6484375 0.00546875 0.0125
15 0.6828125 0.6484375 0.00546875 0.0125
15 0.375 0.65078125 0.0109375 0.0078125
15 0.4453125 0.65234375 0.00703125 0.0140625
15 0.45546875 0.653125 0.00625 0.01484375
15 0.43515625 0.65703125 0.00703125 0.01328125
15 0.42734375 0.65703125 0.00625 0.01328125
15 0.375 0.66328125 0.0109375 0.0078125
15 0.69296875 0.66875 0.0046875 0.0125
15 0.7015625 0.66875 0.00625 0.0125
15 0.71015625 0.66953125 0.00625 0.01484375
15 0.45546875 0.671875 0.00625 0.01484375
15 0.44609375 0.671875 0.00625 0.0140625
15 0.80625 0.6890625 0.0109375 0.0078125
15 0.82265625 0.69296875 0.0109375 0.00703125
1 0.41640625 0.69375 0.00703125 0.0140625
1 0.42578125 0.69375 0.00625 0.01328125
4 0.38125 0.06953125 0.1265625 0.13125
15 0.80625 0.69921875 0.0109375 0.00703125
15 0.82265625 0.70390625 0.01171875 0.0078125
15 0.80546875 0.71015625 0.01171875 0.0078125
15 0.82265625 0.71484375 0.01171875 0.00703125
9 0.76953125 0.71640625 0.05078125 0.05859375
15 0.80625 0.72109375 0.0109375 0.00703125
15 0.8234375 0.72578125 0.0109375 0.00703125
15 0.80703125 0.73203125 0.0109375 0.00703125
15 0.82265625 0.73671875 0.0109375 0.00703125
15 0.80234375 0.759375 0.0109375 0.00625
15 0.78515625 0.76015625 0.0109375 0.00703125
15 0.80234375 0.76953125 0.0109375 0.0078125
15 0.78515625 0.7703125 0.0109375 0.00703125
4 0.5078125 0.07890625 0.053125 0.11328125
4 0.91953125 0.0796875 0.0546875 0.11484375
1 0.8609375 0.8203125 0.0390625 0.02265625
1 0.70703125 0.8328125 0.0171875 0.04375
1 0.7296875 0.8328125 0.0171875 0.04296875
1 0.771875 0.834375 0.0171875 0.0421875
1 0.7953125 0.834375 0.01796875 0.04296875
1 0.86171875 0.84921875 0.03828125 0.021875
1 0.8625 0.8765625 0.03828125 0.02421875
1 0.77265625 0.88359375 0.01640625 0.0421875
1 0.73046875 0.884375 0.01875 0.0421875
1 0.70703125 0.88515625 0.01640625 0.0421875
9 0.6703125 0.9015625 0.04296875 0.03359375
9 0.61640625 0.9015625 0.04453125 0.03515625
9 0.91484375 0.91875 0.04765625 0.0359375
1 0.3984375 0.9234375 0.0109375 0.00859375
1 0.34921875 0.92421875 0.01171875 0.01015625
15 0.32734375 0.93359375 0.01171875 0.009375
9 0.8125 0.93359375 0.0453125 0.034375
1 0.73125 0.934375 0.01875 0.04296875
15 0.3984375 0.934375 0.01171875 0.009375
1 0.7734375 0.934375 0.01796875 0.04375
15 0.43125 0.93515625 0.0109375 0.009375
15 0.34921875 0.93515625 0.01171875 0.00859375
1 0.7078125 0.9359375 0.01640625 0.04296875
15 0.9734375 0.940625 0.00625 0.0140625
4 0.39921875 0.959375 0.121875 0.03515625
15 0.9640625 0.9609375 0.0125 0.01015625
4 0.27109375 0.9609375 0.0734375 0.034375
15 0.328125 0.9625 0.01171875 0.009375
9 0.86171875 0.96328125 0.03359375 0.03359375
15 0.92421875 0.15 0.00625 0.01328125
15 0.9328125 0.15078125 0.00546875 0.01328125
15 0.915625 0.15078125 0.00625 0.01328125
15 0.884375 0.15390625 0.00546875 0.01328125
15 0.875 0.15390625 0.00625 0.01328125
15 0.86484375 0.1546875 0.00625 0.01328125
15 0.85546875 0.1546875 0.00625 0.0140625
15 0.89375 0.1546875 0.00625 0.01328125
15 0.29609375 0.15703125 0.0109375 0.00703125
15 0.63046875 0.16015625 0.00625 0.0140625
1 0.56875 0.16015625 0.01015625 0.00703125
1 0.54609375 0.1609375 0.01171875 0.0078125
1 0.59296875 0.1609375 0.01171875 0.00703125
20 0.73203125 0.16171875 0.0140625 0.0171875
20 0.7171875 0.1625 0.01328125 0.01796875
20 0.746875 0.1625 0.01328125 0.01796875
15 0.771875 0.1625 0.00625 0.01328125
20 0.6875 0.1625 0.0140625 0.01796875
20 0.64375 0.1625 0.0140625 0.01796875
20 0.659375 0.16328125 0.0125 0.0171875
20 0.70234375 0.1625 0.0125 0.01875
15 0.78046875 0.16328125 0.00625 0.01328125
20 0.6734375 0.16328125 0.0125 0.01796875
15 0.7890625 0.16328125 0.00625 0.01484375
1 0.76328125 0.16328125 0.00546875 0.0125
15 0.7984375 0.16328125 0.00703125 0.01484375
15 0.33671875 0.1640625 0.0046875 0.0125
15 0.38046875 0.1640625 0.00625 0.01328125
15 0.38984375 0.1640625 0.00546875 0.01328125
15 0.32734375 0.16484375 0.00546875 0.0125
15 0.3984375 0.16484375 0.00546875 0.0125
15 0.36328125 0.16484375 0.00625 0.0140625
15 0.371875 0.16484375 0.00625 0.0140625
15 0.3546875 0.16484375 0.00625 0.01328125
15 0.3453125 0.165625 0.0046875 0.01328125
15 0.4671875 0.16640625 0.0109375 0.0078125
1 0.29609375 0.16796875 0.0125 0.0078125
9 0.43828125 0.16796875 0.03515625 0.03359375
1 0.12109375 0.171875 0.0328125 0.00703125
1 0.93515625 0.17578125 0.00546875 0.01328125
15 0.46640625 0.17734375 0.01015625 0.00703125
15 0.29765625 0.17890625 0.01171875 0.0078125
15 0.73515625 0.18125 0.00546875 0.0125
15 0.74921875 0.18125 0.00625 0.01328125
15 0.70546875 0.18203125 0.0046875 0.0125
15 0.67578125 0.18203125 0.00703125 0.01484375
15 0.6609375 0.18203125 0.00546875 0.01328125
15 0.7203125 0.1828125 0.00546875 0.01328125
15 0.64609375 0.1828125 0.00546875 0.01328125
15 0.68984375 0.1828125 0.00625 0.01328125
1 0.36328125 0.18515625 0.00546875 0.01328125
1 0.32734375 0.1859375 0.00546875 0.01328125
15 0.37265625 0.18515625 0.00625 0.01484375
1 0.3453125 0.1859375 0.00546875 0.0140625
15 0.33671875 0.1859375 0.00546875 0.01328125
15 0.3546875 0.1859375 0.00546875 0.01484375
9 0.87265625 0.1859375 0.040625 0.03359375
20 0.7640625 0.1890625 0.0125 0.0171875
1 0.296875 0.18984375 0.01015625 0.0078125
9 0.78828125 0.1921875 0.01796875 0.034375
1 0.31640625 0.19375 0.0046875 0.0125
15 0.9625 0.19453125 0.00546875 0.01328125
15 0.1671875 0.2 0.0109375 0.00703125
15 0.1515625 0.20078125 0.01015625 0.00625
20 0.746875 0.203125 0.0140625 0.01640625
20 0.73046875 0.20390625 0.01328125 0.015625
20 0.68828125 0.20390625 0.01328125 0.01640625
20 0.7171875 0.20390625 0.0125 0.01640625
20 0.6734375 0.20390625 0.0140625 0.01640625
20 0.64375 0.20390625 0.01328125 0.0171875
20 0.659375 0.2046875 0.01328125 0.0171875
20 0.703125 0.2046875 0.01328125 0.01640625
1 0.103125 0.20546875 0.02421875 0.00703125
1 0.13125 0.20546875 0.00546875 0.0140625
1 0.12265625 0.20625 0.00703125 0.0140625
9 0.25859375 0.209375 0.0203125 0.03046875
15 0.31640625 0.2125 0.0046875 0.0125
1 0.32421875 0.21328125 0.00625 0.01328125
1 0.3515625 0.21328125 0.00625 0.01328125
15 0.33359375 0.21328125 0.00546875 0.01328125
15 0.34296875 0.21328125 0.00546875 0.01328125
15 0.1828125 0.21875 0.00546875 0.0140625
1 0.17421875 0.21953125 0.00546875 0.01171875
15 0.784375 0.22109375 0.00625 0.0140625
15 0.79375 0.22109375 0.00546875 0.01328125
1 0.66484375 0.2265625 0.00625 0.0140625
1 0.653125 0.23203125 0.00625 0.01328125
15 0.36015625 0.23203125 0.00625 0.0140625
15 0.3515625 0.23203125 0.00546875 0.01328125
9 0.890625 0.23203125 0.03359375 0.03203125
15 0.34296875 0.2328125 0.00625 0.0125
15 0.30234375 0.23203125 0.00546875 0.01328125
15 0.334375 0.23203125 0.00625 0.01484375
15 0.29375 0.2328125 0.00625 0.0140625
15 0.31640625 0.23359375 0.00625 0.01328125
15 0.325 0.2328125 0.00625 0.0140625
15 0.71328125 0.2359375 0.00546875 0.01328125
9 0.56875 0.23671875 0.0703125 0.06328125
15 0.70390625 0.23671875 0.00625 0.0140625
15 0.25703125 0.2390625 0.00546875 0.01328125
15 0.26640625 0.23984375 0.00625 0.01328125
15 0.2484375 0.2390625 0.00625 0.0140625
9 0.92578125 0.2421875 0.0296875 0.025
9 0.1609375 0.2515625 0.0390625 0.034375
1 0.31640625 0.253125 0.00546875 0.0125
15 0.29296875 0.25390625 0.00546875 0.0140625
1 0.36015625 0.253125 0.00546875 0.01328125
15 0.30234375 0.253125 0.00625 0.01328125
15 0.39375 0.253125 0.0125 0.0078125
1 0.32578125 0.25390625 0.00546875 0.0125
1 0.33359375 0.25390625 0.00625 0.0140625
1 0.828125 0.25703125 0.0359375 0.02109375
1 0.43125 0.25859375 0.00625 0.0140625
15 0.44921875 0.25859375 0.00625 0.0125
20 0.40859375 0.259375 0.01640625 0.01796875
15 0.42265625 0.26015625 0.00703125 0.01484375
15 0.39375 0.2640625 0.0125 0.0078125
15 0.93671875 0.26953125 0.0109375 0.00703125
15 0.1203125 0.2703125 0.00546875 0.01328125
1 0.1109375 0.27109375 0.0046875 0.0140625
15 0.10234375 0.27109375 0.00703125 0.01484375
15 0.39375 0.2765625 0.0125 0.00703125
15 0.8 0.28046875 0.01171875 0.00703125
15 0.1734375 0.28046875 0.00546875 0.01484375
1 0.43125 0.28125 0.00625 0.01328125
15 0.15546875 0.28125 0.00546875 0.01328125
15 0.58359375 0.28125 0.0046875 0.0125
1 0.16484375 0.28125 0.00546875 0.01328125
15 0.42265625 0.28125 0.00546875 0.0140625
20 0.40859375 0.28203125 0.0140625 0.01875
15 0.44921875 0.28203125 0.00546875 0.01484375
15 0.57421875 0.28203125 0.00546875 0.0140625
15 0.565625 0.28203125 0.0046875 0.01328125
15 0.5921875 0.2828125 0.00546875 0.0140625
9 0.91796875 0.2828125 0.0203125 0.02421875
15 0.55703125 0.2828125 0.00546875 0.0140625
15 0.53125 0.2828125 0.00625 0.0140625
15 0.50546875 0.2828125 0.00625 0.0140625
15 0.51328125 0.28359375 0.00625 0.0140625
15 0.5234375 0.28359375 0.00625 0.01328125
15 0.39453125 0.28828125 0.0125 0.00703125
1 0.9375 0.2890625 0.0109375 0.00625
15 0.81953125 0.28984375 0.0125 0.00703125
15 0.8 0.290625 0.01171875 0.0078125
1 0.628125 0.29296875 0.0109375 0.00703125
15 0.6140625 0.29296875 0.0109375 0.00625
4 0.96484375 0.29609375 0.03046875 0.05703125
1 0.5921875 0.296875 0.0046875 0.01015625
1 0.575 0.29765625 0.00625 0.01328125
1 0.58359375 0.29765625 0.00625 0.0140625
1 0.56640625 0.29921875 0.00625 0.0125
15 0.93671875 0.29921875 0.01171875 0.00703125
15 0.39375 0.3 0.0125 0.0078125
15 0.53125 0.3015625 0.00625 0.01328125
15 0.51484375 0.30234375 0.00625 0.0125
15 0.5234375 0.30234375 0.00625 0.0125
15 0.49609375 0.30234375 0.00546875 0.01328125
15 0.50546875 0.30234375 0.00625 0.01328125
1 0.62734375 0.303125 0.0109375 0.00703125
15 0.6140625 0.30390625 0.01171875 0.00625
1 0.43203125 0.3046875 0.00625 0.0140625
20 0.40859375 0.3046875 0.0140625 0.01796875
15 0.0984375 0.3046875 0.01171875 0.00703125
15 0.4234375 0.3046875 0.00703125 0.01328125
15 0.44921875 0.30546875 0.00625 0.0140625
15 0.93671875 0.31015625 0.01171875 0.00703125
15 0.39375 0.31015625 0.01171875 0.00703125
1 0.62734375 0.3140625 0.0109375 0.00703125
1 0.575 0.3140625 0.00546875 0.01328125
1 0.5921875 0.3140625 0.00546875 0.01484375
1 0.56640625 0.3140625 0.00546875 0.0125
15 0.61484375 0.31484375 0.0109375 0.00625
15 0.09921875 0.31484375 0.0109375 0.00703125
9 0.334375 0.3171875 0.09765625 0.090625
15 0.93671875 0.32109375 0.01015625 0.00703125
9 0.20546875 0.325 0.034375 0.03203125
15 0.09921875 0.32578125 0.0109375 0.00625
15 0.4203125 0.32890625 0.00546875 0.01328125
15 0.39453125 0.328125 0.01171875 0.00703125
20 0.440625 0.32890625 0.01484375 0.01796875
15 0.45234375 0.32890625 0.00625 0.0140625
15 0.4109375 0.32890625 0.00546875 0.0140625
15 0.42890625 0.32890625 0.00546875 0.015625
1 0.26796875 0.32890625 0.00546875 0.0125
1 0.2765625 0.3296875 0.00625 0.01328125
1 0.259375 0.33046875 0.00703125 0.01328125
15 0.39453125 0.33984375 0.01171875 0.0078125
1 0.628125 0.34765625 0.00625 0.0140625
15 0.39453125 0.3515625 0.0109375 0.0078125
15 0.521875 0.35234375 0.01171875 0.00703125
15 0.4109375 0.35234375 0.00546875 0.01484375
15 0.43515625 0.35234375 0.00546875 0.01328125
20 0.42265625 0.353125 0.01484375 0.01796875
9 0.15859375 0.3609375 0.03359375 0.03359375
1 0.39453125 0.36171875 0.01171875 0.0078125
9 0.8796875 0.3640625 0.0671875 0.10859375
15 0.521875 0.3640625 0.01171875 0.0078125
9 0.7140625 0.3703125 0.1515625 0.18359375
1 0.92734375 0.37421875 0.0109375 0.0078125
15 0.521875 0.37578125 0.0109375 0.00703125
9 0.5625 0.37734375 0.0484375 0.0984375
1 0.628125 0.378125 0.00625 0.01328125
1 0.3921875 0.38359375 0.00546875 0.01171875
1 0.375 0.38359375 0.00625 0.01171875
1 0.346875 0.38359375 0.00546875 0.0125
1 0.365625 0.384375 0.00625 0.01171875
1 0.384375 0.384375 0.00625 0.01171875
1 0.32890625 0.384375 0.00703125 0.01328125
1 0.290625 0.38515625 0.00625 0.01328125
1 0.29921875 0.38515625 0.00546875 0.0125
1 0.35703125 0.38515625 0.00625 0.0125
1 0.33828125 0.38515625 0.00625 0.0125
1 0.28203125 0.38515625 0.00625 0.0125
1 0.30859375 0.38515625 0.00546875 0.01171875
1 0.2640625 0.38515625 0.00546875 0.01328125
1 0.2734375 0.3859375 0.00625 0.01328125
15 0.928125 0.38515625 0.01171875 0.00703125
1 0.459375 0.38828125 0.0109375 0.00859375
15 0.521875 0.39375 0.0109375 0.00625
15 0.928125 0.39609375 0.0109375 0.00703125
1 0.40859375 0.39765625 0.01171875 0.00703125
15 0.39296875 0.403125 0.00546875 0.01484375
15 0.328125 0.403125 0.00625 0.01484375
15 0.2734375 0.40390625 0.0046875 0.0140625
15 0.33828125 0.40390625 0.00546875 0.01328125
15 0.36640625 0.40390625 0.00546875 0.0140625
15 0.30859375 0.4046875 0.00625 0.01328125
15 0.3203125 0.4046875 0.00546875 0.01328125
15 0.2640625 0.4046875 0.00546875 0.0140625
15 0.375 0.4046875 0.00625 0.0140625
15 0.35703125 0.4046875 0.00625 0.01328125
15 0.346875 0.4046875 0.00625 0.0140625
15 0.28125 0.4046875 0.00625 0.0140625
15 0.29921875 0.4046875 0.00546875 0.01328125
15 0.290625 0.40546875 0.00625 0.01484375
15 0.38359375 0.4046875 0.00546875 0.0125
15 0.52109375 0.40546875 0.0109375 0.00703125
15 0.928125 0.40703125 0.01015625 0.00703125
1 0.40859375 0.4078125 0.0109375 0.00703125
15 0.59921875 0.4109375 0.01171875 0.00703125
20 0.6203125 0.41484375 0.01328125 0.015625
15 0.83828125 0.42265625 0.00625 0.0140625
15 0.84609375 0.42265625 0.0046875 0.01328125
20 0.59921875 0.42578125 0.0125 0.0140625
15 0.62109375 0.42890625 0.0109375 0.00703125
15 0.59921875 0.44140625 0.01171875 0.0078125
15 0.425 0.44296875 0.0078125 0.0125
1 0.4171875 0.44296875 0.0078125 0.01328125
15 0.434375 0.44296875 0.00859375 0.01328125
15 0.44453125 0.44375 0.00703125 0.0140625
20 0.62109375 0.4453125 0.01328125 0.015625
20 0.6 0.45625 0.01171875 0.0140625
4 0.96484375 0.45859375 0.0296875 0.12734375
15 0.62109375 0.459375 0.0125 0.00703125
15 0.43515625 0.4625 0.0078125 0.0140625
15 0.44375 0.4625 0.00703125 0.01328125
1 0.42421875 0.46328125 0.00703125 0.01640625
15 0.31796875 0.4734375 0.00546875 0.0125
15 0.3265625 0.4734375 0.00546875 0.01328125
15 0.21796875 0.47890625 0.0109375 0.00703125
15 0.1421875 0.4796875 0.00546875 0.01328125
15 0.15 0.48125 0.00546875 0.01484375
15 0.16015625 0.48125 0.00703125 0.01328125
1 0.28359375 0.48828125 0.02265625 0.01328125
15 0.21796875 0.490625 0.0109375 0.0078125
9 0.4296875 0.49296875 0.0359375 0.0328125
9 0.89609375 0.49609375 0.03984375 0.034375
15 0.678125 0.496875 0.00546875 0.0140625
15 0.66796875 0.496875 0.00546875 0.01328125
15 0.68671875 0.49765625 0.00625 0.01328125
15 0.65 0.496875 0.00625 0.0140625
15 0.659375 0.49765625 0.00625 0.0140625
15 0.14609375 0.50078125 0.00546875 0.0140625
15 0.16328125 0.50078125 0.00625 0.01328125
1 0.1375 0.5015625 0.00625 0.01328125
15 0.1546875 0.50078125 0.00625 0.01328125
1 0.70390625 0.503125 0.00625 0.01328125
1 0.7125 0.503125 0.00546875 0.0125
15 0.67734375 0.51640625 0.00546875 0.01328125
15 0.66875 0.51640625 0.00625 0.01328125
15 0.65 0.51640625 0.00546875 0.01328125
15 0.66015625 0.51640625 0.00546875 0.01328125
15 0.20390625 0.52109375 0.0125 0.0078125
15 0.4375 0.52421875 0.00546875 0.01328125
1 0.446875 0.52421875 0.00625 0.01328125
15 0.42890625 0.5234375 0.00625 0.01328125
15 0.4203125 0.52421875 0.00546875 0.01328125
9 0.15 0.53125 0.02734375 0.03203125
15 0.20390625 0.53203125 0.0109375 0.00625
15 0.18828125 0.53203125 0.0109375 0.00703125
15 0.66875 0.5359375 0.00546875 0.0140625
15 0.66015625 0.53671875 0.00546875 0.01328125
15 0.65078125 0.53671875 0.00625 0.01328125
15 0.678125 0.53671875 0.00546875 0.0140625
15 0.43828125 0.5421875 0.00546875 0.0140625
15 0.446875 0.5421875 0.00546875 0.01328125
15 0.20390625 0.54296875 0.0125 0.00859375
15 0.1890625 0.54296875 0.01171875 0.00625