9 0.4734375 0.65390625 0.05078125 0.04921875
2 0.7515625 0.7078125 0.0125 0.0203125
9 0.79609375 0.7171875 0.0671875 0.05625
20 0.72578125 0.7078125 0.0296875 0.02890625
4 0.89296875 0.76171875 0.11875 0.23046875
9 0.46171875 0.70390625 0.0515625 0.04921875
2 0.23515625 0.6765625 0.01171875 0.01484375
9 0.78515625 0.7734375 0.0328125 0.028125
20 0.72421875 0.76484375 0.03515625 0.0203125
2 0.8296875 0.78359375 0.02578125 0.01328125
16 0.03203125 0.64765625 0.0203125 0.0109375
16 0.02890625 0.659375 0.02109375 0.00859375
9 0.0453125 0.6796875 0.03828125 0.0296875
20 0.76015625 0.80703125 0.0625 0.04140625
2 0.4984375 0.76875 0.01484375 0.01796875
2 0.759375 0.83515625 0.02890625 0.015625
9 0.10078125 0.7203125 0.0671875 0.0421875
9 0.496875 0.80390625 0.0375 0.04296875
2 0.47109375 0.8 0.01796875 0.021875
20 0.54296875 0.8140625 0.065625 0.04140625
9 0.390625 0.8015625 0.03828125 0.03203125
9 0.0296875 0.75 0.059375 0.06796875
9 0.14140625 0.77734375 0.0296875 0.0296875
9 0.17890625 0.78515625 0.02734375 0.02578125
2 0.3828125 0.82578125 0.0203125 0.02265625
9 0.16953125 0.8140625 0.03203125 0.0296875
22 0.13046875 0.80859375 0.03359375 0.02890625
20 0.98515625 0.1921875 0.02734375 0.02265625
9 0.90078125 0.1953125 0.06875 0.05
20 0.9796875 0.21953125 0.03515625 0.0234375
2 0.9015625 0.2296875 0.01875 0.021875
2 0.8703125 0.22890625 0.01484375 0.01484375
16 0.18828125 0.1390625 0.0296875 0.01328125
16 0.18515625 0.153125 0.02890625 0.0140625
9 0.94453125 0.2921875 0.109375 0.11328125
9 0.2921875 0.17734375 0.16015625 0.121875
16 0.18203125 0.165625 0.02890625 0.0140625
16 0.1796875 0.178125 0.0328125 0.01328125
2 0.84609375 0.328125 0.0125 0.01484375
2 0.8703125 0.33203125 0.0296875 0.03203125
2 0.82890625 0.328125 0.01328125 0.01796875
2 0.359375 0.2484375 0.03203125 0.01484375
9 0.646875 0.32109375 0.171875 0.12578125
9 0.36484375 0.27890625 0.071875 0.02734375
2 0.9515625 0.41796875 0.01484375 0.01640625
9 0.8578125 0.45078125 0.18359375 0.103125
2 0.75390625 0.48984375 0.01328125 0.01875
2 0.909375 0.51953125 0.01875 0.021875
2 0.8421875 0.5375 0.0203125 0.0109375
2 0.80234375 0.53203125 0.021875 0.0125
2 0.87578125 0.54609375 0.01875 0.01328125
9 0.15390625 0.41953125 0.0421875 0.03046875
2 0.92265625 0.56953125 0.01796875 0.02578125
9 0.8375 0.578125 0.06328125 0.03984375
9 0.75 0.5640625 0.0671875 0.0375
9 0.55078125 0.55 0.1390625 0.1484375
9 0.88046875 0.6109375 0.0375 0.02890625
2 0.73828125 0.5875 0.02421875 0.01171875
20 0.8421875 0.6109375 0.03359375 0.02421875
20 0.80625 0.60546875 0.034375 0.0234375
9 0.87421875 0.63828125 0.03515625 0.02890625
9 0.73125 0.62265625 0.06171875 0.03828125
9 0.2796875 0.5671875 0.2984375 0.2265625
2 0.6984375 0.6421875 0.02734375 0.0140625
4 0.49609375 0.0125 0.15703125 0.025
9 0.0234375 0.525 0.04609375 0.05234375
9 0.0765625 0.5453125 0.06484375 0.040625
9 0.7171875 0.6703125 0.06875 0.0390625