2 0.965625 0.58203125 0.0046875 0.015625
16 0.64765625 0.06171875 0.009375 0.00625
2 0.965625 0.59921875 0.0046875 0.0171875
2 0.84140625 0.59765625 0.00625 0.0203125
2 0.55078125 0.05625 0.00703125 0.01953125
16 0.484375 0.5875 0.01328125 0.009375
2 0.9765625 0.6390625 0.01484375 0.009375
16 0.4765625 0.596875 0.00390625 0.01484375
9 0.53203125 0.05703125 0.03046875 0.03046875
20 0.12734375 0.02421875 0.0296875 0.0484375
16 0.484375 0.60234375 0.0125 0.0078125
4 0.72734375 0.62578125 0.06171875 0.40703125
4 0.86640625 0.63984375 0.06328125 0.40234375
4 0.9359375 0.64765625 0.06640625 0.40859375
4 0.65625 0.62109375 0.05703125 0.40390625
4 0.7953125 0.63515625 0.0625 0.41015625
4 0.58671875 0.615625 0.05703125 0.40703125
16 0.646875 0.06796875 0.009375 0.00625
2 0.4265625 0.621875 0.0125 0.00625
2 0.41328125 0.621875 0.0125 0.01015625
2 0.4546875 0.628125 0.01953125 0.0140625
2 0.440625 0.6328125 0.00546875 0.0171875
16 0.4828125 0.6375 0.0109375 0.00625
16 0.43515625 0.63671875 0.00390625 0.01171875
16 0.4296875 0.63828125 0.00546875 0.015625
16 0.47421875 0.64609375 0.00625 0.01640625
16 0.46796875 0.64609375 0.00546875 0.01640625
2 0.40234375 0.640625 0.0046875 0.0171875
16 0.40859375 0.640625 0.00546875 0.0171875
16 0.65703125 0.075 0.00390625 0.0140625
16 0.4703125 0.671875 0.0046875 0.015625
16 0.7609375 0.703125 0.01328125 0.01015625
16 0.4875 0.6796875 0.00546875 0.01640625
16 0.60390625 0.69140625 0.00859375 0.00625
16 0.9015625 0.7203125 0.0109375 0.00703125
16 0.07109375 0.6421875 0.00390625 0.01015625
16 0.06640625 0.6421875 0.00390625 0.01328125
16 0.14453125 0.65 0.0046875 0.01484375
16 0.0578125 0.64140625 0.00546875 0.0140625
2 0.10546875 0.64765625 0.00546875 0.0171875
16 0.09453125 0.64609375 0.00546875 0.01796875
2 0.10078125 0.64609375 0.00546875 0.0171875
16 0.08984375 0.64609375 0.00390625 0.0140625
16 0.084375 0.646875 0.00546875 0.0171875
16 0.9015625 0.72734375 0.01015625 0.00625
2 0.2015625 0.66015625 0.0125 0.00703125
16 0.69296875 0.70859375 0.0125 0.00703125
16 0.62265625 0.70234375 0.01015625 0.00546875
2 0.18828125 0.6609375 0.0125 0.0078125
16 0.60390625 0.70078125 0.00859375 0.009375
16 0.6734375 0.70703125 0.009375 0.00859375
9 0.62109375 0.07421875 0.03671875 0.05234375
16 0.83203125 0.725 0.0109375 0.00625
16 0.48515625 0.696875 0.0046875 0.01640625
16 0.83203125 0.73203125 0.01015625 0.0046875
16 0.0890625 0.6625 0.0046875 0.015625
16 0.09453125 0.6640625 0.00390625 0.0140625
16 0.07734375 0.6625 0.0046875 0.01171875
16 0.0828125 0.6625 0.00390625 0.01328125
20 0.43046875 0.7 0.04375 0.0890625
2 0.16328125 0.67421875 0.00546875 0.0171875
20 0.3890625 0.696875 0.04453125 0.09140625
2 0.17109375 0.6765625 0.0078125 0.02109375
2 0.83125 0.740625 0.0125 0.0078125
16 0.1046875 0.671875 0.00390625 0.01328125
16 0.09921875 0.6734375 0.00390625 0.01484375
2 0.13515625 0.67734375 0.00546875 0.01953125
2 0.13046875 0.67734375 0.00546875 0.0171875
2 0.14140625 0.67890625 0.00703125 0.02109375
9 0.1921875 0.68359375 0.034375 0.03828125
2 0.621875 0.7265625 0.0140625 0.00859375
4 0.9765625 0.7609375 0.03359375 0.2265625
16 0.15078125 0.6890625 0.0125 0.00859375
20 0.334375 0.70859375 0.04375 0.0875
16 0.16328125 0.69296875 0.01171875 0.009375
20 0.29453125 0.70546875 0.04453125 0.0890625
2 0.690625 0.74609375 0.0125 0.00859375
16 0.103125 0.69609375 0.00390625 0.0140625
16 0.1828125 0.70625 0.0140625 0.0078125
2 0.2 0.709375 0.01484375 0.009375
2 0.49921875 0.76015625 0.0125 0.00703125
2 0.89765625 0.79765625 0.01484375 0.00859375
2 0.75859375 0.78671875 0.0125 0.00859375
16 0.4546875 0.7609375 0.0109375 0.00546875
16 0.64609375 0.08359375 0.0109375 0.00625
16 0.45390625 0.7671875 0.01328125 0.0078125
2 0.28046875 0.753125 0.01328125 0.00859375
2 0.45390625 0.77421875 0.01171875 0.00703125
2 0.54140625 0.075 0.0109375 0.00703125
2 0.5296875 0.07421875 0.01171875 0.00859375
16 0.4546875 0.78203125 0.0125 0.00625
16 0.453125 0.7875 0.0125 0.00625
2 0.37265625 0.7796875 0.00859375 0.01875
2 0.51015625 0.7953125 0.01171875 0.00859375
9 0.48046875 0.79609375 0.04375 0.065625
2 0.45390625 0.7953125 0.0125 0.0078125
16 0.4390625 0.79609375 0.0046875 0.0140625
2 0.44453125 0.796875 0.00546875 0.015625
2 0.35625 0.7890625 0.01171875 0.00625
2 0.33046875 0.7875 0.00703125 0.01875
2 0.30625 0.05546875 0.0046875 0.0140625
2 0.45234375 0.8015625 0.0109375 0.00625
2 0.421875 0.8 0.00703125 0.01796875
16 0.028125 0.03046875 0.0109375 0.00859375
2 0.4515625 0.8078125 0.0109375 0.00703125
16 0.35390625 0.8 0.0046875 0.01484375
16 0.359375 0.80078125 0.00546875 0.015625
2 0.29921875 0.05546875 0.0078125 0.01953125
2 0.45234375 0.815625 0.0109375 0.00703125
2 0.50859375 0.8234375 0.0125 0.00703125
9 0.396875 0.8140625 0.04453125 0.06640625
16 0.69921875 0.84453125 0.01328125 0.01015625
2 0.73671875 0.85234375 0.00546875 0.0171875
16 0.353125 0.81640625 0.00546875 0.01640625
2 0.3203125 0.05859375 0.0078125 0.02265625
16 0.35859375 0.81796875 0.00546875 0.015625
2 0.725 0.853125 0.00546875 0.01953125
2 0.73046875 0.85390625 0.00703125 0.01875
2 0.56796875 0.08359375 0.0078125 0.02109375
2 0.2984375 0.8171875 0.0140625 0.0078125
2 0.42109375 0.83359375 0.00546875 0.01953125
2 0.71796875 0.86640625 0.00703125 0.01640625
2 0.6453125 0.09140625 0.0109375 0.00859375
16 0.28671875 0.8265625 0.00546875 0.01328125
16 0.50859375 0.8515625 0.0109375 0.00546875
2 0.725 0.88046875 0.00703125 0.0171875
16 0.7140625 0.8796875 0.0125 0.00625
16 0.27890625 0.84140625 0.00546875 0.01640625
9 0.30390625 0.8453125 0.0296875 0.04765625
16 0.7125 0.88515625 0.01171875 0.00859375
2 0.25546875 0.8546875 0.00625 0.0171875
9 0.96015625 0.92578125 0.02421875 0.02421875
2 0.784375 0.90859375 0.0125 0.01015625
2 0.5125 0.88203125 0.00546875 0.015625
9 0.10078125 0.84375 0.02890625 0.04375
2 0.4734375 0.88359375 0.01328125 0.009375
2 0.48984375 0.88515625 0.009375 0.00546875
2 0.78359375 0.915625 0.0140625 0.0109375
9 0.59375 0.9 0.06796875 0.11953125
2 0.48828125 0.8921875 0.0140625 0.009375
2 0.4734375 0.890625 0.0125 0.00703125
2 0.25 0.05859375 0.00546875 0.0171875
16 0.95234375 0.940625 0.0125 0.0078125
2 0.78359375 0.92421875 0.015625 0.0109375
16 0.9640625 0.94296875 0.0109375 0.0078125
9 0.8109375 0.9296875 0.0390625 0.05546875
16 0.04375 0.03984375 0.0125 0.009375
2 0.259375 0.06015625 0.00625 0.01640625
2 0.4734375 0.89921875 0.0125 0.009375
2 0.215625 0.05703125 0.00703125 0.01953125
2 0.22890625 0.0578125 0.0078125 0.01796875
2 0.78359375 0.93515625 0.0140625 0.01015625
2 0.22265625 0.0578125 0.0078125 0.01796875
2 0.271875 0.06328125 0.00625 0.01796875
2 0.284375 0.0640625 0.0046875 0.015625
2 0.29140625 0.065625 0.0078125 0.01875
2 0.2421875 0.0609375 0.00703125 0.01796875
16 0.6453125 0.09921875 0.0125 0.0078125
2 0.78359375 0.94609375 0.01640625 0.01171875
2 0.403125 0.0765625 0.00703125 0.01640625
2 0.47265625 0.925 0.0140625 0.009375
2 0.78203125 0.95546875 0.0140625 0.009375
2 0.8109375 0.9640625 0.0125 0.009375
2 0.471875 0.9328125 0.0140625 0.0078125
2 0.796875 0.965625 0.00546875 0.01484375
2 0.8265625 0.96796875 0.00546875 0.01484375
2 0.7921875 0.965625 0.00703125 0.0171875
2 0.80234375 0.96640625 0.00546875 0.01640625
2 0.821875 0.96875 0.00703125 0.01796875
16 0.8328125 0.9703125 0.0046875 0.0171875
2 0.47109375 0.93984375 0.0140625 0.0078125
2 0.8078125 0.97578125 0.00703125 0.01796875
2 0.784375 0.97421875 0.00859375 0.02265625
2 0.8140625 0.9765625 0.0078125 0.01796875
2 0.47109375 0.9484375 0.0140625 0.009375
16 0.82421875 0.9828125 0.0109375 0.00859375
2 0.79765625 0.98046875 0.0125 0.00703125
2 0.38984375 0.078125 0.00546875 0.0140625
2 0.3390625 0.07421875 0.00546875 0.0171875
2 0.34765625 0.07578125 0.00546875 0.0171875
2 0.3796875 0.078125 0.00703125 0.0171875
2 0.44921875 0.08515625 0.00546875 0.01796875
16 0.43359375 0.084375 0.0109375 0.00625
2 0.36953125 0.07890625 0.00859375 0.0171875
2 0.35703125 0.07890625 0.00703125 0.0171875
2 0.13828125 0.0578125 0.0078125 0.01796875
16 0.42109375 0.084375 0.0109375 0.00703125
16 0.64609375 0.10703125 0.0125 0.0078125
2 0.12578125 0.0578125 0.00625 0.01953125
2 0.1109375 0.0578125 0.00546875 0.0171875
2 0.11796875 0.05859375 0.0046875 0.0171875
16 0.6859375 0.115625 0.00703125 0.01640625
16 0.4328125 0.0921875 0.0109375 0.0078125
2 0.6046875 0.10859375 0.0078125 0.01796875
2 0.61875 0.11015625 0.0078125 0.01953125
2 0.10234375 0.06171875 0.0078125 0.0140625
2 0.61171875 0.11015625 0.00546875 0.01796875
2 0.0765625 0.05859375 0.00546875 0.0171875
2 0.63359375 0.1125 0.0078125 0.01875
2 0.06953125 0.059375 0.00625 0.0171875
2 0.09375 0.0609375 0.00546875 0.01875
16 0.67265625 0.1171875 0.00703125 0.01640625
2 0.084375 0.06171875 0.00703125 0.0171875
16 0.6765625 0.11875 0.00625 0.01484375
2 0.05234375 0.059375 0.01796875 0.0125
16 0.24453125 0.07734375 0.00546875 0.015625
16 0.25 0.078125 0.00390625 0.01328125
16 0.165625 0.0796875 0.00546875 0.01640625
16 0.13984375 0.07734375 0.00546875 0.01484375
16 0.16875 0.08125 0.00390625 0.01328125
16 0.309375 0.0953125 0.00546875 0.015625
16 0.3140625 0.09765625 0.00546875 0.01640625
16 0.665625 0.134375 0.00625 0.01640625
16 0.67109375 0.13515625 0.00703125 0.0140625
16 0.67734375 0.1359375 0.0046875 0.015625
16 0.696875 0.13828125 0.00703125 0.0171875
16 0.10390625 0.08203125 0.00546875 0.0171875
16 0.0984375 0.08203125 0.00546875 0.01640625
16 0.9796875 0.171875 0.0109375 0.00859375
2 0.97890625 0.17890625 0.0109375 0.00546875
2 0.790625 0.1609375 0.0109375 0.00703125
2 0.80390625 0.1625 0.0125 0.01015625
16 0.978125 0.1875 0.0125 0.009375
2 0.72578125 0.16328125 0.00625 0.01796875
2 0.72109375 0.16328125 0.0046875 0.0171875
16 0.715625 0.16328125 0.00546875 0.015625
16 0.97734375 0.19296875 0.01171875 0.0078125
2 0.978125 0.19921875 0.0125 0.00703125
16 0.72109375 0.18046875 0.00546875 0.0171875
16 0.7265625 0.18203125 0.00390625 0.01484375
2 0.97734375 0.20703125 0.0109375 0.0078125
2 0.78984375 0.19453125 0.0109375 0.0078125
2 0.9765625 0.2140625 0.0125 0.00859375
16 0.80390625 0.19921875 0.01171875 0.0078125
16 0.78984375 0.20078125 0.0109375 0.00625
4 0.8609375 0.20859375 0.0515625 0.271875
4 0.92578125 0.2171875 0.046875 0.2765625
16 0.803125 0.2078125 0.0109375 0.00703125
16 0.78984375 0.2078125 0.01015625 0.0078125
16 0.80078125 0.215625 0.01171875 0.0078125
2 0.99296875 0.23515625 0.0125 0.009375
16 0.80078125 0.22421875 0.009375 0.0078125
16 0.99375 0.24375 0.0109375 0.00703125
2 0.9890625 0.25625 0.00625 0.01875
2 0.99609375 0.259375 0.00546875 0.0171875
16 0.78515625 0.2515625 0.0109375 0.0078125
16 0.7984375 0.253125 0.01015625 0.00703125
16 0.81171875 0.275 0.0140625 0.01015625
16 0.790625 0.28046875 0.0125 0.00703125
2 0.81171875 0.28359375 0.0125 0.00859375
16 0.78984375 0.28671875 0.01171875 0.0078125
16 0.440625 0.25390625 0.00390625 0.01171875
16 0.44453125 0.2546875 0.00546875 0.01484375
2 0.14609375 0.2265625 0.00546875 0.0171875
16 0.34765625 0.2453125 0.00546875 0.01484375
16 0.46796875 0.25703125 0.00546875 0.015625
16 0.43046875 0.25390625 0.00390625 0.0140625
16 0.43515625 0.2546875 0.00390625 0.0140625
16 0.31015625 0.24296875 0.00390625 0.01328125
16 0.396875 0.25078125 0.0046875 0.01484375
16 0.44921875 0.25625 0.00390625 0.01640625
16 0.3921875 0.2515625 0.00390625 0.0171875
16 0.31484375 0.24375 0.00546875 0.01640625
16 0.353125 0.24765625 0.00625 0.01640625
16 0.4734375 0.259375 0.00703125 0.01796875
16 0.1734375 0.23203125 0.0046875 0.015625
16 0.17890625 0.2328125 0.0046875 0.015625
16 0.21171875 0.23671875 0.00546875 0.01328125
16 0.21640625 0.23671875 0.00546875 0.01640625
2 0.05859375 0.23359375 0.015625 0.00703125
16 0.959375 0.32265625 0.009375 0.00546875
2 0.59609375 0.28828125 0.0125 0.00703125
16 0.05703125 0.24296875 0.01171875 0.0078125
2 0.63046875 0.29765625 0.0125 0.00703125
16 0.959375 0.33046875 0.0109375 0.0078125
2 0.04296875 0.24296875 0.0109375 0.00703125
2 0.6 0.29765625 0.01171875 0.009375
16 0.065625 0.246875 0.00546875 0.01484375
2 0.58359375 0.29765625 0.01171875 0.01015625
2 0.6140625 0.30078125 0.01015625 0.00546875
2 0.6671875 0.30546875 0.0140625 0.00859375
2 0.63984375 0.30703125 0.01171875 0.00703125
2 0.05703125 0.25078125 0.01015625 0.00703125
2 0.04296875 0.25 0.009375 0.00546875
2 0.959375 0.3375 0.0125 0.00859375
16 0.62734375 0.30703125 0.0109375 0.00703125
2 0.63984375 0.3125 0.0125 0.0078125
16 0.02578125 0.25546875 0.00546875 0.01640625
16 0.6265625 0.3140625 0.01015625 0.00546875
16 0.95859375 0.3453125 0.0109375 0.00625
16 0.021875 0.25703125 0.00546875 0.015625
16 0.03125 0.2578125 0.00546875 0.01640625
2 0.5671875 0.309375 0.01171875 0.00703125
16 0.62578125 0.31953125 0.01171875 0.00703125
16 0.95859375 0.3515625 0.01171875 0.009375
2 0.6390625 0.32109375 0.0125 0.01015625
16 0.56640625 0.3171875 0.0109375 0.00703125
2 0.62578125 0.32734375 0.01015625 0.00703125
2 0.6953125 0.334375 0.0125 0.00859375
16 0.56640625 0.32421875 0.0109375 0.00625
16 0.72890625 0.33984375 0.00546875 0.01640625
16 0.7515625 0.3421875 0.00546875 0.01640625
2 0.71484375 0.33828125 0.00625 0.01640625
16 0.6859375 0.33671875 0.00546875 0.015625
16 0.7390625 0.34140625 0.00546875 0.015625
16 0.7453125 0.34296875 0.0046875 0.015625
2 0.75859375 0.34453125 0.00625 0.0171875
2 0.7640625 0.34609375 0.00546875 0.0171875
2 0.9578125 0.3671875 0.01328125 0.0203125
16 0.56484375 0.33125 0.01015625 0.00703125
2 0.565625 0.3375 0.0125 0.00625
2 0.653125 0.34765625 0.01328125 0.00859375
16 0.72421875 0.35390625 0.0125 0.0078125
9 0.5953125 0.34140625 0.04453125 0.07890625
2 0.50625 0.33515625 0.0171875 0.01015625
2 0.13046875 0.3 0.01328125 0.0078125
16 0.6109375 0.0375 0.00546875 0.015625
2 0.6171875 0.03828125 0.00703125 0.01796875
16 0.68515625 0.3546875 0.00546875 0.0171875
16 0.75859375 0.36171875 0.00546875 0.0171875
16 0.74453125 0.36171875 0.0046875 0.01484375
16 0.75078125 0.36171875 0.00625 0.01640625
16 0.73828125 0.3609375 0.00546875 0.0171875
2 0.67890625 0.35546875 0.00703125 0.0171875
2 0.76796875 0.3640625 0.00546875 0.015625
16 0.565625 0.3453125 0.0109375 0.00625
16 0.6234375 0.353125 0.0109375 0.00625
16 0.63671875 0.3546875 0.0109375 0.0078125
9 0.05703125 0.3015625 0.0484375 0.09140625
2 0.49921875 0.34375 0.0140625 0.00859375
16 0.56484375 0.3515625 0.0109375 0.0078125
2 0.64921875 0.3625 0.0109375 0.00703125
16 0.62265625 0.36015625 0.01015625 0.00625
16 0.6359375 0.36328125 0.0109375 0.0078125
2 0.4984375 0.35 0.01328125 0.00859375
16 0.56484375 0.359375 0.009375 0.00546875
16 0.62265625 0.36640625 0.0109375 0.00703125
2 0.64765625 0.36953125 0.01171875 0.0078125
16 0.6359375 0.36953125 0.0109375 0.0078125
16 0.5640625 0.365625 0.009375 0.0078125
16 0.63515625 0.37578125 0.01171875 0.009375
16 0.3703125 0.35 0.00546875 0.015625
2 0.62265625 0.37421875 0.0125 0.00859375
2 0.6484375 0.3765625 0.0125 0.00859375
2 0.36015625 0.3515625 0.00625 0.01796875
16 0.01484375 0.31875 0.00625 0.015625
16 0.5640625 0.37265625 0.009375 0.00625
16 0.765625 0.0546875 0.00390625 0.01484375
16 0.76171875 0.05546875 0.00546875 0.01796875
2 0.24296875 0.346875 0.0140625 0.009375
2 0.62265625 0.38359375 0.0125 0.009375
16 0.56328125 0.37890625 0.009375 0.00390625
16 0.77109375 0.05703125 0.00546875 0.015625
16 0.571875 0.38671875 0.00546875 0.01640625
16 0.4890625 0.37890625 0.01171875 0.0078125
2 0.6515625 0.3953125 0.01171875 0.00703125
16 0.56328125 0.3859375 0.01015625 0.0046875
16 0.50078125 0.38125 0.0109375 0.00546875
2 0.86953125 0.41640625 0.0140625 0.009375
16 0.2578125 0.3640625 0.01171875 0.00859375
16 0.2453125 0.3625 0.01171875 0.00703125
16 0.56171875 0.39296875 0.009375 0.0046875
16 0.11640625 0.3515625 0.01171875 0.0078125
2 0.81640625 0.41796875 0.01328125 0.00859375
2 0.62890625 0.4 0.00546875 0.01640625
2 0.62265625 0.4 0.00546875 0.01640625
16 0.63984375 0.0453125 0.01171875 0.00703125
2 0.6015625 0.04296875 0.0125 0.00859375
2 0.6171875 0.40234375 0.00625 0.01953125
16 0.48046875 0.39140625 0.00703125 0.01796875
16 0.56796875 0.40078125 0.01015625 0.00546875
16 0.553125 0.39921875 0.0046875 0.015625
16 0.26015625 0.371875 0.01328125 0.009375
16 0.021875 0.35078125 0.00390625 0.01484375
16 0.01640625 0.35 0.0046875 0.01328125
2 0.475 0.3984375 0.0078125 0.01640625
2 0.27734375 0.38203125 0.0125 0.0078125
16 0.5578125 0.41171875 0.00546875 0.01640625
2 0.565625 0.41328125 0.00703125 0.01640625
2 0.57109375 0.415625 0.0046875 0.015625
2 0.8484375 0.44296875 0.00546875 0.0171875
16 0.278125 0.3890625 0.0125 0.009375
16 0.49765625 0.41015625 0.01171875 0.0078125
2 0.42265625 0.4078125 0.0125 0.00703125
2 0.75703125 0.44375 0.00546875 0.01640625
16 0.42265625 0.4171875 0.01015625 0.00703125
2 0.9890625 0.4765625 0.00546875 0.0171875
20 0.97890625 0.4765625 0.0140625 0.02265625
2 0.56015625 0.44296875 0.0140625 0.01015625
2 0.50078125 0.4484375 0.00625 0.0171875
2 0.55859375 0.459375 0.01328125 0.009375
2 0.596875 0.04765625 0.0125 0.0078125
16 0.44453125 0.45625 0.01015625 0.00625
20 0.1703125 0.0140625 0.04609375 0.028125
16 0.46015625 0.4640625 0.009375 0.00546875
2 0.4484375 0.46484375 0.0125 0.00625
16 0.64765625 0.05390625 0.01171875 0.0078125
2 0.56796875 0.478125 0.00703125 0.01796875
2 0.23515625 0.4484375 0.00703125 0.0171875
2 0.446875 0.47109375 0.0125 0.01015625
16 0.46015625 0.47265625 0.0109375 0.0078125
2 0.6375 0.490625 0.00703125 0.0171875
16 0.43359375 0.471875 0.01171875 0.0078125
4 0.5234375 0.48671875 0.06171875 0.46640625
2 0.5 0.484375 0.00546875 0.01796875
2 0.98671875 0.5390625 0.00546875 0.015625
2 0.98203125 0.55390625 0.0125 0.009375
16 0.2671875 0.48984375 0.0125 0.0078125
2 0.24140625 0.4875 0.0125 0.00859375
2 0.96640625 0.56328125 0.00546875 0.0171875
20 0.26171875 0.02265625 0.04609375 0.0390625
2 0.49296875 0.52265625 0.01640625 0.01015625
20 0.30546875 0.02734375 0.0453125 0.04140625