2 0.96796875 0.5109375 0.00390625 0.01484375
16 0.6296875 0.03046875 0.009375 0.00546875
2 0.96875 0.52734375 0.00390625 0.01640625
2 0.84765625 0.5375 0.0046875 0.01953125
2 0.534375 0.03359375 0.00625 0.01875
16 0.496875 0.56171875 0.0125 0.0078125
2 0.98125 0.565625 0.0140625 0.0078125
16 0.48828125 0.57109375 0.00390625 0.01484375
9 0.51640625 0.0359375 0.02890625 0.0265625
20 0.11796875 0.0359375 0.0265625 0.05859375
16 0.496875 0.57578125 0.01171875 0.00625
4 0.73671875 0.57578125 0.040625 0.39765625
4 0.8734375 0.5765625 0.0421875 0.3921875
4 0.9421875 0.57734375 0.0453125 0.3984375
4 0.66640625 0.578125 0.0359375 0.39453125
4 0.80390625 0.578125 0.04140625 0.40078125
4 0.59765625 0.5796875 0.0359375 0.39765625
16 0.62890625 0.03671875 0.00859375 0.00546875
2 0.44140625 0.60078125 0.0125 0.0046875
2 0.42734375 0.6015625 0.01171875 0.00859375
2 0.46875 0.6046875 0.01875 0.01171875
2 0.45546875 0.61015625 0.00390625 0.015625
16 0.496875 0.61015625 0.0109375 0.00546875
16 0.45 0.61484375 0.00390625 0.01171875
16 0.4453125 0.61640625 0.0046875 0.01484375
16 0.4890625 0.61953125 0.0046875 0.01484375
16 0.48203125 0.61953125 0.00390625 0.01484375
2 0.41875 0.62109375 0.00390625 0.0171875
16 0.42421875 0.62109375 0.00390625 0.015625
16 0.63984375 0.0421875 0.00390625 0.0140625
16 0.48671875 0.64453125 0.00390625 0.01484375
16 0.77421875 0.64921875 0.0125 0.00859375
16 0.50390625 0.65078125 0.00390625 0.01484375
16 0.61875 0.6515625 0.0078125 0.00546875
16 0.9125 0.65234375 0.0109375 0.00625
16 0.09375 0.65390625 0.00390625 0.009375
16 0.08828125 0.6546875 0.00390625 0.01328125
16 0.165625 0.65390625 0.00390625 0.0140625
16 0.0796875 0.6546875 0.0046875 0.01328125
2 0.12734375 0.6546875 0.0046875 0.01640625
16 0.11640625 0.65546875 0.0046875 0.0171875
2 0.121875 0.65546875 0.00390625 0.015625
16 0.11171875 0.65546875 0.00390625 0.0140625
16 0.10625 0.65703125 0.00390625 0.0171875
16 0.9125 0.659375 0.009375 0.00546875
2 0.221875 0.659375 0.01171875 0.00546875
16 0.70703125 0.66015625 0.01171875 0.00546875
16 0.6375 0.6609375 0.01015625 0.0046875
2 0.209375 0.6609375 0.01171875 0.00625
16 0.61875 0.66015625 0.0078125 0.00859375
16 0.68828125 0.6609375 0.00859375 0.0078125
9 0.6046875 0.04375 0.03359375 0.0484375
16 0.84453125 0.66328125 0.01015625 0.00546875
16 0.50234375 0.66875 0.00390625 0.015625
16 0.84453125 0.6703125 0.01015625 0.00390625
16 0.11171875 0.671875 0.00390625 0.01484375
16 0.1171875 0.671875 0.00390625 0.0140625
16 0.1 0.671875 0.00390625 0.0109375
16 0.10546875 0.6734375 0.00390625 0.01328125
20 0.44921875 0.6765625 0.0390625 0.084375
2 0.18515625 0.6765625 0.00390625 0.015625
20 0.4078125 0.67734375 0.0390625 0.0859375
2 0.19296875 0.678125 0.00625 0.0203125
2 0.84453125 0.67890625 0.01171875 0.00625
16 0.12734375 0.68046875 0.003125 0.01328125
16 0.121875 0.68125 0.003125 0.01484375
2 0.1578125 0.68203125 0.0046875 0.01875
2 0.15234375 0.6828125 0.00390625 0.0171875
2 0.1640625 0.68359375 0.00625 0.0203125
9 0.2140625 0.68359375 0.03203125 0.03515625
2 0.6375 0.684375 0.01328125 0.00703125
4 0.98828125 0.68515625 0.0234375 0.22109375
16 0.1734375 0.6921875 0.01171875 0.00703125
20 0.3546875 0.69375 0.0390625 0.0828125
16 0.1859375 0.69453125 0.0109375 0.0078125
20 0.315625 0.69453125 0.03984375 0.084375
2 0.70625 0.696875 0.01171875 0.00703125
16 0.128125 0.703125 0.00390625 0.0140625
16 0.20625 0.70625 0.01328125 0.00625
2 0.22265625 0.70703125 0.0140625 0.0078125
2 0.51953125 0.72890625 0.0125 0.00546875
2 0.91171875 0.72890625 0.0140625 0.00703125
2 0.775 0.73046875 0.01171875 0.00703125
16 0.47578125 0.734375 0.0109375 0.0046875
16 0.6296875 0.05234375 0.0109375 0.0046875
16 0.47578125 0.740625 0.0125 0.00625
2 0.3046875 0.74296875 0.0125 0.00703125
2 0.475 0.746875 0.0109375 0.00546875
2 0.5265625 0.053125 0.01015625 0.00625
2 0.51484375 0.053125 0.0109375 0.00703125
16 0.4765625 0.7546875 0.0125 0.0046875
16 0.47578125 0.7609375 0.01171875 0.0046875
2 0.39609375 0.76015625 0.0078125 0.01796875
2 0.53203125 0.7625 0.0109375 0.00703125
9 0.503125 0.76640625 0.03984375 0.0609375
2 0.4765625 0.76796875 0.01171875 0.00625
16 0.4625 0.7703125 0.00390625 0.01328125
2 0.4671875 0.7703125 0.0046875 0.01484375
2 0.38046875 0.77109375 0.01171875 0.0046875
2 0.3546875 0.77109375 0.00625 0.01796875
2 0.29453125 0.05625 0.00390625 0.01328125
2 0.475 0.77421875 0.01015625 0.00546875
2 0.4453125 0.775 0.00546875 0.0171875
16 0.01953125 0.05625 0.0125 0.00703125
2 0.475 0.78046875 0.0109375 0.00625
16 0.37890625 0.78203125 0.00390625 0.0140625
16 0.384375 0.7828125 0.0046875 0.01484375
2 0.28828125 0.05703125 0.00625 0.01875
2 0.47578125 0.78828125 0.0109375 0.00625
2 0.53203125 0.78984375 0.01171875 0.00546875
9 0.421875 0.79140625 0.040625 0.06171875
16 0.7203125 0.79296875 0.0125 0.00859375
2 0.75703125 0.79765625 0.0046875 0.01640625
16 0.37890625 0.79765625 0.00390625 0.01484375
2 0.30859375 0.0578125 0.00703125 0.02109375
16 0.384375 0.79921875 0.0046875 0.01484375
2 0.7453125 0.79921875 0.0046875 0.01875
2 0.75078125 0.79921875 0.00546875 0.01796875
2 0.55234375 0.05859375 0.00703125 0.0203125
2 0.325 0.8046875 0.01328125 0.00625
2 0.44609375 0.8078125 0.0046875 0.01875
2 0.73984375 0.8125 0.00546875 0.01484375
2 0.62890625 0.059375 0.01015625 0.0078125
16 0.3140625 0.8140625 0.0046875 0.0125
16 0.53359375 0.81796875 0.0109375 0.0046875
2 0.746875 0.82578125 0.00546875 0.015625
16 0.73671875 0.8265625 0.01171875 0.0046875
16 0.30703125 0.82890625 0.0046875 0.01484375
9 0.33203125 0.83046875 0.02734375 0.04375
16 0.73515625 0.83125 0.0109375 0.00703125
2 0.284375 0.84453125 0.0046875 0.015625
9 0.98046875 0.84765625 0.02265625 0.021875
2 0.80625 0.8484375 0.01171875 0.00859375
2 0.53828125 0.8484375 0.0046875 0.01484375
9 0.1328125 0.84921875 0.0265625 0.040625
2 0.5 0.853125 0.0125 0.0078125
2 0.5171875 0.853125 0.009375 0.0046875
2 0.80703125 0.85546875 0.01328125 0.009375
9 0.61953125 0.8578125 0.06171875 0.1125
2 0.51484375 0.86015625 0.01328125 0.0078125
2 0.50078125 0.859375 0.01171875 0.00546875
2 0.2390625 0.0640625 0.0046875 0.01640625
16 0.97265625 0.8640625 0.01171875 0.00625
2 0.80703125 0.86328125 0.01484375 0.009375
16 0.98515625 0.86484375 0.0109375 0.00703125
9 0.834375 0.865625 0.0359375 0.05078125
16 0.03671875 0.06484375 0.01171875 0.0078125
2 0.2484375 0.06484375 0.0046875 0.01484375
2 0.50078125 0.86796875 0.01171875 0.0078125
2 0.20546875 0.065625 0.00546875 0.01875
2 0.21875 0.065625 0.00625 0.0171875
2 0.80703125 0.87421875 0.01328125 0.00859375
2 0.21328125 0.06640625 0.00625 0.0171875
2 0.2609375 0.06640625 0.0046875 0.0171875
2 0.2734375 0.06640625 0.00390625 0.01484375
2 0.28046875 0.0671875 0.00625 0.01796875
2 0.23203125 0.0671875 0.00625 0.0171875
16 0.62890625 0.0671875 0.01171875 0.00625
2 0.8078125 0.88515625 0.015625 0.01015625
2 0.390625 0.0671875 0.00546875 0.01484375
2 0.5015625 0.89375 0.01328125 0.0078125
2 0.80703125 0.89453125 0.01328125 0.0078125
2 0.83515625 0.9 0.01171875 0.0078125
2 0.50078125 0.9015625 0.01328125 0.00625
2 0.821875 0.90234375 0.0046875 0.0140625
2 0.8515625 0.90234375 0.0046875 0.0140625
2 0.8171875 0.903125 0.00625 0.01640625
2 0.8265625 0.903125 0.0046875 0.01484375
2 0.84609375 0.903125 0.00625 0.0171875
16 0.85703125 0.90390625 0.00390625 0.0171875
2 0.50078125 0.90859375 0.01328125 0.00625
2 0.83359375 0.91171875 0.00546875 0.0171875
2 0.809375 0.9125 0.0078125 0.02109375
2 0.83984375 0.9125 0.00625 0.0171875
2 0.50078125 0.9171875 0.01328125 0.0078125
16 0.84921875 0.91796875 0.0109375 0.0078125
2 0.8234375 0.9171875 0.01171875 0.00546875
2 0.378125 0.0703125 0.0046875 0.01328125
2 0.32734375 0.07109375 0.00390625 0.015625
2 0.33671875 0.071875 0.0046875 0.015625
2 0.36796875 0.071875 0.00546875 0.015625
2 0.43671875 0.071875 0.0046875 0.0171875
16 0.42109375 0.07265625 0.0109375 0.0046875
2 0.3578125 0.07265625 0.0078125 0.01640625
2 0.3453125 0.0734375 0.00546875 0.01640625
2 0.13046875 0.07421875 0.00625 0.0171875
16 0.40859375 0.07421875 0.01015625 0.00625
16 0.6296875 0.075 0.01171875 0.00625
2 0.1171875 0.07578125 0.0046875 0.01875
2 0.103125 0.0765625 0.00390625 0.015625
2 0.11015625 0.0765625 0.00390625 0.0171875
16 0.6703125 0.07890625 0.00546875 0.01484375
16 0.42109375 0.0796875 0.01015625 0.00703125
2 0.58984375 0.08046875 0.00703125 0.0171875
2 0.60390625 0.08046875 0.00625 0.01875
2 0.09453125 0.08125 0.00703125 0.01328125
2 0.59765625 0.08125 0.0046875 0.0171875
2 0.06953125 0.08125 0.0046875 0.015625
2 0.61953125 0.08046875 0.00625 0.01796875
2 0.06171875 0.08125 0.0046875 0.01640625
2 0.08671875 0.08125 0.0046875 0.01796875
16 0.65703125 0.08203125 0.00546875 0.01484375
2 0.0765625 0.0828125 0.00625 0.01640625
16 0.66171875 0.08359375 0.00546875 0.0140625
2 0.04453125 0.08359375 0.0171875 0.0109375
16 0.23515625 0.08359375 0.0046875 0.01484375
16 0.23984375 0.08359375 0.003125 0.01328125
16 0.15703125 0.0921875 0.00390625 0.01484375
16 0.1328125 0.09296875 0.0046875 0.0140625
16 0.16171875 0.09375 0.00390625 0.01328125
16 0.29921875 0.09453125 0.0046875 0.01484375
16 0.30390625 0.09609375 0.0046875 0.01484375
16 0.6515625 0.09921875 0.0046875 0.01484375
16 0.65703125 0.1 0.00625 0.01328125
16 0.6625 0.1 0.00390625 0.01484375
16 0.68203125 0.10078125 0.00546875 0.015625
16 0.09765625 0.10078125 0.00390625 0.01640625
16 0.0921875 0.1015625 0.0046875 0.01484375
16 0.96171875 0.10703125 0.0109375 0.0078125
2 0.9609375 0.1140625 0.0109375 0.0046875
2 0.775 0.1140625 0.01015625 0.00625
2 0.78828125 0.1140625 0.01171875 0.00859375
16 0.9609375 0.121875 0.01171875 0.0078125
2 0.71171875 0.121875 0.0046875 0.0171875
2 0.70703125 0.12265625 0.00390625 0.01640625
16 0.7015625 0.1234375 0.0046875 0.01484375
16 0.96015625 0.128125 0.0109375 0.00625
2 0.9609375 0.13359375 0.01171875 0.00546875
16 0.7078125 0.13984375 0.0046875 0.015625
16 0.71328125 0.140625 0.003125 0.01484375
2 0.9609375 0.14140625 0.0109375 0.00703125
2 0.7765625 0.146875 0.0109375 0.00703125
2 0.96015625 0.1484375 0.01171875 0.00703125
16 0.78984375 0.15078125 0.0109375 0.00625
16 0.77734375 0.153125 0.0109375 0.00546875
4 0.846875 0.15390625 0.03671875 0.26484375
4 0.9109375 0.15703125 0.03203125 0.26953125
16 0.78984375 0.159375 0.0109375 0.00625
16 0.77734375 0.16015625 0.009375 0.00703125
16 0.7875 0.16640625 0.0109375 0.00625
2 0.978125 0.1671875 0.01171875 0.00703125
16 0.78828125 0.175 0.009375 0.00703125
16 0.978125 0.17578125 0.01015625 0.00625
2 0.975 0.1890625 0.0046875 0.01796875
2 0.98203125 0.19140625 0.0046875 0.015625
16 0.77421875 0.203125 0.0109375 0.00703125
16 0.7875 0.20390625 0.009375 0.00625
16 0.8015625 0.22421875 0.01328125 0.00859375
16 0.78203125 0.23125 0.01171875 0.00546875
2 0.8015625 0.23203125 0.01171875 0.00703125
16 0.78046875 0.23828125 0.0109375 0.00625
16 0.4359375 0.23828125 0.00390625 0.01171875
16 0.440625 0.23828125 0.0046875 0.0140625
2 0.14609375 0.23828125 0.0046875 0.015625
16 0.3453125 0.23828125 0.0046875 0.0140625
16 0.4640625 0.23828125 0.0046875 0.01484375
16 0.4265625 0.2390625 0.003125 0.0140625
16 0.43203125 0.2390625 0.00390625 0.0140625
16 0.3078125 0.2390625 0.00390625 0.01328125
16 0.39296875 0.2390625 0.00390625 0.0140625
16 0.4453125 0.2390625 0.00234375 0.015625
16 0.3890625 0.23984375 0.00234375 0.01640625
16 0.3125 0.23984375 0.0046875 0.01484375
16 0.35 0.23984375 0.0046875 0.01484375
16 0.46875 0.23984375 0.00546875 0.0171875
16 0.17265625 0.24140625 0.00390625 0.01484375
16 0.178125 0.2421875 0.00390625 0.01484375
16 0.21171875 0.24140625 0.0046875 0.0125
16 0.215625 0.2421875 0.00390625 0.01484375
2 0.06015625 0.25390625 0.01484375 0.00546875
16 0.94921875 0.25703125 0.009375 0.0046875
2 0.590625 0.25703125 0.0125 0.00546875
16 0.059375 0.2625 0.0109375 0.00625
2 0.625 0.26328125 0.01171875 0.00546875
16 0.94921875 0.2640625 0.01015625 0.00703125
2 0.04609375 0.26484375 0.01015625 0.00625
2 0.59453125 0.265625 0.0109375 0.0078125
16 0.06796875 0.265625 0.0046875 0.0140625
2 0.57890625 0.2671875 0.0109375 0.00859375
2 0.60859375 0.2671875 0.01015625 0.0046875
2 0.6609375 0.2671875 0.01328125 0.00703125
2 0.634375 0.2703125 0.0109375 0.00546875
2 0.059375 0.27109375 0.009375 0.00625
2 0.046875 0.271875 0.009375 0.0046875
2 0.94921875 0.27109375 0.01171875 0.00703125
16 0.621875 0.27265625 0.01015625 0.00625
2 0.63515625 0.27734375 0.01171875 0.00625
16 0.0296875 0.278125 0.00390625 0.01484375
16 0.621875 0.27890625 0.01015625 0.0046875
16 0.94921875 0.27890625 0.0109375 0.00546875
16 0.02578125 0.28046875 0.0046875 0.01484375
16 0.03515625 0.28046875 0.00390625 0.01484375
2 0.56328125 0.28046875 0.0109375 0.00546875
16 0.62109375 0.284375 0.0109375 0.00546875
16 0.94921875 0.28515625 0.0109375 0.0078125
2 0.63515625 0.28515625 0.01171875 0.00859375
16 0.56328125 0.28828125 0.0109375 0.00625
2 0.621875 0.29296875 0.009375 0.00625
2 0.68984375 0.29296875 0.01171875 0.00703125
16 0.56328125 0.29453125 0.0109375 0.00546875
16 0.7234375 0.2953125 0.00390625 0.01484375
16 0.74609375 0.2953125 0.0046875 0.01484375
2 0.709375 0.2953125 0.0046875 0.01484375
16 0.68125 0.296875 0.0046875 0.01484375
16 0.73359375 0.296875 0.0046875 0.01484375
16 0.7390625 0.296875 0.00390625 0.01484375
2 0.753125 0.296875 0.0046875 0.01640625
2 0.75859375 0.29765625 0.00390625 0.015625
2 0.94921875 0.30078125 0.01171875 0.01875
16 0.5625 0.30234375 0.009375 0.00625
2 0.56328125 0.30859375 0.01171875 0.0046875
2 0.65 0.309375 0.0125 0.00703125
16 0.71953125 0.309375 0.01171875 0.00625
9 0.5921875 0.309375 0.040625 0.07421875
2 0.5046875 0.31171875 0.01640625 0.00859375
2 0.13515625 0.3125 0.0125 0.00625
16 0.59296875 0.01015625 0.0046875 0.01484375
2 0.59921875 0.01015625 0.00546875 0.0171875
16 0.68203125 0.3140625 0.0046875 0.01640625
16 0.75390625 0.3140625 0.00390625 0.015625
16 0.73984375 0.31484375 0.00390625 0.0140625
16 0.74609375 0.31484375 0.0046875 0.01484375
16 0.73359375 0.31484375 0.00390625 0.01640625
2 0.67578125 0.31484375 0.00546875 0.01640625
2 0.7625 0.315625 0.0046875 0.01484375
16 0.56328125 0.31640625 0.01015625 0.00546875
16 0.62109375 0.31796875 0.0109375 0.00546875
16 0.63359375 0.31796875 0.01015625 0.00703125
9 0.0625 0.3203125 0.04296875 0.0859375
2 0.4984375 0.3203125 0.01328125 0.00703125
16 0.56328125 0.321875 0.01015625 0.00703125
2 0.64609375 0.32578125 0.0109375 0.00625
16 0.6203125 0.325 0.009375 0.00546875
16 0.63359375 0.3265625 0.0109375 0.00703125
2 0.4984375 0.3265625 0.0125 0.00703125
16 0.56328125 0.3296875 0.009375 0.0046875
16 0.6203125 0.33125 0.01015625 0.00625
2 0.6453125 0.33203125 0.0109375 0.00625
16 0.63359375 0.3328125 0.0109375 0.00703125
16 0.56328125 0.3359375 0.009375 0.00703125
16 0.63359375 0.3390625 0.0109375 0.0078125
16 0.371875 0.3390625 0.0046875 0.01484375
2 0.62109375 0.3390625 0.01171875 0.00703125
2 0.64609375 0.3390625 0.01171875 0.00703125
2 0.3625 0.34140625 0.0046875 0.0171875
16 0.021875 0.34140625 0.00546875 0.01484375
16 0.56328125 0.34296875 0.009375 0.00546875
16 0.7453125 0.0125 0.003125 0.01484375
16 0.74140625 0.01328125 0.00390625 0.01796875
2 0.246875 0.3484375 0.01328125 0.0078125
2 0.621875 0.3484375 0.01171875 0.0078125
16 0.56328125 0.34921875 0.009375 0.003125
16 0.75078125 0.01328125 0.0046875 0.01484375
16 0.571875 0.35625 0.00390625 0.01484375
16 0.48984375 0.35625 0.0109375 0.00625
2 0.65078125 0.35625 0.0109375 0.00546875
16 0.56328125 0.35625 0.01015625 0.00390625
16 0.5015625 0.35703125 0.0109375 0.0046875
2 0.865625 0.35703125 0.01328125 0.0078125
16 0.2625 0.36328125 0.0109375 0.00703125
16 0.25078125 0.36328125 0.0109375 0.00546875
16 0.5625 0.36328125 0.009375 0.00390625
16 0.12265625 0.3640625 0.0109375 0.00625
2 0.81328125 0.36328125 0.0125 0.00703125
2 0.628125 0.36328125 0.00390625 0.01484375
2 0.62265625 0.3640625 0.00390625 0.01484375
16 0.62109375 0.01484375 0.0109375 0.00546875
2 0.584375 0.01484375 0.01171875 0.00703125
2 0.61640625 0.36640625 0.0046875 0.01875
16 0.4828125 0.36953125 0.00546875 0.0171875
16 0.56875 0.3703125 0.01015625 0.0046875
16 0.55390625 0.36953125 0.00390625 0.01484375
16 0.265625 0.37109375 0.0125 0.0078125
16 0.03046875 0.371875 0.003125 0.01484375
16 0.025 0.371875 0.00390625 0.0125
2 0.47734375 0.37578125 0.00625 0.01484375
2 0.2828125 0.37890625 0.01171875 0.00625
16 0.559375 0.38125 0.0046875 0.01484375
2 0.56640625 0.3828125 0.00546875 0.01484375
2 0.571875 0.38359375 0.00390625 0.01484375
2 0.846875 0.38515625 0.0046875 0.015625
16 0.28359375 0.3859375 0.01171875 0.0078125
16 0.5 0.3859375 0.0109375 0.00625
2 0.4265625 0.390625 0.0125 0.00546875
2 0.75625 0.39375 0.00390625 0.01484375
16 0.42734375 0.40078125 0.009375 0.00625
2 0.9859375 0.4046875 0.00390625 0.01640625
20 0.9765625 0.40546875 0.0125 0.0203125
2 0.56328125 0.4125 0.01328125 0.00859375
2 0.50546875 0.42265625 0.0046875 0.01640625
2 0.5625 0.428125 0.0125 0.0078125
2 0.57890625 0.021875 0.01171875 0.00625
16 0.45078125 0.4359375 0.009375 0.00546875
20 0.15859375 0.021875 0.04296875 0.034375
16 0.46640625 0.4421875 0.009375 0.0046875
2 0.45390625 0.44375 0.01171875 0.0046875
16 0.62890625 0.0234375 0.0109375 0.00625
2 0.57265625 0.446875 0.00546875 0.0171875
2 0.24453125 0.44765625 0.00546875 0.015625
2 0.453125 0.45078125 0.01171875 0.00859375
16 0.46640625 0.45078125 0.01015625 0.00703125
2 0.6421875 0.4515625 0.00546875 0.01640625
16 0.440625 0.45234375 0.0109375 0.00625
4 0.5296875 0.45859375 0.0375 0.45625
2 0.50703125 0.459375 0.0046875 0.0171875
2 0.98671875 0.46640625 0.0046875 0.01484375
2 0.98203125 0.48125 0.01171875 0.0078125
16 0.27734375 0.4859375 0.01171875 0.00625
2 0.25234375 0.48515625 0.01171875 0.00703125
2 0.96796875 0.4921875 0.00390625 0.015625
20 0.24921875 0.02734375 0.04375 0.034375
2 0.5015625 0.496875 0.015625 0.00859375
20 0.2921875 0.028125 0.04296875 0.03671875