1 0.3859375 0.12890625 0.0265625 0.0546875
1 0.315625 0.1328125 0.02890625 0.05234375
1 0.2046875 0.13515625 0.025 0.046875
1 0.60625 0.1359375 0.02578125 0.0671875
1 0.44296875 0.13671875 0.04921875 0.04453125
1 0.10234375 0.13828125 0.08046875 0.10390625
15 0.22734375 0.20078125 0.00859375 0.046875
1 0.240625 0.20234375 0.02265625 0.06640625
15 0.1890625 0.20234375 0.0109375 0.0390625
1 0.30859375 0.2046875 0.01328125 0.06796875
15 0.17734375 0.20546875 0.0140625 0.03671875
15 0.11796875 0.20703125 0.00859375 0.04609375
15 0.57265625 0.20859375 0.0109375 0.046875
15 0.3828125 0.20859375 0.0109375 0.05
15 0.20390625 0.20859375 0.01015625 0.0375
15 0.21640625 0.21015625 0.00859375 0.06171875
15 0.5609375 0.209375 0.0109375 0.0390625
15 0.3015625 0.21015625 0.0109375 0.0390625
1 0.33203125 0.21171875 0.034375 0.0921875
15 0.52265625 0.2125 0.0109375 0.0328125
15 0.36953125 0.21484375 0.01328125 0.0515625
15 0.54765625 0.21484375 0.0140625 0.03203125
1 0.39609375 0.21484375 0.0109375 0.06953125
15 0.5109375 0.215625 0.01328125 0.04140625
1 0.87890625 0.215625 0.03125 0.0375
15 0.10859375 0.21640625 0.01484375 0.05234375
15 0.53671875 0.21640625 0.00859375 0.0453125
22 0.64609375 0.21875 0.10859375 0.0796875
1 0.74296875 0.22109375 0.01171875 0.0546875
9 0.453125 0.22109375 0.0890625 0.0921875
1 0.7140625 0.22265625 0.015625 0.05703125
1 0.7265625 0.22265625 0.01328125 0.0625
9 0.26171875 0.26171875 0.0015625 0.0234375
1 0.2171875 0.303125 0.0296875 0.05703125
9 0.87265625 0.36015625 0.11171875 0.09140625
15 0.55078125 0.3609375 0.0109375 0.02578125
9 0.11953125 0.3609375 0.09921875 0.10859375
15 0.60546875 0.36328125 0.0140625 0.05625
9 0.48515625 0.36484375 0.109375 0.10390625
9 0.28984375 0.3734375 0.1109375 0.08984375
9 0.7296875 0.37734375 0.16640625 0.09453125
9 0.88046875 0.534375 0.0890625 0.08984375
9 0.11640625 0.53828125 0.1 0.08203125
9 0.5359375 0.540625 0.196875 0.16640625
15 0.35078125 0.54296875 0.009375 0.04140625
9 0.2921875 0.54375 0.11484375 0.10859375
9 0.73125 0.5484375 0.12109375 0.109375
22 0.290625 0.71640625 0.10390625 0.0953125
9 0.11328125 0.71875 0.0953125 0.0875
9 0.50859375 0.8921875 0.11484375 0.11640625
9 0.11640625 0.89453125 0.10390625 0.0890625
9 0.29296875 0.8953125 0.09921875 0.0875
15 0.34921875 0.8953125 0.01640625 0.06796875
15 0.8359375 0.8984375 0.01328125 0.05
15 0.6125 0.9015625 0.02265625 0.0640625