16 0.1859375 0.5046875 0.0140625 0.0109375
16 0.16953125 0.5 0.0125 0.0109375
16 0.109375 0.48984375 0.009375 0.0171875
16 0.11875 0.49375 0.009375 0.015625
16 0.12890625 0.496875 0.009375 0.015625
16 0.1828125 0.51640625 0.01328125 0.01015625
2 0.16640625 0.51171875 0.01328125 0.01171875
4 0.75703125 0.12890625 0.18359375 0.15078125
9 0.75390625 0.71171875 0.11875 0.14765625
2 0.69296875 0.69140625 0.0125 0.0109375
16 0.446875 0.6140625 0.00859375 0.015625
16 0.43671875 0.61015625 0.009375 0.015625
16 0.415625 0.603125 0.009375 0.01484375
16 0.4265625 0.60703125 0.00859375 0.015625
16 0.40703125 0.60078125 0.009375 0.01640625
9 0.2671875 0.55546875 0.16484375 0.203125
16 0.1640625 0.52265625 0.01171875 0.0109375
16 0.18046875 0.52890625 0.01484375 0.01171875
16 0.68984375 0.70390625 0.0125 0.01015625
16 0.178125 0.540625 0.015625 0.01328125
16 0.16171875 0.53515625 0.01328125 0.0109375
16 0.421875 0.62734375 0.009375 0.015625
16 0.44296875 0.634375 0.00859375 0.01484375
16 0.43203125 0.63203125 0.00859375 0.01484375
2 0.4109375 0.625 0.009375 0.015625
16 0.68828125 0.715625 0.0125 0.0109375
16 0.17578125 0.5515625 0.0171875 0.0140625
16 0.159375 0.546875 0.0125 0.0109375
16 0.6671875 0.71484375 0.0125 0.01015625
16 0.35546875 0.61640625 0.0125 0.0109375
16 0.6859375 0.7265625 0.0125 0.0109375
16 0.665625 0.728125 0.01328125 0.01171875
16 0.15625 0.559375 0.01328125 0.01171875
16 0.171875 0.56796875 0.01484375 0.0140625
16 0.390625 0.63984375 0.01015625 0.0171875
16 0.4 0.64375 0.009375 0.01640625
16 0.35234375 0.62890625 0.0140625 0.0109375
16 0.68359375 0.73828125 0.01171875 0.0109375
4 0.93203125 0.1921875 0.134375 0.14609375
16 0.66328125 0.7390625 0.0125 0.0109375
16 0.15390625 0.57109375 0.0125 0.0109375
9 0.4203125 0.66015625 0.03515625 0.04453125
16 0.1703125 0.5796875 0.01484375 0.0109375
16 0.6796875 0.75 0.0125 0.0109375
16 0.35 0.64296875 0.0125 0.0109375
16 0.66015625 0.75078125 0.0125 0.0109375
2 0.1671875 0.59140625 0.01484375 0.0109375
16 0.1484375 0.58984375 0.01171875 0.01015625
16 0.346875 0.65625 0.0125 0.0109375
2 0.65859375 0.76171875 0.0140625 0.0109375
16 0.70078125 0.78203125 0.0078125 0.01484375
16 0.68203125 0.7765625 0.009375 0.01640625
16 0.6921875 0.78046875 0.00859375 0.01484375
16 0.671875 0.7734375 0.0078125 0.01484375
16 0.34453125 0.66875 0.01328125 0.01171875
16 0.41953125 0.69453125 0.01015625 0.0171875
16 0.42890625 0.6984375 0.009375 0.0171875
16 0.40703125 0.69609375 0.01015625 0.01640625
16 0.3984375 0.69296875 0.009375 0.01640625
16 0.34140625 0.68125 0.0125 0.0109375
16 0.67734375 0.7984375 0.0078125 0.01484375
16 0.68671875 0.8015625 0.009375 0.01484375
16 0.69609375 0.8046875 0.009375 0.0171875
16 0.425 0.71796875 0.01015625 0.01796875
16 0.41484375 0.71484375 0.009375 0.015625
16 0.79296875 0.85859375 0.0140625 0.0125
16 0.809375 0.86953125 0.0125 0.0109375
2 0.378125 0.728125 0.01015625 0.0171875
2 0.38828125 0.73125 0.009375 0.01640625
4 0.484375 0.07265625 0.165625 0.1453125
16 0.790625 0.8703125 0.01328125 0.0109375
16 0.8078125 0.88125 0.01328125 0.01171875
16 0.78828125 0.88203125 0.01328125 0.01171875
16 0.80546875 0.89375 0.0140625 0.01171875
9 0.74765625 0.87578125 0.0671875 0.07890625
16 0.78515625 0.89296875 0.0125 0.0109375
16 0.80234375 0.90390625 0.0125 0.0109375
16 0.78359375 0.9046875 0.0125 0.0109375
16 0.8 0.915625 0.0125 0.0109375
16 0.7734375 0.9328125 0.0125 0.01015625
16 0.7546875 0.92734375 0.01328125 0.0109375
16 0.7703125 0.94453125 0.0125 0.0109375
16 0.75234375 0.9390625 0.0125 0.0109375
4 0.61796875 0.1078125 0.0828125 0.1390625
2 0.6546875 0.97578125 0.028125 0.04765625
2 0.678125 0.9796875 0.028125 0.03984375
2 0.7234375 0.9875 0.028125 0.0234375
2 0.74765625 0.99140625 0.02890625 0.01484375
16 0.99765625 0.31875 0.00390625 0.015625
16 0.98984375 0.31640625 0.009375 0.01484375
16 0.9796875 0.3125 0.009375 0.015625
16 0.96953125 0.31015625 0.01015625 0.0171875
16 0.375 0.11640625 0.01328125 0.0109375
16 0.72890625 0.23671875 0.009375 0.01640625
2 0.66328125 0.215625 0.0125 0.0109375
2 0.6390625 0.2078125 0.01328125 0.01171875
2 0.68828125 0.22421875 0.0140625 0.0109375
20 0.83671875 0.2734375 0.01875 0.0234375
20 0.8203125 0.26953125 0.01796875 0.0234375
20 0.8515625 0.2796875 0.01796875 0.0234375
16 0.878125 0.28828125 0.009375 0.01484375
20 0.7890625 0.259375 0.01875 0.0234375
20 0.7421875 0.24453125 0.01953125 0.0234375
20 0.759375 0.25 0.0171875 0.02265625
20 0.8046875 0.26484375 0.0171875 0.0234375
16 0.8875 0.2921875 0.009375 0.015625
20 0.7734375 0.25390625 0.0171875 0.02265625
16 0.896875 0.2953125 0.009375 0.0171875
2 0.86875 0.2859375 0.00859375 0.01484375
16 0.90625 0.2984375 0.0109375 0.01875
16 0.41640625 0.13828125 0.0078125 0.01484375
16 0.4625 0.153125 0.009375 0.015625
16 0.47265625 0.15703125 0.00859375 0.01484375
16 0.40625 0.1359375 0.0078125 0.01484375
16 0.48203125 0.16015625 0.0078125 0.01484375
16 0.44453125 0.1484375 0.009375 0.01640625
16 0.453125 0.15078125 0.009375 0.01640625
16 0.43515625 0.14453125 0.009375 0.015625
16 0.425 0.14296875 0.0078125 0.015625
16 0.5546875 0.1859375 0.0125 0.0109375
2 0.37265625 0.128125 0.01484375 0.0125
9 0.52265625 0.178125 0.04453125 0.04765625
2 0.1859375 0.0703125 0.0359375 0.01875
16 0.55078125 0.196875 0.01171875 0.0109375
16 0.37109375 0.13984375 0.0140625 0.0125
16 0.83515625 0.2953125 0.0078125 0.01484375
16 0.85078125 0.30078125 0.009375 0.01484375
16 0.803125 0.2859375 0.0078125 0.01484375
16 0.771875 0.27578125 0.0109375 0.01875
16 0.75625 0.27109375 0.00859375 0.015625
16 0.81875 0.29140625 0.00859375 0.01484375
16 0.740625 0.26640625 0.0078125 0.015625
16 0.78671875 0.28203125 0.009375 0.01640625
2 0.43984375 0.16953125 0.00859375 0.015625
2 0.4015625 0.15703125 0.00859375 0.01484375
16 0.44921875 0.1734375 0.009375 0.0171875
2 0.42109375 0.1640625 0.0078125 0.015625
16 0.4109375 0.1609375 0.00859375 0.015625
16 0.4296875 0.1671875 0.009375 0.0171875
9 0.97734375 0.3484375 0.04453125 0.05
20 0.8640625 0.3140625 0.0171875 0.02265625
2 0.36796875 0.15078125 0.0125 0.0109375
9 0.8890625 0.32578125 0.0265625 0.0421875
2 0.3875 0.1625 0.0078125 0.01484375
16 0.228125 0.11640625 0.0125 0.0109375
16 0.2109375 0.11171875 0.01171875 0.01015625
20 0.84296875 0.3234375 0.01796875 0.021875
20 0.825 0.31875 0.01796875 0.02109375
20 0.78046875 0.303125 0.01796875 0.02109375
20 0.81171875 0.3140625 0.01640625 0.02109375
20 0.76484375 0.29765625 0.01875 0.02265625
20 0.73359375 0.28828125 0.01796875 0.02265625
20 0.74921875 0.29296875 0.0171875 0.02265625
20 0.79609375 0.309375 0.01796875 0.02109375
2 0.15859375 0.09921875 0.0265625 0.01484375
2 0.1890625 0.109375 0.00859375 0.015625
2 0.1796875 0.10703125 0.01015625 0.01640625
9 0.32265625 0.15859375 0.028125 0.0390625
16 0.38359375 0.1828125 0.0078125 0.01484375
2 0.39296875 0.1859375 0.009375 0.01640625
2 0.42109375 0.1953125 0.009375 0.01640625
16 0.4015625 0.1890625 0.00859375 0.01484375
16 0.41171875 0.1921875 0.00859375 0.01484375
16 0.23984375 0.1421875 0.009375 0.01640625
2 0.23125 0.13984375 0.0078125 0.01484375
16 0.878125 0.3546875 0.009375 0.01640625
16 0.8875 0.35859375 0.00859375 0.015625
2 0.74921875 0.31875 0.009375 0.0171875
2 0.7359375 0.3203125 0.009375 0.015625
16 0.42578125 0.21796875 0.009375 0.01640625
16 0.41640625 0.215625 0.00859375 0.015625
9 0.9828125 0.40390625 0.0328125 0.04609375
16 0.40703125 0.2125 0.009375 0.01484375
16 0.3640625 0.1984375 0.00859375 0.015625
16 0.39765625 0.21015625 0.009375 0.0171875
16 0.3546875 0.1953125 0.01015625 0.0171875
16 0.378125 0.20390625 0.009375 0.01484375
16 0.38828125 0.20703125 0.009375 0.015625
16 0.79921875 0.346875 0.0078125 0.015625
9 0.64609375 0.29609375 0.0890625 0.0921875
16 0.7890625 0.34375 0.009375 0.01640625
16 0.31484375 0.18984375 0.00859375 0.015625
16 0.32421875 0.19375 0.009375 0.015625
16 0.30546875 0.1875 0.009375 0.01640625
9 0.209375 0.16875 0.0484375 0.05
2 0.375 0.225 0.0078125 0.01484375
16 0.35 0.2171875 0.00859375 0.015625
2 0.42109375 0.240625 0.0078125 0.01484375
16 0.359375 0.2203125 0.009375 0.01484375
16 0.45625 0.25234375 0.01484375 0.0125
2 0.38359375 0.2296875 0.00859375 0.01484375
2 0.39296875 0.23203125 0.009375 0.01640625
2 0.915625 0.40859375 0.04296875 0.03515625
2 0.49453125 0.27109375 0.01015625 0.0171875
16 0.51328125 0.27734375 0.009375 0.015625
20 0.4703125 0.2640625 0.02109375 0.02421875
16 0.48515625 0.26953125 0.0109375 0.01796875
16 0.45390625 0.2640625 0.0140625 0.01171875
16 0.16171875 0.175 0.00859375 0.015625
2 0.15234375 0.17265625 0.0078125 0.015625
16 0.14296875 0.16953125 0.0109375 0.01796875
16 0.45078125 0.27734375 0.01484375 0.01171875
16 0.88125 0.4234375 0.0140625 0.0109375
16 0.215625 0.20390625 0.00859375 0.01796875
2 0.48984375 0.29609375 0.009375 0.015625
16 0.196875 0.19921875 0.00859375 0.01484375
16 0.65078125 0.3484375 0.0078125 0.01484375
2 0.20625 0.20234375 0.00859375 0.01484375
16 0.48125 0.29296875 0.009375 0.01640625
20 0.465625 0.28828125 0.01953125 0.02421875
16 0.50859375 0.30234375 0.009375 0.0171875
16 0.64140625 0.34609375 0.00859375 0.015625
16 0.63203125 0.34375 0.0078125 0.015625
16 0.6609375 0.353125 0.009375 0.01640625
9 0.99609375 0.4671875 0.0078125 0.03203125
16 0.62265625 0.34140625 0.00859375 0.01640625
16 0.5953125 0.33203125 0.009375 0.01640625
16 0.56796875 0.3234375 0.009375 0.01640625
16 0.5765625 0.3265625 0.009375 0.01640625
16 0.5859375 0.3296875 0.009375 0.015625
16 0.4484375 0.28984375 0.01484375 0.01171875
16 0.9 0.43984375 0.01484375 0.0109375
16 0.878125 0.434375 0.01328125 0.01171875
2 0.69609375 0.3765625 0.0125 0.0109375
16 0.68125 0.371875 0.0125 0.01015625
2 0.65703125 0.36875 0.00703125 0.0125
2 0.63828125 0.36328125 0.009375 0.015625
2 0.64765625 0.365625 0.009375 0.015625
2 0.628125 0.36171875 0.009375 0.01484375
16 0.44609375 0.30234375 0.01484375 0.01171875
16 0.590625 0.35234375 0.009375 0.01484375
16 0.57265625 0.346875 0.009375 0.01484375
16 0.58203125 0.35 0.009375 0.015625
16 0.55390625 0.340625 0.00859375 0.015625
16 0.56328125 0.34375 0.009375 0.015625
2 0.69296875 0.38671875 0.01328125 0.01171875
16 0.67890625 0.38359375 0.01328125 0.0109375
2 0.48515625 0.3203125 0.009375 0.01640625
20 0.46015625 0.31171875 0.01953125 0.0234375
16 0.13125 0.20390625 0.01328125 0.01171875
16 0.475 0.3171875 0.009375 0.01640625
16 0.503125 0.3265625 0.009375 0.01640625
16 0.44375 0.31328125 0.01328125 0.0109375
2 0.690625 0.3984375 0.01328125 0.0109375
2 0.634375 0.38125 0.00859375 0.015625
2 0.653125 0.38671875 0.009375 0.0171875
2 0.625 0.378125 0.00859375 0.01484375
16 0.6765625 0.3953125 0.01328125 0.0109375
16 0.13046875 0.215625 0.01328125 0.01171875
9 0.378125 0.29921875 0.12421875 0.13046875
9 0.23984375 0.2625 0.04375 0.0453125
16 0.12734375 0.2265625 0.0125 0.01015625
16 0.46640625 0.34140625 0.00859375 0.015625
16 0.43984375 0.3328125 0.01328125 0.0109375
20 0.4890625 0.3484375 0.01953125 0.0234375
16 0.50078125 0.353125 0.009375 0.01640625
16 0.45703125 0.3390625 0.009375 0.01640625
16 0.47578125 0.3453125 0.009375 0.01875
2 0.3046875 0.2890625 0.00859375 0.01484375
2 0.3140625 0.29296875 0.009375 0.015625
2 0.29609375 0.28671875 0.009375 0.01640625
16 0.43671875 0.34453125 0.01328125 0.01171875
2 0.68359375 0.434375 0.01015625 0.01796875
16 0.434375 0.35703125 0.01328125 0.01171875
16 0.56875 0.4015625 0.0140625 0.01171875
16 0.45234375 0.3640625 0.009375 0.0171875
16 0.47734375 0.37265625 0.00859375 0.015625
20 0.4640625 0.36796875 0.01953125 0.02421875
9 0.18203125 0.28359375 0.04296875 0.046875
2 0.43203125 0.36796875 0.0140625 0.0125
9 0.94609375 0.540625 0.0953125 0.1390625
16 0.56640625 0.41484375 0.0140625 0.01171875
9 0.76875 0.48984375 0.20234375 0.24765625
2 0.99375 0.56796875 0.01171875 0.01171875
16 0.56328125 0.42734375 0.0125 0.0109375
9 0.60703125 0.44375 0.07421875 0.12109375
2 0.6765625 0.4671875 0.009375 0.015625
2 0.425 0.390625 0.00859375 0.0140625
2 0.40625 0.384375 0.009375 0.01484375
2 0.37578125 0.375 0.00859375 0.01484375
2 0.396875 0.38203125 0.009375 0.0140625
2 0.415625 0.38828125 0.009375 0.0140625
2 0.35703125 0.36953125 0.009375 0.01640625
2 0.31640625 0.35625 0.009375 0.01484375
2 0.32578125 0.359375 0.00859375 0.01484375
2 0.3875 0.3796875 0.009375 0.01484375
2 0.3671875 0.37265625 0.009375 0.015625
2 0.30703125 0.353125 0.009375 0.01484375
2 0.33515625 0.36328125 0.00859375 0.0140625
2 0.28828125 0.34765625 0.00859375 0.015625
2 0.29765625 0.35078125 0.009375 0.015625
16 0.99296875 0.5796875 0.01328125 0.0109375
2 0.49453125 0.41875 0.0125 0.0125
16 0.56015625 0.446875 0.0125 0.0109375
16 0.990625 0.59140625 0.0125 0.0109375
2 0.4390625 0.4109375 0.01328125 0.0109375
16 0.4203125 0.41171875 0.009375 0.01796875
16 0.3515625 0.3890625 0.009375 0.0171875
16 0.29375 0.3703125 0.00859375 0.01640625
16 0.36171875 0.39296875 0.0078125 0.015625
16 0.3921875 0.403125 0.009375 0.01640625
16 0.33046875 0.3828125 0.009375 0.015625
16 0.34375 0.38671875 0.00859375 0.015625
16 0.284375 0.3671875 0.009375 0.01640625
16 0.4015625 0.40625 0.01015625 0.0171875
16 0.3828125 0.40078125 0.009375 0.01484375
16 0.371875 0.396875 0.009375 0.01640625
16 0.3015625 0.37421875 0.009375 0.015625
16 0.32109375 0.38046875 0.00859375 0.015625
16 0.31171875 0.3765625 0.009375 0.01796875
16 0.4109375 0.4109375 0.00859375 0.01484375
16 0.55625 0.45859375 0.0125 0.0109375
16 0.9875 0.603125 0.0125 0.0109375
2 0.4359375 0.42109375 0.0125 0.0109375
16 0.6375 0.4921875 0.0140625 0.01171875
20 0.66015625 0.50390625 0.01796875 0.02109375
16 0.88828125 0.5875 0.009375 0.01640625
16 0.896875 0.590625 0.0078125 0.015625
20 0.634375 0.5078125 0.01640625 0.01875
16 0.65703125 0.51953125 0.0125 0.0109375
16 0.63125 0.52421875 0.01328125 0.01171875
16 0.44609375 0.4640625 0.0109375 0.015625
2 0.43671875 0.46171875 0.0109375 0.01640625
16 0.45546875 0.46796875 0.01171875 0.0171875
16 0.465625 0.47265625 0.01015625 0.01640625
20 0.653125 0.5359375 0.0171875 0.02109375
20 0.628125 0.540625 0.015625 0.01875
16 0.65 0.55078125 0.0140625 0.0109375
16 0.4515625 0.4890625 0.0109375 0.0171875
16 0.4609375 0.4921875 0.0109375 0.015625
2 0.440625 0.48671875 0.0109375 0.01953125
16 0.325 0.459375 0.00859375 0.01484375
16 0.334375 0.46328125 0.00859375 0.01484375
16 0.2171875 0.43046875 0.0125 0.0109375
16 0.13671875 0.4046875 0.00859375 0.01484375
16 0.1453125 0.4078125 0.009375 0.0171875
16 0.15546875 0.4125 0.01015625 0.015625
2 0.28515625 0.46328125 0.0265625 0.021875
16 0.21484375 0.44296875 0.0125 0.0109375
9 0.4390625 0.51953125 0.0453125 0.046875
9 0.93359375 0.6859375 0.05 0.05
16 0.70078125 0.61015625 0.009375 0.01640625
16 0.69140625 0.60703125 0.00859375 0.015625
16 0.7109375 0.6140625 0.009375 0.015625
16 0.671875 0.6015625 0.009375 0.01640625
16 0.68203125 0.6046875 0.009375 0.01640625
16 0.1359375 0.42890625 0.00859375 0.01640625
16 0.15390625 0.43515625 0.009375 0.01484375
2 0.1265625 0.425 0.009375 0.015625
16 0.1453125 0.43203125 0.009375 0.01484375
2 0.728125 0.6265625 0.009375 0.01484375
2 0.7375 0.6296875 0.00859375 0.01484375
16 0.696875 0.63203125 0.0078125 0.01484375
16 0.68671875 0.628125 0.009375 0.01484375
16 0.66796875 0.621875 0.0078125 0.015625
16 0.678125 0.625 0.00859375 0.015625
16 0.19296875 0.47109375 0.0140625 0.01171875
16 0.440625 0.55546875 0.00859375 0.015625
2 0.45 0.55859375 0.009375 0.015625
16 0.43125 0.553125 0.009375 0.015625
16 0.421875 0.54921875 0.00859375 0.01484375
9 0.13359375 0.4625 0.0359375 0.04296875
16 0.190625 0.48203125 0.0125 0.01015625
16 0.1734375 0.4765625 0.0125 0.0109375
16 0.68359375 0.64921875 0.009375 0.01640625
16 0.6734375 0.646875 0.00859375 0.015625
16 0.66328125 0.64375 0.009375 0.01484375
16 0.69296875 0.653125 0.00859375 0.01640625
16 0.43671875 0.575 0.00859375 0.015625
16 0.44609375 0.578125 0.00859375 0.015625
16 0.18828125 0.49375 0.01484375 0.0125
16 0.171875 0.48828125 0.01328125 0.0109375