4 0.0140625 0.59765625 0.028125 0.0765625
9 0.51875 0.665625 0.04375 0.04453125
2 0.78203125 0.70234375 0.01015625 0.01953125
9 0.8234375 0.7078125 0.059375 0.05
20 0.7578125 0.703125 0.0265625 0.0265625
4 0.9171875 0.74453125 0.0921875 0.21484375
4 0.22265625 0.03125 0.125 0.0453125
9 0.51171875 0.71328125 0.04453125 0.04453125
9 0.04921875 0.659375 0.06015625 0.03046875
2 0.29921875 0.6984375 0.009375 0.0125
9 0.81796875 0.7609375 0.02890625 0.02578125
20 0.7609375 0.75546875 0.03203125 0.01796875
2 0.86015625 0.76875 0.0234375 0.0109375
16 0.1078125 0.68125 0.01875 0.009375
16 0.10625 0.6921875 0.01953125 0.0078125
9 0.0421875 0.69453125 0.0625 0.0375
9 0.1234375 0.71015625 0.03359375 0.0265625
20 0.7984375 0.79296875 0.05546875 0.0359375
2 0.5515625 0.77109375 0.0125 0.01640625
2 0.79921875 0.8203125 0.02734375 0.01328125
9 0.178125 0.7453125 0.0609375 0.03671875
2 0.0703125 0.7359375 0.009375 0.0171875
9 0.553125 0.80390625 0.03125 0.03828125
2 0.52890625 0.8015625 0.01484375 0.0203125
20 0.59609375 0.8109375 0.059375 0.0359375
9 0.4546875 0.80625 0.0328125 0.02890625
9 0.09375 0.778125 0.0921875 0.059375
9 0.2203125 0.796875 0.0265625 0.02734375
9 0.25625 0.80234375 0.0234375 0.0234375
2 0.4484375 0.8296875 0.0171875 0.02109375
9 0.25 0.8296875 0.028125 0.02734375
22 0.21328125 0.82578125 0.0296875 0.02578125
2 0.0640625 0.8171875 0.009375 0.01328125
4 0.11015625 0.0875 0.05 0.07890625
20 0.95703125 0.21171875 0.02890625 0.01953125
22 0.98671875 0.23046875 0.025 0.0453125
9 0.87578125 0.21796875 0.0609375 0.04453125
20 0.95078125 0.23671875 0.03203125 0.0203125
2 0.8796875 0.25078125 0.01640625 0.0203125
2 0.85 0.25078125 0.01171875 0.0125
16 0.209375 0.20078125 0.028125 0.0109375
16 0.2078125 0.2140625 0.02734375 0.01171875
9 0.9375 0.30546875 0.11875 0.10078125
9 0.309375 0.23125 0.14140625 0.10859375
16 0.20546875 0.22578125 0.02734375 0.01171875
16 0.20546875 0.2375 0.03046875 0.0109375
2 0.83671875 0.34453125 0.01015625 0.01328125
2 0.859375 0.346875 0.0265625 0.02890625
2 0.81953125 0.34453125 0.01171875 0.01640625
2 0.378125 0.29453125 0.02890625 0.0125
9 0.6515625 0.34765625 0.15234375 0.1125
9 0.38515625 0.321875 0.065625 0.0234375
2 0.9421875 0.42265625 0.01171875 0.015625
9 0.85859375 0.4578125 0.16640625 0.0890625
2 0.76484375 0.49921875 0.01171875 0.01640625
2 0.91171875 0.51875 0.01640625 0.0203125
2 0.85 0.53984375 0.01875 0.009375
2 0.8140625 0.5359375 0.0203125 0.0109375
2 0.88359375 0.5453125 0.0171875 0.01171875
9 0.2015625 0.46328125 0.0375 0.02734375
2 0.928125 0.56484375 0.01484375 0.0234375
9 0.84921875 0.578125 0.0578125 0.03515625
9 0.7671875 0.56796875 0.0609375 0.03203125
4 0.0265625 0.49453125 0.0484375 0.0953125
9 0.58046875 0.565625 0.11953125 0.13515625
9 0.89296875 0.60546875 0.0328125 0.0265625
2 0.759375 0.58984375 0.02265625 0.009375
20 0.85703125 0.6078125 0.03046875 0.02109375
20 0.82265625 0.60390625 0.03125 0.0203125
9 0.8890625 0.63125 0.03125 0.02578125
9 0.7546875 0.6234375 0.05546875 0.03359375
9 0.33203125 0.59453125 0.2640625 0.2015625
2 0.72578125 0.64375 0.025 0.01171875
4 0.48359375 0.0546875 0.14453125 0.04140625
9 0.084375 0.56796875 0.0484375 0.04609375
9 0.140625 0.584375 0.05859375 0.03515625
9 0.74609375 0.66875 0.0625 0.034375