2 0.440625 0.07734375 0.0359375 0.06875
2 0.3671875 0.04921875 0.03828125 0.06796875
2 0.25 0.015625 0.03359375 0.03125
2 0.6703125 0.18515625 0.03671875 0.08203125
2 0.5 0.1109375 0.05859375 0.06953125
2 0.1421875 0.015625 0.1 0.03125
16 0.26328125 0.08046875 0.015625 0.05234375
2 0.27734375 0.08671875 0.03359375 0.0796875
16 0.2234375 0.06484375 0.01796875 0.04609375
2 0.3484375 0.12265625 0.02421875 0.07734375
16 0.2109375 0.0625 0.0203125 0.0453125
16 0.1484375 0.03671875 0.015625 0.05234375
16 0.625 0.2453125 0.01875 0.05390625
16 0.425 0.15859375 0.01875 0.05703125
16 0.23828125 0.078125 0.01640625 0.04375
16 0.2515625 0.08359375 0.01875 0.06875
16 0.61171875 0.24140625 0.0171875 0.04609375
16 0.33984375 0.12421875 0.0171875 0.04609375
2 0.37109375 0.13984375 0.05 0.11171875
16 0.571875 0.22734375 0.01640625 0.03984375
16 0.4109375 0.159375 0.021875 0.06015625
16 0.59765625 0.24140625 0.01953125 0.03984375
2 0.4390625 0.171875 0.021875 0.078125
16 0.55859375 0.22578125 0.0203125 0.04921875
2 0.94453125 0.39375 0.03828125 0.05390625
16 0.1375 0.0421875 0.0234375 0.0609375
16 0.58515625 0.2375 0.015625 0.0515625
22 0.7 0.29140625 0.12578125 0.13359375
2 0.8015625 0.33671875 0.0203125 0.0625
9 0.496875 0.2046875 0.10703125 0.13671875
2 0.7703125 0.325 0.02421875 0.06640625
2 0.784375 0.33046875 0.0234375 0.071875
9 0.290625 0.159375 0.0046875 0.025
2 0.23828125 0.1828125 0.0390625 0.0734375
9 0.915625 0.5421875 0.13125 0.14609375
16 0.57890625 0.3953125 0.01484375 0.03125
9 0.12734375 0.19921875 0.1203125 0.159375
16 0.6359375 0.4234375 0.02265625 0.065625
9 0.50859375 0.36953125 0.1296875 0.159375
9 0.303125 0.28984375 0.1296875 0.1453125
9 0.7640625 0.4953125 0.18828125 0.17421875
9 0.89765625 0.728125 0.10625 0.134375
9 0.096875 0.38359375 0.1171875 0.13125
9 0.5359375 0.57734375 0.23125 0.26484375
16 0.34140625 0.49453125 0.015625 0.04765625
9 0.28046875 0.4703125 0.13671875 0.16640625
9 0.73984375 0.675 0.14296875 0.16953125
22 0.253125 0.65 0.12265625 0.14765625
9 0.0671875 0.57109375 0.11328125 0.13515625
9 0.45546875 0.921875 0.1390625 0.15390625
9 0.05234375 0.75703125 0.1046875 0.1421875
9 0.22890625 0.8390625 0.1171875 0.13671875
16 0.2875 0.86484375 0.02734375 0.078125
16 0.5625 0.975 0.03359375 0.04765625