4 0.028125 0.65234375 0.0421875 0.07109375
9 0.55234375 0.6578125 0.0359375 0.040625
1 0.81796875 0.6625 0.00625 0.01875
9 0.86015625 0.66328125 0.05 0.04453125
20 0.79453125 0.66640625 0.02109375 0.02421875
4 0.96015625 0.68828125 0.0484375 0.2109375
4 0.13125 0.06953125 0.1203125 0.03125
9 0.5546875 0.70546875 0.0375 0.03984375
9 0.08984375 0.70703125 0.05546875 0.02421875
1 0.34296875 0.71640625 0.00703125 0.0125
9 0.86640625 0.71640625 0.02421875 0.02265625
20 0.80859375 0.71796875 0.02890625 0.01484375
1 0.909375 0.71796875 0.021875 0.00859375
15 0.1515625 0.72109375 0.0171875 0.0078125
15 0.15234375 0.7328125 0.01796875 0.00546875
9 0.08984375 0.7421875 0.05625 0.03125
9 0.17265625 0.7484375 0.02890625 0.02265625
1 0.02421875 0.7484375 0.00625 0.0125
20 0.853125 0.75078125 0.05 0.03046875
1 0.60546875 0.75703125 0.009375 0.015625
1 0.859375 0.77578125 0.025 0.0109375
9 0.23359375 0.77734375 0.0546875 0.03046875
1 0.12578125 0.77890625 0.00546875 0.0171875
9 0.6140625 0.78984375 0.02421875 0.0359375
1 0.58984375 0.790625 0.0109375 0.01953125
20 0.6578125 0.7921875 0.05390625 0.0296875
9 0.51796875 0.80390625 0.028125 0.02578125
9 0.1578125 0.81875 0.0828125 0.04921875
9 0.2859375 0.821875 0.02109375 0.02421875
9 0.321875 0.8234375 0.01953125 0.02109375
1 0.51640625 0.82734375 0.0125 0.01953125
9 0.321875 0.85078125 0.02265625 0.02421875
22 0.28515625 0.8515625 0.025 0.02265625
1 0.13671875 0.8609375 0.00703125 0.0125
4 0.03203125 0.13828125 0.034375 0.07578125
20 0.8890625 0.16015625 0.02578125 0.01640625
22 0.9328125 0.1734375 0.0375 0.040625
9 0.8109375 0.17578125 0.05390625 0.03828125
20 0.8890625 0.1859375 0.028125 0.0171875
1 0.821875 0.2078125 0.01171875 0.01953125
1 0.79296875 0.21171875 0.01015625 0.01171875
15 0.153125 0.2375 0.02578125 0.0078125
15 0.15390625 0.25078125 0.02578125 0.00859375
9 0.88984375 0.25390625 0.10078125 0.0890625
9 0.25703125 0.25625 0.12265625 0.09453125
15 0.15390625 0.2625 0.02578125 0.00859375
15 0.15703125 0.27421875 0.02890625 0.0078125
1 0.7984375 0.3046875 0.0078125 0.0125
1 0.821875 0.3046875 0.0203125 0.0265625
1 0.7828125 0.30625 0.00859375 0.015625
1 0.3375 0.31015625 0.0265625 0.009375
9 0.6171875 0.3296875 0.13359375 0.096875
9 0.35078125 0.3359375 0.06328125 0.015625
1 0.91796875 0.36953125 0.009375 0.0140625
9 0.8421875 0.4140625 0.153125 0.07109375
1 0.76015625 0.46484375 0.00859375 0.015625
1 0.9078125 0.4671875 0.01171875 0.01953125
1 0.8515625 0.49453125 0.0171875 0.0078125
1 0.815625 0.4953125 0.01875 0.00859375
1 0.88515625 0.49609375 0.01484375 0.01015625
9 0.19921875 0.49609375 0.0328125 0.0234375
1 0.93359375 0.5109375 0.0109375 0.02265625
9 0.859375 0.5328125 0.0515625 0.02890625
9 0.7765625 0.5328125 0.05625 0.02578125
4 0.0328125 0.54765625 0.02890625 0.09296875
9 0.5921875 0.55234375 0.09375 0.12421875
9 0.90703125 0.5546875 0.028125 0.02265625
1 0.77265625 0.55546875 0.02109375 0.0078125
20 0.871875 0.5609375 0.0265625 0.01796875
20 0.8390625 0.5609375 0.02734375 0.0171875
9 0.909375 0.58125 0.0265625 0.02265625
9 0.775 0.58828125 0.05078125 0.02734375
9 0.35390625 0.61015625 0.2296875 0.17578125
1 0.7515625 0.61171875 0.0234375 0.009375
4 0.3921875 0.06171875 0.140625 0.02421875
9 0.1046875 0.61328125 0.03984375 0.0421875
9 0.1640625 0.62265625 0.05234375 0.02890625
9 0.77578125 0.634375 0.05703125 0.02734375