4 0.04765625 0.6953125 0.05078125 0.08046875
9 0.603125 0.65 0.0453125 0.046875
2 0.88671875 0.62890625 0.01015625 0.0203125
9 0.93125 0.62578125 0.06171875 0.053125
20 0.86171875 0.6359375 0.02734375 0.02734375
4 0.06015625 0.06484375 0.1203125 0.0453125
9 0.6140625 0.7 0.046875 0.04609375
9 0.11875 0.7484375 0.06328125 0.03125
2 0.3890625 0.7328125 0.01015625 0.0140625
9 0.946875 0.68203125 0.0296875 0.0265625
20 0.8859375 0.6890625 0.03359375 0.01875
2 0.98984375 0.67890625 0.01875 0.01171875
16 0.1875 0.7578125 0.01875 0.009375
16 0.18984375 0.7703125 0.02109375 0.0078125
9 0.12421875 0.7859375 0.06484375 0.03828125
9 0.21484375 0.784375 0.034375 0.02734375
2 0.05703125 0.7984375 0.009375 0.0140625
20 0.9390625 0.71953125 0.05859375 0.03671875
2 0.6765625 0.75078125 0.0125 0.0171875
2 0.95 0.74609375 0.028125 0.0140625
9 0.284375 0.8078125 0.0640625 0.0375
2 0.16953125 0.821875 0.009375 0.01875
9 0.69140625 0.784375 0.03125 0.04140625
2 0.665625 0.7875 0.015625 0.02109375
20 0.7390625 0.78203125 0.0625 0.03671875
9 0.59140625 0.80859375 0.034375 0.03046875
9 0.2109375 0.8609375 0.096875 0.0609375
9 0.34765625 0.85078125 0.02734375 0.028125
9 0.38671875 0.84921875 0.02421875 0.02421875
2 0.59453125 0.834375 0.0171875 0.021875
9 0.390625 0.878125 0.028125 0.028125
22 0.35234375 0.88359375 0.03046875 0.0265625
2 0.1953125 0.90703125 0.01015625 0.0140625
20 0.87578125 0.08671875 0.0296875 0.01953125
22 0.92109375 0.096875 0.040625 0.046875
9 0.7953125 0.1109375 0.06328125 0.04609375
20 0.8796875 0.1140625 0.03359375 0.02109375
2 0.81171875 0.14375 0.01640625 0.021875
2 0.7828125 0.15078125 0.0125 0.0140625
16 0.10546875 0.2421875 0.02890625 0.0109375
16 0.109375 0.25546875 0.02890625 0.01171875
9 0.89296875 0.18671875 0.12265625 0.10546875
9 0.21875 0.2515625 0.146875 0.11328125
16 0.1109375 0.26875 0.02890625 0.01171875
16 0.115625 0.28046875 0.0328125 0.0109375
2 0.80390625 0.25 0.0109375 0.0140625
2 0.828125 0.246875 0.0265625 0.03046875
2 0.7875 0.25390625 0.01171875 0.0171875
2 0.31484375 0.30078125 0.03046875 0.01328125
9 0.615625 0.29453125 0.15859375 0.11640625
9 0.3328125 0.328125 0.0703125 0.02265625
2 0.9421875 0.30625 0.0125 0.01640625
9 0.8703125 0.36171875 0.175 0.09140625
2 0.79140625 0.425 0.01171875 0.01796875
2 0.9484375 0.41171875 0.01640625 0.021875
2 0.89375 0.446875 0.01875 0.009375
2 0.85546875 0.4515625 0.02109375 0.0109375
2 0.92890625 0.4453125 0.0171875 0.0125
9 0.19921875 0.51328125 0.0390625 0.028125
2 0.98359375 0.45625 0.015625 0.025
9 0.9078125 0.4859375 0.059375 0.0359375
9 0.8203125 0.49453125 0.0640625 0.0328125
4 0.03125 0.584375 0.046875 0.1015625
9 0.62734375 0.53359375 0.121875 0.14140625
9 0.96328125 0.50546875 0.034375 0.02734375
2 0.81953125 0.51953125 0.0234375 0.01015625
20 0.9265625 0.51484375 0.03125 0.021875
20 0.890625 0.51875 0.0328125 0.02109375
9 0.96953125 0.5328125 0.0328125 0.0265625
9 0.828125 0.55390625 0.05859375 0.034375
9 0.38359375 0.61875 0.27421875 0.209375
2 0.80625 0.58125 0.0265625 0.01171875
4 0.3296875 0.03125 0.153125 0.03984375
9 0.11953125 0.646875 0.05 0.0484375
9 0.184375 0.65078125 0.06171875 0.0359375
9 0.83671875 0.603125 0.06484375 0.034375