2 0.70703125 0.6140625 0.01171875 0.01015625
2 0.70546875 0.62109375 0.0109375 0.00859375
2 0.70390625 0.6296875 0.01328125 0.0078125
2 0.7015625 0.63671875 0.0109375 0.0078125
16 0.54453125 0.596875 0.0109375 0.0078125
16 0.52109375 0.59140625 0.00859375 0.00703125
16 0.53203125 0.59453125 0.00859375 0.00625
16 0.47734375 0.58125 0.00703125 0.0140625
16 0.47265625 0.5796875 0.00703125 0.01328125
16 0.49921875 0.5890625 0.00703125 0.0140625
16 0.50625 0.5921875 0.00703125 0.01171875
2 0.69921875 0.64921875 0.0140625 0.009375
16 0.54375 0.603125 0.009375 0.00546875
16 0.53203125 0.60078125 0.01015625 0.0078125
16 0.51953125 0.59765625 0.01015625 0.0078125
2 0.0421875 0.45859375 0.01171875 0.0078125
16 0.4640625 0.5859375 0.00703125 0.0140625
16 0.459375 0.5859375 0.0046875 0.01015625
2 0.69609375 0.65625 0.01484375 0.0109375
16 0.4828125 0.59375 0.0109375 0.0078125
2 0.040625 0.46484375 0.0109375 0.0078125
16 0.4734375 0.59609375 0.00546875 0.01171875
16 0.55390625 0.62109375 0.00625 0.0140625
16 0.509375 0.6078125 0.00625 0.01484375
16 0.5140625 0.609375 0.0078125 0.0171875
16 0.54921875 0.61953125 0.00625 0.01484375
16 0.48125 0.6 0.01015625 0.0078125
16 0.50390625 0.60703125 0.00625 0.0140625
16 0.4984375 0.60703125 0.00625 0.0125
2 0.69609375 0.66640625 0.01328125 0.009375
2 0.01875 0.4703125 0.01796875 0.0140625
16 0.521875 0.6203125 0.01171875 0.00859375
2 0.6953125 0.6734375 0.0125 0.0078125
20 0.578125 0.64765625 0.01640625 0.02109375
2 0.6921875 0.68671875 0.0125 0.0078125
16 0.06015625 0.503125 0.00703125 0.0140625
2 0.46171875 0.62109375 0.00703125 0.01171875
2 0.515625 0.64140625 0.00625 0.0140625
2 0.6890625 0.69296875 0.0125 0.00859375
16 0.58671875 0.66640625 0.00703125 0.01328125
2 0.659375 0.6875 0.01015625 0.0078125
16 0.56484375 0.66015625 0.01015625 0.00625
2 0.6578125 0.69296875 0.01015625 0.0078125
16 0.0578125 0.51796875 0.00859375 0.0140625
2 0.3078125 0.59609375 0.00625 0.015625
2 0.31328125 0.6 0.00625 0.0140625
2 0.3203125 0.60234375 0.00859375 0.01953125
2 0.58671875 0.68125 0.0140625 0.01484375
16 0.5609375 0.67421875 0.0109375 0.00703125
16 0.5578125 0.68203125 0.0125 0.0078125
2 0.603125 0.69921875 0.01328125 0.01171875
16 0.4703125 0.66171875 0.01171875 0.01015625
16 0.5578125 0.68828125 0.0109375 0.00625
16 0.46875 0.66875 0.01171875 0.0078125
16 0.5546875 0.6953125 0.01171875 0.00859375
16 0.46640625 0.67578125 0.01171875 0.0078125
16 0.56171875 0.703125 0.0109375 0.00546875
16 0.25 0.6171875 0.0109375 0.00546875
16 0.23046875 0.6140625 0.01953125 0.0140625
16 0.46484375 0.68359375 0.0125 0.00859375
16 0.56015625 0.71171875 0.0109375 0.0078125
16 0.16171875 0.5953125 0.015625 0.0125
9 0.51484375 0.7 0.06640625 0.09921875
2 0.24921875 0.6234375 0.01171875 0.00703125
2 0.17890625 0.603125 0.01171875 0.0078125
16 0.4640625 0.68828125 0.0109375 0.0078125
16 0.38359375 0.66640625 0.01328125 0.01015625
16 0.55859375 0.71875 0.01171875 0.0078125
2 0.3953125 0.67109375 0.009375 0.0078125
16 0.4625 0.6953125 0.01484375 0.01015625
20 0.00390625 0.56015625 0.00703125 0.0171875
16 0.46171875 0.70234375 0.0125 0.009375
2 0.5546875 0.7296875 0.0109375 0.00703125
2 0.0046875 0.5734375 0.0078125 0.00859375
16 0.459375 0.71015625 0.01328125 0.0078125
2 0.553125 0.74296875 0.0109375 0.00625
2 0.54296875 0.74375 0.0078125 0.0140625
2 0.55234375 0.7484375 0.01171875 0.00625
16 0.475 0.72734375 0.01015625 0.0078125
20 0.00546875 0.58984375 0.0109375 0.0296875
2 0.54140625 0.7546875 0.0078125 0.0046875
2 0.0109375 0.6 0.00703125 0.0140625
2 0.48515625 0.74296875 0.01015625 0.0078125
2 0.50625 0.74921875 0.00859375 0.00625
16 0.51796875 0.753125 0.00859375 0.00703125
16 0.4671875 0.74140625 0.00625 0.0140625
2 0.00546875 0.61015625 0.01015625 0.0078125
16 0.00390625 0.61640625 0.0078125 0.0078125
16 0.2046875 0.67890625 0.009375 0.01640625
16 0.184375 0.6734375 0.00859375 0.01640625
16 0.21015625 0.68046875 0.00625 0.0140625
16 0.17734375 0.67109375 0.00703125 0.0140625
2 0.5234375 0.775 0.0109375 0.009375
16 0.40703125 0.75078125 0.00703125 0.01328125
9 0.3359375 0.0171875 0.05 0.034375
2 0.62890625 0.8171875 0.00703125 0.0140625
2 0.621875 0.815625 0.00703125 0.01484375
4 0.953125 0.19296875 0.0765625 0.04765625
2 0.61015625 0.81953125 0.00703125 0.00546875
16 0.659375 0.834375 0.00703125 0.0125
2 0.6734375 0.8390625 0.02265625 0.0171875
20 0.81953125 0.890625 0.01640625 0.02109375
16 0.8578125 0.90625 0.01171875 0.00859375
16 0.875 0.9125 0.0078125 0.01328125
20 0.80546875 0.8921875 0.0125 0.0140625
2 0.57265625 0.82421875 0.0109375 0.009375
16 0.84765625 0.909375 0.00546875 0.01328125
2 0.590625 0.83671875 0.0125 0.0078125
2 0.559375 0.83203125 0.0078125 0.00546875
2 0.65859375 0.8625 0.0125 0.01015625
16 0.88046875 0.928125 0.00625 0.0140625
2 0.46796875 0.80703125 0.0125 0.0109375
2 0.44140625 0.79921875 0.01171875 0.0078125
2 0.45625 0.80390625 0.0109375 0.00859375
16 0.8859375 0.9296875 0.00625 0.01640625
2 0.4796875 0.8109375 0.0125 0.009375
2 0.49296875 0.81484375 0.01171875 0.01015625
2 0.5359375 0.82890625 0.0109375 0.0078125
16 0.846875 0.92109375 0.0078125 0.00546875
16 0.50703125 0.82265625 0.0125 0.009375
2 0.3734375 0.78359375 0.0078125 0.0140625
2 0.65625 0.86875 0.0109375 0.00703125
16 0.8625 0.93125 0.00703125 0.01328125
2 0.58828125 0.85390625 0.0125 0.009375
16 0.88828125 0.9421875 0.00703125 0.0109375
16 0.8671875 0.93984375 0.00625 0.0140625
16 0.87734375 0.94296875 0.00625 0.0109375
16 0.87109375 0.94140625 0.00625 0.0140625
16 0.7421875 0.13671875 0.0109375 0.01015625
16 0.6875 0.890625 0.00703125 0.01328125
16 0.8859375 0.953125 0.00703125 0.01328125
16 0.5109375 0.84609375 0.0109375 0.0109375
2 0.64921875 0.88828125 0.00859375 0.015625
16 0.23984375 0.76953125 0.0078125 0.015625
16 0.87734375 0.96171875 0.00625 0.01171875
9 0.72421875 0.9171875 0.0953125 0.1359375
16 0.0140625 0.71171875 0.00625 0.0140625
16 0.02421875 0.7140625 0.00703125 0.01796875
16 0.01875 0.7125 0.0078125 0.0171875
16 0.0078125 0.71015625 0.00859375 0.0140625
16 0.0796875 0.73203125 0.01328125 0.009375
16 0.678125 0.909375 0.01328125 0.00859375
9 0.04296875 0.728125 0.040625 0.04375
16 0.3453125 0.81875 0.01328125 0.0078125
16 0.62890625 0.90390625 0.00859375 0.0140625
16 0.578125 0.88984375 0.01171875 0.0078125
2 0.60703125 0.8984375 0.00859375 0.01640625
2 0.5953125 0.896875 0.00703125 0.0140625
2 0.61875 0.903125 0.00703125 0.0140625
2 0.60078125 0.89765625 0.00546875 0.0140625
2 0.61328125 0.9015625 0.00703125 0.01484375
2 0.58984375 0.89609375 0.00625 0.01171875
16 0.87421875 0.99296875 0.00625 0.0125
16 0.8796875 0.9953125 0.0078125 0.00859375
2 0.8203125 0.98125 0.01171875 0.01015625
2 0.8046875 0.97734375 0.0125 0.01015625
2 0.2828125 0.825 0.00625 0.01484375
2 0.29296875 0.828125 0.0078125 0.0171875
2 0.61875 0.92421875 0.0234375 0.0171875
2 0.30234375 0.83203125 0.00859375 0.01875
16 0.278125 0.82421875 0.00703125 0.01640625
16 0.28671875 0.828125 0.00703125 0.01484375
16 0.29765625 0.83125 0.00625 0.0140625
2 0.80390625 0.98359375 0.01171875 0.00703125
2 0.81875 0.9890625 0.01171875 0.00625
16 0.40078125 0.86796875 0.0078125 0.015625
2 0.8015625 0.9890625 0.0125 0.00859375
2 0.8171875 0.9953125 0.01171875 0.009375
2 0.290625 0.8453125 0.00625 0.0125
2 0.8015625 0.9953125 0.0125 0.0078125
2 0.28203125 0.84375 0.00703125 0.0140625
9 0.25078125 0.01328125 0.05234375 0.0265625
16 0.71015625 0.984375 0.00625 0.0140625
2 0.296875 0.865625 0.00625 0.0125
2 0.30234375 0.86796875 0.00625 0.0125
2 0.6078125 0.959375 0.0125 0.00859375
16 0.91796875 0.1984375 0.0109375 0.0078125
16 0.7390625 0.14921875 0.0125 0.0078125
2 0.60234375 0.11015625 0.01171875 0.0078125
16 0.47734375 0.07734375 0.009375 0.00625
2 0.6265625 0.121875 0.0109375 0.009375
2 0.9890625 0.2296875 0.01171875 0.00859375
16 0.60078125 0.1171875 0.0140625 0.00859375
16 0.5421875 0.11015625 0.0140625 0.01015625
16 0.6796875 0.15625 0.00703125 0.0125
2 0.984375 0.2453125 0.00625 0.0125
2 0.8984375 0.22109375 0.00859375 0.015625
16 0.98984375 0.2484375 0.00703125 0.0140625
2 0.9796875 0.2453125 0.00703125 0.0140625
2 0.540625 0.1171875 0.0140625 0.01015625
2 0.93046875 0.2359375 0.0046875 0.01171875
16 0.5375 0.1296875 0.00703125 0.01484375
16 0.39375 0.090625 0.03984375 0.04609375
2 0.428125 0.1015625 0.0140625 0.0078125
2 0.83203125 0.2203125 0.0125 0.01015625
16 0.53046875 0.13203125 0.0078125 0.015625
2 0.83125 0.2265625 0.01171875 0.00625
16 0.5046875 0.13125 0.0046875 0.0109375
16 0.49921875 0.1296875 0.00625 0.0125
16 0.490625 0.128125 0.0046875 0.01015625
2 0.8296875 0.23359375 0.01171875 0.00859375
2 0.79296875 0.22265625 0.00859375 0.015625
20 0.7703125 0.221875 0.01875 0.02109375
2 0.78203125 0.22578125 0.00703125 0.015625
16 0.82890625 0.2421875 0.01171875 0.01171875
16 0.44140625 0.12890625 0.0046875 0.01015625
16 0.44765625 0.13125 0.00625 0.01015625
2 0.4328125 0.128125 0.01015625 0.0078125
16 0.12890625 0.04140625 0.00703125 0.01484375
16 0.815625 0.24453125 0.00859375 0.015625
16 0.82578125 0.25078125 0.01171875 0.0078125
16 0.99140625 0.3078125 0.00625 0.01328125
2 0.98359375 0.30859375 0.009375 0.0078125
2 0.9796875 0.31640625 0.01015625 0.00859375
2 0.98828125 0.321875 0.00703125 0.01328125
2 0.9796875 0.321875 0.0078125 0.00703125
16 0.1296875 0.0734375 0.0125 0.00859375
16 0.12734375 0.08359375 0.01328125 0.0078125
2 0.42578125 0.178125 0.0046875 0.009375
2 0.4140625 0.175 0.00625 0.0109375
2 0.4 0.171875 0.00625 0.01015625
2 0.40625 0.1734375 0.0046875 0.0109375
2 0.38671875 0.16796875 0.0078125 0.0109375
2 0.4515625 0.1875 0.00859375 0.01328125
16 0.1171875 0.12265625 0.01171875 0.00859375
20 0.1234375 0.13671875 0.01875 0.01875
2 0.96796875 0.39453125 0.01171875 0.009375
16 0.978125 0.39921875 0.0078125 0.0171875
16 0.1359375 0.15390625 0.0125 0.0078125
16 0.12265625 0.15 0.01171875 0.00703125
2 0.4828125 0.2578125 0.00703125 0.0140625
2 0.4234375 0.2421875 0.00703125 0.0125
2 0.5015625 0.26484375 0.00703125 0.0140625
2 0.965625 0.40078125 0.0125 0.009375
2 0.45859375 0.25234375 0.00859375 0.0125
2 0.36484375 0.225 0.00703125 0.01328125
16 0.08671875 0.15234375 0.0078125 0.0140625
16 0.69921875 0.35859375 0.0078125 0.01328125
20 0.73671875 0.37109375 0.01796875 0.01796875
20 0.71015625 0.36953125 0.0171875 0.01875
20 0.75 0.38125 0.01640625 0.02265625
16 0.20234375 0.221875 0.0109375 0.00859375
16 0.82109375 0.40546875 0.00703125 0.0140625
16 0.7296875 0.37890625 0.01171875 0.0078125
16 0.696875 0.3703125 0.00859375 0.0125
16 0.18671875 0.22109375 0.0125 0.00859375
16 0.728125 0.384375 0.0109375 0.00859375
16 0.90546875 0.43828125 0.01015625 0.01796875
16 0.18515625 0.2328125 0.00625 0.0125
16 0.69375 0.3828125 0.0109375 0.009375
16 0.20078125 0.2375 0.00546875 0.0140625
16 0.19609375 0.23671875 0.00625 0.0125
16 0.20625 0.23984375 0.00625 0.0125
16 0.71015625 0.3890625 0.0125 0.00859375
16 0.74921875 0.40078125 0.00546875 0.0140625
16 0.73046875 0.39609375 0.00625 0.0125
16 0.8125 0.42109375 0.0078125 0.0140625
20 0.7390625 0.4 0.01640625 0.021875
2 0.98359375 0.471875 0.00625 0.0140625
20 0.0796875 0.20859375 0.02421875 0.02265625
16 0.15078125 0.23984375 0.00625 0.0140625
16 0.15703125 0.24140625 0.00625 0.01328125
16 0.73515625 0.41328125 0.01171875 0.01015625
16 0.7453125 0.41953125 0.01015625 0.01640625
2 0.55390625 0.3703125 0.009375 0.01484375
2 0.5671875 0.37421875 0.01015625 0.0171875
2 0.49375 0.3578125 0.0140625 0.015625
16 0.0671875 0.23359375 0.00625 0.0140625
16 0.73046875 0.43359375 0.01015625 0.00703125
2 0.4609375 0.35703125 0.01171875 0.01484375
20 0.07578125 0.24609375 0.01640625 0.0234375
16 0.0640625 0.24765625 0.00625 0.01171875
16 0.71484375 0.43984375 0.00703125 0.0140625
16 0.67890625 0.43046875 0.00625 0.015625
2 0.7046875 0.4375 0.00703125 0.0140625
16 0.72265625 0.44453125 0.00703125 0.0125
16 0.08828125 0.2609375 0.0078125 0.00546875
2 0.7390625 0.4546875 0.0125 0.009375
16 0.0765625 0.26015625 0.01171875 0.0078125
20 0.059375 0.26171875 0.01328125 0.0171875
16 0.68203125 0.4453125 0.00546875 0.0140625
2 0.73671875 0.4609375 0.0109375 0.01015625
16 0.08828125 0.271875 0.00546875 0.01171875
16 0.08359375 0.2703125 0.00546875 0.01171875
16 0.67578125 0.4453125 0.00625 0.0125
16 0.6875 0.4484375 0.00703125 0.015625
2 0.73515625 0.471875 0.0125 0.009375
16 0.06640625 0.27890625 0.00703125 0.0140625
16 0.08203125 0.28359375 0.00625 0.01171875
16 0.07578125 0.28203125 0.00625 0.0140625
16 0.07109375 0.28125 0.00625 0.01328125
2 0.734375 0.47890625 0.01328125 0.0078125
16 0.64609375 0.453125 0.015625 0.01015625
16 0.059375 0.28203125 0.00625 0.01328125
20 0.10234375 0.2953125 0.015625 0.0140625
2 0.7328125 0.484375 0.0109375 0.0078125
16 0.64453125 0.46171875 0.01484375 0.0078125
2 0.053125 0.2921875 0.0109375 0.0078125
2 0.73359375 0.4921875 0.01171875 0.00859375
16 0.6421875 0.46640625 0.01328125 0.00859375
16 0.1140625 0.3125 0.00546875 0.0125
20 0.1015625 0.309375 0.0203125 0.01875
16 0.0625 0.2984375 0.00625 0.015625
9 0.07578125 0.303125 0.0234375 0.02890625
16 0.05078125 0.2984375 0.0125 0.00859375
16 0.04921875 0.30546875 0.01328125 0.0078125
16 0.09609375 0.31953125 0.00859375 0.00546875
16 0.06015625 0.31328125 0.00703125 0.0125
9 0.11796875 0.33203125 0.021875 0.021875
2 0.0484375 0.31171875 0.0109375 0.0078125
20 0.95546875 0.57890625 0.01484375 0.0140625
2 0.06953125 0.32109375 0.0140625 0.01015625
16 0.0828125 0.3265625 0.00625 0.01484375
16 0.078125 0.32578125 0.00625 0.015625
20 0.096875 0.33125 0.0203125 0.01875
2 0.65546875 0.4953125 0.02265625 0.015625
2 0.046875 0.3171875 0.0109375 0.0078125
2 0.72734375 0.51953125 0.01171875 0.0078125
16 0.06796875 0.32734375 0.0125 0.0078125
16 0.05703125 0.32578125 0.00703125 0.0125
16 0.04609375 0.3234375 0.0125 0.009375
20 0.95234375 0.59140625 0.0171875 0.0140625
2 0.72578125 0.52734375 0.01171875 0.00703125
9 0.1140625 0.34765625 0.0203125 0.01953125
2 0.7234375 0.53125 0.0109375 0.0078125
20 0.9515625 0.6046875 0.015625 0.0140625
16 0.115625 0.359375 0.0078125 0.00546875
2 0.72265625 0.53984375 0.01171875 0.00859375
2 0.7203125 0.5453125 0.01328125 0.0078125
20 0.94921875 0.61640625 0.015625 0.0140625
2 0.71953125 0.553125 0.01328125 0.0078125
2 0.71796875 0.559375 0.01015625 0.0078125
2 0.71640625 0.56640625 0.0125 0.01015625
2 0.71484375 0.57421875 0.01328125 0.009375
2 0.7140625 0.5796875 0.0109375 0.0078125
2 0.71171875 0.58671875 0.0125 0.00859375
2 0.71171875 0.5921875 0.01328125 0.009375
16 0.03125 0.40078125 0.01171875 0.009375
2 0.70859375 0.6015625 0.01015625 0.00703125
16 0.0421875 0.4109375 0.0125 0.0078125
2 0.0296875 0.4078125 0.0109375 0.0078125
2 0.70859375 0.6078125 0.0109375 0.0078125