1 0.721875 0.55390625 0.0109375 0.00703125
1 0.72109375 0.5609375 0.01015625 0.00625
1 0.72109375 0.5703125 0.01328125 0.00546875
1 0.72109375 0.5765625 0.0109375 0.0046875
15 0.5609375 0.5828125 0.01015625 0.00546875
15 0.5375 0.58359375 0.00859375 0.0046875
15 0.5484375 0.584375 0.00859375 0.0046875
15 0.49375 0.58671875 0.0046875 0.01328125
15 0.48828125 0.5875 0.0046875 0.0125
15 0.515625 0.58828125 0.0046875 0.01328125
15 0.5234375 0.5890625 0.00546875 0.0109375
1 0.72109375 0.5890625 0.0125 0.00625
15 0.5609375 0.58984375 0.009375 0.00390625
15 0.54921875 0.58984375 0.009375 0.00625
15 0.5375 0.59140625 0.01015625 0.00546875
1 0.0484375 0.590625 0.0109375 0.00546875
15 0.48125 0.5953125 0.00390625 0.0140625
15 0.47578125 0.59609375 0.003125 0.01015625
1 0.71953125 0.59765625 0.0140625 0.00703125
15 0.50078125 0.59765625 0.0109375 0.0046875
1 0.0484375 0.5984375 0.0109375 0.0046875
15 0.4921875 0.60234375 0.00390625 0.01171875
15 0.575 0.60390625 0.00390625 0.01328125
15 0.52890625 0.60390625 0.003125 0.01484375
15 0.53515625 0.603125 0.00546875 0.01640625
15 0.5703125 0.60390625 0.003125 0.01484375
15 0.50078125 0.60390625 0.01015625 0.0046875
15 0.5234375 0.60390625 0.00390625 0.01328125
15 0.51875 0.60546875 0.00390625 0.0125
1 0.72109375 0.60703125 0.0125 0.00625
1 0.02734375 0.60859375 0.01640625 0.009375
15 0.54453125 0.61171875 0.0109375 0.00625
1 0.72109375 0.6140625 0.0125 0.0046875
20 0.60390625 0.62265625 0.01328125 0.01796875
1 0.721875 0.62734375 0.01171875 0.0046875
15 0.07421875 0.62890625 0.0046875 0.0125
1 0.4859375 0.62890625 0.00546875 0.0109375
1 0.5421875 0.634375 0.003125 0.0140625
1 0.7203125 0.63515625 0.0125 0.00546875
15 0.615625 0.6375 0.00546875 0.0125
1 0.68984375 0.6375 0.009375 0.00625
15 0.59375 0.63828125 0.01015625 0.00390625
1 0.68984375 0.64296875 0.01015625 0.0046875
15 0.075 0.64453125 0.00625 0.01328125
1 0.3328125 0.64921875 0.003125 0.015625
1 0.33828125 0.6515625 0.003125 0.0140625
1 0.3453125 0.6515625 0.00546875 0.01875
1 0.61875 0.653125 0.0125 0.0125
15 0.5921875 0.65234375 0.0109375 0.0046875
15 0.590625 0.66171875 0.0125 0.0046875
1 0.6375 0.66484375 0.01171875 0.00859375
15 0.503125 0.66640625 0.0109375 0.00703125
15 0.5921875 0.6671875 0.0109375 0.00390625
15 0.50234375 0.6734375 0.01171875 0.00546875
15 0.590625 0.67421875 0.0109375 0.00625
15 0.5015625 0.68046875 0.01171875 0.0046875
15 0.59921875 0.68125 0.0109375 0.003125
15 0.28046875 0.6859375 0.0109375 0.003125
15 0.26171875 0.6890625 0.01796875 0.009375
15 0.50234375 0.6890625 0.0125 0.00546875
15 0.59921875 0.6890625 0.01015625 0.00546875
15 0.19140625 0.6890625 0.01484375 0.00859375
9 0.553125 0.690625 0.04921875 0.0875
1 0.28125 0.69296875 0.0109375 0.0046875
1 0.209375 0.69296875 0.01171875 0.00546875
15 0.5015625 0.69375 0.0109375 0.00546875
15 0.41953125 0.69609375 0.0125 0.00703125
15 0.59921875 0.696875 0.01171875 0.00546875
1 0.43203125 0.696875 0.00859375 0.00546875
15 0.5015625 0.70078125 0.0140625 0.0078125
20 0.0265625 0.70234375 0.015625 0.01328125
15 0.50234375 0.7078125 0.01171875 0.00703125
1 0.5984375 0.70859375 0.01015625 0.0046875
1 0.02578125 0.71171875 0.01171875 0.0046875
1 0.0359375 0.7140625 0.00703125 0.00703125
15 0.50234375 0.71640625 0.0125 0.00546875
1 0.59921875 0.72109375 0.0109375 0.00390625
1 0.01796875 0.721875 0.00546875 0.0125
1 0.5890625 0.725 0.00546875 0.01328125
1 0.5984375 0.7265625 0.01171875 0.00390625
15 0.5203125 0.72890625 0.009375 0.00625
20 0.03359375 0.73046875 0.01953125 0.02421875
1 0.590625 0.7359375 0.0078125 0.003125
1 0.046875 0.73671875 0.0046875 0.0140625
1 0.01875 0.73828125 0.0046875 0.01171875
1 0.5328125 0.74140625 0.009375 0.00625
1 0.55546875 0.74140625 0.00859375 0.0046875
15 0.5671875 0.740625 0.00859375 0.00546875
15 0.515625 0.74453125 0.00390625 0.01328125
1 0.04296875 0.7484375 0.0109375 0.00546875
20 0.02890625 0.7515625 0.01484375 0.01171875
15 0.04296875 0.75625 0.00859375 0.00546875
15 0.25 0.7578125 0.00625 0.01484375
15 0.22890625 0.75859375 0.00546875 0.015625
15 0.25546875 0.7578125 0.003125 0.0140625
15 0.22109375 0.75859375 0.00546875 0.01328125
1 0.5765625 0.7609375 0.01015625 0.00703125
15 0.46015625 0.7703125 0.0046875 0.0125
9 0.23984375 0.0765625 0.04453125 0.03359375
1 0.6875 0.771875 0.0046875 0.0140625
1 0.68046875 0.771875 0.0046875 0.01484375
4 0.87265625 0.078125 0.07265625 0.028125
4 0.94609375 0.078125 0.06875 0.03125
1 0.66953125 0.77890625 0.00703125 0.0046875
15 0.72109375 0.7796875 0.00546875 0.01171875
1 0.734375 0.78046875 0.02109375 0.01171875
20 0.88671875 0.78828125 0.0140625 0.0171875
15 0.92578125 0.7921875 0.0109375 0.00625
15 0.94453125 0.79296875 0.00546875 0.0125
20 0.87265625 0.79453125 0.01015625 0.0125
1 0.634375 0.79375 0.01015625 0.00703125
15 0.9171875 0.79921875 0.003125 0.01328125
1 0.6546875 0.80078125 0.01171875 0.00546875
1 0.6234375 0.80546875 0.0078125 0.0046875
1 0.725 0.80625 0.01171875 0.0078125
15 0.953125 0.80703125 0.00390625 0.01328125
1 0.53046875 0.8078125 0.0109375 0.00859375
1 0.50234375 0.80703125 0.01171875 0.00546875
1 0.51796875 0.8078125 0.01015625 0.00625
15 0.95859375 0.8078125 0.003125 0.015625
1 0.54296875 0.8078125 0.01171875 0.00703125
1 0.55546875 0.8078125 0.0109375 0.00703125
1 0.6 0.80859375 0.0109375 0.00546875
15 0.91953125 0.81015625 0.0078125 0.00390625
15 0.57109375 0.8109375 0.01171875 0.00625
1 0.434375 0.81171875 0.00546875 0.01328125
1 0.72421875 0.8140625 0.0109375 0.0046875
15 0.9359375 0.81484375 0.0046875 0.0125
1 0.6546875 0.81796875 0.0125 0.00703125
15 0.9625 0.81875 0.00546875 0.01015625
15 0.9421875 0.82265625 0.003125 0.0140625
15 0.95234375 0.82265625 0.0046875 0.01015625
15 0.946875 0.82265625 0.00390625 0.0140625
15 0.6578125 0.0828125 0.0109375 0.00703125
15 0.759375 0.8265625 0.0046875 0.0125
15 0.96328125 0.83046875 0.0046875 0.0125
15 0.57890625 0.8328125 0.01015625 0.00859375
1 0.721875 0.834375 0.00546875 0.01484375
15 0.30234375 0.8359375 0.00546875 0.01484375
15 0.95703125 0.840625 0.00390625 0.0109375
9 0.8 0.84140625 0.07265625 0.11796875
15 0.07265625 0.84296875 0.00390625 0.01328125
15 0.0828125 0.84375 0.00390625 0.0171875
15 0.07734375 0.84375 0.0046875 0.01640625
15 0.06640625 0.84375 0.00625 0.01328125
15 0.140625 0.8453125 0.0125 0.00546875
15 0.753125 0.846875 0.0125 0.00546875
9 0.10390625 0.8515625 0.03359375 0.03515625
15 0.4140625 0.853125 0.01328125 0.00546875
15 0.7046875 0.8546875 0.00703125 0.0125
15 0.653125 0.85546875 0.0109375 0.00546875
1 0.68203125 0.85625 0.00546875 0.015625
1 0.67109375 0.85703125 0.0046875 0.01328125
1 0.69453125 0.85703125 0.0046875 0.0140625
1 0.6765625 0.8578125 0.003125 0.01328125
1 0.6890625 0.8578125 0.00390625 0.01484375
1 0.665625 0.85859375 0.00390625 0.01171875
15 0.96015625 0.87421875 0.003125 0.01484375
15 0.96640625 0.87421875 0.00546875 0.01171875
1 0.90625 0.87578125 0.0109375 0.0078125
1 0.88984375 0.8765625 0.01171875 0.00703125
1 0.35546875 0.8765625 0.003125 0.01484375
1 0.365625 0.87734375 0.0046875 0.0171875
1 0.69921875 0.878125 0.02109375 0.01171875
1 0.37578125 0.878125 0.00546875 0.01796875
15 0.35078125 0.878125 0.00390625 0.01640625
15 0.359375 0.87890625 0.0046875 0.01484375
15 0.3703125 0.8796875 0.003125 0.0140625
1 0.88984375 0.8828125 0.01171875 0.0046875
1 0.90546875 0.8828125 0.01171875 0.003125
15 0.478125 0.88515625 0.0046875 0.01484375
1 0.88984375 0.8890625 0.01171875 0.00546875
1 0.90546875 0.890625 0.0109375 0.00703125
1 0.3671875 0.8953125 0.00390625 0.0125
1 0.88984375 0.8953125 0.01171875 0.00546875
1 0.3578125 0.8953125 0.0046875 0.01328125
1 0.90703125 0.89765625 0.01015625 0.00703125
9 0.15625 0.090625 0.0453125 0.03828125
15 0.9359375 0.90859375 0.00390625 0.0171875
15 0.9421875 0.909375 0.00234375 0.0171875
15 0.79921875 0.909375 0.00390625 0.0140625
1 0.93046875 0.91015625 0.0046875 0.0140625
1 0.90546875 0.9109375 0.021875 0.01015625
1 0.3765625 0.91171875 0.0046875 0.0125
1 0.38203125 0.9125 0.00390625 0.0125
1 0.86796875 0.91328125 0.0140625 0.00703125
1 0.6953125 0.91484375 0.0125 0.00546875
15 0.83984375 0.09296875 0.01015625 0.00546875
15 0.65703125 0.0953125 0.01171875 0.00546875
1 0.5171875 0.09609375 0.01171875 0.00546875
15 0.390625 0.10078125 0.009375 0.00390625
1 0.54296875 0.1015625 0.01015625 0.00625
1 0.9140625 0.103125 0.0109375 0.00625
15 0.5171875 0.10390625 0.01328125 0.00546875
1 0.9328125 0.10703125 0.01953125 0.01015625
15 0.459375 0.1140625 0.01328125 0.00625
15 0.6015625 0.11953125 0.0046875 0.01171875
1 0.91328125 0.11953125 0.00390625 0.01171875
15 0.02109375 0.1203125 0.01171875 0.00546875
1 0.82421875 0.1203125 0.00546875 0.01484375
15 0.91875 0.1203125 0.0046875 0.01328125
1 0.90859375 0.12109375 0.0046875 0.0140625
1 0.45859375 0.12109375 0.01328125 0.00703125
1 0.86015625 0.125 0.003125 0.01171875
15 0.45859375 0.134375 0.0046875 0.01484375
15 0.31171875 0.13671875 0.0328125 0.03828125
1 0.346875 0.13828125 0.01328125 0.0046875
1 0.76171875 0.13828125 0.01171875 0.00703125
15 0.45234375 0.13828125 0.00546875 0.01484375
1 0.76171875 0.14375 0.01171875 0.00390625
15 0.42734375 0.1453125 0.003125 0.0109375
15 0.42109375 0.1453125 0.0046875 0.0109375
15 0.41328125 0.1453125 0.003125 0.009375
1 0.76171875 0.15078125 0.0109375 0.00625
1 0.7234375 0.1515625 0.00546875 0.01484375
20 0.7015625 0.15703125 0.01640625 0.0171875
1 0.7140625 0.1578125 0.0046875 0.015625
15 0.7625 0.16015625 0.01015625 0.00859375
15 0.365625 0.16015625 0.003125 0.009375
15 0.371875 0.1609375 0.0046875 0.00859375
1 0.3578125 0.16171875 0.009375 0.00546875
15 0.046875 0.1640625 0.0046875 0.01484375
15 0.75078125 0.16640625 0.00625 0.01484375
15 0.76171875 0.16953125 0.01171875 0.00546875
1 0.94453125 0.175 0.00546875 0.01171875
15 0.9328125 0.178125 0.00390625 0.01328125
1 0.925 0.18125 0.00859375 0.00546875
1 0.9234375 0.1890625 0.009375 0.00703125
1 0.93203125 0.19140625 0.00546875 0.0125
1 0.92421875 0.1953125 0.00703125 0.00546875
15 0.05390625 0.19609375 0.01171875 0.00625
15 0.053125 0.20546875 0.0125 0.00546875
1 0.3609375 0.2125 0.00390625 0.009375
1 0.3484375 0.2125 0.00390625 0.0109375
1 0.334375 0.21328125 0.00546875 0.00859375
1 0.34140625 0.21328125 0.003125 0.0109375
1 0.321875 0.21328125 0.00625 0.009375
1 0.38828125 0.2140625 0.00703125 0.01171875
15 0.0515625 0.24609375 0.0109375 0.00546875
20 0.0609375 0.25859375 0.01640625 0.01484375
1 0.928125 0.26796875 0.0109375 0.00703125
15 0.93828125 0.26875 0.0046875 0.0171875
15 0.07578125 0.27109375 0.01171875 0.00546875
15 0.0625 0.27109375 0.01171875 0.00390625
1 0.43203125 0.2734375 0.0046875 0.01328125
1 0.371875 0.27421875 0.00546875 0.0109375
1 0.4515625 0.27421875 0.0046875 0.01328125
1 0.92734375 0.275 0.01171875 0.00703125
1 0.4078125 0.275 0.00703125 0.01171875
1 0.31171875 0.27578125 0.00546875 0.0125
15 0.02890625 0.2828125 0.00546875 0.0125
15 0.66171875 0.30859375 0.00546875 0.0125
20 0.7 0.31015625 0.015625 0.0140625
20 0.67421875 0.31640625 0.01484375 0.015625
20 0.71484375 0.31640625 0.0125 0.0203125
15 0.15390625 0.31796875 0.0109375 0.00546875
15 0.78828125 0.3203125 0.00546875 0.01328125
15 0.6953125 0.3203125 0.0109375 0.00546875
15 0.6609375 0.321875 0.00625 0.0109375
15 0.13828125 0.321875 0.01171875 0.00546875
15 0.69453125 0.3265625 0.01015625 0.00625
15 0.8765625 0.328125 0.00625 0.0171875
15 0.140625 0.33359375 0.00390625 0.0125
15 0.6609375 0.33359375 0.01015625 0.00703125
15 0.15546875 0.33359375 0.003125 0.0140625
15 0.15078125 0.334375 0.003125 0.0125
15 0.16171875 0.334375 0.00390625 0.01171875
15 0.678125 0.33515625 0.01171875 0.00546875
15 0.71875 0.3359375 0.003125 0.01484375
15 0.69921875 0.3359375 0.00390625 0.01171875
15 0.78359375 0.33671875 0.00546875 0.01328125
20 0.70859375 0.3375 0.0125 0.01953125
1 0.95859375 0.33828125 0.00390625 0.0140625
20 0.0328125 0.33984375 0.02109375 0.01640625
15 0.1078125 0.35 0.00390625 0.0140625
15 0.1140625 0.35 0.00390625 0.0125
15 0.70703125 0.3515625 0.0109375 0.0078125
15 0.71875 0.3546875 0.0078125 0.01484375
1 0.52421875 0.3609375 0.00703125 0.01328125
1 0.53671875 0.3609375 0.0078125 0.015625
1 0.46328125 0.36640625 0.01171875 0.01328125
15 0.0265625 0.36796875 0.00390625 0.0140625
15 0.70703125 0.37265625 0.01015625 0.0046875
1 0.43046875 0.375 0.009375 0.01328125
20 0.03671875 0.37734375 0.0125 0.0203125
15 0.0265625 0.38203125 0.0046875 0.01171875
15 0.69296875 0.3828125 0.0046875 0.01328125
15 0.65625 0.384375 0.00390625 0.015625
1 0.6828125 0.384375 0.00390625 0.0140625
15 0.7015625 0.38515625 0.0046875 0.01171875
15 0.05234375 0.38828125 0.0078125 0.00390625
1 0.71953125 0.390625 0.01171875 0.00625
15 0.040625 0.390625 0.01171875 0.00546875
20 0.02421875 0.396875 0.0109375 0.01484375
15 0.6625 0.39765625 0.003125 0.01328125
1 0.71875 0.39765625 0.01015625 0.00703125
15 0.05390625 0.3984375 0.00390625 0.0109375
15 0.05 0.3984375 0.00390625 0.0109375
15 0.65625 0.39921875 0.00390625 0.0125
15 0.66796875 0.39921875 0.0046875 0.015625
1 0.71875 0.40859375 0.01171875 0.00625
15 0.034375 0.41171875 0.00390625 0.0140625
15 0.05078125 0.41171875 0.0046875 0.01015625
15 0.04453125 0.41171875 0.003125 0.0140625
15 0.03984375 0.4125 0.00390625 0.01328125
1 0.71953125 0.41484375 0.01328125 0.0046875
15 0.6296875 0.41640625 0.015625 0.00625
15 0.02890625 0.41640625 0.0046875 0.01328125
20 0.0734375 0.4171875 0.0140625 0.0109375
1 0.71953125 0.4203125 0.0109375 0.00546875
15 0.6296875 0.4234375 0.01484375 0.00390625
1 0.02421875 0.428125 0.0109375 0.00546875
1 0.72109375 0.42890625 0.0109375 0.00625
15 0.62890625 0.4296875 0.01328125 0.00546875
15 0.0875 0.43046875 0.003125 0.01171875
20 0.075 0.43125 0.01796875 0.01484375
15 0.03515625 0.43125 0.003125 0.015625
9 0.04921875 0.4328125 0.01875 0.02421875
15 0.02421875 0.43515625 0.0125 0.00546875
15 0.0234375 0.4421875 0.01328125 0.00390625
15 0.071875 0.4421875 0.00859375 0.00390625
15 0.03515625 0.44609375 0.0046875 0.01171875
9 0.09453125 0.44765625 0.01953125 0.01640625
1 0.02421875 0.44765625 0.0109375 0.0046875
20 0.95390625 0.44921875 0.0125 0.01171875
1 0.04609375 0.4515625 0.01328125 0.00703125
15 0.06015625 0.45234375 0.00390625 0.0140625
15 0.0546875 0.453125 0.003125 0.01484375
20 0.075 0.453125 0.01796875 0.01484375
1 0.646875 0.453125 0.02109375 0.01015625
1 0.02421875 0.45390625 0.0109375 0.0046875
1 0.72109375 0.45625 0.01171875 0.00546875
15 0.04609375 0.4578125 0.01171875 0.00390625
15 0.03515625 0.459375 0.00546875 0.0109375
15 0.02421875 0.46015625 0.01171875 0.00625
20 0.953125 0.46171875 0.015625 0.0109375
1 0.72109375 0.4640625 0.01171875 0.0046875
9 0.09453125 0.46484375 0.01796875 0.01484375
1 0.71953125 0.46875 0.01015625 0.00546875
20 0.95546875 0.475 0.0140625 0.01171875
15 0.0984375 0.47578125 0.0078125 0.00390625
1 0.72109375 0.47734375 0.0109375 0.00625
1 0.71953125 0.48359375 0.01328125 0.00546875
20 0.95546875 0.4875 0.01484375 0.01015625
1 0.7203125 0.49140625 0.0125 0.0046875
1 0.7203125 0.49765625 0.01015625 0.00546875
1 0.7203125 0.5046875 0.01171875 0.0078125
1 0.7203125 0.5125 0.0125 0.00625
1 0.72109375 0.51875 0.0109375 0.00546875
1 0.72109375 0.525 0.01171875 0.00546875
1 0.72109375 0.53125 0.0125 0.00625
15 0.02578125 0.5390625 0.0109375 0.00625
1 0.7203125 0.54140625 0.009375 0.00546875
15 0.03828125 0.54609375 0.01171875 0.0046875
1 0.02578125 0.546875 0.0109375 0.00546875
1 0.72109375 0.546875 0.01015625 0.00546875