2 0.878125 0.59140625 0.00703125 0.02109375
16 0.5046875 0.5546875 0.0140625 0.01015625
16 0.49609375 0.5640625 0.00546875 0.01640625
9 0.575 0.01328125 0.03203125 0.0140625
16 0.50390625 0.5703125 0.01328125 0.00859375
4 0.75703125 0.61328125 0.08046875 0.4265625
4 0.9015625 0.6375 0.08203125 0.42265625
4 0.96484375 0.65 0.06875 0.42890625
4 0.6828125 0.60234375 0.07578125 0.4234375
4 0.828125 0.62734375 0.08125 0.43125
4 0.61015625 0.5921875 0.07578125 0.42578125
2 0.44296875 0.58671875 0.0140625 0.00703125
2 0.428125 0.584375 0.0125 0.0109375
2 0.471875 0.5953125 0.02109375 0.015625
2 0.45703125 0.5984375 0.00625 0.01796875
16 0.50078125 0.60625 0.01171875 0.00703125
16 0.45078125 0.60234375 0.0046875 0.01328125
16 0.4453125 0.603125 0.00625 0.01640625
16 0.49140625 0.61484375 0.00703125 0.0171875
16 0.484375 0.6140625 0.00625 0.0171875
2 0.4171875 0.603125 0.00546875 0.01875
16 0.42265625 0.6046875 0.00625 0.01796875
16 0.70546875 0.0359375 0.0046875 0.009375
16 0.48671875 0.64140625 0.00546875 0.0171875
16 0.78984375 0.69609375 0.0140625 0.01171875
16 0.5046875 0.65078125 0.00625 0.0171875
16 0.62578125 0.67265625 0.009375 0.00703125
16 0.9359375 0.725 0.01171875 0.0078125
16 0.0703125 0.58125 0.0046875 0.0109375
16 0.06484375 0.58046875 0.0046875 0.01484375
16 0.14609375 0.59453125 0.00546875 0.015625
16 0.05546875 0.57890625 0.00625 0.01484375
2 0.10546875 0.58828125 0.00625 0.01796875
16 0.09453125 0.58671875 0.00625 0.01875
2 0.10078125 0.5875 0.00625 0.01796875
16 0.0890625 0.5859375 0.0046875 0.015625
16 0.08359375 0.58671875 0.00625 0.01875
16 0.93515625 0.73203125 0.0109375 0.00703125
2 0.20546875 0.609375 0.0125 0.0078125
16 0.7171875 0.696875 0.01328125 0.0078125
16 0.64453125 0.684375 0.0109375 0.00625
2 0.19140625 0.60859375 0.01328125 0.00859375
16 0.625 0.68125 0.009375 0.01015625
16 0.69765625 0.69375 0.009375 0.009375
9 0.6671875 0.0390625 0.03828125 0.03515625
16 0.86328125 0.72421875 0.0109375 0.00703125
16 0.50078125 0.66953125 0.00546875 0.01796875
16 0.86171875 0.73203125 0.0109375 0.00625
16 0.0875 0.603125 0.00546875 0.01640625
16 0.09375 0.6046875 0.0046875 0.015625
16 0.075 0.6015625 0.00546875 0.0125
16 0.08125 0.603125 0.0046875 0.01484375
20 0.44453125 0.66796875 0.04921875 0.09609375
2 0.165625 0.62109375 0.00625 0.01796875
20 0.40078125 0.6609375 0.05 0.0984375
2 0.17265625 0.62421875 0.00859375 0.021875
2 0.8609375 0.740625 0.01328125 0.00859375
16 0.10390625 0.6140625 0.00390625 0.01484375
16 0.09765625 0.61484375 0.0046875 0.01640625
2 0.1359375 0.62265625 0.00625 0.0203125
2 0.13046875 0.621875 0.00625 0.01875
2 0.1421875 0.625 0.0078125 0.021875
9 0.19453125 0.63359375 0.0375 0.0421875
2 0.6421875 0.71015625 0.01484375 0.009375
16 0.1515625 0.6359375 0.0125 0.009375
20 0.34296875 0.66953125 0.04921875 0.09453125
16 0.1640625 0.63984375 0.0125 0.01015625
20 0.3015625 0.6640625 0.05 0.09609375
2 0.7140625 0.7359375 0.01328125 0.009375
16 0.1015625 0.63984375 0.0046875 0.015625
16 0.184375 0.65625 0.01484375 0.00859375
2 0.20234375 0.66015625 0.015625 0.01015625
2 0.5125 0.7359375 0.0140625 0.0078125
2 0.928125 0.80546875 0.015625 0.009375
2 0.78359375 0.78359375 0.01328125 0.009375
16 0.46640625 0.73359375 0.01171875 0.00703125
16 0.69375 0.040625 0.0125 0.00703125
16 0.465625 0.740625 0.0140625 0.00859375
2 0.28515625 0.71328125 0.0140625 0.009375
2 0.46484375 0.74765625 0.0125 0.0078125
2 0.584375 0.0234375 0.0109375 0.0078125
2 0.57265625 0.02109375 0.0125 0.009375
16 0.46484375 0.75546875 0.0140625 0.00703125
16 0.4640625 0.76171875 0.01328125 0.00703125
2 0.3796875 0.746875 0.009375 0.0203125
2 0.52421875 0.7734375 0.0125 0.009375
9 0.49140625 0.771875 0.04765625 0.071875
2 0.4640625 0.76953125 0.01328125 0.00859375
16 0.44921875 0.76875 0.00546875 0.01484375
2 0.4546875 0.7703125 0.00625 0.01640625
2 0.3625 0.75625 0.0125 0.00703125
2 0.3359375 0.7515625 0.0078125 0.01953125
2 0.4625 0.77578125 0.0109375 0.00703125
2 0.43046875 0.77109375 0.0078125 0.01875
2 0.46171875 0.7828125 0.01171875 0.0078125
16 0.36015625 0.7671875 0.00546875 0.015625
16 0.36484375 0.76796875 0.00625 0.01640625
2 0.46171875 0.790625 0.01171875 0.0078125
2 0.5203125 0.80234375 0.0125 0.0078125
9 0.40390625 0.78515625 0.0484375 0.07265625
16 0.71875 0.8390625 0.0140625 0.0109375
2 0.7578125 0.85078125 0.00625 0.01796875
16 0.3578125 0.78359375 0.00625 0.0171875
16 0.3640625 0.7859375 0.00625 0.01640625
2 0.74453125 0.85 0.00625 0.0203125
2 0.75078125 0.8515625 0.0078125 0.01953125
2 0.61171875 0.03359375 0.009375 0.021875
2 0.30078125 0.78125 0.01484375 0.00859375
2 0.428125 0.80625 0.00625 0.0203125
2 0.7375 0.86328125 0.0078125 0.0171875
2 0.69296875 0.04765625 0.0109375 0.009375
16 0.28828125 0.78984375 0.00625 0.0140625
16 0.51953125 0.83203125 0.01171875 0.00703125
2 0.74375 0.878125 0.0078125 0.01796875
16 0.7328125 0.87734375 0.01328125 0.00703125
16 0.2796875 0.8046875 0.00625 0.0171875
9 0.30546875 0.81015625 0.0328125 0.0515625
16 0.73125 0.88203125 0.0125 0.009375
2 0.25390625 0.81640625 0.00703125 0.01796875
2 0.8046875 0.9125 0.01328125 0.01171875
2 0.521875 0.86484375 0.00625 0.01640625
9 0.09296875 0.79375 0.03203125 0.04765625
2 0.48125 0.86328125 0.0140625 0.01015625
2 0.4984375 0.86640625 0.0109375 0.00625
2 0.8046875 0.9203125 0.015625 0.0125
9 0.60625 0.88984375 0.07578125 0.1296875
2 0.496875 0.8734375 0.01484375 0.01015625
2 0.48046875 0.8703125 0.0125 0.0078125
2 0.80390625 0.92890625 0.01640625 0.0125
9 0.8328125 0.9359375 0.04296875 0.06015625
2 0.48046875 0.8796875 0.01328125 0.01015625
2 0.803125 0.940625 0.01484375 0.01171875
2 0.3234375 0.00234375 0.009375 0.0046875
16 0.6921875 0.05546875 0.0125 0.00859375
2 0.803125 0.95234375 0.01796875 0.0140625
2 0.43984375 0.0140625 0.0078125 0.0171875
2 0.47890625 0.90703125 0.01484375 0.01015625
2 0.8015625 0.9609375 0.01484375 0.01015625
2 0.83046875 0.971875 0.01328125 0.01015625
2 0.47734375 0.91484375 0.01484375 0.00859375
2 0.815625 0.97265625 0.00625 0.015625
2 0.84765625 0.978125 0.00625 0.015625
2 0.81171875 0.97265625 0.0078125 0.01796875
2 0.82109375 0.975 0.00625 0.0171875
2 0.8421875 0.978125 0.0078125 0.01875
16 0.853125 0.98046875 0.00546875 0.01875
2 0.47578125 0.92265625 0.01484375 0.00859375
2 0.82734375 0.984375 0.0078125 0.01875
2 0.80234375 0.98046875 0.01015625 0.02421875
2 0.83359375 0.9859375 0.00859375 0.01875
2 0.47578125 0.93125 0.01484375 0.01015625
16 0.84375 0.99375 0.01171875 0.009375
2 0.81640625 0.9890625 0.01328125 0.0078125
2 0.42578125 0.01484375 0.00625 0.01484375
2 0.371875 0.0078125 0.00625 0.015625
2 0.38125 0.00859375 0.00625 0.0171875
2 0.415625 0.01484375 0.0078125 0.01796875
2 0.48828125 0.02734375 0.00625 0.01875
16 0.47109375 0.025 0.0125 0.00703125
2 0.4046875 0.0140625 0.009375 0.01875
2 0.39140625 0.0125 0.0078125 0.01796875
16 0.45859375 0.0234375 0.0109375 0.0078125
16 0.6921875 0.0640625 0.01328125 0.00859375
16 0.734375 0.0765625 0.0078125 0.0171875
16 0.47109375 0.0328125 0.0109375 0.00859375
2 0.65 0.0625 0.009375 0.01953125
2 0.6640625 0.065625 0.00859375 0.0203125
2 0.65703125 0.06484375 0.00625 0.01875
2 0.6796875 0.06875 0.00859375 0.01953125
16 0.7203125 0.0765625 0.0078125 0.0171875
16 0.72421875 0.07890625 0.00703125 0.015625
16 0.27421875 0.00625 0.00625 0.01171875
16 0.27890625 0.00625 0.0046875 0.0125
16 0.190625 0.00390625 0.00625 0.0078125
16 0.1640625 0.0015625 0.00625 0.003125
16 0.1953125 0.0046875 0.00546875 0.00859375
16 0.34140625 0.0265625 0.00625 0.01640625
16 0.3453125 0.0296875 0.00625 0.0171875
16 0.7125 0.09453125 0.00703125 0.0171875
16 0.71796875 0.09609375 0.0078125 0.01484375
16 0.72421875 0.096875 0.00546875 0.01640625
16 0.74453125 0.1015625 0.0078125 0.01796875
16 0.12734375 0.003125 0.00625 0.00625
16 0.121875 0.003125 0.00703125 0.00625
2 0.8421875 0.13125 0.0109375 0.0078125
2 0.85546875 0.134375 0.0125 0.0109375
2 0.77421875 0.12890625 0.00703125 0.01875
2 0.76953125 0.12890625 0.00546875 0.01796875
16 0.76328125 0.128125 0.00625 0.01640625
16 0.76796875 0.14765625 0.00625 0.01796875
16 0.77421875 0.1484375 0.0046875 0.01640625
2 0.83984375 0.16640625 0.01171875 0.00859375
16 0.85390625 0.17265625 0.0125 0.00859375
16 0.83984375 0.17265625 0.01171875 0.00703125
4 0.9125 0.19765625 0.0625 0.26640625
4 0.975 0.2109375 0.0484375 0.2703125
16 0.85234375 0.18203125 0.01171875 0.0078125
16 0.8390625 0.18046875 0.0109375 0.00859375
16 0.85 0.1890625 0.0125 0.00859375
16 0.85 0.1984375 0.01015625 0.00859375
16 0.83203125 0.22578125 0.01171875 0.00859375
16 0.84609375 0.22890625 0.0109375 0.0078125
16 0.859375 0.25234375 0.01484375 0.0109375
16 0.8375 0.25703125 0.0125 0.0078125
2 0.85859375 0.26171875 0.01328125 0.009375
16 0.8359375 0.26328125 0.0125 0.00859375
16 0.471875 0.20234375 0.0046875 0.01328125
16 0.47578125 0.203125 0.00625 0.015625
2 0.165625 0.1515625 0.00625 0.01796875
16 0.375 0.18671875 0.00625 0.015625
16 0.50078125 0.2078125 0.00625 0.01640625
16 0.46171875 0.20234375 0.00390625 0.015625
16 0.4671875 0.20234375 0.0046875 0.015625
16 0.3359375 0.18125 0.0046875 0.01484375
16 0.4265625 0.19609375 0.00546875 0.015625
16 0.48125 0.2046875 0.00390625 0.0171875
16 0.421875 0.19609375 0.00390625 0.01796875
16 0.34140625 0.18203125 0.00625 0.0171875
16 0.38046875 0.1890625 0.00703125 0.0171875
16 0.50625 0.21015625 0.0078125 0.01875
16 0.19375 0.159375 0.00546875 0.01640625
16 0.19921875 0.1609375 0.00546875 0.01640625
16 0.23359375 0.16640625 0.00625 0.0140625
16 0.23828125 0.16796875 0.00625 0.0171875
2 0.0734375 0.153125 0.01640625 0.00859375
2 0.63359375 0.25 0.0140625 0.0078125
16 0.071875 0.1609375 0.0125 0.00859375
2 0.66875 0.2625 0.0125 0.0078125
2 0.05703125 0.16171875 0.0109375 0.0078125
2 0.63671875 0.259375 0.0125 0.01015625
16 0.08046875 0.16640625 0.00625 0.015625
2 0.61953125 0.25859375 0.0125 0.0109375
2 0.6515625 0.2640625 0.0109375 0.00625
2 0.70703125 0.2734375 0.01484375 0.009375
2 0.678125 0.27265625 0.0125 0.0078125
2 0.07109375 0.1703125 0.0109375 0.0078125
2 0.05703125 0.16875 0.0109375 0.00625
16 0.66484375 0.271875 0.0109375 0.0078125
2 0.678125 0.27890625 0.0125 0.00859375
16 0.0390625 0.1734375 0.00625 0.0171875
16 0.6640625 0.27890625 0.0109375 0.00625
16 0.03359375 0.17421875 0.00625 0.01640625
16 0.04375 0.1765625 0.00625 0.0171875
2 0.6015625 0.2703125 0.0125 0.0078125
16 0.66328125 0.28515625 0.0125 0.0078125
2 0.67734375 0.2875 0.0125 0.01171875
16 0.6015625 0.27734375 0.01171875 0.0078125
2 0.66328125 0.29375 0.0109375 0.0078125
2 0.734375 0.30546875 0.01328125 0.009375
16 0.6 0.28515625 0.01171875 0.00703125
16 0.7703125 0.3140625 0.00625 0.0171875
16 0.79375 0.31796875 0.00625 0.0171875
2 0.75546875 0.31171875 0.00703125 0.0171875
16 0.725 0.30703125 0.00625 0.01640625
16 0.78046875 0.31640625 0.00625 0.01640625
16 0.78671875 0.31875 0.00546875 0.01640625
2 0.8015625 0.32109375 0.00703125 0.01796875
2 0.80703125 0.32265625 0.00625 0.01796875
16 0.59921875 0.2921875 0.0109375 0.0078125
2 0.59921875 0.3 0.01328125 0.00703125
2 0.690625 0.315625 0.0140625 0.009375
16 0.76484375 0.328125 0.01328125 0.00859375
9 0.63046875 0.30546875 0.05 0.0859375
2 0.5375 0.2921875 0.01796875 0.0125
2 0.14609375 0.22734375 0.0140625 0.00859375
16 0.7234375 0.3265625 0.00625 0.01796875
16 0.80078125 0.3390625 0.00625 0.01796875
16 0.78515625 0.3375 0.00546875 0.015625
16 0.7921875 0.33828125 0.00703125 0.0171875
16 0.77890625 0.3359375 0.00625 0.01796875
2 0.7171875 0.32578125 0.0078125 0.01796875
2 0.809375 0.3421875 0.00625 0.01640625
16 0.59921875 0.3078125 0.0109375 0.00703125
16 0.659375 0.3203125 0.01171875 0.00703125
16 0.67265625 0.32265625 0.0109375 0.00859375
9 0.06875 0.22265625 0.05390625 0.0984375
2 0.5296875 0.3 0.01484375 0.009375
16 0.59765625 0.3140625 0.0109375 0.00859375
2 0.6859375 0.33203125 0.01171875 0.0078125
16 0.6578125 0.32734375 0.0109375 0.00703125
16 0.671875 0.33125 0.01171875 0.00859375
2 0.52890625 0.30703125 0.0140625 0.009375
16 0.59765625 0.32109375 0.01015625 0.00625
16 0.6578125 0.33359375 0.0109375 0.0078125
2 0.684375 0.3390625 0.0125 0.00859375
16 0.671875 0.33828125 0.01171875 0.00859375
16 0.596875 0.328125 0.01015625 0.00859375
16 0.67109375 0.34375 0.0125 0.01015625
16 0.39453125 0.29765625 0.00625 0.01640625
2 0.6578125 0.3421875 0.01328125 0.009375
2 0.684375 0.34609375 0.0125 0.009375
2 0.384375 0.2984375 0.00703125 0.01875
16 0.02421875 0.2375 0.00703125 0.01640625
16 0.59609375 0.3359375 0.01015625 0.00703125
2 0.26171875 0.28515625 0.01484375 0.01015625
2 0.6578125 0.3515625 0.0125 0.01015625
16 0.5953125 0.34296875 0.009375 0.00546875
16 0.60390625 0.3515625 0.00625 0.0171875
16 0.5171875 0.3375 0.0125 0.00859375
2 0.6875 0.365625 0.0125 0.0078125
16 0.59453125 0.35 0.0109375 0.00625
16 0.5296875 0.3390625 0.01171875 0.00703125
2 0.9140625 0.40390625 0.01484375 0.01015625
16 0.2765625 0.30390625 0.0125 0.009375
16 0.2640625 0.3015625 0.0125 0.0078125
16 0.59375 0.35703125 0.01015625 0.00625
16 0.12890625 0.2796875 0.0125 0.00859375
2 0.85859375 0.40234375 0.0140625 0.009375
2 0.6625 0.36875 0.00625 0.0171875
2 0.65703125 0.36875 0.00625 0.0171875
2 0.65 0.3703125 0.00703125 0.0203125
16 0.50859375 0.35 0.0078125 0.01875
16 0.59921875 0.365625 0.0109375 0.00625
16 0.58359375 0.3625 0.00546875 0.0171875
16 0.278125 0.3125 0.0140625 0.01015625
16 0.03046875 0.271875 0.0046875 0.01640625
16 0.025 0.27109375 0.00546875 0.0140625
2 0.50234375 0.35625 0.00859375 0.0171875
2 0.29609375 0.32421875 0.0125 0.00859375
16 0.58828125 0.3765625 0.00625 0.0171875
2 0.59609375 0.37890625 0.0078125 0.0171875
2 0.6015625 0.38046875 0.00546875 0.01640625
2 0.89140625 0.43046875 0.00625 0.01796875
16 0.29609375 0.33125 0.01328125 0.01015625
16 0.52578125 0.3703125 0.0125 0.00859375
2 0.446875 0.36171875 0.0140625 0.0078125
2 0.7953125 0.42421875 0.00625 0.0171875
16 0.446875 0.371875 0.0109375 0.0078125
2 0.58984375 0.409375 0.01484375 0.0109375
2 0.52734375 0.41015625 0.00703125 0.01796875
2 0.5875 0.425 0.0140625 0.01015625
16 0.46796875 0.4140625 0.0109375 0.00703125
16 0.484375 0.4234375 0.0109375 0.00625
2 0.47109375 0.42265625 0.01328125 0.00703125
2 0.59609375 0.446875 0.0078125 0.01875
2 0.24921875 0.38984375 0.0078125 0.01796875
2 0.46953125 0.4296875 0.0125 0.0109375
16 0.484375 0.4328125 0.0109375 0.00859375
2 0.66875 0.46484375 0.0078125 0.01796875
16 0.45625 0.4296875 0.0125 0.00859375
4 0.54921875 0.45234375 0.0828125 0.48828125
2 0.525 0.44765625 0.00625 0.01875
16 0.28046875 0.4359375 0.01328125 0.00859375
2 0.2546875 0.43125 0.01328125 0.009375
2 0.51640625 0.4875 0.0171875 0.01171875