2 0.2265625 0.5109375 0.01796875 0.01015625
2 0.225 0.52265625 0.01640625 0.01015625
2 0.22421875 0.53359375 0.0171875 0.009375
2 0.22265625 0.54453125 0.01796875 0.01015625
2 0.2 0.01015625 0.00625 0.009375
16 0.21171875 0.0125 0.0203125 0.01640625
2 0.48046875 0.58359375 0.00859375 0.01875
16 0.06015625 0.57578125 0.01328125 0.025
16 0.00234375 0.5796875 0.00390625 0.015625
4 0.965625 0.68984375 0.06796875 0.3984375
4 0.88125 0.68125 0.084375 0.40703125
2 0.4859375 0.64375 0.0078125 0.0140625
16 0.05390625 0.60234375 0.0140625 0.0125
2 0.00390625 0.596875 0.0078125 0.01484375
9 0.50625 0.66640625 0.0265625 0.0375
2 0.3265625 0.64921875 0.01953125 0.0125
20 0.0203125 0.625 0.03984375 0.0609375
2 0.325 0.659375 0.01796875 0.01171875
2 0.790625 0.71875 0.00703125 0.01015625
2 0.784375 0.71796875 0.00546875 0.01171875
2 0.1984375 0.021875 0.00546875 0.009375
9 0.59453125 0.70703125 0.0609375 0.09296875
2 0.47890625 0.7015625 0.0203125 0.01171875
2 0.4375 0.70078125 0.0140625 0.00703125
16 0.2484375 0.684375 0.0171875 0.01328125
16 0.2375 0.68359375 0.00703125 0.01328125
2 0.23125 0.68359375 0.00703125 0.01484375
16 0.2578125 0.6875 0.00703125 0.01484375
9 0.2421875 0.71015625 0.0296875 0.03828125
2 0.6234375 0.7515625 0.01015625 0.00625
2 0.634375 0.75625 0.01015625 0.01796875
2 0.13828125 0.70546875 0.0125 0.0078125
2 0.2578125 0.721875 0.00703125 0.01328125
4 0.77265625 0.7828125 0.04609375 0.11015625
2 0.10546875 0.721875 0.0078125 0.01328125
9 0.503125 0.765625 0.02578125 0.034375
9 0.5390625 0.7765625 0.03828125 0.02734375
2 0.5078125 0.78828125 0.00859375 0.00625
2 0.52109375 0.790625 0.01328125 0.00546875
2 0.796875 0.0984375 0.0390625 0.0359375
2 0.26015625 0.79140625 0.0171875 0.009375
16 0.13828125 0.7828125 0.009375 0.00625
16 0.1375 0.78828125 0.0125 0.00703125
9 0.59609375 0.8375 0.08515625 0.0875
2 0.209375 0.8 0.01171875 0.0203125
20 0.23125 0.80703125 0.03984375 0.05625
20 0.31328125 0.8234375 0.05390625 0.04140625
20 0.47109375 0.8484375 0.01484375 0.01875
9 0.1359375 0.040625 0.11953125 0.08125
20 0.44921875 0.86484375 0.01484375 0.01953125
20 0.46953125 0.86796875 0.015625 0.02109375
20 0.8234375 0.10703125 0.03671875 0.05703125
20 0.56796875 0.890625 0.0171875 0.02265625
16 0.76875 0.92265625 0.009375 0.01875
4 0.796875 0.93203125 0.0296875 0.0609375
2 0.84375 0.93984375 0.0125 0.00625
9 0.3109375 0.884375 0.01640625 0.01484375
4 0.34296875 0.059375 0.2453125 0.08046875
2 0.63203125 0.92109375 0.0125 0.00625
16 0.68515625 0.92734375 0.01171875 0.01796875
16 0.69375 0.92734375 0.0109375 0.0203125
2 0.84453125 0.94609375 0.0125 0.00703125
16 0.66171875 0.9265625 0.0109375 0.00625
2 0.26640625 0.8859375 0.00703125 0.0109375
2 0.253125 0.884375 0.00546875 0.0109375
2 0.26015625 0.8859375 0.0046875 0.0109375
2 0.77890625 0.94296875 0.00390625 0.0078125
16 0.7515625 0.940625 0.0078125 0.01171875
2 0.63046875 0.928125 0.0125 0.00546875
16 0.66171875 0.9328125 0.0125 0.00625
2 0.74375 0.94453125 0.00625 0.0109375
2 0.6296875 0.934375 0.0109375 0.00625
16 0.6609375 0.9390625 0.0125 0.00546875
9 0.31015625 0.90234375 0.01875 0.01875
2 0.29609375 0.91484375 0.00546875 0.009375
2 0.28984375 0.915625 0.00703125 0.0109375
2 0.284375 0.91484375 0.00546875 0.009375
16 0.315625 0.921875 0.00703125 0.01328125
16 0.3046875 0.921875 0.00546875 0.0140625
9 0.74609375 0.97265625 0.05390625 0.053125
2 0.71171875 0.97734375 0.0125 0.00703125
2 0.71171875 0.98359375 0.0125 0.00625
2 0.775 0.98984375 0.01015625 0.0046875
2 0.709375 0.99453125 0.01015625 0.00703125
4 0.3546875 0.94453125 0.08203125 0.090625
4 0.45078125 0.94921875 0.09140625 0.1
2 0.709375 0.99765625 0.0265625 0.0046875
4 0.159375 0.91875 0.2609375 0.11953125
4 0.5984375 0.95546875 0.078125 0.08828125
4 0.61640625 0.09921875 0.27109375 0.07890625
16 0.19765625 0.06796875 0.00546875 0.009375
2 0.80703125 0.134375 0.00859375 0.00625
4 0.059375 0.05390625 0.03203125 0.053125
16 0.8171875 0.1359375 0.01015625 0.00703125
16 0.20234375 0.06953125 0.00546875 0.009375
2 0.875 0.14453125 0.01015625 0.00625
2 0.09921875 0.075 0.00859375 0.00625
2 0.08046875 0.07421875 0.00390625 0.00859375
2 0.99140625 0.171875 0.00625 0.009375
16 0.85390625 0.16015625 0.00625 0.0109375
2 0.134375 0.0828125 0.00390625 0.0078125
16 0.8828125 0.16640625 0.0078125 0.01328125
2 0.15078125 0.08828125 0.0046875 0.009375
20 0.40390625 0.11640625 0.05390625 0.03984375
20 0.22109375 0.0984375 0.05390625 0.03984375
2 0.92109375 0.17421875 0.01015625 0.0203125
20 0.35234375 0.11328125 0.05625 0.03984375
16 0.04609375 0.08046875 0.01015625 0.00625
20 0.63515625 0.1453125 0.0140625 0.01953125
16 0.9890625 0.18359375 0.00703125 0.01171875
20 0.559375 0.13671875 0.015625 0.021875
2 0.853125 0.17109375 0.00546875 0.009375
2 0.94140625 0.18046875 0.00703125 0.009375
2 0.94765625 0.18125 0.00546875 0.009375
2 0.953125 0.18203125 0.00546875 0.009375
2 0.959375 0.1828125 0.00546875 0.009375
16 0.04609375 0.08515625 0.01015625 0.00625
2 0.58125 0.1453125 0.00546875 0.009375
20 0.478125 0.13515625 0.06015625 0.04140625
2 0.9890625 0.19375 0.0046875 0.0078125
2 0.06953125 0.09609375 0.01015625 0.00625
20 0.55234375 0.1515625 0.015625 0.01328125
2 0.1671875 0.11328125 0.01171875 0.00625
16 0.1796875 0.1140625 0.00546875 0.01015625
2 0.9234375 0.19453125 0.00625 0.009375
9 0.60078125 0.16015625 0.0359375 0.046875
2 0.934375 0.196875 0.00546875 0.0109375
2 0.58046875 0.159375 0.00546875 0.00859375
20 0.1078125 0.1109375 0.015625 0.01328125
9 0.665625 0.1734375 0.04453125 0.040625
2 0.8453125 0.19296875 0.00546875 0.0078125
2 0.8546875 0.19453125 0.0046875 0.00859375
2 0.85078125 0.19375 0.00390625 0.0078125
2 0.8640625 0.1953125 0.00546875 0.009375
2 0.86875 0.19609375 0.00390625 0.009375
2 0.8734375 0.196875 0.00546875 0.0078125
2 0.859375 0.1953125 0.00546875 0.00859375
2 0.87734375 0.196875 0.00625 0.009375
2 0.88828125 0.19921875 0.0109375 0.00625
9 0.1421875 0.12109375 0.03671875 0.03046875
16 0.1765625 0.12578125 0.00625 0.01328125
20 0.63046875 0.17578125 0.015625 0.0203125
2 0.16484375 0.12734375 0.01171875 0.00625
20 0.77734375 0.19375 0.0390625 0.05625
2 0.5796875 0.175 0.00625 0.00859375
9 0.28203125 0.14296875 0.03671875 0.0296875
9 0.08203125 0.12265625 0.03515625 0.04296875
20 0.5640625 0.17578125 0.01953125 0.0171875
2 0.54921875 0.17578125 0.01171875 0.00625
20 0.16796875 0.13984375 0.021875 0.01640625
16 0.99765625 0.23203125 0.00390625 0.01328125
2 0.4609375 0.18515625 0.00546875 0.0109375
2 0.61875 0.20390625 0.00625 0.01015625
2 0.57265625 0.19921875 0.00546875 0.009375
2 0.58125 0.20078125 0.00546875 0.0109375
2 0.59921875 0.20234375 0.00703125 0.009375
2 0.453125 0.18828125 0.01171875 0.02421875
2 0.534375 0.2015625 0.00546875 0.01015625
2 0.6546875 0.2140625 0.00859375 0.009375
2 0.64765625 0.2140625 0.00625 0.01015625
2 0.97109375 0.25390625 0.01015625 0.00625
20 0.9953125 0.26953125 0.00859375 0.0140625
4 0.40859375 0.22109375 0.7625 0.13515625
2 0.96875 0.2859375 0.01015625 0.0078125
2 0.978125 0.31171875 0.01015625 0.00546875
2 0.97734375 0.3171875 0.009375 0.00625
4 0.40234375 0.26015625 0.7546875 0.11953125
2 0.97578125 0.340625 0.01015625 0.00703125
20 0.12265625 0.25234375 0.01875 0.015625
16 0.959375 0.3453125 0.0109375 0.00625
2 0.9796875 0.3484375 0.01015625 0.00625
2 0.959375 0.35 0.00859375 0.00546875
2 0.975 0.35390625 0.01015625 0.0046875
16 0.14921875 0.26640625 0.0125 0.00625
2 0.9578125 0.35546875 0.0109375 0.00546875
2 0.975 0.359375 0.00859375 0.00625
16 0.171875 0.27265625 0.0125 0.00625
16 0.1375 0.271875 0.0109375 0.00625
16 0.9578125 0.3609375 0.01015625 0.00546875
16 0.15625 0.27421875 0.0125 0.00625
2 0.1265625 0.27109375 0.009375 0.00546875
16 0.9859375 0.3640625 0.009375 0.00625
16 0.11640625 0.27109375 0.0109375 0.00625
16 0.96640625 0.36640625 0.00390625 0.0109375
16 0.95703125 0.3671875 0.009375 0.0046875
2 0.17109375 0.28359375 0.0125 0.00546875
16 0.1 0.27734375 0.0125 0.00625
2 0.95703125 0.371875 0.0109375 0.00546875
16 0.11875 0.28203125 0.00703125 0.01171875
2 0.11484375 0.28203125 0.00546875 0.01171875
16 0.05390625 0.278125 0.0125 0.00625
16 0.09921875 0.28359375 0.01171875 0.00625
2 0.0296875 0.278125 0.0125 0.00625
16 0.07421875 0.2828125 0.0125 0.0078125
2 0.90078125 0.375 0.0125 0.00625
16 0.0984375 0.28984375 0.0125 0.00625
20 0.06171875 0.28671875 0.015625 0.0171875
16 0.1703125 0.3015625 0.01171875 0.00546875
9 0.13984375 0.29921875 0.040625 0.05
16 0.09765625 0.2953125 0.01171875 0.00625
2 0.16953125 0.30625 0.01015625 0.00546875
20 0.9828125 0.39375 0.01953125 0.015625
16 0.09765625 0.3015625 0.0125 0.00703125
2 0.90078125 0.38984375 0.01953125 0.0109375
9 0.03671875 0.2984375 0.040625 0.04140625
16 0.95703125 0.39765625 0.009375 0.00703125
2 0.1609375 0.31328125 0.00625 0.01171875
2 0.11328125 0.31953125 0.01015625 0.00703125
2 0.18359375 0.32890625 0.00703125 0.0125
2 0.25703125 0.3390625 0.00546875 0.0125
2 0.9453125 0.41328125 0.00546875 0.009375
2 0.02421875 0.31640625 0.01171875 0.01171875
2 0.28203125 0.34375 0.00703125 0.01171875
2 0.11171875 0.32734375 0.0140625 0.00703125
20 0.85078125 0.42890625 0.0265625 0.0296875
2 0.93125 0.44375 0.00546875 0.01171875
20 0.90390625 0.44375 0.015625 0.02109375
4 0.34375 0.025 0.23828125 0.04921875
4 0.621875 0.040625 0.2703125 0.08046875