2 0.22421875 0.5671875 0.01796875 0.01171875
2 0.22578125 0.578125 0.01640625 0.0109375
2 0.22734375 0.58828125 0.01640625 0.01015625
2 0.2296875 0.59921875 0.01796875 0.01171875
2 0.06328125 0.1171875 0.00625 0.009375
16 0.07421875 0.115625 0.0203125 0.0171875
2 0.4765625 0.56171875 0.01015625 0.01796875
16 0.0890625 0.675 0.01484375 0.02421875
16 0.03515625 0.6953125 0.01015625 0.01484375
4 0.95 0.5171875 0.0984375 0.38203125
4 0.86953125 0.53515625 0.1125 0.38828125
2 0.49765625 0.61484375 0.00859375 0.0140625
16 0.09140625 0.7015625 0.0140625 0.01328125
2 0.03984375 0.7109375 0.01640625 0.01484375
9 0.521875 0.62890625 0.028125 0.0375
2 0.35390625 0.66484375 0.01953125 0.01328125
20 0.059375 0.73359375 0.05703125 0.06171875
2 0.3546875 0.675 0.01796875 0.0125
2 0.796875 0.5953125 0.0078125 0.01015625
2 0.790625 0.596875 0.00625 0.0109375
2 0.06484375 0.128125 0.00625 0.009375
9 0.61484375 0.63984375 0.06484375 0.09140625
2 0.50703125 0.66953125 0.0203125 0.0125
2 0.46875 0.68046875 0.01328125 0.0078125
16 0.29140625 0.71953125 0.01796875 0.01484375
16 0.28125 0.72265625 0.0078125 0.01328125
2 0.27578125 0.72421875 0.0078125 0.0140625
16 0.30078125 0.71953125 0.0078125 0.0140625
9 0.29296875 0.74453125 0.03046875 0.03828125
2 0.65234375 0.6734375 0.01015625 0.00625
2 0.6640625 0.675 0.01171875 0.01796875
2 0.196875 0.77109375 0.01171875 0.00859375
2 0.31015625 0.7515625 0.0078125 0.01328125
4 0.79765625 0.659375 0.05234375 0.10703125
2 0.1703125 0.7953125 0.00859375 0.01328125
9 0.546875 0.72109375 0.0265625 0.034375
9 0.58203125 0.72109375 0.0375 0.02890625
2 0.55703125 0.73984375 0.0078125 0.00625
2 0.56953125 0.73828125 0.0125 0.00625
2 0.634375 0.02578125 0.0390625 0.03671875
2 0.33203125 0.8140625 0.0171875 0.0109375
16 0.2171875 0.84140625 0.009375 0.00625
16 0.21796875 0.846875 0.0125 0.0078125
9 0.65078125 0.76015625 0.0875 0.0890625
2 0.28671875 0.83671875 0.01171875 0.01953125
20 0.309375 0.83671875 0.0421875 0.05625
20 0.3890625 0.82890625 0.05390625 0.04296875
20 0.53984375 0.80625 0.015625 0.01953125
9 0.03515625 0.15390625 0.0703125 0.10546875
20 0.52421875 0.82734375 0.015625 0.01953125
20 0.54296875 0.82421875 0.01640625 0.02109375
20 0.6609375 0.02734375 0.0390625 0.0546875
20 0.63984375 0.81640625 0.01796875 0.02265625
16 0.83203125 0.78828125 0.0109375 0.01875
4 0.86015625 0.7890625 0.0328125 0.059375
2 0.90546875 0.78203125 0.01171875 0.00703125
9 0.40234375 0.88515625 0.01640625 0.015625
4 0.2078125 0.12109375 0.2359375 0.09609375
2 0.70703125 0.82578125 0.01171875 0.00703125
16 0.75703125 0.81640625 0.0125 0.01796875
16 0.76484375 0.81484375 0.01171875 0.01953125
2 0.9078125 0.7875 0.0125 0.0078125
16 0.7359375 0.82265625 0.0109375 0.00703125
2 0.3625 0.8984375 0.00703125 0.0109375
2 0.35 0.90078125 0.00625 0.01015625
2 0.35703125 0.90078125 0.0046875 0.01015625
2 0.846875 0.80390625 0.0046875 0.00703125
16 0.82109375 0.809375 0.00859375 0.01171875
2 0.70703125 0.83359375 0.01171875 0.00625
16 0.73671875 0.828125 0.01171875 0.00703125
2 0.81484375 0.815625 0.00625 0.0109375
2 0.70859375 0.8390625 0.0109375 0.00703125
16 0.73828125 0.834375 0.01171875 0.00625
9 0.40703125 0.9015625 0.01875 0.01953125
2 0.396875 0.9171875 0.00625 0.009375
2 0.3921875 0.91953125 0.00703125 0.0109375
2 0.38671875 0.9203125 0.00546875 0.00859375
16 0.41796875 0.91796875 0.0078125 0.01328125
16 0.4078125 0.92109375 0.00625 0.01328125
9 0.825 0.84296875 0.0546875 0.0578125
2 0.7953125 0.85390625 0.0125 0.0078125
2 0.79609375 0.86015625 0.01171875 0.00703125
2 0.85625 0.8484375 0.009375 0.00546875
2 0.796875 0.87109375 0.0109375 0.00703125
4 0.46328125 0.940625 0.08984375 0.11796875
4 0.55234375 0.92578125 0.1015625 0.14453125
2 0.8546875 0.86640625 0.00703125 0.01171875
2 0.815625 0.875 0.0078125 0.01171875
2 0.79921875 0.878125 0.025 0.015625
4 0.27890625 0.9453125 0.2640625 0.1078125
4 0.6921875 0.8984375 0.08984375 0.15234375
16 0.8609375 0.00234375 0.0078125 0.00390625
16 0.865625 0.0015625 0.00859375 0.003125
4 0.46875 0.07890625 0.26015625 0.096875
20 0.87734375 0.0078125 0.0171875 0.01484375
16 0.896875 0.0015625 0.0125 0.003125
16 0.89921875 0.00546875 0.0125 0.00859375
16 0.07734375 0.17109375 0.00625 0.00859375
2 0.65234375 0.05625 0.009375 0.00703125
16 0.6625 0.0546875 0.0109375 0.00703125
16 0.08203125 0.1703125 0.00625 0.009375
2 0.71796875 0.0453125 0.01015625 0.00625
2 0.83125 0.03828125 0.00625 0.01015625
16 0.70234375 0.06640625 0.00625 0.0109375
2 0.0234375 0.203125 0.0046875 0.0078125
16 0.73046875 0.06328125 0.00859375 0.01328125
2 0.0390625 0.20234375 0.0046875 0.009375
20 0.27890625 0.15546875 0.053125 0.0421875
20 0.10703125 0.1921875 0.05390625 0.0421875
2 0.76796875 0.06015625 0.0109375 0.0203125
20 0.23046875 0.1671875 0.05625 0.0421875
20 0.4984375 0.11484375 0.01484375 0.01953125
16 0.8328125 0.0484375 0.0078125 0.01171875
20 0.4265625 0.12890625 0.01640625 0.02265625
2 0.7046875 0.0765625 0.00625 0.00859375
2 0.78828125 0.06015625 0.00703125 0.009375
2 0.79375 0.05859375 0.00546875 0.009375
2 0.79921875 0.0578125 0.00625 0.009375
2 0.80546875 0.05703125 0.00625 0.009375
2 0.44921875 0.13046875 0.00625 0.009375
20 0.35234375 0.1515625 0.059375 0.04375
2 0.83515625 0.05859375 0.0046875 0.00703125
20 0.42421875 0.1453125 0.015625 0.01328125
2 0.0609375 0.2203125 0.0109375 0.00703125
16 0.0734375 0.21796875 0.00546875 0.01015625
2 0.77578125 0.07734375 0.00625 0.01015625
9 0.47109375 0.1390625 0.0375 0.046875
2 0.7859375 0.0765625 0.00625 0.01015625
2 0.45234375 0.14375 0.00625 0.00859375
9 0.896875 0.05546875 0.0671875 0.08515625
20 0.00703125 0.23515625 0.0140625 0.0140625
9 0.53359375 0.13203125 0.04453125 0.04140625
2 0.70390625 0.0984375 0.00625 0.0078125
2 0.71328125 0.096875 0.0046875 0.00859375
2 0.70859375 0.0984375 0.0046875 0.0078125
2 0.721875 0.0953125 0.00546875 0.00859375
2 0.72578125 0.09453125 0.00390625 0.009375
2 0.73046875 0.09375 0.00625 0.0078125
2 0.7171875 0.096875 0.00546875 0.00859375
2 0.734375 0.09296875 0.00625 0.009375
2 0.74453125 0.0921875 0.0109375 0.00703125
9 0.040625 0.23515625 0.03671875 0.03125
16 0.0734375 0.2296875 0.00703125 0.0125
20 0.50234375 0.14453125 0.015625 0.0203125
2 0.06328125 0.234375 0.01171875 0.00703125
20 0.6421875 0.11953125 0.04140625 0.05625
2 0.45546875 0.15859375 0.00625 0.00859375
9 0.175 0.21484375 0.03671875 0.03125
20 0.44140625 0.16328125 0.01953125 0.01796875
2 0.428125 0.16796875 0.0109375 0.00703125
20 0.06953125 0.24453125 0.02109375 0.01796875
16 0.85390625 0.090625 0.00625 0.01171875
2 0.35 0.20234375 0.00625 0.01015625
2 0.5 0.17421875 0.00625 0.01015625
2 0.45546875 0.1828125 0.00625 0.00859375
2 0.4640625 0.18203125 0.00625 0.01015625
2 0.48125 0.178125 0.0078125 0.009375
2 0.34375 0.2078125 0.01328125 0.0234375
2 0.42109375 0.1953125 0.00625 0.01015625
2 0.534375 0.17265625 0.00859375 0.01015625
2 0.528125 0.175 0.00625 0.01015625
2 0.83515625 0.11875 0.0109375 0.00703125
16 0.8765625 0.115625 0.0109375 0.01796875
20 0.8640625 0.125 0.01484375 0.0140625
4 0.3375 0.24921875 0.67421875 0.19296875
2 0.8421875 0.1484375 0.0109375 0.0078125
2 0.8578125 0.16953125 0.009375 0.00546875
2 0.8578125 0.17421875 0.009375 0.00625
4 0.3375 0.2875 0.675 0.17890625
2 0.86328125 0.19609375 0.01015625 0.00703125
20 0.05859375 0.3609375 0.01796875 0.01640625
16 0.85 0.2046875 0.0109375 0.00703125
2 0.86875 0.20234375 0.01015625 0.00625
2 0.85078125 0.209375 0.0078125 0.00546875
2 0.86640625 0.209375 0.009375 0.0046875
16 0.08671875 0.36640625 0.01171875 0.00703125
2 0.85078125 0.21484375 0.0109375 0.00625
2 0.86796875 0.21328125 0.0078125 0.00625
16 0.10859375 0.365625 0.01171875 0.00703125
16 0.078125 0.37421875 0.0109375 0.00703125
16 0.85234375 0.21953125 0.009375 0.00546875
16 0.0953125 0.37109375 0.01171875 0.00703125
2 0.0671875 0.3765625 0.009375 0.00546875
16 0.87890625 0.21484375 0.009375 0.00625
16 0.0578125 0.37890625 0.0109375 0.00703125
16 0.86171875 0.2234375 0.0046875 0.01015625
16 0.853125 0.22578125 0.009375 0.0046875
2 0.1109375 0.37578125 0.01171875 0.00625
16 0.0453125 0.38984375 0.01171875 0.00703125
2 0.8546875 0.2296875 0.0109375 0.00625
16 0.0640625 0.3890625 0.0078125 0.01171875
2 0.059375 0.390625 0.00625 0.0109375
16 0.0046875 0.40390625 0.009375 0.00703125
16 0.0453125 0.39609375 0.0109375 0.00703125
16 0.02265625 0.40234375 0.01171875 0.00859375
2 0.80390625 0.24921875 0.01171875 0.00703125
16 0.046875 0.40234375 0.01171875 0.00703125
20 0.0125 0.41015625 0.015625 0.0171875
16 0.115625 0.39140625 0.0109375 0.00625
9 0.08671875 0.3984375 0.0421875 0.05
16 0.04765625 0.4078125 0.0109375 0.00703125
2 0.11640625 0.396875 0.009375 0.00546875
20 0.884375 0.24375 0.01953125 0.01640625
16 0.04921875 0.4125 0.01171875 0.0078125
2 0.034375 0.1 0.0046875 0.009375
2 0.8078125 0.2625 0.01953125 0.01171875
9 0.00703125 0.42734375 0.01328125 0.0421875
16 0.8609375 0.2546875 0.009375 0.00703125
2 0.11015625 0.40546875 0.00703125 0.01171875
2 0.06796875 0.425 0.01015625 0.00703125
2 0.1359375 0.41328125 0.0078125 0.0125
2 0.20625 0.4015625 0.00625 0.01171875
2 0.85546875 0.271875 0.00546875 0.00859375
2 0.0421875 0.10078125 0.00625 0.009375
2 0.2296875 0.39921875 0.0078125 0.01171875
2 0.06875 0.4328125 0.01328125 0.0078125
2 0.9484375 0.26171875 0.03828125 0.04921875
20 0.77265625 0.3125 0.02734375 0.03046875
2 0.85078125 0.303125 0.00625 0.0109375
20 0.82578125 0.31171875 0.01640625 0.02109375
4 0.1953125 0.0765625 0.22890625 0.0921875
4 0.4578125 0.03671875 0.2609375 0.0734375