2 0.78359375 0.6234375 0.01328125 0.0109375
2 0.78203125 0.63046875 0.0125 0.009375
2 0.7796875 0.640625 0.01484375 0.00859375
2 0.77734375 0.64765625 0.0125 0.00859375
16 0.60390625 0.60390625 0.0125 0.00859375
16 0.578125 0.5984375 0.01015625 0.0078125
16 0.590625 0.60234375 0.01015625 0.00703125
16 0.53046875 0.58671875 0.0078125 0.015625
16 0.52421875 0.5859375 0.0078125 0.01484375
16 0.55390625 0.59609375 0.0078125 0.015625
16 0.56171875 0.5984375 0.0078125 0.0125
2 0.775 0.66171875 0.01484375 0.01015625
16 0.603125 0.6109375 0.01015625 0.00625
16 0.58984375 0.6078125 0.0109375 0.00859375
16 0.5765625 0.60546875 0.01171875 0.00859375
2 0.04921875 0.45078125 0.01328125 0.00859375
16 0.51484375 0.5921875 0.0078125 0.015625
16 0.51015625 0.59140625 0.0046875 0.01171875
2 0.771875 0.6703125 0.0171875 0.0125
16 0.5359375 0.60078125 0.0125 0.00859375
2 0.04765625 0.4578125 0.0125 0.00859375
16 0.525 0.603125 0.00625 0.0125
16 0.61484375 0.63046875 0.00703125 0.015625
16 0.56484375 0.61640625 0.00625 0.01640625
16 0.57109375 0.61796875 0.00859375 0.01953125
16 0.609375 0.62890625 0.00703125 0.01640625
16 0.534375 0.6078125 0.01171875 0.00859375
16 0.559375 0.61484375 0.00703125 0.015625
16 0.55390625 0.61484375 0.00625 0.0140625
2 0.771875 0.68125 0.01484375 0.01015625
2 0.0234375 0.46328125 0.0203125 0.015625
16 0.57890625 0.63046875 0.01328125 0.009375
2 0.7703125 0.68828125 0.0140625 0.00859375
20 0.64140625 0.6609375 0.01796875 0.02265625
2 0.7671875 0.70390625 0.01328125 0.00859375
16 0.06875 0.5 0.0078125 0.015625
2 0.5125 0.63046875 0.0078125 0.0125
2 0.57265625 0.653125 0.00703125 0.015625
2 0.7640625 0.7109375 0.0140625 0.009375
16 0.65078125 0.68046875 0.0078125 0.01484375
2 0.73046875 0.70390625 0.0109375 0.00859375
16 0.6265625 0.6734375 0.01171875 0.00703125
2 0.7296875 0.7109375 0.01171875 0.00859375
16 0.065625 0.5171875 0.009375 0.015625
2 0.34296875 0.603125 0.00625 0.0171875
2 0.3484375 0.60703125 0.00703125 0.015625
2 0.35625 0.61015625 0.01015625 0.021875
2 0.65078125 0.6984375 0.01484375 0.01640625
16 0.621875 0.6890625 0.0125 0.0078125
16 0.61875 0.69921875 0.01328125 0.00859375
2 0.66875 0.71640625 0.01484375 0.0125
16 0.521875 0.67578125 0.01328125 0.0109375
16 0.61875 0.7046875 0.0125 0.00703125
16 0.5203125 0.68359375 0.01328125 0.00859375
16 0.615625 0.7125 0.01328125 0.009375
16 0.51796875 0.69140625 0.01328125 0.00859375
16 0.62265625 0.721875 0.01171875 0.00546875
16 0.278125 0.6265625 0.0125 0.00625
16 0.25703125 0.62421875 0.02109375 0.015625
16 0.5171875 0.7 0.0140625 0.009375
16 0.62109375 0.73125 0.01171875 0.00859375
16 0.18046875 0.60234375 0.0171875 0.01328125
9 0.57109375 0.71796875 0.0734375 0.109375
2 0.27734375 0.63359375 0.01328125 0.0078125
2 0.2 0.6109375 0.01328125 0.00859375
16 0.51484375 0.7046875 0.0125 0.00859375
16 0.42578125 0.68125 0.01484375 0.01171875
16 0.61953125 0.7390625 0.01328125 0.00859375
2 0.43984375 0.68671875 0.01015625 0.00859375
16 0.51328125 0.71328125 0.01640625 0.01171875
20 0.00546875 0.5640625 0.01015625 0.01953125
16 0.51328125 0.7203125 0.0140625 0.01015625
2 0.61484375 0.7515625 0.01171875 0.0078125
2 0.0015625 0.5734375 0.003125 0.009375
2 0.0078125 0.57890625 0.00859375 0.009375
16 0.51015625 0.7296875 0.01484375 0.00859375
2 0.6140625 0.765625 0.0125 0.00703125
2 0.60234375 0.7671875 0.00859375 0.015625
2 0.6125 0.77109375 0.01328125 0.00703125
16 0.52734375 0.7484375 0.0109375 0.00859375
20 0.00703125 0.596875 0.0140625 0.0328125
2 0.6015625 0.778125 0.00859375 0.00546875
2 0.01484375 0.60703125 0.0078125 0.015625
2 0.53828125 0.765625 0.0109375 0.00859375
2 0.56171875 0.7734375 0.01015625 0.00703125
16 0.575 0.7765625 0.01015625 0.0078125
16 0.51875 0.76484375 0.00703125 0.015625
2 0.00703125 0.61875 0.0125 0.00859375
16 0.00625 0.6265625 0.01015625 0.00859375
16 0.228125 0.69453125 0.01015625 0.01796875
16 0.20625 0.68828125 0.009375 0.01796875
16 0.234375 0.696875 0.00625 0.015625
16 0.19765625 0.6859375 0.0078125 0.015625
2 0.58125 0.80078125 0.01171875 0.01015625
16 0.45234375 0.775 0.0078125 0.01484375
2 0.69765625 0.8484375 0.0078125 0.015625
2 0.6890625 0.846875 0.0078125 0.01640625
2 0.67578125 0.85 0.0078125 0.00625
16 0.73125 0.8671875 0.0078125 0.01328125
2 0.74609375 0.871875 0.025 0.01953125
20 0.9078125 0.92890625 0.01875 0.02265625
20 0.8921875 0.93125 0.01328125 0.015625
2 0.63515625 0.85546875 0.01171875 0.01015625
2 0.65546875 0.86953125 0.01328125 0.00859375
2 0.6203125 0.8640625 0.00859375 0.00625
2 0.73046875 0.89765625 0.0140625 0.0109375
2 0.51953125 0.83671875 0.01328125 0.0125
2 0.48984375 0.828125 0.01328125 0.00859375
2 0.50625 0.8328125 0.0125 0.009375
2 0.5328125 0.84140625 0.01328125 0.01015625
2 0.546875 0.8453125 0.01328125 0.0109375
2 0.59453125 0.8609375 0.0125 0.00859375
16 0.5625 0.85390625 0.0140625 0.01015625
2 0.41484375 0.81171875 0.00859375 0.015625
2 0.728125 0.9046875 0.0125 0.0078125
2 0.65234375 0.88828125 0.0140625 0.01015625
16 0.82265625 0.0953125 0.0125 0.0109375
16 0.76171875 0.92890625 0.0078125 0.01484375
16 0.5671875 0.8796875 0.0125 0.0125
2 0.71953125 0.92578125 0.009375 0.0171875
16 0.26796875 0.79609375 0.00859375 0.0171875
9 0.80234375 0.94140625 0.10625 0.11640625
16 0.01796875 0.73046875 0.00625 0.015625
16 0.0296875 0.734375 0.0078125 0.01953125
16 0.02265625 0.73203125 0.00859375 0.01953125
16 0.0109375 0.72890625 0.009375 0.015625
16 0.090625 0.7546875 0.01484375 0.01015625
16 0.7515625 0.95078125 0.01484375 0.009375
9 0.04921875 0.74921875 0.04453125 0.0484375
16 0.384375 0.85 0.01484375 0.00859375
16 0.69765625 0.94375 0.01015625 0.015625
16 0.64140625 0.928125 0.01328125 0.00859375
2 0.67265625 0.9375 0.009375 0.01875
2 0.66015625 0.93515625 0.0078125 0.015625
2 0.6859375 0.94296875 0.0078125 0.015625
2 0.6671875 0.9375 0.00625 0.015625
2 0.6796875 0.9421875 0.0078125 0.01640625
2 0.65390625 0.93515625 0.00625 0.0125
2 0.31484375 0.85625 0.00625 0.01640625
2 0.3265625 0.8609375 0.00859375 0.01953125
2 0.6859375 0.96640625 0.02578125 0.01953125
2 0.3375 0.8640625 0.01015625 0.0203125
16 0.309375 0.85546875 0.0078125 0.01875
16 0.31953125 0.859375 0.0078125 0.01640625
16 0.33125 0.86328125 0.00625 0.015625
16 0.44609375 0.90390625 0.00859375 0.0171875
2 0.32421875 0.87890625 0.00703125 0.0140625
2 0.31328125 0.8765625 0.0078125 0.015625
2 0.33046875 0.90078125 0.00703125 0.0140625
2 0.33671875 0.903125 0.00625 0.0140625
16 0.81953125 0.10859375 0.01328125 0.00859375
2 0.66796875 0.06484375 0.01328125 0.00859375
16 0.53046875 0.02890625 0.01015625 0.00703125
2 0.69453125 0.07890625 0.01171875 0.01015625
16 0.66640625 0.0734375 0.01484375 0.009375
16 0.6015625 0.06640625 0.015625 0.0109375
16 0.75390625 0.11640625 0.0078125 0.0140625
2 0.99453125 0.1890625 0.009375 0.0171875
2 0.6 0.0734375 0.015625 0.01171875
16 0.59609375 0.0875 0.0078125 0.01640625
16 0.4375 0.04375 0.04375 0.05078125
2 0.475 0.05625 0.01484375 0.00859375
2 0.921875 0.1875 0.01328125 0.0109375
16 0.58828125 0.08984375 0.00859375 0.0171875
2 0.92109375 0.19375 0.01328125 0.00703125
16 0.56015625 0.0890625 0.00546875 0.0125
16 0.55390625 0.08828125 0.00703125 0.01328125
16 0.5453125 0.08515625 0.00546875 0.0109375
2 0.91953125 0.2015625 0.01328125 0.009375
2 0.87890625 0.18984375 0.009375 0.0171875
20 0.853125 0.18984375 0.0203125 0.0234375
2 0.86640625 0.19375 0.0078125 0.0171875
16 0.91796875 0.21171875 0.01328125 0.0125
16 0.48984375 0.08671875 0.00546875 0.0109375
16 0.49765625 0.08828125 0.00625 0.0109375
2 0.48125 0.0859375 0.0109375 0.00859375
16 0.90390625 0.21484375 0.01015625 0.0171875
16 0.915625 0.22109375 0.01328125 0.00859375
16 0.14609375 0.02578125 0.01328125 0.009375
16 0.14296875 0.03671875 0.01484375 0.00859375
2 0.47265625 0.140625 0.00546875 0.01015625
2 0.46015625 0.1375 0.00625 0.0125
2 0.44453125 0.13359375 0.00703125 0.0109375
2 0.45078125 0.1359375 0.00546875 0.0125
2 0.43046875 0.1296875 0.00859375 0.0125
2 0.5015625 0.1515625 0.01015625 0.01484375
16 0.13125 0.0796875 0.01328125 0.009375
20 0.13984375 0.09609375 0.0203125 0.0203125
16 0.153125 0.1140625 0.01328125 0.00859375
16 0.1375 0.109375 0.01328125 0.0078125
2 0.5359375 0.22890625 0.0078125 0.015625
2 0.4703125 0.2109375 0.0078125 0.01328125
2 0.55625 0.23671875 0.0078125 0.015625
2 0.50859375 0.2234375 0.01015625 0.0140625
2 0.40546875 0.19296875 0.0078125 0.01484375
16 0.0984375 0.11171875 0.00859375 0.015625
16 0.775 0.340625 0.00859375 0.01484375
20 0.81640625 0.35390625 0.0203125 0.01953125
20 0.78671875 0.35234375 0.01875 0.0203125
20 0.83125 0.365625 0.01796875 0.025
16 0.22578125 0.1890625 0.0125 0.009375
16 0.91015625 0.3921875 0.0078125 0.015625
16 0.80859375 0.36328125 0.01328125 0.00859375
16 0.771875 0.35390625 0.009375 0.0140625
16 0.2078125 0.18828125 0.01328125 0.009375
16 0.80703125 0.36953125 0.0125 0.009375
16 0.9984375 0.42890625 0.00234375 0.0203125
16 0.20703125 0.20234375 0.00625 0.0140625
16 0.76875 0.3671875 0.01171875 0.01015625
16 0.22421875 0.20703125 0.00625 0.015625
16 0.21875 0.20625 0.00625 0.0140625
16 0.2296875 0.209375 0.00703125 0.01328125
16 0.78671875 0.37421875 0.01328125 0.009375
16 0.83046875 0.3875 0.00625 0.015625
16 0.809375 0.38203125 0.00703125 0.01328125
16 0.9 0.409375 0.00859375 0.015625
20 0.81953125 0.3859375 0.01796875 0.02421875
20 0.08984375 0.175 0.0265625 0.025
16 0.16875 0.209375 0.00703125 0.015625
16 0.17578125 0.2109375 0.00703125 0.01484375
16 0.8140625 0.4015625 0.01328125 0.0109375
16 0.82578125 0.4078125 0.01171875 0.01796875
2 0.615625 0.35390625 0.01015625 0.01640625
2 0.62890625 0.35703125 0.01171875 0.01953125
2 0.54765625 0.33984375 0.015625 0.0171875
16 0.0765625 0.20234375 0.00703125 0.015625
16 0.81015625 0.42421875 0.01171875 0.0078125
2 0.51171875 0.3390625 0.01328125 0.01640625
20 0.08515625 0.21640625 0.01796875 0.02578125
16 0.0734375 0.21796875 0.00625 0.0125
16 0.79296875 0.43046875 0.0078125 0.015625
16 0.75234375 0.41953125 0.00703125 0.0171875
2 0.78125 0.42890625 0.0078125 0.015625
16 0.80078125 0.43515625 0.0078125 0.0140625
16 0.09921875 0.2328125 0.00859375 0.00625
2 0.81953125 0.446875 0.0140625 0.01015625
16 0.08671875 0.23203125 0.01328125 0.00859375
20 0.06796875 0.23359375 0.01484375 0.01953125
16 0.75625 0.4359375 0.00625 0.015625
2 0.81640625 0.45390625 0.0125 0.0109375
16 0.1 0.24453125 0.00625 0.0125
16 0.09453125 0.24375 0.00625 0.0125
16 0.74921875 0.4359375 0.00703125 0.0140625
16 0.76171875 0.43984375 0.0078125 0.0171875
2 0.8140625 0.46640625 0.0140625 0.01015625
16 0.07578125 0.25234375 0.0078125 0.015625
16 0.0921875 0.2578125 0.00703125 0.0125
16 0.0859375 0.25546875 0.00625 0.015625
16 0.08125 0.25546875 0.00703125 0.01484375
2 0.81328125 0.4734375 0.01484375 0.00859375
16 0.71640625 0.44609375 0.0171875 0.0109375
16 0.06796875 0.25625 0.00703125 0.01484375
20 0.115625 0.27109375 0.0171875 0.015625
2 0.8125 0.47890625 0.0125 0.00859375
16 0.71484375 0.45390625 0.0171875 0.00859375
2 0.06015625 0.2671875 0.0125 0.00859375
2 0.8125 0.48828125 0.01328125 0.009375
16 0.71171875 0.46015625 0.01484375 0.009375
16 0.128125 0.2890625 0.00625 0.01328125
20 0.11484375 0.2859375 0.02265625 0.02109375
16 0.07109375 0.27421875 0.00703125 0.0171875
9 0.0859375 0.2796875 0.02578125 0.03203125
16 0.05859375 0.27421875 0.0140625 0.009375
16 0.05703125 0.28203125 0.01484375 0.00859375
16 0.10859375 0.29765625 0.01015625 0.00625
16 0.06875 0.290625 0.0078125 0.0140625
9 0.13203125 0.31171875 0.02421875 0.02421875
2 0.05546875 0.2890625 0.0125 0.00859375
2 0.07890625 0.29921875 0.01484375 0.01171875
16 0.09375 0.3046875 0.00703125 0.01640625
16 0.08828125 0.30390625 0.00703125 0.0171875
20 0.109375 0.31015625 0.021875 0.02109375
2 0.7265625 0.49140625 0.025 0.0171875
2 0.0546875 0.2953125 0.01171875 0.00859375
2 0.80625 0.51875 0.01328125 0.00859375
16 0.07734375 0.30625 0.01328125 0.00859375
16 0.06484375 0.3046875 0.0078125 0.01328125
16 0.053125 0.3015625 0.0140625 0.01015625
2 0.80390625 0.5265625 0.01328125 0.0078125
9 0.128125 0.32890625 0.021875 0.021875
2 0.8015625 0.53125 0.01171875 0.00859375
16 0.1296875 0.3421875 0.00859375 0.00625
2 0.80078125 0.54140625 0.01328125 0.009375
2 0.7984375 0.54765625 0.01484375 0.00859375
2 0.796875 0.55625 0.01484375 0.00859375
2 0.7953125 0.5625 0.01171875 0.00859375
2 0.79375 0.57109375 0.01328125 0.01171875
2 0.7921875 0.57890625 0.01484375 0.01015625
2 0.79140625 0.5859375 0.0125 0.00859375
2 0.7890625 0.59296875 0.01328125 0.009375
2 0.78828125 0.59921875 0.01484375 0.01015625
16 0.03671875 0.3875 0.01328125 0.01015625
2 0.7859375 0.61015625 0.0109375 0.0078125
16 0.0484375 0.3984375 0.01328125 0.00859375
2 0.03515625 0.3953125 0.0125 0.00859375
2 0.78515625 0.61640625 0.01171875 0.00859375