2 0.3234375 0.1078125 0.03671875 0.0703125
2 0.2484375 0.14453125 0.0390625 0.06953125
2 0.12890625 0.19921875 0.034375 0.06171875
2 0.56015625 0.02734375 0.03828125 0.0546875
2 0.3859375 0.08984375 0.06015625 0.07109375
2 0.0359375 0.25234375 0.071875 0.1484375
16 0.16328125 0.25859375 0.01640625 0.05390625
2 0.17734375 0.25390625 0.034375 0.08125
16 0.1234375 0.27890625 0.01796875 0.046875
2 0.25234375 0.225 0.025 0.07890625
16 0.1109375 0.28828125 0.02109375 0.04609375
16 0.046875 0.3171875 0.01640625 0.05390625
16 0.53515625 0.10546875 0.01875 0.0546875
16 0.33125 0.1953125 0.01953125 0.05859375
16 0.13984375 0.27890625 0.0171875 0.0453125
16 0.15390625 0.2734375 0.01875 0.0703125
16 0.52265625 0.1125 0.01796875 0.046875
16 0.2453125 0.234375 0.01796875 0.046875
2 0.27734375 0.2234375 0.05078125 0.1140625
16 0.4828125 0.13359375 0.0171875 0.040625
16 0.31796875 0.2078125 0.021875 0.06171875
16 0.509375 0.125 0.0203125 0.040625
2 0.346875 0.1953125 0.021875 0.08046875
16 0.47109375 0.14296875 0.02109375 0.05078125
16 0.0390625 0.33046875 0.02421875 0.0625
16 0.4984375 0.13203125 0.01640625 0.053125
22 0.615625 0.08359375 0.128125 0.1359375
2 0.7203125 0.03984375 0.02109375 0.0640625
9 0.40859375 0.1765625 0.109375 0.13984375
2 0.6890625 0.0546875 0.025 0.06796875
2 0.703125 0.04921875 0.02421875 0.0734375
9 0.21015625 0.30859375 0.0046875 0.025
2 0.16875 0.3734375 0.040625 0.075
9 0.8796875 0.12890625 0.134375 0.14921875
16 0.534375 0.2796875 0.01484375 0.03203125
9 0.07265625 0.48125 0.12265625 0.1625
16 0.59453125 0.25625 0.0234375 0.0671875
9 0.46484375 0.315625 0.1328125 0.1625
9 0.25703125 0.41484375 0.1328125 0.1484375
9 0.7296875 0.2140625 0.19296875 0.178125
9 0.915625 0.3125 0.10859375 0.1375
9 0.096875 0.67265625 0.11953125 0.134375
9 0.546875 0.48046875 0.23671875 0.2703125
16 0.34765625 0.56796875 0.015625 0.0484375
9 0.2859375 0.596875 0.13984375 0.1703125
9 0.75703125 0.396875 0.146875 0.1734375
22 0.31015625 0.78203125 0.12578125 0.15078125
9 0.12109375 0.8671875 0.115625 0.13828125
9 0.57109375 0.86953125 0.14140625 0.178125
9 0.340625 0.95078125 0.1203125 0.0953125
16 0.40078125 0.94765625 0.028125 0.08046875
16 0.92421875 0.72265625 0.021875 0.06015625
16 0.684375 0.83046875 0.034375 0.07890625