2 0.22421875 0.45234375 0.01796875 0.01171875
2 0.22109375 0.46328125 0.015625 0.0109375
2 0.21875 0.4734375 0.01640625 0.01015625
2 0.21640625 0.48359375 0.01796875 0.01171875
2 0.45234375 0.54609375 0.01015625 0.01796875
16 0.0625 0.49609375 0.01484375 0.0234375
16 0.00625 0.49375 0.01015625 0.01484375
4 0.9015625 0.69453125 0.11953125 0.37109375
4 0.8140625 0.67578125 0.115625 0.378125
2 0.4515625 0.60234375 0.00859375 0.01328125
16 0.0546875 0.52109375 0.0140625 0.01328125
2 0.00625 0.50859375 0.0125 0.0140625
9 0.46796875 0.62421875 0.028125 0.03671875
2 0.30390625 0.590625 0.01875 0.01328125
20 0.02109375 0.53671875 0.0421875 0.0609375
2 0.30078125 0.6 0.0171875 0.0125
20 0.996875 0.1609375 0.0046875 0.0203125
2 0.7265625 0.70234375 0.00703125 0.01015625
2 0.72109375 0.70078125 0.00625 0.0109375
9 0.546875 0.67109375 0.0640625 0.08984375
2 0.43984375 0.6546875 0.01953125 0.0125
2 0.40078125 0.65 0.01328125 0.0078125
16 0.22734375 0.615625 0.0171875 0.0140625
16 0.2171875 0.6140625 0.00859375 0.01328125
2 0.21171875 0.61328125 0.00703125 0.0140625
16 0.2359375 0.61953125 0.00703125 0.0140625
9 0.21953125 0.63828125 0.03046875 0.0375
2 0.56875 0.715625 0.01015625 0.00625
2 0.578125 0.72109375 0.0109375 0.0171875
2 0.1234375 0.62421875 0.01171875 0.0078125
2 0.2328125 0.6515625 0.00859375 0.0125
4 0.70390625 0.759375 0.05234375 0.1046875
2 0.090625 0.6359375 0.00859375 0.0125
9 0.45546875 0.71640625 0.0265625 0.03359375
9 0.48828125 0.73046875 0.0375 0.02890625
2 0.4578125 0.7375 0.00859375 0.00625
2 0.4703125 0.74140625 0.0125 0.00625
2 0.79140625 0.12734375 0.0390625 0.03671875
2 0.228125 0.715625 0.01640625 0.0109375
16 0.115625 0.6953125 0.00859375 0.00625
16 0.11484375 0.70078125 0.0125 0.0078125
9 0.53515625 0.79296875 0.0859375 0.0875
2 0.1796875 0.71875 0.0125 0.01953125
20 0.2 0.728125 0.04140625 0.05546875
20 0.27421875 0.7515625 0.053125 0.04296875
20 0.41796875 0.78984375 0.01484375 0.01875
9 0.184375 0.025 0.11875 0.05
20 0.39609375 0.803125 0.015625 0.01953125
20 0.41484375 0.80859375 0.01640625 0.02109375
20 0.815625 0.1375 0.0390625 0.05546875
20 0.5046875 0.8390625 0.01796875 0.021875
16 0.99765625 0.18046875 0.003125 0.01328125
16 0.6875 0.8890625 0.0109375 0.01796875
4 0.7125 0.90078125 0.03203125 0.0578125
2 0.75546875 0.9125 0.01171875 0.00703125
9 0.265625 0.80703125 0.01640625 0.01484375
4 0.3734375 0.046875 0.23125 0.09375
2 0.5609375 0.87421875 0.0125 0.0078125
16 0.60859375 0.884375 0.0125 0.0171875
16 0.6171875 0.8859375 0.01171875 0.01953125
2 0.75546875 0.91796875 0.0125 0.0078125
16 0.58828125 0.88203125 0.0109375 0.00703125
2 0.225 0.80390625 0.00703125 0.0109375
2 0.21328125 0.8015625 0.00625 0.01015625
2 0.21875 0.80390625 0.00546875 0.01015625
2 0.6953125 0.9078125 0.0046875 0.00703125
16 0.66953125 0.90390625 0.00859375 0.01171875
2 0.55859375 0.88046875 0.0109375 0.00625
16 0.58671875 0.8875 0.0109375 0.00625
2 0.66171875 0.90703125 0.00703125 0.0109375
2 0.5578125 0.8859375 0.0109375 0.00703125
16 0.58515625 0.89296875 0.01171875 0.00625
9 0.2640625 0.82421875 0.01875 0.01875
2 0.24921875 0.834375 0.00625 0.009375
2 0.24375 0.834375 0.00703125 0.0109375
2 0.2390625 0.8328125 0.00546875 0.00859375
16 0.2671875 0.8421875 0.0078125 0.01328125
16 0.25703125 0.84140625 0.00625 0.01328125
9 0.6609375 0.93515625 0.0546875 0.05625
2 0.6296875 0.93359375 0.0125 0.0078125
2 0.628125 0.9390625 0.01171875 0.00703125
2 0.68671875 0.9515625 0.009375 0.00546875
2 0.625 0.94921875 0.01015625 0.0078125
4 0.2984375 0.88359375 0.0890625 0.121875
4 0.38515625 0.903125 0.1 0.1421875
2 0.67890625 0.96796875 0.00703125 0.01171875
2 0.640625 0.96015625 0.00703125 0.01171875
2 0.625 0.95703125 0.02421875 0.01484375
4 0.1234375 0.84921875 0.246875 0.18671875
4 0.51953125 0.92890625 0.09296875 0.14140625
4 0.6234375 0.11015625 0.253125 0.09921875
16 0.23828125 0.0390625 0.00625 0.009375
2 0.79765625 0.16171875 0.00859375 0.00625
4 0.11171875 0.01875 0.03515625 0.0375
16 0.80703125 0.1640625 0.01015625 0.0078125
16 0.24296875 0.040625 0.00625 0.009375
2 0.859375 0.17734375 0.01015625 0.00625
2 0.146875 0.0359375 0.00859375 0.00625
2 0.1296875 0.0328125 0.0046875 0.0078125
2 0.9640625 0.215625 0.00625 0.009375
16 0.83828125 0.18984375 0.00703125 0.0109375
2 0.17890625 0.046875 0.0046875 0.0078125
16 0.86484375 0.19921875 0.00859375 0.01328125
2 0.19296875 0.053125 0.0046875 0.009375
20 0.42578125 0.1046875 0.05234375 0.0421875
20 0.2578125 0.0703125 0.053125 0.0421875
2 0.8984375 0.21015625 0.0109375 0.01953125
20 0.37734375 0.09609375 0.0546875 0.0421875
16 0.096875 0.0359375 0.009375 0.00625
20 0.6375 0.15390625 0.01484375 0.01953125
16 0.96171875 0.225 0.00703125 0.0109375
20 0.5671875 0.1390625 0.01640625 0.021875
2 0.83671875 0.20078125 0.00625 0.009375
2 0.9171875 0.21796875 0.00703125 0.009375
2 0.9234375 0.21953125 0.00546875 0.009375
2 0.928125 0.2203125 0.00625 0.009375
2 0.934375 0.221875 0.00625 0.009375
16 0.09609375 0.03984375 0.01015625 0.00625
2 0.5875 0.14921875 0.00625 0.009375
20 0.49296875 0.12890625 0.05859375 0.04375
2 0.96015625 0.23515625 0.00546875 0.00703125
2 0.11796875 0.05234375 0.01015625 0.00703125
20 0.559375 0.15234375 0.015625 0.01328125
2 0.20546875 0.07734375 0.0109375 0.00625
16 0.21796875 0.0796875 0.00625 0.009375
2 0.89921875 0.22890625 0.00625 0.009375
9 0.603125 0.16484375 0.03671875 0.04609375
2 0.909375 0.23203125 0.00625 0.01015625
2 0.58515625 0.16171875 0.00625 0.00859375
9 0.99140625 0.2578125 0.01640625 0.08515625
20 0.1515625 0.06953125 0.015625 0.01328125
9 0.6625 0.18359375 0.04375 0.04140625
2 0.82734375 0.21953125 0.00625 0.0078125
2 0.83671875 0.221875 0.0046875 0.0078125
2 0.83203125 0.22109375 0.0046875 0.0078125
2 0.84453125 0.22421875 0.00546875 0.00859375
2 0.8484375 0.225 0.00390625 0.009375
2 0.853125 0.2265625 0.00625 0.0078125
2 0.83984375 0.2234375 0.00546875 0.0078125
2 0.85625 0.2265625 0.00625 0.009375
2 0.86640625 0.2296875 0.01015625 0.00625
9 0.18203125 0.0828125 0.03671875 0.03046875
16 0.2140625 0.090625 0.00703125 0.0125
20 0.6296875 0.1828125 0.015625 0.01953125
2 0.20234375 0.090625 0.0109375 0.00703125
20 0.76484375 0.2140625 0.040625 0.0546875
2 0.5828125 0.1765625 0.00625 0.00859375
9 0.31015625 0.11640625 0.03671875 0.03046875
9 0.12578125 0.07890625 0.0359375 0.04296875
20 0.56875 0.17578125 0.01953125 0.01796875
2 0.5546875 0.17421875 0.0109375 0.00625
20 0.2046875 0.10234375 0.02109375 0.0171875
16 0.96484375 0.27109375 0.00625 0.01171875
2 0.471875 0.17421875 0.00625 0.01015625
2 0.61640625 0.2078125 0.00703125 0.01015625
2 0.5734375 0.19765625 0.00625 0.009375
2 0.58203125 0.20078125 0.00625 0.01015625
2 0.5984375 0.20390625 0.00703125 0.009375
2 0.4640625 0.1765625 0.0125 0.02265625
2 0.53828125 0.19609375 0.00625 0.009375
2 0.6484375 0.2203125 0.00859375 0.01015625
2 0.6421875 0.21953125 0.00703125 0.01015625
2 0.9375 0.2890625 0.01015625 0.00703125
16 0.9765625 0.30234375 0.0109375 0.01796875
20 0.96171875 0.30546875 0.01484375 0.01328125
4 0.41640625 0.20078125 0.709375 0.20078125
2 0.9328125 0.31875 0.01015625 0.0078125
2 0.9390625 0.34296875 0.009375 0.00625
2 0.9375 0.34765625 0.00859375 0.00625
4 0.41015625 0.2375 0.6953125 0.18515625
2 0.934375 0.3703125 0.01015625 0.0078125
20 0.1515625 0.20234375 0.01796875 0.01640625
16 0.91953125 0.371875 0.0109375 0.00703125
2 0.9375 0.37734375 0.01015625 0.00625
2 0.91875 0.3765625 0.0078125 0.00546875
2 0.93203125 0.38203125 0.009375 0.0046875
16 0.17421875 0.21875 0.0109375 0.00625
2 0.91640625 0.38203125 0.01015625 0.00625
2 0.9328125 0.38671875 0.00859375 0.00625
16 0.1953125 0.2265625 0.01171875 0.00703125
16 0.1640625 0.221875 0.01015625 0.00625
16 0.91640625 0.38671875 0.009375 0.00625
16 0.18046875 0.22578125 0.01171875 0.00703125
2 0.153125 0.2203125 0.00859375 0.00546875
16 0.94140625 0.3921875 0.00859375 0.00625
16 0.14375 0.21875 0.0109375 0.00703125
16 0.92265625 0.39375 0.0046875 0.01015625
16 0.91484375 0.39296875 0.00859375 0.0046875
2 0.19296875 0.2359375 0.01171875 0.00625
16 0.128125 0.22265625 0.0109375 0.00625
2 0.9140625 0.396875 0.01015625 0.00625
16 0.14609375 0.2296875 0.0078125 0.01171875
2 0.14140625 0.22890625 0.00625 0.0109375
16 0.0859375 0.21953125 0.0109375 0.00625
16 0.1265625 0.22890625 0.0109375 0.00625
2 0.06328125 0.2171875 0.0125 0.0078125
16 0.10390625 0.22578125 0.01171875 0.0078125
2 0.8609375 0.39453125 0.0109375 0.00625
16 0.12578125 0.23515625 0.0109375 0.00625
20 0.09140625 0.22890625 0.01484375 0.0171875
16 0.19140625 0.25234375 0.0109375 0.00625
9 0.16328125 0.24765625 0.04140625 0.04921875
16 0.125 0.23984375 0.0109375 0.00625
2 0.18984375 0.25703125 0.009375 0.00625
20 0.9359375 0.4203125 0.01953125 0.01640625
16 0.1234375 0.2453125 0.01171875 0.0078125
2 0.86015625 0.40703125 0.01953125 0.01171875
9 0.06640625 0.2359375 0.04140625 0.040625
16 0.91171875 0.42109375 0.009375 0.00703125
2 0.18125 0.2625 0.00703125 0.01171875
2 0.1359375 0.26328125 0.01015625 0.0078125
2 0.2015625 0.2796875 0.0078125 0.0125
2 0.26875 0.29609375 0.00625 0.01171875
2 0.89921875 0.434375 0.00546875 0.00859375
2 0.0546875 0.25234375 0.01171875 0.0125
2 0.290625 0.30390625 0.00703125 0.01171875
2 0.134375 0.27109375 0.01328125 0.0078125
2 0.98359375 0.4625 0.03203125 0.05
20 0.81015625 0.43828125 0.02734375 0.0296875
2 0.8828125 0.4609375 0.00625 0.0109375
20 0.8578125 0.45859375 0.01640625 0.02109375
4 0.37890625 0.0234375 0.2234375 0.046875
4 0.63515625 0.05625 0.253125 0.10078125