2 0.71796875 0.5171875 0.01171875 0.00859375
2 0.71875 0.52421875 0.0109375 0.00703125
2 0.71953125 0.53359375 0.01328125 0.00625
2 0.71953125 0.54140625 0.01171875 0.00625
16 0.5578125 0.57109375 0.0109375 0.00625
16 0.534375 0.57578125 0.009375 0.00625
16 0.5453125 0.57421875 0.009375 0.00546875
16 0.48984375 0.584375 0.00625 0.01328125
16 0.484375 0.5859375 0.00546875 0.01328125
16 0.5125 0.5828125 0.00625 0.01328125
16 0.5203125 0.58203125 0.00625 0.0109375
2 0.721875 0.55390625 0.01328125 0.0078125
16 0.559375 0.57734375 0.009375 0.0046875
16 0.54765625 0.5796875 0.009375 0.00703125
16 0.534375 0.5828125 0.01015625 0.00625
2 0.03671875 0.6546875 0.01171875 0.00703125
16 0.478125 0.59453125 0.00546875 0.01484375
16 0.4734375 0.59609375 0.003125 0.01015625
2 0.72109375 0.5625 0.01484375 0.00859375
16 0.4984375 0.59453125 0.01171875 0.00625
2 0.0375 0.66171875 0.01171875 0.00625
16 0.48984375 0.6 0.0046875 0.01171875
16 0.57421875 0.5890625 0.00546875 0.0140625
16 0.528125 0.59609375 0.0046875 0.015625
16 0.53359375 0.5953125 0.00625 0.0171875
16 0.56953125 0.58984375 0.0046875 0.015625
16 0.49921875 0.60078125 0.01015625 0.00625
16 0.52265625 0.59765625 0.00546875 0.0140625
16 0.5171875 0.6 0.0046875 0.01328125
2 0.72421875 0.571875 0.01328125 0.0078125
2 0.0203125 0.67578125 0.01328125 0.01171875
16 0.54453125 0.60234375 0.01171875 0.0078125
2 0.725 0.578125 0.01328125 0.00625
20 0.60546875 0.6046875 0.01484375 0.0203125
2 0.7265625 0.59296875 0.0125 0.00625
16 0.0671875 0.6890625 0.00625 0.01328125
2 0.48671875 0.62890625 0.00625 0.0109375
2 0.54453125 0.62578125 0.0046875 0.01484375
2 0.72578125 0.6 0.01328125 0.00703125
16 0.61953125 0.61875 0.00625 0.01328125
2 0.6953125 0.6078125 0.009375 0.00703125
16 0.596875 0.621875 0.01015625 0.0046875
2 0.6953125 0.61328125 0.01015625 0.00625
16 0.06953125 0.70546875 0.0078125 0.0140625
2 0.3328125 0.671875 0.0046875 0.015625
2 0.33828125 0.67265625 0.0046875 0.01484375
2 0.34609375 0.671875 0.0078125 0.01953125
2 0.625 0.63359375 0.01328125 0.0140625
16 0.596875 0.63671875 0.01171875 0.00625
16 0.596875 0.64609375 0.0125 0.00625
2 0.6453125 0.64296875 0.01328125 0.0109375
16 0.5078125 0.6640625 0.01171875 0.00859375
16 0.59921875 0.65234375 0.01171875 0.00546875
16 0.5078125 0.671875 0.01171875 0.00625
16 0.5984375 0.659375 0.01171875 0.0078125
16 0.5078125 0.67890625 0.01171875 0.00625
16 0.60703125 0.66484375 0.0109375 0.00390625
16 0.28359375 0.7171875 0.0109375 0.0046875
16 0.26484375 0.72265625 0.01875 0.01171875
16 0.509375 0.6875 0.01328125 0.00703125
16 0.60859375 0.6734375 0.0109375 0.00625
16 0.19296875 0.73359375 0.015625 0.0109375
9 0.56171875 0.68203125 0.059375 0.0953125
2 0.28515625 0.7234375 0.01171875 0.00625
2 0.21171875 0.734375 0.01171875 0.00703125
16 0.51015625 0.6921875 0.01171875 0.00625
16 0.4265625 0.70625 0.01328125 0.00859375
16 0.609375 0.68046875 0.01171875 0.00703125
2 0.4390625 0.70546875 0.009375 0.00625
16 0.51015625 0.7 0.01484375 0.00859375
20 0.0296875 0.7703125 0.01171875 0.01484375
16 0.5125 0.70625 0.0125 0.00859375
2 0.609375 0.69296875 0.0109375 0.00625
2 0.0296875 0.78046875 0.0078125 0.00625
2 0.03671875 0.78125 0.0078125 0.00859375
16 0.5125 0.71484375 0.01328125 0.00625
2 0.61171875 0.70546875 0.01171875 0.00546875
2 0.6015625 0.71171875 0.00703125 0.0140625
2 0.6125 0.71171875 0.01171875 0.00546875
16 0.53203125 0.725 0.009375 0.00703125
20 0.0375 0.79921875 0.021875 0.028125
2 0.6046875 0.721875 0.0078125 0.00390625
2 0.05078125 0.803125 0.00625 0.01484375
2 0.54609375 0.7359375 0.009375 0.00703125
2 0.56875 0.7328125 0.009375 0.00546875
16 0.58125 0.73046875 0.009375 0.00625
16 0.5296875 0.7421875 0.00546875 0.0140625
2 0.04765625 0.815625 0.01171875 0.00625
20 0.0359375 0.8203125 0.01328125 0.01328125
16 0.04921875 0.8234375 0.009375 0.00625
16 0.26015625 0.79453125 0.0078125 0.015625
16 0.2390625 0.7984375 0.00703125 0.015625
16 0.265625 0.79453125 0.0046875 0.01484375
16 0.23125 0.79921875 0.00625 0.01328125
2 0.59375 0.74921875 0.01015625 0.0078125
16 0.475 0.7765625 0.00546875 0.01328125
9 0.17734375 0.10234375 0.0484375 0.040625
2 0.70703125 0.74453125 0.00625 0.01484375
2 0.69921875 0.74609375 0.00625 0.015625
4 0.82109375 0.01484375 0.07734375 0.0296875
4 0.896875 0.01015625 0.0734375 0.0203125
2 0.6890625 0.7546875 0.0078125 0.00546875
16 0.74140625 0.74765625 0.00625 0.01171875
2 0.75625 0.74609375 0.021875 0.01484375
20 0.9109375 0.73203125 0.015625 0.01953125
16 0.95234375 0.73046875 0.01171875 0.0078125
16 0.9703125 0.72890625 0.00625 0.01328125
20 0.89765625 0.73984375 0.01171875 0.01328125
2 0.65546875 0.775 0.01015625 0.0078125
16 0.94375 0.73828125 0.0046875 0.01328125
2 0.6765625 0.77890625 0.0125 0.00625
2 0.6453125 0.78828125 0.0078125 0.00546875
2 0.74921875 0.77421875 0.0125 0.00859375
16 0.98046875 0.74140625 0.0046875 0.0140625
2 0.55078125 0.80390625 0.01171875 0.01015625
2 0.521875 0.8078125 0.01171875 0.00703125
2 0.53828125 0.80546875 0.0109375 0.00703125
16 0.98671875 0.740625 0.0046875 0.01640625
2 0.56328125 0.803125 0.01171875 0.00859375
2 0.5765625 0.80078125 0.01171875 0.00859375
2 0.621875 0.7953125 0.01171875 0.00625
16 0.946875 0.75 0.0078125 0.0046875
16 0.5921875 0.8015625 0.0125 0.0078125
2 0.453125 0.82265625 0.00703125 0.01328125
2 0.74921875 0.78125 0.01171875 0.00625
16 0.96484375 0.75234375 0.00546875 0.01328125
2 0.67890625 0.796875 0.0125 0.00859375
16 0.99296875 0.75234375 0.00625 0.0109375
16 0.971875 0.75859375 0.0046875 0.01484375
16 0.98203125 0.75703125 0.00546875 0.0109375
16 0.9765625 0.75859375 0.0046875 0.0140625
16 0.603125 0.046875 0.0109375 0.00859375
16 0.78515625 0.7890625 0.00546875 0.01328125
16 0.99375 0.76328125 0.00546875 0.01328125
16 0.603125 0.82265625 0.0109375 0.01015625
2 0.7484375 0.803125 0.00703125 0.015625
16 0.321875 0.86640625 0.00625 0.015625
16 0.98828125 0.775 0.0046875 0.01171875
9 0.828125 0.7984375 0.08671875 0.13125
16 0.08828125 0.90859375 0.0046875 0.0140625
16 0.09921875 0.90625 0.00546875 0.01796875
16 0.09375 0.9078125 0.00625 0.0171875
16 0.08203125 0.909375 0.0078125 0.01328125
16 0.1578125 0.9 0.01328125 0.0078125
16 0.78203125 0.81171875 0.01328125 0.00703125
9 0.12109375 0.91171875 0.03828125 0.040625
16 0.4375 0.86796875 0.01328125 0.00625
16 0.734375 0.8265625 0.0078125 0.01328125
16 0.68125 0.83515625 0.01171875 0.00703125
2 0.7109375 0.83125 0.00703125 0.01640625
2 0.7 0.83359375 0.00625 0.01328125
2 0.7234375 0.83046875 0.00625 0.0140625
2 0.70546875 0.83359375 0.0046875 0.0140625
2 0.71796875 0.83203125 0.00546875 0.015625
2 0.69375 0.8359375 0.0046875 0.01171875
16 0.99609375 0.80859375 0.0046875 0.015625
2 0.93984375 0.81875 0.01171875 0.00859375
2 0.92421875 0.82109375 0.0125 0.00859375
2 0.3796875 0.90078125 0.0046875 0.015625
2 0.390625 0.9 0.00625 0.01796875
2 0.73046875 0.85078125 0.02265625 0.01484375
2 0.40078125 0.8984375 0.0078125 0.01796875
16 0.375 0.90234375 0.00546875 0.0171875
16 0.384375 0.9015625 0.00625 0.015625
16 0.39609375 0.90078125 0.0046875 0.01484375
2 0.925 0.82734375 0.01171875 0.00625
2 0.940625 0.82578125 0.01171875 0.0046875
16 0.50546875 0.890625 0.00625 0.015625
2 0.925 0.83359375 0.0125 0.00703125
2 0.94140625 0.8328125 0.01171875 0.00859375
2 0.39453125 0.91640625 0.0046875 0.01328125
2 0.9265625 0.83984375 0.0125 0.00625
2 0.384375 0.91875 0.00625 0.0140625
2 0.94375 0.840625 0.01015625 0.0078125
9 0.09375 0.12890625 0.04921875 0.04609375
16 0.975 0.846875 0.00546875 0.01796875
16 0.98046875 0.84765625 0.00390625 0.0171875
16 0.8359375 0.86875 0.0046875 0.01484375
2 0.96953125 0.85 0.00625 0.01484375
2 0.94375 0.85390625 0.0234375 0.01328125
2 0.40546875 0.93359375 0.0046875 0.01328125
2 0.4109375 0.9328125 0.0046875 0.01328125
2 0.90546875 0.8625 0.01484375 0.00859375
2 0.73046875 0.8890625 0.01328125 0.00703125
16 0.78984375 0.03046875 0.0109375 0.00625
16 0.6046875 0.06015625 0.0125 0.00625
2 0.46171875 0.08125 0.01171875 0.00703125
16 0.3328125 0.10390625 0.009375 0.00546875
2 0.4890625 0.08203125 0.01015625 0.0078125
2 0.8671875 0.0296875 0.01171875 0.0078125
16 0.4625 0.08828125 0.0140625 0.00703125
2 0.88671875 0.03125 0.02109375 0.01328125
16 0.4046875 0.1078125 0.0140625 0.00859375
16 0.55 0.09140625 0.00625 0.0125
2 0.86796875 0.04609375 0.0046875 0.0125
2 0.778125 0.06015625 0.00703125 0.015625
16 0.8734375 0.04609375 0.00625 0.01328125
2 0.8625 0.0484375 0.00625 0.0140625
2 0.40546875 0.11484375 0.0140625 0.00859375
2 0.81328125 0.059375 0.00390625 0.01171875
16 0.40625 0.128125 0.00625 0.015625
16 0.25703125 0.153125 0.0375 0.04375
2 0.29296875 0.14921875 0.0140625 0.00625
2 0.71484375 0.0875 0.01171875 0.00859375
16 0.40078125 0.13359375 0.00625 0.015625
2 0.71640625 0.09375 0.01171875 0.00546875
16 0.37578125 0.14453125 0.00390625 0.0109375
16 0.36953125 0.14453125 0.00546875 0.01171875
16 0.3609375 0.146875 0.00390625 0.01015625
2 0.71640625 0.10078125 0.01171875 0.0078125
2 0.678125 0.10703125 0.00703125 0.015625
20 0.65625 0.115625 0.0171875 0.0203125
2 0.66875 0.11484375 0.00625 0.015625
16 0.71796875 0.11015625 0.01171875 0.01015625
16 0.31484375 0.16875 0.00390625 0.01015625
16 0.32109375 0.16796875 0.00546875 0.009375
2 0.30625 0.171875 0.009375 0.00703125
16 0.70703125 0.11796875 0.0078125 0.015625
16 0.71875 0.11953125 0.01171875 0.00703125
2 0.9046875 0.0984375 0.00625 0.0125
16 0.89375 0.10234375 0.00546875 0.01328125
2 0.88671875 0.10703125 0.009375 0.00625
2 0.88515625 0.115625 0.009375 0.0078125
2 0.89453125 0.1171875 0.00625 0.01328125
2 0.88671875 0.12109375 0.0078125 0.00625
16 0.003125 0.25 0.00625 0.009375
16 0.00390625 0.2609375 0.0078125 0.00703125
2 0.31484375 0.22265625 0.0046875 0.009375
2 0.30234375 0.22421875 0.0046875 0.0109375
2 0.28828125 0.22734375 0.00625 0.009375
2 0.2953125 0.2265625 0.00390625 0.0109375
2 0.275 0.2296875 0.0078125 0.01015625
2 0.34296875 0.2203125 0.0078125 0.01328125
16 0.0046875 0.303125 0.009375 0.00859375
20 0.01484375 0.31328125 0.01796875 0.0171875
2 0.8984375 0.1953125 0.01171875 0.00859375
16 0.909375 0.19453125 0.00625 0.01796875
16 0.03125 0.32421875 0.0125 0.00625
16 0.0171875 0.3265625 0.01171875 0.00625
2 0.39375 0.27421875 0.00625 0.0140625
2 0.3328125 0.28359375 0.00625 0.01171875
2 0.4140625 0.271875 0.00625 0.0140625
2 0.89765625 0.20234375 0.0125 0.00859375
2 0.36953125 0.2796875 0.0078125 0.0125
2 0.271875 0.29375 0.00625 0.01328125
16 0.63125 0.2765625 0.00625 0.01328125
20 0.6703125 0.271875 0.0171875 0.01640625
20 0.6453125 0.2828125 0.01640625 0.0171875
20 0.68671875 0.2765625 0.01484375 0.021875
16 0.115625 0.36015625 0.0109375 0.00703125
16 0.7625 0.26953125 0.00625 0.0140625
16 0.66640625 0.28359375 0.01171875 0.00703125
16 0.6328125 0.2890625 0.0078125 0.01171875
16 0.1 0.36640625 0.0125 0.00703125
16 0.6671875 0.2890625 0.0109375 0.00703125
16 0.85234375 0.26484375 0.0078125 0.01796875
16 0.10234375 0.378125 0.0046875 0.01328125
16 0.63359375 0.3015625 0.01015625 0.0078125
16 0.11953125 0.37578125 0.0046875 0.0140625
16 0.1140625 0.378125 0.0046875 0.01328125
16 0.125 0.37578125 0.0046875 0.0125
16 0.65078125 0.30078125 0.0125 0.00703125
16 0.6921875 0.2953125 0.00390625 0.01484375
16 0.67265625 0.29921875 0.0046875 0.0125
16 0.75859375 0.2875 0.00703125 0.01328125
20 0.68203125 0.2984375 0.01484375 0.02109375
2 0.9375 0.2625 0.0046875 0.01484375
20 0.003125 0.40078125 0.00625 0.02109375
16 0.071875 0.4 0.0046875 0.01484375
16 0.07890625 0.3984375 0.00546875 0.01328125
16 0.68203125 0.3140625 0.01171875 0.00859375
16 0.69453125 0.31484375 0.009375 0.015625
2 0.496875 0.35 0.00859375 0.01484375
2 0.51015625 0.34765625 0.009375 0.0171875
2 0.4359375 0.36484375 0.01328125 0.01484375
16 0.684375 0.33515625 0.01015625 0.00546875
2 0.40390625 0.378125 0.0109375 0.0140625
20 0.0046875 0.4375 0.009375 0.021875
16 0.67109375 0.34765625 0.00625 0.01328125
16 0.63359375 0.35390625 0.0046875 0.015625
2 0.6609375 0.35 0.00546875 0.01484375
16 0.68046875 0.3484375 0.00546875 0.0125
16 0.01875 0.446875 0.0078125 0.00546875
2 0.69921875 0.35078125 0.0125 0.0078125
16 0.0078125 0.45078125 0.01171875 0.00703125
16 0.64140625 0.36640625 0.0046875 0.0140625
2 0.69921875 0.35859375 0.0109375 0.00859375
16 0.02265625 0.45703125 0.0046875 0.01171875
16 0.01796875 0.4578125 0.0046875 0.01171875
16 0.6359375 0.36953125 0.0046875 0.01328125
16 0.64765625 0.3671875 0.00625 0.015625
2 0.70078125 0.36953125 0.0125 0.0078125
16 0.00390625 0.4734375 0.00546875 0.01484375
16 0.0203125 0.47109375 0.00546875 0.0109375
16 0.0140625 0.471875 0.0046875 0.0140625
16 0.009375 0.4734375 0.00546875 0.01328125
2 0.7015625 0.3765625 0.01328125 0.00625
16 0.61015625 0.38984375 0.01640625 0.00859375
20 0.04375 0.4734375 0.01484375 0.01328125
2 0.70234375 0.38203125 0.01171875 0.00625
16 0.6109375 0.3984375 0.015625 0.00625
2 0.70546875 0.3890625 0.01171875 0.0078125
16 0.6109375 0.4046875 0.01328125 0.00703125
16 0.059375 0.48515625 0.00390625 0.0125
20 0.046875 0.4875 0.0203125 0.0171875
16 0.00625 0.49375 0.0046875 0.015625
9 0.02109375 0.49296875 0.021875 0.02734375
16 0.00078125 0.49765625 0.0015625 0.0078125
16 0.0015625 0.50546875 0.003125 0.00625
16 0.0453125 0.49921875 0.009375 0.0046875
16 0.00859375 0.50859375 0.00546875 0.0125
9 0.06875 0.5015625 0.02109375 0.0203125
2 0.0015625 0.51171875 0.003125 0.00625
20 0.94375 0.3765625 0.0140625 0.01328125
2 0.01953125 0.5125 0.01328125 0.00859375
16 0.034375 0.51171875 0.0046875 0.015625
16 0.0296875 0.5125 0.0046875 0.015625
20 0.04921875 0.51015625 0.01953125 0.0171875
2 0.63125 0.42578125 0.02265625 0.01328125
2 0.00234375 0.51796875 0.00390625 0.00625
2 0.7078125 0.41875 0.01171875 0.00703125
16 0.02109375 0.51875 0.0125 0.00625
16 0.009375 0.52265625 0.00625 0.01171875
16 0.003125 0.52421875 0.00546875 0.00859375
20 0.94453125 0.38984375 0.0171875 0.01328125
2 0.70859375 0.4265625 0.01171875 0.00625
9 0.0703125 0.51875 0.01953125 0.01796875
2 0.7078125 0.43046875 0.01015625 0.00625
20 0.9484375 0.40234375 0.01484375 0.01328125
16 0.07578125 0.52890625 0.0078125 0.00546875
2 0.709375 0.43984375 0.01171875 0.0078125
2 0.709375 0.44609375 0.01328125 0.00625
20 0.95 0.41484375 0.015625 0.01171875
2 0.7109375 0.453125 0.01328125 0.00625
2 0.71171875 0.46015625 0.01015625 0.00625
2 0.7125 0.4671875 0.01171875 0.009375
2 0.71328125 0.47578125 0.01328125 0.0078125
2 0.7140625 0.48125 0.01171875 0.00625
2 0.71484375 0.4890625 0.0125 0.00703125
2 0.715625 0.49453125 0.01328125 0.0078125
16 0.0109375 0.6046875 0.0078125 0.00859375
2 0.715625 0.5046875 0.01015625 0.00625
16 0.021875 0.609375 0.0125 0.00625
2 0.01171875 0.6125 0.0078125 0.00625
2 0.7171875 0.5109375 0.0109375 0.00625