1 0.959375 0.51796875 0.0046875 0.0140625
15 0.63203125 0.053125 0.009375 0.00546875
1 0.959375 0.53515625 0.00390625 0.01640625
1 0.8421875 0.54375 0.00546875 0.01875
1 0.5390625 0.05546875 0.00625 0.01875
15 0.5015625 0.56796875 0.0125 0.0078125
1 0.97265625 0.571875 0.0140625 0.0078125
15 0.49375 0.5765625 0.003125 0.0140625
9 0.52109375 0.0578125 0.028125 0.0265625
20 0.13515625 0.0578125 0.02578125 0.05703125
15 0.503125 0.58125 0.01171875 0.00625
4 0.73515625 0.58125 0.0390625 0.38515625
4 0.8671875 0.58203125 0.04140625 0.38046875
4 0.93359375 0.5828125 0.04453125 0.3859375
4 0.6671875 0.58359375 0.03515625 0.3828125
4 0.8 0.584375 0.03984375 0.3890625
4 0.6 0.584375 0.03515625 0.3859375
15 0.63046875 0.059375 0.00859375 0.00546875
1 0.4484375 0.60546875 0.0125 0.00546875
1 0.43515625 0.60625 0.01171875 0.00859375
1 0.475 0.60859375 0.01796875 0.01171875
1 0.46171875 0.61484375 0.00390625 0.015625
15 0.50234375 0.61484375 0.01015625 0.00546875
15 0.45703125 0.61953125 0.00390625 0.01171875
15 0.45234375 0.62109375 0.0046875 0.0140625
15 0.49453125 0.62421875 0.0046875 0.015625
15 0.48828125 0.62421875 0.00390625 0.01484375
1 0.4265625 0.625 0.003125 0.01640625
15 0.43203125 0.625 0.00390625 0.015625
15 0.640625 0.0640625 0.00390625 0.01328125
15 0.49296875 0.6484375 0.00390625 0.01484375
15 0.7703125 0.653125 0.0125 0.009375
15 0.509375 0.6546875 0.00390625 0.015625
15 0.6203125 0.6546875 0.0078125 0.00546875
15 0.9046875 0.65546875 0.01015625 0.00625
15 0.1109375 0.6578125 0.00390625 0.01015625
15 0.10625 0.65703125 0.003125 0.0125
15 0.18125 0.6578125 0.0046875 0.01328125
15 0.0984375 0.6578125 0.00546875 0.01328125
1 0.14453125 0.6578125 0.0046875 0.01640625
15 0.134375 0.65859375 0.0046875 0.0171875
1 0.1390625 0.65859375 0.0046875 0.015625
15 0.12890625 0.659375 0.00390625 0.01328125
15 0.12421875 0.66015625 0.00390625 0.01640625
15 0.9046875 0.6625 0.009375 0.00546875
1 0.2359375 0.6625 0.01171875 0.00546875
15 0.70625 0.66328125 0.01171875 0.00546875
15 0.6390625 0.66328125 0.01015625 0.0046875
1 0.22421875 0.6640625 0.01171875 0.00625
15 0.62109375 0.6640625 0.0078125 0.00859375
15 0.6875 0.6640625 0.00859375 0.00703125
9 0.60703125 0.06640625 0.0328125 0.046875
15 0.8390625 0.66640625 0.01015625 0.00625
15 0.5078125 0.671875 0.00390625 0.015625
15 0.8390625 0.6734375 0.01015625 0.0046875
15 0.12890625 0.675 0.00390625 0.0140625
15 0.134375 0.675 0.00390625 0.01328125
15 0.11796875 0.67578125 0.0046875 0.0109375
15 0.1234375 0.6765625 0.00390625 0.0125
20 0.45625 0.67890625 0.03828125 0.08203125
1 0.20078125 0.67890625 0.00390625 0.015625
20 0.41640625 0.6796875 0.03828125 0.08359375
1 0.2078125 0.68046875 0.00703125 0.01953125
1 0.8390625 0.68046875 0.01171875 0.00625
15 0.14453125 0.6828125 0.003125 0.0125
15 0.13984375 0.68359375 0.003125 0.0140625
1 0.17421875 0.684375 0.0046875 0.01796875
1 0.16875 0.68515625 0.0046875 0.0171875
1 0.1796875 0.6859375 0.00625 0.01953125
9 0.228125 0.6859375 0.03125 0.034375
1 0.6390625 0.68671875 0.0125 0.00703125
4 0.98359375 0.68671875 0.0328125 0.2140625
15 0.1890625 0.69453125 0.01171875 0.00703125
20 0.36484375 0.69609375 0.03828125 0.08046875
15 0.2015625 0.69609375 0.0109375 0.0078125
20 0.32734375 0.696875 0.03828125 0.08203125
1 0.70546875 0.69921875 0.01171875 0.00703125
15 0.1453125 0.70546875 0.00390625 0.01328125
15 0.22109375 0.7078125 0.01328125 0.00625
1 0.23671875 0.70859375 0.0140625 0.0078125
1 0.52421875 0.7296875 0.0125 0.00546875
1 0.9046875 0.7296875 0.0140625 0.00703125
1 0.771875 0.73203125 0.01171875 0.00703125
15 0.48203125 0.73515625 0.0109375 0.0046875
15 0.63125 0.07421875 0.0109375 0.00546875
15 0.48203125 0.74140625 0.0125 0.00625
1 0.31640625 0.74375 0.0125 0.00703125
1 0.48125 0.74765625 0.0109375 0.00625
1 0.53125 0.07578125 0.01015625 0.00625
1 0.5203125 0.07578125 0.0109375 0.00703125
15 0.48203125 0.7546875 0.0125 0.00546875
15 0.48203125 0.7609375 0.0125 0.0046875
1 0.4046875 0.76015625 0.0078125 0.01796875
1 0.53671875 0.7625 0.0109375 0.00703125
9 0.50859375 0.76640625 0.0390625 0.059375
1 0.4828125 0.76796875 0.01171875 0.00625
15 0.46875 0.7703125 0.00390625 0.01328125
1 0.4734375 0.7703125 0.00546875 0.01484375
1 0.38984375 0.7703125 0.01171875 0.0046875
1 0.365625 0.77109375 0.00625 0.01796875
1 0.30625 0.07734375 0.00390625 0.01328125
1 0.48203125 0.7734375 0.01015625 0.00546875
1 0.45234375 0.775 0.00546875 0.0171875
15 0.03984375 0.078125 0.0125 0.00703125
1 0.48125 0.7796875 0.0109375 0.00625
15 0.38828125 0.78125 0.00390625 0.01328125
15 0.39296875 0.78203125 0.0046875 0.0140625
1 0.3 0.07890625 0.00703125 0.01796875
1 0.48203125 0.78671875 0.0109375 0.00625
1 0.53671875 0.78984375 0.01171875 0.00546875
9 0.4296875 0.790625 0.03984375 0.0609375
15 0.71875 0.7921875 0.0125 0.00859375
1 0.7546875 0.796875 0.0046875 0.01640625
15 0.3875 0.79609375 0.00390625 0.01484375
1 0.3203125 0.0796875 0.00703125 0.02109375
15 0.39375 0.79765625 0.00546875 0.01484375
1 0.74296875 0.7984375 0.0046875 0.01796875
1 0.7484375 0.7984375 0.00546875 0.0171875
1 0.55625 0.08046875 0.00703125 0.01953125
1 0.33671875 0.803125 0.01328125 0.00625
1 0.453125 0.80703125 0.0046875 0.01875
1 0.7375 0.81171875 0.00546875 0.01484375
1 0.63046875 0.08125 0.01015625 0.0078125
15 0.325 0.8125 0.0046875 0.0125
15 0.5375 0.815625 0.0109375 0.00546875
1 0.74453125 0.8234375 0.00546875 0.015625
15 0.734375 0.825 0.01171875 0.0046875
15 0.31875 0.82734375 0.0046875 0.01484375
9 0.34296875 0.82890625 0.0265625 0.04296875
15 0.73359375 0.82890625 0.0109375 0.00703125
1 0.296875 0.8421875 0.0046875 0.015625
9 0.9703125 0.84453125 0.021875 0.021875
1 0.80234375 0.8453125 0.01171875 0.00859375
1 0.54296875 0.8453125 0.0046875 0.0140625
9 0.15 0.84609375 0.02578125 0.03984375
1 0.50546875 0.85 0.0125 0.0078125
1 0.521875 0.85 0.009375 0.0046875
1 0.80234375 0.853125 0.01328125 0.009375
9 0.62109375 0.85390625 0.06015625 0.109375
1 0.5203125 0.85625 0.01328125 0.0078125
1 0.50625 0.85625 0.01171875 0.00546875
1 0.25234375 0.0859375 0.0046875 0.01640625
15 0.9640625 0.86015625 0.0125 0.00625
1 0.803125 0.8609375 0.0140625 0.01015625
15 0.975 0.86171875 0.01015625 0.00703125
9 0.82890625 0.8625 0.03515625 0.04921875
15 0.05625 0.08671875 0.01171875 0.0078125
1 0.26171875 0.0859375 0.00546875 0.01484375
1 0.50625 0.8640625 0.0125 0.0078125
1 0.21953125 0.08671875 0.00546875 0.01875
1 0.2328125 0.08671875 0.00703125 0.01640625
1 0.803125 0.8703125 0.01328125 0.009375
1 0.22734375 0.0875 0.00703125 0.0171875
1 0.27421875 0.0875 0.0046875 0.0171875
1 0.2859375 0.08828125 0.00390625 0.01484375
1 0.29296875 0.08828125 0.00703125 0.01796875
1 0.2453125 0.08828125 0.00625 0.0171875
15 0.63046875 0.08828125 0.01171875 0.00625
1 0.803125 0.88125 0.015625 0.01015625
1 0.4 0.0890625 0.00546875 0.015625
1 0.50703125 0.8890625 0.01328125 0.0078125
1 0.80234375 0.88984375 0.01328125 0.00703125
1 0.83046875 0.8953125 0.01171875 0.0078125
1 0.50625 0.896875 0.01328125 0.00625
1 0.8171875 0.8984375 0.00546875 0.0140625
1 0.84609375 0.8984375 0.0046875 0.0140625
1 0.8125 0.8984375 0.00625 0.01640625
1 0.821875 0.8984375 0.0046875 0.01484375
1 0.84140625 0.8984375 0.00625 0.0171875
15 0.8515625 0.89921875 0.003125 0.0171875
1 0.50625 0.9046875 0.0125 0.00625
1 0.828125 0.90703125 0.00546875 0.0171875
1 0.80546875 0.90703125 0.0078125 0.02109375
1 0.834375 0.9078125 0.00625 0.0171875
1 0.50703125 0.91171875 0.01328125 0.0078125
15 0.84453125 0.9125 0.0109375 0.00703125
1 0.81875 0.91328125 0.0125 0.00625
1 0.38671875 0.09140625 0.0046875 0.01328125
1 0.33828125 0.09296875 0.0046875 0.015625
1 0.346875 0.09296875 0.0046875 0.015625
1 0.37734375 0.09296875 0.00546875 0.015625
1 0.44453125 0.09296875 0.0046875 0.0171875
15 0.42890625 0.09375 0.0109375 0.0046875
1 0.36796875 0.09375 0.00703125 0.01640625
1 0.35546875 0.0953125 0.00546875 0.01640625
1 0.146875 0.0953125 0.00625 0.0171875
15 0.4171875 0.0953125 0.01015625 0.00625
15 0.63203125 0.09609375 0.01171875 0.00625
1 0.134375 0.096875 0.0046875 0.01875
1 0.12109375 0.09765625 0.00390625 0.015625
1 0.128125 0.09765625 0.00390625 0.0171875
15 0.6703125 0.10078125 0.00546875 0.01484375
15 0.42890625 0.10078125 0.01015625 0.00703125
1 0.59296875 0.1015625 0.00703125 0.0171875
1 0.60625 0.1015625 0.00625 0.01796875
1 0.1125 0.1015625 0.00703125 0.0125
1 0.6 0.1015625 0.0046875 0.01640625
1 0.08828125 0.1015625 0.0046875 0.015625
1 0.6203125 0.1015625 0.00703125 0.01796875
1 0.08125 0.10234375 0.00546875 0.01640625
1 0.1046875 0.10234375 0.0046875 0.01796875
15 0.65703125 0.103125 0.00546875 0.01484375
1 0.09609375 0.10390625 0.00625 0.01640625
15 0.66171875 0.1046875 0.00546875 0.01328125
1 0.06484375 0.1046875 0.01640625 0.0109375
15 0.2484375 0.1046875 0.0046875 0.01484375
15 0.253125 0.1046875 0.003125 0.0125
15 0.1734375 0.11328125 0.00390625 0.01484375
15 0.14921875 0.11328125 0.00546875 0.01328125
15 0.17734375 0.11484375 0.003125 0.01328125
15 0.3109375 0.115625 0.00546875 0.0140625
15 0.315625 0.1171875 0.0046875 0.01484375
15 0.65234375 0.1203125 0.00546875 0.015625
15 0.65703125 0.1203125 0.00625 0.01328125
15 0.66328125 0.1203125 0.00390625 0.0140625
15 0.68203125 0.12109375 0.00546875 0.015625
15 0.115625 0.121875 0.00390625 0.01640625
15 0.11015625 0.12109375 0.0046875 0.01484375
15 0.95234375 0.12734375 0.01015625 0.0078125
1 0.9515625 0.134375 0.01015625 0.0046875
1 0.771875 0.134375 0.01015625 0.00625
1 0.784375 0.134375 0.0109375 0.00859375
15 0.9515625 0.14140625 0.01171875 0.0078125
1 0.7109375 0.1421875 0.00546875 0.0171875
1 0.70625 0.1421875 0.00390625 0.01640625
15 0.7015625 0.14296875 0.0046875 0.0140625
15 0.9515625 0.146875 0.0109375 0.00625
1 0.9515625 0.15390625 0.01171875 0.00546875
15 0.70625 0.159375 0.0046875 0.015625
15 0.71171875 0.16015625 0.003125 0.0140625
1 0.9515625 0.16015625 0.01015625 0.00703125
1 0.7734375 0.165625 0.01015625 0.00703125
1 0.9515625 0.16796875 0.01171875 0.00703125
15 0.78671875 0.16953125 0.0109375 0.00625
15 0.7734375 0.17265625 0.01015625 0.00546875
4 0.84140625 0.1734375 0.0359375 0.25703125
4 0.90390625 0.175 0.03125 0.26171875
15 0.7859375 0.178125 0.01015625 0.00625
15 0.7734375 0.178125 0.009375 0.00703125
15 0.784375 0.184375 0.0109375 0.00625
1 0.96875 0.18671875 0.01171875 0.00703125
15 0.78515625 0.19375 0.009375 0.00703125
15 0.96875 0.19453125 0.01015625 0.00625
1 0.965625 0.20625 0.0046875 0.0171875
1 0.97265625 0.20859375 0.0046875 0.015625
15 0.77109375 0.22109375 0.01015625 0.00703125
15 0.784375 0.22109375 0.009375 0.00625
15 0.79765625 0.240625 0.01328125 0.00859375
15 0.77890625 0.2484375 0.01171875 0.00625
1 0.7984375 0.2484375 0.0125 0.00703125
15 0.778125 0.25390625 0.0109375 0.00625
15 0.44375 0.25390625 0.00390625 0.01171875
15 0.44765625 0.25390625 0.0046875 0.01328125
1 0.16328125 0.25390625 0.0046875 0.015625
15 0.35546875 0.2546875 0.0046875 0.01328125
15 0.4703125 0.2546875 0.0046875 0.01484375
15 0.434375 0.2546875 0.003125 0.01328125
15 0.4390625 0.25546875 0.00390625 0.01328125
15 0.31953125 0.25546875 0.00390625 0.0125
15 0.40234375 0.25546875 0.00390625 0.0140625
15 0.45234375 0.2546875 0.003125 0.015625
15 0.39765625 0.25546875 0.003125 0.01640625
15 0.32421875 0.25625 0.0046875 0.01484375
15 0.36015625 0.25625 0.0046875 0.015625
15 0.475 0.25546875 0.00546875 0.0171875
15 0.1890625 0.2578125 0.00390625 0.01484375
15 0.19375 0.2578125 0.00390625 0.0140625
15 0.22578125 0.25859375 0.0046875 0.0125
15 0.2296875 0.25859375 0.00390625 0.01484375
1 0.0796875 0.2703125 0.01484375 0.00625
15 0.940625 0.27265625 0.009375 0.00546875
1 0.59375 0.27265625 0.0125 0.00546875
15 0.07890625 0.278125 0.0109375 0.00625
1 0.6265625 0.27890625 0.01171875 0.00546875
15 0.940625 0.2796875 0.01015625 0.00703125
1 0.065625 0.2796875 0.01015625 0.00625
1 0.59765625 0.28046875 0.0109375 0.0078125
15 0.0875 0.28125 0.0046875 0.0140625
1 0.58203125 0.2828125 0.0109375 0.0078125
1 0.61171875 0.2828125 0.01015625 0.00546875
1 0.66171875 0.2828125 0.01328125 0.00703125
1 0.6359375 0.2859375 0.0109375 0.00546875
1 0.07890625 0.2859375 0.009375 0.00625
1 0.06640625 0.28671875 0.009375 0.0046875
1 0.94140625 0.28671875 0.01171875 0.00703125
15 0.62421875 0.2875 0.01015625 0.00625
1 0.6359375 0.2921875 0.01171875 0.00625
15 0.05 0.29375 0.00390625 0.01484375
15 0.6234375 0.29375 0.01015625 0.0046875
15 0.94140625 0.29453125 0.0109375 0.00546875
15 0.0453125 0.2953125 0.0046875 0.0140625
15 0.05546875 0.2953125 0.00390625 0.01484375
1 0.56640625 0.2953125 0.0109375 0.00546875
15 0.6234375 0.3 0.0109375 0.00625
15 0.94140625 0.3 0.0109375 0.0078125
1 0.6359375 0.3 0.01171875 0.009375
15 0.5671875 0.303125 0.0109375 0.00625
1 0.6234375 0.30703125 0.009375 0.00625
1 0.68984375 0.3078125 0.01171875 0.00703125
15 0.5671875 0.31015625 0.0109375 0.00546875
15 0.72265625 0.31015625 0.00390625 0.01484375
15 0.74375 0.31015625 0.0046875 0.01484375
1 0.70859375 0.31015625 0.00546875 0.01484375
15 0.68125 0.3109375 0.0046875 0.0140625
15 0.73125 0.3109375 0.0046875 0.0140625
15 0.7375 0.31171875 0.00390625 0.01484375
1 0.75078125 0.31171875 0.0046875 0.01640625
1 0.75625 0.31171875 0.0046875 0.015625
1 0.94140625 0.31484375 0.01171875 0.01875
15 0.56640625 0.31640625 0.009375 0.00625
1 0.56640625 0.32265625 0.01171875 0.0046875
1 0.65078125 0.3234375 0.0125 0.00703125
15 0.71875 0.3234375 0.01171875 0.00625
9 0.5953125 0.3234375 0.0390625 0.071875
1 0.51015625 0.32578125 0.015625 0.009375
1 0.1515625 0.32578125 0.0125 0.00625
15 0.5953125 0.03359375 0.00546875 0.0140625
1 0.6015625 0.0328125 0.00546875 0.0171875
15 0.68125 0.32734375 0.0046875 0.01640625
15 0.7515625 0.328125 0.00390625 0.015625
15 0.7375 0.32890625 0.0046875 0.0140625
15 0.74375 0.32890625 0.0046875 0.015625
15 0.73203125 0.328125 0.0046875 0.01640625
1 0.67578125 0.32890625 0.00546875 0.01640625
1 0.76015625 0.3296875 0.00546875 0.0140625
15 0.5671875 0.3296875 0.01015625 0.00546875
15 0.62265625 0.33203125 0.0109375 0.00546875
15 0.63515625 0.33203125 0.01015625 0.00703125
9 0.08125 0.334375 0.0421875 0.08359375
1 0.50390625 0.334375 0.01328125 0.00703125
15 0.5671875 0.3359375 0.01015625 0.00703125
1 0.646875 0.3390625 0.0109375 0.00625
15 0.62109375 0.33828125 0.009375 0.00625
15 0.63515625 0.33984375 0.0109375 0.00703125
1 0.503125 0.33984375 0.0125 0.00703125
15 0.56640625 0.3421875 0.009375 0.00546875
15 0.62265625 0.3453125 0.01015625 0.00625
1 0.646875 0.3453125 0.0109375 0.00625
15 0.63515625 0.34609375 0.01015625 0.00703125
15 0.56640625 0.34921875 0.009375 0.00703125
15 0.63515625 0.3515625 0.0109375 0.0078125
15 0.38125 0.35234375 0.0046875 0.0140625
1 0.62265625 0.35234375 0.01171875 0.00703125
1 0.646875 0.35234375 0.01171875 0.00703125
1 0.37265625 0.3546875 0.0046875 0.01640625
15 0.0421875 0.3546875 0.00546875 0.01484375
15 0.56640625 0.35625 0.00859375 0.00546875
15 0.74375 0.0359375 0.003125 0.0140625
15 0.73984375 0.0359375 0.00390625 0.01796875
1 0.2609375 0.3609375 0.01328125 0.0078125
1 0.6234375 0.3609375 0.01171875 0.0078125
15 0.56640625 0.36171875 0.009375 0.003125
15 0.7484375 0.03671875 0.0046875 0.0140625
15 0.575 0.36875 0.00390625 0.01484375
15 0.4953125 0.36875 0.0109375 0.00625
1 0.6515625 0.36875 0.0109375 0.00546875
15 0.5671875 0.36875 0.01015625 0.00390625
15 0.50703125 0.36953125 0.0109375 0.00546875
1 0.86015625 0.36953125 0.0125 0.0078125
15 0.27578125 0.375 0.0109375 0.00703125
15 0.2640625 0.37578125 0.0109375 0.00546875
15 0.56640625 0.37578125 0.009375 0.0046875
15 0.140625 0.37578125 0.0109375 0.00625
1 0.80859375 0.37578125 0.0125 0.00703125
1 0.6296875 0.3765625 0.0046875 0.01484375
1 0.62421875 0.37734375 0.00390625 0.01484375
15 0.62265625 0.03828125 0.0109375 0.00546875
1 0.5875 0.03828125 0.01171875 0.00703125
1 0.61875 0.37890625 0.0046875 0.01796875
15 0.4890625 0.38125 0.00546875 0.0171875
15 0.571875 0.38203125 0.01015625 0.0046875
15 0.5578125 0.38203125 0.003125 0.01484375
15 0.27734375 0.3828125 0.0125 0.0078125
15 0.05078125 0.384375 0.003125 0.0140625
15 0.0453125 0.384375 0.00390625 0.01171875
1 0.48359375 0.3875 0.00625 0.01484375
1 0.29453125 0.390625 0.01171875 0.00625
15 0.56328125 0.39375 0.0046875 0.01484375
1 0.56953125 0.39453125 0.00546875 0.01484375
1 0.575 0.3953125 0.0046875 0.01484375
1 0.840625 0.396875 0.0046875 0.015625
15 0.2953125 0.39765625 0.01171875 0.0078125
15 0.50546875 0.39765625 0.0109375 0.00625
1 0.434375 0.40234375 0.0125 0.00546875
1 0.75390625 0.40546875 0.00390625 0.01484375
15 0.434375 0.41171875 0.009375 0.00625
1 0.9765625 0.415625 0.0046875 0.01640625
20 0.9671875 0.41640625 0.0125 0.0203125
1 0.56640625 0.4234375 0.01328125 0.00859375
1 0.5109375 0.43359375 0.00546875 0.01640625
1 0.56640625 0.43828125 0.0125 0.0078125
1 0.58203125 0.04453125 0.01171875 0.00625
15 0.4578125 0.44609375 0.009375 0.00546875
20 0.175 0.0453125 0.0421875 0.03359375
15 0.4734375 0.45234375 0.009375 0.0046875
1 0.4609375 0.453125 0.01171875 0.00546875
15 0.63046875 0.0453125 0.0109375 0.00625
1 0.57578125 0.45703125 0.00546875 0.0171875
1 0.2578125 0.4578125 0.00546875 0.015625
1 0.46015625 0.46015625 0.01171875 0.00859375
15 0.4734375 0.46015625 0.01015625 0.00703125
1 0.64296875 0.46171875 0.00546875 0.01640625
15 0.4484375 0.46171875 0.0109375 0.00625
4 0.534375 0.46796875 0.03671875 0.4421875
1 0.51171875 0.46796875 0.0046875 0.01640625
1 0.9765625 0.47578125 0.0046875 0.0140625
1 0.97265625 0.48984375 0.01171875 0.0078125
15 0.28984375 0.49453125 0.01171875 0.00625
1 0.265625 0.49453125 0.01171875 0.00703125
1 0.95859375 0.5 0.00390625 0.015625
20 0.2625 0.05 0.04296875 0.03359375
1 0.50625 0.5046875 0.015625 0.0078125
20 0.3046875 0.05078125 0.0421875 0.0359375