16 0.3796875 0.51796875 0.0109375 0.00703125
16 0.38125 0.5234375 0.0109375 0.00859375
2 0.4515625 0.5375 0.0109375 0.0078125
2 0.43984375 0.540625 0.0125 0.00859375
16 0.4421875 0.54765625 0.01015625 0.00703125
16 0.44296875 0.55390625 0.01171875 0.0078125
2 0.53125 0.53671875 0.0125 0.00859375
2 0.5171875 0.540625 0.0125 0.009375
2 0.509375 0.54375 0.00703125 0.015625
16 0.44453125 0.56015625 0.01015625 0.00625
2 0.52109375 0.546875 0.01015625 0.00703125
2 0.53359375 0.54453125 0.01171875 0.00859375
9 0.2296875 0.62109375 0.0265625 0.03671875
9 0.26875 0.615625 0.02578125 0.03359375
2 0.646875 0.54765625 0.01171875 0.00859375
9 0.17890625 0.65 0.06328125 0.07421875
2 0.559375 0.5703125 0.0078125 0.015625
2 0.6515625 0.55234375 0.0125 0.00859375
16 0.09296875 0.6765625 0.01171875 0.00859375
16 0.65390625 0.559375 0.01328125 0.00859375
16 0.09375 0.68359375 0.01015625 0.0078125
2 0.5640625 0.58515625 0.00625 0.015625
16 0.553125 0.58828125 0.00703125 0.0140625
16 0.55859375 0.58671875 0.00625 0.01328125
9 0.39609375 0.6265625 0.05 0.07265625
4 0.67890625 0.04765625 0.2015625 0.09453125
2 0.5703125 0.60859375 0.00703125 0.015625
9 0.26015625 0.68515625 0.07421875 0.10625
16 0.40078125 0.66640625 0.00703125 0.01328125
16 0.7015625 0.6171875 0.00625 0.01328125
16 0.77109375 0.603125 0.0078125 0.01328125
16 0.734375 0.6109375 0.0046875 0.01171875
16 0.70625 0.6171875 0.00625 0.01328125
16 0.72890625 0.6125 0.00625 0.0140625
16 0.6359375 0.63203125 0.00546875 0.0125
16 0.65 0.63046875 0.00703125 0.01171875
16 0.6453125 0.63203125 0.00625 0.01328125
16 0.603125 0.640625 0.00625 0.01328125
16 0.640625 0.63359375 0.00625 0.01328125
16 0.60703125 0.64140625 0.00546875 0.0125
16 0.56875 0.65 0.00546875 0.01328125
16 0.57421875 0.64921875 0.0046875 0.01328125
16 0.5453125 0.65625 0.00625 0.01484375
16 0.3765625 0.69609375 0.0125 0.00703125
16 0.37734375 0.7015625 0.01171875 0.009375
16 0.44296875 0.70390625 0.01171875 0.0078125
2 0.43046875 0.70703125 0.01015625 0.0078125
2 0.440625 0.7484375 0.00625 0.01484375
16 0.45078125 0.74609375 0.00703125 0.01484375
16 0.43515625 0.74921875 0.00703125 0.01328125
16 0.44609375 0.746875 0.00625 0.01328125
4 0.4921875 0.0734375 0.159375 0.146875
2 0.321875 0.784375 0.00625 0.01171875
2 0.35234375 0.7921875 0.00703125 0.00625
2 0.33359375 0.79609375 0.00859375 0.015625
2 0.3640625 0.78984375 0.01015625 0.0078125
2 0.4296875 0.78359375 0.00703125 0.015625
16 0.29921875 0.8203125 0.01015625 0.0078125
2 0.43125 0.79453125 0.00625 0.0140625
16 0.2984375 0.8265625 0.0109375 0.0078125
16 0.30078125 0.8328125 0.01171875 0.00859375
2 0.46796875 0.7984375 0.00546875 0.015625
2 0.440625 0.80546875 0.0078125 0.0078125
2 0.4265625 0.8125 0.00703125 0.015625
2 0.43125 0.82265625 0.01015625 0.0078125
2 0.31328125 0.109375 0.01171875 0.009375
16 0.315625 0.853125 0.01015625 0.00703125
2 0.44765625 0.83984375 0.01015625 0.00703125
9 0.378125 0.85703125 0.10546875 0.1203125
2 0.47109375 0.8375 0.0109375 0.0078125
16 0.31875 0.87265625 0.01015625 0.00625
2 0.46015625 0.84296875 0.01171875 0.00625
2 0.47265625 0.84453125 0.0125 0.00859375
16 0.46171875 0.8484375 0.009375 0.00859375
16 0.44921875 0.85390625 0.01015625 0.00625
16 0.475 0.85078125 0.01015625 0.00625
2 0.48515625 0.85234375 0.00703125 0.015625
2 0.44921875 0.859375 0.0109375 0.00859375
16 0.43671875 0.865625 0.01015625 0.00625
16 0.4765625 0.85859375 0.0109375 0.00703125
2 0.45078125 0.86640625 0.0109375 0.00703125
2 0.4640625 0.86484375 0.00859375 0.00625
2 0.43828125 0.87265625 0.0125 0.0078125
2 0.4765625 0.865625 0.01015625 0.00625
16 0.4390625 0.87890625 0.01015625 0.00703125
9 0.75859375 0.8171875 0.05 0.071875
16 0.6734375 0.8609375 0.01171875 0.00703125
16 0.684375 0.85859375 0.0109375 0.00625
2 0.69609375 0.85703125 0.01015625 0.00625
16 0.6625 0.8640625 0.0125 0.00859375
2 0.31484375 0.11796875 0.01328125 0.01015625
2 0.3421875 0.93671875 0.0046875 0.0125
2 0.67265625 0.86796875 0.01328125 0.00859375
2 0.35234375 0.93671875 0.00703125 0.015625
16 0.66328125 0.87109375 0.01171875 0.0078125
16 0.69765625 0.8640625 0.0125 0.00859375
2 0.3453125 0.9515625 0.0046875 0.01171875
16 0.321875 0.95703125 0.0046875 0.01328125
2 0.3515625 0.9515625 0.00546875 0.01328125
2 0.3 0.965625 0.0109375 0.00859375
16 0.6703125 0.9234375 0.00625 0.01328125
16 0.66015625 0.9265625 0.0078125 0.0140625
16 0.39140625 0.9875 0.00703125 0.01328125
16 0.3765625 0.99140625 0.00625 0.01328125
16 0.3515625 0.99375 0.00703125 0.0109375
2 0.371875 0.9921875 0.00625 0.01328125
16 0.3671875 0.99296875 0.00625 0.01328125
16 0.58671875 0.94765625 0.00625 0.01328125
16 0.346875 0.9953125 0.00703125 0.00859375
16 0.3375 0.99609375 0.00625 0.00625
16 0.5765625 0.95 0.00625 0.01328125
16 0.6 0.94609375 0.00703125 0.01484375
16 0.58125 0.95 0.00703125 0.01484375
9 0.64296875 0.93984375 0.0328125 0.03515625
2 0.58671875 0.9578125 0.0109375 0.0078125
20 0.6703125 0.940625 0.01171875 0.01796875
16 0.6625 0.9421875 0.00625 0.0125
2 0.31875 0.1328125 0.01171875 0.009375
9 0.28359375 0.14609375 0.0375 0.0421875
2 0.3203125 0.13984375 0.01171875 0.00859375
16 0.33515625 0.140625 0.01171875 0.00859375
2 0.32109375 0.14609375 0.01015625 0.00625
9 0.14765625 0.1890625 0.06328125 0.07421875
9 0.13046875 0.24140625 0.0265625 0.0234375
16 0.00625 0.278125 0.01015625 0.00703125
4 0.8390625 0.128125 0.14921875 0.06484375
2 0.01640625 0.3375 0.01171875 0.0078125
2 0.01640625 0.34296875 0.01015625 0.00625
16 0.08359375 0.3421875 0.01171875 0.00859375
16 0.0734375 0.3515625 0.01875 0.0109375
2 0.02265625 0.37578125 0.009375 0.00625
16 0.02734375 0.409375 0.01171875 0.0078125
16 0.02890625 0.415625 0.01015625 0.00625
16 0.03125 0.43359375 0.01015625 0.00625
16 0.0328125 0.43984375 0.01171875 0.00859375
16 0.03515625 0.45 0.01015625 0.00859375
4 0.38125 0.38203125 0.08984375 0.34453125
16 0.03515625 0.45625 0.0109375 0.00625
4 0.31875 0.3984375 0.0859375 0.34140625
4 0.125 0.4421875 0.08984375 0.3375
4 0.1875 0.42890625 0.0890625 0.33984375
4 0.25625 0.415625 0.0921875 0.3453125
16 0.03671875 0.4625 0.01015625 0.0078125
16 0.56171875 0.35703125 0.01171875 0.0109375
2 0.55 0.3609375 0.0109375 0.0078125
16 0.55 0.3671875 0.01171875 0.00859375
2 0.56328125 0.3640625 0.0125 0.00859375
2 0.5640625 0.37109375 0.0109375 0.0078125
2 0.553125 0.37421875 0.01171875 0.00859375
9 0.09453125 0.47421875 0.03515625 0.04375
2 0.553125 0.37890625 0.0109375 0.00703125
2 0.565625 0.37734375 0.01015625 0.00625