16 0.9484375 0.61171875 0.0171875 0.00859375
2 0.9484375 0.6203125 0.0140625 0.00859375
16 0.9484375 0.628125 0.01640625 0.00703125
2 0.9484375 0.6375 0.015625 0.0078125
16 0.253125 0.06328125 0.01875 0.0078125
16 0.94921875 0.64609375 0.0203125 0.00859375
9 0.146875 0.665625 0.02421875 0.040625
16 0.046875 0.66953125 0.0125 0.02265625
16 0.11953125 0.66875 0.00703125 0.0171875
16 0.07265625 0.6703125 0.00859375 0.0171875
16 0.12578125 0.66953125 0.00859375 0.01875
16 0.06328125 0.67109375 0.00703125 0.0203125
16 0.07890625 0.67109375 0.00859375 0.01796875
16 0.94921875 0.65390625 0.01875 0.009375
4 0.7625 0.06328125 0.3171875 0.1265625
2 0.2359375 0.065625 0.0140625 0.01015625
16 0.090625 0.67421875 0.0140625 0.0078125
16 0.9484375 0.66171875 0.01640625 0.0078125
16 0.046875 0.68671875 0.01015625 0.02109375
2 0.9484375 0.6703125 0.015625 0.0078125
16 0.140625 0.06875 0.01015625 0.01875
2 0.09375 0.07109375 0.009375 0.01640625
2 0.103125 0.0703125 0.00859375 0.0171875
16 0.12578125 0.0703125 0.00703125 0.01875
16 0.15625 0.06953125 0.00703125 0.01796875
16 0.11796875 0.0703125 0.0078125 0.01640625
2 0.13359375 0.0703125 0.00625 0.015625
16 0.1109375 0.07109375 0.00625 0.01953125
2 0.32265625 0.06640625 0.015625 0.0109375
16 0.14765625 0.0703125 0.0078125 0.01875
2 0.04765625 0.70625 0.00859375 0.015625
16 0.9875 0.6921875 0.0203125 0.01015625
2 0.9890625 0.70234375 0.015625 0.01015625
2 0.04921875 0.7296875 0.0078125 0.0171875
4 0.36953125 0.071875 0.07109375 0.13828125
16 0.3296875 0.74296875 0.00859375 0.01953125
16 0.32265625 0.74375 0.009375 0.0203125
16 0.171875 0.07421875 0.01875 0.01015625
16 0.4015625 0.74296875 0.00859375 0.0171875
2 0.36015625 0.74375 0.00625 0.015625
16 0.39375 0.74375 0.00859375 0.0171875
16 0.44375 0.74296875 0.0078125 0.01796875
2 0.3453125 0.7453125 0.0078125 0.01796875
16 0.353125 0.74453125 0.009375 0.02109375
2 0.36796875 0.74453125 0.00703125 0.01640625
2 0.3375 0.7453125 0.00546875 0.01640625
16 0.49453125 0.7421875 0.00625 0.015625
16 0.4515625 0.74296875 0.0078125 0.01796875
16 0.559375 0.74140625 0.00703125 0.01640625
16 0.5015625 0.7421875 0.00859375 0.01875
16 0.55234375 0.7421875 0.0078125 0.01875
16 0.5703125 0.7421875 0.00546875 0.01953125
16 0.509375 0.74453125 0.00859375 0.02109375
2 0.6 0.74296875 0.00703125 0.0171875
2 0.6078125 0.74296875 0.00625 0.0171875
2 0.61484375 0.74453125 0.00859375 0.015625
2 0.2359375 0.0734375 0.015625 0.00859375
2 0.62265625 0.74453125 0.00703125 0.01640625
2 0.25703125 0.75390625 0.015625 0.01015625
16 0.29140625 0.753125 0.01875 0.01015625
16 0.1890625 0.075 0.0140625 0.009375
16 0.0484375 0.76640625 0.01015625 0.0203125
16 0.25859375 0.7625 0.015625 0.0078125
2 0.2734375 0.76328125 0.0140625 0.00859375
16 0.25703125 0.775 0.01796875 0.00859375
16 0.27421875 0.775 0.01875 0.009375
9 0.1640625 0.7796875 0.13671875 0.15390625
16 0.275 0.7859375 0.01875 0.0125
16 0.0515625 0.7984375 0.0171875 0.009375
16 0.06875 0.7984375 0.0140625 0.009375
4 0.55234375 0.071875 0.06640625 0.11171875
16 0.05234375 0.8078125 0.015625 0.00546875
2 0.321875 0.07734375 0.01484375 0.009375
4 0.95625 0.065625 0.075 0.1140625
16 0.06875 0.8140625 0.015625 0.0046875
16 0.05234375 0.81484375 0.01796875 0.0078125
16 0.05390625 0.821875 0.01484375 0.00625
16 0.06875 0.825 0.01171875 0.0078125
2 0.053125 0.8328125 0.0140625 0.0078125
16 0.06953125 0.834375 0.015625 0.00546875
16 0.05390625 0.840625 0.01484375 0.00546875
16 0.09921875 0.084375 0.015625 0.00859375
16 0.06796875 0.84375 0.015625 0.0046875
16 0.05390625 0.8484375 0.0125 0.00859375
2 0.171875 0.084375 0.015625 0.0078125
16 0.04921875 0.8578125 0.015625 0.00625
16 0.23671875 0.08359375 0.0203125 0.009375
2 0.190625 0.08515625 0.015625 0.0078125
2 0.51171875 0.8609375 0.015625 0.01171875
2 0.45 0.86328125 0.01328125 0.0078125
2 0.49453125 0.86171875 0.01640625 0.01171875
2 0.4765625 0.8625 0.015625 0.01171875
2 0.52890625 0.86171875 0.015625 0.01015625
2 0.42265625 0.8640625 0.015625 0.01171875
2 0.546875 0.86171875 0.0171875 0.0109375
2 0.65078125 0.859375 0.0125 0.0046875
2 0.765625 0.85859375 0.015625 0.009375
2 0.73359375 0.859375 0.015625 0.0078125
2 0.82890625 0.85703125 0.015625 0.009375
2 0.79140625 0.85859375 0.01875 0.009375
2 0.84765625 0.8578125 0.01640625 0.00859375
2 0.6859375 0.86015625 0.015625 0.01015625
2 0.865625 0.8578125 0.01484375 0.01015625
2 0.68671875 0.8609375 0.0140625 0.0078125
16 0.61796875 0.8625 0.015625 0.0078125
16 0.63515625 0.86328125 0.015625 0.00625
2 0.02109375 0.875 0.00859375 0.0125
2 0.04296875 0.87578125 0.0078125 0.0171875
2 0.0515625 0.87578125 0.00625 0.01484375
2 0.0296875 0.87734375 0.0078125 0.01875
16 0.240625 0.87578125 0.00703125 0.0171875
16 0.61796875 0.88046875 0.015625 0.0078125
16 0.021875 0.89453125 0.00703125 0.0203125
16 0.70390625 0.88125 0.0140625 0.00546875
16 0.03046875 0.8953125 0.00390625 0.0140625
2 0.61796875 0.88828125 0.01171875 0.00703125
2 0.60078125 0.88984375 0.0140625 0.0078125
16 0.71953125 0.8890625 0.0125 0.0078125
16 0.70390625 0.88984375 0.0125 0.00703125
9 0.7734375 0.89375 0.0828125 0.059375
16 0.60234375 0.896875 0.0140625 0.0078125
16 0.58515625 0.89765625 0.01484375 0.00625
16 0.61796875 0.89765625 0.015625 0.00703125
16 0.70390625 0.89921875 0.01328125 0.00546875
2 0.321875 0.0875 0.015625 0.01015625
16 0.96875 0.89609375 0.00859375 0.01875
16 0.58515625 0.9078125 0.01484375 0.00625
16 0.6171875 0.9078125 0.01640625 0.009375
16 0.70390625 0.9078125 0.0125 0.00546875
16 0.60078125 0.91484375 0.01328125 0.0046875
16 0.584375 0.915625 0.0140625 0.00546875
9 0.6578125 0.915625 0.05546875 0.0984375
16 0.70625 0.91640625 0.01171875 0.00546875
16 0.09921875 0.09375 0.01484375 0.0078125
16 0.7203125 0.92421875 0.0140625 0.00703125
2 0.23671875 0.0921875 0.015625 0.00859375
9 0.94609375 0.928125 0.02734375 0.03671875
4 0.4578125 0.08828125 0.1046875 0.16328125
2 0.19140625 0.09375 0.0125 0.009375
20 0.28671875 0.94296875 0.0203125 0.01796875
16 0.61796875 0.93671875 0.01875 0.00546875
16 0.25390625 0.9484375 0.01796875 0.0109375
2 0.58515625 0.94375 0.0125 0.00703125
16 0.61796875 0.94453125 0.0140625 0.00703125
2 0.17265625 0.09453125 0.015625 0.0078125
16 0.60390625 0.9515625 0.015625 0.00703125
16 0.25390625 0.95859375 0.0171875 0.009375
16 0.228125 0.9609375 0.0078125 0.01953125
16 0.61796875 0.953125 0.0140625 0.00703125
16 0.28125 0.96171875 0.00859375 0.01796875
16 0.290625 0.9625 0.00859375 0.02109375
16 0.93125 0.95 0.0140625 0.00703125
16 0.26640625 0.9625 0.0078125 0.01953125
16 0.27421875 0.96328125 0.00859375 0.0203125
20 0.23984375 0.9640625 0.01328125 0.021875
16 0.9109375 0.9546875 0.0078125 0.01953125
16 0.9203125 0.9546875 0.00703125 0.015625
16 0.1984375 0.9703125 0.00859375 0.01875
16 0.61875 0.9625 0.01328125 0.00703125
16 0.19296875 0.97109375 0.00703125 0.01953125
16 0.93125 0.95859375 0.0140625 0.009375
2 0.646875 0.97109375 0.00703125 0.01640625
2 0.6390625 0.971875 0.00703125 0.0171875
16 0.9640625 0.96640625 0.01953125 0.00859375
2 0.625 0.97421875 0.00703125 0.0125
2 0.81328125 0.97109375 0.00546875 0.015625
16 0.821875 0.971875 0.00625 0.0171875
16 0.9765625 0.96953125 0.009375 0.0171875
16 0.80546875 0.97265625 0.00625 0.01796875
16 0.8296875 0.971875 0.00703125 0.0171875
16 0.96484375 0.975 0.0171875 0.00859375
16 0.09921875 0.1015625 0.015625 0.00859375
2 0.32265625 0.09765625 0.0140625 0.009375
2 0.17265625 0.103125 0.0140625 0.0078125
16 0.18984375 0.10390625 0.0171875 0.0078125
9 0.134375 0.1078125 0.05 0.059375
16 0.09921875 0.109375 0.01640625 0.009375
2 0.32265625 0.1078125 0.015625 0.0078125
2 0.171875 0.11171875 0.0140625 0.0078125
16 0.19140625 0.11328125 0.01484375 0.0078125
16 0.09921875 0.11796875 0.015625 0.0078125
2 0.17265625 0.12109375 0.0140625 0.00625
2 0.32265625 0.11875 0.015625 0.00859375
16 0.09921875 0.128125 0.01484375 0.00859375
2 0.171875 0.13046875 0.01484375 0.0078125
16 0.21171875 0.13203125 0.0171875 0.00859375
16 0.1 0.1375 0.01484375 0.00859375
2 0.246875 0.134375 0.0125 0.0078125
2 0.1109375 0.1453125 0.00703125 0.01484375
2 0.11796875 0.14609375 0.00859375 0.01484375
2 0.14140625 0.1453125 0.00859375 0.01484375
2 0.134375 0.14609375 0.00703125 0.01484375
2 0.1484375 0.14609375 0.009375 0.01640625
2 0.16328125 0.1453125 0.00859375 0.0171875
2 0.12578125 0.146875 0.00703125 0.01484375
2 0.15703125 0.14609375 0.00859375 0.0171875
2 0.171875 0.14609375 0.009375 0.01640625
16 0.1796875 0.14609375 0.00703125 0.0203125
16 0.1953125 0.14609375 0.00859375 0.01796875
2 0.18828125 0.14609375 0.0078125 0.0171875
2 0.09921875 0.1484375 0.0140625 0.009375
16 0.2125 0.1484375 0.01796875 0.0078125
16 0.09921875 0.16015625 0.0140625 0.00859375
16 0.1171875 0.16171875 0.00859375 0.01484375
16 0.13359375 0.1625 0.00859375 0.015625
16 0.1109375 0.16328125 0.00703125 0.0171875
2 0.17265625 0.1625 0.0078125 0.01796875
16 0.1265625 0.16328125 0.00703125 0.01640625
2 0.14140625 0.16328125 0.00859375 0.0171875
16 0.1890625 0.16328125 0.00859375 0.01796875
16 0.19609375 0.16328125 0.00703125 0.0171875
16 0.18046875 0.16328125 0.00859375 0.01796875
2 0.08515625 0.16875 0.0140625 0.0109375
16 0.1 0.1703125 0.01484375 0.0078125
9 0.89453125 0.15625 0.06015625 0.06171875
2 0.1 0.17890625 0.0140625 0.0078125
16 0.18125 0.18203125 0.00859375 0.01875
16 0.1734375 0.1828125 0.00703125 0.01875
2 0.18984375 0.1828125 0.00859375 0.01640625
16 0.06484375 0.1859375 0.0171875 0.00859375
16 0.08359375 0.1859375 0.01640625 0.01015625
2 0.10078125 0.18671875 0.015625 0.00859375
22 0.30703125 0.19921875 0.053125 0.0921875
9 0.41796875 0.20546875 0.0875 0.05625
2 0.16171875 0.24296875 0.0140625 0.0078125
2 0.13125 0.24375 0.0171875 0.01015625
2 0.16171875 0.259375 0.015625 0.00859375
9 0.5390625 0.2640625 0.0421875 0.05078125
16 0.46796875 0.27265625 0.015625 0.04375
9 0.41328125 0.28046875 0.0765625 0.0796875
16 0.50546875 0.3015625 0.01640625 0.0078125
2 0.13125 0.31328125 0.015625 0.009375
2 0.52109375 0.30625 0.00703125 0.0171875
16 0.50703125 0.3109375 0.015625 0.009375
2 0.16171875 0.31796875 0.01328125 0.0078125
2 0.89921875 0.30703125 0.0125 0.0296875
2 0.93359375 0.3078125 0.0125 0.03046875
9 0.31796875 0.32734375 0.0734375 0.121875
2 0.13203125 0.378125 0.01484375 0.0109375
2 0.96328125 0.36328125 0.01484375 0.009375
16 0.06875 0.384375 0.0171875 0.0125
2 0.16328125 0.3828125 0.0140625 0.00859375
2 0.96328125 0.371875 0.0140625 0.0125
2 0.94609375 0.37265625 0.015625 0.00859375
16 0.06796875 0.3921875 0.015625 0.0078125
2 0.96328125 0.38046875 0.015625 0.0078125
16 0.946875 0.38203125 0.015625 0.0078125
2 0.06953125 0.4015625 0.02109375 0.01015625
2 0.9625 0.38984375 0.015625 0.01015625
16 0.946875 0.390625 0.015625 0.0078125
16 0.06953125 0.41171875 0.01796875 0.00859375
16 0.44765625 0.4078125 0.015625 0.00859375
16 0.94609375 0.39921875 0.0171875 0.0078125
16 0.0703125 0.4203125 0.01796875 0.009375
2 0.96328125 0.40703125 0.0140625 0.0078125
16 0.44765625 0.41796875 0.015625 0.00703125
2 0.946875 0.40859375 0.01640625 0.0078125
2 0.06953125 0.428125 0.015625 0.0078125
16 0.13359375 0.43125 0.01796875 0.009375
2 0.9625 0.415625 0.01484375 0.0078125
2 0.44765625 0.42578125 0.01484375 0.009375
16 0.4640625 0.4265625 0.015625 0.00703125
16 0.94609375 0.4171875 0.015625 0.01015625
16 0.0703125 0.43671875 0.0171875 0.01015625
16 0.1640625 0.4375 0.0171875 0.0078125
16 0.446875 0.434375 0.0140625 0.00703125
16 0.4875 0.434375 0.015625 0.0078125
2 0.96328125 0.425 0.0171875 0.01015625
16 0.50234375 0.43359375 0.0140625 0.0078125
16 0.4625 0.43515625 0.015625 0.0078125
16 0.946875 0.42578125 0.015625 0.0078125
16 0.46328125 0.44296875 0.01640625 0.00859375
2 0.94609375 0.43359375 0.01484375 0.0109375
16 0.48671875 0.44296875 0.01484375 0.00859375
16 0.4640625 0.45078125 0.0140625 0.0078125
16 0.4875 0.45 0.01328125 0.00546875
2 0.9640625 0.44296875 0.01484375 0.01171875
16 0.46328125 0.459375 0.0140625 0.00625
16 0.4453125 0.459375 0.0171875 0.0078125
2 0.4875 0.45859375 0.0125 0.00546875
16 0.94765625 0.46015625 0.01875 0.00859375
2 0.9640625 0.4609375 0.01484375 0.009375
2 0.13203125 0.48125 0.0140625 0.009375
16 0.415625 0.47890625 0.00859375 0.01875
16 0.40703125 0.47890625 0.00703125 0.01953125
2 0.41484375 0.4984375 0.00625 0.01484375
16 0.4234375 0.4984375 0.0078125 0.01796875
16 0.0359375 0.50703125 0.01640625 0.0078125
16 0.053125 0.5078125 0.0140625 0.0078125
16 0.94765625 0.50859375 0.01875 0.009375
16 0.03515625 0.53125 0.00859375 0.01484375
16 0.94609375 0.51640625 0.01875 0.0078125
9 0.790625 0.525 0.23046875 0.259375
2 0.94765625 0.52734375 0.015625 0.01015625
16 0.9484375 0.5546875 0.0171875 0.00859375
16 0.9484375 0.5625 0.01875 0.01015625