15 0.37578125 0.49140625 0.0109375 0.0046875
15 0.3765625 0.49765625 0.01015625 0.00703125
1 0.4421875 0.52578125 0.0109375 0.00546875
1 0.43046875 0.5265625 0.01171875 0.00703125
15 0.43203125 0.534375 0.01015625 0.00546875
15 0.43203125 0.53984375 0.01171875 0.00546875
1 0.5203125 0.5421875 0.0125 0.00625
1 0.50625 0.54296875 0.01171875 0.00703125
1 0.49765625 0.54375 0.00546875 0.01484375
15 0.4328125 0.54609375 0.009375 0.00546875
1 0.50859375 0.54921875 0.01015625 0.00546875
1 0.521875 0.55 0.0109375 0.00703125
9 0.21484375 0.5625 0.021875 0.0328125
9 0.253125 0.5640625 0.021875 0.0296875
1 0.63203125 0.57578125 0.0109375 0.00625
9 0.1609375 0.5796875 0.0546875 0.06328125
1 0.5421875 0.5796875 0.00625 0.01484375
1 0.6359375 0.58203125 0.0125 0.00625
15 0.0734375 0.58828125 0.0109375 0.00625
15 0.63671875 0.5890625 0.0125 0.00703125
15 0.07265625 0.59453125 0.009375 0.00625
1 0.5453125 0.59609375 0.00390625 0.01484375
15 0.534375 0.59609375 0.00546875 0.0140625
15 0.53984375 0.59609375 0.0046875 0.01328125
9 0.37578125 0.60078125 0.040625 0.0640625
4 0.73828125 0.06171875 0.18515625 0.1234375
1 0.54765625 0.61953125 0.00546875 0.01484375
9 0.23515625 0.6296875 0.06171875 0.09375
15 0.375 0.64140625 0.0046875 0.01328125
15 0.675 0.6546875 0.00390625 0.01328125
15 0.74453125 0.65546875 0.00625 0.01171875
15 0.7078125 0.65546875 0.00390625 0.0109375
15 0.6796875 0.65625 0.0046875 0.0125
15 0.70234375 0.65546875 0.0046875 0.0140625
15 0.60859375 0.65546875 0.00390625 0.0125
15 0.62265625 0.65703125 0.00546875 0.0109375
15 0.61796875 0.6578125 0.0046875 0.01328125
15 0.57578125 0.6578125 0.0046875 0.0125
15 0.6125 0.6578125 0.0046875 0.01328125
15 0.5796875 0.65859375 0.00390625 0.01171875
15 0.540625 0.659375 0.00390625 0.0125
15 0.54609375 0.66015625 0.003125 0.01328125
15 0.5171875 0.6609375 0.00390625 0.0140625
15 0.346875 0.66484375 0.0125 0.00546875
15 0.346875 0.6703125 0.0109375 0.00703125
15 0.41015625 0.68671875 0.0109375 0.00546875
1 0.39765625 0.68671875 0.01015625 0.00625
1 0.4015625 0.72890625 0.0046875 0.0140625
15 0.41171875 0.72890625 0.00546875 0.0140625
15 0.396875 0.7296875 0.0046875 0.01328125
15 0.40703125 0.7296875 0.00390625 0.01328125
4 0.55 0.0734375 0.1390625 0.1375
1 0.28046875 0.73984375 0.00546875 0.01171875
1 0.31015625 0.753125 0.00703125 0.00546875
1 0.290625 0.753125 0.00703125 0.01484375
1 0.32109375 0.75390625 0.01015625 0.00625
1 0.3859375 0.7609375 0.00546875 0.01484375
15 0.253125 0.76953125 0.01015625 0.00625
1 0.3859375 0.77265625 0.0046875 0.0140625
15 0.25234375 0.77578125 0.0109375 0.00625
15 0.253125 0.78203125 0.0109375 0.00703125
1 0.421875 0.78359375 0.003125 0.01484375
1 0.39375 0.78515625 0.00703125 0.00625
1 0.37890625 0.7890625 0.00546875 0.015625
1 0.38203125 0.8 0.009375 0.00625
1 0.36875 0.08046875 0.0109375 0.00703125
15 0.26484375 0.80546875 0.009375 0.00546875
1 0.39609375 0.81953125 0.009375 0.00546875
9 0.325 0.821875 0.090625 0.1015625
1 0.41875 0.82265625 0.01015625 0.00625
15 0.26484375 0.825 0.009375 0.00546875
1 0.40703125 0.82578125 0.0109375 0.00390625
1 0.41953125 0.82890625 0.0125 0.00625
15 0.4078125 0.83125 0.00859375 0.00703125
15 0.39453125 0.83359375 0.009375 0.0046875
15 0.42109375 0.8359375 0.009375 0.0046875
1 0.43046875 0.8390625 0.00546875 0.0140625
1 0.39375 0.83984375 0.01015625 0.00625
15 0.38125 0.8421875 0.01015625 0.00546875
15 0.4203125 0.84375 0.01015625 0.0046875
1 0.39453125 0.84609375 0.0109375 0.0046875
1 0.4078125 0.84765625 0.00859375 0.0046875
1 0.38125 0.84921875 0.01171875 0.00546875
1 0.4203125 0.8515625 0.01015625 0.0046875
15 0.38203125 0.85625 0.009375 0.00546875
9 0.7015625 0.86171875 0.04140625 0.06328125
15 0.6125 0.88671875 0.0109375 0.0046875
15 0.62421875 0.88671875 0.0109375 0.0046875
1 0.63515625 0.8875 0.009375 0.00546875
15 0.6015625 0.8875 0.0125 0.00625
1 0.36953125 0.0890625 0.0125 0.0078125
1 0.278125 0.89296875 0.003125 0.0125
1 0.6109375 0.89375 0.01328125 0.00625
1 0.2890625 0.89375 0.00546875 0.01484375
15 0.6015625 0.89375 0.0109375 0.00546875
15 0.63515625 0.89453125 0.0125 0.00625
1 0.2796875 0.9078125 0.00390625 0.0109375
15 0.25625 0.90859375 0.003125 0.01328125
1 0.28515625 0.90859375 0.00390625 0.0125
1 0.23359375 0.91171875 0.01015625 0.00703125
15 0.10390625 0.93671875 0.00703125 0.0140625
15 0.60078125 0.946875 0.0046875 0.01328125
15 0.590625 0.94765625 0.00625 0.01328125
15 0.31953125 0.95234375 0.0046875 0.01328125
15 0.30390625 0.95234375 0.00390625 0.0125
15 0.2796875 0.953125 0.00546875 0.01484375
1 0.3 0.953125 0.0046875 0.0125
15 0.2953125 0.95234375 0.00390625 0.0140625
15 0.51484375 0.953125 0.00390625 0.0125
15 0.275 0.95390625 0.0046875 0.01328125
15 0.26484375 0.95390625 0.00390625 0.01328125
15 0.50546875 0.95390625 0.00390625 0.0125
15 0.528125 0.9546875 0.00546875 0.01328125
15 0.51015625 0.95390625 0.00546875 0.0140625
9 0.571875 0.9578125 0.02890625 0.0296875
1 0.5140625 0.96328125 0.0109375 0.00625
20 0.59765625 0.96328125 0.009375 0.015625
15 0.58984375 0.9640625 0.0046875 0.01171875
1 0.37109375 0.10390625 0.01015625 0.0078125
9 0.33515625 0.11015625 0.0328125 0.0359375
1 0.371875 0.1109375 0.0109375 0.00625
15 0.3859375 0.115625 0.01015625 0.00703125
1 0.371875 0.1171875 0.009375 0.00546875
9 0.19609375 0.12421875 0.0546875 0.06328125
9 0.17265625 0.17109375 0.02421875 0.01953125
15 0.04609375 0.18203125 0.009375 0.00546875
4 0.87890625 0.20703125 0.14453125 0.03515625
1 0.046875 0.240625 0.01171875 0.00546875
1 0.046875 0.246875 0.009375 0.00390625
15 0.1125 0.259375 0.0109375 0.00703125
15 0.10078125 0.26796875 0.01796875 0.0078125
1 0.04765625 0.2796875 0.009375 0.00546875
15 0.04765625 0.3140625 0.0109375 0.00546875
15 0.0484375 0.3203125 0.01015625 0.00390625
15 0.0484375 0.3375 0.009375 0.00390625
15 0.0484375 0.34453125 0.0109375 0.00625
15 0.04921875 0.3546875 0.009375 0.00625
4 0.39609375 0.36015625 0.040625 0.3375
15 0.04921875 0.3609375 0.01015625 0.0046875
4 0.3328125 0.36328125 0.0375 0.33515625
4 0.13828125 0.365625 0.04140625 0.33046875
4 0.2015625 0.365625 0.04140625 0.3328125
4 0.2703125 0.36640625 0.04296875 0.33828125
15 0.04921875 0.3671875 0.009375 0.00625
15 0.57578125 0.37265625 0.0109375 0.00859375
1 0.5640625 0.3734375 0.01015625 0.00625
15 0.56328125 0.38046875 0.0109375 0.00625
1 0.5765625 0.38046875 0.01171875 0.00703125
1 0.57578125 0.38671875 0.01015625 0.00625
1 0.56484375 0.3875 0.0109375 0.00703125
9 0.10390625 0.39140625 0.03046875 0.03828125
1 0.56484375 0.39375 0.0109375 0.00546875
1 0.5765625 0.39375 0.01015625 0.00546875