16 0.9515625 0.6375 0.01796875 0.00859375
2 0.95078125 0.64609375 0.0140625 0.00859375
16 0.95 0.65390625 0.01640625 0.00703125
2 0.95 0.66328125 0.015625 0.0078125
16 0.265625 0.05625 0.01953125 0.0078125
16 0.95078125 0.67265625 0.02109375 0.00859375
9 0.13984375 0.66015625 0.02421875 0.04140625
16 0.03828125 0.66015625 0.0125 0.02265625
16 0.11171875 0.6625 0.00703125 0.01796875
16 0.06484375 0.6625 0.00859375 0.01796875
16 0.11875 0.66328125 0.00859375 0.01875
16 0.0546875 0.66171875 0.00703125 0.0203125
16 0.07109375 0.66328125 0.00859375 0.01796875
16 0.95 0.68046875 0.01953125 0.009375
4 0.7796875 0.07109375 0.31953125 0.1375
2 0.2484375 0.0578125 0.0140625 0.01015625
16 0.0828125 0.6671875 0.0140625 0.00859375
16 0.95 0.68828125 0.01640625 0.00859375
16 0.03828125 0.678125 0.01015625 0.021875
2 0.94921875 0.69609375 0.015625 0.00859375
16 0.1515625 0.0578125 0.01015625 0.01875
2 0.10546875 0.0578125 0.009375 0.01640625
2 0.1140625 0.05703125 0.00859375 0.0171875
16 0.13671875 0.0578125 0.00703125 0.01875
16 0.16796875 0.05859375 0.00703125 0.01796875
16 0.12890625 0.0578125 0.0078125 0.01640625
2 0.14453125 0.05859375 0.00625 0.015625
16 0.12265625 0.0578125 0.00625 0.0203125
2 0.3359375 0.0625 0.015625 0.0109375
16 0.159375 0.059375 0.0078125 0.01875
2 0.03828125 0.696875 0.00859375 0.015625
16 0.98671875 0.72109375 0.01875 0.01171875
2 0.98828125 0.73046875 0.015625 0.01015625
2 0.03828125 0.721875 0.0078125 0.0171875
4 0.3828125 0.06953125 0.071875 0.1390625
16 0.32265625 0.74609375 0.00859375 0.01953125
16 0.31484375 0.74609375 0.009375 0.0203125
16 0.1828125 0.06328125 0.01953125 0.01015625
16 0.39453125 0.7484375 0.00859375 0.01796875
2 0.353125 0.7484375 0.00625 0.015625
16 0.3859375 0.74921875 0.00859375 0.01796875
16 0.43671875 0.75 0.0078125 0.01796875
2 0.33828125 0.7484375 0.0078125 0.01796875
16 0.3453125 0.7484375 0.009375 0.02109375
2 0.3609375 0.74921875 0.00703125 0.01640625
2 0.3296875 0.7484375 0.00546875 0.01640625
16 0.48828125 0.7515625 0.00625 0.015625
16 0.44453125 0.7515625 0.0078125 0.01796875
16 0.5546875 0.753125 0.00703125 0.01640625
16 0.4953125 0.75234375 0.00859375 0.01875
16 0.54609375 0.75390625 0.0078125 0.01875
16 0.56484375 0.7546875 0.00546875 0.0203125
16 0.503125 0.75390625 0.00859375 0.02109375
2 0.59453125 0.75703125 0.00703125 0.01796875
2 0.60234375 0.75703125 0.00625 0.01796875
2 0.61015625 0.75859375 0.00859375 0.015625
2 0.2484375 0.065625 0.015625 0.00859375
2 0.6171875 0.759375 0.00703125 0.01640625
2 0.24765625 0.75390625 0.01640625 0.01015625
16 0.2828125 0.7546875 0.01953125 0.0109375
16 0.20078125 0.065625 0.01484375 0.009375
16 0.0375 0.75859375 0.01015625 0.0203125
16 0.24921875 0.7625 0.01640625 0.00859375
2 0.26484375 0.7640625 0.0140625 0.00859375
16 0.24765625 0.775 0.01796875 0.00859375
16 0.265625 0.77578125 0.01875 0.009375
9 0.15390625 0.77578125 0.1375 0.15625
16 0.265625 0.78671875 0.01875 0.0125
16 0.03984375 0.790625 0.0171875 0.009375
16 0.05625 0.79140625 0.0140625 0.009375
4 0.56796875 0.0765625 0.0671875 0.11328125
16 0.03984375 0.79921875 0.015625 0.00625
2 0.33515625 0.07265625 0.01484375 0.009375
4 0.96875 0.08671875 0.06171875 0.11640625
16 0.05703125 0.80703125 0.01640625 0.0046875
16 0.03984375 0.80703125 0.01796875 0.0078125
16 0.04140625 0.81484375 0.01484375 0.00625
16 0.05625 0.81875 0.01171875 0.0078125
2 0.040625 0.825 0.01484375 0.0078125
16 0.05625 0.828125 0.015625 0.00625
16 0.040625 0.83359375 0.01484375 0.00546875
16 0.109375 0.071875 0.015625 0.00859375
16 0.0546875 0.83671875 0.01640625 0.0046875
16 0.040625 0.840625 0.01328125 0.00859375
2 0.1828125 0.07421875 0.015625 0.00859375
16 0.03515625 0.85 0.01640625 0.00625
16 0.2484375 0.0765625 0.0203125 0.009375
2 0.2015625 0.075 0.015625 0.0078125
2 0.5015625 0.871875 0.01640625 0.01171875
2 0.43984375 0.871875 0.01328125 0.00859375
2 0.48515625 0.871875 0.01640625 0.01171875
2 0.46640625 0.871875 0.015625 0.01171875
2 0.51953125 0.8734375 0.015625 0.0109375
2 0.4125 0.871875 0.01640625 0.01171875
2 0.5375 0.87421875 0.01796875 0.0109375
2 0.6421875 0.8765625 0.01328125 0.0046875
2 0.75859375 0.8796875 0.01640625 0.009375
2 0.72578125 0.87890625 0.015625 0.00859375
2 0.82265625 0.88125 0.01640625 0.009375
2 0.784375 0.88046875 0.01875 0.009375
2 0.84140625 0.88203125 0.01640625 0.00859375
2 0.678125 0.87890625 0.015625 0.01015625
2 0.859375 0.8828125 0.01484375 0.01015625
2 0.678125 0.87890625 0.0140625 0.00859375
16 0.609375 0.878125 0.015625 0.0078125
16 0.6265625 0.87890625 0.015625 0.00625
2 0.00625 0.86640625 0.00859375 0.0125
2 0.028125 0.86875 0.0078125 0.01796875
2 0.0375 0.86953125 0.00625 0.015625
2 0.015625 0.86875 0.0078125 0.01875
16 0.22734375 0.8765625 0.00703125 0.0171875
16 0.609375 0.89609375 0.01640625 0.0078125
16 0.00703125 0.88671875 0.00703125 0.0203125
16 0.6953125 0.9 0.01484375 0.00546875
16 0.015625 0.88828125 0.00390625 0.0140625
2 0.60859375 0.903125 0.01171875 0.00703125
2 0.59140625 0.90390625 0.01484375 0.0078125
16 0.7109375 0.90859375 0.01328125 0.00859375
16 0.69609375 0.909375 0.0125 0.00703125
9 0.765625 0.915625 0.08359375 0.06015625
16 0.5921875 0.9125 0.0140625 0.0078125
16 0.575 0.9125 0.01484375 0.00625
16 0.60859375 0.91328125 0.01640625 0.00703125
16 0.69453125 0.91875 0.01328125 0.00625
2 0.334375 0.08359375 0.015625 0.0109375
16 0.9625 0.92578125 0.00859375 0.01875
16 0.57421875 0.921875 0.01484375 0.00625
16 0.60703125 0.9234375 0.01640625 0.009375
16 0.69453125 0.92734375 0.01328125 0.00546875
16 0.590625 0.93046875 0.01328125 0.0046875
16 0.5734375 0.93046875 0.01484375 0.00625
9 0.64765625 0.9328125 0.05625 0.1
16 0.69609375 0.93671875 0.01171875 0.00546875
16 0.109375 0.08125 0.01484375 0.00859375
16 0.7109375 0.94453125 0.01484375 0.00703125
2 0.24765625 0.084375 0.015625 0.00859375
9 0.93828125 0.9578125 0.02734375 0.03671875
4 0.471875 0.0890625 0.10546875 0.165625
2 0.2015625 0.084375 0.01328125 0.009375
20 0.27265625 0.94609375 0.0203125 0.01796875
16 0.6078125 0.953125 0.01953125 0.00546875
16 0.23828125 0.95078125 0.01796875 0.0109375
2 0.57421875 0.95859375 0.01328125 0.00703125
16 0.60703125 0.9609375 0.01484375 0.00703125
2 0.1828125 0.08515625 0.015625 0.00859375
16 0.5921875 0.9671875 0.015625 0.00703125
16 0.23828125 0.96015625 0.0171875 0.009375
16 0.2125 0.96171875 0.0078125 0.0203125
16 0.60625 0.96953125 0.0140625 0.00703125
16 0.26640625 0.96484375 0.00859375 0.01796875
16 0.27578125 0.965625 0.00859375 0.021875
16 0.9234375 0.978125 0.0140625 0.00703125
16 0.25078125 0.965625 0.0078125 0.0203125
16 0.259375 0.965625 0.00859375 0.0203125
20 0.225 0.965625 0.01328125 0.02265625
16 0.90234375 0.98203125 0.0078125 0.01953125
16 0.9109375 0.9828125 0.00703125 0.015625
16 0.18203125 0.9703125 0.00859375 0.01875
16 0.60703125 0.978125 0.01328125 0.00703125
16 0.1765625 0.97109375 0.00703125 0.01953125
16 0.92265625 0.98671875 0.01484375 0.009375
2 0.63515625 0.98828125 0.00703125 0.01640625
2 0.62734375 0.9890625 0.00703125 0.0171875
16 0.95546875 0.9953125 0.0203125 0.0078125
2 0.61328125 0.990625 0.00703125 0.0125
2 0.80234375 0.99375 0.00625 0.01171875
16 0.81171875 0.99375 0.00703125 0.01171875
16 0.96796875 0.9953125 0.01015625 0.00859375
16 0.7953125 0.99296875 0.00703125 0.0125
16 0.81953125 0.99375 0.0078125 0.0109375
16 0.109375 0.0890625 0.015625 0.00859375
2 0.334375 0.09375 0.01484375 0.009375
2 0.1828125 0.09296875 0.0140625 0.00859375
16 0.20078125 0.09453125 0.0171875 0.00859375
9 0.14453125 0.096875 0.05 0.06015625
16 0.109375 0.09765625 0.01640625 0.009375
2 0.334375 0.1046875 0.015625 0.00859375
2 0.1828125 0.1015625 0.0140625 0.00859375
16 0.2015625 0.1046875 0.01484375 0.00859375
16 0.10859375 0.10546875 0.015625 0.00859375
2 0.18203125 0.1109375 0.01484375 0.00625
2 0.33359375 0.11484375 0.01640625 0.00859375
16 0.10859375 0.11484375 0.01484375 0.00859375
2 0.18125 0.1203125 0.01484375 0.0078125
16 0.221875 0.12421875 0.0171875 0.00859375
16 0.109375 0.12421875 0.01484375 0.00859375
2 0.2578125 0.128125 0.0125 0.00859375
2 0.1203125 0.1328125 0.00703125 0.015625
2 0.1265625 0.134375 0.00859375 0.015625
2 0.15 0.13515625 0.00859375 0.015625
2 0.14296875 0.13515625 0.00703125 0.015625
2 0.1578125 0.13515625 0.009375 0.01640625
2 0.1734375 0.1359375 0.00859375 0.01796875
2 0.13515625 0.13515625 0.00703125 0.015625
2 0.165625 0.1359375 0.00859375 0.01796875
2 0.18125 0.13671875 0.009375 0.01640625
16 0.1890625 0.13671875 0.00703125 0.0203125
16 0.20546875 0.1375 0.00859375 0.01796875
2 0.196875 0.1375 0.0078125 0.01796875
2 0.10859375 0.1359375 0.01484375 0.009375
16 0.221875 0.140625 0.01796875 0.0078125
16 0.10703125 0.14765625 0.01484375 0.00859375
16 0.125 0.15 0.00859375 0.015625
16 0.1421875 0.15078125 0.00859375 0.015625
16 0.11953125 0.1515625 0.00703125 0.01796875
2 0.18125 0.153125 0.0078125 0.01796875
16 0.13515625 0.15234375 0.00703125 0.01640625
2 0.15 0.15234375 0.00859375 0.0171875
16 0.19765625 0.1546875 0.00859375 0.01796875
16 0.20546875 0.1546875 0.00703125 0.0171875
16 0.1890625 0.1546875 0.00859375 0.01796875
2 0.09296875 0.15703125 0.01484375 0.0109375
16 0.1078125 0.15859375 0.01484375 0.00859375
9 0.91015625 0.17578125 0.0609375 0.0625
2 0.1078125 0.1671875 0.01484375 0.00859375
16 0.18984375 0.1734375 0.00859375 0.01875
16 0.18125 0.17421875 0.00703125 0.01875
2 0.19765625 0.175 0.00859375 0.01640625
16 0.071875 0.17265625 0.0171875 0.00859375
16 0.090625 0.1734375 0.01640625 0.01015625
2 0.1078125 0.175 0.015625 0.00859375
22 0.315625 0.1953125 0.05390625 0.09296875
9 0.42734375 0.20625 0.08828125 0.05703125
2 0.16796875 0.234375 0.0140625 0.0078125
2 0.13671875 0.23359375 0.0171875 0.0109375
2 0.1671875 0.25078125 0.015625 0.00859375
9 0.5484375 0.2703125 0.0421875 0.0515625
16 0.47578125 0.27578125 0.015625 0.04375
9 0.4203125 0.28203125 0.07734375 0.08046875
16 0.51328125 0.30703125 0.01640625 0.00859375
2 0.134375 0.30390625 0.015625 0.009375
2 0.52890625 0.31171875 0.00703125 0.01796875
16 0.5140625 0.315625 0.01640625 0.009375
2 0.165625 0.309375 0.01328125 0.00859375
2 0.9109375 0.32890625 0.0125 0.0296875
2 0.9453125 0.3296875 0.0125 0.03046875
9 0.3234375 0.32578125 0.07421875 0.1234375
2 0.13359375 0.36875 0.01484375 0.0109375
2 0.9734375 0.3875 0.01484375 0.009375
16 0.06953125 0.37265625 0.01796875 0.01328125
2 0.16484375 0.37578125 0.01484375 0.00859375
2 0.9734375 0.396875 0.01484375 0.0125
2 0.95625 0.39609375 0.01640625 0.00859375
16 0.06875 0.38125 0.015625 0.0078125
2 0.9734375 0.40546875 0.015625 0.0078125
16 0.95625 0.4046875 0.015625 0.00859375
2 0.06953125 0.390625 0.02109375 0.01015625
2 0.97265625 0.4140625 0.01640625 0.0109375
16 0.95625 0.4140625 0.015625 0.00859375
16 0.06953125 0.40078125 0.01796875 0.00859375
16 0.45234375 0.4109375 0.01640625 0.00859375
16 0.95546875 0.42265625 0.0171875 0.00859375
16 0.06953125 0.40859375 0.01796875 0.009375
2 0.971875 0.43203125 0.01484375 0.0078125
16 0.4515625 0.42109375 0.015625 0.00703125
2 0.9546875 0.4328125 0.01640625 0.00859375
2 0.06953125 0.41796875 0.01640625 0.0078125
16 0.13359375 0.42265625 0.01796875 0.009375
2 0.971875 0.43984375 0.01484375 0.00859375
2 0.45078125 0.43046875 0.01484375 0.009375
16 0.4671875 0.43046875 0.01640625 0.00703125
16 0.9546875 0.44140625 0.015625 0.01015625
16 0.06953125 0.42578125 0.0171875 0.01015625
16 0.1640625 0.43046875 0.0171875 0.00859375
16 0.45 0.43828125 0.01484375 0.00703125
16 0.490625 0.43984375 0.015625 0.0078125
2 0.971875 0.44921875 0.0171875 0.01015625
16 0.50546875 0.440625 0.01484375 0.0078125
16 0.465625 0.43984375 0.015625 0.00859375
16 0.9546875 0.45 0.01640625 0.0078125
16 0.465625 0.44765625 0.01640625 0.00859375
2 0.95390625 0.4578125 0.01484375 0.0109375
16 0.490625 0.44921875 0.01484375 0.00859375
16 0.46640625 0.45546875 0.0140625 0.00859375
16 0.48984375 0.45625 0.01328125 0.00625
2 0.97265625 0.46796875 0.01484375 0.01171875
16 0.465625 0.4640625 0.01484375 0.00625
16 0.44765625 0.46484375 0.01796875 0.0078125
2 0.48984375 0.465625 0.01328125 0.00625
16 0.95390625 0.484375 0.01953125 0.00859375
2 0.97109375 0.48515625 0.01484375 0.009375
2 0.13046875 0.4734375 0.01484375 0.009375
16 0.41640625 0.48203125 0.00859375 0.01875
16 0.40859375 0.48125 0.00703125 0.01953125
2 0.415625 0.5015625 0.00625 0.015625
16 0.42421875 0.50234375 0.0078125 0.01796875
16 0.0328125 0.4953125 0.01640625 0.0078125
16 0.05 0.496875 0.0140625 0.00859375
16 0.953125 0.53359375 0.01875 0.009375
16 0.03046875 0.5203125 0.00859375 0.01484375
16 0.9515625 0.54140625 0.01953125 0.00859375
9 0.79375 0.54375 0.2328125 0.26171875
2 0.95234375 0.5515625 0.01640625 0.01015625
16 0.95234375 0.5796875 0.01796875 0.00859375
16 0.95234375 0.58828125 0.01875 0.0109375