16 0.965625 0.60703125 0.01875 0.01015625
2 0.965625 0.61640625 0.01484375 0.009375
16 0.965625 0.625 0.0171875 0.0078125
2 0.96640625 0.634375 0.01640625 0.00859375
16 0.21875 0.03984375 0.0203125 0.0078125
16 0.9671875 0.64375 0.021875 0.01015625
9 0.115625 0.68046875 0.02578125 0.04375
16 0.0109375 0.6875 0.01171875 0.025
16 0.08671875 0.68515625 0.0078125 0.01875
16 0.0375 0.6875 0.009375 0.01875
16 0.09375 0.6859375 0.009375 0.0203125
16 0.02734375 0.6890625 0.0078125 0.021875
16 0.04375 0.6890625 0.009375 0.01875
16 0.9671875 0.65234375 0.0203125 0.01015625
4 0.759375 0.04921875 0.3375 0.0984375
2 0.20078125 0.0421875 0.01484375 0.01015625
16 0.05703125 0.6921875 0.01484375 0.00859375
16 0.9671875 0.66015625 0.0171875 0.00859375
16 0.0109375 0.70546875 0.01015625 0.0234375
2 0.9671875 0.66875 0.01640625 0.009375
16 0.09921875 0.0484375 0.0109375 0.0203125
2 0.05078125 0.05078125 0.01015625 0.0171875
2 0.06015625 0.05078125 0.009375 0.01875
16 0.084375 0.04921875 0.0078125 0.01953125
16 0.11640625 0.0484375 0.0078125 0.01875
16 0.07578125 0.05 0.0078125 0.0171875
2 0.0921875 0.04921875 0.00703125 0.01640625
16 0.06875 0.05078125 0.00625 0.02109375
2 0.29296875 0.04140625 0.01640625 0.01171875
16 0.1078125 0.04921875 0.0078125 0.01953125
2 0.01171875 0.7265625 0.01015625 0.01640625
16 0.9984375 0.6921875 0.00234375 0.01328125
2 0.01328125 0.75234375 0.00859375 0.01796875
4 0.34296875 0.0625 0.07578125 0.115625
16 0.31171875 0.76015625 0.009375 0.0203125
16 0.30390625 0.7609375 0.01015625 0.021875
16 0.1328125 0.053125 0.0203125 0.0109375
16 0.3875 0.7578125 0.00859375 0.01875
2 0.34375 0.76015625 0.00625 0.0171875
16 0.37890625 0.75859375 0.01015625 0.01875
16 0.43203125 0.75703125 0.0078125 0.01875
2 0.328125 0.76171875 0.00859375 0.01875
16 0.3359375 0.7609375 0.01015625 0.021875
2 0.35234375 0.76015625 0.0078125 0.0171875
2 0.31953125 0.76171875 0.00625 0.0171875
16 0.48671875 0.75546875 0.00625 0.01640625
16 0.440625 0.75703125 0.0078125 0.01875
16 0.55546875 0.753125 0.0078125 0.0171875
16 0.49296875 0.75546875 0.009375 0.0203125
16 0.546875 0.75390625 0.0078125 0.0203125
16 0.56640625 0.75390625 0.00625 0.02109375
16 0.5015625 0.75703125 0.009375 0.021875
2 0.5984375 0.75390625 0.0078125 0.01875
2 0.60625 0.75390625 0.00703125 0.01875
2 0.6140625 0.7546875 0.00859375 0.0171875
2 0.20078125 0.05078125 0.01640625 0.009375
2 0.621875 0.7546875 0.00703125 0.0171875
2 0.23359375 0.77265625 0.0171875 0.0109375
16 0.2703125 0.771875 0.0203125 0.0109375
16 0.1515625 0.053125 0.01484375 0.01015625
16 0.0140625 0.78984375 0.0109375 0.021875
16 0.2359375 0.78203125 0.0171875 0.00859375
2 0.25234375 0.78203125 0.01484375 0.009375
16 0.23515625 0.79453125 0.01875 0.009375
16 0.253125 0.79453125 0.01953125 0.01015625
9 0.13671875 0.8015625 0.146875 0.16640625
16 0.25390625 0.80625 0.01953125 0.01328125
16 0.01796875 0.82421875 0.0171875 0.0109375
16 0.03515625 0.8234375 0.01484375 0.01015625
4 0.53671875 0.0515625 0.0734375 0.103125
16 0.01875 0.83359375 0.01640625 0.00703125
2 0.2921875 0.05234375 0.015625 0.01015625
4 0.95625 0.04453125 0.06328125 0.0890625
16 0.0359375 0.83984375 0.0171875 0.00546875
16 0.01953125 0.84140625 0.01796875 0.009375
16 0.01953125 0.84921875 0.015625 0.00703125
16 0.0359375 0.85234375 0.0125 0.0078125
2 0.01953125 0.86015625 0.01484375 0.0078125
16 0.03671875 0.86171875 0.01640625 0.00625
16 0.0203125 0.86875 0.015625 0.00625
16 0.05546875 0.065625 0.01640625 0.01015625
16 0.03515625 0.87109375 0.0171875 0.0046875
16 0.0203125 0.87734375 0.0140625 0.009375
2 0.1328125 0.0640625 0.01640625 0.00859375
16 0.01796875 0.88671875 0.0125 0.0078125
16 0.2015625 0.0609375 0.02109375 0.01015625
2 0.15234375 0.06328125 0.01640625 0.00859375
2 0.50625 0.88046875 0.0171875 0.01328125
2 0.440625 0.88359375 0.01484375 0.009375
2 0.48828125 0.88203125 0.0171875 0.0125
2 0.46875 0.8828125 0.01640625 0.0125
2 0.52421875 0.88125 0.0171875 0.0109375
2 0.4125 0.8859375 0.0171875 0.0125
2 0.54375 0.88125 0.01875 0.0125
2 0.653125 0.8765625 0.0140625 0.0046875
2 0.77578125 0.87265625 0.0171875 0.01015625
2 0.74140625 0.87421875 0.01640625 0.009375
2 0.84296875 0.8703125 0.0171875 0.01015625
2 0.803125 0.871875 0.01953125 0.01015625
2 0.86328125 0.8703125 0.0171875 0.01015625
2 0.69140625 0.8765625 0.01640625 0.0109375
2 0.88125 0.8703125 0.01640625 0.0109375
2 0.69140625 0.87734375 0.01484375 0.00859375
16 0.61953125 0.88046875 0.01640625 0.0078125
16 0.6375 0.88046875 0.0171875 0.00703125
2 0.01875 0.90625 0.00703125 0.015625
16 0.21875 0.903125 0.00703125 0.01796875
16 0.61953125 0.89921875 0.0171875 0.00859375
16 0.7109375 0.8984375 0.01484375 0.00546875
2 0.61953125 0.90703125 0.01328125 0.0078125
2 0.60234375 0.909375 0.015625 0.0078125
16 0.72734375 0.90625 0.01328125 0.00859375
16 0.7109375 0.9078125 0.01328125 0.00703125
9 0.784375 0.91015625 0.08828125 0.065625
16 0.603125 0.91796875 0.01484375 0.0078125
16 0.58515625 0.91875 0.015625 0.00703125
16 0.6203125 0.9171875 0.0171875 0.0078125
16 0.7109375 0.9171875 0.0140625 0.00703125
2 0.2921875 0.0640625 0.0171875 0.0109375
16 0.99140625 0.90859375 0.01015625 0.01953125
16 0.584375 0.92890625 0.015625 0.00703125
16 0.61953125 0.92890625 0.0171875 0.01015625
16 0.7109375 0.9265625 0.01328125 0.00625
16 0.6015625 0.9359375 0.0140625 0.00546875
16 0.58359375 0.9375 0.01484375 0.00703125
9 0.6625 0.9359375 0.06015625 0.10546875
16 0.71328125 0.9359375 0.0125 0.00625
16 0.05625 0.07578125 0.015625 0.00859375
16 0.72890625 0.94453125 0.01484375 0.0078125
2 0.2015625 0.0703125 0.01640625 0.009375
9 0.96875 0.94296875 0.0296875 0.0390625
4 0.43671875 0.075 0.11328125 0.15
2 0.153125 0.0734375 0.0140625 0.01015625
20 0.26953125 0.97265625 0.021875 0.01875
16 0.62109375 0.95859375 0.0203125 0.00625
16 0.234375 0.9796875 0.01875 0.01171875
2 0.58515625 0.96640625 0.0140625 0.00703125
16 0.6203125 0.9671875 0.01484375 0.00703125
2 0.13359375 0.075 0.01640625 0.009375
16 0.60546875 0.975 0.01640625 0.0078125
16 0.234375 0.98984375 0.01875 0.01015625
16 0.2078125 0.990625 0.009375 0.0171875
16 0.6203125 0.9765625 0.01484375 0.00703125
16 0.26328125 0.990625 0.01015625 0.0171875
16 0.2734375 0.990625 0.01015625 0.01796875
16 0.953125 0.96640625 0.01484375 0.0078125
16 0.24765625 0.99140625 0.009375 0.015625
16 0.25625 0.99140625 0.01015625 0.015625
20 0.21953125 0.99140625 0.01484375 0.015625
16 0.93125 0.97109375 0.00859375 0.0203125
16 0.940625 0.97109375 0.0078125 0.01640625
16 0.17578125 0.99609375 0.01015625 0.00625
16 0.62109375 0.9859375 0.0140625 0.00703125
16 0.16953125 0.996875 0.009375 0.00546875
16 0.953125 0.975 0.01484375 0.01015625
2 0.6515625 0.98984375 0.0078125 0.0078125
2 0.64296875 0.990625 0.0078125 0.00703125
16 0.9875 0.9796875 0.02109375 0.00234375
2 0.628125 0.99375 0.0078125 0.003125
2 0.82734375 0.98515625 0.00625 0.00390625
16 0.83671875 0.984375 0.00625 0.00390625
16 0.99765625 0.978125 0.00390625 0.0046875
16 0.81953125 0.98515625 0.00703125 0.00390625
16 0.05625 0.08359375 0.01640625 0.009375
2 0.29296875 0.07578125 0.01484375 0.01015625
2 0.134375 0.08359375 0.01484375 0.009375
16 0.15234375 0.084375 0.01796875 0.009375
9 0.09375 0.08984375 0.053125 0.06328125
16 0.05625 0.0921875 0.0171875 0.01015625
2 0.29296875 0.0859375 0.01640625 0.00859375
2 0.13359375 0.0921875 0.01484375 0.00859375
16 0.15390625 0.09453125 0.01640625 0.00859375
16 0.05625 0.10078125 0.01640625 0.00859375
2 0.134375 0.10234375 0.01484375 0.00703125
2 0.29296875 0.096875 0.0171875 0.01015625
16 0.05703125 0.1109375 0.015625 0.009375
2 0.13359375 0.1125 0.015625 0.00859375
16 0.17578125 0.11328125 0.01796875 0.01015625
16 0.0578125 0.1203125 0.015625 0.01015625
2 0.2140625 0.115625 0.01328125 0.009375
2 0.06953125 0.1296875 0.0078125 0.015625
2 0.07734375 0.1296875 0.00859375 0.015625
2 0.1015625 0.1296875 0.00859375 0.01640625
2 0.09453125 0.1296875 0.0078125 0.015625
2 0.109375 0.1296875 0.01015625 0.01796875
2 0.12578125 0.1296875 0.00859375 0.01875
2 0.08515625 0.13125 0.0078125 0.015625
2 0.1171875 0.1296875 0.01015625 0.01875
2 0.134375 0.1296875 0.01015625 0.0171875
16 0.14296875 0.12890625 0.0078125 0.021875
16 0.159375 0.12890625 0.009375 0.01953125
2 0.15078125 0.1296875 0.00859375 0.01875
2 0.0578125 0.13359375 0.01484375 0.01015625
16 0.17734375 0.13125 0.01953125 0.00859375
16 0.05703125 0.1453125 0.015625 0.01015625
16 0.0765625 0.146875 0.009375 0.01640625
16 0.09375 0.146875 0.00859375 0.01640625
16 0.06953125 0.1484375 0.0078125 0.01875
2 0.13515625 0.146875 0.00859375 0.01875
16 0.08671875 0.1484375 0.0078125 0.0171875
2 0.10234375 0.1484375 0.009375 0.01796875
16 0.1515625 0.146875 0.00859375 0.01875
16 0.16015625 0.146875 0.00703125 0.01796875
16 0.14375 0.14765625 0.009375 0.01953125
2 0.0421875 0.15546875 0.01484375 0.0125
16 0.0578125 0.15703125 0.01640625 0.009375
9 0.90078125 0.125 0.065625 0.0671875
2 0.05859375 0.165625 0.01484375 0.00859375
16 0.1453125 0.1671875 0.009375 0.01953125
16 0.1359375 0.16796875 0.0078125 0.01953125
2 0.153125 0.16796875 0.00859375 0.0171875
16 0.02109375 0.17421875 0.01796875 0.009375
16 0.04140625 0.17421875 0.0171875 0.01015625
2 0.059375 0.17421875 0.01640625 0.009375
22 0.278125 0.1828125 0.05859375 0.0984375
9 0.39609375 0.1875 0.09375 0.06171875
2 0.125 0.23203125 0.01484375 0.00859375
2 0.09296875 0.234375 0.01796875 0.0109375
2 0.125 0.25 0.01640625 0.01015625
9 0.52578125 0.246875 0.0453125 0.0546875
16 0.45 0.25703125 0.0171875 0.04609375
9 0.39140625 0.2671875 0.0828125 0.0859375
16 0.49140625 0.2875 0.01796875 0.00859375
2 0.09375 0.30703125 0.01640625 0.01015625
2 0.50703125 0.2921875 0.0078125 0.01875
16 0.4921875 0.296875 0.0171875 0.01015625
2 0.1265625 0.31171875 0.0140625 0.00859375
2 0.90859375 0.28515625 0.01328125 0.03125
2 0.94453125 0.28515625 0.01328125 0.0328125
9 0.2921875 0.31875 0.0796875 0.13046875
2 0.0953125 0.3765625 0.015625 0.0125
2 0.9765625 0.34296875 0.015625 0.01015625
16 0.02890625 0.38359375 0.01875 0.0140625
2 0.12890625 0.38046875 0.015625 0.01015625
2 0.97734375 0.35234375 0.01484375 0.01328125
2 0.959375 0.353125 0.0171875 0.01015625
16 0.028125 0.39296875 0.01640625 0.0078125
2 0.97734375 0.36171875 0.01640625 0.00859375
16 0.959375 0.36328125 0.01640625 0.00859375
2 0.0296875 0.40234375 0.02265625 0.0109375
2 0.97734375 0.37109375 0.0171875 0.01171875
16 0.96015625 0.371875 0.01640625 0.009375
16 0.03046875 0.41328125 0.01875 0.01015625
16 0.43203125 0.40078125 0.0171875 0.01015625
16 0.959375 0.38125 0.01875 0.009375
16 0.03046875 0.421875 0.01875 0.01015625
2 0.97734375 0.38984375 0.01484375 0.0078125
16 0.43125 0.41171875 0.01640625 0.0078125
2 0.96015625 0.39140625 0.01796875 0.009375
2 0.03046875 0.43125 0.0171875 0.00859375
16 0.0984375 0.43203125 0.01875 0.01015625
2 0.978125 0.3984375 0.015625 0.009375
2 0.43125 0.4203125 0.015625 0.01015625
16 0.44765625 0.4203125 0.0171875 0.0078125
16 0.96015625 0.40078125 0.0171875 0.01015625
16 0.03046875 0.43984375 0.01796875 0.0109375
16 0.13046875 0.43828125 0.01796875 0.00859375
16 0.43046875 0.4296875 0.01484375 0.0078125
16 0.4734375 0.428125 0.01640625 0.0078125
2 0.978125 0.40859375 0.01875 0.0109375
16 0.48828125 0.42734375 0.01484375 0.0078125
16 0.446875 0.4296875 0.01640625 0.00859375
16 0.9609375 0.409375 0.0171875 0.00859375
16 0.44765625 0.43828125 0.0171875 0.009375
2 0.96015625 0.41875 0.01640625 0.01171875
16 0.4734375 0.43828125 0.015625 0.009375
16 0.4484375 0.44609375 0.01484375 0.009375
16 0.47421875 0.4453125 0.0140625 0.00703125
2 0.9796875 0.42734375 0.01640625 0.01328125
16 0.4484375 0.4546875 0.015625 0.00703125
16 0.4296875 0.45625 0.01875 0.00859375
2 0.4734375 0.4546875 0.01328125 0.00625
16 0.96171875 0.44609375 0.0203125 0.01015625
2 0.97890625 0.44609375 0.015625 0.01015625
2 0.096875 0.4859375 0.015625 0.01015625
16 0.39765625 0.4765625 0.00859375 0.01953125
16 0.3890625 0.47734375 0.0078125 0.0203125
2 0.39765625 0.4984375 0.00703125 0.015625
16 0.40703125 0.49765625 0.0078125 0.01875
16 0.00234375 0.51484375 0.0046875 0.00859375
16 0.0140625 0.515625 0.01484375 0.00859375
16 0.9625 0.49765625 0.0203125 0.01015625
16 0.96171875 0.50625 0.0203125 0.00859375
9 0.79609375 0.51875 0.24921875 0.2796875
2 0.96328125 0.5171875 0.0171875 0.0109375
16 0.9640625 0.546875 0.01875 0.01015625
16 0.96484375 0.55546875 0.01953125 0.01171875