4 0.36796875 0.53359375 0.3921875 0.04765625
4 0.22265625 0.05234375 0.03984375 0.09296875
2 0.24375 0.56484375 0.0375 0.0109375
4 0.365625 0.62890625 0.38984375 0.05
9 0.1296875 0.65703125 0.0765625 0.2015625
2 0.23359375 0.65859375 0.03828125 0.01328125
9 0.91796875 0.06328125 0.12109375 0.09921875
9 0.64140625 0.6734375 0.14375 0.14609375
9 0.04765625 0.67734375 0.071875 0.24921875
16 0.35 0.68359375 0.01796875 0.009375
2 0.23203125 0.68828125 0.02109375 0.01328125
2 0.25546875 0.68828125 0.02265625 0.0125
16 0.89296875 0.71484375 0.0109375 0.015625
16 0.86328125 0.715625 0.00703125 0.01875
16 0.771875 0.71640625 0.01015625 0.0171875
16 0.9171875 0.7171875 0.0125 0.015625
16 0.78046875 0.7171875 0.00859375 0.01796875
16 0.88125 0.7171875 0.01015625 0.01484375
16 0.74296875 0.7171875 0.009375 0.0171875
16 0.753125 0.7171875 0.0109375 0.01953125
16 0.90546875 0.71875 0.01015625 0.015625
16 0.87109375 0.71875 0.00859375 0.0203125
4 0.36484375 0.721875 0.3921875 0.04765625
16 0.32265625 0.7609375 0.03203125 0.0078125
4 0.5765625 0.07421875 0.53203125 0.0421875
4 0.4109375 0.79453125 0.63828125 0.06171875
9 0.046875 0.81953125 0.046875 0.0375
9 0.33125 0.8390625 0.13125 0.03203125
9 0.21484375 0.840625 0.1015625 0.03046875
9 0.57890625 0.84140625 0.10390625 0.03359375
9 0.46015625 0.8421875 0.12421875 0.03046875
9 0.04921875 0.865625 0.040625 0.03671875
4 0.4109375 0.8859375 0.63515625 0.05625
9 0.85625 0.95234375 0.15703125 0.07578125
4 0.41328125 0.97578125 0.63671875 0.046875
4 0.28359375 0.0984375 0.034375 0.18359375
9 0.1671875 0.1109375 0.0546875 0.06171875
4 0.57421875 0.1203125 0.534375 0.0421875
4 0.22265625 0.1484375 0.0453125 0.09453125
4 0.5734375 0.16796875 0.534375 0.0453125
9 0.91640625 0.184375 0.125 0.09609375
9 0.1640625 0.1859375 0.05625 0.0609375
4 0.534375 0.21953125 0.70703125 0.0421875
16 0.54375 0.25078125 0.01796875 0.0125
4 0.33203125 0.265625 0.2375 0.0484375
16 0.6296875 0.2859375 0.034375 0.0203125
16 0.5765625 0.2890625 0.01953125 0.0109375
9 0.1359375 0.2953125 0.08671875 0.1203125
4 0.3453125 0.3125 0.2671875 0.04453125
16 0.1921875 0.315625 0.015625 0.0109375
9 0.94296875 0.31796875 0.08125 0.11796875
9 0.840625 0.3203125 0.08203125 0.1171875
9 0.53515625 0.32421875 0.05625 0.0921875
9 0.6875 0.32734375 0.04375 0.0859375
16 0.575 0.3359375 0.01640625 0.06640625
16 0.63515625 0.34375 0.00859375 0.01953125
16 0.08125 0.34453125 0.009375 0.0203125
4 0.5765625 0.03203125 0.534375 0.0421875
4 0.346875 0.37421875 0.26796875 0.046875
16 0.4953125 0.390625 0.01953125 0.01953125
2 0.03125 0.41015625 0.00859375 0.01875
2 0.02109375 0.41015625 0.00859375 0.0203125
4 0.36796875 0.4375 0.3890625 0.04921875
9 0.64609375 0.46796875 0.14453125 0.15
16 0.22109375 0.4734375 0.01640625 0.01953125
2 0.24375 0.47421875 0.02421875 0.01953125
16 0.5265625 0.47890625 0.0359375 0.0125
9 0.06484375 0.52109375 0.0453125 0.03359375