2 0.95 0.434375 0.015625 0.00703125
16 0.8125 0.046875 0.0140625 0.0140625
2 0.94765625 0.43984375 0.0171875 0.00859375
16 0.4359375 0.36328125 0.01953125 0.01015625
2 0.5515625 0.39921875 0.22734375 0.16640625
16 0.26484375 0.35546875 0.01640625 0.00703125
2 0.2984375 0.3625 0.0171875 0.0078125
2 0.315625 0.365625 0.01640625 0.00859375
2 0.93125 0.478125 0.0171875 0.00859375
2 0.32109375 0.3765625 0.0125 0.0125
16 0.28828125 0.371875 0.0109375 0.01171875
16 0.29765625 0.37421875 0.00859375 0.01015625
16 0.34453125 0.38203125 0.01015625 0.01171875
2 0.33046875 0.3796875 0.00859375 0.01171875
16 0.3375 0.38046875 0.00859375 0.01171875
16 0.3140625 0.3765625 0.009375 0.01015625
16 0.30390625 0.375 0.01015625 0.01015625
16 0.27109375 0.36953125 0.0109375 0.0109375
16 0.28125 0.371875 0.0109375 0.0125
2 0.93046875 0.48515625 0.015625 0.00859375
4 0.959375 0.4921875 0.0796875 0.16875
16 0.2625 0.3703125 0.009375 0.01015625
2 0.4390625 0.4078125 0.0203125 0.01015625
16 0.28125 0.3828125 0.01015625 0.01171875
16 0.29453125 0.384375 0.00859375 0.01171875
16 0.32890625 0.39140625 0.01015625 0.0125
2 0.32265625 0.390625 0.009375 0.0125
16 0.26796875 0.38046875 0.0109375 0.01328125
16 0.30234375 0.38671875 0.01015625 0.0125
2 0.28828125 0.38515625 0.01015625 0.0140625
2 0.315625 0.38984375 0.009375 0.01171875
16 0.30859375 0.38828125 0.0109375 0.01328125
16 0.27421875 0.38203125 0.01015625 0.0125
16 0.26015625 0.38125 0.0109375 0.0125
2 0.3421875 0.40234375 0.01640625 0.0078125
2 0.92421875 0.50859375 0.015625 0.00703125
2 0.33984375 0.40859375 0.01796875 0.00859375
2 0.4015625 0.42109375 0.01796875 0.00859375
16 0.33828125 0.41328125 0.01484375 0.00703125
16 0.540625 0.0078125 0.0171875 0.00859375
16 0.3375 0.41796875 0.01640625 0.00703125
2 0.39296875 0.42890625 0.01015625 0.0109375
16 0.9203125 0.52109375 0.00859375 0.01171875
2 0.92734375 0.52265625 0.009375 0.0125
16 0.3359375 0.4234375 0.01640625 0.0078125
2 0.81875 0.05703125 0.009375 0.01171875
2 0.334375 0.428125 0.01640625 0.00703125
16 0.5890625 0.4765625 0.0171875 0.0078125
16 0.3328125 0.43359375 0.015625 0.00703125
16 0.91875 0.53671875 0.01484375 0.00625
16 0.33125 0.4390625 0.01796875 0.00859375
2 0.5203125 0.471875 0.01015625 0.0125
2 0.44765625 0.4609375 0.01015625 0.0125
16 0.9171875 0.5421875 0.01484375 0.00703125
16 0.32890625 0.44609375 0.015625 0.0078125
16 0.915625 0.54765625 0.01484375 0.00625
16 0.28203125 0.44140625 0.009375 0.0125
2 0.26875 0.43984375 0.0078125 0.0109375
16 0.3171875 0.44765625 0.009375 0.01171875
16 0.275 0.440625 0.01015625 0.0125
16 0.2890625 0.44375 0.00859375 0.01171875
16 0.30234375 0.44609375 0.01015625 0.0140625
2 0.31015625 0.44765625 0.0109375 0.0125
16 0.2953125 0.44453125 0.01015625 0.0125
2 0.24296875 0.4359375 0.00859375 0.01171875
2 0.32890625 0.4515625 0.015625 0.00703125
16 0.91328125 0.553125 0.01484375 0.00625
2 0.32734375 0.45859375 0.015625 0.00703125
16 0.3796875 0.46953125 0.01015625 0.0125
16 0.31171875 0.45859375 0.01484375 0.00703125
16 0.37265625 0.46953125 0.0109375 0.0125
16 0.3859375 0.471875 0.01171875 0.0140625
2 0.33828125 0.46484375 0.009375 0.01171875
2 0.28046875 0.45546875 0.00859375 0.01171875
16 0.2671875 0.453125 0.0109375 0.01171875
2 0.259375 0.4515625 0.009375 0.01171875
2 0.253125 0.45078125 0.009375 0.01171875
16 0.2875 0.45703125 0.01015625 0.0125
2 0.24609375 0.45 0.0109375 0.0125
2 0.23828125 0.4484375 0.00859375 0.01171875
2 0.2734375 0.4546875 0.009375 0.0125
2 0.29296875 0.45859375 0.00859375 0.01171875
2 0.3 0.4609375 0.00859375 0.01171875
16 0.3109375 0.46328125 0.01640625 0.00703125
16 0.5375 0.01328125 0.01640625 0.0078125
16 0.35234375 0.47734375 0.0125 0.0125
16 0.34609375 0.47578125 0.009375 0.01171875
2 0.2859375 0.4671875 0.01875 0.0078125
16 0.23828125 0.459375 0.01875 0.00703125
2 0.26796875 0.4640625 0.0171875 0.0078125
16 0.25390625 0.4625 0.01484375 0.00703125
2 0.31640625 0.47265625 0.01484375 0.00703125
16 0.54609375 0.5140625 0.01171875 0.01484375
16 0.55703125 0.51640625 0.01171875 0.01171875
16 0.44921875 0.4984375 0.01015625 0.01171875
16 0.3609375 0.48359375 0.01015625 0.01171875
16 0.39140625 0.48828125 0.01171875 0.0125
20 0.803125 0.059375 0.0203125 0.01640625
2 0.3125 0.478125 0.015625 0.00703125
2 0.16640625 0.46328125 0.01171875 0.0125
16 0.478125 0.00625 0.015625 0.0078125
9 0.10703125 0.46484375 0.04375 0.03828125
9 0.1421875 0.471875 0.04375 0.03671875
2 0.190625 0.4828125 0.01015625 0.01171875
2 0.07890625 0.46953125 0.01171875 0.0125
16 0.79921875 0.6015625 0.0234375 0.01015625
16 0.81640625 0.6046875 0.01484375 0.00703125
16 0.83046875 0.60703125 0.01796875 0.0078125
16 0.49375 0.0109375 0.0171875 0.00859375
16 0.82890625 0.61328125 0.01875 0.0078125
2 0.11171875 0.48984375 0.01171875 0.01328125
20 0.75234375 0.60234375 0.021875 0.0171875
20 0.76953125 0.60625 0.0234375 0.01875
20 0.8109375 0.61484375 0.01953125 0.015625
16 0.5625 0.57265625 0.01484375 0.00703125
20 0.79296875 0.6125 0.02421875 0.0171875
2 0.09765625 0.4921875 0.01796875 0.0078125
16 0.546875 0.5703125 0.01484375 0.00703125
2 0.81484375 0.0671875 0.00859375 0.0109375
2 0.03203125 0.4875 0.0171875 0.00859375
16 0.540625 0.575 0.01640625 0.00859375
16 0.76640625 0.61796875 0.015625 0.0078125
16 0.75078125 0.61484375 0.015625 0.00703125
16 0.521875 0.57578125 0.0171875 0.00859375
16 0.01328125 0.4890625 0.01875 0.009375
16 0.18515625 0.525 0.01171875 0.01171875
2 0.2171875 0.5328125 0.01796875 0.0078125
2 0.83515625 0.64921875 0.015625 0.00703125
16 0.8140625 0.64765625 0.009375 0.0125
16 0.82109375 0.64921875 0.01015625 0.0140625
16 0.0109375 0.51328125 0.01953125 0.00859375
2 0.47734375 0.01171875 0.01640625 0.00859375
16 0.00859375 0.51953125 0.0171875 0.0078125
4 0.3375 0.57734375 0.39609375 0.096875
16 0.69375 0.6390625 0.00859375 0.01015625
2 0.70859375 0.6421875 0.0109375 0.01171875
16 0.70078125 0.64140625 0.01015625 0.0125
16 0.7453125 0.65078125 0.01171875 0.01171875
16 0.50625 0.01796875 0.0171875 0.0078125
9 0.09453125 0.54140625 0.1234375 0.10625
2 0.70390625 0.65625 0.00859375 0.01171875
2 0.77578125 0.66875 0.009375 0.01171875
2 0.63515625 0.64453125 0.0515625 0.03671875
16 0.76796875 0.6671875 0.01171875 0.01328125
2 0.6828125 0.653125 0.009375 0.0125
2 0.74140625 0.66328125 0.01015625 0.01171875
2 0.69765625 0.65625 0.01015625 0.0125
2 0.690625 0.6546875 0.01328125 0.0140625
2 0.67421875 0.65234375 0.0109375 0.0125
2 0.86328125 0.69609375 0.009375 0.01171875
2 0.00859375 0.54921875 0.0171875 0.021875
2 0.03828125 0.55546875 0.01015625 0.0125
16 0.7953125 0.6875 0.01484375 0.00703125
16 0.14765625 0.5765625 0.021875 0.009375
2 0.79296875 0.69296875 0.01796875 0.00859375
2 0.03515625 0.56875 0.009375 0.01171875
2 0.13828125 0.5875 0.01484375 0.0078125
9 0.60390625 0.66796875 0.0640625 0.034375
2 0.003125 0.56640625 0.00625 0.0203125
2 0.01484375 0.5734375 0.02890625 0.025
2 0.78828125 0.709375 0.015625 0.00703125
2 0.03203125 0.5796875 0.00859375 0.01171875
2 0.10625 0.59375 0.01484375 0.00703125
2 0.08359375 0.59296875 0.0109375 0.0125
16 0.046875 0.5875 0.0109375 0.01328125
16 0.03984375 0.5859375 0.0109375 0.0140625
2 0.62734375 0.69453125 0.0171875 0.00859375
16 0.6109375 0.6921875 0.01796875 0.00859375
2 0.7828125 0.72421875 0.015625 0.00703125
2 0.5796875 0.68984375 0.04140625 0.028125
4 0.315625 0.64609375 0.3984375 0.10078125
9 0.703125 0.7171875 0.17265625 0.12578125
16 0.621875 0.71484375 0.01484375 0.00703125
16 0.78046875 0.74375 0.01484375 0.00859375
16 0.48515625 0.02421875 0.01640625 0.00859375
2 0.61640625 0.7203125 0.01796875 0.00859375
2 0.5953125 0.71640625 0.01640625 0.00859375
2 0.77421875 0.75390625 0.01640625 0.0078125
2 0.7734375 0.759375 0.0171875 0.00859375
2 0.47578125 0.70859375 0.0171875 0.0109375
16 0.6140625 0.7359375 0.015625 0.0078125
2 0.18828125 0.6640625 0.0171875 0.00859375
16 0.77109375 0.76484375 0.015625 0.00703125
16 0.50078125 0.02890625 0.0109375 0.01171875
2 0.78359375 0.76875 0.01171875 0.0125
2 0.6125 0.7421875 0.01484375 0.00703125
16 0.79296875 0.7734375 0.01484375 0.00625
16 0.76953125 0.7703125 0.015625 0.00703125
16 0.76796875 0.775 0.01484375 0.00703125
2 0.60859375 0.74765625 0.01875 0.00703125
16 0.76796875 0.78046875 0.01796875 0.00703125
2 0.73828125 0.7828125 0.015625 0.00703125
2 0.70546875 0.78125 0.01171875 0.0140625
2 0.69765625 0.7796875 0.01171875 0.01171875
4 0.29453125 0.7140625 0.4046875 0.1078125
16 0.73828125 0.790625 0.00859375 0.01015625
16 0.7296875 0.790625 0.009375 0.01328125
16 0.69765625 0.790625 0.01640625 0.00703125
16 0.7328125 0.803125 0.01171875 0.01171875
16 0.7265625 0.8015625 0.00859375 0.01171875
16 0.6953125 0.796875 0.0171875 0.00859375
16 0.71640625 0.80625 0.01171875 0.0125
16 0.315625 0.73828125 0.00859375 0.01171875
2 0.32421875 0.73984375 0.01015625 0.0125
16 0.7484375 0.8140625 0.01015625 0.0140625
2 0.30703125 0.73828125 0.009375 0.01015625
16 0.728125 0.81171875 0.01484375 0.00703125
16 0.00390625 0.68828125 0.0078125 0.00859375
16 0.00234375 0.69375 0.00390625 0.00703125
2 0.225 0.73515625 0.05703125 0.034375
16 0.5984375 0.8015625 0.0125 0.01171875
2 0.640625 0.81171875 0.01484375 0.00859375
16 0.0015625 0.70078125 0.003125 0.00859375
16 0.621875 0.81015625 0.02109375 0.01171875
2 0.39921875 0.77734375 0.01796875 0.0078125
2 0.3234375 0.76484375 0.01796875 0.00859375
2 0.00546875 0.72578125 0.0109375 0.00859375
2 0.01796875 0.728125 0.0171875 0.00859375
16 0.03359375 0.73125 0.0171875 0.0078125
16 0.78046875 0.8609375 0.01171875 0.01171875
4 0.275 0.7796875 0.40546875 0.1046875
16 0.4640625 0.03359375 0.01796875 0.00859375
16 0.53359375 0.8375 0.0171875 0.0078125
16 0.54921875 0.840625 0.015625 0.00703125
2 0.80546875 0.8875 0.009375 0.0125
2 0.62109375 0.8578125 0.01171875 0.0125
16 0.59765625 0.85703125 0.0109375 0.01328125
2 0.61328125 0.86015625 0.009375 0.01171875
16 0.63671875 0.86484375 0.01484375 0.00703125
16 0.59140625 0.85625 0.01015625 0.0140625
16 0.55078125 0.85078125 0.009375 0.01171875
16 0.515625 0.84453125 0.00859375 0.01171875
2 0.52421875 0.84609375 0.009375 0.01171875
2 0.53828125 0.8484375 0.00859375 0.0109375
16 0.53203125 0.846875 0.0109375 0.01171875
2 0.54453125 0.85 0.00859375 0.01171875
16 0.709375 0.878125 0.01484375 0.0078125
2 0.5078125 0.84375 0.01171875 0.01328125
16 0.65078125 0.86796875 0.01484375 0.00625
16 0.62578125 0.865625 0.01015625 0.0125
2 0.05078125 0.76796875 0.01953125 0.01015625
16 0.42734375 0.028125 0.01015625 0.0125
16 0.43359375 0.0296875 0.0109375 0.01171875
16 0.49921875 0.85703125 0.01484375 0.00859375
2 0.4984375 0.86171875 0.01484375 0.00703125
16 0.48046875 0.85859375 0.0171875 0.00859375
16 0.65859375 0.88984375 0.01953125 0.009375
16 0.63671875 0.88671875 0.0171875 0.0078125
2 0.49765625 0.86796875 0.01484375 0.00625
16 0.4796875 0.86484375 0.0140625 0.00625
16 0.63515625 0.8921875 0.0171875 0.00859375
9 0.025 0.78515625 0.05 0.10078125
16 0.63359375 0.89921875 0.01640625 0.0078125
16 0.63046875 0.9046875 0.01484375 0.00703125
9 0.5609375 0.8953125 0.1421875 0.0890625
2 0.0390625 0.81015625 0.015625 0.00703125
4 0.2546875 0.8484375 0.39765625 0.10859375
16 0.6296875 0.91328125 0.0171875 0.00703125
16 0.62734375 0.9203125 0.01640625 0.00703125
16 0.62578125 0.9265625 0.01640625 0.0078125
2 0.0578125 0.834375 0.0171875 0.00859375
2 0.13828125 0.853125 0.01640625 0.00703125
16 0.05859375 0.83984375 0.015625 0.0078125
16 0.12265625 0.85078125 0.01640625 0.0078125
2 0.6203125 0.93828125 0.0171875 0.0078125
2 0.1359375 0.8578125 0.01484375 0.00703125
2 0.0140625 0.8375 0.0171875 0.0078125
16 0.12109375 0.85625 0.015625 0.00703125
2 0.134375 0.86328125 0.01484375 0.00625
16 0.428125 0.91328125 0.015625 0.00703125
16 0.11953125 0.86171875 0.015625 0.00703125
16 0.5765625 0.940625 0.009375 0.01015625
2 0.78203125 0.97578125 0.01015625 0.01328125
2 0.58359375 0.9421875 0.009375 0.01015625
16 0.64296875 0.95234375 0.01015625 0.0125
2 0.56875 0.940625 0.00859375 0.01171875
16 0.53359375 0.934375 0.01015625 0.01328125
2 0.5609375 0.9390625 0.009375 0.01171875
16 0.4140625 0.91328125 0.01796875 0.00859375
16 0.59921875 0.94609375 0.01171875 0.01328125
2 0.59140625 0.94453125 0.01171875 0.01171875
16 0.5265625 0.93359375 0.00859375 0.01171875
16 0.5203125 0.9328125 0.01015625 0.0125
2 0.51328125 0.93125 0.009375 0.01171875
2 0.1328125 0.86875 0.015625 0.00703125
16 0.11796875 0.86640625 0.015625 0.00703125
16 0.74921875 0.97578125 0.009375 0.01171875
16 0.5796875 0.95 0.01640625 0.0078125
16 0.51015625 0.93984375 0.01484375 0.0078125
2 0.0375 0.859375 0.01640625 0.0078125
16 0.5578125 0.95078125 0.00859375 0.01171875
16 0.42734375 0.0375 0.01796875 0.00703125
16 0.565625 0.95234375 0.00859375 0.01171875
16 0.578125 0.95625 0.01796875 0.00703125
2 0.03671875 0.87265625 0.01640625 0.00859375
2 0.734375 0.99765625 0.015625 0.00390625
4 0.23515625 0.91875 0.4046875 0.109375
16 0.4421875 0.0421875 0.015625 0.0078125
16 0.6671875 0.99453125 0.0109375 0.01015625
16 0.490625 0.965625 0.01015625 0.01171875
2 0.003125 0.88046875 0.00625 0.0078125
16 0.48203125 0.965625 0.0109375 0.01171875
2 0.67421875 0.99765625 0.01015625 0.00390625
2 0.00234375 0.88671875 0.0046875 0.00703125
2 0.00234375 0.8921875 0.00390625 0.00703125
16 0.4796875 0.97578125 0.009375 0.0125
16 0.48671875 0.978125 0.0109375 0.0125
16 0.56328125 0.99453125 0.01015625 0.01015625
16 0.55625 0.99453125 0.0078125 0.01015625
2 0.00859375 0.9046875 0.01484375 0.00703125
2 0.00703125 0.909375 0.0140625 0.00625
2 0.00625 0.91484375 0.0125 0.0078125
2 0.00625 0.9203125 0.0125 0.00859375
16 0.30859375 0.9734375 0.01484375 0.01328125
2 0.00546875 0.925 0.01015625 0.00703125
16 0.24296875 0.01640625 0.0125 0.01328125
16 0.21640625 0.01640625 0.01953125 0.00859375
16 0.69609375 0.10234375 0.01875 0.00859375
16 0.6640625 0.096875 0.01875 0.0109375
16 0.68125 0.10078125 0.0140625 0.00703125
16 0.2125 0.0234375 0.01875 0.0078125
16 0.23984375 0.02890625 0.0109375 0.01328125
16 0.21171875 0.02890625 0.01796875 0.00703125
2 0.6640625 0.12734375 0.01015625 0.01171875
2 0.53203125 0.15390625 0.01484375 0.01796875
16 0.503125 0.15546875 0.01640625 0.0078125
16 0.5171875 0.15703125 0.01484375 0.00703125
2 0.246875 0.1203125 0.009375 0.0125
2 0.296875 0.13125 0.0125 0.015625
9 0.2703125 0.13125 0.05078125 0.04296875
2 0.24296875 0.13046875 0.009375 0.01015625
2 0.4078125 0.16796875 0.00859375 0.009375
16 0.28828125 0.1484375 0.0140625 0.0125
16 0.240625 0.14453125 0.0140625 0.01640625
16 0.275 0.15703125 0.025 0.0125
2 0.4421875 0.19140625 0.01171875 0.01328125
2 0.44765625 0.19296875 0.01015625 0.0125
16 0.275 0.16796875 0.0109375 0.0125
16 0.4375 0.2015625 0.01640625 0.00859375
2 0.42890625 0.20546875 0.0171875 0.0078125
20 0.24453125 0.190625 0.07265625 0.0578125
4 0.9015625 0.33125 0.1953125 0.52890625
4 0.8140625 0.31953125 0.22890625 0.540625
4 0.8625 0.33359375 0.2078125 0.54765625
16 0.25078125 0.22578125 0.01796875 0.00859375
20 0.21953125 0.23984375 0.0484375 0.04921875
20 0.77890625 0.04140625 0.0609375 0.021875
16 0.153125 0.25 0.015625 0.00703125
2 0.1515625 0.2546875 0.015625 0.00703125
2 0.1640625 0.2578125 0.01015625 0.0125
16 0.95625 0.40703125 0.01484375 0.00703125
16 0.821875 0.046875 0.009375 0.009375
16 0.95546875 0.4125 0.015625 0.00703125
2 0.9546875 0.4171875 0.01484375 0.00703125
2 0.953125 0.4234375 0.01484375 0.00703125
2 0.9515625 0.42890625 0.0171875 0.00703125