9 0.396875 0.7953125 0.0296875 0.0546875
9 0.5140625 0.79609375 0.03046875 0.05234375
9 0.47421875 0.796875 0.03359375 0.05234375
9 0.434375 0.796875 0.02734375 0.0546875
9 0.56796875 0.7984375 0.03046875 0.053125
9 0.2625 0.79921875 0.01953125 0.04140625
1 0.12421875 0.79921875 0.009375 0.02578125
9 0.2359375 0.80078125 0.01953125 0.05390625
9 0.20546875 0.80234375 0.0234375 0.05234375
9 0.725 0.81171875 0.028125 0.04921875
9 0.68515625 0.81171875 0.0296875 0.04921875
9 0.778125 0.81328125 0.04296875 0.053125
1 0.25625 0.84140625 0.0171875 0.0234375
1 0.1578125 0.8421875 0.0078125 0.01328125
1 0.31640625 0.84609375 0.01015625 0.0234375
9 0.34296875 0.853125 0.0453125 0.04296875
1 0.76484375 0.85859375 0.0140625 0.01484375
1 0.14765625 0.8734375 0.00625 0.02734375
1 0.31328125 0.88984375 0.01953125 0.0140625
9 0.184375 0.890625 0.059375 0.07578125
1 0.13515625 0.92265625 0.0125 0.0171875
15 0.1234375 0.1109375 0.009375 0.0234375
15 0.08359375 0.11171875 0.0046875 0.01796875
15 0.09765625 0.11328125 0.0046875 0.01484375
15 0.05 0.11484375 0.00546875 0.0203125
15 0.07109375 0.1140625 0.00625 0.01953125
15 0.0921875 0.1140625 0.00625 0.01796875
15 0.11328125 0.115625 0.0109375 0.02421875
15 0.10390625 0.115625 0.00625 0.01875
15 0.0609375 0.11640625 0.00703125 0.0203125
15 0.07734375 0.1171875 0.0046875 0.0203125
9 0.1421875 0.11875 0.02734375 0.0375
20 0.4125 0.1296875 0.01484375 0.0265625
15 0.29765625 0.1296875 0.00859375 0.021875
15 0.33203125 0.1296875 0.0078125 0.021875
15 0.37890625 0.13046875 0.0078125 0.0203125
15 0.38984375 0.13046875 0.00703125 0.02265625
15 0.34296875 0.13046875 0.00859375 0.0234375
15 0.28671875 0.13125 0.00625 0.02421875
15 0.4359375 0.13125 0.00625 0.02109375
15 0.42578125 0.1328125 0.0078125 0.02421875
9 0.22890625 0.15859375 0.02421875 0.05703125
9 0.25234375 0.1609375 0.02109375 0.05
20 0.31640625 0.18125 0.015625 0.025
20 0.29140625 0.18203125 0.01953125 0.02578125
20 0.33984375 0.184375 0.01640625 0.028125
9 0.4609375 0.1953125 0.021875 0.04765625
9 0.4078125 0.1953125 0.02734375 0.0515625
9 0.51875 0.1984375 0.0203125 0.046875
9 0.3640625 0.19921875 0.02265625 0.05234375
1 0.61796875 0.25078125 0.02421875 0.02578125
1 0.2171875 0.26640625 0.01796875 0.01640625
1 0.21640625 0.27734375 0.0140625 0.0140625
20 0.56953125 0.28515625 0.02890625 0.06953125
15 0.1828125 0.2921875 0.0140625 0.01640625
9 0.675 0.29453125 0.021875 0.04765625
15 0.18203125 0.3078125 0.01328125 0.0125
1 0.88203125 0.30859375 0.01015625 0.01484375
1 0.84453125 0.309375 0.009375 0.01171875
1 0.8078125 0.309375 0.0109375 0.0203125
20 0.61171875 0.31640625 0.0140625 0.0296875
15 0.415625 0.3203125 0.00703125 0.02109375
15 0.38359375 0.3203125 0.00859375 0.0203125
15 0.42734375 0.321875 0.0078125 0.02265625
15 0.475 0.32109375 0.00703125 0.021875
15 0.37109375 0.32109375 0.0046875 0.021875
15 0.46484375 0.32265625 0.0078125 0.021875
1 0.5484375 0.328125 0.00703125 0.02109375
15 0.18203125 0.328125 0.01484375 0.015625
1 0.59453125 0.3296875 0.00703125 0.01796875
9 0.8359375 0.334375 0.02734375 0.0390625
9 0.8 0.3359375 0.02890625 0.0375
9 0.6328125 0.33515625 0.021875 0.05
9 0.87578125 0.33671875 0.02734375 0.03828125
9 0.215625 0.33828125 0.0453125 0.1015625
15 0.1828125 0.3421875 0.0140625 0.01484375
20 0.61171875 0.35234375 0.01640625 0.02734375
9 0.68125 0.35390625 0.0234375 0.05234375
1 0.8 0.371875 0.02109375 0.01953125
1 0.8765625 0.371875 0.01796875 0.015625
1 0.8359375 0.37421875 0.0171875 0.01953125
15 0.1234375 0.3796875 0.01171875 0.01328125
15 0.1375 0.38046875 0.00625 0.01484375
1 0.61640625 0.38046875 0.0203125 0.0265625
15 0.14765625 0.38125 0.00625 0.01484375
15 0.16953125 0.38125 0.00546875 0.0140625
15 0.15859375 0.3828125 0.00546875 0.01640625
1 0.8140625 0.42109375 0.009375 0.01171875
1 0.6359375 0.42109375 0.015625 0.01328125
1 0.8546875 0.42265625 0.009375 0.01484375
20 0.6109375 0.43828125 0.0140625 0.03359375
9 0.675 0.44140625 0.01953125 0.04921875
9 0.83359375 0.4421875 0.03046875 0.05390625
20 0.61171875 0.4734375 0.01484375 0.02890625
1 0.6359375 0.490625 0.01015625 0.0109375
15 0.12734375 0.49140625 0.00546875 0.02109375
15 0.1609375 0.490625 0.0046875 0.01640625
15 0.18359375 0.49140625 0.00390625 0.0140625
15 0.071875 0.49296875 0.00546875 0.015625
15 0.0625 0.49296875 0.00546875 0.015625
15 0.13515625 0.49296875 0.00546875 0.02109375
15 0.11640625 0.49296875 0.00703125 0.0234375
15 0.0875 0.49296875 0.00546875 0.015625
15 0.15546875 0.49296875 0.0046875 0.0140625
15 0.16875 0.49375 0.00546875 0.01484375
15 0.1484375 0.49453125 0.00625 0.01796875
15 0.1421875 0.49375 0.0046875 0.01875
15 0.18984375 0.49453125 0.00390625 0.015625
1 0.61796875 0.50078125 0.0203125 0.021875
1 0.68125 0.5015625 0.0140625 0.03515625
1 0.66953125 0.50625 0.0078125 0.02265625
1 0.653125 0.51796875 0.01484375 0.028125
1 0.70078125 0.52421875 0.0171875 0.02734375
1 0.6390625 0.52421875 0.00703125 0.01953125
1 0.68984375 0.5296875 0.00625 0.0203125
1 0.61796875 0.5328125 0.02265625 0.02578125
1 0.63359375 0.54765625 0.00625 0.01640625
1 0.6546875 0.5515625 0.01484375 0.03046875
1 0.7015625 0.55859375 0.01328125 0.0328125
1 0.72265625 0.56015625 0.015625 0.0296875
1 0.6890625 0.56328125 0.0078125 0.0203125
1 0.7109375 0.5640625 0.0078125 0.0171875
20 0.2234375 0.58203125 0.015625 0.02734375
1 0.62734375 0.58515625 0.0171875 0.034375
1 0.4328125 0.5859375 0.00859375 0.01875
1 0.615625 0.5859375 0.0078125 0.02265625
1 0.37890625 0.5921875 0.00703125 0.01328125
1 0.66875 0.59453125 0.00703125 0.02109375
1 0.68125 0.59609375 0.0140625 0.03203125
9 0.39765625 0.6 0.0296875 0.05
9 0.64921875 0.6046875 0.03203125 0.0671875
20 0.22265625 0.61484375 0.0171875 0.025
1 0.23359375 0.61796875 0.0109375 0.0265625
1 0.7 0.62265625 0.00625 0.0265625
1 0.66953125 0.62578125 0.00859375 0.021875
1 0.68125 0.6265625 0.01796875 0.02890625
9 0.72109375 0.63125 0.03828125 0.0515625
9 0.77578125 0.63671875 0.03984375 0.05
1 0.378125 0.6453125 0.00546875 0.0171875
20 0.24296875 0.64765625 0.015625 0.0265625
9 0.396875 0.6578125 0.02734375 0.04765625
9 0.28984375 0.665625 0.02421875 0.0515625
1 0.6203125 0.66640625 0.0140625 0.015625
1 0.25859375 0.675 0.0125 0.02421875
20 0.24375 0.6765625 0.015625 0.0265625
1 0.42109375 0.67734375 0.0046875 0.0140625
1 0.7609375 0.70234375 0.00859375 0.0234375
1 0.4953125 0.70546875 0.00859375 0.0203125
1 0.45390625 0.70703125 0.01015625 0.01640625
1 0.378125 0.70859375 0.00625 0.01640625
9 0.3984375 0.7203125 0.02578125 0.05390625
9 0.5140625 0.7203125 0.0296875 0.05234375
9 0.725 0.7203125 0.02890625 0.04921875
1 0.8609375 0.7203125 0.00625 0.0234375
9 0.47265625 0.72109375 0.025 0.046875
9 0.6859375 0.721875 0.0296875 0.05078125
9 0.434375 0.721875 0.02890625 0.0546875
9 0.28984375 0.721875 0.01953125 0.0515625
1 0.246875 0.72578125 0.00859375 0.0234375
1 0.228125 0.72890625 0.0078125 0.01875
9 0.778125 0.74296875 0.04296875 0.046875
9 0.20546875 0.74375 0.02421875 0.05390625
9 0.83203125 0.7453125 0.04921875 0.0828125
9 0.89765625 0.7453125 0.0484375 0.08203125
1 0.746875 0.74609375 0.0078125 0.0203125
1 0.7046875 0.746875 0.00859375 0.01875
1 0.26875 0.75390625 0.009375 0.0234375
1 0.2765625 0.7765625 0.00859375 0.021875
1 0.37890625 0.7828125 0.0078125 0.0203125
1 0.54765625 0.78359375 0.00859375 0.01953125
1 0.49453125 0.784375 0.00703125 0.01640625
9 0.25234375 0.78359375 0.00625 0.01875
1 0.45390625 0.78515625 0.00703125 0.02265625
1 0.66640625 0.7859375 0.00703125 0.01875
1 0.70625 0.78671875 0.00703125 0.01875
1 0.4171875 0.7875 0.00703125 0.02109375
9 0.29453125 0.7875 0.02734375 0.05234375
9 0.34296875 0.790625 0.04453125 0.0484375