9 0.41875 0.84296875 0.03125 0.0578125
9 0.54375 0.84375 0.03203125 0.05625
9 0.5015625 0.84453125 0.0359375 0.0546875
9 0.45859375 0.8453125 0.02890625 0.0578125
9 0.60078125 0.84609375 0.03203125 0.05703125
9 0.275 0.846875 0.02109375 0.04375
2 0.12734375 0.84765625 0.01015625 0.02734375
9 0.246875 0.8484375 0.02109375 0.05703125
9 0.21484375 0.85 0.02421875 0.0546875
9 0.76875 0.859375 0.0296875 0.0515625
9 0.72578125 0.8609375 0.03125 0.05234375
9 0.82578125 0.8625 0.0453125 0.05625
2 0.26875 0.8921875 0.01796875 0.025
2 0.16328125 0.89296875 0.00859375 0.01328125
2 0.3328125 0.896875 0.01015625 0.025
9 0.3609375 0.9046875 0.0484375 0.0453125
2 0.8109375 0.91015625 0.01484375 0.015625
2 0.15234375 0.92578125 0.00625 0.028125
2 0.3296875 0.94375 0.0203125 0.0140625
9 0.1921875 0.94375 0.06328125 0.0796875
2 0.1390625 0.9796875 0.01328125 0.01796875
16 0.1265625 0.1140625 0.009375 0.02421875
16 0.08515625 0.1140625 0.0046875 0.01875
16 0.09921875 0.115625 0.00546875 0.01484375
16 0.0484375 0.11640625 0.00546875 0.02109375
16 0.07109375 0.11640625 0.00625 0.0203125
16 0.09375 0.11640625 0.00625 0.01875
16 0.115625 0.11796875 0.01171875 0.02578125
16 0.10625 0.11796875 0.00625 0.01953125
16 0.06015625 0.11796875 0.00703125 0.02109375
16 0.07734375 0.11875 0.00546875 0.02109375
9 0.14765625 0.121875 0.02890625 0.0390625
20 0.43515625 0.1328125 0.015625 0.02734375
16 0.3125 0.13203125 0.00859375 0.0234375
16 0.34921875 0.13203125 0.00859375 0.0234375
16 0.4 0.13359375 0.0078125 0.02109375
16 0.4109375 0.13359375 0.00703125 0.02421875
16 0.3609375 0.13359375 0.00859375 0.02421875
16 0.3015625 0.134375 0.00703125 0.025
16 0.46015625 0.134375 0.00703125 0.021875
16 0.44921875 0.13515625 0.00859375 0.02578125
9 0.2390625 0.16328125 0.02578125 0.06015625
9 0.26484375 0.16484375 0.02265625 0.053125
20 0.3328125 0.1875 0.01640625 0.0265625
20 0.30625 0.1890625 0.0203125 0.02734375
20 0.3578125 0.19140625 0.0171875 0.0296875
9 0.4875 0.203125 0.0234375 0.05078125
9 0.43046875 0.203125 0.02890625 0.05390625
9 0.5484375 0.20625 0.021875 0.05
9 0.38359375 0.2078125 0.02421875 0.0546875
2 0.65390625 0.2625 0.025 0.0265625
2 0.2265625 0.278125 0.01875 0.0171875
2 0.22578125 0.290625 0.01484375 0.0140625
20 0.603125 0.29921875 0.03046875 0.0734375
16 0.190625 0.30625 0.01484375 0.0171875
9 0.71484375 0.30859375 0.0234375 0.05078125
16 0.1890625 0.32265625 0.01328125 0.0125
2 0.9359375 0.3234375 0.0109375 0.015625
2 0.8953125 0.32421875 0.01015625 0.01171875
2 0.85625 0.32421875 0.0109375 0.02109375
20 0.64765625 0.33203125 0.01484375 0.03125
16 0.4390625 0.3359375 0.00703125 0.021875
16 0.4046875 0.33671875 0.00859375 0.02109375
16 0.45078125 0.33828125 0.00859375 0.02421875
16 0.50234375 0.33828125 0.00703125 0.021875
16 0.39140625 0.33828125 0.00546875 0.021875
16 0.490625 0.33828125 0.0078125 0.0234375
2 0.58046875 0.34375 0.00703125 0.021875
16 0.18984375 0.34453125 0.01484375 0.015625
2 0.62890625 0.346875 0.00703125 0.01875
9 0.88671875 0.3515625 0.02890625 0.040625
9 0.84765625 0.35234375 0.03046875 0.0390625
9 0.66953125 0.35234375 0.02265625 0.053125
9 0.9296875 0.353125 0.02890625 0.03984375
9 0.22421875 0.35546875 0.04765625 0.1078125
16 0.190625 0.359375 0.01484375 0.015625
20 0.6484375 0.3703125 0.0171875 0.028125
9 0.721875 0.37265625 0.02421875 0.05625
2 0.8484375 0.39140625 0.02265625 0.0203125
2 0.93046875 0.3921875 0.01875 0.0171875
2 0.88671875 0.39375 0.01796875 0.0203125
16 0.12734375 0.4 0.01171875 0.01328125
16 0.14140625 0.4 0.00625 0.01484375
2 0.653125 0.40078125 0.02109375 0.02734375
16 0.15234375 0.40078125 0.00625 0.01484375
16 0.17578125 0.4015625 0.00546875 0.0140625
16 0.16484375 0.40390625 0.00546875 0.0171875
2 0.86328125 0.44296875 0.009375 0.0125
2 0.6734375 0.44453125 0.01640625 0.01328125
2 0.90703125 0.4453125 0.009375 0.01484375
20 0.646875 0.4625 0.01484375 0.034375
9 0.71484375 0.46484375 0.02109375 0.05234375
9 0.884375 0.465625 0.03203125 0.05703125
20 0.64765625 0.5 0.015625 0.03046875
2 0.67265625 0.51796875 0.01015625 0.01171875
16 0.13125 0.51796875 0.00546875 0.021875
16 0.16640625 0.51796875 0.0046875 0.0171875
16 0.190625 0.51875 0.00390625 0.01484375
16 0.071875 0.5203125 0.00546875 0.015625
16 0.06171875 0.5203125 0.00546875 0.015625
16 0.1390625 0.5203125 0.00546875 0.02109375
16 0.11953125 0.52109375 0.00703125 0.02421875
16 0.0890625 0.5203125 0.00546875 0.015625
16 0.1609375 0.521875 0.0046875 0.01484375
16 0.175 0.521875 0.00546875 0.01484375
16 0.153125 0.521875 0.00625 0.01875
16 0.14609375 0.52109375 0.00546875 0.01953125
16 0.19765625 0.521875 0.00390625 0.015625
2 0.6546875 0.528125 0.02109375 0.0234375
2 0.721875 0.5296875 0.01484375 0.0375
2 0.709375 0.534375 0.0078125 0.02421875
2 0.69140625 0.54765625 0.015625 0.0296875
2 0.74296875 0.553125 0.01796875 0.028125
2 0.67734375 0.55390625 0.00703125 0.0203125
2 0.73125 0.559375 0.00625 0.02109375
2 0.6546875 0.56328125 0.0234375 0.0265625
2 0.6703125 0.578125 0.00625 0.01796875
2 0.69296875 0.58359375 0.015625 0.03203125
2 0.74375 0.59140625 0.0140625 0.034375
2 0.76640625 0.59296875 0.01640625 0.03125
2 0.73125 0.59609375 0.0078125 0.02109375
2 0.75390625 0.596875 0.0078125 0.01796875
20 0.23359375 0.615625 0.01640625 0.028125
2 0.6640625 0.61875 0.01796875 0.03671875
2 0.45625 0.61875 0.00859375 0.01953125
2 0.65234375 0.6203125 0.00859375 0.02421875
2 0.39921875 0.625 0.00703125 0.0140625
2 0.70859375 0.62890625 0.00703125 0.021875
2 0.72109375 0.6296875 0.01484375 0.03359375
9 0.41875 0.634375 0.03203125 0.05234375
9 0.6875 0.63984375 0.03359375 0.071875
20 0.2328125 0.65078125 0.01796875 0.02578125
2 0.24453125 0.65390625 0.01171875 0.02734375
2 0.7421875 0.65859375 0.00625 0.02734375
2 0.71015625 0.6625 0.00859375 0.0234375
2 0.72109375 0.6625 0.01875 0.03046875
9 0.76484375 0.66796875 0.040625 0.05390625
9 0.82265625 0.6734375 0.04140625 0.05234375
2 0.3984375 0.68203125 0.00546875 0.01796875
20 0.2546875 0.68515625 0.01640625 0.02734375
9 0.41796875 0.69609375 0.02890625 0.05
9 0.3046875 0.7046875 0.02578125 0.05390625
2 0.65703125 0.70546875 0.01484375 0.015625
2 0.271875 0.7140625 0.01328125 0.025
20 0.25546875 0.715625 0.01640625 0.028125
2 0.44453125 0.71796875 0.00390625 0.0140625
2 0.80703125 0.74296875 0.00859375 0.025
2 0.5234375 0.746875 0.00859375 0.02109375
2 0.47890625 0.75 0.01015625 0.0171875
2 0.3984375 0.75078125 0.00625 0.0171875
9 0.4203125 0.7625 0.02734375 0.05703125
9 0.54296875 0.76328125 0.03125 0.05625
9 0.76875 0.76328125 0.03046875 0.05234375
2 0.91328125 0.7625 0.00625 0.025
9 0.49921875 0.7640625 0.02578125 0.05
9 0.7265625 0.7640625 0.03203125 0.05390625
9 0.4578125 0.7640625 0.03046875 0.0578125
9 0.3046875 0.76484375 0.0203125 0.0546875
2 0.25859375 0.76875 0.00859375 0.025
2 0.23828125 0.771875 0.00859375 0.01953125
9 0.82578125 0.78671875 0.0453125 0.05
9 0.2140625 0.7875 0.02578125 0.05703125
9 0.8828125 0.78984375 0.05234375 0.08828125
9 0.95234375 0.78984375 0.05078125 0.08671875
2 0.79140625 0.78984375 0.00859375 0.02109375
2 0.746875 0.79140625 0.00859375 0.01953125
2 0.28203125 0.79921875 0.009375 0.02421875
2 0.290625 0.8234375 0.00859375 0.0234375
2 0.39921875 0.8296875 0.0078125 0.02109375
2 0.5796875 0.83046875 0.00859375 0.0203125
2 0.521875 0.83046875 0.00703125 0.01796875
9 0.26484375 0.83125 0.00625 0.01953125
2 0.4796875 0.8328125 0.0078125 0.02421875
2 0.70625 0.8328125 0.00703125 0.01953125
2 0.7484375 0.83359375 0.00703125 0.01953125
2 0.440625 0.834375 0.00703125 0.021875
9 0.309375 0.83515625 0.02890625 0.0546875
9 0.36171875 0.83828125 0.04765625 0.05078125