16 0.33203125 0.56015625 0.01171875 0.0078125
16 0.33359375 0.5671875 0.01171875 0.009375
2 0.41015625 0.58203125 0.01171875 0.00859375
2 0.396875 0.58515625 0.01328125 0.009375
16 0.39921875 0.59296875 0.0109375 0.0078125
16 0.40078125 0.59921875 0.0125 0.00859375
2 0.496875 0.58125 0.0140625 0.009375
2 0.48125 0.58515625 0.01328125 0.01015625
2 0.47265625 0.58828125 0.0078125 0.0171875
16 0.4015625 0.60625 0.0109375 0.00703125
2 0.48515625 0.5921875 0.0109375 0.0078125
2 0.49921875 0.58984375 0.0125 0.009375
9 0.16875 0.6734375 0.02890625 0.03984375
9 0.2109375 0.66640625 0.028125 0.03671875
2 0.621875 0.5921875 0.0125 0.009375
9 0.11328125 0.70390625 0.06875 0.08125
2 0.5265625 0.61796875 0.00859375 0.01640625
2 0.62734375 0.5984375 0.0140625 0.009375
16 0.6296875 0.60546875 0.01484375 0.009375
2 0.53203125 0.63359375 0.00625 0.01640625
16 0.5203125 0.63671875 0.0078125 0.015625
16 0.52578125 0.6359375 0.00703125 0.01484375
9 0.34921875 0.678125 0.05390625 0.07890625
4 0.6578125 0.05078125 0.21796875 0.10078125
2 0.5390625 0.65859375 0.0078125 0.01640625
9 0.20234375 0.7421875 0.08125 0.11484375
16 0.3546875 0.721875 0.0078125 0.01484375
16 0.68125 0.66875 0.00625 0.01484375
16 0.75703125 0.653125 0.00859375 0.0140625
16 0.7171875 0.6609375 0.00546875 0.0125
16 0.68671875 0.66875 0.00703125 0.0140625
16 0.71171875 0.66328125 0.00703125 0.015625
16 0.61015625 0.68515625 0.00625 0.01328125
16 0.62578125 0.6828125 0.0078125 0.0125
16 0.6203125 0.684375 0.00703125 0.01484375
16 0.57421875 0.69375 0.00703125 0.0140625
16 0.61484375 0.6859375 0.00703125 0.01484375
16 0.57890625 0.69453125 0.00625 0.01328125
16 0.5375 0.70390625 0.00625 0.0140625
16 0.54296875 0.703125 0.00546875 0.01484375
16 0.5125 0.7109375 0.00625 0.01640625
16 0.328125 0.75390625 0.0140625 0.0078125
16 0.3296875 0.76015625 0.0125 0.01015625
16 0.40078125 0.7625 0.0125 0.00859375
2 0.38671875 0.76640625 0.0109375 0.00859375
2 0.39765625 0.8109375 0.00625 0.01640625
16 0.40859375 0.80859375 0.0078125 0.01640625
16 0.3921875 0.81171875 0.0078125 0.01484375
16 0.403125 0.809375 0.00625 0.01484375
4 0.4546875 0.07890625 0.171875 0.1578125
2 0.26875 0.85078125 0.00703125 0.0125
2 0.30234375 0.85859375 0.0078125 0.00703125
2 0.28203125 0.8625 0.009375 0.0171875
2 0.31484375 0.85546875 0.0109375 0.00859375
2 0.3859375 0.84921875 0.0078125 0.01640625
16 0.24375 0.8890625 0.0109375 0.00859375
2 0.3875 0.8609375 0.00703125 0.015625
16 0.24375 0.8953125 0.01171875 0.00859375
16 0.24609375 0.90234375 0.0125 0.009375
2 0.428125 0.86484375 0.00625 0.01640625
2 0.3984375 0.8734375 0.00859375 0.00859375
2 0.3828125 0.88046875 0.0078125 0.0171875
2 0.3875 0.8921875 0.0109375 0.00859375
2 0.259375 0.1171875 0.0125 0.01015625
16 0.2625 0.925 0.0109375 0.0078125
2 0.40546875 0.91015625 0.0109375 0.0078125
9 0.3296875 0.92890625 0.1140625 0.13046875
2 0.43046875 0.9078125 0.01171875 0.00859375
16 0.26484375 0.9453125 0.0109375 0.00703125
2 0.41953125 0.9140625 0.0125 0.00625
2 0.4328125 0.91484375 0.0140625 0.009375
16 0.42109375 0.9203125 0.01015625 0.009375
16 0.40703125 0.92578125 0.0109375 0.00703125
16 0.4359375 0.92265625 0.0109375 0.00703125
2 0.446875 0.9234375 0.0078125 0.01640625
2 0.40703125 0.93203125 0.01171875 0.009375
16 0.39375 0.93828125 0.0109375 0.00703125
16 0.43671875 0.93046875 0.01171875 0.0078125
2 0.40859375 0.9390625 0.01171875 0.0078125
2 0.4234375 0.9375 0.009375 0.00625
2 0.3953125 0.9453125 0.01328125 0.00859375
2 0.4375 0.93828125 0.0109375 0.00703125
16 0.39609375 0.95390625 0.0109375 0.0078125
9 0.74296875 0.8859375 0.05390625 0.078125
16 0.65078125 0.9328125 0.0125 0.0078125
16 0.66328125 0.93046875 0.01171875 0.00703125
2 0.67578125 0.92890625 0.0109375 0.00703125
16 0.6390625 0.93671875 0.0140625 0.009375
2 0.26171875 0.1265625 0.01484375 0.0109375
2 0.65078125 0.940625 0.01484375 0.009375
16 0.640625 0.94375 0.0125 0.00859375
16 0.67734375 0.93671875 0.0140625 0.009375
2 0.265625 0.1421875 0.0125 0.01015625
9 0.22734375 0.15703125 0.040625 0.0453125
2 0.2671875 0.15 0.0125 0.009375
16 0.28359375 0.15078125 0.0125 0.009375
2 0.26796875 0.15625 0.0109375 0.00703125
9 0.0796875 0.20390625 0.06875 0.08125
9 0.0609375 0.26015625 0.02890625 0.02578125
4 0.83125 0.13671875 0.16171875 0.0703125
16 0.01015625 0.36953125 0.0125 0.009375
16 0.00390625 0.3796875 0.0078125 0.0125
4 0.3328125 0.41328125 0.09765625 0.37421875
4 0.26484375 0.43125 0.09296875 0.37109375
4 0.0546875 0.478125 0.09765625 0.36640625
4 0.1234375 0.4640625 0.096875 0.36875
4 0.19765625 0.44921875 0.1 0.375
16 0.5296875 0.3859375 0.0125 0.01171875
2 0.51640625 0.38984375 0.01171875 0.00859375
16 0.5171875 0.396875 0.0125 0.009375
2 0.53125 0.39375 0.01328125 0.009375
2 0.53203125 0.4015625 0.01171875 0.00859375
2 0.5203125 0.4046875 0.0125 0.009375
9 0.02109375 0.51328125 0.03828125 0.04765625
2 0.52109375 0.41015625 0.01171875 0.0078125
2 0.534375 0.4078125 0.0109375 0.00703125