20 0.17578125 0.40390625 0.01875 0.01484375
20 0.3703125 0.03203125 0.0765625 0.0453125
20 0.17890625 0.4171875 0.01953125 0.015625
2 0.1375 0.43125 0.00703125 0.01171875
20 0.18046875 0.43046875 0.01953125 0.0140625
2 0.12109375 0.4390625 0.01640625 0.00625
16 0.13203125 0.440625 0.00703125 0.01015625
2 0.14453125 0.4421875 0.01484375 0.0046875
2 0.12109375 0.44453125 0.015625 0.00546875
16 0.23203125 0.434375 0.00703125 0.0109375
16 0.22578125 0.43515625 0.00546875 0.01015625
16 0.23828125 0.434375 0.00703125 0.0109375
20 0.2640625 0.43203125 0.02109375 0.015625
2 0.12265625 0.44921875 0.01640625 0.0046875
20 0.1828125 0.44375 0.01953125 0.01484375
2 0.12265625 0.4546875 0.015625 0.00625
16 0.1234375 0.459375 0.01328125 0.00625
20 0.234375 0.4484375 0.0203125 0.01484375
2 0.12421875 0.465625 0.01328125 0.00546875
16 0.12578125 0.4703125 0.01328125 0.00625
2 0.159375 0.46640625 0.01484375 0.00625
2 0.16015625 0.47109375 0.01484375 0.00625
16 0.12734375 0.47578125 0.0140625 0.00625
2 0.16171875 0.47578125 0.015625 0.00625
16 0.12734375 0.48046875 0.01328125 0.00546875
2 0.1625 0.48125 0.0140625 0.0046875
2 0.12890625 0.4859375 0.015625 0.00546875
2 0.16328125 0.4859375 0.01484375 0.0046875
2 0.12890625 0.49140625 0.0140625 0.00625
20 0.259375 0.05234375 0.05546875 0.0625
20 0.31015625 0.04765625 0.0546875 0.0625
16 0.125 0.54375 0.00703125 0.0109375
2 0.10390625 0.5453125 0.00625 0.0125
2 0.08671875 0.54765625 0.00703125 0.0109375
16 0.11015625 0.5453125 0.00625 0.0109375
2 0.0796875 0.5484375 0.00703125 0.01171875
2 0.1171875 0.5453125 0.00703125 0.01015625
16 0.1703125 0.53984375 0.00703125 0.01015625
16 0.15078125 0.5421875 0.00859375 0.01171875
16 0.19296875 0.5375 0.00703125 0.01171875
2 0.19921875 0.5375 0.00703125 0.01171875
16 0.17890625 0.5390625 0.00859375 0.0109375
16 0.20546875 0.53671875 0.00703125 0.01171875
16 0.159375 0.54140625 0.00703125 0.01015625
16 0.1359375 0.55546875 0.0078125 0.01015625
2 0.1171875 0.56328125 0.0078125 0.01171875
2 0.121875 0.56328125 0.0078125 0.01328125
16 0.19609375 0.56484375 0.00703125 0.01015625
16 0.1890625 0.565625 0.0078125 0.01015625
16 0.125 0.57578125 0.00703125 0.01015625
16 0.11953125 0.5765625 0.00859375 0.01015625
16 0.1203125 0.5890625 0.0078125 0.01171875
16 0.128125 0.58828125 0.0078125 0.01171875
2 0.14140625 0.5953125 0.015625 0.00625
16 0.0859375 0.60234375 0.01484375 0.00625
16 0.14296875 0.6 0.0140625 0.00625
2 0.615625 0.55078125 0.00625 0.0109375
9 0.11484375 0.60703125 0.03984375 0.0234375
2 0.14375 0.60546875 0.01484375 0.00625
16 0.0875 0.6125 0.0140625 0.00625
16 0.1453125 0.61015625 0.015625 0.00625
9 0.69609375 0.55078125 0.07578125 0.0484375
16 0.08828125 0.61796875 0.01484375 0.00546875
2 0.62734375 0.56171875 0.00625 0.01171875
16 0.14609375 0.61484375 0.0125 0.00625
2 0.76875 0.5484375 0.00625 0.01171875
2 0.7578125 0.55078125 0.01484375 0.00625
2 0.109375 0.621875 0.015625 0.00703125
2 0.0921875 0.625 0.01796875 0.0078125
2 0.128125 0.6203125 0.01640625 0.00625
16 0.75703125 0.55625 0.01484375 0.00546875
2 0.65390625 0.5703125 0.015625 0.00625
2 0.65546875 0.575 0.0140625 0.00546875
2 0.09765625 0.63671875 0.00625 0.01171875
2 0.1375 0.63359375 0.00625 0.0109375
2 0.759375 0.5671875 0.015625 0.01484375
16 0.6734375 0.5828125 0.00703125 0.01171875
2 0.66796875 0.58359375 0.00703125 0.0109375
16 0.68046875 0.5828125 0.00625 0.0109375
16 0.66015625 0.58515625 0.00625 0.0125
16 0.6546875 0.5859375 0.00703125 0.01171875
2 0.71953125 0.58125 0.00703125 0.0109375
2 0.6390625 0.590625 0.01640625 0.0046875
16 0.70703125 0.5828125 0.00703125 0.01171875
2 0.09375 0.65078125 0.00625 0.0109375
16 0.71328125 0.5828125 0.00546875 0.009375
2 0.10703125 0.64921875 0.0078125 0.01015625
2 0.08828125 0.6515625 0.00703125 0.01171875
2 0.1 0.65 0.00625 0.01171875
2 0.1328125 0.646875 0.00703125 0.01171875
2 0.1265625 0.64765625 0.00859375 0.01171875
2 0.1140625 0.64921875 0.00625 0.0125
2 0.1203125 0.6484375 0.0078125 0.01171875
16 0.1390625 0.646875 0.0078125 0.0109375
2 0.14609375 0.64609375 0.0078125 0.01171875
2 0.7265625 0.58515625 0.00703125 0.01171875
2 0.7328125 0.584375 0.00859375 0.01328125
2 0.6390625 0.5953125 0.015625 0.00546875
2 0.16015625 0.6515625 0.01640625 0.00625
16 0.6734375 0.5953125 0.00703125 0.01171875
2 0.68046875 0.5953125 0.00625 0.01171875
2 0.65859375 0.5984375 0.00625 0.01171875
2 0.6953125 0.59453125 0.01796875 0.0125
2 0.6671875 0.59765625 0.0078125 0.01171875
16 0.0921875 0.6609375 0.015625 0.00625
16 0.70859375 0.59609375 0.00703125 0.0109375
16 0.71953125 0.59453125 0.01484375 0.00625
2 0.4515625 0.62421875 0.00703125 0.0125
2 0.16015625 0.65625 0.015625 0.00625
16 0.09296875 0.66640625 0.01328125 0.00625
2 0.61953125 0.6109375 0.0171875 0.0078125
2 0.1609375 0.66171875 0.01640625 0.00625
16 0.09453125 0.67265625 0.01484375 0.00625
2 0.1625 0.66640625 0.015625 0.00625
2 0.6953125 0.6078125 0.0171875 0.00625
16 0.0953125 0.678125 0.01328125 0.00625
2 0.1625 0.67109375 0.01484375 0.00546875
9 0.12734375 0.67578125 0.04609375 0.0359375
2 0.69375 0.61328125 0.015625 0.00703125
2 0.5140625 0.63515625 0.00625 0.01328125
2 0.41171875 0.646875 0.00859375 0.0125
2 0.4453125 0.64296875 0.00859375 0.0125
16 0.09609375 0.6828125 0.0125 0.00625
2 0.1640625 0.6765625 0.0140625 0.00625
16 0.096875 0.68828125 0.0140625 0.00625
2 0.16484375 0.68203125 0.015625 0.00625
16 0.09765625 0.69296875 0.0140625 0.00625
2 0.16484375 0.68671875 0.015625 0.00625
2 0.11796875 0.08671875 0.0078125 0.0125
2 0.16640625 0.69140625 0.015625 0.00625
16 0.7484375 0.628125 0.0140625 0.00546875
16 0.13046875 0.6984375 0.00703125 0.01171875
16 0.12421875 0.7 0.0078125 0.01171875
16 0.11328125 0.7015625 0.0078125 0.01171875
16 0.09765625 0.703125 0.00859375 0.01171875
2 0.10546875 0.70234375 0.00703125 0.0125
16 0.1359375 0.7 0.0078125 0.01171875
2 0.14375 0.69921875 0.0078125 0.01328125
2 0.1671875 0.69765625 0.0140625 0.00625
2 0.1265625 0.70703125 0.0140625 0.00703125
2 0.60703125 0.65625 0.01484375 0.00703125
16 0.81484375 0.634375 0.00703125 0.0109375
2 0.1046875 0.71484375 0.015625 0.00625
2 0.13828125 0.7109375 0.01484375 0.00546875
16 0.11953125 0.7125 0.01484375 0.00703125
16 0.70625 0.64921875 0.0078125 0.01015625
16 0.69921875 0.65078125 0.00625 0.01015625
2 0.69375 0.65390625 0.00546875 0.0125
2 0.8890625 0.6421875 0.0140625 0.00625
2 0.1625 0.72421875 0.00703125 0.01015625
16 0.9984375 0.63671875 0.0015625 0.01171875
16 0.99375 0.63828125 0.00703125 0.01171875
16 0.85703125 0.65390625 0.01328125 0.00625
16 0.178125 0.7296875 0.00703125 0.01171875
16 0.85703125 0.65859375 0.01328125 0.00546875
2 0.84140625 0.66015625 0.0125 0.00625
16 0.92890625 0.6546875 0.0125 0.00625
2 0.3125 0.72265625 0.00703125 0.01328125
16 0.8421875 0.665625 0.01328125 0.00546875
2 0.8828125 0.6609375 0.0078125 0.01171875
16 0.85859375 0.66328125 0.0125 0.0046875
2 0.2171875 0.73515625 0.00625 0.0125
2 0.7859375 0.6734375 0.015625 0.00625
2 0.390625 0.7171875 0.0078125 0.0125
16 0.99609375 0.65234375 0.00703125 0.0109375
16 0.8421875 0.6703125 0.01484375 0.00546875
2 0.53046875 0.7046875 0.0078125 0.01171875
16 0.18046875 0.74296875 0.00546875 0.01015625
16 0.18671875 0.7421875 0.00703125 0.01015625
2 0.86015625 0.66953125 0.0140625 0.00546875
2 0.8234375 0.67421875 0.015625 0.00625
16 0.84296875 0.67578125 0.0125 0.00625
2 0.8609375 0.67421875 0.01328125 0.00546875
16 0.22265625 0.74453125 0.0125 0.00546875
2 0.82421875 0.6796875 0.015625 0.00625
16 0.99609375 0.66328125 0.00625 0.01015625
16 0.86015625 0.67890625 0.01328125 0.00625
2 0.6296875 0.7046875 0.00859375 0.01171875
16 0.8453125 0.6828125 0.01484375 0.00625
2 0.959375 0.6703125 0.0171875 0.0078125
16 0.825 0.6859375 0.01328125 0.00546875
16 0.84609375 0.68828125 0.0125 0.00625
16 0.8640625 0.68671875 0.01796875 0.0078125
2 0.9609375 0.67734375 0.015625 0.00625
16 0.7859375 0.69765625 0.0140625 0.00546875
2 0.80078125 0.69609375 0.01484375 0.00546875
2 0.8671875 0.6921875 0.015625 0.00625
20 0.3828125 0.065625 0.1 0.06484375
16 0.78671875 0.703125 0.01328125 0.0046875
2 0.80234375 0.7015625 0.015625 0.00625
16 0.8296875 0.70078125 0.015625 0.00546875
16 0.18203125 0.77265625 0.00703125 0.01171875
16 0.18828125 0.77265625 0.0078125 0.01015625
16 0.19453125 0.771875 0.0078125 0.01015625
16 0.83046875 0.70546875 0.01484375 0.00625
16 0.8125 0.7125 0.0140625 0.00625
2 0.11171875 0.78984375 0.00859375 0.01171875
16 0.8484375 0.709375 0.01328125 0.0046875
2 0.11953125 0.7890625 0.00859375 0.0140625
16 0.1265625 0.78828125 0.0078125 0.01171875
16 0.140625 0.78671875 0.00703125 0.01171875
16 0.14765625 0.78671875 0.00859375 0.0109375
16 0.13359375 0.78828125 0.00703125 0.01171875
16 0.17578125 0.784375 0.0078125 0.01328125
16 0.84921875 0.7125 0.01328125 0.0046875
16 0.97578125 0.70234375 0.01484375 0.00546875
16 0.85078125 0.71875 0.0140625 0.00625
16 0.9140625 0.7140625 0.0078125 0.0109375
16 0.79296875 0.72734375 0.015625 0.00625
16 0.121875 0.803125 0.0078125 0.0109375
16 0.1140625 0.80390625 0.0078125 0.01171875
16 0.79375 0.7328125 0.015625 0.00546875
20 0.97578125 0.71328125 0.0203125 0.01484375
20 0.99140625 0.7109375 0.015625 0.01640625
20 0.15859375 0.80546875 0.0546875 0.03046875
16 0.80234375 0.740625 0.00703125 0.01171875
16 0.12109375 0.8203125 0.0078125 0.01015625
16 0.99765625 0.7234375 0.003125 0.01171875
16 0.1140625 0.82109375 0.0078125 0.01015625
16 0.99296875 0.725 0.00703125 0.0109375
16 0.19609375 0.81796875 0.0078125 0.0125
2 0.9859375 0.7375 0.01484375 0.00546875
20 0.1640625 0.83515625 0.0546875 0.03046875
9 0.97890625 0.75859375 0.04140625 0.03671875
16 0.97734375 0.78359375 0.0078125 0.01015625
2 0.96953125 0.78515625 0.00703125 0.01171875
16 0.98203125 0.78359375 0.00703125 0.01171875
20 0.1625 0.8859375 0.0203125 0.01484375
20 0.18203125 0.884375 0.0203125 0.0109375
16 0.63671875 0.83984375 0.0125 0.00546875
16 0.165625 0.89453125 0.01328125 0.00625
2 0.2390625 0.88671875 0.015625 0.0046875
2 0.18359375 0.89296875 0.01484375 0.00625
2 0.63828125 0.8453125 0.015625 0.00625
16 0.75546875 0.8328125 0.0125 0.00625
16 0.240625 0.89140625 0.0140625 0.00546875
16 0.165625 0.9 0.01328125 0.0046875
16 0.1859375 0.89765625 0.015625 0.0046875
16 0.1515625 0.9015625 0.0140625 0.00546875
2 0.740625 0.83828125 0.015625 0.00625
16 0.75546875 0.83671875 0.0125 0.00546875
9 0.2125 0.89765625 0.0375 0.02265625
16 0.77578125 0.8359375 0.015625 0.00546875
16 0.24140625 0.89765625 0.015625 0.00625
16 0.7765625 0.84140625 0.0125 0.0046875
2 0.7578125 0.84296875 0.01484375 0.00625
2 0.2421875 0.903125 0.01484375 0.00625
16 0.7578125 0.8484375 0.01328125 0.00546875
16 0.7765625 0.846875 0.0140625 0.00625
16 0.75859375 0.853125 0.0125 0.00625
9 0.31875 0.0875 0.03671875 0.021875
16 0.20390625 0.915625 0.0078125 0.01015625
16 0.196875 0.9171875 0.00703125 0.01171875
16 0.975 0.8328125 0.00625 0.0109375
16 0.828125 0.85 0.0078125 0.01171875
16 0.821875 0.8515625 0.0078125 0.01015625
16 0.99453125 0.8328125 0.0078125 0.0109375
2 0.98203125 0.834375 0.00625 0.01171875
16 0.9875 0.83359375 0.0078125 0.0109375
16 0.76015625 0.85859375 0.01328125 0.00546875
4 0.16015625 0.93125 0.0515625 0.0390625
16 0.75078125 0.87421875 0.01328125 0.0046875
16 0.775 0.871875 0.01484375 0.00625
2 0.2203125 0.10078125 0.01640625 0.0078125
2 0.7515625 0.87890625 0.015625 0.00625
2 0.77734375 0.8828125 0.01484375 0.00625
16 0.7796875 0.88828125 0.01953125 0.00859375
16 0.69765625 0.9078125 0.00625 0.01015625
16 0.69140625 0.909375 0.00546875 0.01015625
16 0.7375 0.90390625 0.00625 0.01015625
2 0.68515625 0.91015625 0.0078125 0.0125
16 0.74296875 0.90390625 0.00703125 0.01171875
16 0.7234375 0.90625 0.00625 0.01171875
16 0.225 0.96328125 0.0140625 0.0046875
16 0.2078125 0.96484375 0.01328125 0.00703125
16 0.99453125 0.88203125 0.009375 0.00625
16 0.9421875 0.88828125 0.00703125 0.01015625
2 0.20859375 0.96953125 0.01484375 0.00625
2 0.2265625 0.96796875 0.015625 0.00625
16 0.7484375 0.91328125 0.01171875 0.0046875
2 0.94453125 0.90078125 0.00625 0.01171875
2 0.9375 0.9015625 0.0078125 0.01171875
9 0.2265625 0.98359375 0.05625 0.028125
16 0.8453125 0.91796875 0.00625 0.0109375
16 0.8515625 0.9171875 0.0078125 0.0109375
16 0.1234375 0.1171875 0.0078125 0.0109375
16 0.1359375 0.115625 0.0078125 0.01015625
16 0.18828125 0.99453125 0.00625 0.01015625
16 0.18203125 0.99453125 0.0078125 0.01015625
2 0.12890625 0.11640625 0.00625 0.01171875
2 0.53046875 0.9625 0.01328125 0.00625
16 0.15 0.1140625 0.00625 0.01171875
2 0.21015625 0.9984375 0.015625 0.00234375
9 0.5015625 0.96875 0.04140625 0.028125
16 0.475 0.97265625 0.00703125 0.01015625
2 0.46953125 0.97421875 0.00625 0.01171875
16 0.53125 0.96796875 0.0125 0.0046875
16 0.54609375 0.96640625 0.0125 0.0046875
16 0.546875 0.97109375 0.0125 0.00546875
16 0.53203125 0.97265625 0.0125 0.0046875
20 0.79453125 0.94453125 0.01953125 0.01484375
20 0.81484375 0.94296875 0.01953125 0.01484375
20 0.8328125 0.940625 0.021875 0.015625
16 0.759375 0.95 0.0078125 0.01171875
16 0.7734375 0.9484375 0.00625 0.01015625
16 0.78046875 0.94765625 0.00625 0.01015625
4 0.85390625 0.93984375 0.025 0.03203125
16 0.4734375 0.98359375 0.0125 0.00625
16 0.5484375 0.97578125 0.0125 0.00625
16 0.53359375 0.97734375 0.0125 0.00625
4 0.36015625 0.98359375 0.20703125 0.03125
16 0.796875 0.95546875 0.0125 0.00625
16 0.81171875 0.953125 0.0125 0.00625
2 0.24453125 0.1109375 0.0078125 0.0109375
16 0.1640625 0.134375 0.0140625 0.00625
2 0.165625 0.14296875 0.0140625 0.00546875
16 0.0390625 0.1640625 0.0140625 0.0046875
2 0.02265625 0.16640625 0.015625 0.00625
2 0.06015625 0.16328125 0.0140625 0.00546875
16 0.0390625 0.16953125 0.0125 0.00625
2 0.02265625 0.171875 0.015625 0.00625
16 0.17109375 0.165625 0.01328125 0.00703125
20 0.15234375 0.1703125 0.01953125 0.01484375
9 0.0875 0.18046875 0.0359375 0.03671875
16 0.17109375 0.171875 0.01328125 0.00546875
2 0.11328125 0.184375 0.0140625 0.00546875
2 0.16015625 0.1828125 0.0078125 0.01171875
2 0.11484375 0.1890625 0.01484375 0.0046875
16 0.1734375 0.19140625 0.015625 0.00625
16 0.1796875 0.19921875 0.00625 0.01015625
16 0.1828125 0.21171875 0.0078125 0.01015625
16 0.175 0.22265625 0.01328125 0.0046875
16 0.1578125 0.22421875 0.0140625 0.00546875
9 0.09609375 0.23515625 0.03203125 0.0140625
16 0.17578125 0.22734375 0.01171875 0.0046875
16 0.1765625 0.23203125 0.01328125 0.00625
2 0.10546875 0.24140625 0.01484375 0.00546875
2 0.08828125 0.24375 0.01484375 0.00546875
16 0.178125 0.23671875 0.0125 0.00546875
16 0.1625 0.2390625 0.0140625 0.00625
16 0.1640625 0.24375 0.0125 0.00546875
16 0.178125 0.24140625 0.01171875 0.0046875
16 0.1640625 0.2484375 0.01328125 0.0046875
16 0.1796875 0.246875 0.0125 0.00625
16 0.16015625 0.25390625 0.0140625 0.0046875
2 0.18203125 0.25234375 0.015625 0.00625
16 0.171875 0.25703125 0.00625 0.01015625
16 0.1609375 0.25859375 0.01328125 0.00546875
2 0.1828125 0.25703125 0.01328125 0.0046875
9 0.10703125 0.27109375 0.03671875 0.03671875
2 0.15703125 0.27109375 0.0078125 0.01171875
2 0.18671875 0.28046875 0.01328125 0.00625
20 0.1703125 0.2875 0.02109375 0.01484375
2 0.18828125 0.28515625 0.01484375 0.0046875
16 0.18828125 0.28984375 0.0125 0.00546875
16 0.171875 0.296875 0.01484375 0.00546875
16 0.1890625 0.2953125 0.0125 0.0046875
9 0.11171875 0.30859375 0.03671875 0.03515625
2 0.17265625 0.3015625 0.01484375 0.00546875
2 0.190625 0.3 0.0125 0.00546875
16 0.17421875 0.30703125 0.01328125 0.00546875
16 0.18984375 0.30546875 0.0140625 0.00546875
16 0.19140625 0.31015625 0.0125 0.0046875
16 0.19921875 0.31796875 0.00546875 0.00859375
16 0.2015625 0.32890625 0.00546875 0.01015625
9 0.13203125 0.38125 0.06171875 0.04921875
2 0.08828125 0.396875 0.01484375 0.0078125