4 0.3625 0.5109375 0.39609375 0.1171875
4 0.30078125 0.0296875 0.05546875 0.059375
2 0.234375 0.51953125 0.03828125 0.0171875
4 0.34453125 0.6046875 0.39453125 0.11875
9 0.10546875 0.59140625 0.11015625 0.2125
2 0.2078125 0.61015625 0.03984375 0.01953125
9 0.959375 0.14375 0.08046875 0.12109375
9 0.609375 0.6984375 0.1671875 0.1703125
9 0.0390625 0.596875 0.078125 0.26015625
16 0.31875 0.65703125 0.01875 0.0125
2 0.2015625 0.63984375 0.02265625 0.0171875
2 0.225 0.6453125 0.02421875 0.01640625
16 0.8515625 0.784375 0.01328125 0.01796875
16 0.821875 0.7796875 0.01015625 0.01953125
16 0.73125 0.7640625 0.01328125 0.01953125
16 0.875 0.790625 0.01484375 0.01796875
16 0.73984375 0.76640625 0.01171875 0.01953125
16 0.8390625 0.784375 0.01171875 0.015625
16 0.703125 0.76015625 0.01171875 0.01875
16 0.7125 0.76171875 0.0140625 0.02109375
16 0.8625 0.78984375 0.0125 0.0171875
16 0.82890625 0.784375 0.01171875 0.02109375
4 0.32734375 0.69765625 0.39609375 0.1171875
16 0.27890625 0.72734375 0.03359375 0.0140625
4 0.6484375 0.09375 0.53359375 0.13671875
4 0.3609375 0.7765625 0.6421875 0.175
9 0.01171875 0.73671875 0.02265625 0.04609375
9 0.27421875 0.8078125 0.1359375 0.05546875
9 0.15859375 0.7875 0.10546875 0.0484375
9 0.51875 0.853125 0.10859375 0.05234375
9 0.4015625 0.8328125 0.128125 0.05234375
9 0.00703125 0.78359375 0.01328125 0.04375
4 0.3453125 0.86796875 0.63828125 0.16875
9 0.77421875 0.9796875 0.16875 0.0390625
4 0.3328125 0.93828125 0.63828125 0.12265625
4 0.35390625 0.0796875 0.06640625 0.159375
9 0.23671875 0.05703125 0.06484375 0.07109375
4 0.6375 0.1390625 0.53671875 0.1375
4 0.28515625 0.10390625 0.0609375 0.1015625
4 0.62890625 0.1859375 0.53671875 0.140625
9 0.946875 0.26328125 0.1046875 0.11796875
9 0.2203125 0.13046875 0.065625 0.0703125
4 0.58125 0.2296875 0.70703125 0.1671875
16 0.58515625 0.26328125 0.01953125 0.015625
4 0.37265625 0.2390625 0.24375 0.090625
16 0.66328125 0.3125 0.03828125 0.02578125
16 0.6109375 0.30625 0.02109375 0.0140625
9 0.17421875 0.234375 0.10625 0.13515625
4 0.378125 0.28828125 0.271875 0.09140625
16 0.2265625 0.2640625 0.0171875 0.01328125
9 0.95859375 0.4 0.08125 0.13203125
9 0.86640625 0.384375 0.10078125 0.13046875
9 0.56484375 0.33359375 0.071875 0.10078125
9 0.71484375 0.36328125 0.0578125 0.09296875
16 0.6015625 0.3515625 0.02734375 0.06875
16 0.659375 0.37109375 0.01171875 0.02109375
16 0.1109375 0.27265625 0.01328125 0.021875
4 0.6546875 0.06015625 0.5375 0.1203125
4 0.36953125 0.34921875 0.2734375 0.09453125
16 0.51328125 0.3921875 0.02265625 0.02265625
2 0.05078125 0.32890625 0.01171875 0.01953125
2 0.03984375 0.32734375 0.01171875 0.021875
4 0.37890625 0.41640625 0.39296875 0.11796875
9 0.65 0.49609375 0.16875 0.17421875
16 0.228125 0.42578125 0.01953125 0.02265625
2 0.25 0.43046875 0.02734375 0.0234375
16 0.52890625 0.48515625 0.03828125 0.01875
9 0.06484375 0.44453125 0.05078125 0.040625