2 0.28359375 0.40078125 0.00546875 0.01015625
2 0.61484375 0.4859375 0.015625 0.00859375
16 0.7109375 0.0390625 0.00703125 0.00859375
2 0.125 0.3703125 0.0046875 0.00625
2 0.80703125 0.5390625 0.0046875 0.0125
16 0.721875 0.0421875 0.003125 0.0078125
2 0.87734375 0.56015625 0.009375 0.01328125
16 0.91640625 0.5703125 0.0078125 0.0125
2 0.37109375 0.4375 0.01640625 0.01015625
9 0.15859375 0.3859375 0.06328125 0.071875
2 0.5875 0.009375 0.01171875 0.00703125
16 0.6484375 0.02421875 0.00859375 0.00546875
16 0.35234375 0.4390625 0.0140625 0.00703125
2 0.61015625 0.015625 0.01171875 0.0046875
2 0.34921875 0.44296875 0.0140625 0.009375
16 0.36875 0.45 0.015625 0.01015625
2 0.19375 0.40859375 0.01015625 0.00625
2 0.6578125 0.02734375 0.003125 0.0015625
2 0.6328125 0.021875 0.01015625 0.00703125
16 0.7515625 0.54765625 0.0140625 0.00859375
2 0.27265625 0.43046875 0.00546875 0.01015625
2 0.34765625 0.45 0.0140625 0.00859375
2 0.3671875 0.45625 0.01484375 0.00859375
2 0.11875 0.3953125 0.00625 0.009375
16 0.74921875 0.553125 0.0140625 0.00703125
2 0.84921875 0.58125 0.0125 0.0078125
2 0.26953125 0.44453125 0.00546875 0.009375
16 0.1671875 0.42734375 0.0078125 0.00390625
2 0.13828125 0.42109375 0.00546875 0.003125
2 0.1265625 0.41796875 0.0078125 0.00390625
16 0.15078125 0.425 0.00546875 0.00390625
2 0.865625 0.6015625 0.00859375 0.0125
16 0.61171875 0.53984375 0.0140625 0.00859375
16 0.12421875 0.42421875 0.009375 0.00546875
2 0.26484375 0.459375 0.00390625 0.0078125
20 0.3203125 0.47421875 0.05859375 0.04140625
2 0.603125 0.54375 0.015625 0.00859375
16 0.61953125 0.54765625 0.0125 0.00859375
2 0.09609375 0.42109375 0.00546875 0.0078125
2 0.3703125 0.48984375 0.015625 0.009375
2 0.678125 0.56640625 0.01640625 0.01015625
16 0.3546875 0.48828125 0.0078125 0.0125
2 0.8625 0.6140625 0.0078125 0.0125
2 0.2609375 0.47265625 0.00390625 0.00546875
16 0.73984375 0.59296875 0.0140625 0.00703125
16 0.11015625 0.43984375 0.01171875 0.00625
2 0.8578125 0.62578125 0.0078125 0.0109375
16 0.3328125 0.496875 0.01484375 0.0078125
16 0.3640625 0.5046875 0.009375 0.0125
16 0.73828125 0.5984375 0.0140625 0.0078125
16 0.10390625 0.44375 0.00625 0.00390625
16 0.33046875 0.50234375 0.015625 0.00859375
2 0.25625 0.4859375 0.00390625 0.00703125
16 0.1078125 0.45078125 0.00625 0.00546875
2 0.14921875 0.4625 0.0078125 0.00546875
2 0.8546875 0.6375 0.009375 0.0125
2 0.3046875 0.50234375 0.01015625 0.01484375
2 0.10546875 0.45625 0.00625 0.003125
2 0.103125 0.4625 0.00859375 0.00390625
2 0.2515625 0.50234375 0.00546875 0.009375
2 0.7296875 0.62265625 0.015625 0.00859375
2 0.1015625 0.46875 0.00859375 0.0046875
2 0.728125 0.63125 0.015625 0.01015625
2 0.35625 0.53984375 0.01640625 0.009375
2 0.1171875 0.484375 0.00546875 0.003125
2 0.11484375 0.48984375 0.0046875 0.00390625
20 0.83125 0.66640625 0.0421875 0.05234375
2 0.20546875 0.5125 0.0078125 0.0125
2 0.1984375 0.5109375 0.009375 0.0140625
16 0.3765625 0.55625 0.0078125 0.0125
16 0.3703125 0.5546875 0.009375 0.0140625
2 0.4203125 0.56953125 0.009375 0.0140625
2 0.559375 0.60546875 0.0078125 0.0125
16 0.553125 0.60390625 0.0078125 0.01171875
16 0.546875 0.603125 0.00859375 0.0140625
16 0.540625 0.60078125 0.0078125 0.0125
2 0.53359375 0.59921875 0.0109375 0.0140625
2 0.5625 0.61328125 0.00859375 0.0125
20 0.3359375 0.55859375 0.0625 0.04296875
2 0.3703125 0.56796875 0.0140625 0.00859375
2 0.5734375 0.61953125 0.009375 0.0140625
16 0.58203125 0.621875 0.00859375 0.0125
2 0.3703125 0.578125 0.0109375 0.0140625
20 0.8203125 0.696875 0.02265625 0.01640625
16 0.84296875 0.703125 0.009375 0.0125
16 0.8359375 0.7015625 0.00859375 0.0125
2 0.1671875 0.55 0.01015625 0.0140625
16 0.28828125 0.5796875 0.009375 0.01328125
2 0.28203125 0.57890625 0.00859375 0.0125
2 0.39921875 0.61015625 0.009375 0.0109375
2 0.7046875 0.68671875 0.015625 0.009375
2 0.040625 0.54921875 0.015625 0.009375
16 0.79765625 0.7421875 0.00859375 0.0125
16 0.04765625 0.5578125 0.009375 0.01328125
2 0.03828125 0.55546875 0.0140625 0.00859375
16 0.8125 0.74609375 0.00859375 0.0125
16 0.8046875 0.74453125 0.00859375 0.0125
16 0.05390625 0.56015625 0.00859375 0.0140625
2 0.20234375 0.60078125 0.0140625 0.00859375
16 0.0359375 0.5625 0.0140625 0.009375
16 0.7984375 0.75703125 0.0078125 0.0125
16 0.8046875 0.759375 0.00859375 0.0125
16 0.790625 0.75625 0.009375 0.0125
2 0.18515625 0.60703125 0.01015625 0.0140625
16 0.78359375 0.75546875 0.00703125 0.01171875
2 0.54921875 0.7046875 0.01015625 0.00546875
2 0.5671875 0.709375 0.00859375 0.00390625
2 0.46875 0.68515625 0.0140625 0.00703125
2 0.4484375 0.68046875 0.0109375 0.0046875
16 0.284375 0.6421875 0.00390625 0.00703125
20 0.33359375 0.65546875 0.01015625 0.009375
2 0.51328125 0.7 0.00546875 0.00859375
16 0.29921875 0.646875 0.0046875 0.00859375
2 0.41484375 0.6765625 0.0078125 0.0109375
2 0.50546875 0.6984375 0.00546875 0.009375
20 0.3140625 0.6515625 0.01171875 0.00859375
2 0.521875 0.703125 0.00546875 0.00859375
2 0.59296875 0.7234375 0.00703125 0.00859375
16 0.48984375 0.69765625 0.0078125 0.0046875
2 0.61328125 0.7296875 0.0078125 0.00859375
2 0.6203125 0.73125 0.0046875 0.00859375
2 0.69609375 0.74921875 0.003125 0.00703125
2 0.584375 0.721875 0.00546875 0.01015625
2 0.59921875 0.72578125 0.00546875 0.009375
2 0.62734375 0.7328125 0.0046875 0.009375
2 0.64921875 0.73828125 0.0046875 0.00859375
2 0.67734375 0.7453125 0.0046875 0.00859375
2 0.68203125 0.746875 0.00390625 0.0078125
2 0.63359375 0.734375 0.00546875 0.01015625
2 0.6703125 0.74453125 0.0046875 0.00859375
2 0.5765625 0.72109375 0.00703125 0.00859375
2 0.70078125 0.75234375 0.00390625 0.00859375
2 0.6046875 0.728125 0.00546875 0.00859375
2 0.64375 0.7375 0.00390625 0.00859375
2 0.54140625 0.7125 0.01171875 0.00546875
2 0.68828125 0.74921875 0.00390625 0.00859375
2 0.1796875 0.62421875 0.0109375 0.0140625
2 0.70703125 0.75390625 0.00546875 0.00859375
16 0.80234375 0.77734375 0.009375 0.01171875
16 0.7953125 0.77578125 0.00859375 0.0125
2 0.540625 0.7203125 0.015625 0.00703125
16 0.31796875 0.66640625 0.003125 0.0078125
16 0.340625 0.67265625 0.00625 0.01015625
16 0.325 0.66953125 0.00390625 0.0078125
16 0.33359375 0.671875 0.00625 0.0109375
20 0.3046875 0.665625 0.01171875 0.01015625
16 0.2890625 0.66171875 0.00390625 0.00859375
16 0.28203125 0.6609375 0.0078125 0.01015625
2 0.565625 0.7328125 0.0046875 0.00859375
2 0.6078125 0.74453125 0.0078125 0.009375
2 0.62265625 0.7484375 0.00546875 0.01015625
2 0.9171875 0.82109375 0.0140625 0.009375
2 0.5703125 0.73515625 0.00546875 0.00859375
2 0.5375 0.72734375 0.01015625 0.00546875
2 0.0015625 0.6 0.003125 0.0125
16 0.03515625 0.609375 0.0078125 0.0109375
2 0.0296875 0.6078125 0.0078125 0.01015625
2 0.0046875 0.60234375 0.0078125 0.01171875
2 0.0109375 0.60390625 0.0078125 0.0109375
2 0.01640625 0.60546875 0.0078125 0.0125
2 0.02265625 0.6078125 0.0078125 0.01171875
2 0.525 0.73203125 0.0109375 0.00546875
2 0.5125 0.7328125 0.0046875 0.00859375
2 0.25625 0.67109375 0.01484375 0.00859375
16 0.03515625 0.61953125 0.0078125 0.0046875
2 0.52421875 0.740625 0.009375 0.00390625
16 0.90859375 0.8375 0.01484375 0.0078125
2 0.7421875 0.7984375 0.009375 0.01328125
16 0.73046875 0.79609375 0.00859375 0.0125
2 0.034375 0.62421875 0.009375 0.0046875
16 0.7609375 0.80390625 0.0078125 0.0125
16 0.7359375 0.79765625 0.0078125 0.0125
2 0.72265625 0.7953125 0.009375 0.0125
2 0.521875 0.746875 0.01171875 0.00546875
2 0.5375 0.75078125 0.009375 0.0046875
2 0.03125 0.63046875 0.0078125 0.00234375
16 0.03125 0.63359375 0.00703125 0.00390625
2 0.5359375 0.7609375 0.00625 0.00859375
2 0.75625 0.8171875 0.009375 0.0140625
16 0.75 0.815625 0.0078125 0.01171875
16 0.715625 0.8078125 0.009375 0.0140625
2 0.72734375 0.81015625 0.009375 0.0125
2 0.721875 0.809375 0.00859375 0.01328125
2 0.73515625 0.81171875 0.0078125 0.0125
2 0.7421875 0.8140625 0.0078125 0.0125
9 0.58125 0.775 0.08359375 0.05546875
2 0.02890625 0.640625 0.0078125 0.00390625
9 0.0140625 0.63203125 0.028125 0.0546875
2 0.6875 0.803125 0.009375 0.00703125
16 0.6734375 0.80078125 0.00859375 0.0046875
2 0.02734375 0.646875 0.009375 0.00546875
4 0.3015625 0.71484375 0.3609375 0.1109375
16 0.025 0.653125 0.0078125 0.00390625
2 0.02421875 0.65859375 0.015625 0.00859375
2 0.6453125 0.81328125 0.00625 0.003125
2 0.9796875 0.13671875 0.01328125 0.0078125
2 0.52890625 0.78515625 0.0046875 0.00859375
2 0.803125 0.85859375 0.0078125 0.0125
16 0.33046875 0.74296875 0.01171875 0.00703125
16 0.0171875 0.66640625 0.009375 0.01328125
16 0.01015625 0.66484375 0.00859375 0.01328125
16 0.56640625 0.80625 0.0125 0.0078125
16 0.58828125 0.8125 0.00546875 0.00859375
2 0.58046875 0.8109375 0.00546875 0.009375
2 0.534375 0.8 0.0046875 0.00859375
16 0.5953125 0.81640625 0.00703125 0.009375
2 0.6265625 0.825 0.00546875 0.00234375
2 0.60546875 0.81953125 0.00546875 0.00625
2 0.6 0.81875 0.003125 0.00703125
16 0.56484375 0.81328125 0.00703125 0.00390625
16 0.0234375 0.684375 0.0078125 0.0125
16 0.03671875 0.68828125 0.00390625 0.0078125
16 0.03046875 0.68671875 0.00390625 0.00703125
16 0.0171875 0.68359375 0.00859375 0.0125
16 0.77578125 0.08828125 0.0140625 0.00859375
2 0.53125 0.8140625 0.00703125 0.0109375
2 0.54453125 0.81796875 0.00546875 0.00859375
2 0.5375 0.8171875 0.00546875 0.00859375
2 0.55078125 0.8203125 0.00390625 0.0078125
2 0.59140625 0.83046875 0.00390625 0.0078125
2 0.58515625 0.8296875 0.00390625 0.00859375
16 0.8 0.88828125 0.01484375 0.0078125
16 0.815625 0.89296875 0.0140625 0.0078125
2 0.56875 0.83828125 0.009375 0.00546875
2 0.7984375 0.8953125 0.015625 0.00859375
2 0.51875 0.82734375 0.0125 0.00859375
2 0.55 0.8375 0.00546875 0.01171875
2 0.55703125 0.83984375 0.0046875 0.0109375
2 0.5390625 0.83671875 0.0046875 0.0125
16 0.04453125 0.71484375 0.01328125 0.01953125
16 0.0578125 0.7203125 0.0078125 0.0125
16 0.0640625 0.721875 0.00703125 0.0125
2 0.79609375 0.90546875 0.01640625 0.009375
9 0.7125 0.89140625 0.12578125 0.115625
16 0.80859375 0.91484375 0.01171875 0.00703125
16 0.79453125 0.91171875 0.01484375 0.0078125
2 0.05625 0.734375 0.00859375 0.0125
16 0.05 0.73359375 0.0078125 0.0125
16 0.03828125 0.73046875 0.0078125 0.01171875
2 0.06171875 0.73671875 0.00859375 0.01328125
16 0.03203125 0.73046875 0.0078125 0.01171875
16 0.025 0.7296875 0.009375 0.0125
16 0.7921875 0.91875 0.01484375 0.00859375
16 0.80625 0.92265625 0.01328125 0.00703125
16 0.78984375 0.92421875 0.0140625 0.00859375
16 0.80546875 0.92890625 0.0140625 0.0078125
4 0.275 0.803125 0.35703125 0.1125
16 0.7875 0.93046875 0.01328125 0.00703125
16 0.97734375 0.14375 0.01171875 0.0078125
16 0.78984375 0.09765625 0.0140625 0.00859375
16 0.77421875 0.09453125 0.01484375 0.0078125
16 0.7859375 0.93671875 0.0140625 0.00703125
16 0.58515625 0.88828125 0.01328125 0.00703125
2 0.85234375 0.959375 0.01015625 0.0140625
2 0.8453125 0.9578125 0.009375 0.0140625
2 0.8609375 0.96171875 0.01015625 0.0140625
2 0.86796875 0.96328125 0.009375 0.0140625
16 0.065625 0.76640625 0.0078125 0.01328125
2 0.1453125 0.79140625 0.01484375 0.00859375
2 0.1203125 0.7859375 0.015625 0.009375
2 0.27265625 0.8234375 0.01484375 0.0078125
16 0.78125 0.95234375 0.01328125 0.0078125
16 0.79609375 0.95703125 0.0140625 0.00859375
2 0.7796875 0.9625 0.01640625 0.01015625
2 0.7953125 0.96640625 0.01171875 0.00859375
16 0.55859375 0.9125 0.01640625 0.01015625
2 0.471875 0.8921875 0.01484375 0.01015625
2 0.84140625 0.99296875 0.01015625 0.01328125
2 0.83515625 0.99140625 0.00859375 0.0125
2 0.85078125 0.99453125 0.009375 0.01015625
2 0.20234375 0.8359375 0.009375 0.01484375
2 0.8578125 0.9953125 0.009375 0.00859375
16 0.190625 0.834375 0.0078125 0.0125
9 0.0328125 0.78984375 0.065625 0.12734375
16 0.7296875 0.971875 0.0125 0.00859375
9 0.565625 0.93125 0.04140625 0.03125
2 0.63984375 0.95 0.015625 0.009375
2 0.46171875 0.90703125 0.0140625 0.009375
16 0.70234375 0.96640625 0.00859375 0.0125
16 0.696875 0.965625 0.00859375 0.0125
16 0.70859375 0.96875 0.00859375 0.0125
16 0.71796875 0.97109375 0.009375 0.0125
16 0.68203125 0.9625 0.00859375 0.0125
16 0.75234375 0.98046875 0.01484375 0.01015625
2 0.690625 0.96484375 0.0078125 0.0125
16 0.671875 0.9625 0.00859375 0.0125
16 0.728125 0.978125 0.0125 0.00625
2 0.59375 0.95234375 0.01484375 0.00859375
16 0.715625 0.98203125 0.01171875 0.00703125
16 0.6953125 0.97734375 0.0140625 0.0078125
2 0.7046875 0.98203125 0.009375 0.01328125
16 0.975 0.15078125 0.01171875 0.00703125
16 0.6828125 0.978125 0.0078125 0.0125
16 0.67578125 0.97734375 0.009375 0.01328125
2 0.61875 0.96328125 0.0140625 0.00859375
2 0.6625 0.975 0.01015625 0.0140625
16 0.7125 0.98828125 0.0125 0.00625
16 0.69375 0.98359375 0.01328125 0.00703125
16 0.42890625 0.0171875 0.00859375 0.0109375
4 0.2484375 0.88515625 0.34453125 0.1125
2 0.4359375 0.01953125 0.00703125 0.0125
16 0.5875 0.9921875 0.0078125 0.0125
16 0.6140625 0.996875 0.00859375 0.00546875
16 0.59296875 0.99453125 0.00859375 0.01015625
16 0.6 0.9953125 0.0078125 0.00859375
16 0.60703125 0.99609375 0.00859375 0.00703125
16 0.56796875 0.99296875 0.00703125 0.0125
2 0.45390625 0.02734375 0.00859375 0.00390625
20 0.28671875 0.92890625 0.02421875 0.01875
2 0.22578125 0.9140625 0.01171875 0.0078125
2 0.2125 0.9109375 0.0140625 0.0078125
2 0.2390625 0.9171875 0.01328125 0.00703125
20 0.77578125 0.10703125 0.01875 0.0140625
16 0.23828125 0.92265625 0.0140625 0.0078125
2 0.21015625 0.9171875 0.0140625 0.0078125
2 0.209375 0.92265625 0.01328125 0.00703125
2 0.20703125 0.92734375 0.01484375 0.00859375
9 0.0078125 0.87421875 0.015625 0.03984375
2 0.20546875 0.9328125 0.0140625 0.0078125
2 0.203125 0.93828125 0.0140625 0.00859375
16 0.76953125 0.115625 0.015625 0.00703125
20 0.44296875 0.0390625 0.0109375 0.01484375
16 0.7671875 0.12109375 0.01328125 0.00859375
16 0.8703125 0.14609375 0.0125 0.00859375
16 0.75 0.1234375 0.0140625 0.00859375
16 0.86875 0.15390625 0.0140625 0.00859375
2 0.8296875 0.14375 0.0140625 0.00859375
16 0.76640625 0.12890625 0.01484375 0.009375
2 0.73671875 0.12421875 0.009375 0.01328125
16 0.4640625 0.059375 0.00703125 0.0109375
20 0.38828125 0.0421875 0.03203125 0.03125
2 0.9796875 0.1984375 0.01640625 0.00859375
2 0.7859375 0.1546875 0.01171875 0.015625
2 0.46171875 0.07578125 0.00546875 0.01015625
16 0.74375 0.1453125 0.0140625 0.0078125
2 0.74140625 0.1515625 0.015625 0.01015625
2 0.97734375 0.221875 0.009375 0.0140625
16 0.85546875 0.19296875 0.0140625 0.0078125
16 0.3484375 0.07421875 0.00625 0.0046875
16 0.8546875 0.2 0.0140625 0.00859375
16 0.3890625 0.08828125 0.00625 0.00859375
2 0.8265625 0.196875 0.01484375 0.009375
16 0.38125 0.0875 0.00625 0.009375
2 0.9734375 0.2390625 0.01484375 0.00859375
16 0.40703125 0.1 0.0078125 0.009375
2 0.34921875 0.0859375 0.00625 0.01015625
16 0.41484375 0.103125 0.0046875 0.00859375
2 0.846875 0.22421875 0.0140625 0.00703125
16 0.440625 0.125 0.0078125 0.00390625
2 0.97734375 0.25859375 0.01015625 0.0140625
16 0.43984375 0.13125 0.0078125 0.00546875
16 0.5171875 0.1515625 0.0109375 0.01640625
16 0.5234375 0.15390625 0.00546875 0.01015625
2 0.62265625 0.18046875 0.00859375 0.0140625
16 0.434375 0.13671875 0.0109375 0.00546875
2 0.54765625 0.16484375 0.00703125 0.0109375
16 0.5359375 0.16171875 0.0078125 0.00390625
2 0.55390625 0.16640625 0.0078125 0.01015625
2 0.55859375 0.16953125 0.00546875 0.01015625
9 0.36953125 0.12421875 0.0828125 0.05546875
2 0.965625 0.27265625 0.01640625 0.00859375
16 0.58046875 0.178125 0.00703125 0.009375
16 0.53359375 0.16796875 0.0109375 0.00546875
2 0.5140625 0.16484375 0.01015625 0.0125
16 0.840625 0.24609375 0.01484375 0.00859375
16 0.41484375 0.1421875 0.0046875 0.01015625
16 0.83828125 0.2515625 0.0109375 0.00625
2 0.53125 0.1765625 0.0140625 0.00859375
2 0.9671875 0.2859375 0.01015625 0.0140625
2 0.61484375 0.2015625 0.0046875 0.00859375
2 0.590625 0.196875 0.015625 0.00703125
2 0.409375 0.153125 0.0046875 0.0078125
16 0.428125 0.159375 0.009375 0.00625
2 0.50859375 0.18203125 0.00625 0.00859375
2 0.428125 0.16484375 0.009375 0.00546875
2 0.99765625 0.309375 0.003125 0.0140625
16 0.99375 0.3078125 0.009375 0.0140625
2 0.95625 0.29921875 0.00859375 0.01328125
2 0.4265625 0.171875 0.00859375 0.00546875
2 0.375 0.16171875 0.00546875 0.01015625
16 0.35546875 0.1578125 0.00703125 0.009375
16 0.36953125 0.1609375 0.0046875 0.00859375
16 0.4 0.16875 0.00703125 0.01015625
16 0.39296875 0.1671875 0.00546875 0.00859375
16 0.42421875 0.17578125 0.01015625 0.00703125
2 0.32734375 0.1515625 0.0078125 0.0125
2 0.3390625 0.1546875 0.00703125 0.00390625
2 0.3640625 0.1609375 0.0078125 0.00703125
16 0.38046875 0.165625 0.0046875 0.00859375
2 0.61015625 0.2234375 0.00703125 0.0109375
16 0.38671875 0.16875 0.0046875 0.00859375
2 0.5265625 0.20390625 0.01484375 0.01015625
2 0.953125 0.31171875 0.009375 0.0140625
2 0.5875 0.22578125 0.015625 0.01015625
2 0.5 0.2046875 0.00703125 0.01015625
16 0.3359375 0.16484375 0.009375 0.0046875
16 0.3515625 0.1703125 0.009375 0.00546875
16 0.321875 0.16796875 0.01015625 0.00625
9 0.990625 0.3375 0.01796875 0.04140625
2 0.33515625 0.17265625 0.00703125 0.0046875
2 0.6046875 0.24140625 0.0078125 0.0109375
16 0.8234375 0.29765625 0.0140625 0.00859375
2 0.20234375 0.1453125 0.00546875 0.01015625
2 0.2109375 0.14921875 0.0078125 0.0125
16 0.82265625 0.30390625 0.01328125 0.00703125
2 0.515625 0.22890625 0.0140625 0.0078125
2 0.4953125 0.225 0.00546875 0.0125
2 0.87421875 0.31796875 0.00546875 0.009375
2 0.58046875 0.24765625 0.01171875 0.00703125
20 0.246875 0.165625 0.028125 0.0265625
2 0.39765625 0.20546875 0.00625 0.0046875
16 0.1984375 0.16015625 0.00546875 0.00859375
16 0.20546875 0.16171875 0.0046875 0.00546875
2 0.6 0.259375 0.0078125 0.01171875
2 0.4125 0.21484375 0.00625 0.003125
2 0.9421875 0.346875 0.009375 0.0140625
2 0.534375 0.25234375 0.0078125 0.003125
2 0.521875 0.24921875 0.01015625 0.0078125
2 0.496875 0.24375 0.01171875 0.00703125
20 0.31796875 0.2 0.02734375 0.02890625
2 0.54921875 0.2578125 0.01171875 0.00625
2 0.37890625 0.2171875 0.009375 0.00546875
16 0.1203125 0.15390625 0.00625 0.00859375
16 0.12734375 0.15546875 0.0046875 0.00859375
16 0.14296875 0.16015625 0.00703125 0.009375
16 0.13359375 0.1578125 0.00390625 0.0078125
2 0.39140625 0.22890625 0.00625 0.00390625
2 0.9375 0.36328125 0.009375 0.0140625
2 0.36953125 0.225 0.0140625 0.0078125
2 0.115625 0.16484375 0.009375 0.0109375
2 0.125 0.16796875 0.00546875 0.00859375
2 0.14296875 0.17421875 0.00546875 0.00625
2 0.13671875 0.17265625 0.00546875 0.00625
2 0.13203125 0.171875 0.00390625 0.0078125
9 0.98359375 0.3890625 0.03125 0.040625
16 0.24296875 0.21015625 0.01015625 0.00703125
2 0.93203125 0.38203125 0.01015625 0.0140625
2 0.85625 0.37578125 0.00625 0.0125
4 0.834375 0.37421875 0.175 0.52578125
16 0.99765625 0.41875 0.00390625 0.0125
2 0.98359375 0.41484375 0.009375 0.0140625
16 0.99296875 0.41796875 0.0078125 0.0125
2 0.35859375 0.26328125 0.009375 0.00703125
2 0.39296875 0.2734375 0.0109375 0.0078125
4 0.8734375 0.396875 0.178125 0.53828125
16 0.20078125 0.2328125 0.00859375 0.00859375
2 0.1875 0.2421875 0.01015625 0.00703125
2 0.2015625 0.24609375 0.00703125 0.0046875
2 0.678125 0.36796875 0.01484375 0.009375
2 0.1828125 0.25234375 0.0078125 0.00390625
2 0.19609375 0.25703125 0.01015625 0.0046875
2 0.1796875 0.2609375 0.00703125 0.01015625
2 0.9140625 0.4421875 0.00859375 0.01328125
2 0.1875 0.2640625 0.00546875 0.00859375
16 0.78984375 0.41640625 0.0140625 0.00703125
16 0.78828125 0.42265625 0.01484375 0.00859375
2 0.42890625 0.3359375 0.00625 0.01015625
2 0.31171875 0.309375 0.00546875 0.0109375
2 0.909375 0.45703125 0.01015625 0.01484375
2 0.834375 0.45 0.00546875 0.00859375
2 0.30625 0.3203125 0.00546875 0.01015625
2 0.45859375 0.36328125 0.00546875 0.00859375
2 0.240625 0.3109375 0.00703125 0.0109375
2 0.90390625 0.475 0.01015625 0.0140625
16 0.94296875 0.4859375 0.0078125 0.01171875
2 0.4703125 0.37109375 0.00546875 0.00625
2 0.303125 0.3328125 0.0046875 0.00859375
9 0.6859375 0.03125 0.0296875 0.0125
9 0.1640625 0.30703125 0.0453125 0.03046875
2 0.89921875 0.49140625 0.00859375 0.0140625
2 0.12734375 0.3015625 0.0109375 0.0046875
2 0.29921875 0.3453125 0.00546875 0.009375
16 0.12421875 0.3078125 0.0078125 0.0046875
2 0.82734375 0.48125 0.00625 0.0125
16 0.934375 0.509375 0.009375 0.0140625
16 0.1203125 0.3109375 0.00859375 0.00390625
2 0.89375 0.5078125 0.009375 0.0140625
2 0.2921875 0.365625 0.00546875 0.01171875
2 0.6625 0.0234375 0.0078125 0.00390625
16 0.1171875 0.3265625 0.00625 0.0046875
16 0.1703125 0.34140625 0.003125 0.00546875
2 0.1953125 0.34765625 0.0046875 0.0078125
2 0.178125 0.34296875 0.00546875 0.0078125
16 0.9296875 0.52890625 0.0078125 0.0125
2 0.190625 0.346875 0.00546875 0.00859375
2 0.1640625 0.340625 0.00625 0.00859375
16 0.15546875 0.3390625 0.00546875 0.00625
16 0.18359375 0.34609375 0.00546875 0.01015625
16 0.1453125 0.33671875 0.00546875 0.00703125
2 0.1375 0.33671875 0.0046875 0.00859375
16 0.115625 0.33359375 0.0078125 0.00546875
2 0.8890625 0.525 0.0078125 0.0125
16 0.7671875 0.4953125 0.01328125 0.00859375
2 0.2890625 0.37890625 0.00625 0.01015625
2 0.19921875 0.35859375 0.00546875 0.009375
16 0.76484375 0.50078125 0.01328125 0.00859375
2 0.88359375 0.54296875 0.00859375 0.0125
16 0.71640625 0.03984375 0.00546875 0.00859375
2 0.13125 0.3578125 0.00546875 0.00859375