2 0.97109375 0.4125 0.01484375 0.00625
16 0.79921875 0.03671875 0.0125 0.01484375
2 0.96875 0.41796875 0.01640625 0.00703125
16 0.45625 0.36875 0.01875 0.009375
2 0.57421875 0.3984375 0.215625 0.15703125
16 0.2875 0.3703125 0.01640625 0.00625
2 0.321875 0.375 0.01640625 0.00625
2 0.33828125 0.37734375 0.015625 0.00703125
2 0.95625 0.45703125 0.01640625 0.00703125
2 0.34453125 0.3875 0.0109375 0.0125
16 0.3125 0.384375 0.01015625 0.0109375
16 0.32109375 0.3859375 0.0078125 0.01015625
16 0.36796875 0.39140625 0.009375 0.0109375
2 0.35390625 0.38984375 0.0078125 0.0109375
16 0.36015625 0.390625 0.0078125 0.0109375
16 0.3375 0.3890625 0.00859375 0.009375
16 0.32734375 0.3875 0.009375 0.009375
16 0.29453125 0.38359375 0.01015625 0.0109375
16 0.3046875 0.38515625 0.009375 0.0125
2 0.95546875 0.4625 0.015625 0.0078125
4 0.97578125 0.4671875 0.046875 0.16484375
16 0.28671875 0.38359375 0.00859375 0.009375
2 0.46328125 0.4125 0.01953125 0.00859375
16 0.30546875 0.39609375 0.009375 0.0109375
16 0.31953125 0.396875 0.0078125 0.0109375
16 0.353125 0.40234375 0.00859375 0.01171875
2 0.34765625 0.4015625 0.0078125 0.0125
16 0.2921875 0.39453125 0.01015625 0.0125
16 0.3265625 0.3984375 0.00859375 0.01171875
2 0.3125 0.39765625 0.009375 0.01328125
2 0.33984375 0.40078125 0.0078125 0.01171875
16 0.33359375 0.4 0.01015625 0.0125
16 0.2984375 0.3953125 0.00859375 0.0125
16 0.284375 0.39609375 0.009375 0.01171875
2 0.3671875 0.4125 0.015625 0.00625
2 0.9515625 0.48671875 0.015625 0.00546875
2 0.36640625 0.41796875 0.0171875 0.0078125
2 0.428125 0.42734375 0.0171875 0.0078125
16 0.36484375 0.42265625 0.01484375 0.00625
16 0.52734375 0.0125 0.01640625 0.00703125
16 0.3640625 0.42734375 0.01640625 0.00625
2 0.4203125 0.4359375 0.009375 0.01015625
16 0.94921875 0.49921875 0.0078125 0.0109375
2 0.95546875 0.50078125 0.0078125 0.0125
16 0.36328125 0.43359375 0.015625 0.00625
2 0.80625 0.046875 0.00859375 0.0109375
2 0.3625 0.43828125 0.01640625 0.00625
16 0.61875 0.471875 0.01640625 0.00625
16 0.36171875 0.44375 0.015625 0.00625
16 0.9484375 0.51484375 0.0140625 0.00546875
16 0.36015625 0.44921875 0.0171875 0.0078125
2 0.54921875 0.47109375 0.00859375 0.01171875
2 0.47734375 0.4640625 0.00859375 0.0125
16 0.94765625 0.5203125 0.01328125 0.00625
16 0.35859375 0.45625 0.01484375 0.00703125
16 0.946875 0.52578125 0.0140625 0.00546875
16 0.31171875 0.45390625 0.0078125 0.0125
2 0.2984375 0.45234375 0.00703125 0.0109375
16 0.346875 0.45859375 0.00859375 0.0109375
16 0.30546875 0.453125 0.00859375 0.01171875
16 0.31875 0.45546875 0.0078125 0.01171875
16 0.3328125 0.45703125 0.009375 0.01328125
2 0.33984375 0.4578125 0.009375 0.01171875
16 0.325 0.45625 0.00859375 0.0125
2 0.2734375 0.45 0.0078125 0.0109375
2 0.35859375 0.4609375 0.015625 0.00625
16 0.9453125 0.53125 0.0140625 0.00546875
2 0.35859375 0.46875 0.015625 0.00625
16 0.41015625 0.4765625 0.00859375 0.0125
16 0.34296875 0.46953125 0.0140625 0.00625
16 0.40390625 0.4765625 0.009375 0.0125
16 0.4171875 0.478125 0.01015625 0.0140625
2 0.36953125 0.4734375 0.00859375 0.0109375
2 0.31171875 0.4671875 0.0078125 0.0109375
16 0.2984375 0.46640625 0.01015625 0.01171875
2 0.29140625 0.46484375 0.00859375 0.0109375
2 0.284375 0.4640625 0.00859375 0.0109375
16 0.31875 0.46796875 0.00859375 0.01171875
2 0.2765625 0.4640625 0.009375 0.0125
2 0.26953125 0.46328125 0.0078125 0.0109375
2 0.3046875 0.4671875 0.0078125 0.0125
2 0.32421875 0.4703125 0.0078125 0.0109375
2 0.33203125 0.47109375 0.00703125 0.01171875
16 0.34296875 0.4734375 0.01640625 0.00625
16 0.525 0.01796875 0.015625 0.00625
16 0.38515625 0.48515625 0.0109375 0.0125
16 0.37734375 0.484375 0.00859375 0.0109375
2 0.31796875 0.47890625 0.01796875 0.00703125
16 0.27109375 0.4734375 0.01875 0.00625
2 0.30078125 0.4765625 0.01640625 0.00625
16 0.2859375 0.47578125 0.0140625 0.00625
2 0.3484375 0.48359375 0.01484375 0.00546875
16 0.5796875 0.5125 0.01015625 0.0140625
16 0.58984375 0.5140625 0.0109375 0.0109375
16 0.48203125 0.50078125 0.009375 0.0109375
16 0.39375 0.490625 0.009375 0.0109375
16 0.42421875 0.49453125 0.01015625 0.0125
20 0.79140625 0.05078125 0.01875 0.015625
2 0.34609375 0.48828125 0.015625 0.00546875
2 0.2 0.48203125 0.01015625 0.0125
16 0.465625 0.0140625 0.01484375 0.00703125
9 0.14140625 0.4859375 0.04140625 0.03671875
9 0.17734375 0.490625 0.04140625 0.034375
2 0.22578125 0.49921875 0.009375 0.0109375
2 0.1140625 0.4921875 0.01015625 0.0125
16 0.83671875 0.58515625 0.02265625 0.00859375
16 0.85390625 0.58671875 0.01328125 0.00625
16 0.86796875 0.5890625 0.0171875 0.00703125
16 0.48125 0.01796875 0.01640625 0.00703125
16 0.8671875 0.59453125 0.01796875 0.00703125
2 0.1484375 0.51015625 0.0109375 0.01328125
20 0.78984375 0.58828125 0.0203125 0.01640625
20 0.8078125 0.59140625 0.02265625 0.01796875
20 0.84921875 0.59765625 0.01875 0.015625
16 0.60078125 0.56875 0.0140625 0.00625
20 0.83125 0.59609375 0.02265625 0.01640625
2 0.134375 0.5140625 0.0171875 0.00703125
16 0.58515625 0.56640625 0.01328125 0.00625
2 0.803125 0.05703125 0.0078125 0.0109375
2 0.06953125 0.51171875 0.01640625 0.00703125
16 0.5796875 0.57265625 0.015625 0.00703125
16 0.80546875 0.60234375 0.01484375 0.00703125
16 0.790625 0.60078125 0.015625 0.00546875
16 0.5609375 0.57421875 0.01640625 0.00703125
16 0.0515625 0.51484375 0.01875 0.00859375
16 0.22421875 0.540625 0.0109375 0.0109375
2 0.25546875 0.546875 0.0171875 0.00703125
2 0.8765625 0.63046875 0.01484375 0.00625
16 0.85625 0.6296875 0.0078125 0.0125
16 0.86328125 0.63125 0.00859375 0.0140625
16 0.0515625 0.5390625 0.01875 0.00703125
2 0.46484375 0.01953125 0.015625 0.00703125
16 0.04921875 0.5453125 0.01796875 0.00703125
4 0.3796875 0.58515625 0.39375 0.07578125
16 0.7359375 0.62734375 0.0078125 0.01015625
2 0.75078125 0.63046875 0.01015625 0.01171875
16 0.74375 0.62890625 0.00859375 0.01171875
16 0.7890625 0.6359375 0.0109375 0.01171875
16 0.49375 0.025 0.01640625 0.00625
9 0.1359375 0.56171875 0.11484375 0.10078125
2 0.7484375 0.64375 0.0078125 0.0109375
2 0.8203125 0.65234375 0.00859375 0.0109375
2 0.67890625 0.6359375 0.0484375 0.034375
16 0.81171875 0.6515625 0.0109375 0.01328125
2 0.7265625 0.6421875 0.0078125 0.0125
2 0.7859375 0.6484375 0.009375 0.0109375
2 0.74140625 0.64375 0.00859375 0.0125
2 0.734375 0.64375 0.01171875 0.0140625
2 0.71875 0.64140625 0.009375 0.01171875
2 0.909375 0.675 0.0078125 0.01171875
2 0.04375 0.57421875 0.03203125 0.01953125
2 0.08203125 0.57890625 0.00859375 0.01171875
16 0.840625 0.66953125 0.01328125 0.00625
16 0.19140625 0.59375 0.021875 0.00859375
2 0.83828125 0.67578125 0.01796875 0.0078125
2 0.0796875 0.5921875 0.00859375 0.0109375
2 0.18359375 0.6046875 0.01328125 0.00703125
9 0.65078125 0.6609375 0.0609375 0.03125
2 0.03828125 0.5921875 0.02578125 0.01796875
2 0.0609375 0.5984375 0.02734375 0.0234375
2 0.83671875 0.69140625 0.01484375 0.00625
2 0.07734375 0.60234375 0.0078125 0.0109375
2 0.15234375 0.61328125 0.0140625 0.00625
2 0.13046875 0.61328125 0.009375 0.0125
16 0.09375 0.609375 0.01015625 0.0125
16 0.0859375 0.60859375 0.009375 0.0140625
2 0.67578125 0.68515625 0.0171875 0.0078125
16 0.659375 0.68359375 0.01796875 0.0078125
2 0.8328125 0.70703125 0.01484375 0.00625
2 0.62890625 0.68359375 0.0390625 0.02578125
4 0.3640625 0.653125 0.39609375 0.0796875
9 0.75234375 0.70390625 0.16328125 0.11953125
16 0.67265625 0.70625 0.01484375 0.00625
16 0.83203125 0.7265625 0.01484375 0.0078125
16 0.47421875 0.03125 0.01640625 0.0078125
2 0.6671875 0.7109375 0.01796875 0.0078125
2 0.64609375 0.709375 0.015625 0.00703125
2 0.82578125 0.7359375 0.015625 0.00625
2 0.82578125 0.7421875 0.01640625 0.00703125
2 0.52734375 0.7078125 0.01640625 0.009375
16 0.6671875 0.72734375 0.01484375 0.00703125
2 0.23984375 0.678125 0.01640625 0.00703125
16 0.82421875 0.74765625 0.015625 0.00625
16 0.4890625 0.0359375 0.01015625 0.0109375
2 0.83671875 0.75078125 0.01015625 0.0125
2 0.02109375 0.65546875 0.0328125 0.01796875
2 0.66640625 0.7328125 0.01328125 0.00625
16 0.846875 0.7546875 0.0140625 0.00546875
16 0.82265625 0.753125 0.01484375 0.00625
16 0.821875 0.75703125 0.01484375 0.00546875
2 0.66171875 0.7390625 0.01875 0.00546875
16 0.821875 0.7625 0.01796875 0.00625
2 0.03203125 0.671875 0.028125 0.01953125
2 0.79453125 0.7671875 0.01484375 0.00625
2 0.7609375 0.7671875 0.0109375 0.0140625
2 0.75234375 0.76640625 0.0109375 0.01171875
4 0.34921875 0.721875 0.4015625 0.08671875
16 0.79375 0.77421875 0.0078125 0.009375
16 0.7859375 0.77578125 0.00859375 0.01328125
16 0.75390625 0.7765625 0.01640625 0.00625
9 0.034375 0.6921875 0.05390625 0.0328125
16 0.78984375 0.7875 0.0109375 0.0109375
16 0.78359375 0.7859375 0.0078125 0.0109375
16 0.75234375 0.7828125 0.01640625 0.00703125
16 0.77421875 0.790625 0.01015625 0.0125
16 0.37265625 0.74453125 0.0078125 0.0109375
2 0.38125 0.74609375 0.00859375 0.0125
16 0.80625 0.79765625 0.009375 0.01328125
2 0.3640625 0.74453125 0.00859375 0.009375
16 0.7859375 0.7953125 0.0140625 0.00625
16 0.03359375 0.70859375 0.01875 0.00703125
16 0.0546875 0.71171875 0.01640625 0.00625
16 0.053125 0.7171875 0.01484375 0.00625
16 0.0390625 0.715625 0.015625 0.00625
2 0.2828125 0.746875 0.0546875 0.03203125
16 0.6578125 0.7921875 0.01171875 0.0109375
2 0.7 0.80078125 0.0140625 0.0078125
2 0.03671875 0.721875 0.01640625 0.00625
16 0.05234375 0.72421875 0.0171875 0.0078125
16 0.68203125 0.79921875 0.0203125 0.01015625
2 0.05078125 0.72890625 0.01640625 0.00546875
2 0.03515625 0.728125 0.01796875 0.00625
2 0.4578125 0.778125 0.0171875 0.00703125
2 0.3828125 0.7703125 0.0171875 0.0078125
2 0.06328125 0.7484375 0.0140625 0.00703125
2 0.078125 0.75 0.01640625 0.00703125
16 0.09296875 0.75234375 0.01640625 0.00625
16 0.84296875 0.8421875 0.0109375 0.01171875
4 0.33671875 0.7875 0.403125 0.08359375
2 0.0546875 0.75546875 0.015625 0.00546875
2 0.0171875 0.75546875 0.0171875 0.00703125
2 0.03515625 0.7578125 0.01640625 0.00703125
16 0.45390625 0.04140625 0.01796875 0.0078125
2 0.01484375 0.76171875 0.015625 0.00625
16 0.59609375 0.83203125 0.01640625 0.00625
16 0.61171875 0.83359375 0.015625 0.00625
16 0.00234375 0.7625 0.0046875 0.00625
2 0.86953125 0.8671875 0.0078125 0.0125
2 0.0140625 0.76640625 0.0171875 0.0078125
2 0.684375 0.846875 0.01015625 0.0125
16 0.66171875 0.84765625 0.01015625 0.0125
2 0.67734375 0.84921875 0.0078125 0.01171875
16 0.7015625 0.85234375 0.0140625 0.00625
16 0.65546875 0.846875 0.009375 0.01328125
16 0.61484375 0.84296875 0.00859375 0.0109375
16 0.58046875 0.8390625 0.00703125 0.0109375
2 0.58828125 0.83984375 0.00859375 0.0109375
2 0.60234375 0.84140625 0.0078125 0.0109375
16 0.59609375 0.840625 0.01015625 0.0109375
2 0.6078125 0.84296875 0.0078125 0.01171875
16 0.7734375 0.8625 0.0140625 0.00703125
2 0.571875 0.83828125 0.0109375 0.01328125
16 0.71484375 0.85546875 0.0140625 0.00546875
2 0.01171875 0.77265625 0.01484375 0.00703125
2 0.00234375 0.77109375 0.0046875 0.0078125
16 0.68984375 0.85390625 0.00859375 0.0125
2 0.1140625 0.78828125 0.01875 0.009375
16 0.4171875 0.0390625 0.00859375 0.01171875
16 0.42421875 0.03984375 0.01015625 0.01171875
2 0.01015625 0.778125 0.0140625 0.00546875
2 0.0078125 0.78359375 0.015625 0.0078125
16 0.56484375 0.85234375 0.01484375 0.0078125
2 0.56484375 0.85703125 0.01484375 0.00546875
16 0.54609375 0.8546875 0.01640625 0.00703125
16 0.725 0.8765625 0.01875 0.0078125
16 0.703125 0.87421875 0.01640625 0.00625
2 0.0078125 0.7921875 0.01484375 0.00703125
2 0.5640625 0.8625 0.0140625 0.00546875
16 0.54609375 0.8609375 0.01328125 0.00546875
16 0.7015625 0.8796875 0.01640625 0.00703125
2 0.00625 0.7984375 0.0125 0.00625
9 0.05859375 0.80859375 0.10546875 0.0953125
16 0.70078125 0.8875 0.015625 0.00625
16 0.00625 0.80625 0.0125 0.00625
16 0.69921875 0.8921875 0.01484375 0.00625
16 0.00546875 0.81171875 0.0109375 0.0078125
9 0.628125 0.88671875 0.1359375 0.0828125
16 0.00546875 0.8171875 0.01015625 0.00703125
2 0.10625 0.83046875 0.015625 0.00625
4 0.321875 0.85625 0.39453125 0.08828125
16 0.6984375 0.90078125 0.0171875 0.00625
16 0.696875 0.9078125 0.01640625 0.00625
16 0.69609375 0.91484375 0.015625 0.00625
2 0.12734375 0.85234375 0.01640625 0.00703125
2 0.2078125 0.8671875 0.01640625 0.00625
16 0.12890625 0.85859375 0.01484375 0.00703125
16 0.1921875 0.865625 0.015625 0.00625
2 0.69140625 0.92578125 0.01640625 0.00625
2 0.20625 0.871875 0.0140625 0.00625
2 0.084375 0.8578125 0.01640625 0.00625
16 0.19140625 0.87109375 0.015625 0.00546875
2 0.06484375 0.85859375 0.01015625 0.0109375
16 0.05078125 0.85703125 0.0078125 0.01171875
2 0.20546875 0.87734375 0.0140625 0.00546875
16 0.5 0.9125 0.01484375 0.00625
16 0.190625 0.8765625 0.015625 0.00625
16 0.6484375 0.93046875 0.00859375 0.009375
2 0.8546875 0.9546875 0.009375 0.0125
2 0.65546875 0.93203125 0.00859375 0.009375
16 0.71484375 0.9390625 0.00859375 0.0125
2 0.640625 0.93046875 0.0078125 0.0109375
16 0.60546875 0.9265625 0.009375 0.0125
2 0.6328125 0.9296875 0.00859375 0.0109375
2 0.05703125 0.86171875 0.0078125 0.0109375
16 0.48515625 0.9125 0.0171875 0.0078125
16 0.67109375 0.93515625 0.0109375 0.01328125
2 0.66328125 0.934375 0.0109375 0.01171875
16 0.5984375 0.9265625 0.0078125 0.0109375
16 0.5921875 0.92578125 0.00859375 0.0125
2 0.58515625 0.92578125 0.00859375 0.0109375
2 0.20390625 0.8828125 0.01484375 0.00625
16 0.1890625 0.88046875 0.015625 0.00625
16 0.821875 0.95703125 0.0078125 0.01171875
16 0.65234375 0.93984375 0.015625 0.00625
16 0.5828125 0.93359375 0.01328125 0.00703125
2 0.109375 0.87890625 0.015625 0.00625
16 0.63125 0.9421875 0.0078125 0.0109375
16 0.4171875 0.0484375 0.01796875 0.00625
16 0.05390625 0.8734375 0.0078125 0.009375
16 0.6390625 0.94296875 0.0078125 0.0109375
16 0.0609375 0.875 0.009375 0.0109375
16 0.04765625 0.8734375 0.00859375 0.0109375
16 0.6515625 0.94609375 0.01796875 0.00625
2 0.109375 0.89140625 0.015625 0.00703125
2 0.8265625 0.9828125 0.01640625 0.00625
2 0.81015625 0.98125 0.0140625 0.00703125
4 0.309375 0.9265625 0.4015625 0.08828125
16 0.43359375 0.0515625 0.01484375 0.00703125
16 0.74375 0.98046875 0.00859375 0.0125
16 0.56640625 0.96015625 0.009375 0.0109375
2 0.0734375 0.90234375 0.01328125 0.00625
16 0.5578125 0.96015625 0.01015625 0.01171875
2 0.75 0.98515625 0.00859375 0.0109375
2 0.071875 0.9078125 0.01484375 0.00546875
2 0.071875 0.9125 0.01484375 0.00546875
16 0.55625 0.97109375 0.0078125 0.0125
16 0.56328125 0.97265625 0.009375 0.01171875
2 0.06953125 0.91875 0.0140625 0.00625
16 0.63984375 0.9859375 0.00859375 0.01015625
2 0.7390625 0.9953125 0.0078125 0.0078125
16 0.6328125 0.98515625 0.00625 0.0109375
2 0.08515625 0.925 0.0140625 0.00625
2 0.0828125 0.93046875 0.01484375 0.00625
2 0.0828125 0.9359375 0.01484375 0.00625
2 0.08125 0.93984375 0.01640625 0.00625
16 0.3875 0.9765625 0.01328125 0.0125
16 0.065625 0.94453125 0.01484375 0.00625
2 0.0796875 0.94609375 0.0140625 0.00625
2 0.07890625 0.95 0.01484375 0.00625
16 0.065625 0.94921875 0.01875 0.00625
16 0.234375 0.03671875 0.01171875 0.01328125
16 0.2078125 0.03828125 0.01875 0.0078125
16 0.6890625 0.09765625 0.01796875 0.0078125
16 0.65703125 0.09453125 0.01796875 0.01015625
16 0.67421875 0.096875 0.01328125 0.00625
16 0.2046875 0.04453125 0.01796875 0.00703125
16 0.23203125 0.0484375 0.01015625 0.0125
16 0.2046875 0.05 0.01796875 0.00625
2 0.66015625 0.12421875 0.009375 0.0109375
2 0.53203125 0.15703125 0.01328125 0.01796875
16 0.50390625 0.159375 0.015625 0.00625
16 0.51796875 0.16171875 0.01484375 0.00546875
2 0.246875 0.1390625 0.00859375 0.0125
2 0.29765625 0.146875 0.0109375 0.015625
9 0.27109375 0.1484375 0.04765625 0.040625
2 0.24453125 0.14921875 0.00859375 0.009375
2 0.41015625 0.17734375 0.0078125 0.009375
16 0.29140625 0.1640625 0.01328125 0.01171875
16 0.24375 0.1625 0.01328125 0.01640625
16 0.278125 0.1734375 0.02421875 0.0109375
2 0.44609375 0.1984375 0.0109375 0.01328125
2 0.45234375 0.2 0.00859375 0.0125
16 0.27890625 0.184375 0.009375 0.01171875
16 0.44296875 0.20859375 0.015625 0.00703125
2 0.434375 0.21328125 0.01640625 0.00625
20 0.2515625 0.20859375 0.06796875 0.0546875
4 0.91953125 0.3109375 0.16015625 0.528125
4 0.82578125 0.30546875 0.178125 0.53984375
4 0.87421875 0.3171875 0.15625 0.5484375
16 0.2609375 0.24296875 0.0171875 0.0078125
20 0.23125 0.2578125 0.04453125 0.04765625
20 0.765625 0.0328125 0.0609375 0.02109375
16 0.1671875 0.27109375 0.015625 0.00625
2 0.16640625 0.27578125 0.015625 0.00625
2 0.17890625 0.278125 0.00859375 0.01171875
16 0.97421875 0.38515625 0.0140625 0.00625
16 0.8078125 0.03515625 0.009375 0.0109375
16 0.97421875 0.390625 0.01484375 0.00625
2 0.9734375 0.3953125 0.0140625 0.00625
2 0.97265625 0.4015625 0.0140625 0.00625
2 0.97109375 0.40703125 0.0171875 0.00625