4 0.36953125 0.53125 0.38828125 0.046875
4 0.22578125 0.05546875 0.03984375 0.0921875
1 0.24609375 0.56171875 0.03671875 0.01015625
4 0.3671875 0.62578125 0.3859375 0.04921875
9 0.13359375 0.65390625 0.07578125 0.19921875
1 0.2359375 0.6546875 0.0375 0.01328125
9 0.91328125 0.06640625 0.1203125 0.0984375
9 0.63984375 0.66953125 0.1421875 0.14453125
9 0.0515625 0.6734375 0.07109375 0.246875
15 0.3515625 0.68046875 0.0171875 0.009375
1 0.234375 0.684375 0.0203125 0.01328125
1 0.2578125 0.68515625 0.02265625 0.0125
15 0.8890625 0.7109375 0.0109375 0.015625
15 0.859375 0.71171875 0.00703125 0.01875
15 0.76875 0.7125 0.01015625 0.0171875
15 0.9125 0.7125 0.0125 0.015625
15 0.77734375 0.7125 0.00859375 0.01796875
15 0.8765625 0.71328125 0.009375 0.01484375
15 0.740625 0.71328125 0.009375 0.0171875
15 0.75 0.71328125 0.0109375 0.01953125
15 0.90078125 0.7140625 0.009375 0.015625
15 0.8671875 0.71484375 0.00859375 0.01953125
4 0.36640625 0.71796875 0.38828125 0.046875
15 0.32421875 0.75625 0.03203125 0.0078125
4 0.57578125 0.07734375 0.5265625 0.0421875
4 0.41171875 0.7890625 0.63125 0.0609375
9 0.0515625 0.8140625 0.04609375 0.03671875
9 0.3328125 0.834375 0.1296875 0.03203125
9 0.21796875 0.83515625 0.10078125 0.03046875
9 0.578125 0.8359375 0.103125 0.03359375
9 0.46015625 0.83671875 0.12265625 0.03046875
9 0.05390625 0.86015625 0.03984375 0.0359375
4 0.4125 0.88046875 0.628125 0.05546875
9 0.85234375 0.9453125 0.15546875 0.075
4 0.4140625 0.9734375 0.62890625 0.053125
4 0.2859375 0.10078125 0.034375 0.18125
9 0.1703125 0.11328125 0.0546875 0.0609375
4 0.5734375 0.12265625 0.52890625 0.0421875
4 0.22578125 0.15078125 0.0453125 0.09375
4 0.57265625 0.16953125 0.52890625 0.0453125
9 0.91171875 0.1859375 0.1234375 0.0953125
9 0.1671875 0.1875 0.05546875 0.06015625
4 0.53359375 0.22109375 0.7 0.04140625
15 0.54296875 0.25234375 0.01796875 0.0125
4 0.33359375 0.26640625 0.23515625 0.04765625
15 0.62734375 0.28671875 0.034375 0.0203125
15 0.575 0.28984375 0.01875 0.01015625
9 0.13984375 0.29609375 0.0859375 0.11953125
4 0.34609375 0.31328125 0.2640625 0.04375
15 0.1953125 0.315625 0.015625 0.01015625
9 0.93828125 0.31796875 0.08046875 0.11640625
9 0.83671875 0.3203125 0.08125 0.11640625
9 0.53515625 0.32421875 0.05625 0.09140625
9 0.68515625 0.32734375 0.04296875 0.08515625
15 0.57421875 0.33515625 0.01640625 0.065625
15 0.63359375 0.34375 0.0078125 0.01953125
15 0.0859375 0.34375 0.009375 0.0203125
4 0.57578125 0.0359375 0.52890625 0.0421875
4 0.34921875 0.3734375 0.265625 0.04609375
15 0.4953125 0.38984375 0.01875 0.01953125
1 0.0359375 0.409375 0.0078125 0.01796875
1 0.02578125 0.409375 0.0078125 0.0203125
4 0.36875 0.43671875 0.38515625 0.0484375
9 0.64453125 0.4671875 0.14296875 0.1484375
15 0.22421875 0.471875 0.01640625 0.01953125
1 0.24609375 0.47265625 0.02421875 0.01953125
15 0.52578125 0.47734375 0.0359375 0.0125
9 0.06953125 0.51875 0.04453125 0.0328125