9 0.3828125 0.78984375 0.03203125 0.05859375
9 0.50234375 0.80546875 0.0328125 0.05703125
9 0.46171875 0.8015625 0.03671875 0.05703125
9 0.42109375 0.796875 0.0296875 0.05859375
9 0.55703125 0.81484375 0.0328125 0.0578125
9 0.24453125 0.7765625 0.021875 0.04453125
2 0.103125 0.76171875 0.01015625 0.02734375
9 0.2171875 0.77578125 0.021875 0.05703125
9 0.18671875 0.77421875 0.02578125 0.05546875
9 0.71796875 0.84609375 0.03046875 0.053125
9 0.6765625 0.8421875 0.03203125 0.05390625
9 0.77265625 0.85625 0.0453125 0.05859375
2 0.2359375 0.8203125 0.01875 0.02578125
2 0.13515625 0.80859375 0.00859375 0.0140625
2 0.2984375 0.8328125 0.0109375 0.025
9 0.325 0.8421875 0.0484375 0.0484375
2 0.75625 0.9 0.01484375 0.0171875
2 0.12421875 0.8390625 0.00703125 0.028125
2 0.29296875 0.87734375 0.0203125 0.01640625
9 0.1609375 0.86171875 0.06328125 0.08359375
2 0.10859375 0.88984375 0.01328125 0.01875
16 0.13125 0.05703125 0.01015625 0.02421875
16 0.09140625 0.05234375 0.0046875 0.01875
16 0.1046875 0.05546875 0.00546875 0.015625
16 0.05625 0.05078125 0.00625 0.02109375
16 0.078125 0.053125 0.00703125 0.0203125
16 0.09921875 0.05546875 0.00625 0.01875
16 0.1203125 0.05859375 0.01171875 0.02578125
16 0.1109375 0.05859375 0.00703125 0.01953125
16 0.0671875 0.053125 0.0078125 0.02109375
16 0.08359375 0.05703125 0.00625 0.02109375
9 0.15078125 0.06640625 0.0296875 0.04140625
20 0.4265625 0.11015625 0.01640625 0.028125
16 0.30859375 0.09609375 0.009375 0.0234375
16 0.34453125 0.10078125 0.009375 0.0234375
16 0.3921875 0.10703125 0.00859375 0.02109375
16 0.403125 0.10859375 0.0078125 0.02421875
16 0.35546875 0.10234375 0.009375 0.02421875
16 0.2984375 0.09609375 0.0078125 0.025
16 0.45 0.11484375 0.0078125 0.021875
16 0.43984375 0.11484375 0.009375 0.02578125
9 0.23671875 0.1171875 0.02734375 0.0609375
9 0.2609375 0.121875 0.0234375 0.05390625
20 0.32578125 0.1515625 0.0171875 0.02734375
20 0.3 0.1484375 0.0203125 0.02890625
20 0.35 0.1578125 0.0171875 0.0296875
9 0.4734375 0.18359375 0.02421875 0.0515625
9 0.41875 0.17734375 0.0296875 0.05546875
9 0.53203125 0.19375 0.02265625 0.05078125
9 0.37421875 0.1765625 0.025 0.05546875
2 0.63125 0.26015625 0.025 0.028125
2 0.2203125 0.22578125 0.01875 0.01796875
2 0.21953125 0.2375 0.01484375 0.015625
20 0.58046875 0.28828125 0.0328125 0.07421875
16 0.18515625 0.2484375 0.01484375 0.01796875
9 0.6875 0.3109375 0.02421875 0.0515625
16 0.1828125 0.2640625 0.01328125 0.0140625
2 0.89921875 0.35078125 0.0109375 0.01640625
2 0.8609375 0.346875 0.01015625 0.01171875
2 0.82265625 0.3421875 0.01171875 0.02109375
20 0.62265625 0.325 0.01484375 0.03125
16 0.421875 0.30625 0.0078125 0.021875
16 0.38828125 0.303125 0.009375 0.02109375
16 0.43359375 0.30859375 0.009375 0.02421875
16 0.4828125 0.31484375 0.0078125 0.021875
16 0.3765625 0.3015625 0.00625 0.021875
16 0.471875 0.3140625 0.00859375 0.0234375
2 0.55703125 0.3296875 0.0078125 0.021875
16 0.18203125 0.28515625 0.01484375 0.0171875
2 0.60390625 0.3375 0.00703125 0.01875
9 0.8515625 0.37265625 0.0296875 0.04296875
9 0.8140625 0.36953125 0.03046875 0.04140625
9 0.64296875 0.3484375 0.02421875 0.05390625
9 0.89140625 0.378125 0.02890625 0.0421875
9 0.215625 0.30078125 0.05 0.10859375
16 0.1828125 0.30078125 0.01484375 0.0171875
20 0.621875 0.36328125 0.0171875 0.02890625
9 0.6921875 0.3734375 0.02578125 0.05625
2 0.8125 0.40546875 0.021875 0.021875
2 0.89140625 0.415625 0.01875 0.01796875
2 0.85 0.4125 0.01796875 0.02109375
16 0.1203125 0.33125 0.01171875 0.01484375
16 0.134375 0.33359375 0.00625 0.015625
2 0.62421875 0.3921875 0.021875 0.02890625
16 0.14453125 0.33515625 0.00625 0.015625
16 0.1671875 0.3390625 0.00625 0.01484375
16 0.15625 0.3390625 0.00625 0.0171875
2 0.82578125 0.4578125 0.009375 0.0125
2 0.64296875 0.4359375 0.01640625 0.01484375
2 0.86640625 0.4640625 0.009375 0.015625
20 0.61640625 0.45078125 0.015625 0.03515625
9 0.68203125 0.4609375 0.021875 0.053125
9 0.84453125 0.48125 0.0328125 0.0578125
20 0.61640625 0.4875 0.01640625 0.03046875
2 0.63984375 0.5078125 0.01015625 0.01171875
16 0.11875 0.4453125 0.00625 0.021875
16 0.153125 0.44921875 0.0046875 0.0171875
16 0.1765625 0.453125 0.0046875 0.015625
16 0.0625 0.44140625 0.00546875 0.01640625
16 0.05234375 0.43984375 0.00546875 0.01640625
16 0.12734375 0.44921875 0.00625 0.02109375
16 0.1078125 0.446875 0.0078125 0.02421875
16 0.07890625 0.44296875 0.00625 0.01640625
16 0.14765625 0.45234375 0.0046875 0.015625
16 0.1609375 0.45390625 0.00625 0.015625
16 0.140625 0.4515625 0.00625 0.01875
16 0.134375 0.45078125 0.00625 0.01953125
16 0.1828125 0.45703125 0.0046875 0.01640625
2 0.62109375 0.515625 0.021875 0.025
2 0.68515625 0.52421875 0.01640625 0.0375
2 0.6734375 0.5265625 0.00859375 0.02421875
2 0.65625 0.53828125 0.01640625 0.0296875
2 0.7046875 0.54921875 0.01796875 0.02890625
2 0.6421875 0.5421875 0.0078125 0.0203125
2 0.69375 0.55390625 0.00703125 0.02109375
2 0.61953125 0.54921875 0.0234375 0.028125
2 0.634375 0.565625 0.00625 0.01796875
2 0.65625 0.57265625 0.01640625 0.0328125
2 0.70390625 0.58515625 0.01484375 0.03515625
2 0.72578125 0.5890625 0.0171875 0.03125
2 0.69140625 0.5890625 0.00859375 0.02109375
2 0.7140625 0.59296875 0.0078125 0.01796875
20 0.2140625 0.5515625 0.01640625 0.02890625
2 0.6265625 0.603125 0.01875 0.03671875
2 0.42734375 0.5796875 0.009375 0.01953125
2 0.61484375 0.603125 0.009375 0.02421875
2 0.37265625 0.57890625 0.0078125 0.01484375
2 0.66875 0.61796875 0.0078125 0.021875
2 0.68125 0.6203125 0.015625 0.034375
9 0.39140625 0.58984375 0.0328125 0.05390625
9 0.6484375 0.62578125 0.03515625 0.07265625
20 0.21171875 0.584375 0.01875 0.0265625
2 0.22265625 0.5890625 0.01171875 0.02734375
2 0.70078125 0.65078125 0.00703125 0.02734375
2 0.66875 0.65078125 0.009375 0.0234375
2 0.68046875 0.65234375 0.01875 0.03046875
9 0.72109375 0.6625 0.04140625 0.05625
9 0.7765625 0.6734375 0.0421875 0.0546875
2 0.36953125 0.63359375 0.00625 0.01796875
20 0.23125 0.6203125 0.01640625 0.028125
9 0.38828125 0.64921875 0.0296875 0.0515625
9 0.27890625 0.64453125 0.0265625 0.0546875
2 0.61640625 0.68515625 0.01484375 0.0171875
2 0.24609375 0.64921875 0.01328125 0.02578125
20 0.23046875 0.64921875 0.01640625 0.02890625
2 0.41171875 0.6734375 0.0046875 0.01484375
2 0.75859375 0.7390625 0.009375 0.025
2 0.48671875 0.71015625 0.009375 0.02109375
2 0.44453125 0.7078125 0.01015625 0.0171875
2 0.3671875 0.69921875 0.00625 0.0171875
9 0.38671875 0.7140625 0.02890625 0.0578125
9 0.50546875 0.728125 0.03203125 0.05703125
9 0.721875 0.753125 0.03125 0.05390625
2 0.8609375 0.7703125 0.00703125 0.025
9 0.46328125 0.7234375 0.02734375 0.05078125
9 0.68046875 0.75 0.0328125 0.05546875
9 0.4234375 0.71953125 0.03125 0.05859375
9 0.27578125 0.70234375 0.021875 0.05546875
2 0.23203125 0.7015625 0.009375 0.025
2 0.2125 0.7015625 0.00859375 0.01953125
9 0.775 0.7828125 0.0453125 0.053125
9 0.18828125 0.7140625 0.0265625 0.05703125
9 0.8296875 0.7921875 0.05390625 0.090625
9 0.896875 0.80078125 0.05234375 0.08984375
2 0.7421875 0.78125 0.009375 0.02109375
2 0.69921875 0.778125 0.009375 0.01953125
2 0.253125 0.7328125 0.01015625 0.02421875
2 0.26015625 0.75703125 0.009375 0.0234375
2 0.36484375 0.77578125 0.00859375 0.02109375
2 0.5375 0.796875 0.009375 0.0203125
2 0.48203125 0.78984375 0.00703125 0.01796875
9 0.23515625 0.76171875 0.00703125 0.01953125
2 0.44140625 0.7875 0.00859375 0.02421875
2 0.65859375 0.8140625 0.0078125 0.01953125
2 0.69921875 0.81953125 0.0078125 0.01953125
2 0.40390625 0.784375 0.0078125 0.021875
9 0.278125 0.7703125 0.0296875 0.05625
9 0.328125 0.77890625 0.04765625 0.05390625