20 0.175 0.4515625 0.021875 0.0171875
20 0.33046875 0.0375 0.08671875 0.0515625
20 0.18046875 0.46484375 0.0234375 0.01796875
2 0.13828125 0.48359375 0.00859375 0.0125
20 0.18359375 0.47890625 0.021875 0.01640625
2 0.12109375 0.49375 0.01875 0.00859375
16 0.13359375 0.49453125 0.00859375 0.0109375
2 0.146875 0.49453125 0.015625 0.00625
2 0.1234375 0.49921875 0.01640625 0.00703125
16 0.240625 0.47890625 0.00859375 0.01171875
16 0.23359375 0.4796875 0.0078125 0.0109375
16 0.246875 0.478125 0.00859375 0.01171875
20 0.27421875 0.4734375 0.02421875 0.01796875
2 0.125 0.5046875 0.01796875 0.00703125
20 0.1875 0.49296875 0.021875 0.01640625
2 0.12578125 0.51015625 0.0171875 0.0078125
16 0.12734375 0.515625 0.01484375 0.0078125
20 0.24453125 0.49375 0.0234375 0.0171875
2 0.12890625 0.52109375 0.0140625 0.00703125
16 0.13046875 0.5265625 0.01484375 0.0078125
2 0.1671875 0.51953125 0.01640625 0.0078125
2 0.16875 0.52421875 0.01640625 0.0078125
16 0.13359375 0.5328125 0.015625 0.0078125
2 0.17109375 0.52890625 0.0171875 0.0078125
16 0.134375 0.5375 0.0140625 0.00703125
2 0.171875 0.53515625 0.01484375 0.00625
2 0.13671875 0.54296875 0.01640625 0.00703125
2 0.1734375 0.540625 0.015625 0.00625
2 0.13828125 0.5484375 0.015625 0.0078125
20 0.21484375 0.0703125 0.06640625 0.065625
20 0.26796875 0.06015625 0.06640625 0.06640625
16 0.140625 0.6046875 0.00859375 0.01171875
2 0.11796875 0.609375 0.00859375 0.01328125
2 0.10078125 0.61328125 0.00859375 0.01171875
16 0.125 0.60859375 0.00859375 0.01171875
2 0.09296875 0.61484375 0.00859375 0.0125
2 0.1328125 0.6078125 0.00859375 0.0109375
16 0.1890625 0.596875 0.00859375 0.0109375
16 0.16796875 0.60078125 0.01015625 0.01328125
16 0.2125 0.59296875 0.00859375 0.0125
2 0.21953125 0.59140625 0.00859375 0.0125
16 0.19765625 0.59609375 0.01015625 0.0125
16 0.2265625 0.590625 0.00859375 0.0125
16 0.178125 0.6 0.00859375 0.0109375
16 0.15390625 0.6171875 0.009375 0.01171875
2 0.13515625 0.62734375 0.009375 0.0125
2 0.140625 0.6265625 0.01015625 0.0140625
16 0.21953125 0.621875 0.00859375 0.0109375
16 0.2125 0.62265625 0.009375 0.01171875
16 0.1453125 0.63984375 0.00859375 0.0109375
16 0.13984375 0.64140625 0.0109375 0.01171875
16 0.1421875 0.65390625 0.009375 0.0125
16 0.15078125 0.653125 0.009375 0.0125
2 0.16640625 0.659375 0.0171875 0.0078125
16 0.1078125 0.67109375 0.01640625 0.0078125
16 0.1671875 0.6640625 0.015625 0.0078125
2 0.6671875 0.56953125 0.00859375 0.01171875
9 0.1390625 0.6734375 0.04453125 0.028125
2 0.16953125 0.66953125 0.01640625 0.0078125
16 0.1109375 0.68203125 0.015625 0.0078125
16 0.171875 0.675 0.0171875 0.0078125
9 0.75234375 0.5625 0.08671875 0.05703125
16 0.1125 0.68828125 0.015625 0.00703125
2 0.68125 0.58125 0.00859375 0.0125
16 0.1734375 0.6796875 0.0140625 0.0078125
2 0.83046875 0.55390625 0.00859375 0.0125
2 0.81875 0.55703125 0.01640625 0.0078125
2 0.13515625 0.690625 0.01796875 0.00859375
2 0.1171875 0.69453125 0.01953125 0.01015625
2 0.15546875 0.6875 0.01875 0.00859375
16 0.81875 0.56328125 0.015625 0.00703125
2 0.7109375 0.58671875 0.0171875 0.0078125
2 0.7125 0.5921875 0.01484375 0.00703125
2 0.12578125 0.70703125 0.00859375 0.0125
2 0.1671875 0.7 0.00859375 0.01171875
2 0.82265625 0.575 0.01875 0.01640625
16 0.73359375 0.59921875 0.00859375 0.0125
2 0.72734375 0.6 0.00859375 0.01171875
16 0.740625 0.5984375 0.00859375 0.01171875
16 0.71953125 0.603125 0.00859375 0.01328125
16 0.7140625 0.60390625 0.00859375 0.0125
2 0.78203125 0.59296875 0.00859375 0.01171875
2 0.6984375 0.61015625 0.01796875 0.00703125
16 0.76953125 0.59609375 0.00859375 0.0125
2 0.1234375 0.721875 0.00859375 0.01171875
16 0.77578125 0.59609375 0.0078125 0.01015625
2 0.1375 0.7203125 0.009375 0.01171875
2 0.11640625 0.72421875 0.00859375 0.0125
2 0.1296875 0.72109375 0.00859375 0.0125
2 0.1640625 0.71484375 0.00859375 0.0125
2 0.15859375 0.71640625 0.01015625 0.0125
2 0.14375 0.71953125 0.00859375 0.01328125
2 0.15078125 0.71796875 0.009375 0.0125
16 0.17109375 0.7140625 0.009375 0.0125
2 0.17734375 0.71328125 0.009375 0.0125
2 0.790625 0.596875 0.00859375 0.0125
2 0.79765625 0.59609375 0.01171875 0.01484375
2 0.6984375 0.61484375 0.01640625 0.00703125
2 0.19453125 0.7171875 0.01875 0.00859375
16 0.7359375 0.6125 0.00859375 0.0125
2 0.7421875 0.61171875 0.00859375 0.0125
2 0.7203125 0.6171875 0.00859375 0.0125
2 0.75859375 0.609375 0.0203125 0.01484375
2 0.72890625 0.615625 0.009375 0.0125
16 0.12265625 0.73359375 0.01640625 0.0078125
16 0.77265625 0.609375 0.00859375 0.01171875
16 0.784375 0.6078125 0.01640625 0.0078125
2 0.50234375 0.6625 0.009375 0.01328125
2 0.1953125 0.72265625 0.0171875 0.0078125
16 0.12421875 0.73984375 0.01484375 0.0078125
2 0.6796875 0.63359375 0.01953125 0.009375
2 0.196875 0.728125 0.01796875 0.0078125
16 0.1265625 0.746875 0.01640625 0.0078125
2 0.19921875 0.73359375 0.0171875 0.0078125
2 0.76015625 0.62421875 0.01875 0.0078125
16 0.1296875 0.7515625 0.01484375 0.0078125
2 0.2 0.7390625 0.015625 0.00703125
9 0.1625 0.74609375 0.05390625 0.0421875
2 0.759375 0.63046875 0.01796875 0.00859375
2 0.5703125 0.66875 0.00859375 0.0140625
2 0.4625 0.690625 0.0109375 0.0140625
2 0.49765625 0.684375 0.0109375 0.0140625
16 0.13046875 0.75703125 0.0140625 0.00703125
2 0.2015625 0.74375 0.015625 0.0078125
16 0.13203125 0.7625 0.015625 0.0078125
2 0.20390625 0.74921875 0.01796875 0.00859375
16 0.13359375 0.76796875 0.015625 0.0078125
2 0.20390625 0.7546875 0.01640625 0.0078125
2 0.0671875 0.1171875 0.01015625 0.01328125
2 0.20703125 0.76015625 0.01796875 0.00859375
16 0.8203125 0.640625 0.01484375 0.00703125
16 0.16875 0.7703125 0.00859375 0.0125
16 0.16328125 0.77265625 0.009375 0.0125
16 0.15078125 0.775 0.009375 0.0125
16 0.13515625 0.778125 0.0109375 0.0125
2 0.14375 0.77734375 0.009375 0.01328125
16 0.175 0.77109375 0.009375 0.0125
2 0.18359375 0.76953125 0.01015625 0.0140625
2 0.2078125 0.76640625 0.015625 0.0078125
2 0.16640625 0.7796875 0.015625 0.00859375
2 0.67265625 0.68359375 0.01640625 0.00859375
16 0.8921875 0.64140625 0.00859375 0.01171875
2 0.14375 0.78984375 0.0171875 0.0078125
2 0.1796875 0.7828125 0.015625 0.00703125
16 0.16015625 0.78671875 0.01640625 0.00859375
16 0.77734375 0.6671875 0.00859375 0.0109375
16 0.77109375 0.66875 0.0078125 0.0109375
2 0.765625 0.67265625 0.00859375 0.01328125
2 0.971875 0.64375 0.015625 0.0078125
2 0.20703125 0.79453125 0.00859375 0.0109375
16 0.93984375 0.65859375 0.01484375 0.0078125
16 0.22421875 0.8 0.00859375 0.0125
16 0.94140625 0.6640625 0.0140625 0.00703125
2 0.925 0.66796875 0.0140625 0.00703125
2 0.3671875 0.78125 0.009375 0.0140625
16 0.92578125 0.67265625 0.0140625 0.00703125
2 0.96875 0.66484375 0.009375 0.0125
16 0.9421875 0.66953125 0.01328125 0.00625
2 0.2671875 0.8015625 0.00859375 0.01328125
2 0.86640625 0.6859375 0.0171875 0.0078125
2 0.45 0.7671875 0.01015625 0.01328125
16 0.9265625 0.67734375 0.015625 0.00703125
2 0.59765625 0.74140625 0.009375 0.0125
16 0.22890625 0.8140625 0.00703125 0.01171875
16 0.2359375 0.8125 0.00859375 0.0109375
2 0.9453125 0.675 0.01484375 0.00703125
2 0.90703125 0.68359375 0.01640625 0.0078125
16 0.92890625 0.68359375 0.0140625 0.00703125
2 0.946875 0.68046875 0.0140625 0.00703125
16 0.27421875 0.81171875 0.0140625 0.00625
2 0.90859375 0.68984375 0.0171875 0.0078125
16 0.946875 0.6859375 0.01484375 0.0078125
2 0.70390625 0.73359375 0.01015625 0.0125
16 0.93125 0.690625 0.01640625 0.0078125
16 0.9109375 0.6953125 0.0140625 0.00703125
16 0.9328125 0.696875 0.0140625 0.00703125
16 0.95234375 0.69375 0.0203125 0.009375
16 0.8703125 0.7125 0.01484375 0.00703125
2 0.8859375 0.709375 0.015625 0.00703125
2 0.95625 0.69921875 0.01640625 0.0078125
20 0.34765625 0.07109375 0.1140625 0.0765625
16 0.871875 0.71796875 0.0140625 0.00625
2 0.8875 0.71484375 0.0171875 0.0078125
16 0.91796875 0.71171875 0.01640625 0.00703125
16 0.23515625 0.84609375 0.00859375 0.0125
16 0.24140625 0.84453125 0.009375 0.01171875
16 0.2484375 0.84296875 0.009375 0.01171875
16 0.91875 0.71640625 0.01640625 0.0078125
16 0.9015625 0.72578125 0.015625 0.0078125
2 0.16171875 0.86953125 0.01015625 0.01328125
16 0.9390625 0.71875 0.0140625 0.00625
2 0.17109375 0.86875 0.01015625 0.01484375
16 0.178125 0.8671875 0.009375 0.0125
16 0.19375 0.86484375 0.00859375 0.0125
16 0.2 0.86328125 0.01015625 0.0125
16 0.18515625 0.865625 0.00859375 0.0125
16 0.2296875 0.85859375 0.01015625 0.0140625
16 0.93984375 0.7234375 0.0140625 0.00625
16 0.9421875 0.72890625 0.015625 0.0078125
16 0.88203125 0.74375 0.01796875 0.00859375
16 0.175 0.88359375 0.009375 0.0125
16 0.16640625 0.88515625 0.009375 0.0125
16 0.8828125 0.74921875 0.01640625 0.00703125
20 0.215625 0.8828125 0.06171875 0.03671875
16 0.89375 0.75625 0.00859375 0.0125
16 0.17578125 0.9015625 0.009375 0.01171875
16 0.16953125 0.903125 0.009375 0.01171875
16 0.25703125 0.89296875 0.01015625 0.01328125
20 0.22421875 0.91328125 0.06171875 0.03671875
20 0.23046875 0.96796875 0.0234375 0.01640625
20 0.2515625 0.96484375 0.02265625 0.01328125
16 0.73125 0.87734375 0.0140625 0.00625
16 0.23515625 0.97734375 0.01484375 0.0078125
2 0.3125 0.9625 0.0171875 0.00703125
2 0.25390625 0.97421875 0.01640625 0.0078125
2 0.7328125 0.8828125 0.0171875 0.0078125
16 0.85625 0.859375 0.0140625 0.00703125
16 0.3140625 0.9671875 0.01484375 0.00703125
16 0.2359375 0.98359375 0.0140625 0.00625
16 0.25703125 0.9796875 0.0171875 0.00703125
16 0.22109375 0.9859375 0.01484375 0.00703125
2 0.8421875 0.86640625 0.0171875 0.0078125
16 0.85859375 0.86328125 0.0140625 0.00625
9 0.2859375 0.9765625 0.04296875 0.0265625
16 0.8796875 0.8609375 0.01640625 0.00703125
16 0.31640625 0.97421875 0.01640625 0.0078125
16 0.88046875 0.86640625 0.0140625 0.00625
2 0.8609375 0.8703125 0.01640625 0.0078125
2 0.31875 0.98046875 0.01640625 0.0078125
16 0.86171875 0.87578125 0.0140625 0.00703125
16 0.88203125 0.87265625 0.015625 0.0078125
16 0.8625 0.88125 0.0140625 0.00703125
9 0.28203125 0.1 0.04140625 0.0265625
16 0.27890625 0.99453125 0.01015625 0.009375
16 0.271875 0.99609375 0.009375 0.0078125
16 0.93671875 0.87109375 0.009375 0.0125
16 0.93046875 0.8734375 0.009375 0.01171875
16 0.865625 0.88671875 0.0140625 0.00703125
16 0.8578125 0.9046875 0.0140625 0.00625
16 0.88359375 0.9 0.01640625 0.0078125
2 0.17890625 0.12265625 0.01875 0.009375
2 0.859375 0.909375 0.01796875 0.00859375
2 0.8875 0.9109375 0.01640625 0.0078125
16 0.89140625 0.9171875 0.0203125 0.01015625
16 0.80625 0.9453125 0.00859375 0.0109375
16 0.8 0.946875 0.00703125 0.0109375
16 0.84765625 0.9375 0.0078125 0.0109375
2 0.79296875 0.9484375 0.01015625 0.01328125
16 0.85390625 0.93671875 0.00859375 0.0125
16 0.83359375 0.940625 0.00859375 0.0125
16 0.07734375 0.14921875 0.009375 0.0125
16 0.090625 0.14609375 0.009375 0.01171875
2 0.08359375 0.14765625 0.00859375 0.0125
16 0.10625 0.14375 0.00859375 0.0125
2 0.20625 0.13203125 0.009375 0.0125
16 0.12421875 0.16328125 0.015625 0.0078125
2 0.1265625 0.17265625 0.01484375 0.00703125
2 0.01640625 0.20390625 0.01484375 0.00703125
16 0.13515625 0.19765625 0.01484375 0.00859375
20 0.115625 0.203125 0.02265625 0.01796875
9 0.0484375 0.21953125 0.04296875 0.04140625
16 0.13671875 0.203125 0.0140625 0.00703125
2 0.07734375 0.221875 0.01484375 0.00703125
2 0.1265625 0.21640625 0.009375 0.0125
2 0.07890625 0.2265625 0.015625 0.00625
16 0.14140625 0.22421875 0.01640625 0.0078125
16 0.15 0.23203125 0.0078125 0.0109375
16 0.1546875 0.2453125 0.009375 0.01171875
16 0.1484375 0.25703125 0.0140625 0.00625
16 0.1296875 0.26015625 0.01484375 0.00703125
9 0.06484375 0.27734375 0.03515625 0.01796875
16 0.15 0.26171875 0.0125 0.00625
16 0.1515625 0.2671875 0.01484375 0.0078125
2 0.07734375 0.28359375 0.015625 0.00703125
2 0.0578125 0.2875 0.015625 0.00703125
16 0.153125 0.271875 0.0140625 0.00625
16 0.1375 0.27578125 0.015625 0.0078125
16 0.13984375 0.28046875 0.0140625 0.00625
16 0.15390625 0.278125 0.0125 0.00625
16 0.140625 0.2859375 0.0140625 0.00625
16 0.15625 0.28359375 0.0140625 0.00703125
16 0.13671875 0.2921875 0.01484375 0.00625
2 0.16015625 0.28828125 0.01640625 0.0078125
16 0.15 0.29375 0.0078125 0.0109375
16 0.13828125 0.29765625 0.0140625 0.00703125
2 0.16171875 0.29375 0.0140625 0.00625
9 0.08203125 0.31484375 0.04296875 0.04140625
2 0.13515625 0.3109375 0.009375 0.0125
2 0.16953125 0.31796875 0.01484375 0.0078125
20 0.153125 0.3265625 0.02421875 0.0171875
2 0.171875 0.3234375 0.015625 0.00625
16 0.17265625 0.32890625 0.0140625 0.00703125
16 0.15546875 0.3375 0.015625 0.00703125
16 0.1734375 0.33359375 0.01328125 0.00625
9 0.0921875 0.3546875 0.04296875 0.040625
2 0.15703125 0.3421875 0.015625 0.00703125
2 0.17578125 0.3390625 0.0140625 0.00625
16 0.159375 0.34765625 0.0140625 0.00703125
16 0.17578125 0.34453125 0.01484375 0.00703125
16 0.178125 0.35 0.01328125 0.00625
16 0.18828125 0.35703125 0.0078125 0.009375
16 0.19140625 0.36953125 0.0078125 0.0109375
9 0.12421875 0.43125 0.071875 0.05703125
2 0.08046875 0.4515625 0.01640625 0.009375