20 0.175 0.28046875 0.02109375 0.01640625
20 0.17265625 0.29453125 0.02265625 0.0171875
2 0.1234375 0.29921875 0.0078125 0.0125
20 0.16953125 0.30859375 0.02109375 0.01484375
2 0.10390625 0.303125 0.01796875 0.0078125
16 0.1140625 0.3078125 0.0078125 0.0109375
2 0.1265625 0.3125 0.01640625 0.00546875
2 0.1015625 0.309375 0.01640625 0.00625
16 0.221875 0.3265625 0.0078125 0.01171875
16 0.21484375 0.32578125 0.00625 0.01171875
16 0.228125 0.32734375 0.0078125 0.01171875
20 0.25625 0.33203125 0.02265625 0.0171875
2 0.1015625 0.31484375 0.01796875 0.00625
20 0.16640625 0.3234375 0.021875 0.015625
2 0.09921875 0.3203125 0.0171875 0.00703125
16 0.09765625 0.32578125 0.01484375 0.00625
20 0.21796875 0.34140625 0.02265625 0.01640625
2 0.09609375 0.33125 0.01484375 0.00625
16 0.09609375 0.3375 0.01484375 0.00625
2 0.1328125 0.34140625 0.01640625 0.00625
2 0.13203125 0.34609375 0.01640625 0.00625
16 0.09453125 0.34375 0.015625 0.00703125
2 0.13125 0.35234375 0.01640625 0.00703125
16 0.09296875 0.3484375 0.01484375 0.00625
2 0.1296875 0.3578125 0.015625 0.00546875
2 0.09296875 0.35390625 0.01640625 0.00625
2 0.128125 0.36328125 0.01640625 0.00546875
2 0.090625 0.36015625 0.015625 0.00625
16 0.06484375 0.41328125 0.0078125 0.01171875
2 0.0421875 0.41015625 0.0078125 0.01328125
2 0.0234375 0.40859375 0.0078125 0.01171875
16 0.0484375 0.41171875 0.00703125 0.01171875
2 0.015625 0.4078125 0.0078125 0.0125
2 0.05703125 0.4125 0.0078125 0.01171875
16 0.1140625 0.42109375 0.0078125 0.0109375
16 0.0921875 0.41796875 0.009375 0.01328125
16 0.1375 0.42421875 0.0078125 0.0125
2 0.1453125 0.425 0.0078125 0.0125
16 0.12265625 0.42265625 0.009375 0.01171875
16 0.15234375 0.42578125 0.0078125 0.01328125
16 0.10234375 0.41953125 0.0078125 0.01171875
16 0.07109375 0.42890625 0.00859375 0.01171875
2 0.0484375 0.43203125 0.00859375 0.0125
2 0.05390625 0.43359375 0.009375 0.0140625
16 0.13046875 0.453125 0.0078125 0.01171875
16 0.12265625 0.45234375 0.00859375 0.01171875
16 0.0515625 0.446875 0.0078125 0.01171875
16 0.04609375 0.44609375 0.009375 0.01171875
16 0.04140625 0.45859375 0.00859375 0.01328125
16 0.05 0.46015625 0.00859375 0.01328125
2 0.0609375 0.47109375 0.01640625 0.00703125
16 0.0046875 0.465625 0.009375 0.00703125
16 0.06015625 0.4765625 0.015625 0.00625
2 0.5734375 0.54296875 0.00703125 0.01171875
9 0.02890625 0.4765625 0.04296875 0.02578125
2 0.05859375 0.48203125 0.01640625 0.00625
16 0.003125 0.47578125 0.00625 0.0078125
16 0.05859375 0.4875 0.01640625 0.00703125
9 0.65703125 0.5625 0.084375 0.05390625
16 0.003125 0.48203125 0.00546875 0.00625
2 0.58046875 0.55703125 0.00703125 0.0125
16 0.0578125 0.49296875 0.0140625 0.00703125
2 0.7328125 0.57734375 0.0078125 0.01328125
2 0.72109375 0.578125 0.01640625 0.00625
2 0.0171875 0.49140625 0.0171875 0.0078125
2 0.00390625 0.4890625 0.0078125 0.009375
2 0.03671875 0.49375 0.01796875 0.0078125
16 0.71796875 0.58359375 0.01640625 0.00625
2 0.60546875 0.571875 0.01640625 0.00703125
2 0.6046875 0.578125 0.015625 0.00625
2 0.0015625 0.50390625 0.003125 0.01328125
2 0.04140625 0.51015625 0.00703125 0.01171875
2 0.71640625 0.5953125 0.0171875 0.015625
16 0.62109375 0.590625 0.0078125 0.0125
2 0.6140625 0.58984375 0.0078125 0.01171875
16 0.62734375 0.59140625 0.00703125 0.01171875
16 0.60546875 0.5890625 0.0078125 0.01328125
16 0.6 0.5890625 0.0078125 0.0125
2 0.66875 0.6 0.0078125 0.01171875
2 0.58125 0.58984375 0.01796875 0.00625
16 0.6546875 0.59921875 0.0078125 0.0125
16 0.66171875 0.6 0.00703125 0.01015625
2 0.00390625 0.51796875 0.0078125 0.0109375
2 0.03125 0.52265625 0.0078125 0.0125
2 0.025 0.521875 0.009375 0.0125
2 0.01015625 0.5203125 0.0078125 0.01328125
2 0.0171875 0.52109375 0.00859375 0.01328125
16 0.0375 0.52421875 0.00859375 0.01171875
2 0.04453125 0.525 0.00859375 0.01328125
2 0.67421875 0.60546875 0.0078125 0.0125
2 0.68125 0.60625 0.01015625 0.0140625
2 0.5796875 0.59453125 0.01640625 0.00625
2 0.05859375 0.534375 0.01796875 0.0078125
16 0.615625 0.603125 0.0078125 0.0125
2 0.621875 0.6046875 0.00703125 0.0125
2 0.5984375 0.603125 0.0078125 0.01328125
2 0.63828125 0.6078125 0.01953125 0.0140625
2 0.6078125 0.60390625 0.00859375 0.01328125
16 0.6515625 0.6125 0.0078125 0.01171875
16 0.6640625 0.6140625 0.01640625 0.00703125
2 0.371875 0.578125 0.00859375 0.01328125
2 0.05546875 0.53984375 0.0171875 0.00703125
2 0.553125 0.60625 0.01953125 0.00859375
2 0.0546875 0.5453125 0.01796875 0.00703125
2 0.05390625 0.55078125 0.0171875 0.00703125
2 0.6328125 0.621875 0.01875 0.00703125
2 0.05234375 0.55546875 0.01640625 0.00625
9 0.01953125 0.55078125 0.0390625 0.03984375
2 0.628125 0.628125 0.0171875 0.0078125
2 0.4328125 0.60546875 0.0078125 0.0140625
2 0.321875 0.5921875 0.009375 0.01328125
2 0.3578125 0.596875 0.009375 0.01328125
2 0.0515625 0.5609375 0.015625 0.00703125
2 0.05 0.5671875 0.0171875 0.0078125
2 0.0484375 0.571875 0.01640625 0.00625
2 0.04765625 0.57734375 0.0171875 0.0078125
16 0.68046875 0.65625 0.015625 0.00625
16 0.00625 0.5765625 0.0078125 0.0125
16 0.00234375 0.57578125 0.0046875 0.01328125
16 0.01328125 0.578125 0.00859375 0.0125
2 0.02109375 0.5796875 0.009375 0.0140625
2 0.04609375 0.58359375 0.015625 0.00625
2 0.00390625 0.58359375 0.0078125 0.0078125
2 0.52109375 0.65 0.01640625 0.0078125
16 0.746875 0.67890625 0.0078125 0.01171875
2 0.0109375 0.590625 0.01640625 0.00625
16 0.6265625 0.66796875 0.00859375 0.0109375
16 0.61953125 0.6671875 0.00703125 0.0109375
2 0.6125 0.66875 0.00703125 0.01328125
2 0.8203125 0.7046875 0.015625 0.00703125
2 0.03125 0.61015625 0.0078125 0.01171875
16 0.93984375 0.728125 0.0078125 0.0125
16 0.93125 0.72734375 0.0078125 0.01328125
16 0.78203125 0.709375 0.01484375 0.00625
16 0.04453125 0.62109375 0.0078125 0.0125
16 0.78125 0.715625 0.01484375 0.00625
2 0.7640625 0.7125 0.0140625 0.00625
16 0.85703125 0.72890625 0.0140625 0.00625
2 0.18671875 0.646875 0.00859375 0.0140625
16 0.7625 0.71875 0.01484375 0.00625
2 0.80625 0.72421875 0.00859375 0.0125
16 0.7796875 0.7203125 0.01328125 0.00625
2 0.0828125 0.63515625 0.0078125 0.01328125
2 0.70078125 0.7125 0.01640625 0.00703125
2 0.27109375 0.66015625 0.009375 0.01328125
16 0.9359375 0.74296875 0.00859375 0.01171875
16 0.928125 0.7421875 0.00859375 0.01171875
16 0.7609375 0.72265625 0.01640625 0.00625
2 0.421875 0.68125 0.00859375 0.01328125
16 0.04140625 0.634375 0.00546875 0.01171875
16 0.0484375 0.63515625 0.0078125 0.01171875
2 0.77890625 0.7265625 0.015625 0.00625
2 0.95390625 0.7484375 0.00625 0.0140625
2 0.7390625 0.72265625 0.01640625 0.00625
16 0.759375 0.72890625 0.0140625 0.00625
2 0.778125 0.73125 0.01484375 0.00625
16 0.08515625 0.646875 0.0140625 0.00625
2 0.7375 0.72890625 0.0171875 0.00703125
16 0.92421875 0.75390625 0.0078125 0.0109375
16 0.9328125 0.75625 0.00859375 0.01171875
16 0.77578125 0.7375 0.01484375 0.00625
2 0.525 0.70625 0.009375 0.0125
16 0.7578125 0.73671875 0.01640625 0.00625
2 0.88203125 0.75234375 0.01953125 0.00859375
16 0.95 0.76171875 0.00625 0.0125
16 0.73671875 0.73515625 0.01484375 0.00625
16 0.75703125 0.74296875 0.0140625 0.00625
16 0.77578125 0.74609375 0.0203125 0.00859375
2 0.88203125 0.76015625 0.0171875 0.0078125
16 0.68984375 0.73828125 0.015625 0.00625
2 0.70625 0.73984375 0.01640625 0.00625
2 0.7765625 0.75234375 0.01640625 0.00625
20 0.52265625 0.0078125 0.1015625 0.015625
16 0.6890625 0.74296875 0.01484375 0.00546875
16 0.9421875 0.77421875 0.0078125 0.0125
2 0.70546875 0.7453125 0.0171875 0.00703125
2 0.934375 0.77421875 0.00859375 0.0125
16 0.92734375 0.7734375 0.00859375 0.01171875
16 0.9484375 0.7765625 0.0046875 0.0109375
16 0.73515625 0.7515625 0.01640625 0.00625
16 0.03125 0.66640625 0.0078125 0.0125
16 0.0375 0.6671875 0.00859375 0.01171875
16 0.04453125 0.66796875 0.00859375 0.01171875
16 0.73359375 0.75703125 0.01640625 0.00625
16 0.7125 0.76015625 0.015625 0.00625
16 0.7515625 0.76484375 0.01484375 0.0046875
20 0.93203125 0.78828125 0.02265625 0.015625
16 0.01953125 0.67734375 0.009375 0.0140625
16 0.75 0.76953125 0.01484375 0.00546875
16 0.8859375 0.78984375 0.01640625 0.00625
16 0.74921875 0.77578125 0.015625 0.00625
16 0.8171875 0.7875 0.00859375 0.01171875
16 0.6859375 0.77109375 0.0171875 0.0078125
16 0.68359375 0.77578125 0.01640625 0.00625
20 0.88203125 0.8015625 0.02265625 0.01640625
20 0.9015625 0.80390625 0.02109375 0.01796875
20 0.01171875 0.69453125 0.0234375 0.034375
16 0.690625 0.78671875 0.0078125 0.0125
16 0.90390625 0.81796875 0.009375 0.01171875
16 0.89453125 0.81796875 0.0078125 0.01171875
16 0.02734375 0.7171875 0.009375 0.01328125
2 0.90078125 0.83125 0.00859375 0.01171875
2 0.8828125 0.82890625 0.01640625 0.00625
20 0.00859375 0.72578125 0.01640625 0.034375
9 0.8671875 0.84921875 0.04765625 0.03984375
16 0.8546875 0.875 0.00859375 0.01171875
2 0.84609375 0.87421875 0.0078125 0.01328125
16 0.86015625 0.8765625 0.0078125 0.0125
16 0.47734375 0.84921875 0.0140625 0.00625
2 0.04453125 0.79921875 0.0171875 0.00625
2 0.4765625 0.85390625 0.01640625 0.00703125
16 0.603125 0.87109375 0.0140625 0.00625
16 0.04296875 0.80390625 0.015625 0.00625
2 0.5859375 0.87265625 0.0171875 0.00703125
16 0.60234375 0.875 0.0140625 0.00625
9 0.01640625 0.80390625 0.0328125 0.02578125
16 0.6234375 0.8796875 0.01640625 0.00625
16 0.04140625 0.8109375 0.01640625 0.00625
16 0.62109375 0.88515625 0.0140625 0.00546875
2 0.6015625 0.8828125 0.01640625 0.00703125
2 0.03984375 0.8171875 0.01640625 0.00625
16 0.6 0.88828125 0.01484375 0.00625
16 0.6203125 0.89140625 0.015625 0.00703125
16 0.5984375 0.89296875 0.0140625 0.00625
16 0.83203125 0.92578125 0.00703125 0.01171875
16 0.671875 0.90703125 0.00859375 0.0125
16 0.66484375 0.90625 0.00859375 0.01171875
16 0.85234375 0.9296875 0.00859375 0.01171875
2 0.8390625 0.928125 0.0078125 0.01328125
16 0.8453125 0.92890625 0.00859375 0.01171875
16 0.59765625 0.89921875 0.01484375 0.00625
16 0.58203125 0.91328125 0.01484375 0.00546875
16 0.60859375 0.91640625 0.01640625 0.00703125
2 0.58125 0.91875 0.0171875 0.0078125
2 0.60546875 0.928125 0.01640625 0.00703125
16 0.60625 0.93515625 0.02109375 0.009375
16 0.5125 0.934375 0.00703125 0.01171875
16 0.50625 0.934375 0.00625 0.0109375
16 0.5546875 0.940625 0.00703125 0.0109375
2 0.49921875 0.934375 0.009375 0.01328125
16 0.56171875 0.9421875 0.0078125 0.01328125
16 0.540625 0.93984375 0.00703125 0.0125
16 0.003125 0.875 0.00625 0.00625
16 0.8359375 0.98203125 0.01640625 0.00625
2 0.86875 0.98671875 0.0171875 0.00703125
16 0.77578125 0.975 0.0078125 0.01171875
16 0.85234375 0.98515625 0.0140625 0.00625
2 0.003125 0.88046875 0.00546875 0.00703125
16 0.56328125 0.953125 0.0125 0.00625
2 0.77265625 0.98828125 0.00703125 0.0125
2 0.76484375 0.98828125 0.00859375 0.01328125
9 0.0109375 0.8953125 0.021875 0.03125
16 0.6625 0.98203125 0.00703125 0.01171875
16 0.66953125 0.9828125 0.00859375 0.01171875
2 0.31640625 0.95078125 0.01484375 0.00703125
9 0.28359375 0.94921875 0.04609375 0.03125
16 0.25546875 0.946875 0.0078125 0.01171875
2 0.24765625 0.946875 0.00703125 0.0125
16 0.3140625 0.95546875 0.01328125 0.00625
16 0.33125 0.9578125 0.01328125 0.00546875
16 0.33046875 0.96328125 0.0140625 0.00625
16 0.3140625 0.9609375 0.01328125 0.00625
20 0.5984375 0.99375 0.02265625 0.0109375
20 0.61953125 0.9953125 0.02265625 0.0078125
20 0.640625 0.996875 0.02421875 0.00546875
16 0.559375 0.99296875 0.009375 0.0140625
16 0.575 0.99453125 0.0078125 0.01015625
16 0.58359375 0.9953125 0.0078125 0.00859375
4 0.6625 0.99453125 0.02890625 0.01015625
16 0.24765625 0.9578125 0.0140625 0.00703125
16 0.3296875 0.96875 0.0140625 0.00625
16 0.3125 0.9671875 0.0140625 0.00625
4 0.125 0.9421875 0.225 0.06171875
2 0.271875 0.00546875 0.015625 0.00625
2 0.15234375 0.00234375 0.01640625 0.0046875
16 0.128125 0.003125 0.0140625 0.00625
2 0.11015625 0.00234375 0.0171875 0.0046875
16 0.2671875 0.03125 0.01484375 0.0078125
20 0.2453125 0.03125 0.021875 0.0171875
9 0.17421875 0.02578125 0.03984375 0.040625
16 0.26484375 0.0375 0.01484375 0.00625
2 0.2 0.03671875 0.015625 0.00625
2 0.24921875 0.04609375 0.00859375 0.0125
2 0.1984375 0.0421875 0.01640625 0.00546875
16 0.259375 0.05859375 0.01640625 0.00625
16 0.2625 0.06875 0.00703125 0.0109375
16 0.2609375 0.08203125 0.00859375 0.01171875
16 0.2484375 0.090625 0.01484375 0.00546875
16 0.2296875 0.0890625 0.015625 0.00625
9 0.1609375 0.084375 0.03515625 0.015625
16 0.246875 0.09609375 0.0125 0.00625
16 0.24609375 0.1015625 0.01484375 0.00703125
2 0.16875 0.09375 0.01640625 0.00625
2 0.1484375 0.0921875 0.01640625 0.00625
16 0.24609375 0.10703125 0.0140625 0.00625
16 0.228125 0.1046875 0.015625 0.00625
16 0.228125 0.11015625 0.0140625 0.00625
16 0.24296875 0.11171875 0.0125 0.00625
16 0.2265625 0.115625 0.01484375 0.00546875
16 0.24296875 0.11796875 0.0140625 0.00625
16 0.2203125 0.1203125 0.015625 0.00546875
2 0.24375 0.1234375 0.01640625 0.00625
16 0.23125 0.12578125 0.00703125 0.0109375
16 0.21875 0.12578125 0.01484375 0.00625
2 0.24296875 0.12890625 0.01484375 0.00546875
9 0.15703125 0.12578125 0.040625 0.03984375
2 0.209375 0.1375 0.00859375 0.0125
2 0.2375 0.15390625 0.01484375 0.00625
20 0.2171875 0.1578125 0.0234375 0.01640625
2 0.23671875 0.16015625 0.01640625 0.0046875
16 0.23515625 0.16484375 0.01328125 0.00625
16 0.2140625 0.16796875 0.01640625 0.00625
16 0.2328125 0.1703125 0.01328125 0.00625
9 0.14765625 0.16484375 0.04140625 0.0390625
2 0.21328125 0.17265625 0.01640625 0.00625
2 0.2328125 0.17578125 0.0140625 0.00625
16 0.2125 0.17890625 0.01484375 0.00625
16 0.2296875 0.18125 0.015625 0.00625
16 0.2296875 0.18671875 0.01328125 0.00546875
16 0.234375 0.196875 0.00703125 0.01015625
16 0.23203125 0.209375 0.00625 0.01171875
9 0.1375 0.24609375 0.06796875 0.05390625
2 0.08671875 0.25078125 0.01640625 0.0078125