20 0.378125 0.45703125 0.00859375 0.01015625
15 0.365625 0.46015625 0.00234375 0.009375
15 0.36015625 0.46015625 0.00546875 0.0125
1 0.66328125 0.46171875 0.00703125 0.0046875
1 0.71015625 0.46171875 0.00234375 0.00859375
1 0.6203125 0.4671875 0.00390625 0.00859375
1 0.61484375 0.46875 0.00390625 0.01015625
1 0.728125 0.4703125 0.00546875 0.003125
15 0.42421875 0.471875 0.01015625 0.00703125
1 0.303125 0.471875 0.02734375 0.03828125
15 0.365625 0.4734375 0.00625 0.0125
1 0.371875 0.4734375 0.00546875 0.01171875
1 0.10703125 0.4734375 0.03046875 0.03359375
15 0.36015625 0.47421875 0.003125 0.00859375
1 0.45859375 0.475 0.03359375 0.03671875
15 0.42421875 0.47890625 0.01015625 0.00625
15 0.43671875 0.48515625 0.0109375 0.00625
15 0.42421875 0.4859375 0.0109375 0.00625
1 0.5984375 0.49375 0.00546875 0.0046875
15 0.4359375 0.49375 0.01015625 0.00546875
15 0.42421875 0.49453125 0.0109375 0.00703125
9 0.3703125 0.49765625 0.0203125 0.0140625
15 0.43671875 0.50234375 0.0109375 0.00625
15 0.425 0.503125 0.0109375 0.0078125
1 0.22890625 0.509375 0.01171875 0.009375
1 0.1625 0.51171875 0.01171875 0.00859375
15 0.5765625 0.5125 0.00703125 0.0140625
1 0.58359375 0.5125 0.00625 0.01328125
1 0.56875 0.51328125 0.003125 0.00859375
1 0.18203125 0.51640625 0.01015625 0.00703125
9 0.9609375 0.5171875 0.01328125 0.028125
15 0.35703125 0.5203125 0.00546875 0.0140625
15 0.42421875 0.5203125 0.00859375 0.00546875
15 0.38125 0.521875 0.00625 0.01328125
9 0.903125 0.5234375 0.01875 0.015625
1 0.590625 0.528125 0.00703125 0.01171875
1 0.55625 0.528125 0.003125 0.0078125
15 0.5640625 0.528125 0.00546875 0.0125
15 0.55078125 0.528125 0.00625 0.0140625
1 0.56953125 0.52890625 0.00703125 0.01328125
1 0.5828125 0.528125 0.00703125 0.01484375
1 0.9171875 0.5296875 0.00234375 0.0078125
15 0.425 0.53203125 0.01015625 0.0078125
1 0.38203125 0.5375 0.00859375 0.00390625
1 0.87421875 0.53828125 0.003125 0.0109375
15 0.42421875 0.5390625 0.01015625 0.00625
15 0.38046875 0.54453125 0.0109375 0.00625
15 0.56015625 0.54921875 0.0078125 0.00390625
1 0.38125 0.55078125 0.0109375 0.00625
1 0.9484375 0.55390625 0.00390625 0.00703125
20 0.959375 0.5546875 0.00859375 0.0109375
1 0.97578125 0.5546875 0.003125 0.0078125
1 0.8734375 0.5546875 0.00390625 0.00703125
1 0.78984375 0.5546875 0.00234375 0.0078125
1 0.9375 0.55546875 0.0015625 0.0078125
1 0.8171875 0.55546875 0.00234375 0.0109375
1 0.82265625 0.55625 0.00234375 0.0078125
1 0.82890625 0.55703125 0.003125 0.0078125
1 0.42734375 0.55703125 0.01015625 0.00625
1 0.884375 0.55703125 0.003125 0.009375
15 0.38046875 0.5578125 0.0109375 0.00625
1 0.83671875 0.5578125 0.0046875 0.01015625
15 0.43984375 0.56328125 0.0125 0.00703125
15 0.5625 0.56484375 0.00234375 0.00859375
15 0.575 0.56484375 0.003125 0.00703125
15 0.38125 0.56484375 0.009375 0.00546875
1 0.56875 0.565625 0.00546875 0.0140625
15 0.55546875 0.565625 0.003125 0.01015625
15 0.546875 0.56640625 0.00625 0.0125
15 0.540625 0.56640625 0.00625 0.01328125
15 0.53359375 0.56640625 0.00625 0.01328125
1 0.7671875 0.5671875 0.003125 0.0109375
1 0.271875 0.56796875 0.00625 0.0125
1 0.2484375 0.56796875 0.00546875 0.01328125
1 0.2546875 0.56875 0.00703125 0.0140625
1 0.29609375 0.56953125 0.01171875 0.01875
1 0.24296875 0.56953125 0.0078125 0.0140625
1 0.7734375 0.5703125 0.00234375 0.01015625
1 0.78359375 0.5703125 0.003125 0.00703125
15 0.4390625 0.56953125 0.01171875 0.00625
15 0.38203125 0.571875 0.009375 0.00625
1 0.23203125 0.57265625 0.01171875 0.01953125
1 0.4390625 0.57734375 0.0125 0.00859375
20 0.03984375 0.578125 0.0109375 0.01171875
1 0.38125 0.57890625 0.01015625 0.00703125
1 0.33984375 0.57890625 0.00625 0.0140625
1 0.3515625 0.57890625 0.0046875 0.01640625
1 0.34609375 0.57890625 0.00546875 0.0140625
1 0.3578125 0.5796875 0.00625 0.01484375
20 0.05390625 0.5796875 0.01328125 0.01796875
1 0.5625 0.5796875 0.00546875 0.01328125
1 0.56875 0.58046875 0.00625 0.01484375
1 0.3 0.58671875 0.00625 0.0125
1 0.29296875 0.58828125 0.0078125 0.01484375
15 0.484375 0.58828125 0.009375 0.003125
1 0.278125 0.58828125 0.00703125 0.0140625
15 0.26015625 0.5890625 0.00625 0.01640625
1 0.49453125 0.59140625 0.00625 0.015625
9 0.0921875 0.5921875 0.06015625 0.07265625
15 0.56875 0.5921875 0.003125 0.0078125
15 0.5625 0.59296875 0.00390625 0.00859375
1 0.5453125 0.59453125 0.02734375 0.0359375
15 0.48359375 0.5953125 0.00546875 0.00390625
20 0.040625 0.596875 0.0125 0.0203125
20 0.053125 0.596875 0.01328125 0.0171875
1 0.35546875 0.60390625 0.00546875 0.01171875
1 0.35 0.6046875 0.00625 0.0140625
1 0.37421875 0.6078125 0.03125 0.03671875
1 0.56953125 0.6078125 0.00703125 0.0125
1 0.2296875 0.6140625 0.0078125 0.0046875
15 0.0265625 0.615625 0.01171875 0.00546875
15 0.0265625 0.621875 0.01015625 0.0046875
1 0.94609375 0.6234375 0.03203125 0.03671875
20 0.040625 0.62421875 0.01328125 0.01484375
1 0.546875 0.63203125 0.03203125 0.0328125
15 0.1125 0.63828125 0.01171875 0.0078125
15 0.09765625 0.63828125 0.01015625 0.00859375
15 0.0578125 0.6390625 0.01015625 0.00703125
1 0.084375 0.6390625 0.01328125 0.00859375
20 0.040625 0.6421875 0.01171875 0.0203125
15 0.18828125 0.64296875 0.0046875 0.00390625
1 0.35625 0.64375 0.009375 0.00390625
9 0.48671875 0.64375 0.01796875 0.02265625
1 0.340625 0.64375 0.01171875 0.0046875
1 0.11015625 0.64609375 0.01328125 0.009375
1 0.3421875 0.65 0.01171875 0.00703125
1 0.35546875 0.65 0.00859375 0.00625
15 0.225 0.65390625 0.0078125 0.00390625
15 0.34296875 0.6578125 0.00703125 0.00234375
15 0.35390625 0.6578125 0.0046875 0.0015625
1 0.94609375 0.659375 0.02578125 0.0390625
1 0.4375 0.66328125 0.025 0.03046875
1 0.840625 0.6640625 0.0296875 0.0328125
1 0.34296875 0.66484375 0.00625 0.00234375
15 0.39140625 0.0671875 0.00546875 0.0015625
1 0.190625 0.66953125 0.00625 0.00390625
1 0.34140625 0.67109375 0.00625 0.003125
1 0.40390625 0.0671875 0.00859375 0.00546875
15 0.33125 0.06796875 0.0078125 0.0046875
1 0.34296875 0.06796875 0.0078125 0.00546875
15 0.21796875 0.68046875 0.0046875 0.003125
1 0.90625 0.69140625 0.003125 0.00703125
15 0.89453125 0.6921875 0.00390625 0.01015625
15 0.21953125 0.6921875 0.00546875 0.00234375
15 0.84609375 0.6921875 0.0015625 0.0078125
1 0.50078125 0.6921875 0.02265625 0.02890625
15 0.75390625 0.6921875 0.003125 0.0078125
15 0.875 0.6921875 0.00234375 0.0078125
15 0.853125 0.6921875 0.00234375 0.00859375
15 0.65234375 0.69296875 0.00234375 0.00703125
15 0.78046875 0.69296875 0.003125 0.00859375
1 0.9 0.69296875 0.00390625 0.00859375
15 0.74765625 0.69375 0.003125 0.00859375
15 0.66953125 0.69375 0.0015625 0.00625
15 0.63046875 0.69375 0.00234375 0.0078125
15 0.77421875 0.69375 0.003125 0.009375
15 0.55078125 0.69375 0.0015625 0.00703125
15 0.6625 0.69375 0.00234375 0.00859375
15 0.6578125 0.69453125 0.0015625 0.009375
15 0.20625 0.69375 0.00625 0.00234375
15 0.6265625 0.69453125 0.0015625 0.00703125
15 0.6015625 0.69453125 0.003125 0.0078125
15 0.34375 0.6953125 0.00546875 0.00390625
15 0.55546875 0.6953125 0.00234375 0.01015625
15 0.54453125 0.6953125 0.0015625 0.0078125
15 0.60625 0.6953125 0.00234375 0.0078125
15 0.72421875 0.69609375 0.0015625 0.0078125
15 0.6921875 0.696875 0.0015625 0.00703125
15 0.6875 0.696875 0.00234375 0.00703125
15 0.68046875 0.6984375 0.0015625 0.009375
15 0.21875 0.6984375 0.00546875 0.00234375
15 0.675 0.6984375 0.00234375 0.009375
15 0.20625 0.70234375 0.00703125 0.0046875
15 0.4265625 0.703125 0.0078125 0.00390625
15 0.43984375 0.70390625 0.00546875 0.00234375
15 0.21953125 0.7046875 0.00546875 0.00234375
15 0.20546875 0.70859375 0.0046875 0.00234375
15 0.440625 0.71015625 0.00625 0.00234375
15 0.42578125 0.71015625 0.00546875 0.0015625
15 0.2203125 0.71328125 0.00546875 0.00390625
15 0.20546875 0.7140625 0.00703125 0.003125
1 0.43984375 0.71640625 0.00859375 0.00390625
15 0.428125 0.71796875 0.0078125 0.00390625
1 0.26015625 0.071875 0.0046875 0.0125
15 0.21953125 0.71953125 0.0078125 0.00546875
15 0.20546875 0.72109375 0.00703125 0.00390625
1 0.24765625 0.07265625 0.00390625 0.01171875
1 0.25390625 0.07265625 0.0046875 0.01171875
1 0.2640625 0.07265625 0.0046875 0.0125
1 0.04921875 0.72265625 0.00234375 0.0078125
15 0.07265625 0.72265625 0.00234375 0.00703125
15 0.0828125 0.72421875 0.0046875 0.009375
1 0.078125 0.72421875 0.00390625 0.01171875
1 0.425 0.725 0.00546875 0.00390625
15 0.43984375 0.72578125 0.00703125 0.00390625
15 0.21953125 0.7265625 0.00625 0.00390625
15 0.28515625 0.7265625 0.00234375 0.00625
1 0.290625 0.72734375 0.003125 0.0078125
1 0.2421875 0.07265625 0.0046875 0.0109375
1 0.27578125 0.07265625 0.0046875 0.01328125
15 0.27421875 0.728125 0.00234375 0.00859375
15 0.2796875 0.728125 0.00234375 0.00859375
1 0.19453125 0.72890625 0.00546875 0.003125
15 0.2078125 0.7296875 0.00625 0.003125
1 0.17265625 0.73046875 0.0234375 0.02578125
1 0.07734375 0.0734375 0.003125 0.00859375
1 0.43984375 0.7328125 0.00546875 0.003125
15 0.3515625 0.73359375 0.003125 0.00859375
15 0.3453125 0.734375 0.0015625 0.00625
15 0.2203125 0.734375 0.00546875 0.003125
15 0.3328125 0.73515625 0.00390625 0.0078125
15 0.33984375 0.73515625 0.00234375 0.009375
1 0.14765625 0.7359375 0.00234375 0.009375
1 0.0890625 0.0734375 0.003125 0.009375
15 0.0828125 0.07421875 0.003125 0.0078125
1 0.240625 0.7390625 0.00546875 0.01015625
1 0.22109375 0.740625 0.0109375 0.00390625
1 0.390625 0.07421875 0.00703125 0.00390625
1 0.440625 0.74140625 0.00703125 0.00390625
1 0.05859375 0.74453125 0.02109375 0.0234375
15 0.33203125 0.07578125 0.0078125 0.0046875
1 0.2046875 0.7515625 0.009375 0.01328125
15 0.34375 0.07578125 0.00625 0.00390625
15 0.18359375 0.76171875 0.00625 0.00390625
15 0.19609375 0.7625 0.00546875 0.003125
1 0.2078125 0.7671875 0.00390625 0.009375
1 0.184375 0.76875 0.00625 0.0046875
15 0.196875 0.7703125 0.00546875 0.003125
1 0.184375 0.7765625 0.0046875 0.00234375
1 0.184375 0.7859375 0.00546875 0.003125
15 0.2796875 0.796875 0.01171875 0.01328125
15 0.18203125 0.8046875 0.00390625 0.009375
1 0.05703125 0.8125 0.0234375 0.02421875
1 0.40234375 0.08125 0.00859375 0.00390625
15 0.34375 0.0828125 0.00703125 0.003125
1 0.16640625 0.83671875 0.0109375 0.0046875
1 0.1109375 0.8390625 0.015625 0.0046875
1 0.14921875 0.83984375 0.0140625 0.00859375
1 0.13984375 0.084375 0.0078125 0.00390625
1 0.03125 0.840625 0.00703125 0.00546875
1 0.165625 0.84453125 0.0078125 0.0046875
1 0.109375 0.84609375 0.00703125 0.003125
1 0.91484375 0.8578125 0.00703125 0.00703125
15 0.17578125 0.8609375 0.00546875 0.0046875
1 0.0921875 0.86796875 0.00546875 0.003125
1 0.9375 0.86796875 0.009375 0.0078125
15 0.0796875 0.875 0.00859375 0.02109375
15 0.09296875 0.87578125 0.00625 0.00390625
1 0.515625 0.87890625 0.03046875 0.0328125
15 0.09140625 0.8828125 0.00625 0.00234375
15 0.0921875 0.8890625 0.0046875 0.00234375
1 0.8875 0.890625 0.00625 0.00703125
1 0.784375 0.8921875 0.00390625 0.00859375
1 0.9046875 0.8921875 0.00390625 0.01328125
1 0.8984375 0.8921875 0.0046875 0.01171875
1 0.85234375 0.8921875 0.00390625 0.0078125
1 0.771875 0.89296875 0.00625 0.0125
1 0.87421875 0.89296875 0.003125 0.0078125
1 0.9109375 0.89296875 0.0046875 0.015625
1 0.8078125 0.89296875 0.00390625 0.009375
1 0.74296875 0.89296875 0.0046875 0.0078125
1 0.82890625 0.89375 0.00390625 0.00859375
1 0.83984375 0.89375 0.00390625 0.0078125
1 0.66953125 0.89375 0.0078125 0.0171875
1 0.0640625 0.89375 0.01328125 0.00703125
1 0.86484375 0.89375 0.00234375 0.00859375
1 0.05078125 0.89375 0.00625 0.0046875
1 0.81796875 0.89375 0.00234375 0.00859375
1 0.71953125 0.89453125 0.00390625 0.00703125
1 0.7609375 0.89453125 0.0078125 0.01171875
1 0.7953125 0.89453125 0.00703125 0.01171875
1 0.70703125 0.89453125 0.00234375 0.0140625
1 0.63671875 0.89453125 0.00625 0.01484375
1 0.6015625 0.8953125 0.00625 0.0125
1 0.65703125 0.8953125 0.00546875 0.0125
1 0.74921875 0.8953125 0.00859375 0.01171875
15 0.0921875 0.8953125 0.0046875 0.00234375
1 0.56953125 0.8953125 0.00546875 0.0109375
1 0.578125 0.8953125 0.0078125 0.0140625
1 0.61328125 0.8953125 0.00703125 0.015625
1 0.546875 0.8953125 0.00390625 0.01484375
1 0.5578125 0.89609375 0.003125 0.0125
9 0.93125 0.89609375 0.015625 0.0203125
1 0.646875 0.896875 0.00390625 0.015625
1 0.5890625 0.896875 0.00703125 0.01484375
1 0.06484375 0.90078125 0.00703125 0.003125
1 0.11875 0.90078125 0.00859375 0.00234375
15 0.09296875 0.9015625 0.0046875 0.00234375
1 0.065625 0.90859375 0.009375 0.00390625
1 0.71953125 0.91015625 0.015625 0.015625
15 0.40234375 0.09140625 0.0046875 0.00390625
15 0.3453125 0.09140625 0.00625 0.00546875
1 0.69296875 0.91171875 0.02890625 0.03203125
1 0.73203125 0.9125 0.00390625 0.003125
1 0.7875 0.9125 0.00859375 0.003125
1 0.065625 0.91484375 0.01015625 0.00703125
1 0.87109375 0.915625 0.02734375 0.03125
15 0.39140625 0.09140625 0.0078125 0.00546875
1 0.90390625 0.921875 0.0296875 0.028125
15 0.053125 0.928125 0.009375 0.00390625
20 0.81328125 0.9296875 0.00859375 0.00859375
15 0.43359375 0.93125 0.00859375 0.003125
1 0.70703125 0.9328125 0.009375 0.01328125
1 0.7875 0.93515625 0.0125 0.00546875
1 0.05234375 0.9359375 0.0078125 0.00546875
20 0.68125 0.93671875 0.00546875 0.0109375
15 0.71953125 0.93828125 0.00546875 0.00234375
1 0.73125 0.93828125 0.0109375 0.00625
9 0.759375 0.9421875 0.02421875 0.0546875
15 0.19765625 0.94296875 0.0015625 0.00703125
15 0.19296875 0.94375 0.0015625 0.00703125
15 0.09609375 0.94453125 0.00234375 0.00625
15 0.1546875 0.94609375 0.0078125 0.0046875
1 0.73046875 0.946875 0.0078125 0.00234375
15 0.71875 0.946875 0.00546875 0.003125
1 0.78671875 0.946875 0.01015625 0.00703125
1 0.05546875 0.94765625 0.01171875 0.00703125
1 0.93359375 0.9484375 0.00859375 0.015625
15 0.68046875 0.95 0.00546875 0.00234375
1 0.05234375 0.953125 0.0125 0.00703125
1 0.69921875 0.95390625 0.01640625 0.01953125
15 0.678125 0.95625 0.00625 0.00234375
15 0.90390625 0.9578125 0.0046875 0.00859375
20 0.15234375 0.9578125 0.00859375 0.01171875
20 0.20703125 0.959375 0.00703125 0.0109375
15 0.16953125 0.959375 0.0015625 0.009375
15 0.1421875 0.959375 0.0015625 0.0078125
20 0.190625 0.959375 0.00625 0.01171875
15 0.1640625 0.959375 0.003125 0.0078125
15 0.18125 0.959375 0.00234375 0.009375
15 0.11328125 0.959375 0.00234375 0.0078125
15 0.13046875 0.959375 0.00234375 0.00859375
15 0.1078125 0.96015625 0.0015625 0.00703125
15 0.1359375 0.96015625 0.00234375 0.00703125
15 0.08984375 0.96015625 0.0015625 0.00859375
15 0.10078125 0.96015625 0.00234375 0.0078125
15 0.125 0.96015625 0.003125 0.0078125
1 0.09609375 0.9609375 0.00234375 0.00859375
15 0.11875 0.9609375 0.003125 0.009375
15 0.690625 0.96484375 0.00625 0.00234375
15 0.6796875 0.96484375 0.00625 0.003125
1 0.7328125 0.9671875 0.01171875 0.0078125
1 0.92890625 0.96796875 0.01015625 0.0109375
15 0.42890625 0.96875 0.00859375 0.00390625
1 0.8890625 0.9703125 0.0078125 0.0046875
15 0.440625 0.97109375 0.00703125 0.00390625
1 0.90078125 0.97109375 0.00703125 0.0046875
15 0.6796875 0.97109375 0.00546875 0.00234375
15 0.69140625 0.97109375 0.0078125 0.00234375
20 0.94765625 0.97109375 0.01796875 0.0234375
20 0.21015625 0.97421875 0.00703125 0.00703125
15 0.42890625 0.978125 0.00859375 0.003125
15 0.4390625 0.97890625 0.00703125 0.003125
15 0.44296875 0.98515625 0.01015625 0.00390625
15 0.21875 0.9875 0.00546875 0.00390625
15 0.20703125 0.98828125 0.00625 0.00546875
15 0.40546875 0.0984375 0.01015625 0.00546875
15 0.3921875 0.1 0.00859375 0.00390625
15 0.38984375 0.10546875 0.00390625 0.0015625
15 0.403125 0.10703125 0.00703125 0.003125
1 0.30234375 0.109375 0.0109375 0.00625
1 0.2765625 0.11171875 0.01328125 0.01796875
1 0.20078125 0.11328125 0.0140625 0.00703125
15 0.046875 0.1140625 0.00703125 0.00390625
1 0.0609375 0.115625 0.0125 0.00546875
15 0.178125 0.11640625 0.00703125 0.0046875
1 0.28984375 0.1171875 0.01171875 0.00546875
1 0.303125 0.1171875 0.01015625 0.00859375
1 0.2171875 0.11875 0.0140625 0.01328125
1 0.85390625 0.11953125 0.00546875 0.01015625
15 0.06015625 0.12265625 0.00625 0.00390625
1 0.290625 0.12421875 0.01015625 0.0078125
1 0.30234375 0.12421875 0.0109375 0.00625
1 0.17890625 0.125 0.00703125 0.00390625
15 0.0609375 0.12890625 0.00625 0.00234375
9 0.83984375 0.13046875 0.01640625 0.0171875
1 0.290625 0.13046875 0.00625 0.003125
1 0.3015625 0.13203125 0.00625 0.00390625
1 0.22734375 0.134375 0.015625 0.01640625
9 0.12578125 0.134375 0.08203125 0.05859375
15 0.06015625 0.13671875 0.00390625 0.00234375
1 0.2609375 0.13671875 0.003125 0.01015625
1 0.32734375 0.1375 0.01171875 0.00703125
15 0.31484375 0.1375 0.01171875 0.00703125
1 0.27890625 0.13828125 0.00390625 0.01015625
1 0.29140625 0.1375 0.00625 0.00390625
1 0.27265625 0.13828125 0.003125 0.00859375
1 0.30234375 0.13828125 0.00625 0.00234375
1 0.2671875 0.13828125 0.00234375 0.00703125
1 0.25625 0.13828125 0.00625 0.01640625
1 0.24453125 0.13828125 0.00625 0.01328125
15 0.25078125 0.1390625 0.00625 0.01484375
1 0.30234375 0.14296875 0.0046875 0.00234375
15 0.0609375 0.14375 0.00703125 0.0046875
1 0.17890625 0.14375 0.01171875 0.01015625
1 0.32734375 0.14453125 0.0109375 0.00703125
15 0.31484375 0.14453125 0.01171875 0.0078125
1 0.290625 0.1453125 0.00625 0.003125
1 0.91796875 0.14765625 0.00390625 0.00703125
20 0.8953125 0.1484375 0.00703125 0.01328125
1 0.87109375 0.14921875 0.003125 0.00859375
15 0.06171875 0.14921875 0.00703125 0.003125
1 0.85234375 0.15 0.003125 0.0078125
1 0.84375 0.15078125 0.00625 0.00390625
15 0.27578125 0.1546875 0.0046875 0.0125
15 0.2828125 0.15546875 0.00546875 0.01171875
15 0.2703125 0.15625 0.003125 0.009375
15 0.0609375 0.15703125 0.00703125 0.00390625
1 0.91015625 0.16640625 0.00390625 0.009375
1 0.85859375 0.1671875 0.00234375 0.00703125
1 0.840625 0.1671875 0.003125 0.00703125
1 0.8859375 0.1671875 0.003125 0.00703125
1 0.85234375 0.16796875 0.003125 0.00625
1 0.86875 0.16796875 0.00234375 0.00546875
1 0.834375 0.16875 0.0015625 0.0078125
15 0.06015625 0.16953125 0.00546875 0.003125
15 0.071875 0.1703125 0.00546875 0.003125
15 0.0609375 0.17734375 0.00703125 0.00390625
15 0.0734375 0.178125 0.00546875 0.00390625
1 0.09375 0.18046875 0.0140625 0.02109375
1 0.7015625 0.18125 0.0296875 0.0421875
1 0.13515625 0.18046875 0.00703125 0.01484375
9 0.79453125 0.18359375 0.01875 0.01640625
20 0.8640625 0.184375 0.00546875 0.0078125
15 0.07265625 0.184375 0.00703125 0.00234375
20 0.878125 0.18515625 0.00625 0.0109375
20 0.89296875 0.18515625 0.0078125 0.009375
20 0.90703125 0.1859375 0.00859375 0.01015625
1 0.83515625 0.1859375 0.003125 0.0078125
1 0.853125 0.18671875 0.00390625 0.01015625
1 0.828125 0.1875 0.0015625 0.00859375
1 0.6484375 0.1875 0.003125 0.00703125
15 0.6421875 0.1890625 0.00234375 0.00859375
1 0.81484375 0.1890625 0.00234375 0.00859375
15 0.828125 0.1984375 0.00234375 0.01015625
15 0.834375 0.1984375 0.00234375 0.01015625
20 0.92890625 0.203125 0.009375 0.01171875
1 0.73359375 0.203125 0.02734375 0.03125
1 0.94921875 0.20390625 0.003125 0.0109375
1 0.6046875 0.20390625 0.00625 0.00390625
15 0.94140625 0.20390625 0.003125 0.00859375
15 0.821875 0.20546875 0.003125 0.0078125
1 0.80703125 0.20625 0.003125 0.009375
15 0.8421875 0.20703125 0.003125 0.01015625
15 0.815625 0.20703125 0.0015625 0.01015625
15 0.85390625 0.20703125 0.003125 0.0078125
1 0.4140625 0.20703125 0.01171875 0.0078125
15 0.84765625 0.20703125 0.003125 0.00859375
15 0.8609375 0.20703125 0.00234375 0.0078125
1 0.4 0.2078125 0.01171875 0.0078125
1 0.3875 0.2078125 0.01171875 0.0078125
1 0.78984375 0.20859375 0.003125 0.01015625
1 0.603125 0.209375 0.00625 0.00390625
9 0.5859375 0.2109375 0.00625 0.0140625
15 0.43984375 0.21328125 0.0109375 0.00625
1 0.3875 0.21484375 0.01015625 0.00703125
1 0.1 0.21484375 0.028125 0.04453125
15 0.6046875 0.2171875 0.00859375 0.00390625
15 0.440625 0.21953125 0.0125 0.00703125
1 0.45234375 0.21953125 0.01171875 0.00703125
15 0.85390625 0.2203125 0.003125 0.00703125
15 0.84921875 0.2203125 0.0015625 0.0078125
15 0.86015625 0.2203125 0.003125 0.00703125
15 0.91875 0.22109375 0.00078125 0.0078125
15 0.946875 0.22109375 0.0015625 0.0078125
15 0.9421875 0.22109375 0.00078125 0.00859375
15 0.375 0.22109375 0.009375 0.00625
15 0.93671875 0.22109375 0.0015625 0.00859375
15 0.95078125 0.22109375 0.00234375 0.0078125
15 0.821875 0.22109375 0.003125 0.00859375
15 0.925 0.22109375 0.00234375 0.00859375
1 0.8296875 0.221875 0.0015625 0.009375
15 0.3875 0.221875 0.0109375 0.00625
15 0.815625 0.221875 0.003125 0.00859375
1 0.36328125 0.221875 0.00625 0.00546875
15 0.9296875 0.22265625 0.0015625 0.0078125
1 0.83515625 0.22265625 0.00234375 0.009375
15 0.8421875 0.2234375 0.003125 0.00859375
1 0.80859375 0.22421875 0.0046875 0.015625
1 0.7015625 0.22578125 0.028125 0.040625
1 0.453125 0.2265625 0.01171875 0.00625
15 0.440625 0.22734375 0.01171875 0.0078125
15 0.3875 0.228125 0.00859375 0.003125
1 0.23203125 0.228125 0.03203125 0.04375
15 0.37578125 0.22890625 0.01015625 0.00703125
1 0.3625 0.2296875 0.00703125 0.00390625
20 0.63203125 0.23046875 0.02265625 0.02890625
1 0.453125 0.23359375 0.01171875 0.00703125
1 0.44140625 0.234375 0.01015625 0.00703125
15 0.38671875 0.234375 0.00625 0.00234375
15 0.37578125 0.23515625 0.00703125 0.003125
1 0.36328125 0.2359375 0.0046875 0.003125
15 0.484375 0.24140625 0.00625 0.00390625
1 0.453125 0.24140625 0.0078125 0.00390625
15 0.44140625 0.24140625 0.01015625 0.00703125
9 0.41328125 0.24296875 0.01953125 0.05234375
1 0.17890625 0.24375 0.0078125 0.0046875
20 0.57265625 0.24453125 0.021875 0.03203125
15 0.603125 0.246875 0.00546875 0.00546875
15 0.44140625 0.2484375 0.0109375 0.0078125
1 0.453125 0.2484375 0.0046875 0.003125
1 0.3875 0.24921875 0.01015625 0.00703125
15 0.4796875 0.25078125 0.00625 0.00390625
1 0.16171875 0.25390625 0.0046875 0.00546875
1 0.453125 0.2546875 0.00390625 0.00234375
1 0.44140625 0.25625 0.00859375 0.0046875
15 0.375 0.25703125 0.00546875 0.003125
1 0.5328125 0.25703125 0.034375 0.03359375
1 0.3640625 0.2578125 0.00703125 0.0046875
1 0.48125 0.25859375 0.0046875 0.003125
1 0.45234375 0.2625 0.00625 0.003125
15 0.4421875 0.2625 0.01328125 0.00703125
15 0.60234375 0.26328125 0.00703125 0.0046875
15 0.65078125 0.26484375 0.00390625 0.009375
1 0.37421875 0.26484375 0.00859375 0.00390625
1 0.36328125 0.26484375 0.00625 0.00234375
15 0.45390625 0.26953125 0.0109375 0.00625
15 0.44140625 0.2703125 0.01171875 0.00703125
1 0.70703125 0.27109375 0.02890625 0.03515625
1 0.3625 0.27109375 0.00625 0.0046875
1 0.56953125 0.271875 0.0078125 0.0046875
15 0.3734375 0.271875 0.00703125 0.00390625
1 0.44140625 0.2765625 0.0109375 0.00546875
1 0.65 0.278125 0.0046875 0.009375
15 0.3734375 0.2796875 0.00703125 0.00390625
1 0.603125 0.2796875 0.0078125 0.0046875
1 0.56875 0.2796875 0.00546875 0.00234375
9 0.5859375 0.28046875 0.00625 0.01484375
1 0.1140625 0.28515625 0.0078125 0.0046875
1 0.1796875 0.28671875 0.0078125 0.003125
1 0.565625 0.2875 0.00703125 0.00390625
1 0.46640625 0.28828125 0.01171875 0.00625
15 0.44140625 0.28828125 0.0125 0.00625
15 0.45390625 0.28828125 0.0109375 0.00546875
15 0.428125 0.28828125 0.00859375 0.0046875
1 0.11328125 0.29296875 0.00625 0.00234375
1 0.453125 0.2953125 0.00546875 0.0015625
1 0.4296875 0.2953125 0.0078125 0.00390625
1 0.4421875 0.29609375 0.0046875 0.00234375
1 0.4671875 0.29609375 0.01015625 0.00859375
15 0.1796875 0.29609375 0.00546875 0.003125
1 0.11171875 0.29921875 0.00546875 0.00234375
9 0.49453125 0.30234375 0.04140625 0.07734375
20 0.63125 0.30234375 0.0203125 0.0328125
15 0.46640625 0.30234375 0.00390625 0.003125
15 0.453125 0.30234375 0.00703125 0.003125
1 0.80546875 0.30234375 0.00859375 0.00625
1 0.8609375 0.303125 0.00625 0.00390625
15 0.17890625 0.30390625 0.00625 0.00390625
1 0.84453125 0.3046875 0.0015625 0.00703125
1 0.82421875 0.3046875 0.00234375 0.00703125
1 0.81796875 0.30546875 0.003125 0.00703125
1 0.83359375 0.30546875 0.00234375 0.00546875
1 0.83984375 0.30625 0.003125 0.0078125
1 0.82890625 0.30625 0.003125 0.00625
1 0.45390625 0.309375 0.0078125 0.00546875
15 0.46640625 0.31015625 0.00625 0.003125
1 0.16171875 0.3109375 0.00546875 0.00390625
20 0.5734375 0.31171875 0.02109375 0.02734375
1 0.0953125 0.31171875 0.00703125 0.00390625
1 0.859375 0.3125 0.0078125 0.0046875
1 0.80703125 0.3140625 0.00703125 0.00390625
15 0.60390625 0.315625 0.00703125 0.00546875
15 0.465625 0.315625 0.00546875 0.003125
15 0.45390625 0.31640625 0.00625 0.003125
1 0.7109375 0.3171875 0.02734375 0.02890625
1 0.846875 0.31875 0.003125 0.00546875
1 0.82890625 0.31875 0.003125 0.00703125
1 0.840625 0.31953125 0.0015625 0.00703125
1 0.8171875 0.3203125 0.003125 0.0046875
1 0.83515625 0.31953125 0.003125 0.00625
1 0.8234375 0.3203125 0.003125 0.0078125
1 0.8046875 0.32109375 0.00546875 0.003125
1 0.8640625 0.321875 0.00390625 0.00234375
15 0.45234375 0.32265625 0.0046875 0.00234375
15 0.4671875 0.32265625 0.01015625 0.00625
15 0.38046875 0.32421875 0.01171875 0.00703125
1 0.8046875 0.32734375 0.003125 0.00234375
1 0.86328125 0.32890625 0.00546875 0.00234375
15 0.45390625 0.32890625 0.00546875 0.003125
15 0.4671875 0.3296875 0.0109375 0.00546875
1 0.81484375 0.3296875 0.0046875 0.0015625
15 0.4296875 0.33046875 0.00546875 0.003125
1 0.4421875 0.33125 0.0078125 0.003125
15 0.38046875 0.33203125 0.0109375 0.00703125
1 0.67421875 0.33359375 0.0078125 0.003125
1 0.803125 0.33359375 0.00546875 0.003125
15 0.6015625 0.33359375 0.01015625 0.0046875
15 0.465625 0.33515625 0.00390625 0.003125
1 0.86484375 0.3359375 0.00546875 0.00234375
15 0.45390625 0.33671875 0.00625 0.003125
1 0.815625 0.33671875 0.00546875 0.00234375
15 0.44140625 0.33828125 0.00625 0.00390625
15 0.38125 0.3390625 0.0125 0.00703125
1 0.80390625 0.340625 0.00546875 0.00234375
15 0.465625 0.3421875 0.00546875 0.0015625
1 0.67421875 0.34296875 0.00703125 0.00390625
1 0.8640625 0.34296875 0.00625 0.00234375
1 0.45390625 0.34296875 0.00703125 0.003125
1 0.81640625 0.34375 0.00546875 0.00234375
15 0.4421875 0.34453125 0.00703125 0.00390625
1 0.38125 0.34609375 0.01171875 0.00703125
1 0.46640625 0.3484375 0.0046875 0.00390625
1 0.8046875 0.3484375 0.0078125 0.00234375
1 0.534375 0.35 0.02890625 0.0421875
9 0.5875 0.35 0.0078125 0.01484375
1 0.815625 0.35 0.00546875 0.003125
1 0.86484375 0.3515625 0.00546875 0.003125
1 0.38125 0.35234375 0.01171875 0.00703125
1 0.60546875 0.353125 0.0078125 0.00703125
1 0.80390625 0.3546875 0.00546875 0.00234375
1 0.65 0.35625 0.00234375 0.009375
1 0.86328125 0.3578125 0.00546875 0.003125
4 0.1375 0.359375 0.0265625 0.3375
1 0.71015625 0.359375 0.0359375 0.0375
1 0.840625 0.36015625 0.00234375 0.0078125
1 0.8171875 0.36015625 0.00234375 0.0078125
15 0.38046875 0.36015625 0.009375 0.00625
1 0.82265625 0.3609375 0.00390625 0.0078125
1 0.82890625 0.3609375 0.00234375 0.00703125
1 0.83515625 0.3609375 0.00234375 0.00625
15 0.6046875 0.36171875 0.00859375 0.00390625
1 0.8046875 0.36171875 0.00703125 0.00234375
4 0.271875 0.36171875 0.04453125 0.33984375
15 0.4234375 0.3625 0.01015625 0.00859375
4 0.3359375 0.3625 0.03515625 0.3421875
4 0.06953125 0.36328125 0.03515625 0.33984375
4 0.20234375 0.365625 0.03359375 0.3421875
15 0.38125 0.3671875 0.01171875 0.00625
1 0.80703125 0.3703125 0.009375 0.00625
1 0.4234375 0.37265625 0.00703125 0.00625
1 0.85703125 0.371875 0.00390625 0.009375
1 0.865625 0.37265625 0.0046875 0.01171875
1 0.4484375 0.3734375 0.03125 0.04296875
1 0.38125 0.37421875 0.01171875 0.00859375
1 0.840625 0.37578125 0.003125 0.0078125
1 0.83515625 0.3765625 0.003125 0.00703125
1 0.8296875 0.3765625 0.00234375 0.00625
1 0.82421875 0.37578125 0.003125 0.0078125
1 0.81796875 0.3765625 0.00390625 0.00625
20 0.628125 0.37890625 0.0203125 0.0265625
1 0.8078125 0.3796875 0.0078125 0.00390625
20 0.57421875 0.38125 0.0203125 0.02890625
15 0.42265625 0.38203125 0.00625 0.0046875
15 0.42265625 0.38828125 0.00625 0.003125
1 0.38046875 0.39140625 0.01015625 0.0078125
15 0.60234375 0.403125 0.009375 0.00390625
1 0.71328125 0.40625 0.0265625 0.0375
1 0.38125 0.41015625 0.01015625 0.00625
1 0.42265625 0.4171875 0.00703125 0.00546875
1 0.453125 0.41953125 0.03203125 0.03828125
15 0.42265625 0.4296875 0.00703125 0.00234375
1 0.38046875 0.4296875 0.01015625 0.00625
15 0.42421875 0.4375 0.00625 0.00390625
15 0.3765625 0.4421875 0.00234375 0.009375
1 0.3828125 0.4421875 0.00546875 0.01171875
1 0.42421875 0.4453125 0.00546875 0.00390625
1 0.66328125 0.446875 0.0078125 0.00546875