1 0.91640625 0.375 0.0140625 0.00546875
15 0.67890625 0.0375 0.009375 0.01328125
1 0.91484375 0.3796875 0.01484375 0.00546875
15 0.2734375 0.0390625 0.00703125 0.0109375
15 0.28203125 0.0390625 0.0078125 0.0125
15 0.42109375 0.39140625 0.0171875 0.00703125
15 0.26328125 0.03984375 0.00703125 0.0109375
1 0.53828125 0.40546875 0.18125 0.13125
15 0.2609375 0.41171875 0.015625 0.0046875
1 0.29375 0.41171875 0.015625 0.00546875
1 0.31015625 0.4125 0.01484375 0.00546875
1 0.91171875 0.41796875 0.015625 0.00546875
1 0.31875 0.421875 0.009375 0.0109375
15 0.2875 0.421875 0.00859375 0.01015625
15 0.29609375 0.42265625 0.00546875 0.009375
15 0.3421875 0.42265625 0.0078125 0.01015625
1 0.328125 0.42265625 0.00625 0.01015625
15 0.33515625 0.42265625 0.00625 0.01015625
15 0.3125 0.42265625 0.00703125 0.009375
15 0.30234375 0.4234375 0.0078125 0.00859375
15 0.27109375 0.4234375 0.0078125 0.009375
15 0.2796875 0.4234375 0.0078125 0.0109375
1 0.91171875 0.42421875 0.0140625 0.00625
4 0.9546875 0.42421875 0.05859375 0.15390625
15 0.2625 0.42421875 0.00703125 0.00859375
1 0.4359375 0.43125 0.01796875 0.00703125
15 0.2828125 0.4328125 0.0078125 0.01015625
15 0.296875 0.43359375 0.00625 0.0109375
15 0.33046875 0.43359375 0.00625 0.0109375
1 0.32421875 0.434375 0.00625 0.01171875
15 0.2703125 0.43359375 0.00703125 0.01171875
15 0.30390625 0.434375 0.00703125 0.0109375
1 0.290625 0.434375 0.00703125 0.0125
1 0.3171875 0.434375 0.00625 0.0109375
15 0.3109375 0.434375 0.00703125 0.01171875
15 0.27734375 0.434375 0.00703125 0.01171875
15 0.26328125 0.4359375 0.0078125 0.0109375
1 0.3453125 0.4421875 0.01484375 0.00546875
1 0.91328125 0.446875 0.01484375 0.0046875
1 0.34609375 0.44765625 0.015625 0.00546875
1 0.40546875 0.45 0.01640625 0.00546875
15 0.34453125 0.45234375 0.0140625 0.0046875
15 0.41640625 0.0453125 0.015625 0.00546875
15 0.3453125 0.45703125 0.01484375 0.0046875
1 0.4 0.45859375 0.0078125 0.009375
15 0.91328125 0.459375 0.00625 0.01015625
1 0.91953125 0.459375 0.00625 0.0109375
15 0.3453125 0.4625 0.0140625 0.0046875
1 0.68671875 0.046875 0.00703125 0.01015625
1 0.3453125 0.4671875 0.015625 0.0046875
15 0.59453125 0.47109375 0.01484375 0.00546875
15 0.34609375 0.47265625 0.01484375 0.0046875
15 0.915625 0.47421875 0.01328125 0.00390625
15 0.3453125 0.478125 0.01640625 0.00546875
1 0.5296875 0.478125 0.00703125 0.0109375
1 0.46015625 0.47890625 0.00625 0.01171875
15 0.91640625 0.47890625 0.0125 0.0046875
15 0.3453125 0.484375 0.0140625 0.00546875
15 0.91640625 0.484375 0.01328125 0.0046875
15 0.30078125 0.4875 0.00625 0.01171875
1 0.28828125 0.48828125 0.0046875 0.01015625
15 0.33515625 0.48828125 0.00703125 0.01015625
15 0.2953125 0.48828125 0.00703125 0.0109375
15 0.3078125 0.48828125 0.00546875 0.0109375
15 0.32109375 0.48828125 0.00703125 0.0125
1 0.32890625 0.48828125 0.00703125 0.0109375
15 0.31484375 0.48828125 0.00703125 0.01171875
1 0.26328125 0.48828125 0.00625 0.01015625
1 0.346875 0.48984375 0.01484375 0.0046875
15 0.91640625 0.48984375 0.01328125 0.0046875
1 0.3484375 0.496875 0.01484375 0.0046875
15 0.39921875 0.4984375 0.00703125 0.01171875
15 0.33359375 0.4984375 0.01328125 0.0046875
15 0.39296875 0.4984375 0.0078125 0.01171875
15 0.40546875 0.4984375 0.0078125 0.0125
1 0.359375 0.5 0.00703125 0.01015625
1 0.30390625 0.50078125 0.00625 0.0109375
15 0.290625 0.50078125 0.0078125 0.0109375
1 0.28359375 0.50078125 0.00703125 0.01015625
1 0.27734375 0.50078125 0.00703125 0.01015625
15 0.31015625 0.50078125 0.00703125 0.0109375
1 0.2703125 0.50078125 0.0078125 0.0109375
1 0.26328125 0.5015625 0.00625 0.01015625
1 0.296875 0.5015625 0.00625 0.01171875
1 0.31640625 0.5015625 0.00625 0.0109375
1 0.3234375 0.50234375 0.00546875 0.0109375
15 0.33359375 0.503125 0.01484375 0.0046875
15 0.415625 0.0515625 0.01484375 0.0046875
15 0.3765625 0.509375 0.00859375 0.01171875
15 0.36953125 0.509375 0.00703125 0.0109375
1 0.3125 0.5109375 0.01640625 0.0046875
15 0.26640625 0.5109375 0.0171875 0.00390625
1 0.29453125 0.5109375 0.015625 0.0046875
15 0.28125 0.51171875 0.01328125 0.00546875
1 0.3421875 0.51171875 0.0140625 0.00390625
15 0.565625 0.5125 0.00703125 0.01328125
15 0.57578125 0.51328125 0.009375 0.01015625
15 0.471875 0.51328125 0.00703125 0.0109375
15 0.3859375 0.51328125 0.0078125 0.01015625
15 0.415625 0.5140625 0.00859375 0.0109375
20 0.67421875 0.05234375 0.01640625 0.01328125
1 0.33984375 0.5171875 0.01484375 0.0046875
1 0.20078125 0.5265625 0.0078125 0.0109375
15 0.35859375 0.05390625 0.0140625 0.00546875
9 0.14609375 0.5375 0.03359375 0.03203125
9 0.18125 0.53828125 0.034375 0.03046875
1 0.228125 0.53984375 0.0078125 0.01015625
1 0.121875 0.54609375 0.0078125 0.01171875
15 0.8234375 0.553125 0.02109375 0.00625
15 0.84140625 0.553125 0.01328125 0.00546875
15 0.8546875 0.553125 0.015625 0.00546875
15 0.37421875 0.05546875 0.01484375 0.00546875
15 0.8546875 0.55859375 0.01640625 0.00546875
1 0.1578125 0.559375 0.0078125 0.01171875
20 0.78046875 0.56171875 0.0171875 0.0140625
20 0.79765625 0.56171875 0.01875 0.015625
20 0.83828125 0.5640625 0.01484375 0.01328125
15 0.59765625 0.5640625 0.01328125 0.00546875
20 0.82109375 0.5640625 0.01953125 0.0140625
1 0.1453125 0.5640625 0.015625 0.00546875
15 0.5828125 0.5640625 0.0125 0.0046875
1 0.6859375 0.05703125 0.00546875 0.01015625
1 0.08359375 0.56953125 0.015625 0.00546875
15 0.578125 0.5703125 0.01484375 0.00546875
15 0.79921875 0.57265625 0.0140625 0.00546875
15 0.78359375 0.5734375 0.01484375 0.00390625
15 0.56015625 0.5734375 0.015625 0.00546875
15 0.0671875 0.57421875 0.01640625 0.00625
15 0.23515625 0.5796875 0.009375 0.01015625
1 0.26640625 0.5828125 0.015625 0.0046875
1 0.87109375 0.59140625 0.0140625 0.00546875
15 0.8515625 0.59375 0.00625 0.01171875
15 0.85859375 0.59375 0.00625 0.01328125
15 0.07109375 0.59765625 0.0171875 0.0046875
1 0.35859375 0.06015625 0.01484375 0.00546875
15 0.07109375 0.60390625 0.01640625 0.00546875
4 0.39140625 0.60390625 0.37578125 0.0296875
15 0.7375 0.6046875 0.00546875 0.009375
1 0.75234375 0.60546875 0.0078125 0.01015625
15 0.7453125 0.60546875 0.00625 0.0109375
15 0.7890625 0.60703125 0.009375 0.0109375
15 0.3875 0.0609375 0.015625 0.0046875
9 0.15625 0.609375 0.09375 0.08671875
1 0.75234375 0.61875 0.00625 0.01015625
1 0.821875 0.61875 0.00703125 0.01015625
1 0.68515625 0.61875 0.04140625 0.02890625
15 0.8140625 0.61875 0.00859375 0.01171875
1 0.73125 0.61953125 0.00625 0.01171875
1 0.7890625 0.61953125 0.0078125 0.0109375
1 0.74609375 0.61953125 0.00703125 0.01171875
1 0.7390625 0.61953125 0.009375 0.0125
1 0.7234375 0.6203125 0.0078125 0.0109375
1 0.9109375 0.6296875 0.00625 0.0109375
1 0.071875 0.63203125 0.028125 0.01640625
1 0.10859375 0.63203125 0.00703125 0.0109375
15 0.84453125 0.6328125 0.0125 0.0046875
15 0.21484375 0.634375 0.01953125 0.00625
1 0.84453125 0.6390625 0.01640625 0.00625
1 0.109375 0.64453125 0.00625 0.01015625
1 0.209375 0.6453125 0.01328125 0.00546875
9 0.6625 0.64609375 0.0546875 0.0234375
1 0.06953125 0.65 0.02265625 0.015625
1 0.09296875 0.65234375 0.02265625 0.0203125
1 0.84453125 0.65390625 0.0140625 0.0046875
1 0.109375 0.65546875 0.00625 0.01015625
1 0.18125 0.65703125 0.01328125 0.00546875
1 0.1609375 0.659375 0.0078125 0.0109375
15 0.12578125 0.66015625 0.0078125 0.01171875
15 0.11796875 0.66015625 0.00703125 0.0125
1 0.6921875 0.66640625 0.015625 0.00625
15 0.67578125 0.66640625 0.01640625 0.00625
1 0.84453125 0.66953125 0.0140625 0.00546875
1 0.646875 0.66953125 0.03359375 0.021875
4 0.390625 0.67109375 0.378125 0.0328125
9 0.76875 0.67578125 0.1375 0.09921875
15 0.6921875 0.6859375 0.0140625 0.0046875
15 0.84765625 0.68828125 0.01328125 0.00703125
15 0.36953125 0.06953125 0.0140625 0.00625
1 0.6890625 0.69140625 0.01640625 0.00625
1 0.66875 0.6921875 0.0140625 0.00546875
1 0.84453125 0.69765625 0.0140625 0.0046875
1 0.84453125 0.703125 0.015625 0.00546875
1 0.55625 0.70390625 0.01484375 0.0078125
15 0.69140625 0.70625 0.0140625 0.00546875
1 0.278125 0.7078125 0.01484375 0.00546875
15 0.84453125 0.70859375 0.01484375 0.0046875
15 0.3859375 0.07109375 0.00859375 0.01015625
1 0.85703125 0.71015625 0.0078125 0.0109375
1 0.06640625 0.71171875 0.0296875 0.0140625
1 0.6921875 0.7125 0.01328125 0.0046875
15 0.86796875 0.7125 0.01328125 0.00390625
15 0.8453125 0.7140625 0.0140625 0.0046875
15 0.84453125 0.71796875 0.0140625 0.00390625
1 0.68984375 0.71796875 0.0171875 0.00390625
15 0.84609375 0.72265625 0.0171875 0.0046875
1 0.0796875 0.72578125 0.02421875 0.01640625
1 0.8203125 0.73046875 0.0140625 0.00546875
1 0.7890625 0.73359375 0.0078125 0.0125
1 0.78125 0.73359375 0.00859375 0.01015625
4 0.390625 0.7375 0.38203125 0.03984375
15 0.82109375 0.7375 0.00625 0.00859375
15 0.8140625 0.7390625 0.00625 0.0125
15 0.784375 0.74375 0.01484375 0.0046875
9 0.08671875 0.74453125 0.046875 0.0265625
15 0.8203125 0.75 0.00859375 0.01015625
15 0.8140625 0.75 0.00625 0.0109375
15 0.784375 0.75 0.015625 0.00546875
15 0.80625 0.75546875 0.0078125 0.01171875
15 0.41640625 0.75703125 0.00625 0.01015625
1 0.425 0.75703125 0.00625 0.01171875
15 0.8375 0.7578125 0.00703125 0.0125
1 0.409375 0.7578125 0.00703125 0.009375
15 0.81796875 0.75859375 0.01328125 0.0046875
15 0.0890625 0.76015625 0.0171875 0.00546875
15 0.109375 0.76015625 0.01484375 0.00546875
15 0.109375 0.76640625 0.0140625 0.0046875
15 0.09609375 0.76640625 0.01484375 0.0046875
1 0.33203125 0.76796875 0.0484375 0.02578125
15 0.69609375 0.76953125 0.009375 0.01015625
1 0.73828125 0.77265625 0.01328125 0.00625
1 0.09453125 0.77265625 0.015625 0.0046875
15 0.109375 0.77265625 0.015625 0.00546875
15 0.7203125 0.7734375 0.01875 0.0078125
1 0.109375 0.77734375 0.01484375 0.003125
1 0.09453125 0.77890625 0.01640625 0.0046875
1 0.50546875 0.77890625 0.015625 0.0046875
1 0.43125 0.7796875 0.015625 0.00546875
1 0.12421875 0.79453125 0.01328125 0.00546875
1 0.1390625 0.79453125 0.01484375 0.00546875
15 0.1546875 0.79453125 0.01484375 0.00546875
15 0.88203125 0.79609375 0.009375 0.0109375
4 0.39140625 0.80078125 0.38359375 0.0359375
1 0.11875 0.80234375 0.01484375 0.00390625
1 0.08203125 0.80625 0.015625 0.00546875
1 0.1 0.80703125 0.01484375 0.00546875
15 0.353125 0.08125 0.01640625 0.00625
1 0.08125 0.8125 0.01484375 0.0046875
15 0.6453125 0.81328125 0.015625 0.00546875
15 0.66171875 0.8140625 0.0140625 0.0046875
15 0.06640625 0.815625 0.0125 0.0046875
1 0.9125 0.81640625 0.00625 0.01171875
1 0.08203125 0.8171875 0.015625 0.00625
1 0.73203125 0.81875 0.0078125 0.0109375
15 0.71171875 0.821875 0.0078125 0.01171875
1 0.7265625 0.821875 0.00625 0.0109375
15 0.75 0.821875 0.01328125 0.00546875
15 0.7046875 0.821875 0.00703125 0.0125
15 0.66640625 0.82265625 0.00703125 0.01015625
15 0.63203125 0.82265625 0.0046875 0.0109375
1 0.63984375 0.82265625 0.00703125 0.01015625
1 0.65390625 0.82265625 0.00546875 0.01015625
15 0.646875 0.82265625 0.0078125 0.01015625
1 0.66015625 0.8234375 0.00546875 0.0109375
15 0.8203125 0.82265625 0.01328125 0.00546875
1 0.62421875 0.8234375 0.00859375 0.01171875
15 0.76328125 0.8234375 0.01328125 0.00390625
1 0.08046875 0.8234375 0.0140625 0.00546875
1 0.06640625 0.82421875 0.01640625 0.0046875
15 0.7390625 0.82421875 0.00703125 0.01171875
1 0.18125 0.8265625 0.01640625 0.00703125
15 0.3171875 0.0828125 0.00703125 0.0109375
15 0.32421875 0.0828125 0.00859375 0.0109375
1 0.08046875 0.82890625 0.01328125 0.00390625
15 0.06484375 0.8296875 0.01484375 0.0046875
1 0.0796875 0.834375 0.015625 0.00546875
15 0.065625 0.834375 0.01484375 0.00390625
15 0.6203125 0.83671875 0.01328125 0.00625
1 0.065625 0.83828125 0.0140625 0.0046875
1 0.62109375 0.84140625 0.0140625 0.0046875
15 0.60390625 0.84140625 0.01484375 0.00546875
15 0.7765625 0.8421875 0.0171875 0.00625
15 0.75546875 0.8421875 0.01484375 0.00546875
1 0.08046875 0.8421875 0.015625 0.00546875
1 0.06640625 0.84453125 0.01328125 0.00546875
1 0.62109375 0.846875 0.0140625 0.00390625
15 0.6046875 0.846875 0.01328125 0.00390625
15 0.75546875 0.84765625 0.01484375 0.00546875
1 0.065625 0.84921875 0.0140625 0.0046875
1 0.0796875 0.84921875 0.01484375 0.0046875
9 0.13203125 0.8515625 0.08515625 0.0828125
15 0.75625 0.8546875 0.01484375 0.00546875
15 0.08046875 0.85546875 0.015625 0.0046875
15 0.06171875 0.85703125 0.00703125 0.01015625
15 0.75546875 0.86015625 0.0140625 0.0046875
15 0.08046875 0.8609375 0.01484375 0.00546875
9 0.6875 0.8625 0.11796875 0.06640625
1 0.065625 0.86484375 0.01484375 0.0046875
15 0.08046875 0.86640625 0.01484375 0.0046875
1 0.18125 0.86796875 0.01484375 0.0046875
4 0.39140625 0.86796875 0.37421875 0.04140625
15 0.75703125 0.86796875 0.015625 0.0046875
1 0.06640625 0.8703125 0.01484375 0.00546875
15 0.75625 0.875 0.015625 0.0046875
15 0.065625 0.87578125 0.015625 0.0046875
15 0.75625 0.88125 0.01484375 0.0046875
15 0.06640625 0.88125 0.0140625 0.00625
1 0.20703125 0.8859375 0.015625 0.00546875
1 0.28515625 0.890625 0.015625 0.0046875
15 0.20859375 0.89140625 0.0140625 0.00546875
15 0.2703125 0.89140625 0.01484375 0.00546875
1 0.75546875 0.89296875 0.01484375 0.00546875
1 0.28515625 0.89609375 0.01328125 0.0046875
1 0.16640625 0.89609375 0.01484375 0.0046875
15 0.27109375 0.89609375 0.01484375 0.0046875
1 0.1484375 0.8984375 0.0078125 0.01015625
15 0.13515625 0.8984375 0.00625 0.0109375
1 0.28515625 0.90078125 0.01328125 0.0046875
15 0.57109375 0.90078125 0.0140625 0.0046875
15 0.2703125 0.9015625 0.01484375 0.0046875
15 0.71484375 0.9015625 0.00703125 0.009375
1 0.91484375 0.9015625 0.00703125 0.01171875
1 0.721875 0.90234375 0.00703125 0.009375
15 0.7796875 0.90234375 0.00703125 0.01171875
1 0.7078125 0.90234375 0.00625 0.0109375
15 0.67421875 0.90234375 0.00625 0.01171875
1 0.70078125 0.90234375 0.00703125 0.01015625
1 0.1421875 0.90234375 0.00625 0.01015625
15 0.55703125 0.903125 0.015625 0.00546875
15 0.7375 0.903125 0.0078125 0.0125
1 0.73046875 0.90234375 0.009375 0.0109375
15 0.66796875 0.903125 0.00625 0.01015625
15 0.6609375 0.903125 0.00703125 0.01171875
1 0.6546875 0.903125 0.00703125 0.01015625
1 0.28515625 0.90625 0.0140625 0.0046875
15 0.27109375 0.90625 0.01484375 0.0046875
15 0.884375 0.90703125 0.00625 0.0109375
15 0.72109375 0.9109375 0.01484375 0.0046875
15 0.65390625 0.91171875 0.0125 0.00546875
1 0.19453125 0.91328125 0.01484375 0.00546875
15 0.7015625 0.9140625 0.00625 0.01015625
15 0.31953125 0.0921875 0.0171875 0.0046875
15 0.14140625 0.9140625 0.00625 0.009375
15 0.70859375 0.91484375 0.00625 0.01015625
15 0.1484375 0.91484375 0.0078125 0.01015625
15 0.13515625 0.91484375 0.00625 0.0109375
15 0.72109375 0.915625 0.0171875 0.0046875
1 0.19765625 0.925 0.0140625 0.00546875
1 0.89375 0.93125 0.015625 0.0046875
1 0.87890625 0.93125 0.01328125 0.00546875
4 0.39375 0.9359375 0.38203125 0.04140625
15 0.3359375 0.09375 0.0140625 0.00546875
15 0.81484375 0.93828125 0.00703125 0.01171875
15 0.64296875 0.9390625 0.00703125 0.01015625
1 0.16484375 0.9390625 0.0125 0.0046875
15 0.63515625 0.9390625 0.0078125 0.01015625
1 0.82265625 0.9421875 0.00703125 0.01015625
1 0.16484375 0.94453125 0.0140625 0.00390625
1 0.165625 0.94921875 0.0140625 0.00390625
15 0.6359375 0.95 0.00625 0.0109375
15 0.64375 0.95078125 0.0078125 0.0109375
1 0.16484375 0.9546875 0.01328125 0.0046875
15 0.71796875 0.9546875 0.00703125 0.009375
1 0.81484375 0.9546875 0.00546875 0.01015625
15 0.71171875 0.95546875 0.0046875 0.01015625
1 0.18046875 0.959375 0.01328125 0.0046875
1 0.18046875 0.96484375 0.0140625 0.0046875
1 0.18046875 0.96953125 0.0140625 0.00546875
1 0.76328125 0.97109375 0.01640625 0.00625
1 0.18046875 0.97421875 0.01484375 0.0046875
15 0.47734375 0.975 0.0109375 0.01171875
1 0.7625 0.97578125 0.01484375 0.00625
15 0.16640625 0.9796875 0.0140625 0.00546875
1 0.18046875 0.9796875 0.0140625 0.0046875
1 0.18046875 0.98359375 0.0140625 0.0046875
15 0.1671875 0.984375 0.0171875 0.0046875
15 0.14375 0.1015625 0.00859375 0.01171875
15 0.11953125 0.10546875 0.0171875 0.00546875
15 0.58671875 0.10859375 0.01640625 0.00546875
15 0.55625 0.10859375 0.015625 0.0078125
15 0.57265625 0.10859375 0.0125 0.00546875
15 0.11796875 0.1125 0.0171875 0.00546875
15 0.14453125 0.11328125 0.0078125 0.01171875
15 0.11796875 0.1171875 0.01640625 0.0046875
1 0.5640625 0.13671875 0.0078125 0.01015625
1 0.45 0.18203125 0.009375 0.01640625
15 0.4234375 0.1875 0.01484375 0.00546875
15 0.4375 0.1875 0.0140625 0.00390625
1 0.17734375 0.196875 0.00625 0.01171875
1 0.2265625 0.1984375 0.00859375 0.0140625
9 0.20078125 0.20390625 0.0390625 0.03515625
1 0.1765625 0.20703125 0.00703125 0.009375
1 0.3390625 0.21484375 0.00546875 0.00859375
15 0.22421875 0.215625 0.0109375 0.0109375
15 0.17734375 0.21953125 0.009375 0.01484375
15 0.21328125 0.22578125 0.021875 0.00859375
1 0.37734375 0.23046875 0.0078125 0.01171875
1 0.38359375 0.23203125 0.00703125 0.01171875
15 0.21640625 0.2359375 0.0078125 0.0109375
15 0.3765625 0.24140625 0.01484375 0.00546875
15 0.6859375 0.02421875 0.00859375 0.01171875
1 0.36953125 0.24609375 0.015625 0.00546875
15 0.67734375 0.025 0.00546875 0.009375
20 0.19453125 0.26171875 0.05625 0.046875
4 0.8546875 0.26953125 0.06328125 0.534375
4 0.75703125 0.28125 0.06328125 0.5328125
4 0.80546875 0.28671875 0.03984375 0.54375
15 0.2109375 0.29296875 0.015625 0.00546875
20 0.1859375 0.31171875 0.034375 0.04296875
20 0.64609375 0.03125 0.05546875 0.0265625
15 0.12734375 0.33125 0.01484375 0.0046875
1 0.12734375 0.3359375 0.01484375 0.0046875
1 0.13984375 0.3359375 0.00703125 0.0109375
15 0.9140625 0.3484375 0.01328125 0.0046875
15 0.6859375 0.0359375 0.00625 0.01015625
15 0.91484375 0.353125 0.0140625 0.0046875
1 0.915625 0.35859375 0.01328125 0.0046875
1 0.915625 0.3640625 0.01328125 0.0046875
1 0.915625 0.36875 0.015625 0.0046875