4 0.38671875 0.50703125 0.4140625 0.1296875
4 0.32890625 0.0171875 0.05625 0.034375
2 0.25234375 0.51328125 0.040625 0.01796875
4 0.365625 0.6046875 0.4125 0.13125
9 0.11640625 0.5859375 0.11796875 0.2234375
2 0.2234375 0.6078125 0.0421875 0.021875
9 0.98671875 0.140625 0.02578125 0.10546875
9 0.640625 0.70703125 0.17734375 0.1796875
9 0.0453125 0.58984375 0.08984375 0.271875
16 0.33828125 0.65859375 0.0203125 0.01328125
2 0.21640625 0.6390625 0.02421875 0.01796875
2 0.240625 0.64453125 0.02578125 0.0171875
16 0.8921875 0.8015625 0.01484375 0.01875
16 0.86171875 0.79609375 0.0109375 0.0203125
16 0.7671875 0.778125 0.0140625 0.0203125
16 0.91640625 0.8078125 0.01640625 0.01953125
16 0.77578125 0.78046875 0.01328125 0.0203125
16 0.8796875 0.80078125 0.0125 0.0171875
16 0.7375 0.7734375 0.01328125 0.01953125
16 0.74765625 0.77578125 0.015625 0.021875
16 0.90390625 0.8078125 0.01328125 0.01796875
16 0.86875 0.80078125 0.01328125 0.021875
4 0.346875 0.70078125 0.41328125 0.1296875
16 0.29609375 0.73203125 0.03515625 0.01484375
4 0.6921875 0.0765625 0.55703125 0.15234375
4 0.38046875 0.784375 0.6703125 0.19375
9 0.0140625 0.7359375 0.028125 0.04921875
9 0.2890625 0.81484375 0.14140625 0.06015625
9 0.16875 0.7921875 0.1109375 0.05234375
9 0.54375 0.8671875 0.1140625 0.05625
9 0.42109375 0.84375 0.134375 0.05703125
9 0.00859375 0.784375 0.0171875 0.04609375
4 0.3625 0.87890625 0.665625 0.1875
4 0.34921875 0.94140625 0.6625 0.11640625
4 0.38359375 0.0703125 0.06953125 0.140625
9 0.2625 0.034375 0.06953125 0.06796875
4 0.68046875 0.1234375 0.559375 0.153125
4 0.3125 0.08046875 0.065625 0.10703125
4 0.67109375 0.17265625 0.559375 0.15625
9 0.97265625 0.25625 0.05390625 0.1203125
9 0.2453125 0.1078125 0.06953125 0.07421875
4 0.6203125 0.2171875 0.73671875 0.1875
16 0.6234375 0.25234375 0.0203125 0.01640625
4 0.40234375 0.2234375 0.2546875 0.0984375
16 0.7046875 0.30546875 0.03984375 0.028125
16 0.65 0.2984375 0.021875 0.01484375
9 0.19453125 0.2140625 0.1125 0.1421875
4 0.40625 0.275 0.284375 0.1
16 0.2484375 0.246875 0.01796875 0.0140625
9 0.98359375 0.3984375 0.03203125 0.13203125
9 0.915625 0.38359375 0.10703125 0.1375
9 0.60078125 0.32578125 0.0765625 0.10703125
9 0.75703125 0.359375 0.06171875 0.096875
16 0.6390625 0.3453125 0.0296875 0.071875
16 0.69921875 0.36640625 0.01171875 0.021875
16 0.12890625 0.25390625 0.01328125 0.02265625
4 0.69765625 0.0546875 0.5578125 0.109375
4 0.396875 0.33828125 0.2859375 0.103125
16 0.54609375 0.3859375 0.0234375 0.02421875
2 0.0640625 0.31171875 0.01171875 0.0203125
2 0.053125 0.309375 0.0125 0.02265625
4 0.40546875 0.40859375 0.4109375 0.1296875
9 0.6859375 0.496875 0.17890625 0.184375
16 0.24765625 0.415625 0.0203125 0.0234375
2 0.2703125 0.42109375 0.02890625 0.025
16 0.5609375 0.48359375 0.040625 0.0203125
9 0.0765625 0.43203125 0.053125 0.04296875