20 0.1921875 0.37890625 0.01640625 0.0125
20 0.44609375 0.0390625 0.06953125 0.0375
20 0.1921875 0.3921875 0.01796875 0.01328125
1 0.15 0.4015625 0.00546875 0.0109375
20 0.1921875 0.4046875 0.0171875 0.01171875
1 0.1328125 0.4078125 0.015625 0.00546875
15 0.14296875 0.41015625 0.00546875 0.009375
1 0.1546875 0.4125 0.0140625 0.00390625
1 0.1328125 0.41328125 0.01484375 0.00390625
15 0.2421875 0.41484375 0.00546875 0.0109375
15 0.2359375 0.41484375 0.00390625 0.01015625
15 0.24765625 0.41484375 0.00546875 0.01015625
20 0.27265625 0.415625 0.01796875 0.0140625
1 0.13359375 0.41796875 0.015625 0.00390625
20 0.1921875 0.41796875 0.0171875 0.0125
1 0.13203125 0.42265625 0.015625 0.0046875
15 0.13203125 0.428125 0.01328125 0.0046875
20 0.24140625 0.42890625 0.01875 0.01328125
1 0.13203125 0.4328125 0.01328125 0.00390625
15 0.13203125 0.43828125 0.01328125 0.0046875
1 0.165625 0.43828125 0.0140625 0.0046875
1 0.165625 0.44296875 0.0140625 0.0046875
15 0.1328125 0.44375 0.01328125 0.00546875
1 0.16640625 0.44765625 0.01484375 0.0046875
15 0.13203125 0.4484375 0.0125 0.00390625
1 0.165625 0.453125 0.01328125 0.003125
1 0.1328125 0.45390625 0.01484375 0.0046875
1 0.165625 0.4578125 0.0140625 0.00390625
1 0.13203125 0.459375 0.01328125 0.0046875
20 0.334375 0.04765625 0.0453125 0.05703125
20 0.384375 0.0484375 0.04453125 0.0578125
15 0.11875 0.50859375 0.00546875 0.0109375
1 0.09765625 0.509375 0.0046875 0.0125
1 0.08046875 0.509375 0.00546875 0.01015625
15 0.103125 0.509375 0.0046875 0.01015625
1 0.07421875 0.509375 0.0046875 0.0109375
1 0.11171875 0.51015625 0.00546875 0.01015625
15 0.16328125 0.5109375 0.00546875 0.009375
15 0.14375 0.5109375 0.00625 0.01171875
15 0.18515625 0.5109375 0.00546875 0.0109375
1 0.1921875 0.5109375 0.0046875 0.0109375
15 0.171875 0.5109375 0.00625 0.01015625
15 0.1984375 0.5109375 0.00546875 0.0109375
15 0.153125 0.5109375 0.00546875 0.01015625
15 0.12734375 0.521875 0.00625 0.01015625
1 0.1078125 0.528125 0.00625 0.0109375
1 0.1125 0.528125 0.00546875 0.0125
15 0.184375 0.53671875 0.00546875 0.01015625
15 0.1765625 0.5375 0.00625 0.01015625
15 0.1125 0.540625 0.00546875 0.01015625
15 0.10703125 0.540625 0.00703125 0.01015625
15 0.10625 0.55234375 0.00546875 0.01171875
15 0.11328125 0.553125 0.00625 0.0109375
1 0.12578125 0.5609375 0.01484375 0.00546875
15 0.0703125 0.5625 0.0140625 0.0046875
15 0.12578125 0.56640625 0.01328125 0.0046875
1 0.59296875 0.56875 0.0046875 0.01015625
9 0.0984375 0.56953125 0.0359375 0.01953125
1 0.12578125 0.57109375 0.0140625 0.0046875
15 0.0703125 0.571875 0.01328125 0.0046875
15 0.12578125 0.5765625 0.01484375 0.00546875
9 0.67109375 0.5765625 0.06875 0.040625
15 0.06953125 0.57734375 0.0140625 0.00390625
1 0.6015625 0.58125 0.0046875 0.0109375
15 0.1265625 0.58125 0.01171875 0.0046875
1 0.7421875 0.58203125 0.0046875 0.01171875
1 0.73125 0.58359375 0.0140625 0.0046875
1 0.08984375 0.58359375 0.015625 0.00546875
1 0.07265625 0.584375 0.01640625 0.00625
1 0.1078125 0.58359375 0.015625 0.00546875
15 0.72890625 0.5890625 0.0140625 0.0046875
1 0.62734375 0.590625 0.01484375 0.00546875
1 0.6265625 0.59609375 0.01328125 0.00390625
1 0.0765625 0.596875 0.0046875 0.0109375
1 0.11484375 0.59765625 0.0046875 0.01015625
1 0.7296875 0.6 0.01328125 0.01328125
15 0.64375 0.60625 0.00546875 0.0109375
1 0.6375 0.60546875 0.00546875 0.01015625
15 0.65 0.60625 0.0046875 0.01015625
15 0.63046875 0.60703125 0.0046875 0.0125
15 0.625 0.60703125 0.00546875 0.0109375
1 0.6890625 0.609375 0.0046875 0.0109375
1 0.60859375 0.609375 0.015625 0.00390625
15 0.67578125 0.61015625 0.00546875 0.0109375
1 0.0703125 0.61015625 0.0046875 0.0109375
15 0.68203125 0.61015625 0.0046875 0.009375
1 0.0828125 0.61015625 0.00625 0.01015625
1 0.06328125 0.61015625 0.0046875 0.0109375
1 0.0765625 0.61015625 0.0046875 0.0109375
1 0.10859375 0.61015625 0.0046875 0.0109375
1 0.10234375 0.6109375 0.00625 0.0109375
1 0.0890625 0.6109375 0.0046875 0.01171875
1 0.0953125 0.6109375 0.00625 0.01171875
15 0.1140625 0.6109375 0.00546875 0.01015625
1 0.1203125 0.6109375 0.00546875 0.01171875
1 0.69453125 0.61328125 0.00546875 0.0109375
1 0.70078125 0.61328125 0.00703125 0.0125
1 0.6078125 0.6140625 0.01484375 0.00390625
1 0.134375 0.61796875 0.01640625 0.0046875
15 0.64140625 0.61796875 0.00546875 0.0109375
1 0.6484375 0.61875 0.0046875 0.0109375
1 0.6265625 0.61953125 0.0046875 0.01171875
1 0.6625 0.61953125 0.01640625 0.0109375
1 0.63515625 0.61953125 0.00625 0.01171875
15 0.06640625 0.61953125 0.0140625 0.0046875
15 0.67578125 0.621875 0.00546875 0.01015625
15 0.68671875 0.621875 0.0140625 0.0046875
1 0.42109375 0.62265625 0.00546875 0.01171875
1 0.1328125 0.62265625 0.01484375 0.0046875
15 0.065625 0.625 0.0125 0.0046875
1 0.5859375 0.62734375 0.01640625 0.00625
1 0.13359375 0.628125 0.015625 0.0046875
15 0.06640625 0.63203125 0.0140625 0.00546875
1 0.13359375 0.6328125 0.01484375 0.0046875
1 0.66015625 0.6328125 0.01640625 0.0046875
15 0.0671875 0.63671875 0.0125 0.0046875
1 0.1328125 0.6375 0.0140625 0.00390625
9 0.09765625 0.6375 0.040625 0.03203125
1 0.6578125 0.63828125 0.01484375 0.00546875
1 0.48046875 0.63984375 0.0046875 0.0125
1 0.37890625 0.63984375 0.00625 0.01171875
1 0.41171875 0.640625 0.00703125 0.01171875
15 0.065625 0.64140625 0.0125 0.0046875
1 0.1328125 0.6421875 0.01328125 0.00546875
15 0.065625 0.64609375 0.01328125 0.0046875
1 0.1328125 0.64765625 0.015625 0.0046875
15 0.065625 0.6515625 0.01328125 0.00546875
1 0.1328125 0.65234375 0.01484375 0.0046875
1 0.19140625 0.065625 0.00625 0.01171875
1 0.1328125 0.65703125 0.01484375 0.0046875
15 0.70859375 0.65703125 0.01328125 0.00390625
15 0.09609375 0.66015625 0.0046875 0.0109375
15 0.090625 0.66015625 0.00625 0.0109375
15 0.07890625 0.6609375 0.00625 0.01171875
15 0.0640625 0.66171875 0.00703125 0.0109375
1 0.071875 0.66171875 0.0046875 0.01171875
15 0.10234375 0.66171875 0.00546875 0.0109375
1 0.109375 0.6625 0.00546875 0.0125
1 0.13203125 0.6625 0.01328125 0.0046875
1 0.09140625 0.66875 0.0140625 0.00546875
1 0.56640625 0.66953125 0.0140625 0.00546875
15 0.771875 0.6703125 0.00546875 0.01015625
1 0.06875 0.6734375 0.015625 0.0046875
1 0.10234375 0.6734375 0.0140625 0.00390625
15 0.084375 0.6734375 0.0140625 0.00546875
15 0.66328125 0.6734375 0.00625 0.009375
15 0.65703125 0.67421875 0.0046875 0.009375
1 0.65078125 0.6765625 0.00390625 0.01171875
1 0.84140625 0.6859375 0.01328125 0.0046875
1 0.1234375 0.68828125 0.00546875 0.01015625
15 0.9515625 0.69296875 0.00546875 0.0109375
15 0.94453125 0.69375 0.00546875 0.01171875
15 0.80859375 0.69375 0.0125 0.0046875
15 0.1375 0.69609375 0.00546875 0.0109375
15 0.80859375 0.69921875 0.01328125 0.00390625
1 0.79296875 0.69921875 0.0125 0.0046875
15 0.87890625 0.703125 0.01171875 0.0046875
1 0.26953125 0.703125 0.00546875 0.0125
15 0.79296875 0.70390625 0.0125 0.00390625
1 0.8328125 0.70390625 0.00546875 0.0109375
15 0.80859375 0.70390625 0.01171875 0.00390625
1 0.17421875 0.7046875 0.0046875 0.0125
1 0.73671875 0.70546875 0.01484375 0.0046875
1 0.34609375 0.70546875 0.00625 0.01171875
15 0.9515625 0.70703125 0.00546875 0.01015625
15 0.94453125 0.7078125 0.00625 0.01015625
15 0.79296875 0.70859375 0.0140625 0.00390625
1 0.48359375 0.70859375 0.00625 0.01171875
15 0.1375 0.70859375 0.00390625 0.01015625
15 0.14375 0.70859375 0.00546875 0.01015625
1 0.809375 0.709375 0.0140625 0.00390625
1 0.96953125 0.709375 0.00546875 0.0125
1 0.77265625 0.71015625 0.01484375 0.0046875
15 0.7921875 0.71328125 0.01171875 0.0046875
1 0.80859375 0.7140625 0.0125 0.00390625
15 0.178125 0.71484375 0.0125 0.0046875
1 0.77265625 0.715625 0.01484375 0.0046875
15 0.94296875 0.71796875 0.00546875 0.009375
15 0.95078125 0.71875 0.00625 0.0109375
15 0.8078125 0.71875 0.01328125 0.0046875
1 0.5796875 0.71875 0.00625 0.0109375
15 0.79296875 0.7203125 0.0140625 0.0046875
1 0.90546875 0.72109375 0.01640625 0.00625
15 0.96875 0.72109375 0.00546875 0.01015625
15 0.7734375 0.721875 0.0125 0.00390625
15 0.7921875 0.7265625 0.0125 0.0046875
15 0.81015625 0.72734375 0.0171875 0.00625
1 0.90625 0.72734375 0.015625 0.0046875
15 0.7328125 0.72890625 0.01328125 0.0046875
1 0.746875 0.72890625 0.0140625 0.00390625
1 0.81171875 0.73203125 0.01484375 0.0046875
20 0.4515625 0.0734375 0.08984375 0.0546875
15 0.7328125 0.734375 0.0125 0.00390625
15 0.96328125 0.734375 0.00546875 0.0109375
1 0.746875 0.734375 0.015625 0.0046875
1 0.95546875 0.734375 0.00625 0.0109375
15 0.94921875 0.73515625 0.00546875 0.01015625
15 0.96953125 0.73515625 0.00546875 0.009375
15 0.77421875 0.7359375 0.01484375 0.0046875
15 0.13359375 0.73828125 0.00546875 0.0109375
15 0.13984375 0.7375 0.00546875 0.01015625
15 0.14609375 0.73828125 0.00546875 0.01015625
15 0.77421875 0.74140625 0.0140625 0.0046875
15 0.75625 0.74609375 0.01328125 0.0046875
1 0.0625 0.746875 0.00625 0.01171875
15 0.7921875 0.746875 0.01328125 0.003125
1 0.07109375 0.746875 0.00625 0.01328125
15 0.078125 0.746875 0.00625 0.0109375
15 0.0921875 0.74765625 0.00546875 0.0109375
15 0.0984375 0.74765625 0.00625 0.0109375
15 0.084375 0.74765625 0.0046875 0.01171875
20 0.95625 0.74765625 0.01796875 0.0125
15 0.12578125 0.7484375 0.00625 0.0125
15 0.79140625 0.75078125 0.01328125 0.00390625
15 0.915625 0.75390625 0.0140625 0.00390625
15 0.79140625 0.75625 0.0140625 0.0046875
15 0.8546875 0.759375 0.00546875 0.01015625
15 0.734375 0.759375 0.01484375 0.0046875
15 0.0703125 0.7609375 0.00625 0.0109375
15 0.0625 0.7609375 0.00625 0.01171875
15 0.73359375 0.7640625 0.01484375 0.00390625
20 0.9140625 0.7640625 0.01796875 0.01328125
20 0.93203125 0.7640625 0.01640625 0.0140625
20 0.10546875 0.7671875 0.05078125 0.02421875
15 0.74140625 0.77265625 0.00546875 0.0109375
15 0.065625 0.77734375 0.00546875 0.01015625
15 0.93671875 0.77734375 0.00625 0.0109375
15 0.059375 0.77734375 0.00546875 0.01015625
15 0.928125 0.77734375 0.00546875 0.01015625
15 0.140625 0.78359375 0.00625 0.01171875
1 0.9359375 0.7890625 0.00625 0.01015625
1 0.91953125 0.7890625 0.0140625 0.00390625
20 0.1046875 0.79609375 0.05078125 0.025
9 0.909375 0.80859375 0.0375 0.03203125
15 0.90234375 0.8328125 0.00625 0.01015625
1 0.8953125 0.83359375 0.00546875 0.01171875
15 0.9078125 0.83359375 0.00546875 0.0109375
20 0.09453125 0.8453125 0.01796875 0.0125
20 0.1140625 0.84609375 0.01875 0.00859375
15 0.56328125 0.8515625 0.0125 0.00390625
15 0.096875 0.8546875 0.0125 0.0046875
1 0.16953125 0.8546875 0.01484375 0.00390625
1 0.1140625 0.8546875 0.0140625 0.0046875
1 0.56328125 0.85625 0.01484375 0.0046875
15 0.67890625 0.85625 0.0125 0.0046875
15 0.16953125 0.859375 0.01328125 0.00390625
15 0.0953125 0.859375 0.01328125 0.00390625
15 0.115625 0.859375 0.015625 0.00390625
15 0.08125 0.86015625 0.01328125 0.00390625
1 0.6640625 0.86015625 0.015625 0.0046875
15 0.67890625 0.8609375 0.0125 0.00390625
9 0.14140625 0.86171875 0.034375 0.01875
15 0.69921875 0.8625 0.01484375 0.0046875
15 0.16953125 0.865625 0.01484375 0.0046875
15 0.69765625 0.8671875 0.01171875 0.00390625
1 0.6796875 0.8671875 0.0140625 0.00546875
1 0.16953125 0.8703125 0.0140625 0.0046875
15 0.67890625 0.871875 0.0125 0.00390625
15 0.69765625 0.87265625 0.01328125 0.0046875
15 0.678125 0.87734375 0.0125 0.0046875
9 0.3859375 0.0875 0.03359375 0.01796875
15 0.1296875 0.87890625 0.00546875 0.01015625
15 0.12265625 0.87890625 0.00546875 0.0109375
15 0.8921875 0.88125 0.0046875 0.01015625
15 0.746875 0.88125 0.00546875 0.0109375
15 0.73984375 0.88125 0.00546875 0.01015625
15 0.9109375 0.88203125 0.00625 0.0109375
1 0.8984375 0.88203125 0.0046875 0.01171875
15 0.90390625 0.88203125 0.00546875 0.01015625
15 0.67890625 0.88203125 0.0125 0.00390625
4 0.084375 0.8890625 0.0453125 0.03359375
15 0.66796875 0.896875 0.0125 0.003125
15 0.6921875 0.89765625 0.0140625 0.00546875
1 0.2890625 0.08984375 0.015625 0.00625
1 0.66796875 0.9015625 0.015625 0.0046875
1 0.69140625 0.9078125 0.0140625 0.0046875
15 0.69296875 0.91328125 0.01796875 0.00625
15 0.61015625 0.92421875 0.0046875 0.01015625
15 0.60390625 0.92421875 0.00390625 0.009375
15 0.6484375 0.92421875 0.0046875 0.009375
1 0.59765625 0.92421875 0.00625 0.0125
15 0.6546875 0.92421875 0.00546875 0.01171875
15 0.6359375 0.925 0.0046875 0.0109375
15 0.1421875 0.9265625 0.01328125 0.00390625
15 0.125 0.9265625 0.01328125 0.00546875
15 0.90546875 0.93046875 0.0140625 0.00390625
1 0.9359375 0.93046875 0.01484375 0.0046875
15 0.85078125 0.93046875 0.00546875 0.01015625
15 0.92109375 0.93125 0.0125 0.0046875
1 0.125 0.93203125 0.0140625 0.00546875
1 0.1421875 0.93203125 0.01484375 0.0046875
15 0.65859375 0.934375 0.0109375 0.00390625
1 0.85078125 0.94296875 0.0046875 0.0109375
1 0.84296875 0.94296875 0.00625 0.01171875
9 0.13984375 0.946875 0.0515625 0.02265625
15 0.7515625 0.94921875 0.0046875 0.01015625
15 0.7578125 0.94921875 0.00625 0.0109375
15 0.19140625 0.0953125 0.00625 0.01015625
15 0.20390625 0.0953125 0.00625 0.01015625
15 0.1 0.95390625 0.0046875 0.01015625
15 0.09453125 0.95390625 0.00546875 0.0109375
1 0.196875 0.0953125 0.0046875 0.0109375
1 0.4390625 0.95859375 0.0125 0.0046875
15 0.96171875 0.959375 0.00625 0.01015625
15 0.2171875 0.09609375 0.0046875 0.0109375
1 0.12109375 0.96171875 0.01484375 0.0046875
9 0.409375 0.96171875 0.03671875 0.0234375
15 0.38359375 0.9625 0.00546875 0.01015625
1 0.37734375 0.96328125 0.0046875 0.0109375
15 0.4375 0.9640625 0.01171875 0.00390625
15 0.45234375 0.9640625 0.01171875 0.00390625
15 0.453125 0.96875 0.01171875 0.0046875
15 0.43828125 0.96875 0.01171875 0.00390625
20 0.69765625 0.96953125 0.01796875 0.01328125
15 0.1109375 0.96953125 0.00546875 0.01015625
20 0.7171875 0.96953125 0.0171875 0.01328125
15 0.12421875 0.96953125 0.00625 0.01015625
20 0.73671875 0.96953125 0.01953125 0.0140625
15 0.1171875 0.9703125 0.00546875 0.01015625
15 0.6625 0.9703125 0.00625 0.0109375
15 0.6765625 0.97109375 0.0046875 0.01015625
15 0.68359375 0.97109375 0.0046875 0.01015625
4 0.75625 0.971875 0.01953125 0.03046875
15 0.37890625 0.9734375 0.0125 0.00546875
15 0.45390625 0.9734375 0.0125 0.0046875
15 0.4390625 0.97421875 0.0125 0.0046875
4 0.2671875 0.97421875 0.19765625 0.0359375
15 0.69765625 0.9796875 0.01171875 0.0046875
15 0.7125 0.9796875 0.01171875 0.0046875
1 0.309375 0.103125 0.00546875 0.0109375
15 0.228125 0.11640625 0.01328125 0.0046875
1 0.228125 0.125 0.01328125 0.00390625
15 0.1015625 0.13203125 0.01328125 0.00390625
1 0.08515625 0.1328125 0.01484375 0.0046875
1 0.121875 0.13359375 0.0140625 0.0046875
15 0.10078125 0.1375 0.01171875 0.0046875
1 0.084375 0.1375 0.01484375 0.0046875
15 0.22890625 0.1484375 0.0125 0.00546875
20 0.21015625 0.15 0.0171875 0.01328125
9 0.1453125 0.153125 0.0296875 0.03359375
15 0.228125 0.15390625 0.01328125 0.00390625
1 0.1703125 0.16015625 0.01328125 0.00390625
1 0.215625 0.16328125 0.00625 0.0109375
1 0.1703125 0.16484375 0.0140625 0.00390625
15 0.22734375 0.1734375 0.01484375 0.0046875
15 0.23203125 0.18125 0.0046875 0.009375
15 0.23203125 0.19375 0.00625 0.01015625
15 0.2234375 0.20234375 0.0125 0.00390625
15 0.20625 0.203125 0.01328125 0.00390625
9 0.14453125 0.20703125 0.0296875 0.0109375
15 0.22265625 0.2078125 0.0109375 0.00390625
15 0.2234375 0.2125 0.01328125 0.00546875
1 0.153125 0.2140625 0.0140625 0.00390625
1 0.13515625 0.21484375 0.0140625 0.00390625
15 0.22421875 0.2171875 0.0125 0.00390625
15 0.2078125 0.2171875 0.01328125 0.0046875
15 0.20859375 0.221875 0.0125 0.00390625
15 0.22265625 0.22265625 0.0109375 0.0046875
15 0.2078125 0.22734375 0.0125 0.00390625
15 0.2234375 0.228125 0.0125 0.0046875
15 0.203125 0.23203125 0.01328125 0.00390625
1 0.225 0.2328125 0.01484375 0.0046875
15 0.2140625 0.2359375 0.0046875 0.009375
15 0.203125 0.23671875 0.0125 0.00390625
1 0.225 0.2375 0.01328125 0.00390625
9 0.1484375 0.24296875 0.03046875 0.0328125
1 0.19609375 0.2484375 0.00546875 0.0109375
1 0.22421875 0.2609375 0.01328125 0.0046875
20 0.20703125 0.26484375 0.01875 0.01328125
1 0.225 0.265625 0.0140625 0.003125
15 0.22421875 0.2703125 0.01171875 0.0046875
15 0.20703125 0.275 0.0140625 0.00390625
15 0.2234375 0.27578125 0.01171875 0.0046875
9 0.146875 0.2796875 0.03046875 0.03203125
1 0.20703125 0.2796875 0.0140625 0.00390625
1 0.22421875 0.28046875 0.0125 0.00390625
15 0.20703125 0.28515625 0.01328125 0.00390625
15 0.2234375 0.28515625 0.01328125 0.00390625
15 0.2234375 0.290625 0.01171875 0.00390625
15 0.2296875 0.2984375 0.0046875 0.00859375
15 0.2296875 0.31015625 0.00390625 0.01015625
9 0.153125 0.353125 0.05390625 0.04296875
1 0.10859375 0.36328125 0.0140625 0.00625