2 0.88984375 0.33359375 0.01640625 0.00703125
16 0.54140625 0.021875 0.01328125 0.01484375
2 0.890625 0.33984375 0.0171875 0.00859375
16 0.11875 0.090625 0.009375 0.01171875
16 0.128125 0.0890625 0.0109375 0.01328125
16 0.37734375 0.4328125 0.01953125 0.01015625
16 0.10859375 0.0921875 0.01015625 0.01171875
2 0.50390625 0.42890625 0.22734375 0.16640625
16 0.2171875 0.48046875 0.01640625 0.00703125
2 0.25078125 0.47578125 0.0171875 0.0078125
2 0.26796875 0.4734375 0.01640625 0.0078125
2 0.89765625 0.38046875 0.0171875 0.00859375
2 0.28046875 0.48203125 0.01171875 0.01328125
16 0.246875 0.4875 0.0109375 0.01171875
16 0.25625 0.48671875 0.00859375 0.01015625
16 0.30390625 0.47890625 0.01015625 0.01171875
2 0.28984375 0.48125 0.009375 0.0109375
16 0.29609375 0.48046875 0.009375 0.0109375
16 0.2734375 0.484375 0.009375 0.01015625
16 0.26328125 0.4859375 0.009375 0.01015625
16 0.2296875 0.49140625 0.0109375 0.0109375
16 0.240625 0.490625 0.0109375 0.01328125
2 0.9 0.3859375 0.01640625 0.00859375
4 0.94453125 0.37890625 0.10625 0.17109375
16 0.22265625 0.49375 0.009375 0.01015625
2 0.40546875 0.47265625 0.0203125 0.009375
16 0.246875 0.5 0.01015625 0.01171875
16 0.26015625 0.49765625 0.009375 0.01171875
16 0.2953125 0.49296875 0.009375 0.0125
2 0.2890625 0.49375 0.009375 0.0125
16 0.23359375 0.50234375 0.0109375 0.01328125
16 0.26796875 0.496875 0.009375 0.0125
2 0.2546875 0.5 0.01015625 0.0140625
2 0.28203125 0.4953125 0.009375 0.01171875
16 0.275 0.49609375 0.0109375 0.01328125
16 0.23984375 0.5015625 0.01015625 0.01328125
16 0.2265625 0.50546875 0.01015625 0.0125
2 0.3140625 0.49921875 0.01640625 0.00703125
2 0.90703125 0.41015625 0.01640625 0.00625
2 0.315625 0.50546875 0.01796875 0.00859375
2 0.37890625 0.496875 0.01796875 0.00859375
16 0.31640625 0.509375 0.015625 0.00703125
16 0.26953125 0.0734375 0.0171875 0.00859375
16 0.31796875 0.51484375 0.01640625 0.00703125
2 0.37578125 0.50703125 0.01015625 0.0109375
16 0.91171875 0.42265625 0.009375 0.0109375
2 0.91875 0.421875 0.009375 0.0125
16 0.3203125 0.5203125 0.01640625 0.00703125
2 0.553125 0.0296875 0.009375 0.01171875
2 0.321875 0.52578125 0.01640625 0.00703125
16 0.5828125 0.4875 0.0171875 0.0078125
16 0.32265625 0.53046875 0.01640625 0.00703125
16 0.91875 0.4375 0.01484375 0.00625
16 0.32421875 0.5359375 0.01796875 0.00859375
2 0.51640625 0.50546875 0.009375 0.0125
2 0.44375 0.51796875 0.01015625 0.01328125
16 0.9203125 0.44296875 0.0140625 0.00703125
16 0.3265625 0.54296875 0.01640625 0.0078125
16 0.921875 0.4484375 0.01484375 0.00625
16 0.28125 0.55390625 0.009375 0.0125
2 0.26796875 0.55625 0.0078125 0.0109375
16 0.3171875 0.5484375 0.009375 0.01171875
16 0.27421875 0.55546875 0.009375 0.0125
16 0.28828125 0.553125 0.00859375 0.01171875
16 0.30234375 0.5515625 0.01015625 0.0140625
2 0.31015625 0.55 0.01015625 0.0125
16 0.29453125 0.55234375 0.01015625 0.01328125
2 0.2421875 0.5609375 0.009375 0.01171875
2 0.3296875 0.5484375 0.01640625 0.00703125
16 0.9234375 0.45390625 0.01484375 0.00625
2 0.3328125 0.5546875 0.01640625 0.00703125
16 0.38671875 0.5484375 0.01015625 0.01328125
16 0.31796875 0.56015625 0.015625 0.00703125
16 0.3796875 0.55 0.0109375 0.01328125
16 0.39375 0.54765625 0.0109375 0.01484375
2 0.3453125 0.55703125 0.009375 0.01171875
2 0.28828125 0.56640625 0.009375 0.01171875
16 0.27421875 0.56875 0.0109375 0.01171875
2 0.26640625 0.5703125 0.009375 0.01171875
2 0.259375 0.57109375 0.009375 0.01171875
16 0.29453125 0.565625 0.009375 0.0125
2 0.253125 0.5734375 0.0109375 0.01328125
2 0.2453125 0.57421875 0.009375 0.0109375
2 0.28046875 0.56875 0.009375 0.0125
2 0.3015625 0.565625 0.009375 0.01171875
2 0.30859375 0.565625 0.0078125 0.01171875
16 0.31953125 0.56484375 0.01640625 0.00703125
16 0.27109375 0.07890625 0.01640625 0.00703125
16 0.365625 0.5640625 0.01171875 0.01328125
16 0.359375 0.565625 0.009375 0.01171875
2 0.3 0.5765625 0.01875 0.0078125
16 0.25078125 0.584375 0.01875 0.00703125
2 0.28125 0.57890625 0.0171875 0.0078125
16 0.2671875 0.58203125 0.015625 0.00703125
2 0.33046875 0.571875 0.015625 0.00625
16 0.56484375 0.5359375 0.0109375 0.01484375
16 0.57578125 0.53515625 0.01171875 0.01171875
16 0.4671875 0.55234375 0.01015625 0.01171875
16 0.37734375 0.56640625 0.01015625 0.01171875
16 0.4078125 0.56171875 0.0109375 0.0125
20 0.540625 0.0375 0.0203125 0.01640625
2 0.3296875 0.57734375 0.01640625 0.00625
2 0.18828125 0.6109375 0.0109375 0.0125
16 0.21171875 0.0921875 0.01640625 0.0078125
9 0.134375 0.63125 0.04375 0.03828125
9 0.1703125 0.62578125 0.04453125 0.03671875
2 0.2203125 0.62109375 0.01015625 0.01171875
2 0.1109375 0.64453125 0.01171875 0.01328125
16 0.84609375 0.53515625 0.0234375 0.009375
16 0.8640625 0.53203125 0.01484375 0.00703125
16 0.878125 0.53046875 0.01796875 0.0078125
16 0.22890625 0.09140625 0.0171875 0.00859375
16 0.8796875 0.5359375 0.01875 0.0078125
2 0.153125 0.65234375 0.01171875 0.01328125
20 0.80390625 0.5515625 0.021875 0.0171875
20 0.821875 0.54921875 0.0234375 0.01875
20 0.8640625 0.54375 0.01953125 0.01640625
16 0.6125 0.584375 0.015625 0.00703125
20 0.846875 0.546875 0.0234375 0.0171875
2 0.14140625 0.659375 0.01796875 0.0078125
16 0.59765625 0.58671875 0.0140625 0.00703125
2 0.5546875 0.040625 0.00859375 0.0109375
2 0.07734375 0.67578125 0.0171875 0.00859375
16 0.59453125 0.59375 0.01640625 0.0078125
16 0.82578125 0.56015625 0.01640625 0.0078125
16 0.809375 0.5625 0.01640625 0.00625
16 0.5765625 0.60078125 0.0171875 0.00859375
16 0.0625 0.68359375 0.01875 0.009375
16 0.23984375 0.6609375 0.01171875 0.01171875
2 0.27265625 0.6578125 0.01796875 0.0078125
2 0.90625 0.56796875 0.01640625 0.00703125
16 0.88671875 0.57265625 0.009375 0.0125
16 0.89453125 0.571875 0.009375 0.0140625
16 0.0734375 0.70625 0.01953125 0.0078125
2 0.21484375 0.09765625 0.01640625 0.0078125
16 0.075 0.71328125 0.01875 0.0078125
4 0.409375 0.66015625 0.40078125 0.09296875
16 0.77109375 0.60390625 0.00859375 0.01015625
2 0.78671875 0.6015625 0.0109375 0.01171875
16 0.77890625 0.60234375 0.009375 0.0125
16 0.82578125 0.59765625 0.01171875 0.01171875
16 0.24453125 0.09375 0.0171875 0.0078125
9 0.16640625 0.70546875 0.1234375 0.10625
2 0.790625 0.61484375 0.009375 0.01171875
2 0.86328125 0.60390625 0.009375 0.01171875
2 0.72109375 0.6265625 0.0515625 0.03671875
16 0.85546875 0.60546875 0.01171875 0.01328125
2 0.76875 0.61953125 0.009375 0.0125
2 0.82890625 0.61015625 0.01015625 0.01171875
2 0.784375 0.61796875 0.01015625 0.01328125
2 0.77734375 0.61875 0.0125 0.01484375
2 0.7609375 0.62109375 0.01015625 0.0125
2 0.96015625 0.6015625 0.009375 0.01171875
2 0.084375 0.7421875 0.03359375 0.02109375
2 0.1234375 0.73671875 0.009375 0.0125
16 0.89140625 0.61484375 0.01484375 0.00703125
16 0.234375 0.72109375 0.02265625 0.009375
2 0.89296875 0.621875 0.01796875 0.00859375
2 0.12734375 0.74921875 0.009375 0.01171875
2 0.23203125 0.7328125 0.01484375 0.0078125
9 0.70546875 0.65859375 0.0640625 0.03359375
2 0.0875 0.7609375 0.028125 0.01953125
2 0.1125 0.7609375 0.02890625 0.02421875
2 0.89765625 0.63671875 0.01640625 0.00703125
2 0.13046875 0.76015625 0.009375 0.0109375
2 0.20703125 0.74921875 0.015625 0.00703125
2 0.1859375 0.75625 0.0109375 0.01328125
16 0.14921875 0.7625 0.0109375 0.01328125
16 0.14140625 0.76328125 0.01015625 0.01484375
2 0.74140625 0.675 0.0171875 0.00859375
16 0.725 0.678125 0.01796875 0.00859375
2 0.9015625 0.653125 0.01640625 0.00703125
2 0.69609375 0.68671875 0.04140625 0.028125
4 0.42890625 0.73046875 0.40390625 0.096875
9 0.825 0.67265625 0.1734375 0.12578125
16 0.7484375 0.69609375 0.015625 0.00703125
16 0.9109375 0.671875 0.015625 0.00859375
16 0.228125 0.10625 0.01640625 0.00859375
2 0.746875 0.70234375 0.01796875 0.00859375
2 0.72578125 0.70625 0.01640625 0.0078125
2 0.91015625 0.6828125 0.01640625 0.00703125
2 0.9125 0.68828125 0.0171875 0.00859375
2 0.6109375 0.73671875 0.0171875 0.01015625
16 0.75390625 0.7171875 0.01640625 0.0078125
2 0.321875 0.7875 0.0171875 0.00859375
16 0.9140625 0.69375 0.01640625 0.00703125
16 0.24609375 0.10546875 0.0109375 0.01171875
2 0.92734375 0.69375 0.0109375 0.0125
2 0.10234375 0.82578125 0.034375 0.01953125
2 0.75546875 0.7234375 0.0140625 0.00703125
16 0.9390625 0.69453125 0.01484375 0.00625
16 0.915625 0.69921875 0.01640625 0.00703125
16 0.9171875 0.70390625 0.015625 0.00625
2 0.75546875 0.73046875 0.01875 0.00625
16 0.91953125 0.70859375 0.01796875 0.00703125
2 0.12109375 0.8390625 0.02890625 0.02109375
2 0.89453125 0.72109375 0.01640625 0.00703125
2 0.86328125 0.7296875 0.01171875 0.0140625
2 0.8546875 0.73125 0.01171875 0.01171875
4 0.4484375 0.79921875 0.41015625 0.10390625
16 0.8984375 0.728125 0.00859375 0.009375
16 0.89140625 0.73046875 0.009375 0.01328125
16 0.86171875 0.74140625 0.01640625 0.00703125
9 0.13359375 0.8578125 0.05625 0.0359375
16 0.90078125 0.74140625 0.01171875 0.01171875
16 0.89453125 0.7421875 0.009375 0.01171875
16 0.86328125 0.74765625 0.0171875 0.00859375
16 0.8875 0.7484375 0.01171875 0.01328125
16 0.48125 0.815625 0.009375 0.0109375
2 0.490625 0.8140625 0.01015625 0.01328125
16 0.92109375 0.74609375 0.01015625 0.0140625
2 0.4734375 0.8171875 0.009375 0.01015625
16 0.90078125 0.75078125 0.015625 0.00703125
16 0.140625 0.8734375 0.01953125 0.0078125
16 0.16171875 0.8703125 0.0171875 0.0078125
16 0.16328125 0.8765625 0.015625 0.00703125
16 0.14921875 0.87890625 0.01640625 0.00703125
2 0.39609375 0.84140625 0.05703125 0.034375
16 0.77734375 0.78203125 0.0125 0.01171875
2 0.82109375 0.77890625 0.01484375 0.00859375
2 0.15 0.8859375 0.0171875 0.0078125
16 0.165625 0.88359375 0.01796875 0.00859375
16 0.803125 0.7828125 0.021875 0.0109375
2 0.1671875 0.88828125 0.01640625 0.00546875
2 0.1515625 0.89140625 0.01796875 0.00703125
2 0.58046875 0.8234375 0.01796875 0.0078125
2 0.50390625 0.83671875 0.01796875 0.00859375
2 0.1875 0.903125 0.015625 0.0078125
2 0.203125 0.90078125 0.0171875 0.00859375
16 0.21875 0.8984375 0.0171875 0.0078125
16 0.978125 0.7796875 0.01171875 0.01171875
4 0.46796875 0.865625 0.4109375 0.10078125
2 0.18359375 0.9125 0.01640625 0.00625
2 0.14765625 0.92265625 0.01796875 0.0078125
2 0.16640625 0.9203125 0.0171875 0.00859375
16 0.21484375 0.12109375 0.01796875 0.00859375
2 0.14765625 0.92890625 0.01640625 0.00703125
16 0.7375 0.83671875 0.0171875 0.0078125
16 0.75390625 0.834375 0.01640625 0.00703125
16 0.1328125 0.93515625 0.0140625 0.00703125
2 0.15 0.93359375 0.0171875 0.00859375
2 0.8296875 0.82734375 0.0109375 0.0125
16 0.8078125 0.83359375 0.0109375 0.01328125
2 0.8234375 0.83125 0.009375 0.01171875
16 0.8484375 0.828125 0.015625 0.00703125
16 0.8015625 0.8359375 0.01015625 0.0140625
16 0.7609375 0.8421875 0.009375 0.01171875
16 0.72578125 0.84765625 0.0078125 0.01171875
2 0.73359375 0.846875 0.009375 0.01171875
2 0.7484375 0.84453125 0.00859375 0.0109375
16 0.74140625 0.84609375 0.0109375 0.01171875
2 0.7546875 0.84375 0.00859375 0.01171875
16 0.921875 0.8171875 0.015625 0.0078125
2 0.71796875 0.85 0.01171875 0.01328125
16 0.86328125 0.82734375 0.01484375 0.00625
2 0.15078125 0.940625 0.01640625 0.0078125
2 0.1359375 0.94375 0.01796875 0.0078125
16 0.83828125 0.8328125 0.01015625 0.01328125
2 0.25625 0.9265625 0.01875 0.01015625
16 0.178125 0.12890625 0.009375 0.0125
16 0.18515625 0.12734375 0.0109375 0.01171875
2 0.15234375 0.94609375 0.01484375 0.00625
16 0.1359375 0.95 0.01640625 0.00703125
2 0.15234375 0.953125 0.0171875 0.0078125
16 0.13828125 0.9546875 0.01640625 0.00625
16 0.71796875 0.86484375 0.015625 0.00859375
2 0.13828125 0.959375 0.015625 0.00703125
2 0.7203125 0.86953125 0.015625 0.00625
16 0.7015625 0.87265625 0.0171875 0.00859375
16 0.88203125 0.84453125 0.01953125 0.00859375
16 0.86015625 0.8484375 0.0171875 0.0078125
2 0.15546875 0.9609375 0.0171875 0.0078125
2 0.14140625 0.96484375 0.01484375 0.00703125
2 0.72265625 0.87578125 0.01484375 0.00625
16 0.7046875 0.878125 0.0140625 0.00625
16 0.86171875 0.85390625 0.0171875 0.00859375
2 0.1421875 0.96953125 0.01640625 0.00703125
2 0.15703125 0.96796875 0.01640625 0.00703125
9 0.2125 0.95546875 0.11328125 0.08828125
16 0.86484375 0.86171875 0.01640625 0.00703125
16 0.159375 0.97421875 0.01640625 0.00703125
16 0.14140625 0.978125 0.009375 0.01171875
16 0.865625 0.8671875 0.015625 0.00703125
16 0.16171875 0.98046875 0.01640625 0.0078125
9 0.7953125 0.88046875 0.1421875 0.08828125
2 0.14765625 0.98671875 0.0171875 0.0078125
16 0.16328125 0.98515625 0.01640625 0.00703125
2 0.26953125 0.96953125 0.01640625 0.00703125
4 0.48828125 0.9359375 0.40234375 0.1046875
16 0.86953125 0.875 0.0171875 0.00703125
2 0.14921875 0.99140625 0.01640625 0.00703125
16 0.8703125 0.88203125 0.01640625 0.00703125
16 0.15078125 0.996875 0.0171875 0.00546875
16 0.8734375 0.88828125 0.01640625 0.00703125
2 0.30078125 0.98515625 0.0171875 0.00859375
2 0.384375 0.97734375 0.01640625 0.00703125
16 0.30390625 0.990625 0.01640625 0.0078125
16 0.36875 0.98046875 0.01640625 0.00703125
2 0.87421875 0.90078125 0.0171875 0.0078125
2 0.38515625 0.98203125 0.01484375 0.00703125
2 0.26171875 0.9984375 0.01796875 0.0015625
16 0.3703125 0.98515625 0.01640625 0.00625
2 0.38671875 0.9875 0.01484375 0.00625
16 0.68515625 0.93984375 0.01640625 0.00703125
16 0.371875 0.990625 0.01640625 0.00703125
16 0.8359375 0.9171875 0.009375 0.01015625
2 0.84296875 0.91640625 0.009375 0.01015625
16 0.90390625 0.90625 0.01015625 0.01328125
2 0.828125 0.91953125 0.009375 0.01171875
16 0.79296875 0.925 0.01015625 0.01328125
2 0.82109375 0.9203125 0.009375 0.01171875
16 0.67109375 0.94453125 0.01796875 0.00859375
16 0.859375 0.91484375 0.01171875 0.01328125
2 0.85234375 0.915625 0.01171875 0.01171875
16 0.78671875 0.9265625 0.009375 0.0109375
16 0.7796875 0.928125 0.01015625 0.01328125
2 0.77265625 0.92890625 0.009375 0.01171875
2 0.38828125 0.99296875 0.01640625 0.00703125
16 0.37265625 0.9953125 0.01640625 0.00703125
16 0.84453125 0.925 0.01640625 0.00703125
16 0.775 0.9375 0.01484375 0.0078125
16 0.82578125 0.9328125 0.009375 0.0109375
16 0.1828125 0.1375 0.01796875 0.00703125
16 0.8328125 0.93125 0.009375 0.01171875
16 0.846875 0.93046875 0.01796875 0.00703125
4 0.5078125 0.97578125 0.40625 0.046875
16 0.2 0.13671875 0.01640625 0.0078125
16 0.95 0.9359375 0.009375 0.0078125
16 0.77109375 0.965625 0.009375 0.00546875
16 0.76328125 0.96640625 0.01015625 0.00625
16 0.0046875 0.1765625 0.009375 0.0140625
16 0.46640625 0.1109375 0.01875 0.00859375
16 0.434375 0.115625 0.01875 0.0109375
16 0.4515625 0.1140625 0.0140625 0.00703125
16 0.00625 0.1890625 0.0109375 0.01328125
2 0.4515625 0.14375 0.01015625 0.01171875
2 0.34609375 0.21015625 0.01484375 0.01796875
16 0.3203125 0.2203125 0.01640625 0.00703125
16 0.334375 0.21796875 0.015625 0.00625
2 0.06484375 0.2703125 0.009375 0.01328125
2 0.1171875 0.2640625 0.0125 0.01640625
9 0.09296875 0.2734375 0.05078125 0.04296875
2 0.0671875 0.28125 0.009375 0.01015625
2 0.23984375 0.2625 0.0078125 0.009375
16 0.11953125 0.2828125 0.0140625 0.0125
16 0.0734375 0.29453125 0.0140625 0.01640625
16 0.11171875 0.2953125 0.025 0.01171875
2 0.28359375 0.27265625 0.01171875 0.01328125
2 0.29140625 0.2734375 0.01015625 0.01328125
16 0.11796875 0.30546875 0.01015625 0.0125
16 0.2859375 0.284375 0.01640625 0.0078125
16 0.54609375 0.00703125 0.0125 0.01328125
2 0.28046875 0.290625 0.0171875 0.0078125
16 0.53671875 0.00859375 0.00859375 0.01015625
20 0.103125 0.3359375 0.07265625 0.05859375
4 0.79296875 0.25859375 0.2234375 0.5171875
4 0.69609375 0.2734375 0.22421875 0.54609375
4 0.74765625 0.2734375 0.2015625 0.546875
16 0.12890625 0.365625 0.01796875 0.00859375
20 0.10859375 0.3890625 0.0484375 0.05
20 0.50625 0.0203125 0.065625 0.03671875
16 0.053125 0.41875 0.01640625 0.00703125
2 0.0546875 0.4234375 0.01640625 0.00703125
2 0.06796875 0.42265625 0.009375 0.0125
16 0.8796875 0.30703125 0.015625 0.00703125
16 0.5484375 0.01796875 0.009375 0.01171875
16 0.88125 0.31171875 0.01640625 0.00703125
2 0.884375 0.3171875 0.01484375 0.00703125
2 0.8859375 0.32265625 0.015625 0.00703125
2 0.88671875 0.32890625 0.0171875 0.00703125