14 0.1875 0.228125 0.09765625 0.07890625
14 0.55859375 0.13359375 0.4609375 0.2
19 0.2359375 0.25546875 0.025 0.03828125
19 0.17109375 0.28203125 0.02578125 0.0375
19 0.24140625 0.290625 0.025 0.03359375
4 0.309375 0.27578125 0.05078125 0.0484375
13 0.78046875 0.1390625 0.0375 0.034375
21 0.8078125 0.13046875 0.01015625 0.015625
19 0.175 0.3171875 0.0265625 0.03828125
14 0.209375 0.3109375 0.0578125 0.13359375
21 0.8078125 0.15 0.01015625 0.02109375
21 0.8015625 0.1515625 0.00625 0.015625
1 0.7453125 0.16953125 0.00546875 0.009375
21 0.771875 0.16328125 0.00625 0.0125
21 0.784375 0.1609375 0.00859375 0.01328125
3 0.76015625 0.17109375 0.0171875 0.03046875
19 0.2453125 0.3234375 0.02421875 0.03359375
17 0.746875 0.1828125 0.00703125 0.01328125
19 0.1796875 0.3484375 0.0265625 0.0375
21 0.77578125 0.18046875 0.00625 0.00703125
21 0.7828125 0.17890625 0.00546875 0.01171875
21 0.8109375 0.175 0.01640625 0.0328125
21 0.7953125 0.1796875 0.009375 0.025
21 0.79609375 0.19921875 0.0109375 0.00859375
13 0.2953125 0.34921875 0.01171875 0.0265625
21 0.80390625 0.20078125 0.00546875 0.01328125
1 0.4671875 0.3015625 0.01875 0.01640625
21 0.79609375 0.2078125 0.0109375 0.009375
13 0.31328125 0.35 0.01796875 0.0171875
1 0.75078125 0.23203125 0.00625 0.0078125
9 0.7765625 0.2265625 0.03671875 0.07421875
13 0.315625 0.36328125 0.0171875 0.01640625
1 0.48046875 0.315625 0.01171875 0.02578125
1 0.4578125 0.32265625 0.009375 0.028125
9 0.46875 0.31953125 0.01796875 0.0265625
21 0.81484375 0.22109375 0.00859375 0.009375
1 0.79609375 0.2296875 0.00625 0.0125
1 0.746875 0.2453125 0.015625 0.01328125
1 0.80703125 0.2296875 0.01015625 0.025
17 0.68671875 0.27421875 0.01875 0.02890625
1 0.59296875 0.3046875 0.015625 0.0421875
1 0.75234375 0.26328125 0.00859375 0.0234375
13 0.7 0.28515625 0.0109375 0.028125
1 0.7609375 0.26875 0.01015625 0.02421875
1 0.54921875 0.33203125 0.015625 0.02578125
14 0.2140625 0.434375 0.10390625 0.146875
19 0.15 0.45546875 0.02578125 0.03828125
21 0.315625 0.4078125 0.009375 0.02578125
1 0.35078125 0.39921875 0.01015625 0.0265625
1 0.6578125 0.3109375 0.0171875 0.015625
1 0.60859375 0.3265625 0.009375 0.025
1 0.37578125 0.396875 0.01796875 0.0140625
1 0.6265625 0.32421875 0.009375 0.021875
1 0.75546875 0.2890625 0.009375 0.0234375
21 0.60234375 0.3359375 0.00546875 0.01171875
1 0.3046875 0.42578125 0.015625 0.0140625
10 0.77265625 0.2890625 0.0265625 0.02421875
21 0.59296875 0.34296875 0.00546875 0.0109375
1 0.65078125 0.33203125 0.009375 0.02421875
1 0.66953125 0.32890625 0.0171875 0.0265625
21 0.6171875 0.35 0.00859375 0.0234375
1 0.38203125 0.428125 0.01875 0.015625
21 0.64453125 0.359375 0.015625 0.0125
21 0.60859375 0.36953125 0.015625 0.0125
21 0.6640625 0.3546875 0.01640625 0.0125
1 0.68359375 0.3484375 0.0171875 0.0140625
1 0.3078125 0.45859375 0.01796875 0.0171875
1 0.38359375 0.4390625 0.0171875 0.015625
21 0.6453125 0.36953125 0.00859375 0.0078125
21 0.6546875 0.3671875 0.00859375 0.0078125
21 0.66328125 0.3640625 0.00859375 0.0078125
21 0.6359375 0.37265625 0.00625 0.00703125
21 0.60390625 0.3890625 0.00546875 0.0109375
21 0.6203125 0.38515625 0.015625 0.0125
21 0.67421875 0.36953125 0.00546875 0.01171875
1 0.6859375 0.365625 0.01640625 0.0140625
9 0.48828125 0.42421875 0.13203125 0.20390625
1 0.43203125 0.4453125 0.0109375 0.025
21 0.634375 0.3890625 0.00859375 0.0078125
21 0.64609375 0.3859375 0.0078125 0.0078125
19 0.26953125 0.4984375 0.02578125 0.03671875
21 0.6703125 0.3875 0.00546875 0.01171875
19 0.20234375 0.525 0.02578125 0.034375
1 0.3140625 0.4921875 0.01640625 0.0140625
21 0.65859375 0.39140625 0.00546875 0.01171875
21 0.6640625 0.390625 0.00546875 0.01171875
21 0.646875 0.3953125 0.0078125 0.0078125
21 0.67734375 0.390625 0.00546875 0.0109375
21 0.62109375 0.41171875 0.01640625 0.0140625
1 0.69375 0.390625 0.0171875 0.01640625
21 0.63671875 0.4078125 0.0078125 0.0234375
1 0.3890625 0.48046875 0.01796875 0.01640625
21 0.65703125 0.41015625 0.015625 0.0125
21 0.64453125 0.4140625 0.00546875 0.0109375
21 0.678125 0.40390625 0.0078125 0.0078125
21 0.609375 0.42421875 0.0046875 0.0109375
21 0.66171875 0.4171875 0.00703125 0.0078125
21 0.6796875 0.4125 0.0078125 0.0078125
19 0.27265625 0.53203125 0.02421875 0.03671875
21 0.7015625 0.40625 0.015625 0.0125
1 0.39453125 0.49765625 0.01015625 0.02578125
1 0.3875 0.5 0.009375 0.025
1 0.32109375 0.521875 0.00859375 0.02421875
1 0.365625 0.5109375 0.0125 0.0265625
1 0.33046875 0.5203125 0.01015625 0.02578125
19 0.20703125 0.5578125 0.0265625 0.03828125
1 0.35234375 0.51484375 0.009375 0.02578125
1 0.37890625 0.5078125 0.01171875 0.0265625
21 0.6296875 0.4359375 0.0078125 0.0125
21 0.6640625 0.4265625 0.0078125 0.00703125
21 0.68125 0.421875 0.00625 0.0078125
21 0.61015625 0.44296875 0.00859375 0.01171875
14 0.2421875 0.553125 0.0578125 0.134375
1 0.5625 0.46171875 0.01171875 0.02578125
21 0.646875 0.440625 0.015625 0.01328125
21 0.66484375 0.4359375 0.015625 0.0125
21 0.68203125 0.43125 0.015625 0.0125
9 0.828125 0.39921875 0.13359375 0.203125
19 0.278125 0.56484375 0.0265625 0.0375
17 0.71328125 0.43828125 0.01796875 0.015625
21 0.61640625 0.46796875 0.015625 0.0125
21 0.68359375 0.44921875 0.00859375 0.0234375
21 0.6609375 0.45703125 0.00859375 0.02421875
19 0.2125 0.590625 0.02578125 0.0390625
19 0.36328125 0.54765625 0.02265625 0.03359375
21 0.69765625 0.45234375 0.015625 0.0125
1 0.33125 0.5609375 0.0140625 0.0390625
1 0.3171875 0.56484375 0.015625 0.0390625
13 0.46875 0.521875 0.0171875 0.0171875
17 0.5 0.51328125 0.0171875 0.01640625
21 0.6515625 0.471875 0.00859375 0.0234375
1 0.628125 0.48203125 0.00859375 0.0234375
21 0.696875 0.471875 0.015625 0.0125
21 0.71328125 0.4671875 0.015625 0.0125
21 0.6828125 0.48359375 0.009375 0.025
8 0.65703125 0.49296875 0.0171875 0.0140625
21 0.70078125 0.48359375 0.015625 0.01328125
17 0.6 0.5171875 0.01796875 0.0171875
1 0.55859375 0.53046875 0.0265625 0.025
1 0.509375 0.55 0.01015625 0.025
21 0.5296875 0.54453125 0.034375 0.04140625
19 0.72578125 0.4890625 0.02265625 0.03671875
8 0.7078125 0.4953125 0.015625 0.01328125
1 0.6015625 0.53046875 0.01796875 0.015625
1 0.6890625 0.51328125 0.009375 0.0234375
3 0.66875 0.52578125 0.03359375 0.040625
1 0.53359375 0.56796875 0.01796875 0.0140625
1 0.64765625 0.5359375 0.009375 0.025
8 0.703125 0.52109375 0.01015625 0.0234375
19 0.5640625 0.56328125 0.0265625 0.03828125
1 0.853125 0.49296875 0.0265625 0.021875
19 0.45390625 0.609375 0.025 0.03828125
14 0.24609375 0.6734375 0.1 0.13359375
19 0.40546875 0.63046875 0.025 0.040625
17 0.6703125 0.55625 0.0171875 0.01640625
19 0.78671875 0.53359375 0.02421875 0.03671875
17 0.81953125 0.525 0.009375 0.025
17 0.8015625 0.53203125 0.01015625 0.0265625
1 0.8109375 0.52890625 0.009375 0.025
19 0.8421875 0.5234375 0.02421875 0.0390625
13 0.67421875 0.57734375 0.028125 0.0296875
13 0.653125 0.58515625 0.009375 0.02578125
19 0.87265625 0.5234375 0.02578125 0.03671875
19 0.43671875 0.65078125 0.0234375 0.0359375
20 0.89453125 0.521875 0.02109375 0.0375
19 0.7171875 0.575 0.02421875 0.03671875
1 0.83671875 0.55078125 0.01796875 0.0171875
19 0.8015625 0.5703125 0.0234375 0.0359375
19 0.6671875 0.61171875 0.025 0.0375
17 0.8390625 0.5640625 0.01796875 0.01640625
19 0.178125 0.75859375 0.02109375 0.03046875
14 0.19765625 0.753125 0.0265625 0.07109375
19 0.47109375 0.675 0.02421875 0.040625
17 0.89375 0.559375 0.01015625 0.0234375
17 0.9046875 0.55703125 0.0109375 0.021875
19 0.3359375 0.728125 0.0234375 0.03671875
20 0.87265625 0.5828125 0.02109375 0.0390625
1 0.853125 0.58984375 0.0109375 0.02578125
20 0.8125 0.609375 0.02734375 0.0328125
19 0.83828125 0.60234375 0.0265625 0.04140625
20 0.78515625 0.6296875 0.0328125 0.059375
17 0.746875 0.64140625 0.009375 0.0234375
17 0.76484375 0.63671875 0.009375 0.025
17 0.75546875 0.640625 0.00859375 0.0234375
19 0.33984375 0.76171875 0.0234375 0.0359375
1 0.7375 0.646875 0.0078125 0.02421875
14 0.44375 0.73203125 0.08671875 0.06796875
19 0.2796875 0.79453125 0.02421875 0.03671875
14 0.3109375 0.79453125 0.06015625 0.1640625
19 0.3453125 0.79375 0.025 0.0375
20 0.82578125 0.6578125 0.03671875 0.06171875
19 0.675 0.70546875 0.0265625 0.0359375
19 0.28359375 0.8265625 0.02578125 0.0390625
19 0.475 0.77578125 0.0265625 0.0390625
17 0.7671875 0.690625 0.009375 0.025
9 0.79765625 0.68359375 0.034375 0.0421875
19 0.609375 0.746875 0.02578125 0.03671875
14 0.57890625 0.76484375 0.03828125 0.1359375
19 0.8671875 0.68515625 0.02265625 0.03359375
14 0.70859375 0.73203125 0.0375 0.1296875
19 0.2890625 0.859375 0.02734375 0.0375
19 0.76484375 0.7265625 0.02421875 0.0359375
19 0.52109375 0.79921875 0.02578125 0.03671875
17 0.790625 0.7234375 0.009375 0.0234375
17 0.80078125 0.71953125 0.00859375 0.02421875
19 0.19609375 0.89921875 0.02265625 0.03203125
14 0.221875 0.89453125 0.02578125 0.06796875
13 0.64765625 0.775 0.10390625 0.08671875
19 0.84375 0.71953125 0.0234375 0.0375
14 0.45703125 0.84453125 0.08515625 0.0609375
14 0.8640625 0.73203125 0.02421875 0.071875
14 0.8171875 0.74609375 0.0234375 0.06953125
19 0.525 0.83359375 0.02421875 0.040625
14 0.284375 0.90703125 0.03984375 0.0546875
19 0.79296875 0.7609375 0.0234375 0.0375
19 0.765625 0.76953125 0.0265625 0.0375
19 0.83984375 0.75546875 0.02265625 0.03359375