1 0.134375 0.66171875 0.05390625 0.046875
13 0.6984375 0.79765625 0.02265625 0.01875
1 0.63359375 0.78359375 0.02890625 0.078125
8 0.5140625 0.76328125 0.0125 0.03203125
1 0.18828125 0.6890625 0.021875 0.015625
13 0.69296875 0.82265625 0.02421875 0.021875
4 0.834375 0.83828125 0.29296875 0.321875
13 0.5109375 0.79609375 0.0140625 0.03515625
9 0.184375 0.72265625 0.05 0.06796875
10 0.01484375 0.68046875 0.02890625 0.08359375
5 0.1140625 0.7171875 0.08828125 0.08125
13 0.6921875 0.85859375 0.021875 0.01875
1 0.6328125 0.84921875 0.05078125 0.0453125
4 0.24453125 0.75546875 0.1078125 0.38671875
1 0.68984375 0.8765625 0.0203125 0.01796875
1 0.18046875 0.76171875 0.02265625 0.01953125
17 0.4171875 0.8203125 0.01875 0.0171875
17 0.415625 0.8390625 0.0171875 0.015625
4 0.55859375 0.8734375 0.109375 0.2515625
4 0.3046875 0.83125 0.2015625 0.2640625
9 0.1640625 0.81796875 0.04140625 0.07421875
1 0.140625 0.81171875 0.0109375 0.0296875
17 0.190625 0.82421875 0.01015625 0.02890625
4 0.053125 0.81171875 0.1046875 0.13671875
1 0.7921875 0.1515625 0.02890625 0.07890625
1 0.35 0.059375 0.02109375 0.01875
17 0.17265625 0.02265625 0.02265625 0.01875
1 0.12734375 0.0140625 0.0125 0.028125
17 0.1421875 0.01796875 0.0125 0.03046875
4 0.7296875 0.16875 0.06484375 0.0546875
4 0.9078125 0.22890625 0.184375 0.28828125
1 0.66796875 0.171875 0.02109375 0.01796875
17 0.66640625 0.18828125 0.0203125 0.01640625
1 0.76015625 0.23203125 0.0203125 0.0171875
1 0.69296875 0.22421875 0.0109375 0.02734375
17 0.63046875 0.21015625 0.0109375 0.03046875
5 0.66015625 0.225 0.05234375 0.06328125
9 0.721875 0.2390625 0.05 0.06171875
17 0.759375 0.25 0.0203125 0.0171875
13 0.75546875 0.27265625 0.021875 0.015625
17 0.23671875 0.1734375 0.0109375 0.03125
17 0.26796875 0.18125 0.0125 0.03046875
17 0.24765625 0.17734375 0.01015625 0.02890625
17 0.25703125 0.1796875 0.0109375 0.03125
1 0.13125 0.16015625 0.01171875 0.03046875
17 0.28359375 0.19765625 0.0109375 0.02890625
1 0.56640625 0.26640625 0.03203125 0.0265625
1 0.11484375 0.1609375 0.01484375 0.03515625
17 0.7203125 0.30546875 0.0109375 0.03125
17 0.70859375 0.30390625 0.0109375 0.03125
17 0.3578125 0.22265625 0.021875 0.01875
13 0.54296875 0.2734375 0.0109375 0.0296875
1 0.52265625 0.26953125 0.0125 0.0296875
1 0.4953125 0.26484375 0.01015625 0.02890625
8 0.63046875 0.296875 0.03203125 0.0265625
1 0.56015625 0.290625 0.0234375 0.01640625
8 0.1125 0.1890625 0.0328125 0.02734375
21 0.56796875 0.3140625 0.01953125 0.0171875
21 0.51484375 0.30078125 0.0203125 0.0171875
1 0.6171875 0.3421875 0.01796875 0.04921875
1 0.56875 0.3375 0.03359375 0.028125
21 0.5046875 0.3265625 0.01953125 0.015625
1 0.47578125 0.321875 0.0109375 0.03125
17 0.14140625 0.2453125 0.0125 0.03203125
17 0.0828125 0.23828125 0.01953125 0.015625
9 0.50234375 0.34609375 0.0171875 0.02578125
21 0.51796875 0.35078125 0.0109375 0.028125
17 0.08046875 0.25703125 0.01953125 0.015625
21 0.540625 0.36640625 0.0109375 0.02890625
1 0.43984375 0.3453125 0.01875 0.015625
1 0.4625 0.35078125 0.01875 0.01484375
9 0.68515625 0.40390625 0.1171875 0.17421875
1 0.55703125 0.3828125 0.0109375 0.03046875
1 0.5 0.3703125 0.0203125 0.0171875
9 0.1109375 0.28359375 0.040625 0.04609375
1 0.45703125 0.36640625 0.02109375 0.01796875
1 0.29765625 0.35078125 0.196875 0.290625
1 0.6078125 0.42421875 0.01875 0.04765625
13 0.49453125 0.39765625 0.03359375 0.028125
1 0.08125 0.30390625 0.021875 0.01875
1 0.53125 0.41640625 0.021875 0.01796875
1 0.46953125 0.4078125 0.0140625 0.03203125
1 0.55078125 0.43046875 0.01015625 0.03125
17 0.10546875 0.328125 0.01171875 0.03203125
1 0.49140625 0.4234375 0.01953125 0.015625
8 0.603125 0.47578125 0.01796875 0.04921875
1 0.54296875 0.4671875 0.01875 0.015625
4 0.89140625 0.55078125 0.2171875 0.28671875
1 0.45390625 0.446875 0.0203125 0.015625
1 0.51953125 0.4625 0.021875 0.01640625
1 0.43125 0.44296875 0.0203125 0.0171875
4 0.0390625 0.35234375 0.078125 0.40625
1 0.49765625 0.4625 0.02109375 0.03515625
17 0.62109375 0.50546875 0.01015625 0.028125
17 0.71015625 0.53671875 0.0109375 0.03203125
8 0.7265625 0.540625 0.01796875 0.0484375
17 0.63046875 0.51953125 0.0125 0.02734375
17 0.67421875 0.5296875 0.0125 0.03125
17 0.64609375 0.525 0.0109375 0.02890625
17 0.6578125 0.528125 0.009375 0.02734375
17 0.6015625 0.51875 0.02109375 0.01875
1 0.7546875 0.559375 0.03046875 0.0796875
17 0.38515625 0.48828125 0.01171875 0.03203125
17 0.234375 0.4859375 0.01015625 0.0328125
1 0.734375 0.6203125 0.05390625 0.04609375
17 0.1796875 0.5078125 0.01953125 0.0140625
17 0.17734375 0.52578125 0.02265625 0.0171875
1 0.58125 0.640625 0.0109375 0.0296875
1 0.55546875 0.6390625 0.03359375 0.0265625
1 0.6453125 0.66484375 0.01796875 0.015625
1 0.5984375 0.6546875 0.0171875 0.015625
10 0.07890625 0.53671875 0.06171875 0.08828125
1 0.14375 0.55390625 0.05390625 0.04140625
9 0.61875 0.67578125 0.034375 0.06640625
17 0.5953125 0.67109375 0.01953125 0.0140625
17 0.64375 0.6828125 0.01953125 0.015625
17 0.2015625 0.58203125 0.0125 0.03203125
17 0.640625 0.7 0.01953125 0.015625
17 0.59453125 0.68984375 0.0171875 0.01640625
9 0.5671875 0.68515625 0.03046875 0.06484375
13 0.2125 0.60390625 0.0140625 0.03515625
4 0.39921875 0.06015625 0.60703125 0.1203125
9 0.1796875 0.6109375 0.03046875 0.0328125
1 0.15546875 0.60703125 0.02421875 0.0578125
1 0.6234375 0.7203125 0.01953125 0.015625
10 0.12734375 0.6046875 0.034375 0.06328125
5 0.5296875 0.69921875 0.040625 0.075
17 0.59140625 0.7140625 0.01875 0.01640625
17 0.228125 0.634375 0.01015625 0.0296875
20 0.2484375 0.640625 0.03203125 0.040625
13 0.703125 0.75390625 0.021875 0.0171875
1 0.56171875 0.721875 0.02109375 0.0171875
17 0.5890625 0.7296875 0.01875 0.01484375
21 0.19609375 0.6390625 0.021875 0.0328125
1 0.08984375 0.61953125 0.02421875 0.0546875
9 0.03828125 0.6078125 0.0421875 0.06171875
1 0.01015625 0.60078125 0.0203125 0.05703125
1 0.06796875 0.615625 0.0234375 0.05625
9 0.28125 0.665625 0.01953125 0.0265625
10 0.31640625 0.68046875 0.0140625 0.028125
10 0.334375 0.68671875 0.015625 0.02890625
10 0.35078125 0.69140625 0.015625 0.0265625
10 0.36875 0.69609375 0.01484375 0.0296875
13 0.69921875 0.778125 0.02578125 0.0203125
20 0.24453125 0.67578125 0.03203125 0.0375
13 0.22421875 0.67109375 0.0109375 0.03125