14 0.23125 0.1390625 0.0890625 0.05078125
14 0.59375 0.153125 0.44453125 0.06640625
19 0.2734375 0.1796875 0.0203125 0.03125
19 0.20859375 0.18671875 0.02109375 0.03046875
19 0.27421875 0.21328125 0.02109375 0.0265625
4 0.340625 0.21875 0.0453125 0.034375
13 0.803125 0.21953125 0.03359375 0.02421875
21 0.83046875 0.21953125 0.00859375 0.01328125
19 0.2078125 0.2203125 0.021875 0.03125
14 0.24140625 0.2234375 0.04140625 0.11953125
21 0.82734375 0.23671875 0.00703125 0.01875
21 0.821875 0.2375 0.0046875 0.0140625
2 0.76640625 0.23828125 0.00390625 0.00859375
21 0.7921875 0.23984375 0.0046875 0.0109375
21 0.80390625 0.240625 0.00703125 0.0109375
3 0.7796875 0.24453125 0.01328125 0.02578125
19 0.275 0.24609375 0.0203125 0.0265625
16 0.76640625 0.2515625 0.00546875 0.01171875
19 0.209375 0.2515625 0.021875 0.03046875
21 0.79375 0.25703125 0.00546875 0.0046875
21 0.80078125 0.2578125 0.0046875 0.01015625
21 0.82734375 0.26171875 0.0125 0.02890625
21 0.8125 0.26171875 0.00703125 0.021875
21 0.81015625 0.28046875 0.01015625 0.00546875
13 0.31875 0.28359375 0.0078125 0.02421875
21 0.81796875 0.284375 0.0046875 0.01171875
2 0.48671875 0.2859375 0.01640625 0.0109375
21 0.81015625 0.28828125 0.01015625 0.00625
13 0.33515625 0.2890625 0.01640625 0.01171875
2 0.76328125 0.29921875 0.00546875 0.00546875
9 0.7890625 0.30078125 0.02734375 0.06484375
13 0.3359375 0.303125 0.015625 0.0109375
2 0.49765625 0.303125 0.0078125 0.0234375
2 0.47578125 0.30390625 0.00625 0.02578125
9 0.48671875 0.30390625 0.01484375 0.021875
21 0.82578125 0.30625 0.0078125 0.00703125
2 0.80703125 0.309375 0.0046875 0.0109375
2 0.75859375 0.31015625 0.01328125 0.009375
2 0.8171875 0.31328125 0.00703125 0.021875
16 0.69765625 0.32109375 0.01484375 0.02421875
2 0.60546875 0.32421875 0.0109375 0.03828125
2 0.7609375 0.32890625 0.00546875 0.02109375
13 0.709375 0.334375 0.00703125 0.025
2 0.76875 0.33671875 0.00703125 0.02109375
2 0.56171875 0.33828125 0.01328125 0.02109375
14 0.23125 0.34140625 0.08671875 0.11875
19 0.16796875 0.34453125 0.02109375 0.03125
21 0.33046875 0.3453125 0.00625 0.02421875
2 0.365625 0.34609375 0.00703125 0.02421875
2 0.66640625 0.34765625 0.015625 0.01015625
2 0.6171875 0.34921875 0.00703125 0.021875
2 0.3890625 0.35078125 0.01640625 0.009375
2 0.634375 0.35234375 0.00703125 0.01953125
2 0.7609375 0.3546875 0.00703125 0.0203125
21 0.6109375 0.35625 0.0046875 0.01015625
2 0.31796875 0.35859375 0.0140625 0.01015625
10 0.77734375 0.359375 0.0234375 0.01640625
21 0.60078125 0.36015625 0.00390625 0.009375
2 0.65703125 0.36640625 0.00703125 0.02109375
2 0.67578125 0.36875 0.0140625 0.021875
21 0.62265625 0.3734375 0.00625 0.0203125
2 0.39140625 0.38203125 0.01640625 0.01015625
21 0.64765625 0.390625 0.0140625 0.00859375
21 0.6125 0.390625 0.0140625 0.00859375
21 0.6671875 0.390625 0.015625 0.00703125
2 0.6859375 0.390625 0.01640625 0.009375
2 0.3171875 0.39140625 0.01640625 0.01171875
2 0.39140625 0.39375 0.015625 0.01015625
21 0.64765625 0.4 0.00703125 0.00546875
21 0.65625 0.4 0.00703125 0.00546875
21 0.66484375 0.4 0.00703125 0.00546875
21 0.6375 0.40078125 0.00546875 0.0046875
21 0.60546875 0.40625 0.0046875 0.009375
21 0.621875 0.4078125 0.01484375 0.00859375
21 0.675 0.4078125 0.0046875 0.01015625
2 0.6859375 0.4078125 0.01484375 0.01015625
9 0.4921875 0.40859375 0.10703125 0.16875
2 0.4359375 0.41328125 0.0078125 0.021875
21 0.634375 0.415625 0.00703125 0.00546875
21 0.64609375 0.415625 0.00703125 0.00546875
19 0.275 0.41796875 0.021875 0.0296875
21 0.66875 0.4234375 0.0046875 0.01015625
19 0.20859375 0.42421875 0.021875 0.028125
2 0.31875 0.42421875 0.015625 0.009375
21 0.65703125 0.42421875 0.0046875 0.01015625
21 0.6625 0.42421875 0.00390625 0.01015625
21 0.64609375 0.425 0.00703125 0.00546875
21 0.67421875 0.42890625 0.00390625 0.009375
21 0.61953125 0.43359375 0.015625 0.009375
2 0.68984375 0.43359375 0.015625 0.0109375
21 0.634375 0.43359375 0.0046875 0.02109375
2 0.39140625 0.434375 0.01640625 0.0109375
21 0.653125 0.44140625 0.0140625 0.00859375
21 0.64140625 0.44140625 0.00390625 0.009375
21 0.67421875 0.44140625 0.00703125 0.00546875
21 0.60625 0.44140625 0.003125 0.009375
21 0.65703125 0.45 0.00625 0.00546875
21 0.675 0.45 0.00703125 0.00546875
19 0.275 0.45 0.0203125 0.0296875
21 0.69609375 0.45078125 0.01484375 0.00859375
2 0.39453125 0.4515625 0.00703125 0.0234375
2 0.38671875 0.4515625 0.00703125 0.021875
2 0.321875 0.45390625 0.00625 0.021875
2 0.36484375 0.45546875 0.00859375 0.02421875
2 0.33046875 0.45625 0.00703125 0.0234375
19 0.209375 0.45625 0.021875 0.03125
2 0.35234375 0.45625 0.00625 0.02421875
2 0.37734375 0.45625 0.0078125 0.02421875
21 0.62421875 0.45859375 0.00625 0.01015625
21 0.6578125 0.45859375 0.00703125 0.0046875
21 0.675 0.459375 0.00546875 0.00546875
21 0.60546875 0.46015625 0.00703125 0.009375
14 0.24296875 0.46171875 0.0421875 0.11953125
2 0.5578125 0.4640625 0.0078125 0.0234375
21 0.63984375 0.46796875 0.01484375 0.009375
21 0.65703125 0.46796875 0.01484375 0.00859375
21 0.67421875 0.46796875 0.01484375 0.00859375
9 0.8171875 0.47890625 0.109375 0.16640625
19 0.275 0.4828125 0.021875 0.03046875
16 0.703125 0.48359375 0.01640625 0.01015625
21 0.6078125 0.484375 0.0140625 0.00859375
21 0.67421875 0.4859375 0.00625 0.02109375
21 0.6515625 0.48671875 0.00546875 0.021875
19 0.21015625 0.4890625 0.02109375 0.03203125
19 0.35859375 0.490625 0.01875 0.028125
21 0.68671875 0.49296875 0.0140625 0.00859375
2 0.3265625 0.49375 0.009375 0.0359375
2 0.31328125 0.49453125 0.0109375 0.03515625
13 0.46171875 0.49453125 0.015625 0.01171875
16 0.4921875 0.4953125 0.015625 0.0109375
21 0.640625 0.4984375 0.00546875 0.02109375
2 0.6171875 0.5015625 0.00625 0.02109375
21 0.6828125 0.5109375 0.01484375 0.00859375
21 0.7 0.5109375 0.0140625 0.00859375
21 0.66796875 0.51796875 0.00625 0.0234375
8 0.64296875 0.51953125 0.01640625 0.009375
21 0.6859375 0.5234375 0.0140625 0.009375
16 0.5859375 0.52734375 0.01640625 0.01171875
2 0.54609375 0.528125 0.02421875 0.01796875
2 0.496875 0.53359375 0.00703125 0.021875
21 0.51640625 0.53359375 0.0296875 0.03125
19 0.70859375 0.5359375 0.01796875 0.03046875
8 0.690625 0.5359375 0.01484375 0.009375
2 0.5859375 0.540625 0.01640625 0.01015625
2 0.67109375 0.5484375 0.00703125 0.0203125
3 0.65 0.5546875 0.02890625 0.03125
2 0.5171875 0.55625 0.01640625 0.009375
2 0.62890625 0.55703125 0.00703125 0.021875
8 0.68359375 0.559375 0.00703125 0.0203125
19 0.546875 0.5609375 0.021875 0.03125
2 0.82890625 0.57421875 0.02421875 0.01484375
19 0.43671875 0.57421875 0.0203125 0.03125
14 0.23203125 0.57734375 0.08515625 0.10625
19 0.3890625 0.58046875 0.0203125 0.03359375
16 0.6484375 0.58359375 0.015625 0.0109375
19 0.7609375 0.59453125 0.01953125 0.0296875
16 0.79296875 0.59453125 0.00625 0.0234375
16 0.775 0.59609375 0.00703125 0.02421875
2 0.784375 0.59609375 0.00703125 0.021875
19 0.8140625 0.6 0.01953125 0.03359375
13 0.64921875 0.6046875 0.025 0.021875
13 0.628125 0.60546875 0.00625 0.02421875
19 0.84375 0.60703125 0.021875 0.0296875
19 0.41484375 0.60703125 0.01875 0.0296875
20 0.8640625 0.61171875 0.01640625 0.03125
19 0.690625 0.6140625 0.01953125 0.03046875
2 0.80625 0.62421875 0.01640625 0.01171875
19 0.7703125 0.63359375 0.01875 0.0296875
19 0.63828125 0.634375 0.0203125 0.03046875
16 0.80625 0.63671875 0.01640625 0.0109375
19 0.15703125 0.63828125 0.0171875 0.025
14 0.1765625 0.6390625 0.01796875 0.06484375
19 0.4453125 0.640625 0.01953125 0.034375
16 0.859375 0.6484375 0.00703125 0.0203125
16 0.86953125 0.6484375 0.0078125 0.01953125
19 0.31015625 0.653125 0.01875 0.03046875
20 0.8359375 0.6640625 0.01640625 0.034375
2 0.8171875 0.665625 0.00703125 0.0234375
20 0.77578125 0.67265625 0.02421875 0.025
19 0.80078125 0.6734375 0.021875 0.034375
20 0.74765625 0.684375 0.025 0.05078125
16 0.71015625 0.68515625 0.00703125 0.0203125
16 0.728125 0.68515625 0.00703125 0.021875
16 0.71875 0.68671875 0.00625 0.02109375
19 0.31015625 0.68671875 0.01953125 0.02890625
2 0.70078125 0.68671875 0.0046875 0.021875
14 0.4125 0.6875 0.0796875 0.04375
19 0.24921875 0.7 0.0203125 0.0296875
14 0.27890625 0.709375 0.03984375 0.15
19 0.3109375 0.71796875 0.0203125 0.03046875
20 0.7828125 0.721875 0.0296875 0.0515625
19 0.634375 0.72578125 0.021875 0.02890625
19 0.24921875 0.73203125 0.02109375 0.03203125
19 0.43671875 0.73671875 0.021875 0.03203125
16 0.72265625 0.73671875 0.00703125 0.021875
9 0.753125 0.73828125 0.0296875 0.03203125
19 0.5671875 0.746875 0.021875 0.0296875
14 0.53515625 0.75546875 0.021875 0.1265625
19 0.81875 0.759375 0.01875 0.028125
14 0.66328125 0.7609375 0.021875 0.12109375
19 0.25 0.7640625 0.0234375 0.0296875
19 0.71640625 0.76953125 0.0203125 0.02890625
19 0.4765625 0.77109375 0.021875 0.0296875
16 0.74140625 0.77421875 0.00703125 0.0203125
16 0.75078125 0.77421875 0.00625 0.021875
19 0.15703125 0.7765625 0.01875 0.02578125
14 0.18203125 0.77890625 0.0171875 0.06171875
13 0.6 0.784375 0.0953125 0.05703125
19 0.7921875 0.78515625 0.01875 0.03125
14 0.4109375 0.796875 0.07890625 0.0359375
14 0.81015625 0.803125 0.015625 0.06640625
14 0.7640625 0.803125 0.01484375 0.0640625
19 0.4765625 0.80546875 0.01953125 0.034375
14 0.23984375 0.80859375 0.03359375 0.04453125
19 0.73984375 0.8109375 0.01875 0.03125
19 0.7125 0.81171875 0.021875 0.03046875
19 0.78359375 0.81875 0.01875 0.028125