14 0.271875 0.04140625 0.10078125 0.0828125
14 0.64609375 0.175 0.4703125 0.21640625
19 0.309375 0.096875 0.02578125 0.0390625
19 0.24140625 0.0828125 0.02578125 0.03828125
19 0.30546875 0.13203125 0.02578125 0.034375
4 0.3734375 0.159375 0.0515625 0.05
13 0.853125 0.3140625 0.03828125 0.03671875
21 0.88125 0.32265625 0.0109375 0.01640625
19 0.2359375 0.1171875 0.0265625 0.040625
14 0.2703125 0.13125 0.06015625 0.1375
21 0.87578125 0.33984375 0.01015625 0.021875
21 0.8703125 0.3390625 0.00625 0.015625
1 0.8125 0.32109375 0.00546875 0.01015625
21 0.83828125 0.33125 0.00625 0.0125
21 0.8515625 0.3359375 0.00859375 0.0140625
3 0.825 0.33203125 0.01796875 0.03125
19 0.3015625 0.16640625 0.025 0.034375
17 0.81015625 0.334375 0.0078125 0.01484375
19 0.23203125 0.15 0.02734375 0.0390625
21 0.83828125 0.34921875 0.00625 0.00703125
21 0.84453125 0.35234375 0.00625 0.01171875
21 0.871875 0.365625 0.0171875 0.03359375
21 0.85625 0.36015625 0.01015625 0.02578125
21 0.8515625 0.3796875 0.0109375 0.00859375
13 0.34140625 0.21875 0.01171875 0.02734375
21 0.85859375 0.3859375 0.00625 0.0140625
1 0.515625 0.278125 0.01875 0.01640625
21 0.85 0.38828125 0.0109375 0.01015625
13 0.3578125 0.23046875 0.01796875 0.01796875
1 0.80078125 0.3828125 0.00625 0.0078125
9 0.8265625 0.39375 0.03828125 0.0765625
13 0.35625 0.2453125 0.01796875 0.01640625
1 0.52421875 0.29921875 0.01171875 0.0265625
1 0.5015625 0.29296875 0.01015625 0.028125
9 0.5125 0.296875 0.01796875 0.02734375
21 0.8640625 0.4109375 0.009375 0.0109375
1 0.84375 0.4078125 0.00625 0.0125
1 0.79375 0.39296875 0.015625 0.0140625
1 0.8546875 0.415625 0.0109375 0.02578125
17 0.72890625 0.384375 0.01875 0.0296875
1 0.6328125 0.3578125 0.0171875 0.04296875
1 0.79375 0.41328125 0.009375 0.0234375
13 0.73828125 0.40234375 0.0109375 0.028125
1 0.8 0.42421875 0.0109375 0.02421875
1 0.584375 0.35703125 0.01640625 0.0265625
14 0.24140625 0.25078125 0.1078125 0.15234375
19 0.1765625 0.2328125 0.02578125 0.0390625
21 0.34453125 0.2875 0.01015625 0.02734375
1 0.38046875 0.30078125 0.01015625 0.02734375
1 0.6921875 0.4015625 0.01796875 0.015625
1 0.6421875 0.38671875 0.01015625 0.02578125
1 0.40390625 0.3125 0.01796875 0.01484375
1 0.659375 0.3953125 0.01015625 0.02265625
1 0.78984375 0.43984375 0.01015625 0.0234375
21 0.63359375 0.3921875 0.00625 0.01171875
1 0.32890625 0.29765625 0.01640625 0.015625
10 0.80625 0.45 0.0265625 0.02578125
21 0.62265625 0.3921875 0.00546875 0.0109375
1 0.6796875 0.41796875 0.01015625 0.02421875
1 0.69921875 0.4265625 0.01796875 0.02734375
21 0.64296875 0.41328125 0.009375 0.0234375
1 0.40234375 0.34609375 0.01875 0.015625
21 0.66640625 0.4390625 0.015625 0.0140625
21 0.6296875 0.428125 0.015625 0.0140625
21 0.68671875 0.44609375 0.0171875 0.0125
1 0.70625 0.45234375 0.01796875 0.01484375
1 0.3234375 0.33125 0.01796875 0.01796875
1 0.4 0.35859375 0.01796875 0.015625
21 0.66484375 0.45 0.00859375 0.0078125
21 0.67421875 0.4515625 0.00859375 0.0078125
21 0.68359375 0.45546875 0.00859375 0.0078125
21 0.6546875 0.44609375 0.00625 0.00703125
21 0.62109375 0.4421875 0.00625 0.0109375
21 0.6375 0.44921875 0.01640625 0.0140625
21 0.6921875 0.46640625 0.00625 0.01171875
1 0.70390625 0.4703125 0.0171875 0.015625
9 0.50234375 0.40703125 0.1359375 0.21015625
1 0.44453125 0.39296875 0.01171875 0.02578125
21 0.64921875 0.46171875 0.00859375 0.0078125
21 0.66171875 0.465625 0.0078125 0.0078125
19 0.2765625 0.34453125 0.0265625 0.03828125
21 0.68359375 0.48125 0.00625 0.01171875
19 0.20625 0.3296875 0.02578125 0.03671875
1 0.3203125 0.365625 0.01796875 0.01484375
21 0.671875 0.478125 0.00625 0.01171875
21 0.67734375 0.48046875 0.00546875 0.01171875
21 0.659375 0.47421875 0.0078125 0.0078125
21 0.6890625 0.4890625 0.00546875 0.0109375
21 0.63125 0.475 0.01796875 0.01484375
1 0.7046875 0.4984375 0.01796875 0.01640625
21 0.646875 0.48046875 0.00859375 0.0234375
1 0.39453125 0.4 0.01796875 0.01640625
21 0.665625 0.49375 0.015625 0.0140625
21 0.65234375 0.490625 0.00546875 0.0109375
21 0.68671875 0.50234375 0.0078125 0.0078125
21 0.61640625 0.47890625 0.0046875 0.0109375
21 0.66796875 0.5046875 0.00703125 0.0078125
21 0.6859375 0.5109375 0.0078125 0.0078125
19 0.27109375 0.378125 0.02578125 0.0375
21 0.7078125 0.51796875 0.01640625 0.0140625
1 0.39453125 0.41875 0.01015625 0.0265625
1 0.3875 0.4171875 0.01015625 0.02578125
1 0.31953125 0.39765625 0.01015625 0.02578125
1 0.3640625 0.41328125 0.0125 0.02734375
1 0.32890625 0.40234375 0.01015625 0.0265625
19 0.20234375 0.36328125 0.0265625 0.040625
1 0.3515625 0.4109375 0.01015625 0.02734375
1 0.37734375 0.41875 0.01171875 0.02734375
21 0.6328125 0.50234375 0.0078125 0.0125
21 0.66640625 0.5140625 0.0078125 0.00703125
21 0.68515625 0.51953125 0.00625 0.0078125
21 0.61171875 0.49765625 0.00859375 0.01171875
14 0.23671875 0.37890625 0.0609375 0.1375
1 0.5625 0.48671875 0.01171875 0.0265625
21 0.64765625 0.5171875 0.0171875 0.01484375
21 0.66484375 0.5234375 0.01640625 0.0140625
21 0.68359375 0.5296875 0.01640625 0.0140625
9 0.8296875 0.58671875 0.13828125 0.209375
19 0.2671875 0.4125 0.0265625 0.0390625
17 0.71015625 0.5546875 0.01796875 0.015625
21 0.6109375 0.52421875 0.015625 0.0140625
21 0.6796875 0.546875 0.01015625 0.02421875
21 0.65625 0.540625 0.009375 0.02421875
19 0.1984375 0.39765625 0.0265625 0.040625
19 0.35234375 0.44765625 0.02421875 0.03515625
21 0.6921875 0.55859375 0.015625 0.0140625
1 0.31875 0.440625 0.01484375 0.040625
1 0.3046875 0.43671875 0.0171875 0.040625
13 0.45859375 0.4859375 0.01796875 0.01796875
17 0.490625 0.49765625 0.01796875 0.01640625
21 0.64296875 0.54921875 0.009375 0.0234375
1 0.61875 0.54453125 0.01015625 0.02421875
21 0.6859375 0.5765625 0.01640625 0.0140625
21 0.703125 0.58125 0.015625 0.0140625
21 0.66953125 0.57890625 0.01015625 0.0265625
8 0.64296875 0.571875 0.01796875 0.01484375
21 0.68671875 0.58984375 0.01640625 0.01484375
17 0.5828125 0.5609375 0.01796875 0.01796875
1 0.54140625 0.5484375 0.02734375 0.0265625
1 0.4890625 0.53828125 0.0109375 0.02578125
21 0.51015625 0.54453125 0.03515625 0.0421875
19 0.70859375 0.6109375 0.02265625 0.0375
8 0.68984375 0.6046875 0.0171875 0.01484375
1 0.58125 0.575 0.01796875 0.015625
1 0.66796875 0.6109375 0.01015625 0.0234375
3 0.6453125 0.61015625 0.034375 0.0421875
1 0.50625 0.56796875 0.01796875 0.01484375
1 0.621875 0.60703125 0.01015625 0.02578125
8 0.67890625 0.6265625 0.01015625 0.0234375
19 0.53671875 0.5828125 0.0265625 0.040625
1 0.828125 0.690625 0.0265625 0.0234375
19 0.42109375 0.56015625 0.02578125 0.0390625
14 0.2078125 0.4953125 0.10390625 0.13828125
19 0.3703125 0.55078125 0.02578125 0.04140625
17 0.6390625 0.63984375 0.01796875 0.01640625
19 0.75390625 0.68828125 0.025 0.0375
17 0.7875 0.7 0.01015625 0.0265625
17 0.76875 0.6953125 0.01015625 0.02734375
1 0.778125 0.6984375 0.01015625 0.02578125
19 0.80859375 0.7125 0.02578125 0.04140625
13 0.63671875 0.66171875 0.02890625 0.03125
13 0.615625 0.65625 0.01015625 0.02734375
19 0.83828125 0.7296875 0.0265625 0.03828125
19 0.39375 0.5875 0.02421875 0.0375
20 0.85859375 0.74140625 0.021875 0.03828125
19 0.678125 0.6859375 0.025 0.03828125
1 0.796875 0.73515625 0.01796875 0.01796875
19 0.75859375 0.7328125 0.02421875 0.0375
19 0.62109375 0.68984375 0.02578125 0.03828125
17 0.7953125 0.74765625 0.01796875 0.01640625
19 0.121875 0.534375 0.021875 0.03125
14 0.1421875 0.54140625 0.028125 0.07265625
19 0.4203125 0.63203125 0.02578125 0.0421875
17 0.8484375 0.77734375 0.01015625 0.0234375
17 0.859375 0.78125 0.0109375 0.02265625
19 0.27890625 0.60078125 0.02421875 0.03828125
20 0.821875 0.7859375 0.021875 0.04140625
1 0.8015625 0.78046875 0.0109375 0.0265625
20 0.7578125 0.77421875 0.02890625 0.034375
19 0.784375 0.784375 0.02734375 0.0421875
20 0.72734375 0.778125 0.034375 0.0609375
17 0.68828125 0.76640625 0.01015625 0.0234375
17 0.70625 0.771875 0.01015625 0.02578125
17 0.696875 0.7703125 0.01015625 0.02421875
19 0.2734375 0.63515625 0.025 0.03671875
1 0.67890625 0.76484375 0.00859375 0.02421875
14 0.37890625 0.66953125 0.0890625 0.071875
19 0.2078125 0.62890625 0.02578125 0.0375
14 0.2375 0.6484375 0.0625 0.16875
19 0.26953125 0.66875 0.02578125 0.03828125
20 0.75859375 0.82890625 0.03828125 0.0640625
19 0.60390625 0.7828125 0.02734375 0.0375
19 0.20390625 0.66171875 0.0265625 0.040625
19 0.396875 0.72890625 0.02734375 0.04140625
17 0.69375 0.82421875 0.01015625 0.02578125
9 0.725 0.8359375 0.03515625 0.04296875
19 0.53046875 0.78359375 0.0265625 0.03828125
14 0.496875 0.78046875 0.04140625 0.13828125
19 0.78984375 0.87890625 0.0234375 0.03515625
14 0.628125 0.82890625 0.03984375 0.1328125
19 0.19921875 0.6953125 0.02890625 0.03828125
19 0.6828125 0.85625 0.02578125 0.03671875
19 0.43359375 0.778125 0.0265625 0.03828125
17 0.7078125 0.86875 0.01015625 0.0234375
17 0.7171875 0.87265625 0.01015625 0.02578125
19 0.1015625 0.678125 0.02265625 0.03359375
14 0.1265625 0.6890625 0.0265625 0.06953125
13 0.559375 0.8328125 0.10703125 0.09140625
19 0.75859375 0.896875 0.02421875 0.0390625
14 0.3609375 0.78203125 0.08671875 0.0640625
14 0.77421875 0.92109375 0.02578125 0.075
14 0.7265625 0.90703125 0.025 0.07109375
19 0.428125 0.8125 0.02578125 0.0421875
14 0.1828125 0.7390625 0.04140625 0.05703125
19 0.7 0.90703125 0.02421875 0.0390625
19 0.67265625 0.89765625 0.02734375 0.0390625
19 0.7453125 0.92890625 0.02421875 0.03515625