1 0.2046875 0.7828125 0.0515625 0.03984375
13 0.7734375 0.74296875 0.021875 0.015625
1 0.7078125 0.7484375 0.02421875 0.075
12 0.0296875 0.8015625 0.015625 0.04921875
8 0.5890625 0.7640625 0.0109375 0.03125
1 0.26171875 0.7921875 0.02109375 0.0125
13 0.77109375 0.76796875 0.02265625 0.01875
4 0.8890625 0.765625 0.22109375 0.32734375
13 0.58984375 0.796875 0.01171875 0.03359375
9 0.2625 0.82578125 0.04609375 0.0609375
10 0.075 0.8421875 0.05625 0.07421875
5 0.19296875 0.84296875 0.08359375 0.06875
13 0.77578125 0.80234375 0.02109375 0.015625
12 0.0328125 0.8625 0.0140625 0.04921875
1 0.71640625 0.8125 0.0484375 0.03828125
4 0.325 0.825 0.08203125 0.3484375
1 0.775 0.821875 0.0203125 0.01484375
1 0.2640625 0.865625 0.021875 0.01640625
17 0.50234375 0.85 0.01796875 0.01484375
17 0.503125 0.86875 0.01640625 0.01328125
4 0.64921875 0.86484375 0.08984375 0.253125
4 0.39453125 0.8875 0.1875 0.2234375
9 0.25625 0.925 0.03671875 0.06875
1 0.23203125 0.9265625 0.00859375 0.02890625
17 0.2828125 0.9234375 0.00859375 0.028125
4 0.14765625 0.9453125 0.09765625 0.10703125
1 0.775 0.084375 0.02421875 0.07578125
1 0.33125 0.13125 0.0203125 0.015625
17 0.153125 0.15 0.021875 0.015625
1 0.1078125 0.15390625 0.009375 0.0296875
17 0.12265625 0.1546875 0.01015625 0.0296875
4 0.715625 0.121875 0.0625 0.04609375
4 0.9015625 0.1234375 0.17890625 0.246875
1 0.65546875 0.1421875 0.0203125 0.01484375
17 0.65703125 0.159375 0.01953125 0.0140625
21 0.0140625 0.2203125 0.028125 0.11015625
1 0.7546875 0.1734375 0.01953125 0.01484375
1 0.6875 0.18671875 0.009375 0.0265625
17 0.625 0.1921875 0.00859375 0.0296875
5 0.65625 0.196875 0.04921875 0.05625
9 0.71796875 0.1921875 0.04609375 0.05546875
17 0.75546875 0.190625 0.0203125 0.0140625
13 0.75546875 0.2140625 0.02109375 0.0125
17 0.23671875 0.278125 0.00859375 0.03046875
17 0.26875 0.275 0.0109375 0.02890625
17 0.24765625 0.2765625 0.00859375 0.028125
17 0.2578125 0.2765625 0.00859375 0.03046875
1 0.1328125 0.29609375 0.009375 0.0296875
17 0.2859375 0.2859375 0.00859375 0.028125
1 0.5703125 0.265625 0.03125 0.021875
1 0.11640625 0.3015625 0.0125 0.03359375
17 0.72578125 0.2578125 0.00859375 0.03046875
17 0.7140625 0.259375 0.00859375 0.03046875
17 0.36171875 0.2875 0.02109375 0.015625
13 0.5484375 0.28125 0.00859375 0.02890625
1 0.528125 0.2828125 0.0109375 0.02890625
1 0.50078125 0.2859375 0.00859375 0.028125
8 0.6375 0.2765625 0.03046875 0.021875
1 0.56796875 0.290625 0.02265625 0.01328125
8 0.11796875 0.3296875 0.03203125 0.02265625
21 0.57890625 0.3109375 0.01875 0.01484375
21 0.525 0.315625 0.0203125 0.0140625
1 0.63046875 0.325 0.01484375 0.04765625
1 0.5828125 0.334375 0.03203125 0.0234375
21 0.51875 0.34375 0.01875 0.01328125
1 0.490625 0.346875 0.00859375 0.03046875
17 0.15390625 0.3765625 0.0109375 0.03125
17 0.09609375 0.3859375 0.01875 0.01328125
9 0.51953125 0.3640625 0.015625 0.0234375
21 0.53515625 0.3625 0.009375 0.02734375
17 0.09609375 0.40625 0.01875 0.01328125
21 0.56015625 0.371875 0.00859375 0.028125
1 0.4578125 0.38125 0.01875 0.01328125
1 0.48125 0.38046875 0.01796875 0.0125
9 0.70546875 0.3640625 0.10703125 0.159375
1 0.57734375 0.38203125 0.00859375 0.0296875
1 0.5203125 0.3875 0.01953125 0.01484375
9 0.1296875 0.421875 0.0375 0.04140625
1 0.478125 0.396875 0.0203125 0.01484375
1 0.3203125 0.4296875 0.1796875 0.265625
1 0.6328125 0.40625 0.015625 0.04609375
13 0.51875 0.41640625 0.03203125 0.0234375
1 0.103125 0.4515625 0.02109375 0.015625
1 0.55703125 0.421875 0.02109375 0.01484375
1 0.49609375 0.4328125 0.01171875 0.03046875
1 0.57890625 0.43125 0.0078125 0.03046875
17 0.13046875 0.4671875 0.009375 0.03125
1 0.51875 0.4421875 0.01875 0.01328125
8 0.63515625 0.4578125 0.01484375 0.04765625
1 0.57578125 0.46875 0.01875 0.01328125
4 0.9125 0.44296875 0.17421875 0.253125
1 0.4859375 0.47578125 0.0203125 0.0125
1 0.55234375 0.471875 0.02109375 0.01328125
1 0.46328125 0.4796875 0.01953125 0.01484375
4 0.04765625 0.5140625 0.09140625 0.40234375
1 0.53046875 0.478125 0.01875 0.0328125
17 0.65703125 0.48125 0.00859375 0.02734375
17 0.74765625 0.484375 0.00859375 0.03125
8 0.76484375 0.48359375 0.01484375 0.046875
17 0.66796875 0.4921875 0.0109375 0.0265625
17 0.71171875 0.4890625 0.0109375 0.03046875
17 0.684375 0.4921875 0.00859375 0.028125
17 0.6953125 0.4921875 0.0078125 0.0265625
17 0.63984375 0.5 0.0203125 0.015625
1 0.79453125 0.49375 0.02578125 0.07578125
17 0.42578125 0.5375 0.009375 0.03125
17 0.27734375 0.58125 0.0078125 0.03203125
1 0.78359375 0.559375 0.05078125 0.0390625
17 0.228125 0.61875 0.01875 0.01171875
17 0.228125 0.6375 0.021875 0.0140625
1 0.63671875 0.625 0.00859375 0.02890625
1 0.61171875 0.63203125 0.03203125 0.021875
1 0.703125 0.6296875 0.0171875 0.01328125
1 0.65546875 0.634375 0.01640625 0.01328125
10 0.13359375 0.678125 0.05703125 0.0796875
1 0.19921875 0.675 0.0515625 0.03359375
9 0.678125 0.6484375 0.03046875 0.06171875
17 0.6546875 0.65 0.01875 0.01171875
17 0.70390625 0.646875 0.01875 0.01328125
17 0.259375 0.684375 0.01015625 0.03125
17 0.703125 0.6640625 0.01875 0.01328125
17 0.65703125 0.66875 0.0171875 0.0140625
9 0.6296875 0.6734375 0.0265625 0.0609375
13 0.2734375 0.703125 0.0125 0.03359375
4 0.371875 0.065625 0.6046875 0.13125
9 0.2421875 0.7203125 0.02890625 0.02890625
1 0.21796875 0.7234375 0.0203125 0.05546875
1 0.6890625 0.6890625 0.01875 0.01328125
10 0.190625 0.7296875 0.03046875 0.05859375
5 0.5953125 0.6984375 0.0359375 0.06953125
17 0.65703125 0.69375 0.01875 0.0140625
17 0.29296875 0.728125 0.00859375 0.02890625
20 0.3140625 0.728125 0.0296875 0.03671875
13 0.77109375 0.6984375 0.02109375 0.0140625
1 0.62890625 0.71015625 0.0203125 0.0140625
17 0.65703125 0.709375 0.01875 0.0125
21 0.2625 0.7421875 0.0203125 0.03046875
1 0.15546875 0.7546875 0.0203125 0.05234375
9 0.10390625 0.759375 0.03828125 0.05703125
1 0.075 0.7625 0.01953125 0.0546875
1 0.134375 0.7578125 0.0203125 0.0546875
9 0.34921875 0.7421875 0.01796875 0.02421875
1 0.053125 0.7640625 0.021875 0.05546875
10 0.38515625 0.74609375 0.0125 0.0265625
10 0.403125 0.7453125 0.0140625 0.02734375
10 0.41953125 0.74453125 0.0140625 0.025
10 0.4375 0.74375 0.01328125 0.028125
13 0.7703125 0.7234375 0.025 0.01640625
20 0.3140625 0.7625 0.0296875 0.03359375
13 0.29375 0.765625 0.00859375 0.03046875