1 0.15859375 0.6421875 0.0515625 0.0484375
13 0.6890625 0.8125 0.021875 0.01953125
1 0.628125 0.79453125 0.03046875 0.07421875
12 0.00234375 0.5953125 0.00390625 0.05
8 0.51640625 0.765625 0.01328125 0.03125
1 0.209375 0.67109375 0.0203125 0.01640625
13 0.6828125 0.83515625 0.0234375 0.02265625
4 0.81875 0.85 0.29140625 0.2984375
13 0.51171875 0.79609375 0.0140625 0.03359375
9 0.2046875 0.70234375 0.04921875 0.0671875
10 0.0296875 0.64921875 0.059375 0.08203125
5 0.1375 0.69296875 0.084375 0.08203125
13 0.68125 0.86875 0.02109375 0.01953125
1 0.62578125 0.85546875 0.0484375 0.04609375
4 0.259375 0.7453125 0.115625 0.38203125
1 0.678125 0.8859375 0.0203125 0.01796875
1 0.2 0.73984375 0.021875 0.0203125
17 0.421875 0.8125 0.01796875 0.0171875
17 0.4203125 0.83046875 0.01640625 0.015625
4 0.553125 0.87578125 0.11171875 0.246875
4 0.31484375 0.81484375 0.196875 0.2609375
9 0.1828125 0.79140625 0.04140625 0.07265625
1 0.16015625 0.784375 0.0109375 0.028125
17 0.20703125 0.8 0.0109375 0.02734375
4 0.07734375 0.778125 0.10234375 0.13515625
1 0.8 0.2078125 0.03046875 0.075
1 0.384375 0.08828125 0.0203125 0.01953125
17 0.2171875 0.040625 0.021875 0.01953125
1 0.175 0.0265625 0.01171875 0.0296875
17 0.18828125 0.0328125 0.01171875 0.0296875
4 0.73984375 0.21953125 0.0625 0.05625
4 0.9078125 0.290625 0.1828125 0.2859375
1 0.68125 0.2171875 0.0203125 0.01875
17 0.6796875 0.2328125 0.01953125 0.0171875
21 0.0765625 0.05390625 0.03984375 0.10703125
1 0.76640625 0.28125 0.01953125 0.01796875
1 0.703125 0.26875 0.01171875 0.0265625
17 0.64453125 0.25078125 0.0109375 0.02890625
5 0.67265625 0.26640625 0.0515625 0.0625
9 0.73046875 0.28515625 0.0484375 0.06171875
17 0.76484375 0.29765625 0.0203125 0.0171875
13 0.7609375 0.31953125 0.0203125 0.01640625
17 0.27265625 0.1875 0.0109375 0.0296875
17 0.30234375 0.196875 0.01328125 0.02890625
17 0.2828125 0.19140625 0.0109375 0.02734375
17 0.29140625 0.19453125 0.01171875 0.0296875
1 0.1734375 0.1671875 0.01171875 0.0296875
17 0.31640625 0.21328125 0.0109375 0.02734375
1 0.58203125 0.29921875 0.03125 0.02734375
1 0.1578125 0.16640625 0.01484375 0.034375
17 0.72578125 0.34765625 0.0109375 0.0296875
17 0.715625 0.34609375 0.01171875 0.0296875
17 0.3859375 0.24296875 0.02109375 0.01953125
13 0.559375 0.3046875 0.0109375 0.028125
1 0.53984375 0.29921875 0.0125 0.02890625
1 0.5140625 0.2921875 0.0109375 0.02734375
8 0.64140625 0.3328125 0.03046875 0.0265625
1 0.57578125 0.321875 0.021875 0.0171875
8 0.15390625 0.19296875 0.03203125 0.028125
21 0.58203125 0.34453125 0.01875 0.01796875
21 0.53203125 0.32890625 0.0203125 0.0171875
1 0.62734375 0.375 0.01875 0.04765625
1 0.58125 0.3671875 0.03203125 0.02890625
21 0.52109375 0.3515625 0.01875 0.01640625
1 0.49453125 0.3453125 0.01171875 0.0296875
17 0.1796875 0.24921875 0.01328125 0.03125
17 0.12421875 0.23671875 0.01875 0.01640625
9 0.51875 0.3703125 0.01640625 0.025
21 0.53359375 0.37578125 0.01171875 0.02734375
17 0.12109375 0.2546875 0.01875 0.01640625
21 0.5546875 0.39296875 0.0109375 0.02734375
1 0.45859375 0.36484375 0.01796875 0.01640625
1 0.48046875 0.371875 0.01796875 0.015625
9 0.68984375 0.4390625 0.11484375 0.17109375
1 0.56875 0.40859375 0.0109375 0.02890625
1 0.515625 0.39296875 0.01953125 0.01796875
9 0.14921875 0.28203125 0.0390625 0.04609375
1 0.47421875 0.38671875 0.0203125 0.01875
1 0.32421875 0.359375 0.19375 0.2859375
1 0.615625 0.45234375 0.01875 0.04609375
13 0.509375 0.41953125 0.03203125 0.02890625
1 0.12109375 0.29921875 0.02109375 0.01953125
1 0.54296875 0.43828125 0.02109375 0.01875
1 0.4859375 0.4265625 0.01328125 0.03046875
1 0.5625 0.45390625 0.0109375 0.0296875
17 0.14375 0.32421875 0.01171875 0.03046875
1 0.50546875 0.44296875 0.01875 0.01640625
8 0.609375 0.5 0.01875 0.04765625
1 0.553125 0.4875 0.01796875 0.01640625
4 0.88671875 0.59296875 0.225 0.284375
1 0.46875 0.46171875 0.01953125 0.015625
1 0.53125 0.48203125 0.0203125 0.0171875
1 0.44765625 0.45703125 0.01953125 0.01796875
4 0.0609375 0.33671875 0.121875 0.39453125
1 0.509375 0.48046875 0.02109375 0.034375
17 0.62578125 0.5296875 0.0109375 0.0265625
17 0.70859375 0.56484375 0.0109375 0.03046875
8 0.72421875 0.57109375 0.01875 0.046875
17 0.63359375 0.54296875 0.01171875 0.0265625
17 0.675 0.55703125 0.01328125 0.03046875
17 0.64921875 0.54921875 0.0109375 0.02734375
17 0.659375 0.55390625 0.01015625 0.02578125
17 0.60703125 0.540625 0.0203125 0.01953125
1 0.75 0.590625 0.03203125 0.07578125
17 0.403125 0.496875 0.01171875 0.03046875
17 0.26015625 0.48203125 0.0109375 0.03125
1 0.7296875 0.64765625 0.0515625 0.04765625
17 0.2078125 0.5 0.01875 0.01484375
17 0.2046875 0.5171875 0.02109375 0.01796875
1 0.5828125 0.6546875 0.0109375 0.028125
1 0.559375 0.6515625 0.03203125 0.02734375
1 0.64375 0.6828125 0.0171875 0.015625
1 0.5984375 0.66953125 0.01640625 0.015625
10 0.1109375 0.51953125 0.0609375 0.08671875
1 0.171875 0.540625 0.0515625 0.0421875
9 0.6171875 0.690625 0.034375 0.0640625
17 0.59609375 0.68515625 0.01875 0.01484375
17 0.64140625 0.7 0.01875 0.01640625
17 0.22578125 0.57109375 0.0125 0.03125
17 0.6375 0.715625 0.01875 0.01640625
17 0.59453125 0.7015625 0.0171875 0.01640625
9 0.56875 0.69609375 0.03125 0.0625
13 0.2359375 0.59296875 0.01484375 0.03359375
4 0.43359375 0.08515625 0.575 0.16953125
9 0.20390625 0.59765625 0.0296875 0.0328125
1 0.18125 0.59140625 0.025 0.05625
1 0.62109375 0.7328125 0.01875 0.01640625
10 0.1546875 0.5875 0.034375 0.0609375
5 0.53203125 0.70703125 0.040625 0.07265625
17 0.590625 0.72578125 0.01875 0.0171875
17 0.24921875 0.62265625 0.0109375 0.028125
20 0.26875 0.63046875 0.03125 0.040625
13 0.69453125 0.77109375 0.0203125 0.01796875
1 0.56171875 0.7296875 0.0203125 0.01796875
17 0.5875 0.73984375 0.01796875 0.015625
21 0.21875 0.625 0.021875 0.0328125
1 0.11875 0.59765625 0.025 0.053125
9 0.06953125 0.58359375 0.04140625 0.0609375
1 0.04296875 0.57578125 0.0234375 0.0546875
1 0.09765625 0.59296875 0.0234375 0.05546875
9 0.2984375 0.65625 0.01875 0.02578125
1 0.021875 0.56953125 0.02578125 0.05625
10 0.33125 0.67421875 0.0140625 0.02734375
10 0.34765625 0.68046875 0.015625 0.028125
10 0.3640625 0.68515625 0.01484375 0.02578125
10 0.3796875 0.69140625 0.01484375 0.02890625
13 0.68984375 0.79375 0.025 0.02109375
20 0.26328125 0.66328125 0.03046875 0.0375
13 0.24375 0.6578125 0.01171875 0.0296875