2 0.18671875 0.74140625 0.04765625 0.034375
13 0.7265625 0.7453125 0.0203125 0.01328125
2 0.6640625 0.74609375 0.0203125 0.06953125
12 0.0203125 0.74609375 0.01328125 0.04609375
8 0.5515625 0.75234375 0.009375 0.02890625
2 0.240625 0.7546875 0.01953125 0.01015625
13 0.7234375 0.76875 0.02109375 0.01640625
4 0.8625 0.775 0.25390625 0.29296875
13 0.5515625 0.78359375 0.01015625 0.03125
9 0.23984375 0.78671875 0.0421875 0.0546875
10 0.06171875 0.78828125 0.05078125 0.06640625
5 0.1734375 0.79765625 0.07734375 0.059375
13 0.7265625 0.80234375 0.01953125 0.01328125
12 0.02109375 0.80390625 0.01171875 0.04609375
2 0.6703125 0.80703125 0.0453125 0.0328125
4 0.2984375 0.81171875 0.06484375 0.36875
2 0.72578125 0.81953125 0.01875 0.0125
2 0.240625 0.82421875 0.0203125 0.0140625
16 0.46640625 0.82734375 0.01640625 0.0125
16 0.4671875 0.84453125 0.01484375 0.0109375
4 0.6046875 0.86015625 0.07734375 0.25078125
4 0.3625 0.86171875 0.16953125 0.21171875
9 0.23125 0.8796875 0.0328125 0.06328125
2 0.20859375 0.8796875 0.0078125 0.0265625
16 0.25625 0.88046875 0.00703125 0.02578125
4 0.12734375 0.89921875 0.08828125 0.109375
2 0.75 0.12265625 0.0203125 0.0703125
2 0.328125 0.134375 0.01875 0.01328125
16 0.159375 0.13828125 0.0203125 0.01328125
2 0.11640625 0.1390625 0.0078125 0.02734375
16 0.13046875 0.140625 0.00859375 0.02734375
4 0.69296875 0.153125 0.0578125 0.0390625
4 0.88671875 0.1640625 0.19609375 0.228125
2 0.63515625 0.16875 0.01875 0.0125
16 0.6359375 0.184375 0.01796875 0.01171875
21 0.02421875 0.19375 0.025 0.10234375
2 0.72734375 0.2046875 0.01796875 0.0125
2 0.6640625 0.2125 0.0078125 0.02421875
16 0.60390625 0.21328125 0.0078125 0.02734375
5 0.634375 0.21953125 0.0453125 0.05
9 0.69296875 0.21953125 0.0421875 0.05
16 0.728125 0.22109375 0.01875 0.01171875
13 0.728125 0.24375 0.01953125 0.01015625
16 0.234375 0.26484375 0.00703125 0.028125
16 0.2640625 0.26484375 0.009375 0.0265625
16 0.24453125 0.265625 0.00703125 0.02578125
16 0.25390625 0.265625 0.0078125 0.028125
2 0.13515625 0.275 0.0078125 0.02734375
16 0.28046875 0.2765625 0.0078125 0.02578125
2 0.55078125 0.27890625 0.02890625 0.01875
2 0.11875 0.27890625 0.0109375 0.03125
16 0.69765625 0.28203125 0.00703125 0.028125
16 0.68671875 0.2828125 0.0078125 0.028125
16 0.35234375 0.28359375 0.01953125 0.01328125
13 0.52890625 0.29140625 0.0078125 0.0265625
2 0.51015625 0.2921875 0.009375 0.0265625
2 0.48359375 0.29296875 0.00703125 0.02578125
8 0.61328125 0.29375 0.028125 0.01875
2 0.54765625 0.30234375 0.02109375 0.0109375
8 0.11953125 0.30703125 0.0296875 0.01953125
21 0.55703125 0.32265625 0.0171875 0.0125
21 0.50546875 0.32265625 0.01875 0.01171875
2 0.60546875 0.33828125 0.0125 0.04453125
2 0.559375 0.34453125 0.0296875 0.0203125
21 0.4984375 0.3484375 0.0171875 0.0109375
2 0.471875 0.35 0.0078125 0.028125
16 0.15234375 0.353125 0.009375 0.02890625
16 0.096875 0.3578125 0.0171875 0.0109375
9 0.4984375 0.36796875 0.0140625 0.02109375
21 0.5140625 0.36796875 0.0078125 0.025
16 0.096875 0.3765625 0.0171875 0.0109375
21 0.53671875 0.378125 0.0078125 0.02578125
2 0.43984375 0.38046875 0.0171875 0.0109375
2 0.4625 0.38046875 0.01640625 0.01015625
9 0.675 0.38125 0.096875 0.14375
2 0.553125 0.3890625 0.00703125 0.02734375
2 0.49921875 0.38984375 0.01796875 0.0125
9 0.128125 0.39453125 0.034375 0.0359375
2 0.45859375 0.396875 0.01875 0.0125
2 0.30859375 0.415625 0.1625 0.2390625
2 0.6046875 0.4171875 0.01328125 0.04296875
13 0.496875 0.4171875 0.0296875 0.0203125
2 0.10234375 0.4203125 0.01953125 0.01328125
2 0.53203125 0.4265625 0.01953125 0.0125
2 0.47421875 0.43203125 0.01015625 0.028125
2 0.553125 0.4359375 0.00625 0.028125
16 0.12734375 0.4375 0.0078125 0.02890625
2 0.49609375 0.4421875 0.0171875 0.0109375
8 0.60546875 0.465625 0.0125 0.04453125
2 0.5484375 0.47109375 0.0171875 0.0109375
4 0.8890625 0.47109375 0.19765625 0.2265625
2 0.46328125 0.47109375 0.01875 0.01015625
2 0.5265625 0.471875 0.01953125 0.0109375
2 0.4421875 0.47265625 0.01796875 0.0125
4 0.046875 0.47578125 0.07421875 0.3765625
2 0.50546875 0.47734375 0.0171875 0.0296875
16 0.62578125 0.48984375 0.00703125 0.025
16 0.7109375 0.49921875 0.00703125 0.02890625
8 0.72734375 0.5 0.0125 0.04375
16 0.63515625 0.5 0.009375 0.02421875
16 0.67734375 0.50078125 0.009375 0.028125
16 0.65078125 0.5015625 0.0078125 0.02578125
16 0.6609375 0.50234375 0.00625 0.02421875
16 0.60859375 0.50625 0.01875 0.01328125
2 0.7546875 0.5109375 0.021875 0.0703125
16 0.40390625 0.52578125 0.0078125 0.02890625
16 0.2625 0.55546875 0.00625 0.0296875
2 0.7421875 0.571875 0.04765625 0.03359375
16 0.21484375 0.58828125 0.0171875 0.009375
16 0.2140625 0.60625 0.0203125 0.01171875
2 0.6015625 0.62421875 0.0078125 0.0265625
2 0.57734375 0.62890625 0.0296875 0.01875
2 0.66328125 0.6328125 0.015625 0.0109375
2 0.61875 0.63359375 0.01484375 0.0109375
10 0.1234375 0.6375 0.0515625 0.071875
2 0.18515625 0.6390625 0.04765625 0.028125
9 0.63984375 0.64921875 0.02734375 0.05625
16 0.61796875 0.64921875 0.0171875 0.009375
16 0.6640625 0.65 0.0171875 0.0109375
16 0.2421875 0.65234375 0.00859375 0.02890625
16 0.6625 0.66640625 0.0171875 0.0109375
16 0.61875 0.66640625 0.015625 0.01171875
9 0.59296875 0.66875 0.0234375 0.05625
13 0.2546875 0.6703125 0.01015625 0.03125
4 0.36953125 0.06796875 0.5703125 0.0921875
9 0.225 0.684375 0.0265625 0.025
2 0.2015625 0.6859375 0.0171875 0.05078125
2 0.6484375 0.68828125 0.0171875 0.0109375
10 0.175 0.68984375 0.02734375 0.053125
5 0.559375 0.690625 0.03203125 0.0640625
16 0.61796875 0.690625 0.0171875 0.01171875
16 0.271875 0.6953125 0.00703125 0.0265625
20 0.2921875 0.696875 0.02734375 0.0328125
13 0.7265625 0.703125 0.01953125 0.01171875
2 0.590625 0.70390625 0.01875 0.01171875
16 0.6171875 0.70546875 0.0171875 0.01015625
21 0.24296875 0.70703125 0.01796875 0.02734375
2 0.14140625 0.71171875 0.01796875 0.0484375
9 0.0921875 0.7125 0.034375 0.05078125
2 0.06484375 0.7125 0.01640625 0.05
2 0.12109375 0.7125 0.0171875 0.05
9 0.325 0.71328125 0.01640625 0.02109375
2 0.04375 0.71328125 0.01875 0.05078125
10 0.359375 0.71953125 0.0109375 0.02421875
10 0.37578125 0.72109375 0.01171875 0.025
10 0.3921875 0.72109375 0.01171875 0.02265625
10 0.40859375 0.721875 0.01171875 0.02578125
13 0.72421875 0.7265625 0.02265625 0.0140625
20 0.29140625 0.73046875 0.02734375 0.0296875
13 0.271875 0.73125 0.0078125 0.028125