14 0.2484375 0.08359375 0.09609375 0.06484375
14 0.62421875 0.14765625 0.46640625 0.13046875
19 0.28984375 0.13203125 0.0234375 0.0359375
19 0.22109375 0.13046875 0.0234375 0.03515625
19 0.28828125 0.1671875 0.0234375 0.03125
4 0.35703125 0.18203125 0.04921875 0.04140625
13 0.8375 0.2453125 0.03671875 0.0296875
21 0.86640625 0.24921875 0.009375 0.01484375
19 0.21875 0.16484375 0.02421875 0.0359375
14 0.25390625 0.1734375 0.05 0.1296875
21 0.86171875 0.2671875 0.009375 0.0203125
21 0.85625 0.2671875 0.00546875 0.015625
1 0.7984375 0.2609375 0.0046875 0.00859375
21 0.825 0.265625 0.00546875 0.0125
21 0.8375 0.26875 0.0078125 0.0125
3 0.81171875 0.26875 0.015625 0.02890625
19 0.28671875 0.20078125 0.02265625 0.03125
17 0.79765625 0.2734375 0.00625 0.01328125
19 0.21796875 0.19765625 0.025 0.03515625
21 0.82578125 0.28359375 0.00546875 0.00546875
21 0.8328125 0.28515625 0.00546875 0.01171875
21 0.8609375 0.2921875 0.01484375 0.03203125
21 0.84453125 0.29140625 0.00859375 0.02421875
21 0.84140625 0.31015625 0.01015625 0.00703125
13 0.3296875 0.24609375 0.009375 0.02578125
21 0.8484375 0.315625 0.00546875 0.01328125
1 0.5046875 0.271875 0.01796875 0.01328125
21 0.840625 0.31796875 0.0109375 0.0078125
13 0.346875 0.2546875 0.0171875 0.01484375
1 0.7921875 0.3234375 0.00546875 0.00703125
9 0.81875 0.32890625 0.03203125 0.071875
13 0.346875 0.26875 0.01640625 0.01328125
1 0.51484375 0.29140625 0.009375 0.025
1 0.4921875 0.2890625 0.0078125 0.028125
9 0.503125 0.28984375 0.01640625 0.025
21 0.85546875 0.3390625 0.009375 0.00859375
1 0.8359375 0.33984375 0.00546875 0.0125
1 0.78515625 0.33359375 0.01484375 0.01171875
1 0.846875 0.34453125 0.009375 0.02421875
17 0.721875 0.3375 0.01640625 0.02734375
1 0.62578125 0.328125 0.0140625 0.040625
1 0.7875 0.35390625 0.00703125 0.0234375
13 0.7328125 0.353125 0.009375 0.02734375
1 0.79453125 0.3625 0.009375 0.0234375
1 0.57890625 0.3359375 0.01484375 0.02421875
14 0.23515625 0.2953125 0.09765625 0.13515625
19 0.1703125 0.2890625 0.0234375 0.0359375
21 0.33828125 0.31171875 0.0078125 0.02578125
1 0.375 0.31796875 0.00859375 0.02578125
1 0.6875 0.36015625 0.01640625 0.0125
1 0.63671875 0.35546875 0.00859375 0.02421875
1 0.39921875 0.32578125 0.01796875 0.01171875
1 0.6546875 0.3609375 0.00859375 0.02109375
1 0.7859375 0.38046875 0.00859375 0.021875
21 0.6296875 0.36171875 0.00546875 0.01171875
1 0.325 0.32421875 0.015625 0.0125
10 0.803125 0.3875 0.025 0.0203125
21 0.61953125 0.36484375 0.0046875 0.009375
1 0.6765625 0.378125 0.00859375 0.0234375
1 0.69609375 0.3828125 0.01640625 0.025
21 0.640625 0.38046875 0.0078125 0.021875
1 0.4 0.35859375 0.01796875 0.0125
21 0.66640625 0.4015625 0.015625 0.0109375
21 0.6296875 0.396875 0.015625 0.0109375
21 0.6859375 0.40546875 0.01640625 0.009375
1 0.70546875 0.4078125 0.0171875 0.01171875
1 0.321875 0.35859375 0.0171875 0.01484375
1 0.39921875 0.37109375 0.01640625 0.0125
21 0.66484375 0.4125 0.0078125 0.00703125
21 0.6734375 0.41328125 0.0078125 0.00703125
21 0.68359375 0.4140625 0.0078125 0.00703125
21 0.6546875 0.4109375 0.00546875 0.00546875
21 0.62109375 0.41328125 0.00546875 0.0109375
21 0.63828125 0.4171875 0.01640625 0.0109375
21 0.69296875 0.42421875 0.00546875 0.01171875
1 0.7046875 0.42578125 0.01640625 0.0125
9 0.503125 0.39921875 0.121875 0.18984375
1 0.44453125 0.396875 0.009375 0.02421875
21 0.65078125 0.42734375 0.0078125 0.00703125
21 0.66328125 0.42890625 0.00703125 0.00703125
19 0.2765625 0.3796875 0.02421875 0.03359375
21 0.68515625 0.43984375 0.00546875 0.01171875
19 0.2078125 0.37734375 0.0234375 0.03203125
1 0.32109375 0.39296875 0.01640625 0.01171875
21 0.6734375 0.4390625 0.00546875 0.01171875
21 0.67890625 0.43984375 0.0046875 0.0109375
21 0.66171875 0.4375 0.00703125 0.00703125
21 0.69140625 0.44609375 0.0046875 0.009375
21 0.63359375 0.44296875 0.01640625 0.01171875
1 0.70703125 0.45234375 0.01640625 0.01328125
21 0.64921875 0.44609375 0.00625 0.0234375
1 0.396875 0.41328125 0.0171875 0.01328125
21 0.66875 0.45625 0.015625 0.0109375
21 0.65625 0.4546875 0.0046875 0.009375
21 0.68984375 0.45859375 0.00703125 0.00703125
21 0.61953125 0.45 0.00390625 0.009375
21 0.671875 0.465625 0.00625 0.00703125
21 0.68984375 0.46796875 0.00703125 0.00703125
19 0.27421875 0.41328125 0.0234375 0.03359375
21 0.7125 0.47109375 0.01640625 0.0109375
1 0.3984375 0.43125 0.00859375 0.025
1 0.390625 0.43046875 0.00859375 0.02421875
1 0.32265625 0.4234375 0.0078125 0.02421875
1 0.36796875 0.43203125 0.01015625 0.02578125
1 0.33203125 0.42734375 0.00859375 0.025
19 0.20625 0.41171875 0.02421875 0.0359375
1 0.35546875 0.43046875 0.0078125 0.02578125
1 0.38125 0.43359375 0.009375 0.02578125
21 0.6375 0.4703125 0.00703125 0.01171875
21 0.671875 0.475 0.00703125 0.00546875
21 0.68984375 0.47734375 0.00546875 0.00703125
21 0.6171875 0.46875 0.0078125 0.0109375
14 0.240625 0.4203125 0.05078125 0.1296875
1 0.56796875 0.4671875 0.009375 0.025
21 0.653125 0.48125 0.01640625 0.01171875
21 0.67109375 0.484375 0.01640625 0.0109375
21 0.6890625 0.48671875 0.01640625 0.0109375
9 0.8359375 0.5171875 0.12421875 0.18828125
19 0.27265625 0.44765625 0.02421875 0.03515625
17 0.7171875 0.50703125 0.0171875 0.0125
21 0.61875 0.49453125 0.015625 0.0109375
21 0.6875 0.5046875 0.0078125 0.0234375
21 0.6640625 0.503125 0.00703125 0.02421875
19 0.2046875 0.44609375 0.0234375 0.03671875
19 0.35859375 0.46796875 0.02109375 0.03203125
21 0.7 0.5140625 0.015625 0.0109375
1 0.32578125 0.46640625 0.01171875 0.0390625
1 0.31171875 0.46484375 0.01328125 0.0375
13 0.465625 0.4859375 0.01640625 0.01484375
17 0.4984375 0.490625 0.01640625 0.01328125
21 0.6515625 0.51328125 0.00703125 0.0234375
1 0.62734375 0.51328125 0.0078125 0.0234375
21 0.6953125 0.53203125 0.01640625 0.0109375
21 0.71328125 0.534375 0.015625 0.0109375
21 0.6796875 0.5375 0.0078125 0.025
8 0.653125 0.5359375 0.0171875 0.01171875
21 0.69765625 0.5453125 0.015625 0.01171875
17 0.59375 0.5359375 0.0171875 0.01484375
1 0.5515625 0.53203125 0.0265625 0.02109375
1 0.50078125 0.53046875 0.009375 0.02421875
21 0.52109375 0.5328125 0.0328125 0.03671875
19 0.72109375 0.56171875 0.0203125 0.03359375
8 0.7015625 0.56015625 0.01640625 0.01171875
1 0.59296875 0.55 0.0171875 0.0125
1 0.68046875 0.56953125 0.00859375 0.021875
3 0.65859375 0.5734375 0.03203125 0.03671875
1 0.5203125 0.55703125 0.01796875 0.01171875
1 0.63515625 0.57265625 0.00859375 0.02421875
8 0.69296875 0.5828125 0.009375 0.021875
19 0.55 0.56640625 0.02421875 0.0359375
1 0.84296875 0.61875 0.02578125 0.01875
19 0.4359375 0.5640625 0.0234375 0.0359375
14 0.22265625 0.53984375 0.09453125 0.12265625
19 0.38515625 0.5640625 0.0234375 0.0375
17 0.6546875 0.603125 0.01640625 0.01328125
19 0.77109375 0.6296875 0.02265625 0.03359375
17 0.8046875 0.634375 0.0078125 0.025
17 0.7859375 0.63359375 0.00859375 0.02578125
1 0.7953125 0.63515625 0.00859375 0.02421875
19 0.8265625 0.64375 0.02265625 0.0375
13 0.6546875 0.625 0.02734375 0.02578125
13 0.6328125 0.6234375 0.0078125 0.02578125
19 0.85625 0.65546875 0.02421875 0.03359375
19 0.4109375 0.59609375 0.021875 0.03359375
20 0.87734375 0.6625 0.01953125 0.03515625
19 0.696875 0.64140625 0.02265625 0.03515625
1 0.8171875 0.66796875 0.0171875 0.01484375
19 0.77890625 0.671875 0.021875 0.03359375
19 0.64140625 0.6546875 0.0234375 0.03515625
17 0.815625 0.68046875 0.0171875 0.01328125
19 0.140625 0.59296875 0.01953125 0.028125
14 0.1609375 0.596875 0.02265625 0.06953125
19 0.43984375 0.634375 0.02265625 0.0390625
17 0.8703125 0.7 0.009375 0.021875
17 0.88046875 0.70078125 0.009375 0.02109375
19 0.29921875 0.6296875 0.021875 0.03515625
20 0.8453125 0.71328125 0.01875 0.0375
1 0.825 0.71171875 0.009375 0.025
20 0.78203125 0.7140625 0.0265625 0.02890625
19 0.80859375 0.71796875 0.02421875 0.0390625
20 0.7515625 0.72265625 0.0296875 0.05625
17 0.71328125 0.7171875 0.00859375 0.021875
17 0.73125 0.7203125 0.00859375 0.02421875
17 0.721875 0.7203125 0.0078125 0.0234375
19 0.296875 0.6640625 0.02265625 0.0328125
1 0.703125 0.71796875 0.00625 0.02421875
14 0.403125 0.67890625 0.0859375 0.05625
19 0.2328125 0.66953125 0.0234375 0.03359375
14 0.2625 0.68359375 0.05 0.16171875
19 0.29609375 0.69765625 0.0234375 0.03515625
20 0.7859375 0.765625 0.034375 0.0578125
19 0.63125 0.74921875 0.025 0.0328125
19 0.23046875 0.703125 0.0234375 0.03671875
19 0.425 0.734375 0.025 0.03671875
17 0.72265625 0.7734375 0.00859375 0.02421875
9 0.75390625 0.77890625 0.0328125 0.0375
19 0.56015625 0.7625 0.02421875 0.03359375
14 0.5265625 0.765625 0.03046875 0.13515625
19 0.82109375 0.809375 0.02109375 0.03203125
14 0.659375 0.7890625 0.0296875 0.1296875
19 0.2296875 0.73671875 0.0265625 0.03359375
19 0.7140625 0.80625 0.0234375 0.0328125
19 0.465625 0.775 0.02421875 0.03359375
17 0.73984375 0.8140625 0.00859375 0.021875
17 0.75 0.815625 0.0078125 0.02421875
19 0.1328125 0.7375 0.0203125 0.0296875
14 0.1578125 0.74296875 0.021875 0.06640625
13 0.5921875 0.80546875 0.10234375 0.07265625
19 0.7921875 0.8328125 0.021875 0.0359375
14 0.39453125 0.79296875 0.084375 0.0484375
14 0.809375 0.85390625 0.0203125 0.071875
14 0.7609375 0.84765625 0.01953125 0.06875
19 0.46328125 0.81015625 0.02265625 0.0390625
14 0.21640625 0.78125 0.0375 0.0515625
19 0.73515625 0.85234375 0.021875 0.0359375
19 0.7078125 0.84921875 0.025 0.03515625
19 0.78125 0.86640625 0.02109375 0.03203125