9 0.328125 0.2375 0.09765625 0.11796875
17 0.38828125 0.2765625 0.00859375 0.0203125
17 0.37734375 0.275 0.01015625 0.02109375
7 0.40078125 0.28046875 0.01953125 0.0421875
11 0.45078125 0.3015625 0.01953125 0.0546875
11 0.465625 0.3046875 0.021875 0.0515625
11 0.48203125 0.309375 0.01875 0.05
4 0.55859375 0.33515625 0.1 0.0703125
4 0.1953125 0.26953125 0.1515625 0.29375
7 0.32421875 0.30546875 0.02734375 0.0296875
1 0.815625 0.41640625 0.00859375 0.0203125
1 0.70078125 0.39453125 0.009375 0.0203125
1 0.80703125 0.4234375 0.01015625 0.02109375
1 0.7078125 0.40390625 0.009375 0.021875
1 0.825 0.43359375 0.01484375 0.01484375
1 0.6890625 0.40703125 0.01484375 0.0140625
1 0.81875 0.44453125 0.01484375 0.01484375
1 0.69375 0.41953125 0.0140625 0.01328125
17 0.32421875 0.3953125 0.01015625 0.02109375
12 0.3140625 0.3953125 0.01171875 0.03125
0 0.28125 0.38984375 0.05625 0.0703125
4 0.91953125 0.528125 0.12265625 0.46015625
9 0.75 0.51015625 0.1125 0.165625
4 0.19765625 0.4546875 0.1078125 0.10078125
1 0.8046875 0.5953125 0.0140625 0.01328125
1 0.68046875 0.5703125 0.0140625 0.01328125
1 0.81171875 0.60859375 0.0140625 0.01328125
1 0.6734375 0.5796875 0.0140625 0.0140625
1 0.69140625 0.58984375 0.00859375 0.02109375
1 0.79140625 0.61171875 0.00859375 0.0203125
17 0.7796875 0.609375 0.01015625 0.02109375
17 0.740625 0.60703125 0.009375 0.02109375
1 0.7984375 0.621875 0.01015625 0.0203125
1 0.6828125 0.59921875 0.009375 0.02109375
7 0.8109375 0.64375 0.02109375 0.0421875
1 0.734375 0.64140625 0.009375 0.021875
1 0.74296875 0.64375 0.009375 0.021875
12 0.26484375 0.55078125 0.01484375 0.034375
17 0.8546875 0.6796875 0.0140625 0.015625
17 0.853125 0.6921875 0.01484375 0.0140625
17 0.85234375 0.70625 0.01484375 0.015625
1 0.2515625 0.5921875 0.009375 0.021875
17 0.85078125 0.721875 0.01640625 0.01484375
17 0.84921875 0.73671875 0.01484375 0.015625
1 0.23515625 0.61171875 0.009375 0.02109375
9 0.26171875 0.64921875 0.0484375 0.09609375
1 0.23125 0.64375 0.009375 0.021875
4 0.87421875 0.78125 0.01640625 0.028125
11 0.8515625 0.778125 0.03203125 0.03203125
4 0.49921875 0.71171875 0.06796875 0.10078125
1 0.23046875 0.66796875 0.009375 0.021875
4 0.15703125 0.665625 0.15546875 0.3125
11 0.23203125 0.7265625 0.02421875 0.04765625
12 0.4296875 0.7734375 0.01328125 0.03203125
12 0.4578125 0.77890625 0.01171875 0.03203125
12 0.31796875 0.75078125 0.0125 0.0328125
12 0.37421875 0.7625 0.0109375 0.03125
12 0.40234375 0.76953125 0.01328125 0.0328125
12 0.34609375 0.75703125 0.0125 0.03359375
12 0.2921875 0.74609375 0.0125 0.03203125
12 0.265625 0.740625 0.01484375 0.0328125
4 0.86640625 0.8828125 0.09453125 0.1640625
18 0.78984375 0.9421875 0.0484375 0.11484375
18 0.61015625 0.9078125 0.046875 0.1171875
18 0.6546875 0.9171875 0.0453125 0.115625
18 0.70078125 0.9265625 0.0484375 0.1171875
18 0.5203125 0.88984375 0.0484375 0.1171875
18 0.7453125 0.93828125 0.046875 0.11796875
18 0.47578125 0.88125 0.046875 0.11796875
18 0.56484375 0.90078125 0.0453125 0.11640625
0 0.41640625 0.87265625 0.046875 0.084375
0 0.35625 0.86015625 0.04609375 0.08359375
0 0.2953125 0.84921875 0.046875 0.08515625
0 0.23515625 0.83671875 0.046875 0.0875
4 0.7390625 0.178125 0.3046875 0.1859375
4 0.40625 0.1125 0.30390625 0.18828125
1 0.57421875 0.1578125 0.0140625 0.0140625
9 0.5734375 0.18125 0.01484375 0.01953125
17 0.57109375 0.20234375 0.0140625 0.0140625
11 0.84921875 0.28125 0.03515625 0.03359375
4 0.87265625 0.28671875 0.0171875 0.03125
4 0.5671875 0.23984375 0.090625 0.04453125
9 0.7625 0.2828125 0.04453125 0.06484375
4 0.471875 0.2265625 0.03359375 0.03203125
7 0.40703125 0.21875 0.0203125 0.040625
7 0.38828125 0.21484375 0.0203125 0.04140625