9 0.30546875 0.278125 0.0890625 0.1
16 0.36796875 0.3046875 0.0078125 0.01953125
16 0.35859375 0.3046875 0.0078125 0.0203125
7 0.38125 0.30546875 0.01640625 0.0390625
11 0.43203125 0.31640625 0.01484375 0.0515625
11 0.446875 0.31640625 0.0171875 0.04921875
11 0.4640625 0.3171875 0.0140625 0.0484375
4 0.54140625 0.3265625 0.09609375 0.05078125
4 0.178125 0.33828125 0.12734375 0.26875
7 0.3078125 0.34609375 0.02578125 0.02421875
2 0.80234375 0.353125 0.00703125 0.01953125
2 0.68671875 0.35546875 0.0078125 0.01953125
2 0.79453125 0.3625 0.0078125 0.0203125
2 0.6953125 0.3640625 0.0078125 0.0203125
2 0.8125 0.36875 0.0140625 0.01171875
2 0.6765625 0.3703125 0.0140625 0.01171875
2 0.80703125 0.38046875 0.01484375 0.0125
2 0.6828125 0.38203125 0.0125 0.01171875
16 0.31640625 0.43515625 0.0078125 0.0203125
12 0.30703125 0.43671875 0.009375 0.0296875
0 0.2734375 0.4375 0.05078125 0.0609375
4 0.9140625 0.4421875 0.08125 0.4453125
9 0.74609375 0.459375 0.09921875 0.14609375
4 0.19765625 0.51875 0.1015625 0.0796875
2 0.8078125 0.53125 0.01328125 0.0109375
2 0.6828125 0.5328125 0.0125 0.01171875
2 0.81640625 0.54375 0.0125 0.0109375
2 0.67734375 0.54375 0.0125 0.01171875
2 0.69609375 0.55078125 0.00703125 0.0203125
2 0.796875 0.55078125 0.0078125 0.01875
16 0.784375 0.5515625 0.0078125 0.0203125
16 0.74609375 0.55703125 0.0078125 0.0203125
2 0.8046875 0.56015625 0.00859375 0.01953125
2 0.68828125 0.5609375 0.00703125 0.01953125
7 0.81796875 0.578125 0.01796875 0.03828125
2 0.7421875 0.5921875 0.0078125 0.0203125
2 0.7515625 0.5921875 0.0078125 0.02109375
12 0.271875 0.59921875 0.0125 0.03203125
16 0.86484375 0.60390625 0.01328125 0.0125
16 0.86484375 0.61796875 0.01484375 0.01171875
16 0.86484375 0.63203125 0.0140625 0.0125
2 0.26328125 0.64296875 0.00703125 0.0203125
16 0.86484375 0.646875 0.015625 0.01171875
16 0.86484375 0.66171875 0.0140625 0.0125
2 0.24921875 0.66640625 0.0078125 0.0203125
9 0.278125 0.69765625 0.040625 0.08828125
2 0.2484375 0.6984375 0.00703125 0.02109375
4 0.89375 0.70078125 0.0140625 0.025
11 0.87109375 0.70234375 0.0296875 0.02578125
4 0.51796875 0.71015625 0.06015625 0.0890625
2 0.24921875 0.72265625 0.0078125 0.02109375
4 0.1765625 0.7359375 0.1296875 0.28671875
11 0.25625 0.7796875 0.0203125 0.04453125
12 0.4546875 0.784375 0.01015625 0.0296875
12 0.4828125 0.784375 0.009375 0.03125
12 0.34375 0.7859375 0.01015625 0.03203125
12 0.4 0.7859375 0.009375 0.0296875
12 0.428125 0.7859375 0.01015625 0.03125
12 0.371875 0.78671875 0.01015625 0.03203125
12 0.3171875 0.78671875 0.009375 0.03046875
12 0.28984375 0.7875 0.0125 0.03125
4 0.8953125 0.8015625 0.08203125 0.1484375
18 0.82578125 0.87890625 0.0375 0.11328125
18 0.6453125 0.88046875 0.0375 0.11015625
18 0.68984375 0.88046875 0.0359375 0.109375
18 0.7359375 0.88046875 0.03828125 0.11015625
18 0.5546875 0.88046875 0.0390625 0.11015625
18 0.78125 0.88125 0.0375 0.1109375
18 0.51015625 0.88203125 0.0375 0.1109375
18 0.6 0.88203125 0.0359375 0.11015625
0 0.4515625 0.8859375 0.03984375 0.07734375
0 0.390625 0.8859375 0.0390625 0.0765625
0 0.3296875 0.8875 0.040625 0.07734375
0 0.26953125 0.88828125 0.040625 0.0796875
4 0.70390625 0.134375 0.29453125 0.125
4 0.37109375 0.1390625 0.29375 0.128125
2 0.540625 0.14921875 0.01328125 0.0109375
9 0.54140625 0.171875 0.0140625 0.01640625
16 0.54140625 0.19296875 0.0125 0.01171875
11 0.8234375 0.21328125 0.0328125 0.028125
4 0.84609375 0.21328125 0.01484375 0.028125
4 0.54140625 0.23125 0.0890625 0.02578125
9 0.7375 0.2328125 0.0390625 0.05703125
4 0.44609375 0.2375 0.03203125 0.02578125
7 0.38125 0.24375 0.0171875 0.0375
7 0.3625 0.24375 0.0171875 0.03828125