9 0.28828125 0.28046875 0.103125 0.12421875
17 0.35625 0.29453125 0.009375 0.021875
17 0.34609375 0.2984375 0.01015625 0.02265625
7 0.3703125 0.29296875 0.02109375 0.04453125
11 0.42421875 0.29296875 0.02109375 0.0578125
11 0.43984375 0.28984375 0.02265625 0.0546875
11 0.4578125 0.28671875 0.01953125 0.053125
4 0.540625 0.2796875 0.10546875 0.075
4 0.16015625 0.37265625 0.16015625 0.31015625
7 0.296875 0.35234375 0.02890625 0.03125
1 0.81640625 0.25 0.009375 0.021875
1 0.69609375 0.278125 0.01015625 0.021875
1 0.809375 0.26171875 0.01015625 0.02265625
1 0.70546875 0.284375 0.01015625 0.0234375
1 0.8296875 0.2640625 0.01640625 0.015625
1 0.68671875 0.29609375 0.015625 0.01484375
1 0.825 0.27734375 0.01640625 0.015625
1 0.69375 0.30703125 0.01484375 0.0140625
17 0.31484375 0.44375 0.01015625 0.02265625
12 0.3046875 0.44765625 0.0125 0.0328125
0 0.26953125 0.45625 0.059375 0.075
4 0.9390625 0.31875 0.12109375 0.48671875
9 0.76796875 0.3734375 0.11875 0.175
4 0.1984375 0.55859375 0.1140625 0.10625
1 0.840625 0.4359375 0.01484375 0.0140625
1 0.709375 0.465625 0.01484375 0.0140625
1 0.85 0.446875 0.01484375 0.0140625
1 0.70390625 0.47890625 0.01484375 0.01484375
1 0.725 0.48125 0.009375 0.02265625
1 0.83046875 0.459375 0.009375 0.021875
17 0.8171875 0.4625 0.01015625 0.02265625
17 0.77734375 0.47734375 0.01015625 0.02265625
1 0.83984375 0.4671875 0.01015625 0.021875
1 0.71796875 0.49375 0.01015625 0.02265625
7 0.85546875 0.48359375 0.021875 0.04453125
1 0.77734375 0.51484375 0.01015625 0.0234375
1 0.78671875 0.5125 0.01015625 0.0234375
12 0.28359375 0.6265625 0.01640625 0.03671875
17 0.90703125 0.5 0.01484375 0.01640625
17 0.9078125 0.5140625 0.01640625 0.01484375
17 0.91015625 0.52890625 0.015625 0.01640625
1 0.2796875 0.675 0.01015625 0.0234375
17 0.9109375 0.54453125 0.0171875 0.015625
17 0.91328125 0.5609375 0.015625 0.01640625
1 0.2671875 0.7015625 0.01015625 0.02265625
9 0.30078125 0.72890625 0.0515625 0.10078125
1 0.26953125 0.7359375 0.01015625 0.0234375
4 0.94609375 0.59453125 0.0171875 0.0296875
11 0.9234375 0.6015625 0.03359375 0.03359375
4 0.553125 0.68828125 0.071875 0.10625
1 0.27265625 0.7609375 0.01015625 0.0234375
4 0.19765625 0.790625 0.1640625 0.3296875
11 0.2859375 0.81953125 0.02578125 0.05078125
12 0.49453125 0.78046875 0.0140625 0.034375
12 0.52421875 0.77421875 0.0125 0.034375
12 0.378125 0.80625 0.01328125 0.03515625
12 0.43671875 0.79375 0.01171875 0.0328125
12 0.46640625 0.78828125 0.0140625 0.03515625
12 0.40703125 0.80078125 0.01328125 0.0359375
12 0.35 0.8140625 0.01328125 0.03359375
12 0.321875 0.8203125 0.01640625 0.03515625
4 0.95390625 0.7015625 0.09140625 0.17421875
18 0.89375 0.7984375 0.05078125 0.1265625
18 0.7046875 0.83828125 0.05 0.1234375
18 0.75078125 0.82890625 0.0484375 0.121875
18 0.7984375 0.81875 0.05078125 0.1234375
18 0.60859375 0.859375 0.0515625 0.1234375
18 0.846875 0.81015625 0.05 0.12421875
18 0.5625 0.87109375 0.05 0.12421875
18 0.65625 0.8515625 0.0484375 0.12265625
0 0.50078125 0.8875 0.04921875 0.0890625
0 0.4375 0.9015625 0.0484375 0.08828125
0 0.3734375 0.91640625 0.05 0.08984375
0 0.3109375 0.93046875 0.05 0.0921875
4 0.6921875 0.0703125 0.32109375 0.140625
4 0.34296875 0.12109375 0.3203125 0.19921875
1 0.52109375 0.09375 0.01484375 0.01484375
9 0.52578125 0.1171875 0.01640625 0.0203125
17 0.52734375 0.13984375 0.01484375 0.01484375
11 0.825 0.0984375 0.03671875 0.0359375
4 0.85 0.09296875 0.01796875 0.0328125
4 0.53046875 0.1796875 0.09609375 0.046875
9 0.73671875 0.1375 0.046875 0.06875
4 0.43125 0.2078125 0.0359375 0.03359375
7 0.3640625 0.228125 0.021875 0.04296875
7 0.34453125 0.2328125 0.021875 0.04375