21 0.328125 0.2109375 0.059375 0.08671875
17 0.4671875 0.24453125 0.08203125 0.04921875
13 0.5578125 0.23515625 0.08515625 0.0546875
21 0.6609375 0.22578125 0.053125 0.0765625
16 0.83046875 0.2234375 0.11796875 0.10546875
21 0.35703125 0.29375 0.08203125 0.0546875
21 0.53828125 0.2953125 0.08046875 0.04765625
21 0.45 0.3171875 0.04921875 0.075
4 0.440625 0.05859375 0.871875 0.1171875
21 0.35703125 0.36640625 0.04765625 0.0765625
21 0.2875 0.3953125 0.08359375 0.053125
21 0.534375 0.36640625 0.075 0.04609375
21 0.09765625 0.42265625 0.08203125 0.05625
21 0.178125 0.41640625 0.08671875 0.0546875
9 0.7015625 0.3578125 0.15390625 0.17578125
21 0.42734375 0.396875 0.04609375 0.08046875
21 0.5390625 0.41640625 0.08203125 0.0546875
21 0.31484375 0.45703125 0.08046875 0.0515625
21 0.15390625 0.47890625 0.08515625 0.059375
21 0.37265625 0.46171875 0.04921875 0.090625
21 0.47578125 0.46484375 0.0515625 0.08046875
21 0.53046875 0.48828125 0.0515625 0.08203125
21 0.25234375 0.5265625 0.08203125 0.053125
4 0.059375 0.5546875 0.11875 0.86875
4 0.93671875 0.44375 0.12265625 0.86328125
21 0.4078125 0.515625 0.08203125 0.0578125
17 0.6 0.5078125 0.04921875 0.08359375
21 0.68359375 0.5109375 0.08671875 0.059375
9 0.8484375 0.5015625 0.146875 0.15390625
21 0.51875 0.559375 0.0890625 0.0515625
21 0.36875 0.58671875 0.08203125 0.0546875
21 0.29375 0.63125 0.0546875 0.08515625
21 0.11328125 0.65859375 0.053125 0.08203125
21 0.16328125 0.6546875 0.04921875 0.08671875
21 0.36796875 0.64453125 0.08671875 0.06328125
21 0.7578125 0.60859375 0.0515625 0.08671875
17 0.3796875 0.68515625 0.08046875 0.04609375
16 0.87265625 0.65390625 0.11796875 0.109375
17 0.47734375 0.7109375 0.08359375 0.04609375
17 0.38125 0.73046875 0.08359375 0.04765625
17 0.1859375 0.76484375 0.08515625 0.0515625
17 0.52265625 0.74296875 0.08046875 0.04609375
17 0.38671875 0.77265625 0.08359375 0.040625
16 0.56484375 0.8234375 0.1125 0.10078125
9 0.42890625 0.840625 0.17265625 0.12109375
17 0.309375 0.86796875 0.08046875 0.04921875
21 0.88359375 0.796875 0.071875 0.06796875
1 0.721875 0.8203125 0.071875 0.12109375
21 0.203125 0.88515625 0.08515625 0.0765625
1 0.7796875 0.8140625 0.04765625 0.08203125
21 0.4296875 0.921875 0.08515625 0.0515625
4 0.553125 0.940625 0.8671875 0.11640625
21 0.34375 0.1171875 0.08046875 0.053125
21 0.440625 0.10703125 0.08203125 0.05625
21 0.709375 0.10390625 0.053125 0.0890625
21 0.6515625 0.1140625 0.0578125 0.0953125
21 0.37734375 0.1609375 0.08203125 0.04609375
21 0.19453125 0.190625 0.0515625 0.08359375
21 0.803125 0.1171875 0.08046875 0.08046875
21 0.59140625 0.14296875 0.053125 0.08515625
21 0.1140625 0.2015625 0.08203125 0.078125