21 0.36953125 0.2 0.0484375 0.0796875
16 0.50078125 0.25 0.075 0.03984375
13 0.5890625 0.2515625 0.078125 0.04296875
21 0.68984375 0.2546875 0.04296875 0.0703125
15 0.85390625 0.27265625 0.1046875 0.09140625
21 0.3875 0.284375 0.075 0.0453125
21 0.5625 0.3078125 0.075 0.03828125
21 0.475 0.3171875 0.03984375 0.06796875
4 0.49921875 0.03515625 0.8484375 0.0703125
21 0.37734375 0.35390625 0.03828125 0.071875
21 0.30859375 0.375 0.0765625 0.04296875
21 0.55 0.375 0.0703125 0.03671875
21 0.12109375 0.378125 0.075 0.046875
21 0.2 0.38203125 0.0796875 0.04296875
9 0.7140625 0.38671875 0.13203125 0.15703125
21 0.44296875 0.3921875 0.03671875 0.075
21 0.54921875 0.42421875 0.075 0.0453125
21 0.3265625 0.4375 0.0734375 0.04140625
21 0.1671875 0.4390625 0.078125 0.0484375
21 0.3828125 0.44921875 0.03828125 0.08515625
21 0.4828125 0.46484375 0.04140625 0.0734375
21 0.5328125 0.4921875 0.04140625 0.075
21 0.259375 0.496875 0.075 0.04296875
4 0.0359375 0.4984375 0.071875 0.84296875
4 0.9609375 0.50078125 0.075 0.83828125
21 0.4109375 0.50546875 0.075 0.0484375
16 0.59765625 0.52109375 0.03828125 0.078125
21 0.678125 0.534375 0.0796875 0.0484375
9 0.8390625 0.54453125 0.128125 0.13515625
21 0.5125 0.56171875 0.08203125 0.03984375
21 0.3640625 0.57109375 0.075 0.0453125
21 0.28515625 0.60390625 0.04296875 0.078125
21 0.10859375 0.609375 0.04296875 0.075
21 0.15546875 0.6109375 0.03828125 0.08203125
21 0.35703125 0.62578125 0.0796875 0.0515625
21 0.73828125 0.63671875 0.03984375 0.0796875
16 0.3625 0.66640625 0.075 0.03671875
15 0.84453125 0.69453125 0.1046875 0.0953125
16 0.45390625 0.70234375 0.078125 0.03515625
16 0.359375 0.71015625 0.078125 0.03671875
16 0.165625 0.7203125 0.078125 0.03984375
16 0.49453125 0.73984375 0.075 0.03671875
16 0.359375 0.7515625 0.078125 0.0296875
15 0.525 0.821875 0.1 0.08671875
9 0.39140625 0.8234375 0.15703125 0.1
16 0.2734375 0.83515625 0.0734375 0.03984375
21 0.83828125 0.83515625 0.06328125 0.06015625
2 0.678125 0.8375 0.05703125 0.11171875
21 0.1671875 0.83828125 0.075 0.06640625
2 0.7359375 0.83828125 0.03828125 0.0765625
21 0.3828125 0.9015625 0.078125 0.03984375
4 0.49609375 0.96328125 0.84140625 0.0703125
21 0.3953125 0.11171875 0.0734375 0.04296875
21 0.490625 0.11328125 0.075 0.046875
21 0.75078125 0.1421875 0.04140625 0.08203125
21 0.6953125 0.14609375 0.046875 0.08828125
21 0.421875 0.15859375 0.0765625 0.03671875
21 0.2421875 0.16484375 0.04140625 0.0765625
21 0.83984375 0.16484375 0.0703125 0.0703125
21 0.6328125 0.165625 0.04140625 0.078125
21 0.1625 0.165625 0.071875 0.06796875