16 0.47734375 0.159375 0.059375 0.06875
17 0.42109375 0.1734375 0.0390625 0.03671875
1 0.2578125 0.2421875 0.05390625 0.11875
11 0.0078125 0.309375 0.01484375 0.12734375
13 0.7828125 0.1515625 0.2625 0.303125
17 0.4265625 0.2328125 0.0390625 0.034375
1 0.059375 0.3328125 0.07578125 0.07578125
1 0.1328125 0.3203125 0.0703125 0.0796875
6 0.20625 0.321875 0.0609375 0.0625
4 0.01015625 0.384375 0.0203125 0.0625
19 0.26953125 0.3265625 0.03671875 0.0625
17 0.61328125 0.25859375 0.021875 0.06015625
17 0.6359375 0.253125 0.02265625 0.0625
1 0.2 0.42890625 0.0515625 0.11640625
9 0.10859375 0.44921875 0.15234375 0.20078125
1 0.2734375 0.41484375 0.05 0.11875
10 0.6328125 0.3390625 0.03125 0.05390625
17 0.6078125 0.34921875 0.01875 0.06484375
16 0.85078125 0.30390625 0.0609375 0.0734375
9 0.74765625 0.33046875 0.05390625 0.0578125
12 0.68125 0.3546875 0.040625 0.03671875
1 0.0171875 0.5140625 0.034375 0.11875
17 0.90390625 0.346875 0.0375 0.034375
9 0.75 0.3890625 0.05703125 0.0625
20 0.6421875 0.428125 0.0484375 0.07578125
19 0.04375 0.56796875 0.01484375 0.040625
4 0.68671875 0.43125 0.040625 0.1078125
17 0.90859375 0.384375 0.0390625 0.03671875
9 0.4578125 0.4890625 0.32734375 0.521875
1 0.28359375 0.5359375 0.0515625 0.1140625
17 0.0109375 0.5984375 0.01640625 0.03671875
1 0.140625 0.56875 0.07578125 0.07734375
6 0.22890625 0.5515625 0.0609375 0.06875
19 0.07578125 0.590625 0.01875 0.04765625
4 0.471875 0.0796875 0.94296875 0.159375
17 0.909375 0.4203125 0.040625 0.034375
4 0.9671875 0.40625 0.0625 0.37265625
17 0.6484375 0.4828125 0.04609375 0.0390625
12 0.01484375 0.63359375 0.01640625 0.02578125
16 0.75703125 0.46875 0.0625 0.0671875
17 0.9125 0.4546875 0.0421875 0.0390625
13 0.67734375 0.528125 0.04296875 0.04296875
13 0.6828125 0.56328125 0.04453125 0.040625
1 0.22578125 0.6734375 0.0515625 0.11875
1 0.29609375 0.65859375 0.0515625 0.1140625
9 0.13125 0.696875 0.15703125 0.2046875
13 0.63046875 0.59453125 0.028125 0.06875
1 0.034375 0.746875 0.04453125 0.1140625
17 0.6859375 0.6015625 0.0421875 0.034375
17 0.6875 0.6359375 0.0375 0.034375
13 0.6375 0.6609375 0.02421875 0.0625
9 0.86328125 0.6140625 0.15703125 0.28046875
16 0.2484375 0.76171875 0.0625 0.0671875
19 0.04921875 0.81875 0.028125 0.02578125
19 0.159375 0.80703125 0.01875 0.0453125
13 0.64296875 0.7265625 0.02421875 0.06484375
19 0.9859375 0.64765625 0.02578125 0.0625
17 0.47265625 0.7671875 0.0375 0.034375
12 0.2328125 0.84609375 0.0203125 0.0671875
16 0.678125 0.75234375 0.0328125 0.06015625
18 0.753125 0.73828125 0.0984375 0.2046875
12 0.20234375 0.86328125 0.01875 0.0625
12 0.31640625 0.840625 0.021875 0.06875
12 0.22265625 0.86328125 0.01875 0.0625
12 0.24140625 0.85859375 0.0203125 0.0625
12 0.29765625 0.84609375 0.0203125 0.0625
16 0.5328125 0.79296875 0.0625 0.06875
12 0.2796875 0.8515625 0.021875 0.06015625
12 0.33359375 0.8390625 0.02421875 0.0671875
3 0.40234375 0.8296875 0.1109375 0.1640625
17 0.47734375 0.8265625 0.0390625 0.03671875
7 0.13515625 0.9109375 0.10234375 0.15703125
4 0.05234375 0.95234375 0.0390625 0.090625
17 0.484375 0.88828125 0.0390625 0.034375
4 0.51875 0.8953125 0.959375 0.2046875
17 0.41484375 0.10546875 0.0375 0.034375
7 0.075 0.21328125 0.1203125 0.17265625
0 0.61015625 0.10859375 0.06640625 0.17890625
0 0.55546875 0.1203125 0.0671875 0.18125
3 0.3484375 0.1765625 0.1109375 0.1640625