9 0.184375 0.25546875 0.26875 0.3828125
4 0.53125 0.04921875 0.8796875 0.0984375
9 0.63046875 0.390625 0.65703125 0.66015625
4 0.9515625 0.53828125 0.09296875 0.8828125
4 0.04140625 0.47421875 0.0828125 0.8828125
17 0.209375 0.546875 0.046875 0.0859375
17 0.26484375 0.55546875 0.05 0.08984375
18 0.1140625 0.5796875 0.12734375 0.2203125
1 0.23671875 0.7109375 0.12265625 0.06015625
12 0.471875 0.728125 0.115625 0.053125
12 0.46328125 0.80078125 0.11875 0.05703125
9 0.74921875 0.84296875 0.35 0.26875
6 0.08828125 0.80703125 0.09296875 0.1484375
9 0.2515625 0.8390625 0.134375 0.146875
12 0.46328125 0.8640625 0.11171875 0.0484375
17 0.35234375 0.87734375 0.046875 0.08984375
1 0.14765625 0.8796875 0.04296875 0.0859375
4 0.46171875 0.9578125 0.8859375 0.08125