16 0.58046875 0.2234375 0.06015625 0.07265625
17 0.52578125 0.20859375 0.03828125 0.03828125
1 0.36171875 0.1890625 0.05625 0.11953125
11 0.0625 0.09921875 0.05078125 0.12109375
11 0.09609375 0.1125 0.05078125 0.1234375
13 0.86875 0.36484375 0.26015625 0.33828125
17 0.5203125 0.26484375 0.03984375 0.0359375
1 0.15703125 0.17265625 0.07578125 0.08046875
1 0.22734375 0.19765625 0.0703125 0.08515625
6 0.29609375 0.2375 0.06171875 0.065625
4 0.05703125 0.17265625 0.0375 0.0640625
4 0.08984375 0.18828125 0.04140625 0.06171875
19 0.35390625 0.27265625 0.03828125 0.0640625
17 0.68984375 0.3859375 0.02265625 0.06171875
17 0.7109375 0.3921875 0.02421875 0.06171875
19 0.03515625 0.22421875 0.025 0.053125
1 0.26953125 0.3328125 0.053125 0.1171875
9 0.1796875 0.3078125 0.1546875 0.20625
1 0.3390625 0.359375 0.05234375 0.11953125
10 0.690625 0.4734375 0.03203125 0.053125
17 0.665625 0.46796875 0.0203125 0.0640625
16 0.90078125 0.55 0.0625 0.07421875
9 0.79765625 0.52265625 0.0546875 0.06171875
12 0.73359375 0.5109375 0.03984375 0.03828125
1 0.0703125 0.315625 0.0546875 0.1171875
17 0.94296875 0.61953125 0.0375 0.03828125
9 0.78984375 0.5796875 0.05703125 0.065625
20 0.68046875 0.5609375 0.04921875 0.07890625
19 0.09609375 0.384375 0.015625 0.040625
4 0.721875 0.5859375 0.04375 0.10859375
4 0.0171875 0.3703125 0.034375 0.153125
17 0.93828125 0.65546875 0.03828125 0.03828125
9 0.49765625 0.52265625 0.334375 0.534375
1 0.3265625 0.4765625 0.053125 0.11484375
17 0.04609375 0.3890625 0.03828125 0.0421875
1 0.184375 0.434375 0.07578125 0.08046875
6 0.2703125 0.4640625 0.06171875 0.07265625
19 0.1203125 0.4203125 0.0203125 0.04921875
4 0.528125 0.1265625 0.94140625 0.253125
17 0.9328125 0.68828125 0.04140625 0.0359375
4 0.975 0.70390625 0.046875 0.36171875
17 0.67734375 0.6125 0.0453125 0.0421875
12 0.040625 0.42578125 0.04140625 0.034375
16 0.7796875 0.65625 0.0625 0.0703125
17 0.92890625 0.72265625 0.04140625 0.040625
13 0.69375 0.67109375 0.04375 0.04453125
13 0.69140625 0.70546875 0.04375 0.04453125
1 0.24296875 0.5765625 0.053125 0.11953125
1 0.31171875 0.59765625 0.053125 0.11484375
9 0.15078125 0.54921875 0.16015625 0.2125
13 0.6375 0.709375 0.0296875 0.0703125
1 0.04609375 0.5421875 0.0546875 0.11484375
17 0.68671875 0.7421875 0.04296875 0.03828125
1 0.015625 0.5328125 0.03046875 0.12109375
17 0.68203125 0.77578125 0.03828125 0.0359375
13 0.6296875 0.7734375 0.025 0.06171875
9 0.85 0.846875 0.16171875 0.28515625
16 0.24765625 0.66953125 0.0625 0.0703125
19 0.05 0.6203125 0.028125 0.02734375
19 0.15546875 0.665625 0.0203125 0.046875
5 0.015625 0.64140625 0.03046875 0.10390625
13 0.621875 0.83828125 0.025 0.0640625
19 0.95078125 0.9421875 0.01328125 0.05546875
17 0.45546875 0.790625 0.03828125 0.0359375
12 0.215625 0.740625 0.02265625 0.06796875
16 0.65 0.8796875 0.03359375 0.06171875
18 0.7234375 0.9 0.10234375 0.19609375
12 0.18359375 0.7390625 0.0203125 0.06171875
12 0.29453125 0.77734375 0.02421875 0.0703125
12 0.20234375 0.75 0.0203125 0.06171875
12 0.2203125 0.75546875 0.02109375 0.0640625
12 0.27578125 0.77421875 0.02109375 0.0640625
16 0.5046875 0.84453125 0.0625 0.07265625
12 0.2578125 0.76953125 0.02265625 0.06171875
12 0.31171875 0.7859375 0.025 0.065625
3 0.3765625 0.81171875 0.11328125 0.16796875
17 0.44765625 0.846875 0.03828125 0.03828125
7 0.11171875 0.75078125 0.10546875 0.16171875
4 0.02421875 0.75234375 0.03984375 0.09609375
17 0.44140625 0.9078125 0.03984375 0.0359375
4 0.46875 0.890625 0.9375 0.21484375
17 0.534375 0.14140625 0.03828125 0.0359375
4 0.1109375 0.03046875 0.040625 0.0609375
7 0.1953125 0.07890625 0.12421875 0.1578125
0 0.715625 0.24453125 0.0703125 0.17890625
0 0.66171875 0.22890625 0.0703125 0.18046875
3 0.4578125 0.1734375 0.11328125 0.16796875