15 0.5390625 0.20390625 0.0515625 0.05390625
16 0.48671875 0.20625 0.03359375 0.02578125
2 0.3328125 0.2359375 0.04140625 0.1015625
11 0.0484375 0.23671875 0.0359375 0.10390625
11 0.08125 0.24140625 0.03515625 0.1078125
13 0.821875 0.25234375 0.22109375 0.253125
16 0.4875 0.2609375 0.03515625 0.02421875
2 0.14296875 0.27890625 0.06640625 0.05546875
2 0.2109375 0.28203125 0.06015625 0.06171875
6 0.27890625 0.29765625 0.05234375 0.04609375
4 0.0515625 0.30703125 0.02890625 0.0515625
4 0.0828125 0.3125 0.03359375 0.04765625
19 0.3359375 0.31484375 0.0296875 0.0515625
16 0.6578125 0.3234375 0.01484375 0.05390625
16 0.678125 0.3234375 0.01640625 0.05390625
19 0.0265625 0.3609375 0.0359375 0.04375
2 0.2640625 0.39453125 0.0390625 0.09921875
9 0.1796875 0.3953125 0.12890625 0.15703125
2 0.3328125 0.39765625 0.0375 0.1015625
10 0.66875 0.40234375 0.025 0.04375
16 0.6453125 0.40546875 0.0125 0.0578125
15 0.8703125 0.4140625 0.05234375 0.05546875
9 0.7734375 0.41640625 0.04609375 0.04375
12 0.7109375 0.425 0.03515625 0.02578125
2 0.0796875 0.434375 0.03984375 0.09921875
16 0.91640625 0.46484375 0.0328125 0.02578125
9 0.771875 0.471875 0.0484375 0.04765625
20 0.66875 0.48515625 0.03984375 0.06171875
19 0.1109375 0.48984375 0.0109375 0.0359375
4 0.71015625 0.496875 0.0296875 0.09375
4 0.028125 0.49921875 0.03125 0.1375
16 0.9171875 0.49921875 0.03359375 0.02578125
9 0.49609375 0.50234375 0.2671875 0.4265625
2 0.3328125 0.50859375 0.0390625 0.09765625
16 0.065625 0.50859375 0.03359375 0.0296875
2 0.1984375 0.5109375 0.06484375 0.0578125
6 0.28125 0.5140625 0.05234375 0.0515625
19 0.13828125 0.5171875 0.0140625 0.0421875
4 0.4953125 0.053125 0.9734375 0.08984375
16 0.915625 0.53203125 0.0359375 0.02421875
4 0.9703125 0.53203125 0.0296875 0.33828125
16 0.67109375 0.5359375 0.03984375 0.028125
12 0.06484375 0.54375 0.0375 0.01953125
15 0.7703125 0.54453125 0.05390625 0.05
16 0.915625 0.5640625 0.0359375 0.028125
13 0.69375 0.58359375 0.0375 0.03203125
13 0.6953125 0.61640625 0.0390625 0.0296875
2 0.26796875 0.62421875 0.0390625 0.1015625
2 0.334375 0.62421875 0.0390625 0.09765625
9 0.1796875 0.6265625 0.1328125 0.16171875
13 0.6453125 0.63515625 0.02109375 0.059375
2 0.0828125 0.65078125 0.03984375 0.09765625
16 0.6953125 0.6515625 0.0375 0.02421875
2 0.0421875 0.65234375 0.0390625 0.1015625
16 0.69453125 0.68359375 0.03359375 0.02421875
13 0.64609375 0.69609375 0.0171875 0.05390625
9 0.85703125 0.7 0.1265625 0.2328125
15 0.28203125 0.71015625 0.05390625 0.05
19 0.0953125 0.7203125 0.025 0.01796875
19 0.196875 0.7328125 0.0140625 0.03984375
5 0.04921875 0.75390625 0.0484375 0.08203125
13 0.64609375 0.75703125 0.0171875 0.05546875
19 0.9703125 0.7578125 0.0265625 0.05
16 0.48671875 0.7609375 0.03359375 0.02421875
12 0.2609375 0.7828125 0.0140625 0.059375
15 0.6765625 0.7875 0.0265625 0.05
18 0.746875 0.7921875 0.0765625 0.1734375
12 0.23125 0.79296875 0.0125 0.05546875
12 0.3375 0.79609375 0.01484375 0.06171875
12 0.25 0.796875 0.0125 0.05546875
12 0.2671875 0.796875 0.0140625 0.05546875
12 0.3203125 0.796875 0.0140625 0.05546875
15 0.5390625 0.796875 0.05390625 0.0515625
12 0.30390625 0.79765625 0.01484375 0.05390625
12 0.35390625 0.79765625 0.0171875 0.0578125
3 0.4171875 0.803125 0.0921875 0.13125
16 0.48671875 0.815625 0.03359375 0.02578125
7 0.16640625 0.82265625 0.08515625 0.12734375
4 0.0859375 0.8484375 0.02734375 0.08359375
16 0.4875 0.87265625 0.03515625 0.02421875
4 0.4984375 0.94453125 0.97109375 0.0953125
16 0.48671875 0.14375 0.03359375 0.02421875
4 0.084375 0.1453125 0.0265625 0.08359375
7 0.1671875 0.17109375 0.1 0.1390625
0 0.665625 0.18515625 0.0484375 0.15546875
0 0.6140625 0.1859375 0.0484375 0.15703125
3 0.42109375 0.1953125 0.0921875 0.13125