9 0.14453125 0.353125 0.2890625 0.4140625
4 0.409375 0.08828125 0.81875 0.1765625
9 0.5890625 0.35859375 0.74296875 0.7171875
4 0.90859375 0.40546875 0.1796875 0.8109375
4 0.0875 0.58828125 0.175 0.8203125
17 0.2390625 0.61953125 0.06015625 0.0890625
17 0.2953125 0.6125 0.06328125 0.09453125
18 0.159375 0.68125 0.1609375 0.2328125
1 0.31640625 0.76875 0.1265625 0.07890625
12 0.54453125 0.7125 0.11953125 0.071875
12 0.55859375 0.78359375 0.1234375 0.0734375
9 0.8234375 0.7359375 0.34921875 0.31875
6 0.20625 0.90234375 0.11484375 0.1578125
9 0.36953125 0.884375 0.15390625 0.1625
12 0.578125 0.84296875 0.11484375 0.06640625
17 0.4765625 0.88984375 0.06015625 0.09453125
1 0.28359375 0.9546875 0.05625 0.090625
4 0.58828125 0.90703125 0.8203125 0.18359375