21 0.35 0.1984375 0.05234375 0.08359375
17 0.4890625 0.2484375 0.078125 0.04375
13 0.58125 0.2484375 0.08203125 0.046875
21 0.68515625 0.24921875 0.046875 0.0734375
16 0.85703125 0.26484375 0.11171875 0.09765625
21 0.3703125 0.2859375 0.078125 0.0484375
21 0.553125 0.30625 0.078125 0.0421875
21 0.4625 0.31953125 0.04375 0.07109375
4 0.484375 0.03515625 0.8921875 0.06953125
21 0.3609375 0.359375 0.0421875 0.075
21 0.2890625 0.38203125 0.08046875 0.046875
21 0.5421875 0.37734375 0.0734375 0.03984375
21 0.09296875 0.3890625 0.078125 0.05078125
21 0.17578125 0.39140625 0.08359375 0.046875
9 0.71328125 0.3875 0.14140625 0.165625
21 0.43125 0.3984375 0.03984375 0.078125
21 0.54296875 0.42890625 0.078125 0.0484375
21 0.31015625 0.44765625 0.0765625 0.0453125
21 0.14375 0.4515625 0.08203125 0.05234375
21 0.36796875 0.459375 0.0421875 0.0890625
21 0.471875 0.47421875 0.0453125 0.0765625
21 0.52578125 0.50078125 0.0453125 0.078125
21 0.23984375 0.509375 0.078125 0.046875
4 0.02734375 0.5171875 0.05390625 0.88515625
4 0.96171875 0.503125 0.0734375 0.88125
21 0.3984375 0.5171875 0.078125 0.05234375
17 0.59375 0.52890625 0.0421875 0.08203125
21 0.6796875 0.5421875 0.08359375 0.05234375
9 0.846875 0.5484375 0.1359375 0.14296875
21 0.50625 0.57421875 0.08515625 0.04375
21 0.35078125 0.58515625 0.078125 0.0484375
21 0.26953125 0.62265625 0.046875 0.08203125
21 0.084375 0.6296875 0.046875 0.078125
21 0.134375 0.63125 0.0421875 0.08515625
21 0.34375 0.64296875 0.08515625 0.05546875
21 0.74296875 0.6484375 0.04375 0.08359375
17 0.35078125 0.68515625 0.078125 0.03984375
16 0.85546875 0.70546875 0.11171875 0.10078125
17 0.446875 0.72109375 0.08203125 0.03828125
17 0.34921875 0.73046875 0.08203125 0.03984375
17 0.146875 0.74453125 0.08203125 0.04375
17 0.490625 0.76015625 0.078125 0.03984375
17 0.34921875 0.77421875 0.08203125 0.0328125
16 0.5234375 0.84609375 0.10625 0.0921875
9 0.384375 0.8484375 0.165625 0.1078125
17 0.2609375 0.86328125 0.0765625 0.04375
21 0.85078125 0.853125 0.06796875 0.06484375
1 0.68359375 0.85859375 0.0609375 0.11875
21 0.15 0.86875 0.08046875 0.07109375
1 0.74375 0.85859375 0.0421875 0.08046875
21 0.37734375 0.93125 0.08203125 0.04375
4 0.49765625 0.97265625 0.88359375 0.05078125
21 0.37421875 0.10546875 0.0765625 0.046875
21 0.475 0.10546875 0.078125 0.05078125
21 0.74765625 0.13125 0.0453125 0.08515625
21 0.6890625 0.13515625 0.05078125 0.0921875
21 0.40390625 0.15390625 0.08046875 0.03984375
21 0.21640625 0.1640625 0.0453125 0.08046875
21 0.840625 0.15234375 0.075 0.075
21 0.6234375 0.1578125 0.0453125 0.08203125
21 0.13203125 0.165625 0.0765625 0.0734375