9 0.296875 0.1890625 0.1046875 0.12578125
17 0.36171875 0.23046875 0.009375 0.02265625
17 0.35078125 0.22890625 0.01015625 0.0234375
7 0.37578125 0.234375 0.02109375 0.0453125
11 0.4296875 0.25546875 0.02109375 0.05859375
11 0.44609375 0.259375 0.02265625 0.05625
11 0.46484375 0.26328125 0.01953125 0.0546875
4 0.54765625 0.2890625 0.10859375 0.0734375
4 0.153125 0.22890625 0.16171875 0.315625
7 0.29296875 0.26328125 0.0296875 0.03125
1 0.828125 0.3703125 0.009375 0.02265625
1 0.703125 0.34921875 0.01015625 0.02265625
1 0.81875 0.378125 0.01015625 0.0234375
1 0.7109375 0.36015625 0.009375 0.02421875
1 0.8375 0.3890625 0.01640625 0.01484375
1 0.690625 0.36328125 0.015625 0.0140625
1 0.83125 0.40078125 0.01640625 0.01484375
1 0.6953125 0.37734375 0.01484375 0.0140625
17 0.29375 0.3609375 0.01015625 0.0234375
12 0.28359375 0.36171875 0.0125 0.03359375
0 0.246875 0.35625 0.06015625 0.075
4 0.93828125 0.4890625 0.121875 0.5
9 0.7578125 0.4734375 0.1203125 0.17734375
4 0.1578125 0.42890625 0.11640625 0.10625
1 0.81796875 0.5640625 0.015625 0.01328125
1 0.6828125 0.540625 0.01484375 0.0140625
1 0.8265625 0.5796875 0.01484375 0.0140625
1 0.675 0.5515625 0.01484375 0.01484375
1 0.6953125 0.5625 0.009375 0.0234375
1 0.8046875 0.584375 0.009375 0.02265625
17 0.790625 0.58125 0.01015625 0.0234375
17 0.74921875 0.5796875 0.009375 0.0234375
1 0.81171875 0.59453125 0.0109375 0.02265625
1 0.6859375 0.57265625 0.009375 0.0234375
7 0.825 0.61796875 0.02265625 0.04453125
1 0.7421875 0.61796875 0.009375 0.02421875
1 0.75234375 0.61953125 0.009375 0.02421875
12 0.23125 0.53125 0.015625 0.0375
17 0.8734375 0.6546875 0.015625 0.015625
17 0.871875 0.66953125 0.01640625 0.0140625
17 0.87109375 0.68515625 0.015625 0.015625
1 0.21875 0.57734375 0.009375 0.02421875
17 0.86953125 0.70078125 0.01796875 0.015625
17 0.86796875 0.7171875 0.015625 0.015625
1 0.20078125 0.5984375 0.009375 0.0234375
9 0.2296875 0.6390625 0.0515625 0.103125
1 0.196875 0.63359375 0.009375 0.02421875
4 0.89609375 0.76484375 0.01796875 0.0296875
11 0.871875 0.7625 0.034375 0.03359375
4 0.48828125 0.70078125 0.07265625 0.1078125
1 0.19609375 0.66015625 0.009375 0.02421875
4 0.11640625 0.66015625 0.165625 0.3359375
11 0.19921875 0.7234375 0.02578125 0.05234375
12 0.41328125 0.76875 0.0140625 0.034375
12 0.44375 0.77421875 0.0125 0.03515625
12 0.2921875 0.74765625 0.01328125 0.0359375
12 0.353125 0.75859375 0.0125 0.03359375
12 0.38359375 0.76484375 0.0140625 0.03515625
12 0.32265625 0.75390625 0.01328125 0.03671875
12 0.2640625 0.74375 0.0125 0.034375
12 0.234375 0.73828125 0.015625 0.0359375
4 0.8890625 0.875 0.1015625 0.1765625
18 0.80703125 0.93984375 0.0515625 0.11953125
18 0.61171875 0.91015625 0.05 0.1265625
18 0.66015625 0.91953125 0.04765625 0.125
18 0.70859375 0.928125 0.0515625 0.1265625
18 0.51328125 0.89296875 0.0515625 0.1265625
18 0.75859375 0.93671875 0.05078125 0.125
18 0.46484375 0.88515625 0.05 0.12734375
18 0.56171875 0.90390625 0.0484375 0.12578125
0 0.40078125 0.87734375 0.04921875 0.09140625
0 0.334375 0.86484375 0.04921875 0.090625
0 0.26875 0.8546875 0.05 0.0921875
0 0.203125 0.84375 0.05078125 0.09453125
4 0.74140625 0.11328125 0.3296875 0.19453125
4 0.37890625 0.07578125 0.3296875 0.1515625
1 0.56171875 0.096875 0.015625 0.0140625
9 0.56171875 0.12109375 0.015625 0.0203125
17 0.559375 0.14453125 0.01484375 0.01484375
11 0.8625 0.22265625 0.0375 0.0359375
4 0.88828125 0.22734375 0.01796875 0.0328125
4 0.55546875 0.1859375 0.0984375 0.0453125
9 0.76875 0.2265625 0.04765625 0.06953125
4 0.45234375 0.1734375 0.03671875 0.03359375
7 0.38203125 0.16796875 0.021875 0.04375
7 0.3609375 0.16328125 0.021875 0.04453125