16 0.48046875 0.19453125 0.059375 0.071875
17 0.4265625 0.2140625 0.03828125 0.03828125
1 0.2703125 0.29453125 0.05546875 0.11875
11 0.0171875 0.38046875 0.034375 0.125
13 0.78203125 0.1609375 0.2640625 0.321875
17 0.43515625 0.2703125 0.03984375 0.0359375
1 0.07734375 0.40078125 0.07578125 0.08046875
1 0.14921875 0.38125 0.0703125 0.084375
6 0.221875 0.37578125 0.0609375 0.065625
4 0.003125 0.4578125 0.00625 0.06328125
4 0.0203125 0.4546875 0.040625 0.0625
19 0.284375 0.375 0.03828125 0.06328125
17 0.6203125 0.28046875 0.02265625 0.06171875
17 0.640625 0.27421875 0.02421875 0.06171875
1 0.21875 0.48203125 0.053125 0.11640625
9 0.13125 0.51171875 0.15390625 0.20546875
1 0.28984375 0.4640625 0.0515625 0.11875
10 0.6421875 0.359375 0.03203125 0.053125
17 0.6171875 0.37109375 0.01953125 0.06328125
16 0.85234375 0.30625 0.0625 0.07421875
9 0.7515625 0.33984375 0.0546875 0.06171875
12 0.68828125 0.37109375 0.03984375 0.03828125
1 0.0328125 0.58359375 0.0546875 0.11640625
17 0.90703125 0.3453125 0.0375 0.03828125
9 0.7578125 0.39921875 0.05703125 0.065625
20 0.6515625 0.44609375 0.04921875 0.078125
19 0.071875 0.63203125 0.015625 0.040625
4 0.6953125 0.44609375 0.04375 0.1078125
17 0.91171875 0.37890625 0.03828125 0.03828125
9 0.47421875 0.5203125 0.3328125 0.53203125
1 0.3046875 0.58046875 0.053125 0.1140625
17 0.028125 0.66640625 0.03828125 0.04453125
1 0.16484375 0.625 0.07578125 0.08046875
6 0.25234375 0.6015625 0.0609375 0.071875
19 0.103125 0.6515625 0.01953125 0.0484375
4 0.46640625 0.121875 0.93203125 0.24375
17 0.91484375 0.4140625 0.04140625 0.0359375
4 0.96640625 0.3984375 0.06484375 0.3640625
17 0.66015625 0.49765625 0.0453125 0.0421875
12 0.03359375 0.703125 0.03828125 0.03359375
16 0.765625 0.47578125 0.0625 0.06953125
17 0.91875 0.4484375 0.04140625 0.040625
13 0.690625 0.54140625 0.04375 0.04453125
13 0.696875 0.575 0.04375 0.04453125
1 0.25234375 0.7203125 0.053125 0.11875
1 0.32109375 0.69921875 0.053125 0.1140625
9 0.16015625 0.75234375 0.159375 0.21171875
13 0.646875 0.6109375 0.02890625 0.06953125
1 0.06171875 0.80703125 0.0546875 0.1140625
17 0.7 0.61015625 0.0421875 0.03828125
1 0.03671875 0.81875 0.025 0.1125
17 0.70390625 0.6453125 0.03828125 0.0359375
13 0.6546875 0.67265625 0.025 0.06171875
9 0.875 0.61015625 0.16015625 0.28359375
16 0.278125 0.80625 0.0625 0.06953125
19 0.084375 0.87578125 0.028125 0.02734375
19 0.19140625 0.8578125 0.01953125 0.046875
5 0.0546875 0.92265625 0.0359375 0.0953125
13 0.6625 0.7375 0.025 0.06328125
19 0.99140625 0.63359375 0.01484375 0.06328125
17 0.49765625 0.79375 0.03828125 0.0359375
12 0.26484375 0.88984375 0.02265625 0.06796875
16 0.6984375 0.759375 0.0328125 0.06171875
18 0.771875 0.740625 0.10078125 0.20546875
12 0.23515625 0.9078125 0.01953125 0.06171875
12 0.34609375 0.878125 0.02421875 0.06953125
12 0.25546875 0.9078125 0.01953125 0.06171875
12 0.2734375 0.90078125 0.02109375 0.06328125
12 0.32890625 0.88359375 0.02109375 0.06328125
16 0.55625 0.81328125 0.0625 0.071875
12 0.3109375 0.890625 0.02265625 0.06171875
12 0.3640625 0.87421875 0.025 0.065625
3 0.43046875 0.859375 0.1125 0.1671875
17 0.5046875 0.84921875 0.03828125 0.03828125
7 0.17109375 0.93828125 0.10625 0.11875
4 0.090625 0.98203125 0.04140625 0.03203125
17 0.51171875 0.91015625 0.03984375 0.0359375
4 0.5296875 0.884375 0.9375 0.2265625
17 0.41875 0.146875 0.03828125 0.0359375
4 0.01015625 0.2796875 0.01953125 0.09765625
7 0.08984375 0.2796875 0.121875 0.178125
0 0.6109375 0.13359375 0.0703125 0.178125
0 0.5578125 0.1515625 0.0703125 0.18046875
3 0.3578125 0.22109375 0.1125 0.1671875