9 0.14140625 0.290625 0.26015625 0.39296875
4 0.49375 0.03203125 0.9375 0.0640625
9 0.6265625 0.403125 0.65859375 0.6625
4 0.98125 0.53125 0.03359375 0.93359375
17 0.18828125 0.6 0.04453125 0.08828125
17 0.24921875 0.60546875 0.04765625 0.0921875
18 0.08828125 0.6421875 0.121875 0.22890625
1 0.23125 0.775 0.12734375 0.05546875
12 0.4828125 0.77578125 0.1203125 0.05
12 0.47890625 0.85234375 0.1234375 0.0515625
9 0.7875 0.871875 0.3578125 0.253125
6 0.0796875 0.88671875 0.08828125 0.153125
9 0.25546875 0.909375 0.134375 0.14765625
12 0.484375 0.9203125 0.11640625 0.04453125
17 0.36640625 0.94375 0.0421875 0.09375
1 0.1484375 0.95703125 0.0421875 0.0828125