9 0.184375 0.27734375 0.23515625 0.3546875
4 0.50234375 0.03671875 0.8453125 0.0703125
9 0.62265625 0.37890625 0.5953125 0.5984375
4 0.9640625 0.496875 0.071875 0.846875
4 0.034375 0.49921875 0.06796875 0.8484375
16 0.2265625 0.55703125 0.03984375 0.0796875
16 0.28203125 0.56171875 0.04296875 0.08359375
18 0.13671875 0.5953125 0.11015625 0.20703125
2 0.265625 0.71484375 0.11484375 0.05
12 0.4921875 0.715625 0.10859375 0.0453125
12 0.4890625 0.78515625 0.11171875 0.046875
9 0.7671875 0.8078125 0.321875 0.23828125
6 0.128125 0.815625 0.0796875 0.13828125
9 0.2875 0.83671875 0.121875 0.13359375
12 0.49453125 0.846875 0.1046875 0.03984375
16 0.3875 0.8671875 0.03828125 0.08515625
2 0.18984375 0.8828125 0.03671875 0.08203125
4 0.4984375 0.9640625 0.85 0.071875