21 0.3390625 0.16953125 0.05625 0.08828125
17 0.48359375 0.21328125 0.0828125 0.04765625
13 0.5765625 0.2078125 0.08671875 0.0515625
21 0.6828125 0.2046875 0.0515625 0.078125
16 0.8578125 0.2109375 0.11875 0.10390625
21 0.36484375 0.2578125 0.0828125 0.053125
21 0.553125 0.26875 0.08125 0.04609375
21 0.46015625 0.28671875 0.04765625 0.07578125
4 0.4671875 0.028125 0.903125 0.05625
21 0.36015625 0.33203125 0.04609375 0.078125
21 0.28828125 0.359375 0.08515625 0.0515625
21 0.5453125 0.3421875 0.07578125 0.04453125
21 0.090625 0.37734375 0.0828125 0.0546875
21 0.175 0.3734375 0.08828125 0.0515625
9 0.71796875 0.3421875 0.15 0.175
21 0.43203125 0.3671875 0.04453125 0.08125
21 0.546875 0.39375 0.0828125 0.053125
21 0.3125 0.42421875 0.08125 0.04921875
21 0.14375 0.43828125 0.08671875 0.05625
21 0.371875 0.4328125 0.04765625 0.0921875
21 0.47890625 0.44140625 0.04921875 0.08125
21 0.53359375 0.4671875 0.04921875 0.0828125
21 0.24609375 0.4921875 0.0828125 0.0515625
4 0.040625 0.509375 0.08125 0.89921875
4 0.9578125 0.446875 0.08125 0.89375
21 0.40703125 0.4890625 0.0828125 0.05625
17 0.60625 0.49296875 0.04609375 0.08515625
21 0.69296875 0.5 0.08828125 0.05625
9 0.8625 0.4984375 0.14453125 0.1515625
21 0.51875 0.54140625 0.08984375 0.04765625
21 0.36328125 0.56171875 0.0828125 0.053125
21 0.28203125 0.603125 0.0515625 0.08671875
21 0.09453125 0.62109375 0.0515625 0.0828125
21 0.14453125 0.6203125 0.04609375 0.08828125
21 0.35859375 0.621875 0.08828125 0.06015625
21 0.7625 0.60390625 0.04765625 0.08828125
17 0.3671875 0.66328125 0.08125 0.04453125
16 0.87890625 0.6578125 0.11875 0.1078125
17 0.46640625 0.69453125 0.08515625 0.0421875
17 0.3671875 0.709375 0.08515625 0.04453125
17 0.16328125 0.734375 0.08671875 0.04765625
17 0.5125 0.73203125 0.08125 0.04453125
17 0.37109375 0.75390625 0.08515625 0.03671875
16 0.55 0.81640625 0.1109375 0.09921875
9 0.41015625 0.8265625 0.1734375 0.11640625
17 0.2859375 0.84921875 0.08125 0.04765625
21 0.88359375 0.80625 0.0703125 0.06875
1 0.71484375 0.8203125 0.06875 0.121875
21 0.1734375 0.859375 0.08515625 0.07578125
1 0.77578125 0.8171875 0.04609375 0.0828125
21 0.40546875 0.9109375 0.08671875 0.04765625
4 0.53203125 0.9484375 0.89765625 0.09921875
21 0.36015625 0.075 0.08125 0.0515625
21 0.46171875 0.06953125 0.0828125 0.0546875
21 0.740625 0.08046875 0.04921875 0.08984375
21 0.68046875 0.0890625 0.05625 0.096875
21 0.39296875 0.12109375 0.0828125 0.04453125
21 0.203125 0.14140625 0.04921875 0.08515625
21 0.83515625 0.0984375 0.0796875 0.0796875
21 0.61640625 0.1140625 0.04921875 0.08671875
21 0.11875 0.1484375 0.08125 0.078125