14 0.58828125 0.221875 0.1078125 0.06328125
4 0.815625 0.2265625 0.06171875 0.16328125
4 0.746875 0.259375 0.05546875 0.12734375
14 0.67578125 0.3203125 0.0421875 0.16171875
14 0.521875 0.353125 0.04140625 0.1609375
9 0.5984375 0.33671875 0.1109375 0.165625
4 0.4 0.40625 0.06015625 0.38671875
14 0.609375 0.45078125 0.10703125 0.06171875
4 0.8125 0.41484375 0.04609375 0.20078125
21 0.6234375 0.52734375 0.01171875 0.02890625
21 0.60859375 0.53046875 0.0125 0.028125
4 0.64921875 0.5234375 0.03046875 0.090625
3 0.58515625 0.5375 0.03046875 0.08984375
4 0.62734375 0.56484375 0.02890625 0.02890625
11 0.6015625 0.571875 0.02890625 0.028125
4 0.628125 0.65546875 0.259375 0.09375
4 0.871875 0.63828125 0.11953125 0.25703125
4 0.39375 0.740625 0.11796875 0.25625
1 0.5984375 0.746875 0.01796875 0.0171875
11 0.765625 0.7328125 0.02890625 0.02578125
9 0.63828125 0.76015625 0.0578125 0.06953125
4 0.50703125 0.7984375 0.03125 0.04453125
17 0.58046875 0.78515625 0.01171875 0.02890625
1 0.6875 0.76328125 0.01328125 0.02890625
1 0.59140625 0.78359375 0.01171875 0.0296875
1 0.6765625 0.765625 0.0125 0.0296875
1 0.6984375 0.7609375 0.01328125 0.0296875
1 0.603125 0.78046875 0.0125 0.02890625
11 0.7671875 0.753125 0.02890625 0.02578125
1 0.6109375 0.81484375 0.01953125 0.01953125
1 0.590625 0.81953125 0.01875 0.01875
1 0.634375 0.8109375 0.01953125 0.01875
17 0.66171875 0.80546875 0.01953125 0.01875
12 0.69765625 0.84375 0.02734375 0.0234375
4 0.5078125 0.88359375 0.2078125 0.0671875
12 0.66796875 0.85078125 0.02734375 0.0234375
12 0.6390625 0.85703125 0.025 0.02265625
12 0.7265625 0.83828125 0.02734375 0.02578125
12 0.81484375 0.8203125 0.02734375 0.02578125
12 0.84375 0.8140625 0.02890625 0.0265625
12 0.784375 0.8265625 0.028125 0.02578125
12 0.75625 0.83359375 0.028125 0.02734375
0 0.88046875 0.81328125 0.04140625 0.07109375
0 0.46953125 0.96328125 0.0421875 0.07109375
0 0.62734375 0.93046875 0.04296875 0.0734375
0 0.78515625 0.896875 0.04453125 0.07265625
0 0.52109375 0.95390625 0.0421875 0.071875
0 0.7328125 0.91015625 0.04296875 0.0703125
0 0.57421875 0.9421875 0.0421875 0.07265625
0 0.83984375 0.88671875 0.04296875 0.07265625
0 0.68125 0.921875 0.04140625 0.07265625
1 0.4046875 0.09609375 0.01796875 0.0171875
4 0.35 0.10859375 0.065625 0.06015625
1 0.40625 0.115625 0.01796875 0.01640625
4 0.59609375 0.09296875 0.25859375 0.09375
4 0.403125 0.13515625 0.0171875 0.0234375
17 0.446875 0.1359375 0.01953125 0.01796875
4 0.8 0.07265625 0.0609375 0.1453125
4 0.40390625 0.1546875 0.0171875 0.021875
9 0.3578125 0.171875 0.0546875 0.06328125
12 0.4484375 0.15390625 0.025 0.021875
1 0.390625 0.171875 0.01171875 0.02890625
11 0.40390625 0.1828125 0.021875 0.04375