14 0.63125 0.290625 0.10625 0.05859375
4 0.84609375 0.38203125 0.05859375 0.16015625
4 0.775 0.3875 0.053125 0.12421875
14 0.69765625 0.41796875 0.0390625 0.15859375
14 0.546875 0.390625 0.03828125 0.1578125
9 0.621875 0.4046875 0.1078125 0.1609375
4 0.42109375 0.39453125 0.0546875 0.3796875
14 0.6125 0.5171875 0.1046875 0.0578125
4 0.8109375 0.559375 0.04296875 0.196875
21 0.61328125 0.59453125 0.0109375 0.02890625
21 0.5984375 0.5921875 0.0125 0.028125
4 0.6375 0.60078125 0.02890625 0.08828125
3 0.575 0.58984375 0.0296875 0.0875
4 0.61015625 0.63125 0.02734375 0.028125
11 0.584375 0.628125 0.028125 0.02734375
4 0.59609375 0.71796875 0.2546875 0.0859375
4 0.8296875 0.79453125 0.115625 0.25078125
4 0.359375 0.709375 0.1140625 0.25078125
1 0.5515625 0.79375 0.01796875 0.01640625
11 0.71328125 0.84375 0.02890625 0.025
9 0.58671875 0.82109375 0.05625 0.06640625
4 0.45625 0.80703125 0.03046875 0.04296875
17 0.528125 0.82265625 0.0109375 0.02890625
1 0.63359375 0.84296875 0.0125 0.02890625
1 0.5390625 0.82578125 0.0109375 0.0296875
1 0.62265625 0.840625 0.01171875 0.0296875
1 0.64453125 0.84453125 0.0125 0.0296875
1 0.55 0.82734375 0.01171875 0.02890625
11 0.7109375 0.86484375 0.028125 0.025
1 0.55234375 0.8625 0.01875 0.01796875
1 0.5328125 0.859375 0.01875 0.01796875
1 0.575 0.86796875 0.01875 0.0171875
17 0.6015625 0.87265625 0.01875 0.0171875
12 0.6296875 0.9234375 0.0265625 0.0234375
4 0.44296875 0.8890625 0.2046875 0.0609375
12 0.60078125 0.91875 0.0265625 0.0234375
12 0.571875 0.91328125 0.02421875 0.02109375
12 0.6578125 0.92890625 0.02734375 0.02578125
12 0.74453125 0.94609375 0.02734375 0.02578125
12 0.77265625 0.95078125 0.028125 0.02578125
12 0.71484375 0.93984375 0.02734375 0.025
12 0.68671875 0.9359375 0.02734375 0.0265625
0 0.8078125 0.9640625 0.03984375 0.06953125
0 0.39296875 0.94921875 0.040625 0.06953125
0 0.54765625 0.97109375 0.04140625 0.05625
0 0.70390625 0.9859375 0.04375 0.02734375
0 0.44296875 0.96015625 0.040625 0.0703125
0 0.6515625 0.98203125 0.0421875 0.03515625
0 0.49609375 0.9671875 0.040625 0.0640625
0 0.75703125 0.990625 0.04140625 0.01640625
0 0.60078125 0.9765625 0.040625 0.04453125
1 0.47890625 0.10234375 0.01796875 0.01640625
4 0.425 0.09296875 0.06328125 0.05703125
1 0.4765625 0.12109375 0.01796875 0.015625
4 0.6609375 0.171875 0.2546875 0.0859375
4 0.4703125 0.1390625 0.0171875 0.021875
17 0.51171875 0.15546875 0.01875 0.01640625
4 0.859375 0.22109375 0.0578125 0.1609375
4 0.46796875 0.1578125 0.0171875 0.0203125
9 0.42109375 0.15546875 0.05390625 0.0609375
12 0.51015625 0.17421875 0.025 0.0203125
1 0.45234375 0.16875 0.0109375 0.02890625
11 0.46328125 0.184375 0.0203125 0.04296875