14 0.6296875 0.2703125 0.1046875 0.06796875
4 0.8359375 0.38125 0.0640625 0.16015625
4 0.765625 0.37890625 0.05703125 0.125
14 0.6890625 0.4 0.0453125 0.15703125
14 0.5421875 0.35859375 0.04453125 0.15625
9 0.61484375 0.3796875 0.11171875 0.16640625
4 0.41875 0.34921875 0.0703125 0.371875
14 0.60078125 0.4890625 0.10390625 0.0671875
4 0.79375 0.5515625 0.05078125 0.19375
21 0.59765625 0.565625 0.01171875 0.02890625
21 0.58359375 0.5609375 0.01328125 0.028125
4 0.621875 0.5734375 0.03203125 0.08828125
3 0.56015625 0.55703125 0.03203125 0.0875
4 0.59296875 0.6015625 0.028125 0.0296875
11 0.56796875 0.5953125 0.028125 0.02890625
4 0.575 0.684375 0.24921875 0.109375
4 0.80078125 0.78359375 0.12265625 0.253125
4 0.34375 0.6515625 0.12109375 0.253125
1 0.528125 0.7546875 0.01796875 0.01796875
11 0.684375 0.81953125 0.02890625 0.0265625
9 0.56171875 0.78515625 0.05703125 0.0703125
4 0.434375 0.7578125 0.03125 0.04453125
17 0.5046875 0.7796875 0.01171875 0.02890625
1 0.60625 0.8109375 0.01328125 0.02890625
1 0.51484375 0.78359375 0.01171875 0.0296875
1 0.59609375 0.80703125 0.0125 0.0296875
1 0.6171875 0.81328125 0.01328125 0.0296875
1 0.52578125 0.7875 0.0125 0.02890625
11 0.68125 0.83984375 0.028125 0.0265625
1 0.5265625 0.821875 0.01953125 0.01953125
1 0.50703125 0.8171875 0.01875 0.01953125
1 0.5484375 0.8296875 0.01953125 0.01875
17 0.5734375 0.83671875 0.01953125 0.01875
12 0.59921875 0.8890625 0.02734375 0.025
4 0.4171875 0.8359375 0.2 0.08046875
12 0.57109375 0.88125 0.02734375 0.025
12 0.54296875 0.8734375 0.02421875 0.0234375
12 0.6265625 0.896875 0.02734375 0.02734375
12 0.71015625 0.9234375 0.02734375 0.02734375
12 0.73828125 0.93125 0.028125 0.02734375
12 0.68125 0.9140625 0.02734375 0.0265625
12 0.6546875 0.90703125 0.02734375 0.028125
0 0.771875 0.946875 0.04140625 0.07109375
0 0.365625 0.890625 0.04296875 0.07109375
0 0.51640625 0.9359375 0.04296875 0.07265625
0 0.66796875 0.97109375 0.0453125 0.05625
0 0.41484375 0.90625 0.04296875 0.071875
0 0.6171875 0.96484375 0.04375 0.06875
0 0.465625 0.921875 0.0421875 0.071875
0 0.7203125 0.9796875 0.04296875 0.03984375
0 0.5671875 0.9515625 0.04140625 0.07265625
1 0.4890625 0.06875 0.01796875 0.01796875
4 0.4359375 0.05390625 0.0640625 0.0625
1 0.4859375 0.08671875 0.01796875 0.0171875
4 0.66328125 0.15546875 0.24921875 0.109375
4 0.47890625 0.10390625 0.0171875 0.0234375
17 0.51875 0.125 0.01953125 0.01796875
4 0.85625 0.22421875 0.06328125 0.1609375
4 0.475 0.121875 0.0171875 0.021875
9 0.4296875 0.115625 0.0546875 0.06484375
12 0.51640625 0.1421875 0.025 0.02265625
1 0.46015625 0.13125 0.01171875 0.028125
11 0.46953125 0.146875 0.021875 0.04296875