14 0.57890625 0.27890625 0.0953125 0.0375
4 0.78203125 0.325 0.04375 0.140625
4 0.7171875 0.3421875 0.040625 0.1078125
14 0.6484375 0.38359375 0.025 0.14375
14 0.50859375 0.384375 0.02421875 0.1421875
9 0.578125 0.384375 0.08984375 0.1328125
4 0.39453125 0.4078125 0.02265625 0.34921875
14 0.578125 0.48828125 0.09453125 0.03671875
4 0.76328125 0.49375 0.02578125 0.17890625
21 0.58515625 0.55859375 0.00859375 0.025
21 0.57109375 0.559375 0.009375 0.02421875
4 0.6078125 0.5609375 0.02109375 0.07890625
3 0.54921875 0.56171875 0.02109375 0.078125
4 0.584375 0.59375 0.02421875 0.02109375
11 0.5609375 0.59375 0.02421875 0.02109375
4 0.578125 0.675 0.23359375 0.03671875
4 0.79765625 0.70546875 0.08984375 0.21640625
4 0.3609375 0.70703125 0.08828125 0.21640625
2 0.54375 0.75234375 0.015625 0.0125
11 0.69453125 0.7703125 0.025 0.01875
9 0.578125 0.7703125 0.0484375 0.05390625
4 0.45703125 0.7796875 0.02578125 0.03515625
16 0.52421875 0.78203125 0.00859375 0.025
2 0.621875 0.78203125 0.009375 0.02578125
2 0.534375 0.7828125 0.00859375 0.0265625
2 0.61171875 0.7828125 0.009375 0.02578125
2 0.63203125 0.7828125 0.009375 0.02578125
2 0.54453125 0.7828125 0.00859375 0.02578125
11 0.69453125 0.7890625 0.025 0.01875
2 0.55 0.81484375 0.0171875 0.01484375
2 0.53046875 0.81484375 0.01640625 0.0140625
2 0.57109375 0.815625 0.0171875 0.01328125
16 0.5953125 0.815625 0.0171875 0.01328125
12 0.625 0.85703125 0.0234375 0.0171875
4 0.45078125 0.85703125 0.18828125 0.02265625
12 0.596875 0.85703125 0.0234375 0.0171875
12 0.57109375 0.85703125 0.02109375 0.0171875
12 0.65078125 0.85703125 0.0234375 0.01953125
12 0.73046875 0.8578125 0.0234375 0.01875
12 0.7578125 0.8578125 0.025 0.01875
12 0.70390625 0.85859375 0.02421875 0.01875
12 0.67734375 0.85859375 0.02421875 0.01953125
0 0.790625 0.8640625 0.03203125 0.059375
0 0.41015625 0.92109375 0.03359375 0.05859375
0 0.55390625 0.92109375 0.03359375 0.0609375
0 0.6984375 0.921875 0.03515625 0.06015625
0 0.45703125 0.921875 0.03359375 0.059375
0 0.65 0.921875 0.034375 0.0578125
0 0.50546875 0.92265625 0.0328125 0.06015625
0 0.7484375 0.92265625 0.03359375 0.06015625
0 0.60234375 0.9234375 0.03203125 0.06015625
2 0.425 0.13125 0.015625 0.0125
4 0.375 0.1328125 0.05625 0.04375
2 0.425 0.14921875 0.015625 0.01171875
4 0.59609375 0.16484375 0.2328125 0.03671875
4 0.4203125 0.1671875 0.01484375 0.01875
16 0.459375 0.17421875 0.01640625 0.01328125
4 0.78125 0.17578125 0.0421875 0.14140625
4 0.41953125 0.184375 0.01484375 0.0171875
9 0.37578125 0.18984375 0.04609375 0.0484375
12 0.459375 0.1921875 0.02265625 0.015625
2 0.40625 0.196875 0.0078125 0.025
11 0.4171875 0.209375 0.01640625 0.0375