11 0.61640625 0.340625 0.040625 0.0203125
13 0.57890625 0.3375 0.0140625 0.01796875
18 0.70546875 0.35703125 0.11328125 0.075
18 0.4234375 0.34140625 0.06328125 0.071875
17 0.57734375 0.37578125 0.0203125 0.01328125
17 0.57734375 0.3875 0.0203125 0.01328125
17 0.62421875 0.4078125 0.01953125 0.01171875
17 0.5765625 0.4046875 0.0203125 0.01328125
13 0.47265625 0.40234375 0.01484375 0.0171875
11 0.5109375 0.40546875 0.0375 0.0203125
7 0.60078125 0.4265625 0.0109375 0.040625
12 0.303125 0.40625 0.015625 0.025
17 0.28671875 0.40546875 0.01015625 0.03828125
1 0.64609375 0.4328125 0.009375 0.02734375
1 0.68359375 0.4359375 0.00859375 0.02734375
1 0.66796875 0.43515625 0.00859375 0.02734375
17 0.61875 0.434375 0.00859375 0.028125
17 0.6296875 0.43671875 0.00859375 0.028125
4 0.0359375 0.4015625 0.02734375 0.1484375
1 0.71171875 0.45234375 0.01953125 0.0125
7 0.73046875 0.46328125 0.0109375 0.03828125
7 0.5828125 0.45625 0.02578125 0.0140625
7 0.4421875 0.4484375 0.0109375 0.0390625
1 0.4109375 0.4546875 0.00859375 0.02734375
7 0.33125 0.45 0.0109375 0.040625
1 0.3796875 0.45390625 0.00859375 0.02734375
1 0.39375 0.45546875 0.00859375 0.02734375
1 0.36328125 0.4546875 0.009375 0.02734375
17 0.34296875 0.4546875 0.0078125 0.02734375
1 0.58203125 0.471875 0.01953125 0.0125
0 0.296875 0.453125 0.03203125 0.04453125
7 0.559375 0.47265625 0.0109375 0.040625
17 0.7859375 0.49921875 0.0203125 0.01171875
19 0.5796875 0.48828125 0.0140625 0.01953125
7 0.4625 0.48203125 0.0109375 0.040625
1 0.4734375 0.48359375 0.009375 0.02734375
1 0.5484375 0.4890625 0.009375 0.02734375
9 0.51171875 0.4875 0.06484375 0.08984375
17 0.78515625 0.515625 0.01953125 0.0125
1 0.30703125 0.4890625 0.01953125 0.0125
1 0.78515625 0.53203125 0.01953125 0.01171875
17 0.30703125 0.503125 0.01953125 0.0125
4 0.9015625 0.546875 0.1953125 0.359375
1 0.73046875 0.53515625 0.0203125 0.01328125
17 0.80859375 0.54453125 0.0109375 0.01015625
9 0.65703125 0.5359375 0.115625 0.16015625
1 0.58046875 0.53125 0.01953125 0.01171875
4 0.1046875 0.496875 0.0375 0.2859375
4 0.190625 0.5046875 0.0375 0.2859375
7 0.78125 0.5484375 0.02578125 0.0140625
1 0.73046875 0.54921875 0.01953125 0.0140625
17 0.78359375 0.565625 0.0203125 0.01171875
1 0.57890625 0.55625 0.01953125 0.01328125
1 0.30546875 0.5375 0.01875 0.0125
1 0.46171875 0.55390625 0.01953125 0.0125
17 0.78359375 0.58125 0.01953125 0.01171875
9 0.384375 0.5578125 0.11796875 0.1625
1 0.4609375 0.56640625 0.01953125 0.0125
1 0.3046875 0.55625 0.01953125 0.0109375
7 0.72890625 0.58828125 0.02578125 0.01484375
0 0.50390625 0.57578125 0.03125 0.04296875
19 0.5765625 0.5921875 0.01484375 0.0203125
1 0.72578125 0.60390625 0.01953125 0.01171875
7 0.30390625 0.57734375 0.02578125 0.0140625
7 0.46171875 0.596875 0.02578125 0.0140625
4 0.0296875 0.5859375 0.0265625 0.146875
17 0.575 0.625 0.0078125 0.02734375
17 0.56328125 0.625 0.0078125 0.02734375
17 0.64921875 0.63359375 0.0078125 0.028125
1 0.62734375 0.63125 0.009375 0.02734375
1 0.63828125 0.6328125 0.00859375 0.02734375
1 0.66015625 0.634375 0.00859375 0.0265625
1 0.68203125 0.6359375 0.00859375 0.02734375
7 0.59296875 0.63046875 0.009375 0.0359375
1 0.67109375 0.6359375 0.00859375 0.02734375
17 0.615625 0.63125 0.009375 0.028125
1 0.459375 0.6265625 0.01953125 0.0125
7 0.703125 0.6453125 0.02578125 0.0140625
1 0.703125 0.6625 0.01953125 0.01171875
7 0.678125 0.6625 0.025 0.0140625
17 0.79921875 0.6734375 0.009375 0.03828125
12 0.75703125 0.67109375 0.015625 0.025
7 0.315625 0.646875 0.025 0.01484375
1 0.3578125 0.653125 0.00859375 0.02734375
1 0.33828125 0.65234375 0.00859375 0.02734375
1 0.371875 0.65390625 0.0078125 0.02734375
1 0.38515625 0.65546875 0.00859375 0.02734375
17 0.415625 0.6578125 0.0078125 0.02734375
7 0.62890625 0.67421875 0.02421875 0.0140625
7 0.43359375 0.665625 0.01171875 0.03984375
1 0.40078125 0.66328125 0.00859375 0.02734375
17 0.6328125 0.68671875 0.0203125 0.0125
17 0.57265625 0.684375 0.0203125 0.01171875
7 0.77109375 0.70390625 0.034375 0.025
1 0.72421875 0.70234375 0.00859375 0.02734375
1 0.634375 0.70078125 0.01953125 0.01328125
17 0.60234375 0.70625 0.01953125 0.0125
21 0.740625 0.71640625 0.02265625 0.15234375
16 0.29765625 0.68671875 0.02890625 0.0296875
9 0.68359375 0.7171875 0.06484375 0.08984375
19 0.6390625 0.7171875 0.0140625 0.01796875
1 0.6015625 0.71953125 0.01953125 0.01171875
19 0.2421875 0.69921875 0.02265625 0.03046875
0 0.459375 0.715625 0.0328125 0.04453125
12 0.7546875 0.7421875 0.0140625 0.02578125
19 0.63828125 0.73515625 0.01484375 0.01640625
1 0.06796875 0.69609375 0.00859375 0.02734375
7 0.7234375 0.74453125 0.01015625 0.03671875
12 0.3796875 0.71953125 0.015625 0.02421875
12 0.36171875 0.71953125 0.015625 0.02421875
12 0.39765625 0.721875 0.015625 0.02421875
12 0.41640625 0.7234375 0.015625 0.02421875
7 0.078125 0.7015625 0.0109375 0.0359375
16 0.29609375 0.72421875 0.02890625 0.0296875
3 0.60078125 0.7484375 0.0359375 0.04453125
17 0.56796875 0.74609375 0.0078125 0.02734375
19 0.6375 0.75234375 0.0140625 0.01796875
17 0.7796875 0.76328125 0.0265625 0.01328125
12 0.41484375 0.7515625 0.015625 0.02421875
12 0.378125 0.75 0.015625 0.02421875
12 0.36015625 0.7484375 0.015625 0.02421875
12 0.396875 0.75078125 0.015625 0.02421875
17 0.69296875 0.7734375 0.01953125 0.0125
17 0.6703125 0.7734375 0.02265625 0.0140625
12 0.753125 0.78359375 0.0140625 0.02421875
17 0.94296875 0.79921875 0.01953125 0.01171875
17 0.215625 0.7515625 0.01953125 0.0125
16 0.29453125 0.7609375 0.02890625 0.0296875
17 0.56640625 0.78359375 0.0078125 0.028125
17 0.94140625 0.81640625 0.01953125 0.01171875
12 0.378125 0.77890625 0.015625 0.02421875
12 0.3953125 0.78046875 0.015625 0.02421875
12 0.41328125 0.78203125 0.015625 0.02421875
12 0.359375 0.778125 0.015625 0.02421875
17 0.21484375 0.76875 0.01953125 0.0125
17 0.76796875 0.81015625 0.0265625 0.01328125
19 0.4875 0.790625 0.02109375 0.028125
16 0.29296875 0.79921875 0.02890625 0.0296875
12 0.3953125 0.81015625 0.015625 0.02421875
12 0.35859375 0.80703125 0.015625 0.02421875
12 0.3765625 0.80859375 0.015625 0.02421875
12 0.41328125 0.81171875 0.015625 0.02421875
4 0.86328125 0.85703125 0.2484375 0.0828125
4 0.15625 0.81015625 0.08671875 0.0359375
17 0.7546875 0.8796875 0.0203125 0.0125
18 0.6859375 0.88046875 0.1140625 0.075
4 0.3328125 0.878125 0.075 0.025
4 0.15234375 0.87109375 0.121875 0.03828125
4 0.88125 0.94609375 0.19453125 0.10625
17 0.5453125 0.07890625 0.00859375 0.021875
17 0.5265625 0.07734375 0.00703125 0.0203125
9 0.56015625 0.08125 0.01484375 0.0171875
17 0.515625 0.0796875 0.00859375 0.02734375
17 0.6203125 0.0875 0.0078125 0.02734375
17 0.60859375 0.08671875 0.00859375 0.02734375
17 0.7125 0.09453125 0.009375 0.0375
17 0.72421875 0.0953125 0.01015625 0.03828125
12 0.67890625 0.0921875 0.0140625 0.01875
19 0.4921875 0.08359375 0.0125 0.0203125
19 0.74609375 0.103125 0.01484375 0.021875
4 0.18203125 0.06953125 0.12265625 0.03828125
19 0.45859375 0.09453125 0.02109375 0.028125
7 0.559375 0.1140625 0.04609375 0.0234375
7 0.7109375 0.1265625 0.04609375 0.0265625
7 0.64375 0.125 0.04765625 0.028125
1 0.6015625 0.13125 0.00859375 0.02734375
1 0.50390625 0.12890625 0.009375 0.02734375
4 0.7921875 0.15390625 0.059375 0.08046875
7 0.44296875 0.13515625 0.04765625 0.0265625
4 0.1796875 0.12578125 0.0890625 0.04140625
7 0.48203125 0.153125 0.0203125 0.0546875
18 0.9484375 0.1953125 0.1015625 0.09765625
9 0.5390625 0.1765625 0.090625 0.1
9 0.665625 0.1875 0.09765625 0.1
7 0.60390625 0.1859375 0.0140625 0.04453125
9 0.7359375 0.21171875 0.03671875 0.07890625
7 0.2984375 0.1875 0.03984375 0.028125
17 0.1140625 0.17734375 0.01953125 0.0125
4 0.440625 0.203125 0.075 0.025
17 0.11328125 0.19296875 0.01953125 0.01171875
7 0.48203125 0.2328125 0.0109375 0.03984375
1 0.49375 0.2359375 0.00859375 0.0265625
7 0.534375 0.24765625 0.05703125 0.0328125
7 0.65546875 0.25546875 0.0625 0.03515625
20 0.5953125 0.2546875 0.04921875 0.04609375
13 0.44453125 0.2546875 0.00859375 0.02734375
4 0.78828125 0.2796875 0.0578125 0.08046875
9 0.428125 0.25546875 0.015625 0.0265625
17 0.40234375 0.25390625 0.0078125 0.02734375
17 0.41328125 0.2546875 0.0078125 0.02734375
4 0.9578125 0.33125 0.08046875 0.078125
4 0.35703125 0.296875 0.028125 0.18125
4 0.284375 0.29296875 0.028125 0.18125