4 0.02109375 0.4921875 0.0421875 0.15390625
14 0.47421875 0.384375 0.0421875 0.0390625
14 0.55 0.39765625 0.03515625 0.1234375
14 0.10234375 0.55703125 0.07265625 0.2765625
14 0.18359375 0.52890625 0.07421875 0.2828125
14 0.29140625 0.553125 0.03984375 0.03359375
4 0.04765625 0.66640625 0.046875 0.14921875
14 0.490625 0.55078125 0.0671875 0.04453125
14 0.4265625 0.6265625 0.059375 0.0796875
14 0.6953125 0.5421875 0.10859375 0.103125
14 0.60078125 0.58515625 0.0609375 0.0375
4 0.29921875 0.70859375 0.05625 0.184375
4 0.3703125 0.68671875 0.0546875 0.18515625
14 0.9265625 0.52265625 0.06953125 0.0953125
4 0.78515625 0.59453125 0.0703125 0.09765625
14 0.4625 0.7578125 0.0734375 0.0453125
14 0.93984375 0.6421875 0.09375 0.11796875
4 0.221875 0.89375 0.08984375 0.0640625
4 0.80625 0.7140625 0.075 0.0953125
4 0.23125 0.95 0.12421875 0.07890625
14 0.5265625 0.85859375 0.01953125 0.0265625
14 0.76796875 0.7765625 0.01796875 0.02734375
4 0.1 0.18828125 0.1234375 0.075
14 0.2703125 0.13671875 0.07109375 0.03828125
14 0.48515625 0.0875 0.059375 0.06640625
14 0.60625 0.0515625 0.1109375 0.103125
4 0.10859375 0.24453125 0.08828125 0.06171875
14 0.796875 0.0265625 0.09296875 0.05234375
14 0.58203125 0.1984375 0.021875 0.05703125
14 0.41171875 0.26015625 0.040625 0.0359375
14 0.68125 0.1921875 0.04375 0.153125