11 0.60234375 0.35 0.03671875 0.01640625
13 0.5671875 0.35078125 0.0125 0.01640625
18 0.68359375 0.35859375 0.1015625 0.06171875
18 0.425 0.36328125 0.05625 0.0625
16 0.56796875 0.384375 0.01875 0.0109375
16 0.56796875 0.39609375 0.01875 0.0109375
16 0.61171875 0.4109375 0.01796875 0.01015625
16 0.56796875 0.4109375 0.01875 0.0109375
13 0.47265625 0.41640625 0.01328125 0.015625
11 0.5078125 0.41640625 0.03359375 0.01640625
7 0.590625 0.4296875 0.009375 0.03671875
12 0.3171875 0.43046875 0.0140625 0.02265625
16 0.303125 0.43046875 0.0078125 0.03515625
2 0.63203125 0.4328125 0.0078125 0.025
2 0.6671875 0.4328125 0.00703125 0.02421875
2 0.65234375 0.43359375 0.00703125 0.02421875
16 0.6078125 0.4359375 0.00703125 0.02578125
16 0.61796875 0.4375 0.00703125 0.02578125
4 0.0734375 0.44453125 0.0203125 0.13515625
2 0.69296875 0.44609375 0.01796875 0.0109375
7 0.71171875 0.45546875 0.00859375 0.03515625
7 0.575 0.4578125 0.0234375 0.01171875
7 0.44609375 0.46015625 0.00859375 0.0359375
2 0.41796875 0.46796875 0.00703125 0.02421875
7 0.3453125 0.46796875 0.009375 0.03671875
2 0.38984375 0.46953125 0.00703125 0.025
2 0.40234375 0.46953125 0.00703125 0.025
2 0.375 0.47109375 0.0078125 0.02421875
16 0.35546875 0.47265625 0.00703125 0.025
2 0.575 0.47265625 0.0171875 0.01015625
0 0.3140625 0.4734375 0.028125 0.0390625
7 0.55546875 0.475 0.00859375 0.03671875
16 0.76328125 0.484375 0.01796875 0.01015625
19 0.57421875 0.4875 0.0125 0.01796875
7 0.46640625 0.4890625 0.00859375 0.03671875
2 0.47578125 0.490625 0.0078125 0.025
2 0.54453125 0.490625 0.0078125 0.025
9 0.5109375 0.49140625 0.05703125 0.078125
16 0.7625 0.49921875 0.01796875 0.01015625
2 0.32421875 0.50546875 0.01796875 0.0109375
2 0.7625 0.51484375 0.01796875 0.01015625
16 0.32421875 0.51875 0.0171875 0.01015625
4 0.88046875 0.51953125 0.1875 0.315625
2 0.71328125 0.5203125 0.01796875 0.0109375
16 0.78515625 0.5234375 0.009375 0.009375
9 0.64609375 0.52578125 0.10078125 0.140625
2 0.575 0.5265625 0.01796875 0.01015625
4 0.13984375 0.5265625 0.025 0.2609375
4 0.21796875 0.52734375 0.025 0.2609375
7 0.76015625 0.5296875 0.0234375 0.01171875
2 0.71328125 0.53359375 0.01796875 0.01171875
16 0.76328125 0.54453125 0.01796875 0.009375
2 0.575 0.55 0.01796875 0.0109375
2 0.32421875 0.55 0.0171875 0.01015625
2 0.46796875 0.55546875 0.0171875 0.0109375
16 0.76328125 0.559375 0.0171875 0.01015625
9 0.396875 0.5640625 0.10234375 0.1421875
2 0.46796875 0.5671875 0.01796875 0.0109375
2 0.32421875 0.56796875 0.0171875 0.00859375
7 0.71328125 0.56875 0.0234375 0.0125
0 0.5078125 0.57265625 0.02734375 0.0375
19 0.57421875 0.5828125 0.01328125 0.01796875
2 0.7109375 0.58359375 0.0171875 0.009375
7 0.32421875 0.5875 0.02421875 0.01171875
7 0.46875 0.59453125 0.02421875 0.01171875
4 0.0734375 0.6125 0.0203125 0.13359375
16 0.57421875 0.61328125 0.00703125 0.025
16 0.56328125 0.61328125 0.00703125 0.025
16 0.6421875 0.615625 0.00703125 0.02578125
2 0.62265625 0.615625 0.0078125 0.02421875
2 0.63203125 0.615625 0.00703125 0.025
2 0.6515625 0.61640625 0.00703125 0.02421875
2 0.67265625 0.61640625 0.00703125 0.02421875
7 0.59140625 0.61640625 0.0078125 0.03203125
2 0.6625 0.61640625 0.00703125 0.025
16 0.6109375 0.61640625 0.0078125 0.02578125
2 0.46796875 0.621875 0.01796875 0.0109375
7 0.6921875 0.62265625 0.0234375 0.01171875
2 0.69296875 0.6390625 0.0171875 0.01015625
7 0.66875 0.63984375 0.02265625 0.01171875
16 0.78125 0.64296875 0.0078125 0.034375
12 0.7421875 0.64296875 0.01328125 0.02265625
7 0.3375 0.65 0.02265625 0.0125
2 0.37578125 0.653125 0.00703125 0.02421875
2 0.35859375 0.653125 0.00703125 0.025
2 0.38984375 0.653125 0.00703125 0.02421875
2 0.40078125 0.653125 0.00703125 0.02421875
16 0.42890625 0.65390625 0.00703125 0.025
7 0.625 0.65390625 0.02265625 0.01171875
7 0.44609375 0.65859375 0.009375 0.03671875
2 0.41640625 0.659375 0.00703125 0.02421875
16 0.62890625 0.665625 0.01796875 0.01015625
16 0.57421875 0.6671875 0.01796875 0.01015625
7 0.75625 0.67265625 0.03046875 0.02109375
2 0.71328125 0.6734375 0.00703125 0.02421875
2 0.63125 0.678125 0.0171875 0.0109375
16 0.60234375 0.68515625 0.01796875 0.01015625
21 0.72890625 0.68515625 0.01640625 0.1390625
15 0.32265625 0.6875 0.02578125 0.02578125
9 0.6765625 0.68984375 0.05703125 0.078125
19 0.6359375 0.69296875 0.01328125 0.01640625
2 0.60234375 0.69765625 0.01796875 0.01015625
19 0.271875 0.703125 0.01953125 0.02734375
0 0.471875 0.703125 0.02890625 0.0390625
12 0.74296875 0.70859375 0.01171875 0.02265625
19 0.6359375 0.709375 0.01328125 0.015625
2 0.1125 0.7109375 0.00703125 0.02421875
7 0.7140625 0.71171875 0.00859375 0.03359375
12 0.39921875 0.7125 0.0140625 0.021875
12 0.38203125 0.71328125 0.0140625 0.021875
12 0.415625 0.71328125 0.0140625 0.021875
12 0.4328125 0.71328125 0.0140625 0.021875
7 0.121875 0.715625 0.009375 0.03203125
15 0.32265625 0.721875 0.02578125 0.02578125
3 0.60234375 0.72421875 0.03125 0.0390625
16 0.571875 0.725 0.00625 0.025
19 0.6359375 0.725 0.0125 0.01640625
16 0.76640625 0.72578125 0.02421875 0.0109375
12 0.43203125 0.73984375 0.0140625 0.021875
12 0.3984375 0.73984375 0.0140625 0.021875
12 0.38203125 0.73984375 0.0140625 0.021875
12 0.415625 0.73984375 0.0140625 0.021875
16 0.6875 0.74140625 0.01796875 0.0109375
16 0.66640625 0.7421875 0.0203125 0.01171875
12 0.74296875 0.74609375 0.0125 0.021875
16 0.91640625 0.7484375 0.01796875 0.01015625
16 0.25 0.753125 0.01796875 0.01015625
15 0.32265625 0.75625 0.02578125 0.02578125
16 0.571875 0.75859375 0.00703125 0.02578125
16 0.91640625 0.76328125 0.01796875 0.01015625
12 0.39921875 0.76640625 0.0140625 0.021875
12 0.415625 0.76640625 0.0140625 0.021875
12 0.43203125 0.76640625 0.0140625 0.021875
12 0.38203125 0.7671875 0.0140625 0.021875
16 0.25 0.76796875 0.01796875 0.01015625
16 0.75703125 0.76875 0.02421875 0.01015625
19 0.5 0.7703125 0.01875 0.025
15 0.32265625 0.790625 0.02578125 0.02578125
12 0.415625 0.79375 0.0140625 0.021875
12 0.38203125 0.79375 0.0140625 0.021875
12 0.39921875 0.79375 0.0140625 0.021875
12 0.4328125 0.79375 0.0140625 0.021875
4 0.86640625 0.80625 0.26640625 0.06015625
4 0.19765625 0.809375 0.078125 0.028125
16 0.746875 0.83359375 0.01796875 0.0109375
18 0.68515625 0.8390625 0.10234375 0.06171875
4 0.36171875 0.86015625 0.06875 0.01796875
4 0.19609375 0.865625 0.11015625 0.0265625
4 0.865625 0.89765625 0.17421875 0.10625
16 0.52734375 0.11484375 0.0078125 0.01953125
16 0.5109375 0.11484375 0.00625 0.01875
9 0.5421875 0.1171875 0.01328125 0.015625
16 0.5 0.11796875 0.00703125 0.025
16 0.59609375 0.11796875 0.00625 0.025
16 0.5859375 0.11875 0.00703125 0.025
16 0.68125 0.11875 0.0078125 0.03359375
16 0.6921875 0.11875 0.0078125 0.034375
12 0.65078125 0.11875 0.0125 0.0171875
19 0.4796875 0.12265625 0.0109375 0.01875
19 0.7125 0.12421875 0.01328125 0.01953125
4 0.19609375 0.13046875 0.11171875 0.028125
19 0.44921875 0.13515625 0.01875 0.025
7 0.5421875 0.146875 0.0421875 0.01953125
7 0.68046875 0.1484375 0.04140625 0.021875
7 0.61875 0.15078125 0.04296875 0.02265625
2 0.58125 0.159375 0.00703125 0.02421875
2 0.4921875 0.1640625 0.0078125 0.02421875
4 0.75625 0.16796875 0.0515625 0.0703125
7 0.4359375 0.1734375 0.0421875 0.02109375
4 0.1953125 0.18203125 0.08046875 0.0328125
7 0.47265625 0.1875 0.0171875 0.04921875
18 0.91875 0.1953125 0.125 0.08125
9 0.525 0.20546875 0.0796875 0.08671875
9 0.64140625 0.20703125 0.08671875 0.08515625
7 0.584375 0.209375 0.01171875 0.03984375
9 0.70703125 0.22421875 0.03125 0.0703125
7 0.30546875 0.23125 0.0359375 0.02421875
16 0.1359375 0.234375 0.01796875 0.0109375
4 0.4359375 0.2359375 0.06796875 0.01796875
16 0.13671875 0.24765625 0.01796875 0.01015625
7 0.475 0.2609375 0.00859375 0.03671875
2 0.48671875 0.2625 0.00703125 0.0234375
7 0.5234375 0.2703125 0.0515625 0.02734375
7 0.634375 0.2703125 0.05625 0.02890625
20 0.5796875 0.27265625 0.04453125 0.0390625
13 0.44140625 0.2828125 0.00703125 0.02421875
4 0.75703125 0.28359375 0.05078125 0.0703125
9 0.4265625 0.28359375 0.01328125 0.0234375
16 0.403125 0.284375 0.00703125 0.025
16 0.41328125 0.284375 0.00703125 0.025
4 0.9140625 0.31953125 0.071875 0.06640625
4 0.3640625 0.32734375 0.01953125 0.16484375
4 0.296875 0.328125 0.01953125 0.16484375