4 0.053125 0.4171875 0.040625 0.15546875
14 0.52265625 0.35234375 0.04140625 0.0359375
14 0.5984375 0.3734375 0.0296875 0.12578125
14 0.1359375 0.490625 0.0609375 0.28203125
14 0.2203125 0.47109375 0.06171875 0.2890625
14 0.32734375 0.50546875 0.03984375 0.03125
4 0.075 0.596875 0.040625 0.15234375
14 0.53046875 0.52265625 0.06875 0.03984375
14 0.4609375 0.59296875 0.0578125 0.078125
14 0.73828125 0.534375 0.10859375 0.096875
14 0.63984375 0.56875 0.06171875 0.03203125
4 0.328125 0.6640625 0.0484375 0.1875
4 0.4015625 0.64921875 0.046875 0.1890625
14 0.96953125 0.53671875 0.059375 0.09375
4 0.82734375 0.596875 0.06875 0.0953125
14 0.49140625 0.73046875 0.07421875 0.03984375
14 0.96796875 0.659375 0.06328125 0.115625
4 0.23984375 0.84453125 0.090625 0.0578125
4 0.8421875 0.71953125 0.0734375 0.09296875
4 0.24609375 0.903125 0.12578125 0.06953125
14 0.55078125 0.83828125 0.01875 0.02578125
14 0.8 0.77890625 0.0171875 0.0265625
4 0.15234375 0.1171875 0.12578125 0.065625
14 0.328125 0.08046875 0.0734375 0.03203125
14 0.54921875 0.0515625 0.05859375 0.06328125
14 0.67421875 0.03828125 0.1109375 0.0765625
4 0.15859375 0.175 0.08984375 0.05546875
14 0.86875 0.021875 0.09296875 0.04296875
14 0.640625 0.17421875 0.01953125 0.05703125
14 0.465625 0.2203125 0.040625 0.03359375
14 0.74296875 0.1765625 0.0375 0.15625