11 0.61015625 0.36953125 0.0390625 0.0234375
13 0.57578125 0.36328125 0.0140625 0.01796875
18 0.69140625 0.39453125 0.10859375 0.08125
18 0.43125 0.34921875 0.0625 0.0734375
17 0.571875 0.3984375 0.01953125 0.0140625
17 0.57109375 0.40859375 0.01953125 0.0140625
17 0.61328125 0.4328125 0.01875 0.0125
17 0.56953125 0.42421875 0.01953125 0.0140625
13 0.4734375 0.41171875 0.01484375 0.01796875
11 0.50859375 0.41796875 0.0359375 0.02265625
7 0.59140625 0.4484375 0.0125 0.03828125
12 0.315625 0.3953125 0.015625 0.025
17 0.3015625 0.39375 0.01171875 0.03671875
1 0.63203125 0.45859375 0.01015625 0.0265625
1 0.6671875 0.46640625 0.009375 0.02578125
1 0.65234375 0.4640625 0.009375 0.02578125
17 0.60703125 0.45703125 0.009375 0.02734375
17 0.6171875 0.46171875 0.009375 0.02734375
4 0.06875 0.3625 0.03359375 0.13984375
1 0.6921875 0.484375 0.01875 0.01328125
7 0.709375 0.496875 0.01171875 0.03671875
7 0.571875 0.47421875 0.02421875 0.015625
7 0.4421875 0.45078125 0.01171875 0.0375
1 0.41328125 0.45234375 0.009375 0.02578125
7 0.33984375 0.4390625 0.0125 0.03828125
1 0.384375 0.44921875 0.009375 0.0265625
1 0.396875 0.4515625 0.009375 0.0265625
1 0.36953125 0.44765625 0.01015625 0.02578125
17 0.35 0.4453125 0.00859375 0.02578125
1 0.5703125 0.4875 0.01796875 0.01328125
0 0.3078125 0.43828125 0.03203125 0.04375
7 0.55 0.48671875 0.01171875 0.03828125
17 0.7578125 0.5359375 0.01953125 0.0125
19 0.56796875 0.50234375 0.0140625 0.01953125
7 0.46015625 0.48359375 0.01171875 0.03828125
1 0.46875 0.48671875 0.01015625 0.0265625
1 0.53828125 0.5 0.01015625 0.0265625
9 0.5046875 0.49375 0.06484375 0.08984375
17 0.75703125 0.55078125 0.01875 0.01328125
1 0.31484375 0.47265625 0.01875 0.01328125
1 0.75546875 0.56640625 0.01875 0.0125
17 0.3140625 0.48671875 0.01796875 0.01328125
4 0.87265625 0.59453125 0.22109375 0.35390625
1 0.70546875 0.5625 0.01953125 0.0140625
17 0.7765625 0.5796875 0.01015625 0.0109375
9 0.6359375 0.55546875 0.115625 0.1609375
1 0.565625 0.54296875 0.01875 0.0125
4 0.1265625 0.45859375 0.05234375 0.26640625
4 0.20546875 0.47421875 0.05234375 0.26640625
7 0.7515625 0.58125 0.02421875 0.015625
1 0.70390625 0.57578125 0.01875 0.01484375
17 0.75234375 0.59765625 0.01953125 0.0125
1 0.56328125 0.565625 0.01875 0.0140625
1 0.31015625 0.51796875 0.01796875 0.01328125
1 0.4546875 0.55 0.01796875 0.01328125
17 0.7515625 0.61171875 0.01796875 0.0125
9 0.38203125 0.54609375 0.1171875 0.1625
1 0.453125 0.5625 0.01875 0.01328125
1 0.3078125 0.53515625 0.01796875 0.0125
7 0.7 0.61171875 0.02421875 0.01640625
0 0.4921875 0.57578125 0.03125 0.04296875
19 0.55859375 0.5984375 0.01484375 0.0203125
1 0.69609375 0.6265625 0.01796875 0.0125
7 0.30625 0.5546875 0.025 0.01640625
7 0.4515625 0.58984375 0.025 0.01640625
4 0.0515625 0.53125 0.03359375 0.1375
17 0.5546875 0.62890625 0.00859375 0.02578125
17 0.54453125 0.6265625 0.00859375 0.02578125
17 0.62265625 0.64453125 0.00859375 0.0265625
1 0.603125 0.64140625 0.01015625 0.02578125
1 0.61328125 0.64375 0.009375 0.0265625
1 0.6328125 0.646875 0.009375 0.025
1 0.65390625 0.6515625 0.009375 0.02578125
7 0.571875 0.6359375 0.01171875 0.03359375
1 0.64375 0.64921875 0.009375 0.0265625
17 0.59140625 0.63984375 0.01015625 0.02734375
1 0.44765625 0.6171875 0.01875 0.01328125
7 0.67265625 0.6625 0.02421875 0.015625
1 0.671875 0.678125 0.01796875 0.0125
7 0.64765625 0.675 0.0234375 0.015625
17 0.76015625 0.69921875 0.0109375 0.0359375
12 0.72109375 0.6921875 0.015625 0.02421875
7 0.31328125 0.62109375 0.0234375 0.01640625
1 0.3515625 0.63125 0.009375 0.02578125
1 0.334375 0.628125 0.009375 0.0265625
1 0.36484375 0.634375 0.00859375 0.025
1 0.3765625 0.63671875 0.009375 0.02578125
17 0.40546875 0.6421875 0.00859375 0.02578125
7 0.60234375 0.68046875 0.0234375 0.015625
7 0.421875 0.65078125 0.01328125 0.03828125
1 0.39140625 0.64609375 0.009375 0.02578125
17 0.6046875 0.69296875 0.01953125 0.01328125
17 0.54921875 0.68359375 0.01953125 0.0125
7 0.7328125 0.72421875 0.0328125 0.0265625
1 0.6890625 0.7171875 0.009375 0.02578125
1 0.60625 0.70625 0.01796875 0.0140625
17 0.57578125 0.7078125 0.01875 0.01328125
21 0.703125 0.73203125 0.03046875 0.1421875
16 0.29453125 0.65546875 0.028125 0.03046875
9 0.65078125 0.7265625 0.06484375 0.08984375
19 0.60859375 0.72109375 0.0140625 0.01796875
1 0.57421875 0.71953125 0.01875 0.0125
19 0.2421875 0.6609375 0.02265625 0.03046875
0 0.4421875 0.7 0.0328125 0.04453125
12 0.71484375 0.7578125 0.0140625 0.025
19 0.6078125 0.73828125 0.01484375 0.01796875
1 0.08125 0.6390625 0.009375 0.02578125
7 0.68515625 0.75546875 0.01171875 0.034375
12 0.36875 0.6953125 0.015625 0.02421875
12 0.3515625 0.69296875 0.015625 0.02421875
12 0.38515625 0.69921875 0.015625 0.02421875
12 0.40234375 0.703125 0.015625 0.02421875
7 0.08984375 0.64453125 0.0125 0.03359375
16 0.290625 0.690625 0.028125 0.03046875
3 0.571875 0.74609375 0.03515625 0.04453125
17 0.54140625 0.740625 0.00859375 0.02578125
19 0.60546875 0.75390625 0.0140625 0.01796875
17 0.73671875 0.78046875 0.025 0.01484375
12 0.3984375 0.72890625 0.015625 0.02421875
12 0.365625 0.7234375 0.015625 0.02421875
12 0.3484375 0.71953125 0.015625 0.02421875
12 0.3828125 0.72578125 0.015625 0.02421875
17 0.65546875 0.78046875 0.01875 0.01328125
17 0.63515625 0.778125 0.02109375 0.015625
12 0.7109375 0.79609375 0.0140625 0.0234375
17 0.8859375 0.83203125 0.01875 0.0125
17 0.2140625 0.70703125 0.01875 0.01328125
16 0.2875 0.72421875 0.028125 0.03046875
17 0.5375 0.775 0.00859375 0.0265625
17 0.88359375 0.846875 0.01875 0.0125
12 0.36328125 0.75 0.015625 0.02421875
12 0.3796875 0.753125 0.015625 0.02421875
12 0.39609375 0.75625 0.015625 0.02421875
12 0.34609375 0.74765625 0.015625 0.02421875
17 0.2125 0.72265625 0.01875 0.01328125
17 0.72265625 0.821875 0.025 0.01484375
19 0.4640625 0.77265625 0.02109375 0.028125
16 0.28359375 0.759375 0.028125 0.03046875
12 0.37734375 0.78125 0.015625 0.02421875
12 0.34296875 0.77421875 0.015625 0.02421875
12 0.3609375 0.77734375 0.015625 0.02421875
12 0.39453125 0.784375 0.015625 0.02421875
4 0.8296875 0.8796875 0.2734375 0.1109375
4 0.15546875 0.75390625 0.08125 0.04296875
17 0.70625 0.88515625 0.01953125 0.01328125
18 0.64296875 0.87890625 0.109375 0.08125
4 0.315625 0.83671875 0.0703125 0.03125
4 0.1484375 0.81015625 0.11328125 0.0484375
4 0.81875 0.95 0.18671875 0.0984375
17 0.56015625 0.11875 0.009375 0.02109375
17 0.54296875 0.115625 0.0078125 0.01875
9 0.57421875 0.1234375 0.01484375 0.01796875
17 0.53203125 0.11640625 0.009375 0.0265625
17 0.62890625 0.1359375 0.00859375 0.02578125
17 0.61796875 0.134375 0.009375 0.0265625
17 0.7140625 0.15234375 0.0109375 0.03515625
17 0.725 0.1546875 0.01171875 0.0359375
12 0.68359375 0.146875 0.0140625 0.01875
19 0.51015625 0.11796875 0.01328125 0.0203125
19 0.74453125 0.1640625 0.015625 0.021875
4 0.22421875 0.0703125 0.11484375 0.04921875
19 0.478125 0.12421875 0.02109375 0.028125
7 0.57109375 0.153125 0.04375 0.02734375
7 0.71015625 0.18203125 0.04375 0.02890625
7 0.64765625 0.17265625 0.0453125 0.03125
1 0.609375 0.17421875 0.009375 0.02578125
1 0.51875 0.16171875 0.01015625 0.02578125
4 0.784375 0.21640625 0.059375 0.08046875
7 0.46171875 0.16015625 0.04453125 0.02890625
4 0.21796875 0.121875 0.084375 0.04765625
7 0.496875 0.18125 0.021875 0.05234375
18 0.93828125 0.27578125 0.121875 0.10546875
9 0.54765625 0.209375 0.0890625 0.1015625
9 0.66484375 0.23359375 0.09609375 0.10234375
7 0.6078125 0.22578125 0.015625 0.04296875
9 0.72890625 0.2640625 0.0390625 0.0765625
7 0.32421875 0.19296875 0.03828125 0.03046875
17 0.15390625 0.1625 0.01875 0.01328125
4 0.45546875 0.2234375 0.0703125 0.03125
17 0.153125 0.17734375 0.01875 0.0125
7 0.4921875 0.25546875 0.01171875 0.03828125
1 0.503125 0.259375 0.009375 0.025
7 0.53984375 0.27421875 0.0546875 0.03671875
7 0.6515625 0.29609375 0.059375 0.0390625
20 0.5953125 0.2875 0.0484375 0.04765625
13 0.45625 0.27109375 0.009375 0.02578125
4 0.7734375 0.3328125 0.05859375 0.0796875
9 0.440625 0.26953125 0.015625 0.02578125
17 0.41796875 0.265625 0.00859375 0.02578125
17 0.42734375 0.2671875 0.00859375 0.02578125
4 0.92734375 0.39921875 0.078125 0.0796875
4 0.37265625 0.3015625 0.03671875 0.16953125
4 0.30546875 0.2890625 0.03671875 0.16953125