14 0.4578125 0.4390625 0.0421875 0.034375
14 0.5359375 0.46875 0.02421875 0.1296875
14 0.053125 0.54375 0.0484375 0.29140625
14 0.140625 0.53125 0.0484375 0.2984375
14 0.25 0.57734375 0.040625 0.028125
14 0.4578125 0.615625 0.0703125 0.03515625
14 0.38203125 0.68046875 0.05625 0.07578125
14 0.67109375 0.646875 0.109375 0.090625
14 0.56796875 0.67265625 0.06328125 0.028125
4 0.24296875 0.74140625 0.03984375 0.19296875
4 0.31796875 0.73203125 0.0390625 0.19375
14 0.91328125 0.67265625 0.06640625 0.090625
4 0.75859375 0.7203125 0.06640625 0.09296875
14 0.40625 0.82421875 0.0765625 0.034375
14 0.915625 0.79921875 0.08984375 0.11015625
18 0.9859375 0.79375 0.0265625 0.04921875
4 0.14140625 0.9171875 0.0921875 0.0515625
4 0.76796875 0.84765625 0.071875 0.08984375
4 0.1453125 0.9734375 0.1296875 0.0515625
14 0.46171875 0.94140625 0.01875 0.025
14 0.721875 0.9046875 0.01640625 0.0265625
4 0.08984375 0.16171875 0.12890625 0.05546875
14 0.27265625 0.14140625 0.075 0.02578125
14 0.82890625 0.06640625 0.13046875 0.059375
14 0.5015625 0.1328125 0.0578125 0.0609375
14 0.63125 0.11796875 0.11015625 0.0953125
4 0.09375 0.22109375 0.09140625 0.04921875
14 0.8328125 0.12421875 0.09453125 0.05390625
14 0.58984375 0.26796875 0.0171875 0.0578125
14 0.40703125 0.2984375 0.040625 0.03125
14 0.69375 0.28046875 0.03046875 0.16015625