11 0.63984375 0.35 0.0390625 0.0234375
13 0.6046875 0.34453125 0.0140625 0.01875
18 0.725 0.3734375 0.11171875 0.08203125
18 0.45546875 0.33359375 0.06328125 0.07421875
17 0.6015625 0.38046875 0.0203125 0.0140625
17 0.6 0.39140625 0.0203125 0.0140625
17 0.64453125 0.415625 0.01875 0.0125
17 0.5984375 0.4078125 0.0203125 0.0140625
13 0.49921875 0.39609375 0.015625 0.01796875
11 0.5359375 0.40234375 0.03671875 0.02265625
7 0.621875 0.43125 0.0125 0.03984375
12 0.3359375 0.38359375 0.01640625 0.025
17 0.32109375 0.38203125 0.0109375 0.0375
1 0.6640625 0.44140625 0.009375 0.02734375
1 0.7 0.44765625 0.009375 0.02578125
1 0.68515625 0.44609375 0.009375 0.02578125
17 0.63828125 0.43984375 0.009375 0.02734375
17 0.6484375 0.44375 0.009375 0.02734375
4 0.08046875 0.35546875 0.0328125 0.14375
1 0.72578125 0.46640625 0.01953125 0.01328125
7 0.74375 0.478125 0.01171875 0.0375
7 0.60234375 0.45859375 0.025 0.01640625
7 0.4671875 0.4375 0.01171875 0.03828125
1 0.43828125 0.43984375 0.009375 0.02578125
7 0.36171875 0.428125 0.0125 0.03984375
1 0.40859375 0.4375 0.009375 0.0265625
1 0.42109375 0.43984375 0.009375 0.0265625
1 0.3921875 0.4359375 0.01015625 0.0265625
17 0.371875 0.434375 0.00859375 0.0265625
1 0.60078125 0.47265625 0.01875 0.01328125
0 0.328125 0.428125 0.0328125 0.0453125
7 0.5796875 0.471875 0.0125 0.03984375
17 0.7953125 0.51796875 0.01953125 0.0125
19 0.5984375 0.4875 0.0140625 0.0203125
7 0.4859375 0.47109375 0.0125 0.03984375
1 0.4953125 0.4734375 0.009375 0.02734375
1 0.5671875 0.48671875 0.009375 0.02734375
9 0.5328125 0.48125 0.06640625 0.09140625
17 0.79375 0.53359375 0.01953125 0.01328125
1 0.3359375 0.46328125 0.01953125 0.01328125
1 0.7921875 0.54921875 0.01875 0.0125
17 0.33515625 0.47734375 0.01875 0.01328125
4 0.90078125 0.57421875 0.19765625 0.36015625
1 0.740625 0.546875 0.0203125 0.0140625
17 0.81484375 0.5625 0.01015625 0.01015625
9 0.66953125 0.540625 0.11796875 0.1640625
1 0.59609375 0.5296875 0.01875 0.0125
4 0.1421875 0.453125 0.05 0.275
4 0.22421875 0.46796875 0.05 0.275
7 0.7890625 0.56484375 0.025 0.01640625
1 0.7390625 0.5609375 0.01953125 0.01484375
17 0.7890625 0.58125 0.01953125 0.0125
1 0.59375 0.553125 0.01953125 0.0140625
1 0.33203125 0.51015625 0.01875 0.01328125
1 0.48203125 0.540625 0.01875 0.01328125
17 0.7890625 0.59609375 0.01875 0.0125
9 0.40703125 0.5375 0.11953125 0.165625
1 0.4796875 0.553125 0.01953125 0.01328125
1 0.33046875 0.528125 0.01875 0.01171875
7 0.7359375 0.59765625 0.025 0.0171875
0 0.52109375 0.56484375 0.03203125 0.04375
19 0.58984375 0.5875 0.015625 0.02109375
1 0.73203125 0.6125 0.01875 0.0125
7 0.328125 0.54765625 0.02578125 0.01640625
7 0.47890625 0.58125 0.02578125 0.01640625
4 0.065625 0.53046875 0.0328125 0.14140625
17 0.5859375 0.61875 0.00859375 0.0265625
17 0.575 0.6171875 0.00859375 0.0265625
17 0.65703125 0.63359375 0.009375 0.02734375
1 0.63671875 0.63046875 0.009375 0.0265625
1 0.646875 0.63203125 0.009375 0.0265625
1 0.6671875 0.6359375 0.009375 0.025
1 0.6890625 0.6390625 0.009375 0.02578125
7 0.60390625 0.625 0.0109375 0.03515625
1 0.678125 0.63828125 0.009375 0.0265625
17 0.625 0.62890625 0.01015625 0.028125
1 0.47578125 0.609375 0.01953125 0.01328125
7 0.70859375 0.65 0.025 0.01640625
1 0.7078125 0.66640625 0.01875 0.0125
7 0.6828125 0.66484375 0.02421875 0.015625
17 0.79921875 0.6859375 0.0109375 0.03671875
12 0.75859375 0.6796875 0.015625 0.025
7 0.33671875 0.615625 0.02421875 0.01640625
1 0.37734375 0.6265625 0.009375 0.02578125
1 0.35859375 0.6234375 0.009375 0.0265625
1 0.390625 0.628125 0.00859375 0.02578125
1 0.40234375 0.63046875 0.009375 0.02578125
17 0.43203125 0.63671875 0.00859375 0.0265625
7 0.6359375 0.6703125 0.02421875 0.015625
7 0.44921875 0.6453125 0.0125 0.0390625
1 0.41796875 0.640625 0.009375 0.02578125
17 0.6390625 0.68359375 0.0203125 0.01328125
17 0.58125 0.675 0.01953125 0.0125
7 0.77109375 0.7125 0.03359375 0.0265625
1 0.7265625 0.70703125 0.009375 0.02578125
1 0.63984375 0.69765625 0.01875 0.0140625
17 0.609375 0.69921875 0.01953125 0.01328125
21 0.74140625 0.72109375 0.02890625 0.146875
16 0.31796875 0.653125 0.02890625 0.03046875
9 0.68671875 0.7171875 0.06640625 0.09140625
19 0.64296875 0.7125 0.01484375 0.01875
1 0.6078125 0.71171875 0.01875 0.0125
19 0.2640625 0.659375 0.0234375 0.03125
0 0.47109375 0.6953125 0.03359375 0.0453125
12 0.753125 0.7484375 0.0140625 0.02578125
19 0.6421875 0.7296875 0.01484375 0.0171875
1 0.09765625 0.640625 0.009375 0.02578125
7 0.72265625 0.74609375 0.0109375 0.0359375
12 0.3953125 0.6921875 0.01640625 0.02421875
12 0.37734375 0.68984375 0.01640625 0.02421875
12 0.41171875 0.69609375 0.01640625 0.02421875
12 0.4296875 0.6984375 0.01640625 0.02421875
7 0.10625 0.64609375 0.0125 0.03515625
16 0.31484375 0.68828125 0.02890625 0.03046875
3 0.60546875 0.7390625 0.03671875 0.0453125
17 0.57421875 0.734375 0.00859375 0.0265625
19 0.640625 0.746875 0.0140625 0.01875
17 0.77578125 0.7703125 0.02578125 0.01484375
12 0.4265625 0.72578125 0.01640625 0.02421875
12 0.3921875 0.7203125 0.01640625 0.02421875
12 0.375 0.7171875 0.01640625 0.02421875
12 0.409375 0.7234375 0.01640625 0.02421875
17 0.69296875 0.771875 0.01953125 0.01328125
17 0.67109375 0.7703125 0.021875 0.015625
12 0.75 0.7875 0.01484375 0.02421875
17 0.93046875 0.8203125 0.01875 0.0125
17 0.2359375 0.7078125 0.01953125 0.01328125
16 0.31171875 0.72421875 0.02890625 0.03046875
17 0.5703125 0.7703125 0.009375 0.02734375
17 0.92890625 0.8359375 0.01875 0.0125
12 0.38984375 0.7484375 0.01640625 0.02421875
12 0.40703125 0.75078125 0.01640625 0.02421875
12 0.42421875 0.75390625 0.01640625 0.02421875
12 0.37265625 0.74609375 0.01640625 0.02421875
17 0.234375 0.7234375 0.01953125 0.01328125
17 0.7625 0.8140625 0.02578125 0.01484375
19 0.49453125 0.76953125 0.021875 0.02890625
16 0.3078125 0.76015625 0.02890625 0.03046875
12 0.4046875 0.7796875 0.01640625 0.02421875
12 0.36953125 0.77421875 0.01640625 0.02421875
12 0.3875 0.77734375 0.01640625 0.02421875
12 0.42265625 0.7828125 0.01640625 0.02421875
4 0.8515625 0.86796875 0.240625 0.10234375
4 0.1765625 0.7578125 0.084375 0.0421875
17 0.74609375 0.87890625 0.0203125 0.01328125
18 0.68046875 0.87421875 0.1125 0.08203125
4 0.3421875 0.8390625 0.07265625 0.03046875
4 0.16953125 0.815625 0.1171875 0.046875
4 0.86328125 0.94765625 0.19140625 0.10390625
17 0.584375 0.09296875 0.009375 0.021875
17 0.5671875 0.08984375 0.0078125 0.01953125
9 0.59921875 0.09765625 0.015625 0.01796875
17 0.55546875 0.090625 0.009375 0.0265625
17 0.65625 0.1078125 0.0078125 0.0265625
17 0.6453125 0.10625 0.009375 0.0265625
17 0.74375 0.12265625 0.0109375 0.0359375
17 0.75546875 0.125 0.0109375 0.0375
12 0.7125 0.11796875 0.01484375 0.01953125
19 0.53359375 0.0921875 0.0125 0.0203125
19 0.7765625 0.134375 0.015625 0.02265625
4 0.2375 0.05078125 0.11796875 0.04765625
19 0.50078125 0.1 0.021875 0.02890625
7 0.596875 0.12734375 0.0453125 0.0265625
7 0.74140625 0.15390625 0.04453125 0.0296875
7 0.6765625 0.1453125 0.046875 0.03046875
1 0.6359375 0.1484375 0.009375 0.02578125
1 0.54296875 0.1375 0.009375 0.0265625
4 0.81796875 0.1875 0.06015625 0.08203125
7 0.484375 0.13671875 0.04609375 0.02890625
4 0.23203125 0.10390625 0.08671875 0.04765625
7 0.5203125 0.15859375 0.021875 0.05390625
18 0.95703125 0.2421875 0.084375 0.10390625
9 0.5734375 0.1859375 0.09140625 0.10390625
9 0.69453125 0.20859375 0.09765625 0.1046875
7 0.63515625 0.20078125 0.015625 0.04375
9 0.7609375 0.23828125 0.0390625 0.078125
7 0.3421875 0.17421875 0.0390625 0.03046875
17 0.16640625 0.1484375 0.01953125 0.01328125
4 0.478125 0.20234375 0.071875 0.03046875
17 0.16484375 0.1625 0.01875 0.0125
7 0.51640625 0.234375 0.01171875 0.0390625
1 0.528125 0.2390625 0.009375 0.025
7 0.56640625 0.253125 0.05546875 0.03671875
7 0.68125 0.27265625 0.0609375 0.0390625
20 0.62421875 0.265625 0.04921875 0.0484375
13 0.4796875 0.2515625 0.009375 0.02578125
4 0.8078125 0.3078125 0.059375 0.08203125
9 0.4640625 0.25078125 0.015625 0.0265625
17 0.43984375 0.246875 0.00859375 0.0265625
17 0.45 0.24921875 0.00859375 0.0265625
4 0.96328125 0.37265625 0.071875 0.08203125
4 0.39375 0.28515625 0.0359375 0.175
4 0.32421875 0.2734375 0.0359375 0.175