4 0.40859375 0.54453125 0.11484375 0.08046875
4 0.45703125 0.04140625 0.040625 0.07734375
17 0.190625 0.59765625 0.01640625 0.021875
17 0.140625 0.61796875 0.0171875 0.021875
9 0.16328125 0.62265625 0.02265625 0.0265625
17 0.19140625 0.61796875 0.01640625 0.02109375
4 0.0453125 0.67109375 0.0640625 0.1234375
17 0.17265625 0.6515625 0.0109375 0.0328125
9 0.615625 0.5625 0.30859375 0.52265625
4 0.7796875 0.52890625 0.05390625 0.240625
7 0.19375 0.65625 0.01953125 0.0609375
4 0.41171875 0.62578125 0.115625 0.0765625
4 0.93671875 0.521875 0.125 0.24453125
1 0.0984375 0.69609375 0.01015625 0.03359375
9 0.140625 0.69921875 0.0578125 0.10078125
1 0.109375 0.70703125 0.0109375 0.03984375
9 0.21328125 0.68515625 0.02109375 0.04765625
17 0.4296875 0.05703125 0.02109375 0.0625
1 0.08359375 0.71484375 0.0109375 0.0328125
1 0.22890625 0.68671875 0.0109375 0.03203125
1 0.2390625 0.684375 0.009375 0.0328125
10 0.096875 0.72109375 0.0171875 0.01875
1 0.18515625 0.7078125 0.0109375 0.03203125
1 0.196875 0.70546875 0.0125 0.03671875
4 0.4140625 0.7 0.11484375 0.07578125
1 0.14765625 0.76328125 0.0171875 0.02109375
1 0.1296875 0.77109375 0.0109375 0.0328125
4 0.05 0.809375 0.06484375 0.125
7 0.18671875 0.784375 0.0640625 0.1171875
1 0.2890625 0.79296875 0.03515625 0.0390625
1 0.35546875 0.80859375 0.02109375 0.0703125
5 0.32578125 0.8296875 0.025 0.0796875
19 0.24453125 0.1125 0.0296875 0.05
17 0.246875 0.8625 0.0109375 0.0328125
13 0.25625 0.86015625 0.0109375 0.03359375
1 0.23671875 0.865625 0.009375 0.0328125
1 0.2734375 0.86015625 0.009375 0.0328125
7 0.1890625 0.88359375 0.0640625 0.1015625
11 0.41640625 0.85625 0.0296875 0.07578125
17 0.30234375 0.8796875 0.02109375 0.08125
4 0.4375 0.853125 0.0171875 0.0734375
17 0.2375 0.903125 0.01171875 0.0328125
9 0.2625 0.89921875 0.028125 0.0390625
5 0.15078125 0.92734375 0.02578125 0.0796875
4 0.56796875 0.846875 0.040625 0.08515625
19 0.48828125 0.87421875 0.0296875 0.0484375
17 0.24765625 0.9296875 0.0171875 0.01953125
4 0.94375 0.79453125 0.1109375 0.24921875
1 0.27421875 0.93515625 0.01171875 0.0328125
4 0.08046875 0.93828125 0.12421875 0.12109375
1 0.41328125 0.91015625 0.009375 0.0328125
10 0.3546875 0.92265625 0.06328125 0.11328125
1 0.42578125 0.91171875 0.0125 0.0390625
4 0.196875 0.959375 0.0390625 0.0796875
13 0.24296875 0.95546875 0.009375 0.0328125
17 0.25234375 0.9546875 0.009375 0.0328125
20 0.30546875 0.96484375 0.04296875 0.06875
13 0.2484375 0.98203125 0.0171875 0.01953125
19 0.490625 0.93515625 0.0296875 0.05
19 0.45546875 0.94296875 0.03046875 0.0484375
13 0.67578125 0.9046875 0.17109375 0.1546875
18 0.58125 0.9296875 0.02734375 0.08828125
12 0.0765625 0.16875 0.01640625 0.01875
4 0.91328125 0.06015625 0.134375 0.1203125
11 0.415625 0.1125 0.0140625 0.04453125
11 0.45390625 0.1046875 0.0171875 0.05703125
11 0.44140625 0.10859375 0.01484375 0.05
11 0.428125 0.1109375 0.01484375 0.0484375
1 0.5 0.09765625 0.0140625 0.01171875
18 0.0234375 0.2015625 0.046875 0.10625
11 0.3265625 0.1375 0.02109375 0.07421875
4 0.37109375 0.12890625 0.078125 0.06328125
11 0.30078125 0.14453125 0.02109375 0.07421875
11 0.2734375 0.15078125 0.02109375 0.07421875
11 0.28671875 0.1484375 0.02109375 0.07421875
11 0.31328125 0.14296875 0.02109375 0.07421875
9 0.4828125 0.11171875 0.0109375 0.02421875
4 0.57890625 0.0953125 0.12578125 0.0625
17 0.07734375 0.1984375 0.0171875 0.02109375
4 0.13046875 0.20703125 0.03828125 0.09140625
17 0.07890625 0.2265625 0.0171875 0.021875
4 0.20859375 0.20546875 0.04296875 0.13125
12 0.08046875 0.27890625 0.0171875 0.02109375
4 0.134375 0.2859375 0.0390625 0.0828125
18 0.02578125 0.31640625 0.0515625 0.1046875
17 0.08203125 0.3078125 0.0171875 0.01875
17 0.325 0.26796875 0.0109375 0.0328125
17 0.33671875 0.2671875 0.0109375 0.0328125
17 0.0828125 0.33984375 0.0171875 0.02109375
4 0.21484375 0.321875 0.04140625 0.10625
4 0.1375 0.3625 0.040625 0.08359375
12 0.0859375 0.39375 0.0171875 0.021875
18 0.02890625 0.43359375 0.05390625 0.1046875
17 0.0875 0.42265625 0.0171875 0.01953125
4 0.92578125 0.25546875 0.13671875 0.2421875
19 0.621875 0.00703125 0.0296875 0.0140625
19 0.065625 0.10625 0.03203125 0.04453125
17 0.08828125 0.453125 0.0171875 0.01953125
11 0.16875 0.0953125 0.0390625 0.06640625
0 0.24609375 0.06875 0.04765625 0.0484375
19 0.5484375 0.01640625 0.02890625 0.0328125
19 0.23984375 0.43671875 0.0296875 0.04375
19 0.20859375 0.44453125 0.03046875 0.04765625
19 0.14609375 0.45859375 0.03125 0.04765625
12 0.08984375 0.509375 0.01796875 0.02109375
4 0.40703125 0.4734375 0.11640625 0.07890625
18 0.034375 0.55078125 0.05390625 0.103125
17 0.0921875 0.540625 0.0171875 0.02109375
17 0.09375 0.5703125 0.0171875 0.021875
4 0.2484375 0.55390625 0.04609375 0.18125
17 0.1890625 0.57734375 0.015625 0.02109375
1 0.16875 0.58671875 0.0109375 0.03359375