4 0.4015625 0.52265625 0.10859375 0.05546875
4 0.47265625 0.05234375 0.03515625 0.06796875
16 0.190625 0.53125 0.01484375 0.01796875
16 0.1421875 0.540625 0.01484375 0.01796875
9 0.16328125 0.55 0.02109375 0.02265625
16 0.190625 0.55 0.01484375 0.0171875
4 0.04765625 0.571875 0.05546875 0.1078125
16 0.17109375 0.578125 0.009375 0.0296875
9 0.5953125 0.58046875 0.2734375 0.4484375
4 0.75546875 0.58125 0.03984375 0.225
7 0.19140625 0.59296875 0.01640625 0.05546875
4 0.403125 0.6046875 0.11328125 0.04609375
4 0.92265625 0.60546875 0.14375 0.209375
2 0.09765625 0.60625 0.00859375 0.03046875
9 0.13828125 0.61796875 0.0515625 0.08671875
9 0.2078125 0.61875 0.01796875 0.0421875
2 0.10703125 0.61953125 0.00859375 0.03671875
16 0.4453125 0.06171875 0.0171875 0.05703125
2 0.0828125 0.62265625 0.00859375 0.03046875
2 0.22265625 0.62265625 0.00859375 0.02890625
2 0.2328125 0.6234375 0.00859375 0.03046875
10 0.09453125 0.63046875 0.01484375 0.01640625
2 0.18046875 0.634375 0.009375 0.02890625
4 0.3984375 0.671875 0.10859375 0.05078125
2 0.140625 0.68046875 0.01484375 0.0171875
2 0.1234375 0.684375 0.009375 0.03046875
16 0.53046875 0.06953125 0.0078125 0.0296875
4 0.0453125 0.70546875 0.05703125 0.10859375
7 0.1765625 0.70859375 0.05625 0.10234375
2 0.27421875 0.7359375 0.0328125 0.03125
2 0.33671875 0.76484375 0.0171875 0.065625
5 0.3078125 0.77890625 0.0203125 0.07265625
16 0.23046875 0.79375 0.009375 0.0296875
13 0.23984375 0.79453125 0.009375 0.03046875
2 0.22109375 0.79453125 0.0078125 0.03046875
2 0.25625 0.79765625 0.0078125 0.0296875
7 0.17421875 0.803125 0.05703125 0.0859375
11 0.39296875 0.82109375 0.02578125 0.06796875
16 0.28203125 0.821875 0.01640625 0.07578125
4 0.4125 0.82265625 0.01328125 0.06875
16 0.2203125 0.83125 0.01015625 0.0296875
9 0.24375 0.83203125 0.02578125 0.0328125
5 0.1359375 0.8375 0.02109375 0.07265625
4 0.5375 0.8421875 0.03515625 0.07578125
19 0.4609375 0.85078125 0.02578125 0.04296875
16 0.228125 0.859375 0.01484375 0.01640625
4 0.9234375 0.86875 0.146875 0.21484375
2 0.25234375 0.86875 0.01015625 0.03046875
4 0.0625 0.87109375 0.11640625 0.1671875
2 0.38671875 0.87265625 0.00859375 0.0296875
10 0.33046875 0.87265625 0.05625 0.09921875
2 0.3984375 0.8765625 0.01015625 0.0359375
4 0.17734375 0.8796875 0.0328125 0.07578125
13 0.221875 0.8828125 0.00859375 0.03046875
20 0.28125 0.90390625 0.03828125 0.05859375
13 0.22578125 0.90859375 0.01484375 0.01640625
19 0.425 0.9125 0.028125 0.04140625
13 0.63671875 0.91953125 0.15859375 0.11796875
19 0.46484375 0.9203125 0.02734375 0.04140625
18 0.5453125 0.92421875 0.02265625 0.08125
19 0.190625 0.971875 0.0265625 0.04140625
19 0.1625 0.97265625 0.028125 0.03984375
16 0.1046875 0.98046875 0.01484375 0.01796875
12 0.0859375 0.98046875 0.01484375 0.01796875
12 0.10390625 0.09921875 0.01484375 0.015625
4 0.9203125 0.10390625 0.140625 0.20234375
11 0.4296875 0.1125 0.01171875 0.04140625
11 0.4671875 0.1125 0.0140625 0.0515625
11 0.44140625 0.11328125 0.01171875 0.04453125
11 0.45390625 0.11328125 0.01171875 0.04453125
2 0.5109375 0.11484375 0.01328125 0.009375
11 0.34296875 0.11953125 0.0171875 0.06953125
4 0.38671875 0.11953125 0.07265625 0.046875
11 0.31796875 0.1203125 0.0171875 0.06953125
18 0.0484375 0.1203125 0.04765625 0.0921875
11 0.2921875 0.12109375 0.0171875 0.06953125
11 0.30546875 0.12109375 0.0171875 0.06953125
11 0.33046875 0.121875 0.0171875 0.06953125
9 0.49375 0.12421875 0.01015625 0.021875
4 0.58671875 0.128125 0.11953125 0.03671875
16 0.103125 0.128125 0.01640625 0.0171875
4 0.153125 0.146875 0.0328125 0.08203125
16 0.103125 0.15625 0.015625 0.01796875
4 0.228125 0.16171875 0.034375 0.11953125
12 0.10234375 0.20546875 0.01640625 0.01796875
4 0.153125 0.22265625 0.03359375 0.07265625
18 0.046875 0.23125 0.046875 0.08984375
16 0.10234375 0.23359375 0.01640625 0.01640625
16 0.33515625 0.24296875 0.009375 0.03046875
16 0.346875 0.24453125 0.00859375 0.0296875
16 0.1015625 0.2640625 0.015625 0.0171875
4 0.22734375 0.27265625 0.03515625 0.09609375
4 0.15234375 0.296875 0.034375 0.07421875
12 0.10078125 0.31640625 0.01484375 0.01796875
18 0.0453125 0.34296875 0.04765625 0.090625
16 0.10078125 0.34453125 0.01484375 0.01640625
4 0.92109375 0.34765625 0.14375 0.20859375
19 0.63203125 0.0359375 0.02578125 0.0390625
19 0.671875 0.03671875 0.0265625 0.0375
16 0.10078125 0.3734375 0.01484375 0.01640625
0 0.2703125 0.0375 0.04296875 0.03984375
11 0.19453125 0.0375 0.0328125 0.075
19 0.5609375 0.0390625 0.025 0.03984375
19 0.1546875 0.3890625 0.02890625 0.03984375
12 0.09921875 0.42734375 0.01640625 0.01796875
4 0.403125 0.4546875 0.11015625 0.05390625
18 0.04375 0.45546875 0.04765625 0.08984375
16 0.1 0.45703125 0.015625 0.0171875
2 0.20078125 0.4828125 0.0109375 0.03359375
16 0.09921875 0.4859375 0.015625 0.01796875
4 0.24765625 0.50078125 0.0359375 0.1671875
16 0.190625 0.51171875 0.0140625 0.01796875
2 0.17109375 0.51640625 0.009375 0.03125