4 0.3984375 0.50703125 0.11015625 0.07421875
4 0.49140625 0.04765625 0.03828125 0.07421875
17 0.1875 0.4796875 0.015625 0.02109375
17 0.1390625 0.48046875 0.01640625 0.02109375
9 0.159375 0.49375 0.021875 0.02578125
17 0.18671875 0.4984375 0.01484375 0.0203125
4 0.04296875 0.496875 0.06015625 0.11796875
17 0.165625 0.5234375 0.0109375 0.03203125
9 0.5921875 0.59921875 0.29375 0.49609375
4 0.7515625 0.6265625 0.04921875 0.23125
7 0.184375 0.5359375 0.01875 0.05859375
4 0.39453125 0.5859375 0.11171875 0.0703125
4 0.91796875 0.6796875 0.153125 0.23515625
1 0.09140625 0.5390625 0.01015625 0.03203125
9 0.13125 0.5578125 0.05546875 0.09609375
1 0.1 0.553125 0.01015625 0.0375
9 0.20078125 0.5703125 0.0203125 0.0453125
17 0.46484375 0.053125 0.01953125 0.06015625
1 0.07578125 0.553125 0.01015625 0.03046875
1 0.215625 0.578125 0.01015625 0.0296875
1 0.225 0.57890625 0.009375 0.03203125
10 0.08671875 0.5625 0.015625 0.01796875
1 0.171875 0.58203125 0.01015625 0.0296875
1 0.1828125 0.58359375 0.01171875 0.03515625
4 0.38984375 0.65625 0.1109375 0.06875
1 0.13046875 0.6203125 0.015625 0.0203125
1 0.11328125 0.62265625 0.0109375 0.03203125
4 0.034375 0.6296875 0.06171875 0.11875
7 0.165625 0.6546875 0.0609375 0.1125
1 0.26171875 0.7 0.03359375 0.03671875
1 0.3234375 0.73828125 0.01953125 0.06796875
5 0.29375 0.7484375 0.0234375 0.07578125
19 0.284375 0.0390625 0.02890625 0.046875
17 0.215625 0.75078125 0.01015625 0.03046875
13 0.225 0.7515625 0.01015625 0.03203125
1 0.20625 0.74921875 0.009375 0.03046875
1 0.240625 0.7578125 0.009375 0.03046875
7 0.15859375 0.75078125 0.06015625 0.09609375
11 0.37734375 0.80546875 0.028125 0.071875
17 0.265625 0.78671875 0.01953125 0.07890625
4 0.396875 0.81015625 0.01640625 0.07109375
17 0.20390625 0.78515625 0.0109375 0.03203125
9 0.22734375 0.790625 0.02734375 0.03671875
5 0.11875 0.778125 0.02421875 0.07578125
4 0.52109375 0.8515625 0.0390625 0.08125
19 0.44296875 0.8484375 0.02890625 0.04609375
17 0.209375 0.81484375 0.015625 0.01953125
4 0.90703125 0.9109375 0.15703125 0.17578125
1 0.234375 0.82890625 0.0109375 0.03203125
4 0.053125 0.7984375 0.10625 0.18828125
1 0.36875 0.85546875 0.009375 0.03046875
10 0.3125 0.846875 0.06015625 0.10859375
1 0.3796875 0.8625 0.0109375 0.0375
4 0.15859375 0.8265625 0.03671875 0.08125
13 0.203125 0.8375 0.009375 0.03203125
17 0.21171875 0.83984375 0.009375 0.03046875
20 0.2609375 0.86875 0.040625 0.065625
13 0.20546875 0.8640625 0.015625 0.01953125
19 0.4390625 0.90703125 0.02890625 0.046875
19 0.40546875 0.90234375 0.0296875 0.04609375
13 0.6171875 0.9359375 0.16484375 0.1265625
18 0.52578125 0.93515625 0.02578125 0.08515625
19 0.16796875 0.921875 0.028125 0.0453125
19 0.1390625 0.91875 0.02890625 0.04453125
17 0.08125 0.91484375 0.01484375 0.0203125
12 0.0625 0.9125 0.015625 0.02109375
12 0.11953125 0.03125 0.01484375 0.01796875
4 0.93125 0.17578125 0.13671875 0.22734375
11 0.4453125 0.1 0.0140625 0.04296875
11 0.48359375 0.1078125 0.01640625 0.05390625
11 0.4703125 0.10546875 0.0140625 0.04765625
11 0.4578125 0.10390625 0.0140625 0.046875
1 0.52734375 0.11640625 0.01328125 0.0109375
18 0.06328125 0.04609375 0.0515625 0.0921875
11 0.359375 0.09296875 0.0203125 0.071875
4 0.40234375 0.1 0.075 0.059375
11 0.334375 0.08984375 0.0203125 0.071875
11 0.3078125 0.0859375 0.0203125 0.071875
11 0.32109375 0.0875 0.0203125 0.071875
11 0.34609375 0.09296875 0.0203125 0.071875
9 0.51015625 0.12265625 0.0109375 0.02265625
4 0.60234375 0.1421875 0.12109375 0.05625
17 0.11796875 0.06015625 0.01640625 0.0203125
4 0.1671875 0.08671875 0.0359375 0.0875
17 0.11640625 0.08828125 0.01640625 0.02109375
4 0.24140625 0.11484375 0.040625 0.12578125
12 0.1140625 0.1375 0.01640625 0.0203125
4 0.16328125 0.16328125 0.03671875 0.07890625
18 0.05625 0.15390625 0.05078125 0.09765625
17 0.1125 0.16640625 0.01640625 0.01796875
17 0.3453125 0.215625 0.0109375 0.03203125
17 0.35703125 0.21875 0.01015625 0.03046875
17 0.11015625 0.19609375 0.015625 0.0203125
4 0.23671875 0.2265625 0.0390625 0.1015625
4 0.159375 0.2375 0.0375 0.0796875
12 0.1078125 0.2484375 0.01640625 0.02109375
18 0.05 0.26640625 0.0515625 0.09921875
17 0.10625 0.2765625 0.015625 0.01953125
4 0.925 0.42109375 0.1484375 0.234375
19 0.65234375 0.0578125 0.02734375 0.04296875
19 0.6921875 0.06640625 0.028125 0.0421875
17 0.1046875 0.30625 0.015625 0.01953125
11 0.21484375 0.0140625 0.03828125 0.028125
0 0.2890625 0.0109375 0.0453125 0.021875
19 0.58125 0.04921875 0.0265625 0.04453125
19 0.24921875 0.34453125 0.028125 0.0421875
19 0.21953125 0.33984375 0.02890625 0.0453125
19 0.1578125 0.33046875 0.0296875 0.0453125
12 0.10078125 0.359375 0.01640625 0.0203125
4 0.40390625 0.4390625 0.11171875 0.071875
18 0.04375 0.37890625 0.0515625 0.09765625
17 0.1 0.3890625 0.015625 0.0203125
17 0.0984375 0.41953125 0.01640625 0.02109375
4 0.24609375 0.459375 0.04296875 0.1734375
17 0.18828125 0.459375 0.01484375 0.01953125
1 0.16796875 0.4609375 0.01015625 0.03203125