4 0.38046875 0.51875 0.121875 0.08125
4 0.4375 0.0171875 0.03984375 0.021875
17 0.14921875 0.5671875 0.0171875 0.0234375
17 0.09609375 0.5875 0.01796875 0.0234375
9 0.11953125 0.59296875 0.0234375 0.028125
17 0.15 0.5890625 0.01640625 0.021875
4 0.01484375 0.63671875 0.0265625 0.1234375
17 0.1296875 0.62421875 0.01171875 0.03515625
9 0.596875 0.54609375 0.32265625 0.5453125
4 0.77421875 0.51640625 0.0546875 0.25390625
7 0.153125 0.6359375 0.0203125 0.0640625
4 0.38671875 0.609375 0.1265625 0.071875
4 0.93671875 0.515625 0.125 0.25390625
1 0.05078125 0.66796875 0.0109375 0.03515625
9 0.0953125 0.67265625 0.0609375 0.10546875
9 0.17265625 0.6609375 0.021875 0.04921875
1 0.06171875 0.68125 0.01171875 0.04140625
17 0.4078125 0.025 0.0203125 0.02421875
1 0.03515625 0.68984375 0.01171875 0.03359375
1 0.1890625 0.6640625 0.01171875 0.0328125
1 0.2 0.66171875 0.01015625 0.03515625
10 0.0484375 0.69453125 0.0171875 0.0203125
1 0.1421875 0.684375 0.01171875 0.0328125
4 0.38515625 0.68359375 0.121875 0.07578125
1 0.1015625 0.74140625 0.0171875 0.021875
1 0.0828125 0.74921875 0.01171875 0.03515625
17 0.5015625 0.00625 0.01015625 0.0125
4 0.0203125 0.78359375 0.02421875 0.12421875
7 0.14296875 0.765625 0.0671875 0.1234375
1 0.2515625 0.77734375 0.0375 0.03984375
1 0.321875 0.79765625 0.021875 0.075
5 0.28984375 0.81875 0.025 0.08359375
17 0.20625 0.85 0.01171875 0.03359375
13 0.21640625 0.8484375 0.01171875 0.03515625
1 0.19609375 0.853125 0.01015625 0.03359375
1 0.234375 0.84921875 0.01015625 0.03359375
7 0.1453125 0.87109375 0.06640625 0.10546875
11 0.3859375 0.85 0.03125 0.07890625
17 0.2640625 0.87109375 0.021875 0.08671875
4 0.40859375 0.846875 0.01796875 0.078125
17 0.19609375 0.89296875 0.0125 0.03515625
9 0.22265625 0.8890625 0.0296875 0.03984375
5 0.10390625 0.91640625 0.0265625 0.08359375
4 0.546875 0.846875 0.04296875 0.08984375
19 0.46328125 0.8703125 0.03046875 0.05078125
17 0.20625 0.921875 0.0171875 0.02109375
4 0.94296875 0.8046875 0.1125 0.25859375
1 0.234375 0.928125 0.0125 0.03515625
4 0.05390625 0.93125 0.0796875 0.1359375
1 0.3828125 0.90703125 0.01015625 0.03359375
10 0.3203125 0.91796875 0.06640625 0.11953125
1 0.3953125 0.91015625 0.0125 0.04140625
4 0.15078125 0.9546875 0.0390625 0.090625
13 0.20078125 0.95 0.01015625 0.03515625
20 0.2671875 0.96171875 0.04453125 0.071875
13 0.20703125 0.9765625 0.0171875 0.02109375
19 0.42578125 0.94375 0.03203125 0.05078125
13 0.66015625 0.91015625 0.18125 0.15703125
19 0.4703125 0.94609375 0.03203125 0.05078125
18 0.559375 0.934375 0.028125 0.09375
12 0.03203125 0.1078125 0.01640625 0.0203125
4 0.9171875 0.04296875 0.1296875 0.08515625
11 0.39140625 0.06171875 0.01484375 0.04765625
11 0.4328125 0.05390625 0.01796875 0.059375
11 0.4046875 0.0609375 0.01484375 0.0515625
11 0.41875 0.0578125 0.01484375 0.0515625
1 0.48125 0.04765625 0.01484375 0.01171875
11 0.296875 0.08515625 0.021875 0.07890625
4 0.3453125 0.07734375 0.0828125 0.065625
11 0.26953125 0.09140625 0.021875 0.07890625
11 0.24140625 0.096875 0.021875 0.07890625
11 0.25546875 0.09453125 0.021875 0.07890625
11 0.2828125 0.0890625 0.021875 0.07890625
9 0.4625 0.0625 0.01171875 0.025
4 0.565625 0.04921875 0.1328125 0.0625
17 0.03359375 0.13984375 0.01796875 0.021875
4 0.0890625 0.15 0.0390625 0.09609375
17 0.034375 0.16953125 0.01796875 0.0234375
4 0.171875 0.15234375 0.04453125 0.13828125
12 0.0359375 0.225 0.01796875 0.021875
4 0.0921875 0.234375 0.03984375 0.08671875
18 0.00234375 0.2609375 0.0046875 0.103125
17 0.03671875 0.25703125 0.01796875 0.0203125
17 0.29453125 0.2234375 0.01171875 0.03515625
17 0.30703125 0.221875 0.01171875 0.03359375
17 0.0375 0.290625 0.0171875 0.021875
4 0.17734375 0.2765625 0.04296875 0.11171875
4 0.0953125 0.315625 0.04140625 0.0875
12 0.03984375 0.346875 0.01796875 0.0234375
18 0.0046875 0.384375 0.00859375 0.1046875
17 0.04140625 0.37890625 0.0171875 0.02109375
4 0.92734375 0.23203125 0.13359375 0.25078125
17 0.04296875 0.41171875 0.0171875 0.02109375
19 0.103125 0.41796875 0.0328125 0.04921875
12 0.04375 0.4703125 0.01796875 0.021875
4 0.3796875 0.44375 0.1234375 0.07890625
18 0.00625 0.509375 0.0125 0.103125
17 0.0453125 0.50234375 0.0171875 0.021875
1 0.1578125 0.5125 0.01328125 0.0390625
17 0.04609375 0.5359375 0.01796875 0.0234375
4 0.2109375 0.5234375 0.04765625 0.190625
17 0.14765625 0.5453125 0.01640625 0.02109375
1 0.1265625 0.5546875 0.01171875 0.03515625