4 0.4125 0.52421875 0.11171875 0.0609375
4 0.48203125 0.0375 0.03671875 0.07109375
17 0.1953125 0.54140625 0.01484375 0.01953125
17 0.14609375 0.553125 0.015625 0.01953125
9 0.1671875 0.56171875 0.02109375 0.0234375
17 0.1953125 0.56015625 0.01484375 0.01875
4 0.04921875 0.58828125 0.05859375 0.11328125
17 0.17578125 0.59140625 0.01015625 0.03046875
9 0.61328125 0.578125 0.2859375 0.47265625
4 0.77890625 0.57265625 0.04296875 0.23203125
7 0.196875 0.6046875 0.0171875 0.0578125
4 0.415625 0.61015625 0.1171875 0.0515625
4 0.93828125 0.59375 0.12265625 0.22265625
1 0.1 0.621875 0.009375 0.03125
9 0.1421875 0.63203125 0.05390625 0.09140625
9 0.2140625 0.63125 0.01953125 0.04453125
1 0.11015625 0.6359375 0.009375 0.0375
17 0.45390625 0.04765625 0.01796875 0.06015625
1 0.08515625 0.640625 0.009375 0.03046875
1 0.2296875 0.6359375 0.009375 0.0296875
1 0.23984375 0.63515625 0.00859375 0.03125
10 0.09765625 0.646875 0.015625 0.01640625
1 0.18515625 0.6484375 0.009375 0.0296875
4 0.41171875 0.6796875 0.1125 0.05625
1 0.1453125 0.69609375 0.015625 0.01875
1 0.12734375 0.70234375 0.01015625 0.03046875
17 0.5421875 0.05234375 0.00859375 0.03046875
4 0.04765625 0.7265625 0.059375 0.1140625
7 0.18359375 0.725 0.05859375 0.10703125
1 0.28359375 0.74921875 0.03359375 0.0328125
1 0.3484375 0.77734375 0.01796875 0.06796875
5 0.31796875 0.79296875 0.02109375 0.07578125
17 0.2390625 0.81171875 0.009375 0.03046875
13 0.2484375 0.8109375 0.009375 0.03125
1 0.22890625 0.8125 0.00859375 0.03046875
1 0.265625 0.81484375 0.00859375 0.03046875
7 0.18125 0.82265625 0.059375 0.090625
11 0.40703125 0.834375 0.0265625 0.07109375
17 0.2921875 0.8375 0.0171875 0.07890625
4 0.42734375 0.834375 0.0140625 0.07109375
17 0.22890625 0.85 0.0109375 0.03046875
9 0.253125 0.85 0.0265625 0.034375
5 0.1421875 0.859375 0.021875 0.07578125
4 0.55625 0.85078125 0.03671875 0.07890625
19 0.47734375 0.8625 0.0265625 0.04453125
17 0.23671875 0.878125 0.015625 0.01796875
4 0.9390625 0.86484375 0.12109375 0.22734375
1 0.2625 0.8875 0.0109375 0.03046875
4 0.06640625 0.896875 0.12109375 0.1765625
1 0.4015625 0.8859375 0.00859375 0.03046875
10 0.34296875 0.8890625 0.05859375 0.103125
1 0.41328125 0.89140625 0.0109375 0.03671875
4 0.18515625 0.9015625 0.034375 0.07890625
13 0.23125 0.90390625 0.00859375 0.03125
20 0.2921875 0.9234375 0.03984375 0.0609375
13 0.23515625 0.92890625 0.015625 0.01796875
19 0.440625 0.9265625 0.02890625 0.04296875
13 0.659375 0.92578125 0.16484375 0.12734375
19 0.48203125 0.934375 0.028125 0.04296875
18 0.565625 0.934375 0.0234375 0.084375
19 0.19921875 0.98671875 0.028125 0.02421875
19 0.1703125 0.98828125 0.0296875 0.021875
12 0.1015625 0.09765625 0.01484375 0.01640625
4 0.93359375 0.09140625 0.12578125 0.1828125
11 0.43828125 0.10078125 0.0125 0.0421875
11 0.4765625 0.09921875 0.01484375 0.053125
11 0.45078125 0.10078125 0.0125 0.04609375
11 0.46328125 0.10078125 0.0125 0.04609375
1 0.521875 0.1 0.01328125 0.00859375
11 0.34921875 0.1109375 0.01796875 0.071875
4 0.39453125 0.109375 0.07578125 0.0515625
11 0.3234375 0.1125 0.01796875 0.071875
18 0.04453125 0.121875 0.04921875 0.09609375
11 0.296875 0.11484375 0.01796875 0.071875
11 0.31015625 0.1140625 0.01796875 0.071875
11 0.3359375 0.1125 0.01796875 0.071875
9 0.50390625 0.11015625 0.01015625 0.021875
4 0.60078125 0.1109375 0.1234375 0.04140625
17 0.1015625 0.12734375 0.01640625 0.01875
4 0.153125 0.1453125 0.03359375 0.0859375
17 0.10234375 0.15625 0.015625 0.01953125
4 0.23125 0.15859375 0.03671875 0.12421875
12 0.1015625 0.2078125 0.01640625 0.01875
4 0.15390625 0.22421875 0.03515625 0.07578125
18 0.04375 0.2359375 0.04921875 0.09453125
17 0.1015625 0.2375 0.01640625 0.01640625
17 0.3421875 0.2390625 0.01015625 0.03046875
17 0.35390625 0.23984375 0.009375 0.03046875
17 0.10078125 0.26953125 0.015625 0.01875
4 0.23125 0.2734375 0.03671875 0.09921875
4 0.15390625 0.3 0.0359375 0.0765625
12 0.10078125 0.321875 0.015625 0.01953125
18 0.04375 0.353125 0.05 0.0953125
17 0.1015625 0.3515625 0.015625 0.01796875
4 0.93515625 0.32734375 0.12734375 0.21953125
19 0.646875 0.01796875 0.028125 0.03515625
19 0.6875 0.01640625 0.028125 0.0328125
17 0.1015625 0.38203125 0.015625 0.01796875
0 0.27265625 0.02890625 0.04453125 0.0421875
11 0.19609375 0.040625 0.0359375 0.06171875
19 0.57265625 0.0203125 0.0265625 0.040625
19 0.1578125 0.39609375 0.0296875 0.0421875
12 0.10078125 0.4375 0.01640625 0.01875
4 0.4140625 0.4546875 0.11328125 0.059375
18 0.04375 0.46875 0.05 0.09453125
17 0.10078125 0.46796875 0.015625 0.01875
1 0.20546875 0.490625 0.0109375 0.034375
17 0.10078125 0.49765625 0.01640625 0.01953125
4 0.25390625 0.5078125 0.03828125 0.1734375
17 0.19453125 0.5203125 0.01484375 0.01875
1 0.175 0.5265625 0.009375 0.03125