4 0.40078125 0.5234375 0.1109375 0.0640625
4 0.48203125 0.05078125 0.03671875 0.07109375
17 0.1875 0.5171875 0.015625 0.01953125
17 0.13828125 0.52421875 0.015625 0.01953125
9 0.15859375 0.53515625 0.02109375 0.0234375
17 0.18671875 0.5375 0.015625 0.01875
4 0.04140625 0.55 0.05859375 0.11328125
17 0.16640625 0.56484375 0.01015625 0.03125
9 0.59609375 0.59609375 0.28515625 0.47421875
4 0.759375 0.6078125 0.04453125 0.23046875
7 0.18671875 0.58125 0.0171875 0.05703125
4 0.4015625 0.6078125 0.11640625 0.05390625
4 0.9265625 0.64375 0.1453125 0.22421875
1 0.09140625 0.5875 0.00859375 0.03203125
9 0.13203125 0.60234375 0.05390625 0.0921875
9 0.203125 0.6078125 0.01953125 0.04375
1 0.10078125 0.60234375 0.009375 0.0375
17 0.4546875 0.05859375 0.01796875 0.059375
1 0.07578125 0.60390625 0.009375 0.03125
1 0.21796875 0.6140625 0.009375 0.0296875
1 0.228125 0.61484375 0.00859375 0.03203125
10 0.08828125 0.61171875 0.015625 0.01640625
1 0.17421875 0.62265625 0.009375 0.0296875
4 0.39609375 0.67578125 0.1109375 0.059375
1 0.13359375 0.66484375 0.015625 0.01875
1 0.11640625 0.66875 0.01015625 0.03125
17 0.540625 0.07265625 0.00859375 0.03125
4 0.03671875 0.68515625 0.059375 0.1140625
7 0.16953125 0.696875 0.059375 0.1078125
1 0.26796875 0.73125 0.03359375 0.0328125
1 0.33125 0.76484375 0.01796875 0.0671875
5 0.30078125 0.77734375 0.021875 0.075
17 0.22265625 0.7875 0.009375 0.03125
13 0.23203125 0.78828125 0.009375 0.03203125
1 0.21328125 0.7875 0.00859375 0.03125
1 0.2484375 0.79375 0.00859375 0.03125
7 0.165625 0.79375 0.059375 0.09140625
11 0.38671875 0.82734375 0.0265625 0.07109375
17 0.27421875 0.81953125 0.01796875 0.07734375
4 0.4078125 0.82890625 0.0140625 0.07109375
17 0.21171875 0.825 0.01015625 0.03125
9 0.2359375 0.82734375 0.0265625 0.03515625
5 0.12578125 0.82578125 0.02265625 0.075
4 0.53359375 0.8578125 0.0375 0.078125
19 0.45546875 0.86171875 0.0265625 0.04453125
17 0.21875 0.85390625 0.015625 0.0171875
4 0.92109375 0.89765625 0.14609375 0.20234375
1 0.24375 0.8640625 0.01015625 0.03125
4 0.05625 0.85390625 0.11171875 0.17890625
1 0.38046875 0.878125 0.00859375 0.03125
10 0.32265625 0.87578125 0.05859375 0.10390625
1 0.39140625 0.88359375 0.01015625 0.03671875
4 0.1671875 0.871875 0.034375 0.078125
13 0.2125 0.87734375 0.00859375 0.03203125
20 0.271875 0.90234375 0.03984375 0.06171875
13 0.215625 0.90390625 0.015625 0.0171875
19 0.41796875 0.92109375 0.028125 0.04375
13 0.6328125 0.93828125 0.1640625 0.121875
19 0.45859375 0.9328125 0.028125 0.04375
18 0.53984375 0.94140625 0.0234375 0.084375
19 0.1796875 0.9609375 0.02734375 0.03515625
19 0.15078125 0.96015625 0.02890625 0.0328125
17 0.0921875 0.96484375 0.015625 0.01328125
12 0.0734375 0.9640625 0.015625 0.01328125
12 0.10703125 0.0734375 0.015625 0.01640625
4 0.93046875 0.134375 0.1375 0.2171875
11 0.4375 0.109375 0.0125 0.04296875
11 0.47578125 0.11171875 0.015625 0.053125
11 0.44921875 0.11015625 0.01328125 0.046875
11 0.46171875 0.11171875 0.01328125 0.046875
1 0.51953125 0.11640625 0.01328125 0.009375
11 0.35 0.11015625 0.01796875 0.07109375
4 0.39375 0.11328125 0.075 0.05234375
11 0.32421875 0.109375 0.01796875 0.07109375
18 0.05 0.090625 0.04921875 0.09609375
11 0.2984375 0.1078125 0.01796875 0.07109375
11 0.3109375 0.109375 0.01796875 0.07109375
11 0.33671875 0.1109375 0.01796875 0.07109375
9 0.5015625 0.12578125 0.01015625 0.02265625
4 0.59609375 0.1359375 0.121875 0.04453125
17 0.10625 0.10234375 0.01640625 0.01875
4 0.15625 0.12421875 0.034375 0.08515625
17 0.10546875 0.1296875 0.015625 0.01953125
4 0.23203125 0.14453125 0.0375 0.1234375
12 0.103125 0.18046875 0.01640625 0.01875
4 0.1546875 0.2015625 0.03515625 0.07578125
18 0.04609375 0.203125 0.04921875 0.09375
17 0.103125 0.21015625 0.01640625 0.01640625
17 0.3390625 0.23515625 0.01015625 0.03125
17 0.35078125 0.2375 0.009375 0.03125
17 0.1015625 0.240625 0.015625 0.01875
4 0.2296875 0.2578125 0.03671875 0.09921875
4 0.15234375 0.2765625 0.03671875 0.0765625
12 0.1 0.29296875 0.015625 0.01953125
18 0.04296875 0.3171875 0.04921875 0.0953125
17 0.1 0.321875 0.015625 0.0171875
4 0.928125 0.3828125 0.14296875 0.22265625
19 0.64453125 0.0453125 0.0265625 0.04140625
19 0.684375 0.04765625 0.02734375 0.03984375
17 0.0984375 0.3515625 0.015625 0.0171875
0 0.2765625 0.02109375 0.04375 0.0421875
11 0.20078125 0.02890625 0.03671875 0.05703125
19 0.57265625 0.04296875 0.02578125 0.04296875
19 0.15390625 0.37109375 0.02890625 0.04296875
12 0.09609375 0.40546875 0.0171875 0.01875
4 0.40390625 0.4546875 0.11171875 0.06171875
18 0.03984375 0.43046875 0.04921875 0.09375
17 0.09609375 0.4359375 0.015625 0.01875
1 0.19765625 0.46875 0.0109375 0.03515625
17 0.0953125 0.46640625 0.01640625 0.01953125
4 0.24609375 0.490625 0.0390625 0.171875
17 0.18671875 0.49765625 0.01484375 0.01875
1 0.1671875 0.50078125 0.009375 0.03203125