4 0.39375 0.48125 0.115625 0.1046875
4 0.52265625 0.040625 0.04375 0.08125
17 0.1796875 0.39453125 0.0171875 0.025
17 0.1296875 0.38203125 0.0171875 0.025
9 0.15 0.40078125 0.0234375 0.03203125
17 0.17734375 0.4140625 0.01640625 0.0234375
4 0.0328125 0.37109375 0.065625 0.1359375
17 0.15390625 0.43359375 0.0125 0.03359375
9 0.584375 0.6296875 0.32890625 0.578125
4 0.7453125 0.70234375 0.0671875 0.24453125
7 0.17265625 0.4515625 0.02265625 0.06328125
4 0.38359375 0.5609375 0.115625 0.10234375
4 0.90625 0.8015625 0.1609375 0.27421875
1 0.07734375 0.428125 0.0125 0.034375
9 0.11640625 0.45859375 0.0625 0.1109375
1 0.08515625 0.4453125 0.01328125 0.040625
9 0.18671875 0.490625 0.0234375 0.05078125
17 0.49375 0.03671875 0.02421875 0.065625
1 0.06015625 0.4375 0.0125 0.03359375
1 0.2015625 0.50234375 0.0125 0.0328125
1 0.21171875 0.5078125 0.01171875 0.034375
10 0.07109375 0.45078125 0.0171875 0.02265625
1 0.15625 0.49453125 0.0125 0.0328125
1 0.16796875 0.49921875 0.0140625 0.03828125
4 0.3734375 0.63203125 0.115625 0.10078125
1 0.11171875 0.52265625 0.0171875 0.025
1 0.09375 0.51875 0.0125 0.03359375
4 0.02421875 0.50625 0.0484375 0.13671875
7 0.14453125 0.5671875 0.06875 0.12890625
1 0.23984375 0.63984375 0.03671875 0.0453125
1 0.29921875 0.696875 0.02421875 0.0734375
5 0.26796875 0.6984375 0.02890625 0.08203125
17 0.1890625 0.67890625 0.0125 0.03359375
13 0.1984375 0.6828125 0.0125 0.034375
1 0.17890625 0.675 0.01171875 0.03359375
1 0.2140625 0.69375 0.01171875 0.03359375
7 0.13125 0.66328125 0.0671875 0.1125
11 0.34921875 0.78046875 0.03359375 0.08046875
17 0.2375 0.73046875 0.025 0.0828125
4 0.36953125 0.79140625 0.021875 0.075
17 0.1734375 0.71171875 0.01328125 0.034375
9 0.19765625 0.7234375 0.0296875 0.04453125
5 0.08828125 0.68046875 0.0296875 0.0828125
4 0.49296875 0.86796875 0.04453125 0.0921875
19 0.41328125 0.84375 0.03203125 0.053125
17 0.178125 0.74375 0.0171875 0.0234375
4 0.87421875 0.96328125 0.16171875 0.07109375
1 0.20234375 0.7640625 0.01328125 0.034375
4 0.03984375 0.684375 0.0796875 0.2171875
1 0.3375 0.8296875 0.01171875 0.03359375
10 0.28046875 0.80390625 0.06796875 0.125
1 0.3484375 0.8390625 0.0140625 0.040625
4 0.125 0.74140625 0.0421875 0.09140625
13 0.16953125 0.76484375 0.01171875 0.034375
17 0.178125 0.76953125 0.01171875 0.03359375
20 0.2265625 0.8125 0.0453125 0.0765625
13 0.1703125 0.7921875 0.0171875 0.0234375
19 0.40625 0.9015625 0.03203125 0.0546875
19 0.37109375 0.8875 0.03203125 0.053125
13 0.584375 0.946875 0.175 0.1046875
18 0.4921875 0.953125 0.03203125 0.09140625
19 0.128125 0.83203125 0.0296875 0.03671875
19 0.09921875 0.8203125 0.03125 0.034375
17 0.040625 0.80234375 0.015625 0.0109375
12 0.021875 0.79453125 0.015625 0.0109375
4 0.9421875 0.29921875 0.11484375 0.2578125
11 0.47109375 0.0796875 0.01640625 0.046875
11 0.509375 0.096875 0.0203125 0.05859375
11 0.49609375 0.0921875 0.0171875 0.0515625
11 0.48359375 0.08671875 0.0171875 0.05078125
1 0.553125 0.11953125 0.0140625 0.01484375
11 0.38359375 0.04765625 0.025 0.07734375
4 0.42734375 0.0671875 0.07890625 0.08046875
11 0.35859375 0.03828125 0.02578125 0.0765625
11 0.33203125 0.0328125 0.02578125 0.065625
11 0.34453125 0.0359375 0.02578125 0.07109375
11 0.3703125 0.04375 0.025 0.07734375
9 0.53515625 0.12109375 0.0125 0.02578125
4 0.628125 0.1671875 0.125 0.09140625
4 0.18671875 0.01796875 0.0421875 0.0359375
4 0.26171875 0.053125 0.05 0.10625
12 0.1296875 0.02421875 0.01796875 0.025
4 0.17890625 0.06484375 0.0421875 0.08828125
18 0.0703125 0.040625 0.05859375 0.08125
17 0.12578125 0.053125 0.01796875 0.02265625
17 0.36015625 0.16953125 0.0125 0.03359375
17 0.371875 0.175 0.0125 0.03359375
17 0.121875 0.08359375 0.0171875 0.025
4 0.2484375 0.15 0.046875 0.11171875
4 0.16875 0.1390625 0.04375 0.08984375
12 0.115625 0.13515625 0.0171875 0.025
18 0.05546875 0.1375 0.05859375 0.1125
17 0.11171875 0.1640625 0.0171875 0.0234375
4 0.92734375 0.54140625 0.14453125 0.27421875
19 0.68515625 0.09375 0.03125 0.0515625
19 0.725 0.1125 0.03125 0.04921875
17 0.1078125 0.19375 0.0171875 0.0234375
19 0.61328125 0.0640625 0.0296875 0.0515625
19 0.253125 0.27421875 0.03125 0.04921875
19 0.22265625 0.26171875 0.03203125 0.053125
19 0.1609375 0.234375 0.03359375 0.053125
12 0.1 0.24765625 0.01796875 0.025
4 0.403125 0.4140625 0.1171875 0.10390625
18 0.04140625 0.25234375 0.05859375 0.1125
17 0.096875 0.27734375 0.0171875 0.025
17 0.09375 0.3078125 0.01796875 0.02578125
4 0.24140625 0.38984375 0.05546875 0.18515625
17 0.18203125 0.37421875 0.01640625 0.0234375
1 0.16171875 0.36953125 0.0125 0.034375