20 0.6828125 0.2328125 0.01484375 0.01796875
12 0.090625 0.34296875 0.0140625 0.0125
4 0.12578125 0.3359375 0.07734375 0.26875
4 0.16171875 0.33125 0.0125 0.01875
12 0.0921875 0.3546875 0.0140625 0.01171875
17 0.6890625 0.24765625 0.00625 0.0125
4 0.1625 0.346875 0.0125 0.01953125
12 0.68125 0.25390625 0.00703125 0.01953125
1 0.1890625 0.3453125 0.009375 0.00859375
1 0.20546875 0.34296875 0.00859375 0.00859375
4 0.36171875 0.3140625 0.01171875 0.028125
7 0.5265625 0.284375 0.0296875 0.0328125
7 0.2546875 0.33671875 0.02421875 0.02890625
12 0.09296875 0.36796875 0.0140625 0.0125
4 0.70078125 0.25703125 0.01484375 0.06875
7 0.76484375 0.25234375 0.0375 0.059375
7 0.2125 0.35625 0.02421875 0.021875
12 0.09375 0.38125 0.0140625 0.01171875
17 0.21171875 0.3609375 0.00546875 0.0125
17 0.215625 0.36015625 0.0046875 0.01328125
17 0.22109375 0.359375 0.00625 0.01328125
1 0.56640625 0.29609375 0.00546875 0.0125
18 0.65625 0.28125 0.0484375 0.065625
18 0.60390625 0.29140625 0.0640625 0.06875
4 0.73203125 0.27421875 0.04609375 0.13984375
4 0.42265625 0.33203125 0.0296875 0.04453125
4 0.46171875 0.325 0.0296875 0.04453125
3 0.3859375 0.34453125 0.04921875 0.07421875
4 0.50078125 0.32421875 0.0296875 0.04453125
4 0.540625 0.31796875 0.0296875 0.04453125
1 0.18828125 0.38828125 0.00703125 0.0140625
9 0.221875 0.3828125 0.00859375 0.0234375
11 0.5640625 0.3234375 0.0125 0.0296875
1 0.22890625 0.38671875 0.00546875 0.0125
16 0.25859375 0.38671875 0.0078125 0.009375
16 0.2703125 0.384375 0.0078125 0.01015625
16 0.28203125 0.3828125 0.0078125 0.0109375
17 0.2171875 0.39921875 0.00859375 0.0078125
17 0.2078125 0.4015625 0.00703125 0.0078125
1 0.190625 0.409375 0.00625 0.01171875
17 0.2078125 0.40859375 0.00859375 0.00859375
16 0.33515625 0.3859375 0.00703125 0.01328125
4 0.890625 0.284375 0.12578125 0.28984375
12 0.771875 0.30703125 0.0078125 0.0203125
4 0.565625 0.34609375 0.01015625 0.0171875
1 0.509375 0.35625 0.0140625 0.01328125
1 0.39375 0.3796875 0.01171875 0.00859375
1 0.60703125 0.34296875 0.00546875 0.0140625
0 0.79609375 0.31015625 0.040625 0.0375
11 0.17265625 0.4265625 0.025 0.021875
7 0.55078125 0.35859375 0.0234375 0.021875
1 0.23203125 0.4171875 0.00859375 0.009375
17 0.76484375 0.3203125 0.00625 0.0125
1 0.2046875 0.4234375 0.0078125 0.0078125
1 0.53125 0.365625 0.009375 0.021875
16 0.33671875 0.403125 0.00625 0.0125
12 0.7734375 0.33359375 0.00625 0.01953125
4 0.828125 0.325 0.021875 0.03125
16 0.33828125 0.42109375 0.00703125 0.01171875
1 0.19296875 0.4484375 0.00546875 0.0125
1 0.19765625 0.44765625 0.00625 0.01328125
1 0.38125 0.41640625 0.0140625 0.01328125
1 0.6328125 0.37421875 0.00625 0.0125
1 0.5796875 0.384375 0.00546875 0.01171875
7 0.71796875 0.3609375 0.0296875 0.0234375
0 0.7984375 0.34921875 0.03984375 0.03828125
0 0.75078125 0.35859375 0.04140625 0.0390625
1 0.67890625 0.37421875 0.00546875 0.01328125
1 0.59296875 0.38984375 0.00546875 0.01171875
4 0.65 0.38046875 0.0125 0.03046875
16 0.3390625 0.4375 0.00703125 0.01171875
9 0.6078125 0.3890625 0.0265625 0.03046875
17 0.62265625 0.38671875 0.00546875 0.0125
17 0.23671875 0.45859375 0.00625 0.01171875
1 0.58046875 0.3953125 0.00546875 0.01171875
3 0.19765625 0.46953125 0.05625 0.0390625
1 0.6921875 0.38046875 0.0078125 0.0171875
4 0.06328125 0.4984375 0.04140625 0.06484375
1 0.38359375 0.44765625 0.01484375 0.01328125
16 0.340625 0.45546875 0.00625 0.01328125
17 0.09609375 0.5078125 0.0046875 0.01171875
17 0.625 0.41171875 0.00546875 0.0125
9 0.75 0.39453125 0.0140625 0.021875
16 0.34296875 0.47421875 0.00703125 0.0125
4 0.12890625 0.5125 0.03203125 0.04453125
4 0.6546875 0.415625 0.0234375 0.0328125
7 0.81953125 0.38671875 0.03671875 0.05234375
12 0.09375 0.525 0.01328125 0.01953125
4 0.72578125 0.41640625 0.0140625 0.03125
11 0.1921875 0.51640625 0.021875 0.01953125
17 0.09921875 0.53828125 0.00546875 0.0125
4 0.209375 0.52265625 0.0140625 0.03203125
17 0.6765625 0.4375 0.0046875 0.0140625
1 0.73984375 0.428125 0.01171875 0.0265625
17 0.68046875 0.4390625 0.0046875 0.0125
1 0.690625 0.4375 0.00546875 0.0125
17 0.65546875 0.4453125 0.0046875 0.0125
17 0.659375 0.44375 0.0046875 0.01328125
1 0.66875 0.4421875 0.0046875 0.0125
17 0.6734375 0.4421875 0.0046875 0.01171875
17 0.66484375 0.44296875 0.00625 0.01328125
11 0.19296875 0.53203125 0.0234375 0.01953125
5 0.6984375 0.4390625 0.01796875 0.01171875
9 0.5734375 0.4640625 0.03046875 0.040625
4 0.0671875 0.55859375 0.04296875 0.0640625
7 0.82265625 0.4234375 0.03515625 0.03203125
9 0.4671875 0.49140625 0.15390625 0.23125
4 0.19609375 0.54765625 0.021875 0.01796875
9 0.7546875 0.4453125 0.0140625 0.02109375
4 0.6140625 0.4734375 0.0296875 0.05625
11 0.6453125 0.46796875 0.0109375 0.03046875
17 0.11015625 0.56640625 0.00859375 0.0078125
1 0.17578125 0.55546875 0.0078125 0.0078125
1 0.184375 0.5546875 0.0078125 0.00859375
1 0.78203125 0.4484375 0.01875 0.01796875
17 0.1109375 0.57421875 0.00859375 0.0078125
1 0.5484375 0.49375 0.0140625 0.0125
4 0.13359375 0.57109375 0.03203125 0.04453125
1 0.38984375 0.52578125 0.01484375 0.0140625
17 0.1109375 0.5796875 0.00859375 0.0078125
9 0.228125 0.56171875 0.0296875 0.02109375
17 0.54609375 0.50390625 0.0078125 0.00703125
3 0.18203125 0.5703125 0.05390625 0.034375
17 0.11171875 0.5875 0.00859375 0.0078125
9 0.5765625 0.50234375 0.0296875 0.03984375
17 0.54609375 0.5109375 0.00703125 0.00625
9 0.68046875 0.4890625 0.0578125 0.084375
17 0.1125 0.59375 0.00859375 0.0078125
1 0.7328125 0.48046875 0.00859375 0.00859375
7 0.853125 0.4609375 0.03671875 0.05390625
4 0.503125 0.5265625 0.0640625 0.12734375
17 0.11328125 0.60078125 0.00859375 0.0078125
12 0.06796875 0.609375 0.0640625 0.05546875
9 0.89453125 0.45703125 0.021875 0.03828125
4 0.76015625 0.48515625 0.021875 0.01953125
1 0.1625 0.5953125 0.00859375 0.01328125
4 0.64296875 0.509375 0.021875 0.05390625
8 0.11484375 0.6078125 0.0109375 0.009375
1 0.725 0.49609375 0.00625 0.01171875
1 0.3921875 0.55859375 0.01484375 0.0140625
9 0.93046875 0.465625 0.05234375 0.0828125
20 0.61875 0.52421875 0.0265625 0.04765625
1 0.87890625 0.47734375 0.0125 0.0265625
17 0.76484375 0.49921875 0.00546875 0.0125
1 0.39296875 0.5703125 0.0140625 0.0140625
1 0.88984375 0.4828125 0.009375 0.00859375
1 0.82578125 0.496875 0.0125 0.0265625
9 0.58125 0.54296875 0.0296875 0.0390625
16 0.3515625 0.58984375 0.00625 0.0125
1 0.39375 0.58359375 0.01484375 0.01484375
16 0.13984375 0.6359375 0.01484375 0.02109375
4 0.7453125 0.52890625 0.03515625 0.01796875
7 0.76953125 0.525 0.01484375 0.034375
1 0.8828125 0.50625 0.0125 0.0265625
7 0.85546875 0.51484375 0.0234375 0.05390625
9 0.89921875 0.50859375 0.01953125 0.0359375
16 0.35234375 0.609375 0.00625 0.01171875
1 0.6875 0.5515625 0.01640625 0.034375
1 0.67109375 0.55546875 0.015625 0.0328125
9 0.2078125 0.6421875 0.0921875 0.10859375
16 0.14140625 0.65859375 0.0140625 0.021875
1 0.928125 0.5140625 0.01953125 0.01796875
1 0.94609375 0.5125 0.01640625 0.01953125
1 0.40703125 0.61328125 0.00625 0.0125
1 0.4109375 0.6125 0.0046875 0.0125
1 0.50078125 0.596875 0.0140625 0.0125
9 0.8234375 0.53828125 0.0140625 0.02109375
1 0.8140625 0.540625 0.01015625 0.0078125
4 0.753125 0.5515625 0.03515625 0.04375
4 0.08984375 0.675 0.09375 0.10234375
9 0.79296875 0.54609375 0.01484375 0.02109375
16 0.3546875 0.62734375 0.00625 0.01328125
9 0.653125 0.57578125 0.02734375 0.0296875
1 0.6171875 0.58359375 0.0140625 0.01328125
7 0.57578125 0.59921875 0.02109375 0.05
1 0.81171875 0.55859375 0.01796875 0.01953125
1 0.59375 0.6 0.00546875 0.01171875
11 0.959375 0.5328125 0.0125 0.03125
1 0.61875 0.59609375 0.0140625 0.01328125
1 0.47890625 0.621875 0.00859375 0.02109375
16 0.35546875 0.6453125 0.00625 0.01171875
1 0.67109375 0.5875 0.00546875 0.01171875
1 0.67578125 0.5859375 0.00546875 0.01171875
4 0.734375 0.57578125 0.01171875 0.05703125
4 0.7140625 0.5828125 0.04140625 0.11171875
1 0.56484375 0.6125 0.00859375 0.009375
9 0.14921875 0.6890625 0.028125 0.05
4 0.45 0.6375 0.028125 0.04375
4 0.41015625 0.64453125 0.02890625 0.04453125
1 0.61953125 0.60859375 0.0140625 0.0125
13 0.646875 0.60546875 0.00703125 0.01640625
4 0.7515625 0.58671875 0.0234375 0.03203125
1 0.67578125 0.6015625 0.0109375 0.01015625
7 0.77265625 0.58359375 0.0140625 0.03515625
4 0.69296875 0.5984375 0.0125 0.03203125
7 0.8625 0.56875 0.0375 0.06015625
9 0.903125 0.56171875 0.0203125 0.03515625
16 0.35703125 0.66328125 0.00625 0.01171875
1 0.6203125 0.6203125 0.0140625 0.0125
16 0.35859375 0.67734375 0.00703125 0.01171875
7 0.82265625 0.59375 0.02109375 0.05234375
17 0.109375 0.72734375 0.00625 0.0125
1 0.8890625 0.58359375 0.01328125 0.02734375
9 0.94140625 0.5734375 0.05078125 0.0828125
7 0.79921875 0.6015625 0.03515625 0.05234375
9 0.16875 0.71796875 0.01484375 0.01875
9 0.8703125 0.58984375 0.034375 0.0625
1 0.9 0.58984375 0.01015625 0.0078125
9 0.21796875 0.72890625 0.05234375 0.0640625
17 0.29140625 0.72109375 0.01484375 0.01328125
1 0.8921875 0.61484375 0.01328125 0.02890625
9 0.9078125 0.61328125 0.021875 0.03671875
7 0.86484375 0.621875 0.021875 0.0515625
7 0.84296875 0.6265625 0.021875 0.05234375
13 0.1734375 0.74921875 0.01015625 0.02109375
1 0.28515625 0.7328125 0.00703125 0.00703125
1 0.30078125 0.73046875 0.00859375 0.00859375
0 0.76484375 0.64765625 0.0421875 0.03984375
9 0.25625 0.74609375 0.01171875 0.02109375
1 0.9359375 0.621875 0.01796875 0.01953125
4 0.27265625 0.74453125 0.0203125 0.02734375
12 0.78984375 0.64921875 0.0078125 0.0203125
13 0.8140625 0.64609375 0.03203125 0.03984375
1 0.9546875 0.61953125 0.01875 0.01875
17 0.17578125 0.7640625 0.00859375 0.0078125
8 0.178125 0.77109375 0.0109375 0.01015625
1 0.16953125 0.7828125 0.00859375 0.021875
8 0.1140625 0.79296875 0.0078125 0.01796875
11 0.27265625 0.765625 0.02578125 0.021875
4 0.33046875 0.76171875 0.02890625 0.0453125
4 0.3703125 0.7546875 0.0296875 0.04609375
1 0.8703125 0.6625 0.0171875 0.01796875
4 0.41015625 0.7484375 0.025 0.09921875
9 0.89765625 0.6671875 0.01484375 0.02265625
0 0.721875 0.70078125 0.03671875 0.03828125
0 0.76875 0.69375 0.040625 0.03671875
0 0.8171875 0.68515625 0.0421875 0.040625
7 0.93515625 0.66796875 0.03515625 0.0328125
12 0.74453125 0.70390625 0.00859375 0.0203125
4 0.07578125 0.828125 0.10546875 0.221875
12 0.79375 0.6953125 0.00859375 0.0203125
3 0.296875 0.7875 0.028125 0.0875
12 0.8421875 0.68828125 0.00703125 0.01953125
9 0.22421875 0.8078125 0.08125 0.0859375
1 0.91171875 0.68515625 0.0125 0.028125
1 0.17578125 0.8203125 0.00859375 0.00859375
1 0.9046875 0.69140625 0.00546875 0.015625
13 0.821875 0.725 0.0328125 0.03828125
7 0.73125 0.74296875 0.03515625 0.03203125
7 0.940625 0.7046875 0.040625 0.0515625
9 0.903125 0.7140625 0.0140625 0.02265625
8 0.1203125 0.859375 0.0109375 0.009375
0 0.7734375 0.73984375 0.04140625 0.03984375
12 0.79765625 0.7421875 0.0078125 0.0203125
13 0.3265625 0.89609375 0.18046875 0.0625
7 0.175 0.2234375 0.02890625 0.02421875
4 0.8421875 0.1109375 0.0421875 0.05859375
12 0.90625 0.09921875 0.0109375 0.0296875
12 0.89296875 0.10234375 0.01328125 0.01015625
11 0.16796875 0.2453125 0.0234375 0.02421875
4 0.184375 0.24296875 0.01171875 0.01796875
4 0.309375 0.2234375 0.24140625 0.1234375
12 0.89453125 0.115625 0.0125 0.0109375
4 0.55 0.1796875 0.23828125 0.121875
4 0.6875 0.15859375 0.03359375 0.11796875
17 0.91015625 0.11875 0.00859375 0.00859375
18 0.85 0.13125 0.0609375 0.13671875
4 0.909375 0.13046875 0.01171875 0.01796875
11 0.92109375 0.13046875 0.0140625 0.0328125
12 0.83046875 0.1484375 0.0125 0.0109375
12 0.08671875 0.28984375 0.0140625 0.0125
11 0.7078125 0.18046875 0.0109375 0.03203125
12 0.0875 0.303125 0.0140625 0.01171875
11 0.184375 0.29453125 0.01640625 0.03125
12 0.08828125 0.31640625 0.01484375 0.0140625
4 0.16015625 0.315625 0.0125 0.01796875
12 0.08984375 0.32890625 0.0140625 0.01171875
4 0.18828125 0.31640625 0.01171875 0.01640625
4 0.171875 0.3203125 0.021875 0.10859375