9 0.68203125 0.24921875 0.1875 0.20234375
9 0.3265625 0.31875 0.23359375 0.184375
1 0.14609375 0.3828125 0.06328125 0.0390625
17 0.5078125 0.3484375 0.03671875 0.06875
1 0.5421875 0.34375 0.03828125 0.07109375
1 0.9 0.2859375 0.034375 0.06640625
14 0.07734375 0.5171875 0.1546875 0.86875
17 0.30234375 0.4875 0.06484375 0.04296875
17 0.30703125 0.52578125 0.0640625 0.04296875
17 0.30703125 0.52578125 0.06640625 0.0421875
3 0.190625 0.54921875 0.13046875 0.15078125
1 0.3484375 0.61171875 0.0484375 0.08515625
9 0.88828125 0.53203125 0.11875 0.18125
9 0.55234375 0.60078125 0.37890625 0.40859375
1 0.2953125 0.77109375 0.046875 0.0859375
1 0.97109375 0.73671875 0.05625 0.04140625
1 0.82265625 0.7671875 0.0453125 0.08515625
1 0.78125 0.775 0.046875 0.0859375
1 0.85859375 0.76328125 0.03984375 0.071875
9 0.90546875 0.77578125 0.0546875 0.053125
1 0.67578125 0.82578125 0.03828125 0.06875
1 0.70859375 0.81953125 0.03984375 0.06953125
1 0.73984375 0.81484375 0.03671875 0.06953125
1 0.971875 0.77734375 0.05546875 0.053125
4 0.66328125 0.04296875 0.2109375 0.08515625
14 0.590625 0.89921875 0.8171875 0.2
9 0.4484375 0.040625 0.084375 0.0734375
10 0.3546875 0.0609375 0.08828125 0.09375
17 0.5140625 0.0328125 0.0421875 0.065625
1 0.29453125 0.07265625 0.04921875 0.08515625
11 0.14453125 0.10546875 0.11875 0.09296875
4 0.22109375 0.09609375 0.05703125 0.06953125
1 0.79375 0.0296875 0.04140625 0.059375
17 0.5078125 0.09375 0.06484375 0.0421875
17 0.35390625 0.1515625 0.06640625 0.03984375
17 0.41875 0.14140625 0.06484375 0.04375
17 0.51171875 0.125 0.06328125 0.04296875
4 0.87578125 0.1171875 0.08671875 0.234375
9 0.52421875 0.21484375 0.1125 0.146875
3 0.8140625 0.19921875 0.12578125 0.2828125