9 0.665625 0.33671875 0.1453125 0.1578125
9 0.33984375 0.3390625 0.19140625 0.1328125
2 0.17109375 0.365625 0.05390625 0.02578125
16 0.496875 0.39609375 0.02421875 0.05859375
2 0.52734375 0.396875 0.02578125 0.06015625
2 0.85234375 0.40546875 0.02265625 0.05703125
14 0.06171875 0.4484375 0.0703125 0.81640625
14 0.93828125 0.45625 0.06015625 0.81640625
16 0.29375 0.484375 0.0546875 0.0296875
16 0.2921875 0.51875 0.05390625 0.0296875
16 0.2921875 0.51953125 0.05625 0.028125
3 0.1859375 0.5203125 0.1 0.11953125
2 0.3171875 0.6015625 0.03203125 0.071875
9 0.80625 0.62109375 0.084375 0.15
9 0.4984375 0.6265625 0.29375 0.31796875
2 0.24609375 0.734375 0.03125 0.07265625
2 0.85390625 0.8171875 0.05390625 0.02734375
2 0.7140625 0.81875 0.0296875 0.071875
2 0.6765625 0.81875 0.03125 0.07265625
2 0.746875 0.82109375 0.02578125 0.06171875
9 0.78671875 0.83984375 0.04375 0.040625
2 0.57578125 0.84609375 0.025 0.05859375
2 0.60546875 0.84609375 0.0265625 0.05859375
2 0.634375 0.846875 0.02421875 0.059375
2 0.85546875 0.8546875 0.06640625 0.03515625
4 0.6828125 0.08984375 0.1765625 0.16796875
14 0.540625 0.92109375 0.84453125 0.06875
9 0.4890625 0.1125 0.06875 0.0546875
10 0.40234375 0.1140625 0.06875 0.07734375
16 0.5484375 0.11484375 0.02890625 0.05859375
2 0.34765625 0.115625 0.03359375 0.07109375
11 0.21015625 0.11953125 0.09765625 0.06640625
4 0.2796875 0.125 0.04296875 0.05546875
2 0.796875 0.15546875 0.02734375 0.06015625
16 0.53359375 0.1703125 0.0546875 0.028125
16 0.3890625 0.1953125 0.05625 0.02578125
16 0.44765625 0.196875 0.0546875 0.0296875
16 0.53203125 0.1984375 0.053125 0.0296875
4 0.859375 0.23046875 0.03828125 0.25078125
9 0.53046875 0.2796875 0.0828125 0.11875
3 0.78984375 0.31484375 0.075 0.24453125