20 0.74296875 0.20625 0.01484375 0.01640625
12 0.09921875 0.2234375 0.0140625 0.0109375
4 0.1375 0.22265625 0.06484375 0.2828125
4 0.17578125 0.2234375 0.01171875 0.0171875
12 0.09921875 0.2375 0.0140625 0.01015625
17 0.7484375 0.2234375 0.00546875 0.0125
4 0.175 0.240625 0.01171875 0.01875
12 0.7390625 0.22890625 0.00625 0.01953125
1 0.2046875 0.24296875 0.009375 0.0078125
1 0.221875 0.24296875 0.009375 0.0078125
4 0.39140625 0.2390625 0.0109375 0.02890625
7 0.5703125 0.23515625 0.03046875 0.03125
7 0.275 0.2453125 0.025 0.028125
12 0.1 0.2515625 0.0140625 0.0109375
4 0.759375 0.23515625 0.01171875 0.07265625
7 0.82890625 0.23984375 0.03671875 0.05859375
7 0.228125 0.259375 0.025 0.01953125
12 0.09921875 0.265625 0.0140625 0.01015625
17 0.22734375 0.2640625 0.0046875 0.0125
17 0.23203125 0.2640625 0.00390625 0.01328125
17 0.2375 0.26328125 0.00546875 0.01328125
1 0.61171875 0.25546875 0.0046875 0.0125
18 0.71015625 0.253125 0.0484375 0.0640625
18 0.653125 0.25546875 0.06484375 0.0640625
4 0.79296875 0.259375 0.03984375 0.14609375
4 0.45546875 0.26875 0.02890625 0.04453125
4 0.49765625 0.2671875 0.0296875 0.04453125
3 0.415625 0.275 0.04921875 0.07421875
4 0.540625 0.2734375 0.02890625 0.04375
4 0.5828125 0.27265625 0.02890625 0.04453125
1 0.2 0.2890625 0.00625 0.0140625
9 0.23671875 0.2890625 0.0078125 0.025
11 0.60859375 0.2828125 0.01171875 0.03046875
1 0.24375 0.29453125 0.0046875 0.0125
16 0.275 0.29921875 0.0078125 0.00859375
16 0.28828125 0.29921875 0.0078125 0.009375
16 0.3015625 0.2984375 0.0078125 0.01015625
17 0.2296875 0.30625 0.00859375 0.00703125
17 0.21953125 0.30703125 0.00703125 0.00703125
1 0.20078125 0.3125 0.00546875 0.01171875
17 0.21953125 0.3140625 0.00859375 0.0078125
16 0.3578125 0.3109375 0.00625 0.01328125
4 0.9515625 0.296875 0.09453125 0.2984375
12 0.83203125 0.30078125 0.00703125 0.02109375
4 0.60859375 0.30703125 0.01015625 0.01640625
1 0.54765625 0.309375 0.0140625 0.01171875
1 0.42109375 0.3140625 0.0125 0.00703125
1 0.653125 0.3109375 0.0046875 0.0140625
0 0.8578125 0.30859375 0.0421875 0.034375
11 0.18046875 0.32734375 0.02578125 0.01953125
7 0.59140625 0.31875 0.02421875 0.0203125
1 0.2453125 0.328125 0.009375 0.00859375
17 0.8234375 0.3140625 0.00546875 0.0125
1 0.215625 0.3296875 0.0078125 0.00703125
1 0.56953125 0.3234375 0.00859375 0.021875
16 0.35859375 0.33046875 0.00546875 0.0125
12 0.8328125 0.3296875 0.00546875 0.01953125
4 0.89140625 0.32890625 0.021875 0.03046875
16 0.35859375 0.34921875 0.00625 0.01171875
1 0.2 0.3546875 0.0046875 0.0125
1 0.20546875 0.35390625 0.00546875 0.01328125
1 0.4046875 0.3515625 0.0140625 0.01171875
1 0.678125 0.34921875 0.00546875 0.0125
1 0.6203125 0.3515625 0.0046875 0.01171875
7 0.7703125 0.34921875 0.03046875 0.0203125
0 0.8578125 0.35 0.040625 0.03515625
0 0.80546875 0.35234375 0.0421875 0.0359375
1 0.72734375 0.35625 0.0046875 0.01328125
1 0.634375 0.35859375 0.0046875 0.01171875
4 0.69609375 0.35859375 0.01171875 0.03125
16 0.35859375 0.36796875 0.00625 0.01171875
9 0.65 0.3609375 0.02734375 0.02890625
17 0.66640625 0.36171875 0.0046875 0.0125
17 0.246875 0.3734375 0.00546875 0.01171875
1 0.6203125 0.3640625 0.0046875 0.01171875
3 0.20390625 0.37734375 0.05859375 0.03359375
1 0.74140625 0.365625 0.00703125 0.0171875
4 0.0578125 0.3859375 0.040625 0.06328125
1 0.40546875 0.3859375 0.01484375 0.01171875
16 0.35859375 0.3875 0.00546875 0.01328125
17 0.09296875 0.40234375 0.00390625 0.01171875
17 0.66640625 0.3890625 0.0046875 0.0125
9 0.8015625 0.39140625 0.01328125 0.02109375
16 0.359375 0.40703125 0.00703125 0.0125
4 0.12734375 0.41328125 0.03203125 0.04375
4 0.69921875 0.39765625 0.02265625 0.0328125
7 0.87734375 0.3953125 0.03671875 0.05078125
12 0.08828125 0.41953125 0.0125 0.01875
4 0.775 0.41171875 0.01328125 0.03125
11 0.19453125 0.428125 0.021875 0.01796875
17 0.09296875 0.43515625 0.0046875 0.0125
4 0.2125 0.4375 0.0125 0.03203125
17 0.7203125 0.425 0.00390625 0.0140625
1 0.7890625 0.425 0.0109375 0.02734375
17 0.72421875 0.42734375 0.00390625 0.0125
1 0.73515625 0.4265625 0.0046875 0.0125
17 0.696875 0.42890625 0.00390625 0.0125
17 0.7015625 0.42890625 0.00390625 0.01328125
1 0.71171875 0.428125 0.00390625 0.0125
17 0.71640625 0.42890625 0.00390625 0.01171875
17 0.70703125 0.42890625 0.00546875 0.01328125
11 0.19375 0.44375 0.02421875 0.0171875
5 0.74375 0.43046875 0.01875 0.01015625
9 0.6078125 0.4359375 0.03046875 0.0390625
4 0.0578125 0.45078125 0.0421875 0.0625
7 0.87734375 0.43515625 0.0359375 0.02890625
9 0.490625 0.446875 0.1515625 0.228125
4 0.196875 0.46171875 0.02265625 0.015625
9 0.803125 0.44609375 0.01328125 0.0203125
4 0.65078125 0.45234375 0.02890625 0.05625
11 0.684375 0.45234375 0.01015625 0.03125
17 0.103125 0.46796875 0.009375 0.00703125
1 0.17421875 0.46640625 0.0078125 0.00703125
1 0.18359375 0.4671875 0.0078125 0.0078125
1 0.83203125 0.45390625 0.01875 0.01640625
17 0.103125 0.47578125 0.009375 0.00703125
1 0.578125 0.46328125 0.0140625 0.0109375
4 0.128125 0.4765625 0.03203125 0.04375
1 0.40625 0.47109375 0.01484375 0.0125
17 0.103125 0.48203125 0.00859375 0.00703125
9 0.23046875 0.48203125 0.03046875 0.01796875
17 0.575 0.4734375 0.0078125 0.00625
3 0.1796875 0.484375 0.05703125 0.02890625
17 0.103125 0.48984375 0.009375 0.00703125
9 0.60859375 0.47734375 0.03046875 0.0390625
17 0.575 0.48203125 0.00703125 0.0046875
9 0.7203125 0.48046875 0.05703125 0.08359375
17 0.103125 0.496875 0.00859375 0.00703125
1 0.7765625 0.48046875 0.009375 0.0078125
7 0.9078125 0.4796875 0.03671875 0.05234375
4 0.52734375 0.49140625 0.06015625 0.1296875
17 0.10390625 0.5046875 0.009375 0.00703125
12 0.05390625 0.50625 0.06640625 0.04921875
9 0.95234375 0.4828125 0.0203125 0.0390625
4 0.80625 0.48984375 0.021875 0.0171875
1 0.15703125 0.50703125 0.00859375 0.0125
4 0.67890625 0.49609375 0.01953125 0.05546875
8 0.10546875 0.51328125 0.0109375 0.00859375
1 0.7671875 0.49609375 0.00546875 0.01171875
1 0.40546875 0.50625 0.01484375 0.0125
9 0.98203125 0.49765625 0.034375 0.0828125
20 0.6515625 0.5078125 0.02578125 0.0484375
1 0.934375 0.5015625 0.0125 0.02734375
17 0.809375 0.50546875 0.0046875 0.0125
1 0.40546875 0.51875 0.0140625 0.0125
1 0.94609375 0.51015625 0.009375 0.0078125
1 0.87578125 0.5140625 0.0125 0.02734375
9 0.61015625 0.521875 0.0296875 0.03828125
16 0.359375 0.53359375 0.00546875 0.0125
1 0.40625 0.53359375 0.01484375 0.01328125
16 0.1296875 0.54609375 0.0140625 0.0203125
4 0.78671875 0.534375 0.0375 0.0125
7 0.81328125 0.534375 0.0140625 0.03515625
1 0.93671875 0.534375 0.0125 0.02734375
7 0.90625 0.53828125 0.021875 0.05546875
9 0.953125 0.53828125 0.01875 0.03671875
16 0.359375 0.5546875 0.00546875 0.01171875
1 0.7234375 0.54921875 0.015625 0.03515625
1 0.70546875 0.55 0.01484375 0.03359375
9 0.2015625 0.56484375 0.09296875 0.103125
16 0.13046875 0.57109375 0.0140625 0.02109375
1 0.98359375 0.55 0.01953125 0.01640625
1 0.99765625 0.55078125 0.00390625 0.01875
1 0.4171875 0.5671875 0.00546875 0.0125
1 0.421875 0.5671875 0.00390625 0.0125
1 0.51953125 0.565625 0.0140625 0.0109375
9 0.8703125 0.5578125 0.0140625 0.0203125
1 0.859375 0.559375 0.01015625 0.00703125
4 0.79375 0.5609375 0.03515625 0.04140625
4 0.0734375 0.58046875 0.0953125 0.09609375
9 0.83671875 0.56015625 0.01484375 0.0203125
16 0.36015625 0.5734375 0.00546875 0.01328125
9 0.684375 0.56953125 0.028125 0.028125
1 0.6453125 0.57109375 0.0140625 0.01171875
7 0.6 0.58125 0.01875 0.0515625
1 0.85625 0.57734375 0.01875 0.01796875
1 0.61953125 0.58515625 0.0046875 0.01171875
1 0.6453125 0.584375 0.0140625 0.01171875
1 0.49453125 0.5890625 0.00703125 0.02109375
16 0.36015625 0.59296875 0.00546875 0.01171875
1 0.703125 0.584375 0.0046875 0.01171875
1 0.70859375 0.584375 0.0046875 0.01171875
4 0.771875 0.5828125 0.00859375 0.06015625
4 0.74921875 0.58671875 0.0375 0.11640625
1 0.5875 0.59375 0.009375 0.00859375
9 0.1359375 0.60625 0.02734375 0.05
4 0.4625 0.60078125 0.028125 0.04296875
4 0.41875 0.60234375 0.02890625 0.04453125
1 0.6453125 0.5984375 0.0140625 0.0109375
13 0.675 0.6 0.00625 0.01640625
4 0.7890625 0.59765625 0.0234375 0.03125
1 0.70703125 0.6 0.0109375 0.009375
7 0.8125 0.5984375 0.01328125 0.0359375
4 0.72578125 0.60078125 0.0109375 0.03359375
7 0.909375 0.596875 0.03671875 0.059375
9 0.953125 0.596875 0.0203125 0.0359375
16 0.36015625 0.6125 0.00546875 0.01171875
1 0.64609375 0.6109375 0.0140625 0.0109375
16 0.3609375 0.628125 0.00625 0.01171875
7 0.86484375 0.6171875 0.01875 0.05390625
17 0.08984375 0.63984375 0.00546875 0.0125
1 0.9375 0.61796875 0.0125 0.02734375
9 0.984375 0.61640625 0.03046875 0.08359375
7 0.8390625 0.62109375 0.034375 0.0515625
9 0.1546875 0.63984375 0.01484375 0.0171875
9 0.91640625 0.62109375 0.0328125 0.0625
1 0.9484375 0.62578125 0.0109375 0.00703125
9 0.20625 0.66015625 0.05234375 0.06171875
17 0.2859375 0.6640625 0.015625 0.01171875
1 0.93828125 0.65078125 0.0125 0.02890625
9 0.9546875 0.653125 0.02109375 0.0375
7 0.90859375 0.6546875 0.0203125 0.053125
7 0.884375 0.65546875 0.01953125 0.05390625
13 0.15625 0.67421875 0.009375 0.02109375
1 0.278125 0.67578125 0.00703125 0.00625
1 0.2953125 0.67578125 0.00859375 0.0078125
0 0.79921875 0.665625 0.04375 0.0359375
9 0.24609375 0.68515625 0.0109375 0.02109375
1 0.98515625 0.66640625 0.01875 0.01796875
4 0.2640625 0.6859375 0.0203125 0.02734375
12 0.82578125 0.67109375 0.00703125 0.02109375
13 0.85234375 0.671875 0.0328125 0.03828125
1 0.99765625 0.6671875 0.00390625 0.01796875
17 0.15859375 0.690625 0.00859375 0.00703125
8 0.16015625 0.6984375 0.01171875 0.00859375
1 0.15 0.71015625 0.0078125 0.021875
8 0.08984375 0.7109375 0.00703125 0.01796875
11 0.2625 0.709375 0.0265625 0.01953125
4 0.325 0.7140625 0.02890625 0.0453125
4 0.36796875 0.7140625 0.02890625 0.04609375
1 0.9109375 0.69921875 0.0171875 0.01640625
4 0.4109375 0.71328125 0.01953125 0.10546875
9 0.93984375 0.709375 0.0140625 0.021875
0 0.74921875 0.715625 0.0375 0.0359375
0 0.8 0.71484375 0.0421875 0.03359375
0 0.85234375 0.71484375 0.04375 0.03671875
7 0.98046875 0.71640625 0.0359375 0.03046875
12 0.7734375 0.721875 0.00703125 0.0203125
4 0.0484375 0.7421875 0.09453125 0.2265625
12 0.82578125 0.721875 0.00703125 0.0203125
3 0.2859375 0.73671875 0.02421875 0.09140625
12 0.87890625 0.721875 0.00625 0.0203125
9 0.20703125 0.7453125 0.0828125 0.08125
1 0.95390625 0.7296875 0.0125 0.02890625
1 0.1546875 0.7515625 0.009375 0.0078125
1 0.9453125 0.7359375 0.0046875 0.015625
13 0.8546875 0.75859375 0.03359375 0.03671875
7 0.75625 0.76171875 0.03671875 0.02890625
7 0.98125 0.75625 0.03671875 0.05078125
9 0.94296875 0.76015625 0.0140625 0.021875
8 0.0921875 0.78359375 0.0109375 0.00859375
0 0.80078125 0.765625 0.0421875 0.03671875
12 0.82734375 0.771875 0.00703125 0.02109375
13 0.31015625 0.85703125 0.19375 0.0375
7 0.1984375 0.11015625 0.0296875 0.02109375
4 0.921875 0.1015625 0.0421875 0.05703125
12 0.990625 0.1015625 0.009375 0.03125
12 0.978125 0.1015625 0.0140625 0.00859375
11 0.18828125 0.13203125 0.0234375 0.0234375
4 0.20625 0.13203125 0.01171875 0.01640625
4 0.34296875 0.13203125 0.25546875 0.09375
12 0.97734375 0.115625 0.01328125 0.009375
4 0.60390625 0.1265625 0.25234375 0.0921875
4 0.75234375 0.12734375 0.02734375 0.12421875
17 0.99296875 0.121875 0.0046875 0.00859375
18 0.9296875 0.125 0.05625 0.140625
4 0.99140625 0.134375 0.0078125 0.0171875
12 0.90625 0.140625 0.0125 0.009375
12 0.0984375 0.16640625 0.01484375 0.0109375
11 0.77265625 0.1546875 0.01015625 0.0328125
12 0.0984375 0.18046875 0.0140625 0.01015625
11 0.203125 0.1875 0.015625 0.03125
12 0.0984375 0.1953125 0.015625 0.01328125
4 0.175 0.20625 0.0125 0.01640625
12 0.09921875 0.209375 0.01484375 0.01015625
4 0.20546875 0.21171875 0.01171875 0.01484375
4 0.1875 0.21328125 0.015625 0.11640625