9 0.7125 0.36484375 0.1609375 0.175
9 0.3578125 0.36015625 0.2109375 0.1484375
1 0.17265625 0.3859375 0.059375 0.02890625
17 0.528125 0.42578125 0.02734375 0.0640625
1 0.56171875 0.42734375 0.02890625 0.06640625
1 0.91640625 0.44375 0.025 0.0625
14 0.05234375 0.47421875 0.09140625 0.89296875
14 0.984375 0.5 0.03046875 0.89375
17 0.3046875 0.51796875 0.059375 0.0328125
17 0.303125 0.55546875 0.059375 0.0328125
17 0.303125 0.55625 0.0609375 0.03203125
3 0.18671875 0.55546875 0.11171875 0.13203125
1 0.328125 0.646875 0.0359375 0.07890625
9 0.86171875 0.678125 0.09453125 0.16484375
9 0.52578125 0.67734375 0.3265625 0.353125
1 0.2484375 0.78984375 0.03515625 0.0796875
1 0.91015625 0.89296875 0.059375 0.03046875
1 0.7578125 0.89140625 0.03359375 0.07890625
1 0.71640625 0.89140625 0.03515625 0.0796875
1 0.79375 0.8953125 0.0296875 0.0671875
9 0.83671875 0.91640625 0.04765625 0.0453125
1 0.60625 0.91796875 0.028125 0.0640625
1 0.63828125 0.91875 0.0296875 0.0640625
1 0.66953125 0.92109375 0.02734375 0.06484375
1 0.91171875 0.93359375 0.07265625 0.03984375
4 0.73671875 0.0953125 0.1953125 0.18515625
14 0.54921875 0.97578125 0.88671875 0.046875
9 0.52421875 0.11640625 0.07578125 0.06015625
10 0.43046875 0.11484375 0.0765625 0.08515625
17 0.5890625 0.11953125 0.03203125 0.0640625
1 0.3703125 0.11640625 0.0375 0.078125
11 0.2203125 0.1171875 0.1078125 0.07421875
4 0.29609375 0.12421875 0.04765625 0.06171875
1 0.86015625 0.16875 0.03125 0.06640625
17 0.571875 0.1796875 0.06015625 0.03203125
17 0.41328125 0.2046875 0.06171875 0.02890625
17 0.478125 0.20703125 0.06015625 0.03359375
17 0.5703125 0.21015625 0.05859375 0.0328125
4 0.9265625 0.25234375 0.0453125 0.27421875
9 0.56640625 0.2984375 0.09296875 0.13125
3 0.84921875 0.3421875 0.0859375 0.26875