20 0.73828125 0.32421875 0.01640625 0.0203125
12 0.10703125 0.14140625 0.015625 0.01484375
4 0.14453125 0.1515625 0.09609375 0.29375
4 0.18203125 0.16484375 0.0140625 0.0203125
12 0.10546875 0.15390625 0.015625 0.0140625
17 0.74140625 0.34375 0.00703125 0.0140625
4 0.1796875 0.18125 0.0140625 0.021875
12 0.73203125 0.3453125 0.009375 0.02109375
1 0.2078125 0.19296875 0.0109375 0.01015625
1 0.22421875 0.1984375 0.01015625 0.01015625
4 0.39140625 0.24765625 0.0140625 0.03125
7 0.56640625 0.3 0.03359375 0.03828125
7 0.27578125 0.2171875 0.02734375 0.03359375
12 0.10390625 0.16796875 0.01484375 0.01484375
4 0.7515625 0.3578125 0.01953125 0.07421875
7 0.81796875 0.38515625 0.04296875 0.0671875
7 0.22890625 0.215625 0.02734375 0.0265625
12 0.1015625 0.18203125 0.015625 0.0140625
17 0.2265625 0.2203125 0.00625 0.01328125
17 0.23125 0.221875 0.00546875 0.0140625
17 0.23671875 0.22265625 0.00703125 0.01484375
1 0.6046875 0.33125 0.00625 0.01328125
18 0.70078125 0.36015625 0.0546875 0.07578125
18 0.64453125 0.34453125 0.07109375 0.08046875
4 0.78046875 0.39140625 0.05625 0.153125
4 0.45 0.29609375 0.03359375 0.05078125
4 0.490625 0.30859375 0.03359375 0.05078125
3 0.409375 0.28984375 0.05703125 0.08515625
4 0.53125 0.32734375 0.03359375 0.05
4 0.5734375 0.33984375 0.03359375 0.05078125
1 0.19609375 0.23671875 0.0078125 0.015625
9 0.2328125 0.24765625 0.0109375 0.0265625
11 0.596875 0.35703125 0.01484375 0.0328125
1 0.2390625 0.25546875 0.00625 0.01328125
16 0.26875 0.2703125 0.009375 0.0109375
16 0.28203125 0.27421875 0.009375 0.01171875
16 0.29453125 0.27734375 0.009375 0.0125
17 0.2234375 0.2625 0.009375 0.009375
17 0.21328125 0.26015625 0.0078125 0.009375
1 0.19375 0.259375 0.00703125 0.01328125
17 0.2125 0.2671875 0.009375 0.01015625
16 0.3484375 0.3078125 0.0078125 0.01484375
4 0.9328125 0.48203125 0.1328125 0.32265625
12 0.81328125 0.44453125 0.009375 0.0234375
4 0.59296875 0.38125 0.0125 0.01875
1 0.5328125 0.36484375 0.015625 0.015625
1 0.40859375 0.33046875 0.0125 0.01015625
1 0.63671875 0.39921875 0.00625 0.01484375
0 0.8375 0.4609375 0.0453125 0.04453125
11 0.171875 0.2671875 0.02734375 0.0265625
7 0.575 0.3875 0.02578125 0.0265625
1 0.23515625 0.28828125 0.01015625 0.0109375
17 0.803125 0.4546875 0.00703125 0.0140625
1 0.20625 0.28046875 0.00859375 0.009375
1 0.553125 0.38515625 0.0109375 0.025
16 0.34609375 0.3265625 0.00703125 0.0140625
12 0.809375 0.47265625 0.0078125 0.0203125
4 0.8671875 0.49140625 0.02421875 0.03515625
16 0.34375 0.3453125 0.0078125 0.01328125
1 0.1875 0.30078125 0.00625 0.01328125
1 0.19296875 0.3015625 0.00703125 0.01484375
1 0.38828125 0.36171875 0.015625 0.015625
1 0.65625 0.44453125 0.00703125 0.0140625
1 0.59921875 0.428125 0.00625 0.0125
7 0.74609375 0.47265625 0.0328125 0.02890625
0 0.83125 0.5015625 0.04375 0.0453125
0 0.7796875 0.4875 0.0453125 0.04609375
1 0.703125 0.4671875 0.00625 0.0140625
1 0.6109375 0.440625 0.00625 0.0125
4 0.671875 0.459375 0.01484375 0.03359375
16 0.340625 0.3625 0.0078125 0.01328125
9 0.62578125 0.446875 0.0296875 0.03515625
17 0.6421875 0.45234375 0.00625 0.01328125
17 0.23046875 0.33359375 0.00703125 0.01328125
1 0.59765625 0.440625 0.00625 0.0125
3 0.18828125 0.32421875 0.06171875 0.04765625
1 0.715625 0.48046875 0.009375 0.01875
4 0.04375 0.28671875 0.04765625 0.0734375
1 0.38359375 0.3953125 0.015625 0.015625
16 0.33828125 0.3828125 0.00703125 0.01484375
17 0.07578125 0.3140625 0.00546875 0.0125
17 0.6390625 0.47890625 0.00625 0.01328125
9 0.77109375 0.52421875 0.015625 0.025
16 0.3359375 0.4015625 0.00859375 0.0140625
4 0.10859375 0.334375 0.03671875 0.05078125
4 0.66953125 0.4984375 0.02578125 0.0375
7 0.84375 0.5515625 0.0421875 0.059375
12 0.06875 0.32890625 0.01484375 0.021875
4 0.74140625 0.53515625 0.01640625 0.034375
11 0.17265625 0.3703125 0.02421875 0.02421875
17 0.071875 0.3453125 0.00625 0.01328125
4 0.18828125 0.384375 0.015625 0.03515625
17 0.68671875 0.53203125 0.00546875 0.01484375
1 0.75390625 0.553125 0.0140625 0.0296875
17 0.68984375 0.53515625 0.00546875 0.01328125
1 0.70078125 0.53828125 0.00625 0.01328125
17 0.66328125 0.528125 0.00546875 0.01328125
17 0.66796875 0.5296875 0.00546875 0.0140625
1 0.67734375 0.53203125 0.00546875 0.01328125
17 0.68203125 0.534375 0.00546875 0.0125
17 0.67265625 0.53125 0.00703125 0.01484375
11 0.16953125 0.3859375 0.02578125 0.0234375
5 0.70859375 0.54375 0.0203125 0.01484375
9 0.57578125 0.50703125 0.034375 0.04609375
4 0.034375 0.35078125 0.0484375 0.07265625
7 0.8390625 0.58984375 0.03828125 0.0375
9 0.459375 0.48203125 0.175 0.2625
4 0.16953125 0.40390625 0.02421875 0.02109375
9 0.76484375 0.578125 0.015625 0.02421875
4 0.61484375 0.53671875 0.034375 0.0625
11 0.64765625 0.54765625 0.01328125 0.03359375
17 0.0765625 0.38046875 0.009375 0.009375
1 0.146875 0.40234375 0.00859375 0.009375
1 0.15625 0.4046875 0.009375 0.01015625
1 0.7921875 0.5953125 0.0203125 0.02109375
17 0.07578125 0.3890625 0.009375 0.009375
1 0.5421875 0.525 0.01484375 0.01484375
4 0.1 0.39765625 0.0359375 0.05078125
1 0.37265625 0.47890625 0.01640625 0.01640625
17 0.075 0.3953125 0.009375 0.009375
9 0.19921875 0.434375 0.03203125 0.0265625
17 0.5375 0.53359375 0.00859375 0.00859375
3 0.14921875 0.4203125 0.059375 0.04296875
17 0.07421875 0.403125 0.009375 0.009375
9 0.56953125 0.5484375 0.03359375 0.04609375
17 0.5359375 0.54140625 0.0078125 0.00703125
9 0.67890625 0.5859375 0.065625 0.09609375
17 0.0734375 0.409375 0.009375 0.009375
1 0.734375 0.60390625 0.01015625 0.01015625
7 0.8625 0.64375 0.0421875 0.0609375
4 0.48828125 0.5359375 0.07421875 0.1421875
17 0.071875 0.41640625 0.009375 0.009375
12 0.03046875 0.40546875 0.05859375 0.0625
9 0.90546875 0.6609375 0.02421875 0.04296875
4 0.76171875 0.621875 0.02421875 0.0234375
1 0.12421875 0.4359375 0.01015625 0.01484375
4 0.6359375 0.58828125 0.02578125 0.059375
8 0.07265625 0.42578125 0.0125 0.01171875
1 0.7234375 0.61640625 0.00703125 0.01328125
1 0.36796875 0.51328125 0.01640625 0.01640625
9 0.94140625 0.6875 0.059375 0.09296875
20 0.6078125 0.590625 0.03046875 0.05390625
1 0.8859375 0.6734375 0.01484375 0.03046875
17 0.7625 0.6390625 0.00625 0.01328125
1 0.365625 0.52578125 0.015625 0.01640625
1 0.8953125 0.68515625 0.0109375 0.01015625
1 0.8265625 0.66796875 0.01484375 0.03046875
9 0.565625 0.5921875 0.03359375 0.0453125
16 0.31875 0.52578125 0.00703125 0.0140625
1 0.3640625 0.53984375 0.01640625 0.0171875
16 0.0921875 0.46640625 0.01640625 0.025
4 0.73671875 0.65859375 0.03828125 0.021875
7 0.7625 0.66796875 0.0171875 0.03828125
1 0.8828125 0.70625 0.01484375 0.03046875
7 0.853125 0.7 0.02734375 0.059375
9 0.89921875 0.71484375 0.02265625 0.040625
16 0.315625 0.546875 0.00703125 0.01328125
1 0.67265625 0.6546875 0.01875 0.0390625
1 0.6546875 0.65 0.01875 0.03671875
9 0.16015625 0.50703125 0.103125 0.12578125
16 0.0890625 0.48984375 0.01640625 0.025
1 0.92734375 0.7359375 0.02109375 0.02109375
1 0.946875 0.74296875 0.01875 0.021875
1 0.3703125 0.5765625 0.00703125 0.0140625
1 0.375 0.578125 0.00546875 0.01328125
1 0.4703125 0.60703125 0.015625 0.01484375
9 0.81484375 0.70859375 0.015625 0.02421875
1 0.80390625 0.70703125 0.0109375 0.009375
4 0.73984375 0.6875 0.0390625 0.04921875
4 0.04296875 0.48359375 0.08515625 0.11875
9 0.78203125 0.70078125 0.0171875 0.025
16 0.31328125 0.56484375 0.00703125 0.01484375
9 0.63203125 0.66171875 0.03046875 0.034375
1 0.59296875 0.65078125 0.01484375 0.015625
7 0.54765625 0.64765625 0.025 0.05546875
1 0.7984375 0.7234375 0.0203125 0.021875
1 0.565625 0.65625 0.00625 0.0125
11 0.95546875 0.7703125 0.01484375 0.034375
1 0.59140625 0.66484375 0.01484375 0.015625
1 0.44296875 0.621875 0.01015625 0.0234375
16 0.3109375 0.58359375 0.00703125 0.01328125
1 0.64765625 0.6828125 0.00625 0.0125
1 0.65234375 0.68359375 0.00625 0.0125
4 0.715625 0.70234375 0.015625 0.0609375
4 0.6921875 0.69921875 0.05 0.1234375
1 0.5328125 0.6546875 0.01015625 0.0109375
9 0.08984375 0.5265625 0.0328125 0.05625
4 0.409375 0.6234375 0.03203125 0.04921875
4 0.3671875 0.6109375 0.03359375 0.05078125
1 0.58984375 0.678125 0.01484375 0.01484375
13 0.61875 0.6890625 0.00859375 0.01796875
4 0.73046875 0.721875 0.02578125 0.03671875
1 0.64921875 0.69921875 0.0125 0.0125
7 0.75234375 0.73046875 0.0171875 0.0390625
4 0.66796875 0.70546875 0.01484375 0.0359375
7 0.8484375 0.759375 0.04296875 0.06875
9 0.890625 0.771875 0.02421875 0.03984375
16 0.30859375 0.603125 0.00703125 0.01328125
1 0.58828125 0.69140625 0.01484375 0.01484375
16 0.3078125 0.61875 0.0078125 0.01328125
7 0.8015625 0.76484375 0.025 0.05703125
17 0.040625 0.5453125 0.00703125 0.0140625
1 0.87265625 0.7875 0.015625 0.03046875
9 0.928125 0.80390625 0.05859375 0.09375
7 0.77578125 0.76015625 0.03984375 0.059375
9 0.10390625 0.56484375 0.0171875 0.02109375
9 0.8515625 0.784375 0.03984375 0.0703125
1 0.88125 0.79921875 0.0109375 0.01015625
9 0.1515625 0.60078125 0.05859375 0.07421875
17 0.22890625 0.6296875 0.0171875 0.01484375
1 0.86875 0.8203125 0.015625 0.03203125
9 0.884375 0.828125 0.025 0.0421875
7 0.8390625 0.81484375 0.02578125 0.05703125
7 0.81484375 0.8078125 0.02578125 0.0578125
13 0.10078125 0.6 0.01171875 0.02421875
1 0.21953125 0.63828125 0.00703125 0.0078125
1 0.2359375 0.64453125 0.009375 0.01015625
0 0.73046875 0.79140625 0.046875 0.046875
9 0.18671875 0.63828125 0.0140625 0.025
1 0.91171875 0.85078125 0.0203125 0.021875
4 0.20390625 0.64453125 0.0234375 0.03203125
12 0.75546875 0.80546875 0.009375 0.0234375
13 0.78125 0.8140625 0.03671875 0.04609375
1 0.93125 0.85703125 0.0203125 0.02109375
17 0.1 0.61640625 0.009375 0.009375
8 0.10078125 0.62421875 0.0125 0.01171875
1 0.08984375 0.63203125 0.0109375 0.02421875
8 0.03046875 0.61484375 0.009375 0.01953125
11 0.19921875 0.66640625 0.02890625 0.0265625
4 0.26015625 0.69140625 0.03359375 0.0515625
4 0.30234375 0.70390625 0.03359375 0.05234375
1 0.83515625 0.859375 0.01875 0.0203125
4 0.34453125 0.7171875 0.03203125 0.1078125
9 0.8625 0.878125 0.0171875 0.0265625
0 0.67421875 0.825 0.040625 0.0453125
0 0.72421875 0.83984375 0.0453125 0.04375
0 0.77578125 0.85625 0.046875 0.04765625
7 0.90078125 0.89765625 0.03828125 0.0390625
12 0.69765625 0.83828125 0.01015625 0.021875
4 0.02265625 0.6375 0.0453125 0.2375
12 0.7484375 0.8546875 0.01015625 0.021875
3 0.21875 0.70078125 0.034375 0.0953125
12 0.80078125 0.87109375 0.009375 0.021875
9 0.13984375 0.68515625 0.090625 0.10078125
1 0.8734375 0.903125 0.01484375 0.03203125
1 0.08828125 0.6734375 0.01015625 0.01015625
1 0.86328125 0.90546875 0.00703125 0.01640625
13 0.77109375 0.89921875 0.03671875 0.04453125
7 0.675 0.871875 0.03828125 0.0375
7 0.8984375 0.93828125 0.0453125 0.05859375
9 0.8578125 0.928125 0.01640625 0.02578125
8 0.021875 0.68671875 0.0125 0.01171875
0 0.71796875 0.88984375 0.0453125 0.046875
12 0.74296875 0.9046875 0.009375 0.0234375
13 0.22578125 0.8265625 0.19375 0.0875
7 0.21953125 0.06015625 0.03203125 0.02890625
4 0.928125 0.27890625 0.04765625 0.0671875
12 0.99453125 0.3 0.009375 0.03359375
12 0.9828125 0.29609375 0.01484375 0.0125
11 0.20703125 0.0796875 0.02578125 0.02890625
4 0.22421875 0.08515625 0.0140625 0.01953125
4 0.3578125 0.12734375 0.2609375 0.15859375
12 0.98125 0.309375 0.0140625 0.01328125
4 0.6140625 0.203125 0.2578125 0.15625
4 0.759375 0.25078125 0.04140625 0.12890625
17 0.99609375 0.3203125 0.00703125 0.0109375
18 0.93359375 0.303125 0.07109375 0.1515625
4 0.99296875 0.33203125 0.0125 0.0203125
12 0.90859375 0.31171875 0.0140625 0.0125
12 0.1140625 0.084375 0.015625 0.01484375
11 0.77578125 0.28359375 0.01328125 0.03515625
12 0.1125 0.0984375 0.015625 0.0140625
11 0.2140625 0.13828125 0.01875 0.03515625
12 0.1109375 0.1125 0.0171875 0.01640625
4 0.18359375 0.1484375 0.01484375 0.01953125
12 0.10859375 0.12734375 0.015625 0.0140625
4 0.2125 0.1625 0.01328125 0.01796875
4 0.19453125 0.1578125 0.02890625 0.11796875