20 0.703125 0.26640625 0.0140625 0.015625
12 0.11015625 0.26796875 0.01328125 0.0109375
4 0.1453125 0.26796875 0.05703125 0.26015625
4 0.18046875 0.26953125 0.0109375 0.01640625
12 0.11015625 0.28046875 0.01328125 0.01015625
16 0.70859375 0.2828125 0.00546875 0.0125
4 0.18046875 0.28515625 0.0109375 0.01796875
12 0.7 0.2875 0.00625 0.01875
2 0.20703125 0.28828125 0.00859375 0.0078125
2 0.2234375 0.2890625 0.00859375 0.0078125
4 0.3796875 0.2890625 0.01015625 0.02734375
7 0.54453125 0.28984375 0.028125 0.028125
7 0.27265625 0.29140625 0.02265625 0.02578125
12 0.11015625 0.29296875 0.0125 0.0109375
4 0.71875 0.29453125 0.01015625 0.0671875
7 0.78203125 0.30078125 0.03359375 0.05390625
7 0.22890625 0.303125 0.0234375 0.01796875
12 0.11015625 0.30703125 0.01328125 0.01015625
16 0.228125 0.3078125 0.0046875 0.01171875
16 0.23203125 0.3078125 0.00390625 0.01328125
16 0.23671875 0.3078125 0.00546875 0.01328125
2 0.5828125 0.30859375 0.0046875 0.01171875
18 0.67265625 0.31015625 0.04453125 0.0578125
18 0.6203125 0.31015625 0.059375 0.05859375
4 0.7484375 0.3171875 0.03515625 0.134375
4 0.43828125 0.3171875 0.0265625 0.040625
4 0.47734375 0.3171875 0.0265625 0.040625
3 0.4015625 0.32265625 0.04453125 0.0671875
4 0.51640625 0.32421875 0.0265625 0.03984375
4 0.55546875 0.325 0.0265625 0.040625
2 0.20234375 0.33046875 0.00625 0.01328125
9 0.2359375 0.33125 0.00703125 0.0234375
11 0.57890625 0.334375 0.01015625 0.028125
2 0.24296875 0.33671875 0.0046875 0.01171875
15 0.271875 0.34140625 0.0078125 0.00859375
15 0.28359375 0.3421875 0.0078125 0.009375
15 0.29609375 0.3421875 0.0078125 0.01015625
16 0.2296875 0.346875 0.0078125 0.00703125
16 0.2203125 0.34765625 0.00703125 0.00703125
2 0.203125 0.3515625 0.00546875 0.01171875
16 0.2203125 0.3546875 0.0078125 0.0078125
15 0.34765625 0.35546875 0.00625 0.0125
4 0.9046875 0.35625 0.10390625 0.271875
12 0.784375 0.35625 0.00625 0.0203125
4 0.578125 0.35703125 0.009375 0.015625
2 0.521875 0.3578125 0.01328125 0.01171875
2 0.40546875 0.359375 0.01171875 0.00703125
2 0.6203125 0.36171875 0.0046875 0.01328125
0 0.80859375 0.3640625 0.03828125 0.03125
11 0.18359375 0.365625 0.0234375 0.01796875
7 0.5625 0.3671875 0.02265625 0.01875
2 0.24375 0.3671875 0.00859375 0.00859375
16 0.77734375 0.36796875 0.00546875 0.01171875
2 0.21640625 0.36796875 0.0078125 0.00703125
2 0.5421875 0.37109375 0.0078125 0.0203125
15 0.34765625 0.37265625 0.00546875 0.01171875
12 0.78515625 0.3828125 0.00546875 0.01875
4 0.8390625 0.384375 0.01953125 0.02734375
15 0.34765625 0.390625 0.00625 0.01171875
2 0.2015625 0.390625 0.0046875 0.0125
2 0.20703125 0.39140625 0.0046875 0.0125
2 0.390625 0.39296875 0.01328125 0.0109375
2 0.6421875 0.39765625 0.00546875 0.01171875
2 0.5890625 0.39765625 0.0046875 0.01171875
7 0.72734375 0.4 0.02890625 0.01875
0 0.8078125 0.40234375 0.0375 0.03203125
0 0.759375 0.403125 0.0390625 0.03203125
2 0.68828125 0.40546875 0.0046875 0.0125
2 0.6015625 0.40546875 0.0046875 0.01171875
4 0.659375 0.40625 0.0109375 0.02890625
15 0.34765625 0.40703125 0.00625 0.0109375
9 0.615625 0.40703125 0.02421875 0.0265625
16 0.63125 0.4078125 0.0046875 0.01171875
16 0.24453125 0.409375 0.00546875 0.01171875
2 0.5890625 0.409375 0.0046875 0.01171875
3 0.2046875 0.41171875 0.05390625 0.0296875
2 0.70078125 0.4140625 0.00703125 0.01640625
4 0.0703125 0.41640625 0.0375 0.0578125
2 0.38984375 0.42421875 0.0140625 0.01171875
15 0.34765625 0.425 0.00546875 0.0125
16 0.10234375 0.43203125 0.00390625 0.01171875
16 0.63125 0.43359375 0.0046875 0.0125
9 0.75625 0.4390625 0.0125 0.01953125
15 0.34765625 0.4421875 0.00625 0.0125
4 0.13359375 0.44296875 0.0296875 0.03984375
4 0.6609375 0.44296875 0.0203125 0.0296875
7 0.825 0.44453125 0.03359375 0.04609375
12 0.09765625 0.44765625 0.01171875 0.01796875
4 0.73046875 0.45625 0.0125 0.02890625
11 0.19609375 0.4578125 0.02109375 0.01640625
16 0.10234375 0.46171875 0.0046875 0.01171875
4 0.2125 0.4671875 0.01171875 0.0296875
16 0.68046875 0.46875 0.00390625 0.01328125
2 0.74375 0.4703125 0.01015625 0.025
16 0.684375 0.4703125 0.00390625 0.0125
2 0.69375 0.47109375 0.0046875 0.01171875
16 0.65859375 0.47109375 0.00390625 0.01171875
16 0.66328125 0.47109375 0.00390625 0.0125
2 0.671875 0.47109375 0.00390625 0.01171875
16 0.67734375 0.47109375 0.00390625 0.01171875
16 0.66796875 0.47109375 0.00546875 0.0125
11 0.19609375 0.47265625 0.021875 0.015625
5 0.7015625 0.4734375 0.01796875 0.009375
9 0.5765625 0.47578125 0.028125 0.03515625
4 0.06953125 0.47578125 0.03828125 0.05703125
7 0.82578125 0.48125 0.0328125 0.02578125
9 0.46953125 0.4828125 0.1375 0.20703125
4 0.19765625 0.4890625 0.02109375 0.01484375
9 0.75703125 0.48984375 0.0125 0.01953125
4 0.615625 0.4921875 0.02578125 0.0515625
11 0.646875 0.4921875 0.009375 0.02890625
16 0.1109375 0.4921875 0.00859375 0.00703125
2 0.17734375 0.49296875 0.0078125 0.00703125
2 0.18515625 0.49375 0.0078125 0.0078125
2 0.78359375 0.49765625 0.01796875 0.01484375
16 0.1109375 0.49921875 0.00859375 0.00703125
2 0.54921875 0.5 0.0125 0.0109375
4 0.134375 0.5015625 0.02890625 0.03984375
2 0.390625 0.503125 0.0140625 0.0125
16 0.1109375 0.50625 0.0078125 0.00703125
9 0.228125 0.50859375 0.028125 0.01640625
16 0.54609375 0.509375 0.0078125 0.00625
3 0.18125 0.509375 0.05234375 0.025
16 0.1109375 0.5125 0.00859375 0.00703125
9 0.5765625 0.5140625 0.02734375 0.0359375
16 0.5453125 0.5171875 0.00703125 0.0046875
9 0.6796875 0.51953125 0.05234375 0.07578125
16 0.1109375 0.51953125 0.0078125 0.00625
2 0.73203125 0.5203125 0.00859375 0.0078125
7 0.853125 0.52265625 0.03359375 0.04765625
4 0.5015625 0.52421875 0.0546875 0.11875
16 0.1109375 0.5265625 0.00859375 0.00703125
12 0.065625 0.5265625 0.0609375 0.04453125
9 0.89375 0.5265625 0.01875 0.03515625
4 0.75859375 0.5296875 0.0203125 0.015625
2 0.16015625 0.5296875 0.0078125 0.0125
4 0.64140625 0.5328125 0.01796875 0.05078125
8 0.1125 0.534375 0.01015625 0.00859375
2 0.7234375 0.534375 0.0046875 0.01171875
2 0.38984375 0.53515625 0.0140625 0.0125
9 0.92890625 0.5421875 0.04609375 0.07421875
20 0.61640625 0.54296875 0.0234375 0.04375
2 0.87734375 0.54375 0.0109375 0.025
16 0.76171875 0.54453125 0.0046875 0.0125
2 0.38984375 0.54765625 0.01328125 0.0125
2 0.8875 0.55234375 0.009375 0.0078125
2 0.8234375 0.55390625 0.0109375 0.025
9 0.578125 0.55546875 0.0265625 0.03515625
15 0.346875 0.559375 0.00546875 0.01171875
2 0.38984375 0.5609375 0.0140625 0.0125
15 0.134375 0.565625 0.01328125 0.01953125
4 0.740625 0.5703125 0.03515625 0.01171875
7 0.76484375 0.5703125 0.0125 0.0328125
2 0.878125 0.57421875 0.0109375 0.025
7 0.85078125 0.57734375 0.0203125 0.05078125
9 0.89453125 0.578125 0.0171875 0.0328125
15 0.346875 0.57890625 0.00546875 0.01171875
2 0.68203125 0.5828125 0.0140625 0.03203125
2 0.665625 0.58359375 0.01328125 0.03125
9 0.20078125 0.58515625 0.084375 0.09296875
15 0.13515625 0.58828125 0.0125 0.0203125
2 0.921875 0.58984375 0.01796875 0.01484375
2 0.940625 0.590625 0.01640625 0.01640625
2 0.39921875 0.5921875 0.0046875 0.0125
2 0.40390625 0.5921875 0.00390625 0.0125
2 0.49375 0.59296875 0.01328125 0.01015625
9 0.8171875 0.59375 0.01328125 0.01875
2 0.80703125 0.59453125 0.009375 0.00703125
4 0.746875 0.5953125 0.03203125 0.0375
4 0.08203125 0.59609375 0.0875 0.08671875
9 0.7859375 0.59609375 0.0140625 0.01953125
15 0.346875 0.59609375 0.00546875 0.0125
9 0.64609375 0.6 0.02578125 0.02578125
2 0.61015625 0.6015625 0.01328125 0.0109375
7 0.56796875 0.609375 0.0171875 0.046875
2 0.80390625 0.61171875 0.0171875 0.01640625
2 0.5859375 0.61328125 0.0046875 0.0109375
11 0.95234375 0.61328125 0.0109375 0.0296875
2 0.61015625 0.61328125 0.01328125 0.01171875
2 0.4703125 0.6140625 0.00703125 0.01953125
15 0.346875 0.6140625 0.00546875 0.0109375
2 0.66328125 0.61484375 0.0046875 0.0109375
2 0.66796875 0.61484375 0.0046875 0.01171875
4 0.7265625 0.61484375 0.0078125 0.05625
4 0.70546875 0.61796875 0.03359375 0.10625
2 0.55625 0.61953125 0.00859375 0.00859375
9 0.13984375 0.62109375 0.025 0.04609375
4 0.440625 0.6234375 0.02578125 0.0390625
4 0.40078125 0.62421875 0.02578125 0.040625
2 0.61015625 0.6265625 0.0125 0.0109375
13 0.6375 0.628125 0.00625 0.015625
4 0.7421875 0.62890625 0.02109375 0.028125
2 0.66640625 0.6296875 0.01015625 0.009375
7 0.76328125 0.6296875 0.01171875 0.0328125
4 0.68359375 0.63046875 0.01015625 0.03125
7 0.853125 0.63046875 0.03359375 0.0546875
9 0.89375 0.63203125 0.01875 0.0328125
15 0.346875 0.6328125 0.00546875 0.0109375
2 0.61015625 0.63828125 0.01328125 0.0109375
15 0.346875 0.64765625 0.00625 0.0109375
7 0.81171875 0.6484375 0.0171875 0.04921875
16 0.09765625 0.65078125 0.0046875 0.01171875
2 0.878125 0.65078125 0.01171875 0.025
9 0.93046875 0.65078125 0.0453125 0.075
7 0.7875 0.6515625 0.03125 0.046875
9 0.15703125 0.65234375 0.0140625 0.01640625
9 0.859375 0.653125 0.0296875 0.0578125
2 0.88828125 0.65859375 0.01015625 0.00625
9 0.2046875 0.671875 0.0484375 0.05625
16 0.278125 0.678125 0.01484375 0.0109375
2 0.878125 0.68125 0.01171875 0.0265625
9 0.89375 0.68359375 0.01953125 0.034375
7 0.8515625 0.684375 0.01796875 0.0484375
7 0.82890625 0.684375 0.01796875 0.04921875
13 0.15859375 0.68515625 0.00859375 0.0203125
2 0.2703125 0.68828125 0.00703125 0.00625
2 0.2859375 0.68828125 0.0078125 0.0078125
0 0.75078125 0.69140625 0.03984375 0.0328125
9 0.240625 0.69609375 0.0109375 0.0203125
2 0.921875 0.696875 0.0171875 0.01640625
4 0.25703125 0.69765625 0.01875 0.025
12 0.775 0.69765625 0.00703125 0.0203125
13 0.79921875 0.6984375 0.0296875 0.034375
2 0.940625 0.6984375 0.01796875 0.015625
16 0.16015625 0.69921875 0.0078125 0.00703125
8 0.1609375 0.70703125 0.0109375 0.00859375
2 0.15234375 0.71640625 0.0078125 0.02109375
8 0.096875 0.7171875 0.00625 0.0171875
11 0.25546875 0.71875 0.02421875 0.01796875
4 0.31328125 0.725 0.02578125 0.04140625
4 0.353125 0.725 0.02578125 0.0421875
2 0.853125 0.72578125 0.01640625 0.015625
4 0.3921875 0.72578125 0.0171875 0.09765625
9 0.88046875 0.73515625 0.01328125 0.02109375
0 0.70390625 0.73671875 0.034375 0.03203125
0 0.75078125 0.7375 0.0390625 0.03046875
0 0.79921875 0.73828125 0.03984375 0.03359375
7 0.9171875 0.74296875 0.0328125 0.02734375
12 0.72578125 0.74296875 0.00703125 0.01953125
4 0.05546875 0.74375 0.0890625 0.20625
12 0.775 0.74375 0.00703125 0.01953125
3 0.27734375 0.74453125 0.021875 0.08359375
12 0.8234375 0.7453125 0.00625 0.01953125
9 0.20390625 0.7515625 0.07578125 0.0734375
2 0.89296875 0.7546875 0.0109375 0.0265625
2 0.15546875 0.7546875 0.00859375 0.0078125
2 0.884375 0.76015625 0.0046875 0.01484375
13 0.80078125 0.778125 0.03046875 0.0328125
7 0.71015625 0.77890625 0.03359375 0.02578125
7 0.91953125 0.7796875 0.0375 0.0453125
9 0.88203125 0.78203125 0.01328125 0.02109375
8 0.09765625 0.7828125 0.01015625 0.00859375
0 0.7515625 0.78359375 0.0390625 0.0328125
12 0.775 0.790625 0.00625 0.01953125
13 0.2984375 0.85625 0.17890625 0.03046875
7 0.20234375 0.16484375 0.02734375 0.01875
4 0.8703125 0.17578125 0.03828125 0.05234375
12 0.934375 0.17578125 0.009375 0.028125
12 0.92109375 0.1765625 0.0125 0.00859375
11 0.19375 0.18515625 0.021875 0.02109375
4 0.21015625 0.18671875 0.0109375 0.015625
4 0.3359375 0.1890625 0.23515625 0.08046875
12 0.92109375 0.1890625 0.0125 0.009375
4 0.5765625 0.18984375 0.23203125 0.0796875
4 0.7140625 0.19453125 0.02421875 0.1140625
16 0.93671875 0.19453125 0.0078125 0.0078125
18 0.8765625 0.19609375 0.05078125 0.128125
4 0.93515625 0.20703125 0.0109375 0.015625
11 0.94609375 0.209375 0.01171875 0.03203125
12 0.8546875 0.21015625 0.0125 0.009375
12 0.11015625 0.21484375 0.0140625 0.0109375
11 0.73203125 0.21953125 0.00859375 0.03046875
12 0.11015625 0.228125 0.01328125 0.01015625
11 0.20625 0.23671875 0.0140625 0.02890625
12 0.11015625 0.240625 0.01484375 0.0125
4 0.18046875 0.25390625 0.01171875 0.015625
12 0.11015625 0.2546875 0.0140625 0.01015625
4 0.2078125 0.26015625 0.0109375 0.0140625
4 0.19140625 0.26015625 0.01328125 0.10703125