9 0.6515625 0.32265625 0.1546875 0.16796875
9 0.31015625 0.33125 0.203125 0.14296875
1 0.13359375 0.3625 0.05703125 0.028125
17 0.47578125 0.38828125 0.02578125 0.06171875
1 0.5078125 0.38828125 0.02734375 0.06328125
1 0.84921875 0.39140625 0.02421875 0.06015625
14 0.0328125 0.4515625 0.065625 0.85859375
14 0.940625 0.4421875 0.0765625 0.8578125
17 0.2640625 0.484375 0.05703125 0.03203125
17 0.26328125 0.5203125 0.05703125 0.03203125
17 0.26328125 0.52109375 0.05859375 0.03046875
3 0.1515625 0.525 0.10703125 0.12734375
1 0.290625 0.60703125 0.03515625 0.07578125
9 0.8046875 0.61796875 0.090625 0.15859375
9 0.48125 0.6296875 0.31328125 0.3390625
1 0.21875 0.74765625 0.03359375 0.0765625
1 0.85703125 0.82265625 0.05703125 0.0296875
1 0.7109375 0.8265625 0.03203125 0.07578125
1 0.671875 0.82890625 0.03359375 0.0765625
1 0.7453125 0.82890625 0.028125 0.06484375
9 0.78671875 0.84765625 0.04609375 0.04296875
1 0.56640625 0.85859375 0.02734375 0.06171875
1 0.59765625 0.8578125 0.02890625 0.06171875
1 0.62734375 0.8578125 0.02578125 0.0625
1 0.86015625 0.86171875 0.0703125 0.03828125
4 0.66640625 0.0765625 0.18828125 0.153125
14 0.53125 0.9375 0.88671875 0.08828125
9 0.4625 0.090625 0.07265625 0.0578125
10 0.371875 0.09375 0.0734375 0.08125
17 0.52421875 0.0921875 0.03046875 0.06171875
1 0.31484375 0.096875 0.0359375 0.075
11 0.1703125 0.103125 0.103125 0.07109375
4 0.24296875 0.10703125 0.04609375 0.059375
1 0.78671875 0.12890625 0.0296875 0.06328125
17 0.51015625 0.15 0.0578125 0.03046875
17 0.359375 0.1796875 0.059375 0.028125
17 0.42109375 0.1796875 0.0578125 0.03203125
17 0.509375 0.1796875 0.05625 0.03203125
4 0.85390625 0.20703125 0.04375 0.26328125
9 0.509375 0.26484375 0.0890625 0.12578125
3 0.78125 0.296875 0.0828125 0.2578125