21 0.565625 0.2265625 0.04375 0.028125
4 0.3953125 0.2140625 0.09921875 0.0609375
13 0.47734375 0.22734375 0.0421875 0.0265625
13 0.47265625 0.2484375 0.0421875 0.025
1 0.8546875 0.32109375 0.0453125 0.028125
13 0.46953125 0.26875 0.040625 0.0234375
21 0.76171875 0.31484375 0.0265625 0.04296875
21 0.43984375 0.2765625 0.0234375 0.03828125
21 0.59296875 0.315625 0.025 0.04140625
21 0.25625 0.2671875 0.0421875 0.0265625
21 0.5828125 0.3546875 0.03828125 0.0234375
1 0.71875 0.390625 0.1125 0.07734375
21 0.49296875 0.35859375 0.03046875 0.04140625
14 0.0578125 0.31875 0.1125 0.35
1 0.603125 0.40859375 0.0484375 0.07734375
21 0.5140625 0.40703125 0.0421875 0.028125
21 0.4015625 0.3921875 0.0421875 0.025
21 0.51328125 0.4265625 0.040625 0.025
17 0.44609375 0.42421875 0.0234375 0.03984375
21 0.3296875 0.42734375 0.025 0.03984375
21 0.26328125 0.43046875 0.0234375 0.0359375
17 0.440625 0.459375 0.025 0.03828125
10 0.53203125 0.475 0.03359375 0.059375
21 0.5109375 0.47421875 0.025 0.04140625
10 0.38125 0.45703125 0.03359375 0.05625
20 0.73671875 0.5125 0.05390625 0.04765625
21 0.33359375 0.45625 0.040625 0.025
21 0.40703125 0.4859375 0.03828125 0.02109375
17 0.48046875 0.49765625 0.0421875 0.025
1 0.44375 0.49375 0.03828125 0.0265625
17 0.7265625 0.5546875 0.04375 0.0265625
21 0.546875 0.52734375 0.04375 0.03125
21 0.503125 0.52578125 0.0265625 0.04140625
17 0.428125 0.51953125 0.0265625 0.03984375
21 0.34375 0.509375 0.04375 0.028125
17 0.76328125 0.59140625 0.0234375 0.04140625
17 0.7890625 0.59765625 0.025 0.03984375
4 0.53828125 0.09140625 0.91953125 0.1828125
17 0.4984375 0.5640625 0.03046875 0.04296875
21 0.4234375 0.55703125 0.02890625 0.03828125
17 0.34140625 0.5484375 0.0421875 0.025
21 0.27265625 0.54375 0.02890625 0.04140625
21 0.3984375 0.58671875 0.025 0.04140625
21 0.56953125 0.6328125 0.02890625 0.04140625
21 0.43203125 0.62734375 0.025 0.03984375
4 0.03203125 0.5875 0.0640625 0.15546875
1 0.49375 0.71640625 0.07890625 0.10859375
17 0.290625 0.734375 0.0265625 0.04296875
17 0.3234375 0.7421875 0.03046875 0.04609375
17 0.465625 0.77890625 0.0421875 0.0265625
1 0.7390625 0.8546875 0.109375 0.07890625
21 0.515625 0.82265625 0.025 0.03828125
9 0.465625 0.81875 0.06171875 0.059375
21 0.415625 0.82109375 0.02890625 0.04140625
4 0.4546875 0.91328125 0.909375 0.1703125