21 0.49609375 0.2203125 0.04140625 0.02421875
4 0.32734375 0.24765625 0.0953125 0.05546875
13 0.41171875 0.23984375 0.03984375 0.02421875
13 0.4125 0.26171875 0.04140625 0.02109375
1 0.7984375 0.2421875 0.04296875 0.02421875
13 0.41484375 0.2828125 0.03984375 0.02109375
21 0.70703125 0.2578125 0.0234375 0.040625
21 0.3875 0.29765625 0.021875 0.0375
21 0.5453125 0.2984375 0.0234375 0.0390625
21 0.20703125 0.33203125 0.03984375 0.02421875
21 0.54453125 0.33828125 0.03828125 0.02109375
1 0.684375 0.3421875 0.10859375 0.0703125
21 0.459375 0.3640625 0.028125 0.0390625
14 0.0375 0.428125 0.075 0.34765625
1 0.5765625 0.38515625 0.04296875 0.07578125
21 0.49140625 0.4046875 0.03984375 0.0265625
21 0.378125 0.41640625 0.03984375 0.02265625
21 0.49609375 0.42421875 0.03828125 0.02265625
17 0.42890625 0.4375 0.021875 0.0390625
21 0.31796875 0.46953125 0.0234375 0.0375
21 0.25390625 0.48671875 0.021875 0.0359375
17 0.43359375 0.4734375 0.0234375 0.0359375
10 0.525 0.46640625 0.0296875 0.05703125
21 0.5046875 0.4703125 0.0234375 0.0390625
10 0.375 0.484375 0.0296875 0.05390625
20 0.7296875 0.4546875 0.05 0.04453125
21 0.32890625 0.4953125 0.03828125 0.02265625
21 0.40546875 0.50625 0.03828125 0.01953125
17 0.48203125 0.5015625 0.03984375 0.02265625
1 0.44296875 0.50546875 0.03671875 0.02421875
17 0.73046875 0.496875 0.04140625 0.02265625
21 0.55234375 0.5140625 0.04140625 0.028125
21 0.509375 0.52109375 0.025 0.0390625
17 0.4359375 0.53515625 0.025 0.0375
21 0.35234375 0.54375 0.04140625 0.02421875
17 0.775 0.5234375 0.0203125 0.040625
17 0.8015625 0.5234375 0.0234375 0.0375
4 0.47265625 0.0734375 0.9453125 0.146875
17 0.51328125 0.56015625 0.0265625 0.040625
21 0.43984375 0.5703125 0.0265625 0.0359375
17 0.36015625 0.58359375 0.03984375 0.02265625
21 0.29140625 0.5953125 0.0265625 0.0390625
21 0.4234375 0.60625 0.0234375 0.0390625
21 0.6 0.61015625 0.0265625 0.0390625
21 0.46484375 0.63671875 0.0234375 0.0375
4 0.06015625 0.69609375 0.0765625 0.14921875
1 0.54609375 0.7078125 0.071875 0.1046875
17 0.3546875 0.77421875 0.0234375 0.040625
17 0.38984375 0.77265625 0.0265625 0.04453125
17 0.53359375 0.77421875 0.03984375 0.02421875
1 0.8171875 0.78359375 0.1046875 0.071875
21 0.5953125 0.80625 0.0234375 0.0359375
9 0.5453125 0.81328125 0.06015625 0.05546875
21 0.496875 0.828125 0.0265625 0.0390625
4 0.52734375 0.9296875 0.94140625 0.1375