21 0.5203125 0.2203125 0.03984375 0.02109375
4 0.35078125 0.23359375 0.09140625 0.04765625
13 0.434375 0.23359375 0.03828125 0.02109375
13 0.43359375 0.2546875 0.03984375 0.01796875
2 0.82109375 0.26796875 0.04140625 0.02109375
13 0.434375 0.2765625 0.03828125 0.01796875
21 0.7265625 0.27734375 0.0203125 0.0390625
21 0.40546875 0.28828125 0.01796875 0.0359375
21 0.56171875 0.30234375 0.0203125 0.0375
21 0.22265625 0.30703125 0.03828125 0.02109375
21 0.55859375 0.34375 0.03671875 0.01796875
2 0.696875 0.35703125 0.103125 0.0625
21 0.47109375 0.36015625 0.025 0.0375
14 0.0375 0.3875 0.05859375 0.34296875
2 0.58671875 0.3921875 0.03671875 0.071875
21 0.49921875 0.4046875 0.03828125 0.02265625
21 0.3859375 0.40625 0.03828125 0.01953125
21 0.5015625 0.42421875 0.03671875 0.01953125
16 0.434375 0.43203125 0.01796875 0.0375
21 0.321875 0.45390625 0.0203125 0.0359375
21 0.2578125 0.46640625 0.01796875 0.034375
16 0.43515625 0.46796875 0.0203125 0.034375
10 0.52734375 0.46875 0.025 0.05546875
21 0.50703125 0.47109375 0.0203125 0.0375
10 0.37578125 0.4734375 0.025 0.05234375
20 0.73359375 0.47421875 0.046875 0.040625
21 0.3296875 0.48046875 0.03671875 0.01953125
21 0.40703125 0.4984375 0.03671875 0.01640625
16 0.48046875 0.5 0.03828125 0.01953125
2 0.44453125 0.50078125 0.03515625 0.02109375
16 0.7296875 0.51640625 0.03984375 0.01953125
21 0.55 0.5171875 0.03984375 0.02421875
21 0.5078125 0.521875 0.021875 0.0375
16 0.4328125 0.5296875 0.021875 0.0359375
21 0.3484375 0.53046875 0.03984375 0.02109375
16 0.771875 0.54765625 0.01640625 0.0390625
16 0.7984375 0.54921875 0.0203125 0.0359375
4 0.496875 0.05546875 0.96640625 0.0953125
16 0.50859375 0.5609375 0.0234375 0.0390625
21 0.43515625 0.56484375 0.0234375 0.034375
16 0.35234375 0.5703125 0.03828125 0.01953125
21 0.28359375 0.5765625 0.0234375 0.0375
21 0.41484375 0.59921875 0.0203125 0.0375
21 0.58984375 0.61875 0.0234375 0.0375
21 0.453125 0.6328125 0.0203125 0.0359375
4 0.04296875 0.65703125 0.06328125 0.14453125
2 0.528125 0.7109375 0.06328125 0.1
16 0.33203125 0.7609375 0.0203125 0.0390625
16 0.36484375 0.7625 0.0234375 0.04296875
16 0.509375 0.7765625 0.03828125 0.02109375
2 0.78984375 0.8109375 0.1 0.0640625
21 0.56640625 0.8125 0.0203125 0.034375
9 0.5171875 0.815625 0.0546875 0.05078125
21 0.46640625 0.82578125 0.0234375 0.0375
4 0.49765625 0.946875 0.95859375 0.08671875