21 0.58203125 0.20078125 0.0453125 0.0296875
4 0.40546875 0.18203125 0.1046875 0.0671875
13 0.4921875 0.19765625 0.04375 0.0296875
13 0.4859375 0.21953125 0.0453125 0.02578125
1 0.88203125 0.30859375 0.046875 0.03125
13 0.48359375 0.2421875 0.04375 0.02578125
21 0.78359375 0.3 0.028125 0.04453125
21 0.45 0.2484375 0.0265625 0.04140625
21 0.60859375 0.29375 0.028125 0.04296875
21 0.2578125 0.23203125 0.04375 0.0296875
21 0.59765625 0.33515625 0.0421875 0.02578125
1 0.7359375 0.3765625 0.11875 0.084375
21 0.5046875 0.33515625 0.03359375 0.04296875
14 0.059375 0.28125 0.11875 0.365625
1 0.6171875 0.390625 0.05234375 0.08125
21 0.5234375 0.3859375 0.04375 0.03125
21 0.40625 0.3671875 0.04375 0.02734375
21 0.52265625 0.40859375 0.0421875 0.02734375
17 0.4515625 0.40234375 0.0265625 0.04296875
21 0.33046875 0.4015625 0.028125 0.04140625
21 0.26171875 0.40234375 0.0265625 0.03984375
17 0.44375 0.440625 0.028125 0.03984375
10 0.5390625 0.45859375 0.03671875 0.06171875
21 0.5171875 0.4578125 0.028125 0.04296875
10 0.38203125 0.434375 0.03671875 0.05859375
20 0.75 0.50546875 0.05625 0.0515625
21 0.33359375 0.43125 0.0421875 0.02734375
21 0.409375 0.465625 0.0421875 0.02421875
17 0.48515625 0.48125 0.04375 0.02734375
1 0.446875 0.475 0.03984375 0.0296875
17 0.73984375 0.5484375 0.0453125 0.02734375
21 0.55234375 0.51328125 0.0453125 0.0328125
21 0.5078125 0.509375 0.0296875 0.04296875
17 0.42890625 0.5015625 0.0296875 0.04140625
21 0.34296875 0.48671875 0.0453125 0.0296875
17 0.77421875 0.5890625 0.02421875 0.04296875
17 0.80234375 0.59453125 0.028125 0.04140625
4 0.54453125 0.0859375 0.9046875 0.171875
17 0.5015625 0.55 0.03125 0.04453125
21 0.425 0.5390625 0.03125 0.03984375
17 0.33828125 0.5296875 0.04375 0.02734375
21 0.265625 0.521875 0.03125 0.04296875
21 0.396875 0.571875 0.028125 0.04296875
21 0.5734375 0.625 0.03125 0.04296875
21 0.4296875 0.6140625 0.028125 0.04140625
4 0.0265625 0.559375 0.05234375 0.1640625
1 0.490625 0.7078125 0.0859375 0.115625
17 0.278125 0.7203125 0.028125 0.04453125
17 0.31171875 0.7296875 0.03359375 0.0484375
17 0.45859375 0.7734375 0.04375 0.0296875
1 0.74140625 0.86171875 0.115625 0.0859375
21 0.51015625 0.821875 0.028125 0.03984375
9 0.4578125 0.81484375 0.06640625 0.0640625
21 0.40390625 0.81484375 0.03125 0.04296875
4 0.45546875 0.90234375 0.9109375 0.19140625