14 0.1609375 0.4640625 0.06171875 0.10234375
14 0.078125 0.48671875 0.0453125 0.04375
14 0.9203125 0.34140625 0.0421875 0.14375
14 0.18359375 0.5515625 0.0328125 0.0703125
14 0.225 0.55234375 0.025 0.05703125
14 0.8953125 0.41953125 0.0265625 0.03515625
14 0.85625 0.453125 0.059375 0.07421875
14 0.7890625 0.47109375 0.059375 0.07421875
17 0.896875 0.46171875 0.00859375 0.0171875
14 0.9046875 0.47734375 0.025 0.03515625
14 0.9375 0.48125 0.02890625 0.0890625
14 0.83359375 0.53515625 0.1015625 0.0859375
14 0.9109375 0.52734375 0.025 0.034375
14 0.74140625 0.58359375 0.04140625 0.14453125
14 0.9203125 0.5875 0.025 0.034375
14 0.95390625 0.59609375 0.02890625 0.0875
14 0.06640625 0.17890625 0.0140625 0.01953125
14 0.84765625 0.63203125 0.05078125 0.10234375
14 0.80234375 0.64375 0.02890625 0.09375
14 0.89296875 0.61953125 0.0296875 0.0953125
14 0.92578125 0.6328125 0.02578125 0.03515625
14 0.9359375 0.709375 0.02578125 0.03515625
14 0.96953125 0.71328125 0.03046875 0.0890625
14 0.94296875 0.76015625 0.0296875 0.05234375
14 0.6265625 0.8453125 0.3546875 0.14140625
14 0.31171875 0.978125 0.0984375 0.0421875
17 0.81796875 0.0125 0.01015625 0.01796875
17 0.83046875 0.01484375 0.0109375 0.0125
4 0.8578125 0.0328125 0.08125 0.065625
17 0.80625 0.021875 0.0125 0.0140625
14 0.05703125 0.2546875 0.03203125 0.0625
14 0.8390625 0.0765625 0.0171875 0.04765625
14 0.0453125 0.31640625 0.05625 0.22734375
14 0.1203125 0.32578125 0.05390625 0.13671875
14 0.07265625 0.3625 0.0328125 0.06328125
14 0.89765625 0.1828125 0.04140625 0.14296875
14 0.08046875 0.13203125 0.0296875 0.0640625