1 0.6359375 0.3453125 0.01796875 0.034375
14 0.6546875 0.3421875 0.01796875 0.05234375
14 0.82578125 0.3140625 0.04921875 0.11015625
14 0.01328125 0.51171875 0.0265625 0.03125
14 0.6640625 0.41875 0.01953125 0.05390625
1 0.17109375 0.578125 0.01171875 0.01171875
14 0.83828125 0.41953125 0.0359375 0.09609375
4 0.90390625 0.40625 0.06015625 0.2078125
14 0.1234375 0.0953125 0.04140625 0.03203125
14 0.28515625 0.05546875 0.040625 0.03046875
14 0.20546875 0.075 0.09140625 0.04296875
14 0.84765625 0.4984375 0.04140625 0.05625
14 0.06484375 0.75234375 0.0484375 0.13046875
14 0.0953125 0.7453125 0.034375 0.08203125
14 0.89375 0.578125 0.01796875 0.05234375
17 0.88984375 0.640625 0.01171875 0.01953125
13 0.9140625 0.63515625 0.01171875 0.02265625
17 0.87734375 0.6515625 0.01328125 0.01328125
17 0.90234375 0.6453125 0.01328125 0.01484375
4 0.93203125 0.63828125 0.08359375 0.11640625
14 0.06953125 0.88046875 0.03125 0.0671875
14 0.91015625 0.71171875 0.01796875 0.0546875
14 0.05859375 0.9109375 0.0484375 0.1765625
14 0.1359375 0.94296875 0.0578125 0.11328125
14 0.084375 0.98046875 0.0328125 0.03828125
14 0.20859375 0.1078125 0.0609375 0.04921875
14 0.97109375 0.82109375 0.04296875 0.1453125
1 0.05859375 0.15078125 0.01953125 0.040625
1 0.3578125 0.08046875 0.01796875 0.03671875
14 0.78359375 0.009375 0.0546875 0.01875
14 0.50390625 0.06953125 0.09140625 0.1390625
14 0.8140625 0.05234375 0.0609375 0.09453125
14 0.80234375 0.1296875 0.0421875 0.0578125
1 0.61640625 0.18984375 0.01796875 0.0375
14 0.63515625 0.1859375 0.01875 0.05546875
14 0.71953125 0.1671875 0.07734375 0.07109375
1 0.65546875 0.2 0.0171875 0.03515625
14 0.00390625 0.3671875 0.0078125 0.028125
14 0.69921875 0.21796875 0.0421875 0.0296875
14 0.81171875 0.2078125 0.0390625 0.09609375
4 0.87578125 0.196875 0.0609375 0.20703125
4 0.003125 0.40859375 0.00625 0.0234375
14 0.64375 0.26328125 0.01796875 0.0515625