6 0.1625 0.3328125 0.01875 0.0140625
2 0.6140625 0.33359375 0.01015625 0.009375
2 0.225 0.33359375 0.01328125 0.01171875
20 0.25859375 0.340625 0.01484375 0.02265625
2 0.24609375 0.340625 0.0078125 0.01875
2 0.1953125 0.3453125 0.00625 0.01328125
2 0.1859375 0.34765625 0.00859375 0.01796875
15 0.771875 0.34921875 0.01328125 0.02109375
7 0.6046875 0.3515625 0.0359375 0.0203125
6 0.16171875 0.35234375 0.01875 0.0140625
2 0.246875 0.35703125 0.00859375 0.0078125
16 0.7875 0.3578125 0.0078125 0.01796875
2 0.2640625 0.359375 0.01796875 0.0125
9 0.734375 0.359375 0.0328125 0.06796875
2 0.75859375 0.3640625 0.0078125 0.0171875
2 0.24609375 0.36953125 0.01015625 0.009375
9 0.21953125 0.3703125 0.0375 0.0625
2 0.1875 0.371875 0.00546875 0.01171875
16 0.16953125 0.37265625 0.0078125 0.01953125
16 0.1796875 0.37265625 0.00703125 0.0171875
2 0.2640625 0.3734375 0.01796875 0.0125
2 0.6390625 0.375 0.00859375 0.01953125
7 0.6046875 0.3796875 0.0359375 0.01953125
15 0.7765625 0.3796875 0.01328125 0.02109375
2 0.24609375 0.38125 0.009375 0.009375
2 0.32109375 0.38125 0.003125 0.0125
19 0.19453125 0.384375 0.00703125 0.009375
16 0.7875 0.38828125 0.00703125 0.015625
16 0.17890625 0.3921875 0.0078125 0.0171875
16 0.16953125 0.39453125 0.0078125 0.01796875
2 0.1875 0.3953125 0.00546875 0.0125
20 0.25859375 0.39609375 0.0140625 0.02265625
2 0.24609375 0.39609375 0.00859375 0.01796875
2 0.61328125 0.3984375 0.01328125 0.01171875
7 0.29375 0.39921875 0.05 0.0703125
2 0.759375 0.40234375 0.00859375 0.01796875
2 0.19453125 0.40234375 0.0046875 0.01328125
15 0.771875 0.4078125 0.01328125 0.01953125
9 0.5828125 0.4109375 0.0453125 0.03828125
2 0.61328125 0.41171875 0.0140625 0.01171875
16 0.79765625 0.4125 0.0078125 0.0171875
16 0.7875 0.4125 0.0078125 0.01640625
13 0.221875 0.41796875 0.00703125 0.015625
2 0.24609375 0.41796875 0.0078125 0.01796875
16 0.2140625 0.41875 0.00859375 0.01796875
16 0.2046875 0.41953125 0.0078125 0.01875
16 0.19453125 0.41953125 0.00859375 0.01875
16 0.18515625 0.41953125 0.0078125 0.0203125
4 0.89609375 0.4203125 0.03515625 0.0171875
7 0.2578125 0.42265625 0.0140625 0.028125
2 0.6140625 0.425 0.01015625 0.00703125
4 0.68125 0.4296875 0.05859375 0.2484375
15 0.771875 0.43046875 0.0125 0.0203125
9 0.734375 0.43046875 0.0328125 0.06796875
2 0.3140625 0.43359375 0.00703125 0.00546875
13 0.88671875 0.43671875 0.01328125 0.01171875
16 0.9015625 0.43671875 0.0140625 0.0125
6 0.16171875 0.440625 0.01796875 0.01171875
2 0.7578125 0.44140625 0.00859375 0.01796875
16 0.17890625 0.44140625 0.01328125 0.0109375
7 0.6046875 0.44296875 0.03515625 0.02265625
7 0.63359375 0.44453125 0.0203125 0.0203125
2 0.3140625 0.44453125 0.00859375 0.00625
2 0.24296875 0.453125 0.00859375 0.01953125
2 0.23359375 0.453125 0.0078125 0.01796875
16 0.2609375 0.4546875 0.01640625 0.01328125
9 0.209375 0.45625 0.03515625 0.0421875
6 0.16171875 0.4609375 0.0171875 0.01171875
16 0.17890625 0.4609375 0.0125 0.01015625
7 0.29296875 0.4734375 0.0515625 0.06484375
7 0.55390625 0.47421875 0.0359375 0.021875
2 0.23359375 0.47421875 0.0078125 0.01796875
2 0.24296875 0.47421875 0.0078125 0.01796875
2 0.584375 0.47578125 0.0046875 0.01171875
2 0.63984375 0.47578125 0.00625 0.01171875
16 0.765625 0.4765625 0.0125 0.0109375
16 0.2609375 0.47734375 0.01796875 0.01328125
6 0.16171875 0.48046875 0.0171875 0.01328125
16 0.17890625 0.48046875 0.01328125 0.009375
2 0.1953125 0.48984375 0.00859375 0.01875
16 0.765625 0.48984375 0.0125 0.0109375
7 0.21171875 0.490625 0.0203125 0.01953125
16 0.178125 0.49375 0.0125 0.0109375
7 0.553125 0.4953125 0.03671875 0.02109375
2 0.23046875 0.49609375 0.0125 0.0125
9 0.6125 0.496875 0.04453125 0.0765625
2 0.8125 0.49921875 0.00859375 0.01796875
7 0.828125 0.5 0.0203125 0.0203125
7 0.24921875 0.5 0.0203125 0.01796875
2 0.8046875 0.5 0.00625 0.01328125
6 0.16171875 0.5 0.0171875 0.01328125
13 0.85625 0.50625 0.03046875 0.03984375
2 0.584375 0.509375 0.00625 0.0140625
2 0.21328125 0.51015625 0.01328125 0.0125
2 0.19765625 0.51015625 0.01328125 0.0109375
4 0.10390625 0.51015625 0.09765625 0.19140625
7 0.55390625 0.0515625 0.0359375 0.02109375
2 0.63984375 0.51796875 0.00546875 0.0125
12 0.91015625 0.51875 0.009375 0.025
12 0.89921875 0.51875 0.01015625 0.02578125
12 0.88828125 0.51875 0.01015625 0.025
2 0.87578125 0.5203125 0.01015625 0.0078125
16 0.17890625 0.52109375 0.0125 0.0109375
2 0.29296875 0.52421875 0.01015625 0.00859375
2 0.23515625 0.053125 0.01328125 0.01171875
2 0.278125 0.053125 0.0125 0.0109375
2 0.25 0.053125 0.01328125 0.01171875
2 0.2640625 0.053125 0.0125 0.01171875
2 0.29296875 0.053125 0.01328125 0.0109375
2 0.3078125 0.053125 0.01328125 0.01171875
2 0.33671875 0.053125 0.01328125 0.01171875
16 0.75390625 0.5328125 0.01328125 0.0109375
2 0.321875 0.05390625 0.01328125 0.0109375
16 0.8546875 0.53671875 0.0078125 0.0171875
2 0.2375 0.53671875 0.009375 0.01875
16 0.84453125 0.53671875 0.00859375 0.01796875
2 0.83125 0.53984375 0.0140625 0.01171875
6 0.16171875 0.53984375 0.01796875 0.01171875
16 0.17890625 0.540625 0.01328125 0.0109375
16 0.9 0.54296875 0.00859375 0.01796875
16 0.8890625 0.54296875 0.00859375 0.01796875
2 0.878125 0.54296875 0.00859375 0.01796875
16 0.9109375 0.54375 0.009375 0.01796875
10 0.86640625 0.54609375 0.01328125 0.028125
9 0.2109375 0.54765625 0.03828125 0.0625
2 0.259375 0.54765625 0.00546875 0.015625
2 0.75546875 0.54765625 0.009375 0.00859375
9 0.79140625 0.54921875 0.05859375 0.0828125
2 0.82734375 0.55078125 0.009375 0.009375
9 0.28828125 0.5515625 0.05 0.04609375
2 0.85234375 0.55390625 0.0125 0.0109375
2 0.75390625 0.559375 0.0125 0.0125
6 0.16171875 0.56015625 0.01796875 0.01328125
16 0.17890625 0.56015625 0.0125 0.0109375
9 0.63671875 0.5609375 0.01328125 0.01875
2 0.63671875 0.5734375 0.009375 0.00703125
9 0.68046875 0.57890625 0.05 0.04609375
6 0.16171875 0.5796875 0.01875 0.0140625
16 0.17890625 0.58046875 0.01328125 0.0109375
2 0.90078125 0.58203125 0.03125 0.028125
2 0.2328125 0.5890625 0.01015625 0.00859375
2 0.803125 0.596875 0.01328125 0.0109375
16 0.76484375 0.59765625 0.00859375 0.01796875
9 0.20859375 0.59765625 0.034375 0.0296875
15 0.1671875 0.5984375 0.0140625 0.0203125
2 0.78359375 0.6015625 0.00546875 0.0140625
16 0.8046875 0.6109375 0.003125 0.00859375
16 0.8109375 0.6109375 0.00390625 0.009375
2 0.1359375 0.6125 0.01328125 0.0109375
2 0.67890625 0.61484375 0.0078125 0.01953125
2 0.7953125 0.615625 0.0046875 0.01328125
7 0.6484375 0.61640625 0.0203125 0.0203125
3 0.7203125 0.61640625 0.075 0.08125
16 0.76484375 0.6171875 0.0078125 0.01796875
2 0.80703125 0.62109375 0.00859375 0.00703125
2 0.15234375 0.621875 0.00546875 0.0140625
16 0.1609375 0.62265625 0.00703125 0.01796875
10 0.1078125 0.62265625 0.01328125 0.028125
16 0.178125 0.6234375 0.00859375 0.01875
5 0.19375 0.6234375 0.01484375 0.0203125
5 0.21171875 0.62421875 0.015625 0.01953125
16 0.11953125 0.62578125 0.00859375 0.01953125
2 0.09609375 0.6265625 0.00859375 0.01875
2 0.13828125 0.62890625 0.01875 0.01328125
2 0.8078125 0.63046875 0.00625 0.0046875
2 0.7953125 0.63515625 0.00546875 0.01328125
2 0.146875 0.6390625 0.01015625 0.00859375
16 0.8046875 0.640625 0.00390625 0.01015625
16 0.8109375 0.640625 0.00390625 0.01015625
2 0.76640625 0.640625 0.0125 0.01171875
4 0.87109375 0.6453125 0.11015625 0.11328125
2 0.16875 0.64765625 0.009375 0.00703125
13 0.7296875 0.6515625 0.01015625 0.01015625
16 0.76640625 0.65390625 0.0125 0.01171875
13 0.11953125 0.6546875 0.009375 0.0203125
2 0.8109375 0.65546875 0.00625 0.0125
11 0.103125 0.65625 0.01484375 0.03515625
16 0.1703125 0.6625 0.0078125 0.01796875
3 0.140625 0.6640625 0.028125 0.04140625
2 0.8015625 0.665625 0.009375 0.02421875
16 0.18203125 0.665625 0.0140625 0.01328125
6 0.79140625 0.66640625 0.009375 0.02421875
2 0.725 0.66875 0.0140625 0.01171875
10 0.7640625 0.67109375 0.01953125 0.0171875
16 0.11953125 0.67578125 0.0078125 0.01953125
4 0.196875 0.06796875 0.0546875 0.07734375
16 0.18203125 0.67890625 0.0125 0.0109375
4 0.1046875 0.68125 0.0125 0.01484375
16 0.16015625 0.68203125 0.0078125 0.015625
16 0.17109375 0.68203125 0.0078125 0.0171875
10 0.74296875 0.6828125 0.01953125 0.04296875
16 0.72578125 0.68359375 0.0140625 0.0125
2 0.7671875 0.68828125 0.01328125 0.0125
2 0.809375 0.68984375 0.00859375 0.01796875
16 0.8 0.68984375 0.00859375 0.01875
2 0.790625 0.68984375 0.0078125 0.01796875
2 0.16875 0.696875 0.009375 0.0078125
2 0.725 0.6984375 0.01328125 0.0125
2 0.11953125 0.7 0.00859375 0.01796875
16 0.1421875 0.7 0.009375 0.01796875
16 0.23125 0.70078125 0.0078125 0.01875
16 0.2109375 0.7015625 0.00859375 0.01953125
16 0.240625 0.7015625 0.00859375 0.01796875
16 0.22109375 0.7015625 0.00859375 0.0203125
2 0.1546875 0.70234375 0.00546875 0.0140625
10 0.13125 0.703125 0.01328125 0.02734375
7 0.77109375 0.7109375 0.0203125 0.01953125
7 0.79609375 0.7109375 0.0203125 0.01875
9 0.1703125 0.71171875 0.015625 0.021875
2 0.146875 0.7171875 0.009375 0.00859375
7 0.73515625 0.71796875 0.03359375 0.0203125
4 0.2859375 0.721875 0.0578125 0.25078125
7 0.55390625 0.07265625 0.03671875 0.0203125
4 0.0765625 0.7265625 0.06875 0.09375
2 0.17421875 0.728125 0.009375 0.0078125
6 0.85390625 0.734375 0.01875 0.01328125
16 0.821875 0.734375 0.0125 0.0109375
16 0.83671875 0.734375 0.0125 0.0109375
16 0.1625 0.734375 0.0078125 0.01796875
7 0.78359375 0.0734375 0.03671875 0.021875
2 0.32421875 0.73984375 0.00546875 0.01484375
2 0.18515625 0.73984375 0.01875 0.0140625
2 0.38125 0.74140625 0.00625 0.0125
3 0.140625 0.74375 0.028125 0.04453125
9 0.353125 0.75234375 0.04453125 0.078125
16 0.821875 0.75234375 0.0125 0.0109375
16 0.8359375 0.753125 0.0125 0.0109375
6 0.853125 0.753125 0.01796875 0.0140625
16 0.1625 0.75390625 0.00859375 0.01796875
6 0.184375 0.7546875 0.01953125 0.0140625
2 0.240625 0.75625 0.01328125 0.0109375
2 0.11953125 0.76328125 0.00859375 0.01875
4 0.896875 0.76328125 0.0640625 0.1078125
16 0.803125 0.76640625 0.0125 0.02109375
2 0.821875 0.76640625 0.0125 0.0109375
2 0.1875 0.76875 0.01328125 0.01171875
2 0.240625 0.76953125 0.0125 0.0109375
16 0.1453125 0.771875 0.01484375 0.01171875
20 0.8375 0.77265625 0.01328125 0.0203125
2 0.32421875 0.77421875 0.00625 0.015625
20 0.85703125 0.77421875 0.0125 0.02265625
2 0.38046875 0.77421875 0.00625 0.0140625
20 0.41796875 0.7765625 0.015625 0.0203125
11 0.103125 0.78046875 0.01640625 0.03359375
13 0.11953125 0.78203125 0.00859375 0.01796875
2 0.85625 0.79453125 0.01328125 0.0109375
2 0.33671875 0.79921875 0.009375 0.00859375
2 0.325 0.80078125 0.00703125 0.01875
16 0.11875 0.80234375 0.009375 0.0203125
20 0.41796875 0.80234375 0.015625 0.0203125
9 0.23046875 0.803125 0.0328125 0.0546875
4 0.1046875 0.80390625 0.01328125 0.015625
4 0.1421875 0.08046875 0.053125 0.10078125
9 0.33671875 0.81328125 0.0125 0.01796875
7 0.8234375 0.81484375 0.02109375 0.0203125
9 0.80078125 0.8234375 0.021875 0.046875
20 0.41796875 0.82890625 0.015625 0.0203125
16 0.08203125 0.82890625 0.01328125 0.0109375
20 0.09921875 0.834375 0.015625 0.01953125
16 0.821875 0.84140625 0.0125 0.0109375
6 0.85234375 0.84140625 0.0203125 0.015625
16 0.83671875 0.84140625 0.0125 0.01171875
15 0.08203125 0.85234375 0.0140625 0.0203125
2 0.80625 0.85390625 0.009375 0.0078125
20 0.41796875 0.8546875 0.015625 0.0203125
2 0.2609375 0.85625 0.01328125 0.0109375
2 0.28984375 0.85625 0.0125 0.0109375
16 0.09921875 0.85703125 0.0125 0.01171875
6 0.853125 0.85859375 0.01875 0.01328125
16 0.83671875 0.859375 0.0125 0.0109375
16 0.821875 0.859375 0.0125 0.01171875
7 0.321875 0.8625 0.0203125 0.01875
4 0.89765625 0.8703125 0.0640625 0.10546875
2 0.821875 0.87265625 0.01328125 0.0109375
14 0.803125 0.875 0.0125 0.0203125
16 0.08203125 0.875 0.0125 0.0109375
20 0.41796875 0.88046875 0.015625 0.0203125
20 0.8375 0.88046875 0.0140625 0.02109375
20 0.85625 0.88046875 0.0140625 0.02265625
16 0.6703125 0.0890625 0.1125 0.109375
9 0.28359375 0.8875 0.05 0.046875
16 0.0828125 0.88984375 0.01328125 0.0109375
2 0.85546875 0.9015625 0.01328125 0.0109375
4 0.06171875 0.903125 0.02578125 0.1421875
20 0.4171875 0.90625 0.015625 0.0203125
7 0.82421875 0.92109375 0.0203125 0.01875
20 0.41796875 0.9328125 0.015625 0.0203125
2 0.14140625 0.9375 0.01328125 0.01171875
2 0.228125 0.93828125 0.01328125 0.0109375
13 0.76484375 0.9546875 0.01328125 0.0125
5 0.78125 0.96171875 0.01640625 0.0203125
13 0.7640625 0.96796875 0.01328125 0.01171875
2 0.08203125 0.9765625 0.01328125 0.01171875
2 0.6578125 0.990625 0.01328125 0.0109375
2 0.67265625 0.990625 0.01328125 0.01171875
2 0.7015625 0.990625 0.01328125 0.0109375
2 0.7296875 0.990625 0.01328125 0.01171875
2 0.62890625 0.990625 0.01328125 0.01171875
2 0.64375 0.990625 0.0125 0.0109375
2 0.68671875 0.990625 0.01328125 0.0109375
2 0.715625 0.990625 0.0125 0.0109375
7 0.60546875 0.10390625 0.0359375 0.02109375
4 0.3796875 0.1046875 0.03515625 0.1453125
4 0.4234375 0.1046875 0.0375 0.14609375
7 0.73515625 0.10546875 0.03515625 0.021875
4 0.28828125 0.109375 0.11953125 0.08125
2 0.2 0.1140625 0.01328125 0.0109375
2 0.215625 0.1140625 0.0125 0.0109375
2 0.61328125 0.12265625 0.0125 0.01171875
16 0.63046875 0.1234375 0.01328125 0.01171875
2 0.725 0.1234375 0.009375 0.00859375
16 0.709375 0.12421875 0.0125 0.0109375
16 0.20390625 0.13125 0.00703125 0.01796875
9 0.5828125 0.13515625 0.04453125 0.03828125
10 0.215625 0.1359375 0.0140625 0.02734375
16 0.63046875 0.13671875 0.01328125 0.0109375
2 0.6140625 0.13671875 0.01328125 0.01171875
2 0.72578125 0.1375 0.0125 0.0109375
16 0.709375 0.1375 0.01328125 0.0109375
9 0.7578125 0.13828125 0.046875 0.03828125
19 0.89609375 0.13828125 0.00703125 0.009375
2 0.1453125 0.14609375 0.00859375 0.01796875
2 0.2 0.14765625 0.0125 0.0109375
2 0.6140625 0.15 0.009375 0.00703125
16 0.63046875 0.15 0.0125 0.0109375
16 0.709375 0.15078125 0.0125 0.0109375
2 0.7265625 0.15078125 0.0125 0.01015625
2 0.65 0.153125 0.0078125 0.0171875
2 0.67578125 0.15390625 0.0078125 0.0171875
2 0.66328125 0.15390625 0.0078125 0.01796875
2 0.6890625 0.15390625 0.0078125 0.0171875
19 0.896875 0.1609375 0.00703125 0.009375
2 0.23515625 0.16328125 0.0125 0.0109375
2 0.24921875 0.16328125 0.0125 0.0109375
2 0.321875 0.16328125 0.0125 0.0109375
2 0.2640625 0.1640625 0.0125 0.01171875
2 0.278125 0.1640625 0.0125 0.01171875
2 0.30703125 0.1640625 0.01328125 0.01171875
2 0.29296875 0.1640625 0.01328125 0.0125
2 0.3359375 0.1640625 0.01328125 0.0125
7 0.60546875 0.1671875 0.0359375 0.02109375
7 0.7359375 0.16875 0.03359375 0.01875
18 0.0984375 0.16953125 0.04765625 0.0890625
16 0.14453125 0.175 0.009375 0.01796875
10 0.1734375 0.1765625 0.04375 0.08828125
19 0.896875 0.184375 0.00703125 0.009375
20 0.21171875 0.1890625 0.02890625 0.06328125
7 0.6046875 0.1953125 0.03515625 0.0203125
7 0.27109375 0.196875 0.01875 0.05546875
7 0.73515625 0.196875 0.03515625 0.01953125
7 0.24140625 0.19765625 0.01953125 0.05234375
7 0.3296875 0.19765625 0.01875 0.05390625
7 0.3 0.1984375 0.01875 0.05390625
2 0.14375 0.20625 0.00859375 0.0171875
19 0.89609375 0.20625 0.00703125 0.009375
2 0.61328125 0.2140625 0.0125 0.0109375
2 0.72578125 0.215625 0.01328125 0.01171875
9 0.5828125 0.2265625 0.0453125 0.03984375
2 0.61328125 0.22734375 0.0125 0.0109375
9 0.75703125 0.228125 0.046875 0.0390625
2 0.7265625 0.228125 0.0125 0.0109375
19 0.89609375 0.22890625 0.00703125 0.00859375
2 0.321875 0.23671875 0.00390625 0.0125
2 0.6140625 0.24140625 0.009375 0.00703125
2 0.72578125 0.2421875 0.01328125 0.0109375
19 0.896875 0.25234375 0.00625 0.00859375
7 0.18828125 0.25390625 0.0546875 0.0734375
7 0.2953125 0.25546875 0.05 0.0703125
7 0.2421875 0.25546875 0.053125 0.0703125
7 0.6046875 0.25859375 0.03515625 0.0203125
7 0.734375 0.26015625 0.0359375 0.02265625
16 0.32109375 0.27734375 0.00390625 0.0125
7 0.6046875 0.28828125 0.0359375 0.0203125
2 0.3140625 0.2890625 0.00859375 0.00703125
7 0.784375 0.2921875 0.0328125 0.02109375
4 0.89765625 0.2921875 0.034375 0.02265625
6 0.1625 0.29296875 0.01796875 0.0140625
2 0.3140625 0.29921875 0.009375 0.00703125
16 0.1859375 0.30078125 0.0078125 0.01953125
16 0.21484375 0.30078125 0.00859375 0.01796875
16 0.20546875 0.3015625 0.00859375 0.01875
16 0.1953125 0.3015625 0.00859375 0.01875
16 0.8921875 0.30546875 0.01328125 0.009375
2 0.61328125 0.30625 0.01328125 0.0109375
2 0.26953125 0.30625 0.0078125 0.01875
6 0.1625 0.3125 0.01875 0.0140625
4 0.1046875 0.3125 0.096875 0.18984375
2 0.72109375 0.315625 0.00859375 0.01875
2 0.22734375 0.31953125 0.01875 0.01328125
9 0.5828125 0.31953125 0.04453125 0.03828125
16 0.24765625 0.31953125 0.01875 0.0140625
2 0.61328125 0.3203125 0.01328125 0.0125
20 0.77265625 0.325 0.01484375 0.0203125
16 0.78671875 0.325 0.00859375 0.01796875
2 0.7578125 0.32578125 0.009375 0.01875
16 0.8078125 0.32578125 0.009375 0.01875
16 0.796875 0.32578125 0.00859375 0.01796875
16 0.18515625 0.32734375 0.00859375 0.01796875
16 0.1953125 0.32734375 0.0078125 0.01953125
16 0.2046875 0.32734375 0.00859375 0.0203125
4 0.896875 0.32734375 0.02421875 0.0125
7 0.29453125 0.328125 0.05 0.0671875
13 0.2140625 0.3296875 0.00703125 0.0171875