6 0.12109375 0.371875 0.0203125 0.01484375
1 0.6078125 0.34921875 0.01015625 0.01015625
1 0.18828125 0.36953125 0.0140625 0.01328125
20 0.225 0.375 0.01640625 0.02421875
1 0.2109375 0.3765625 0.00859375 0.02109375
1 0.15703125 0.384375 0.00703125 0.0140625
1 0.146875 0.3875 0.00859375 0.0203125
16 0.778125 0.3578125 0.0140625 0.0234375
7 0.5984375 0.36953125 0.0390625 0.0234375
6 0.12109375 0.39296875 0.0203125 0.01484375
1 0.2125 0.39375 0.00859375 0.00859375
17 0.79609375 0.36640625 0.00859375 0.0203125
1 0.23125 0.39453125 0.01953125 0.0140625
9 0.7390625 0.37109375 0.0375 0.075
1 0.76484375 0.375 0.00859375 0.01875
1 0.2125 0.40703125 0.01015625 0.01015625
9 0.18359375 0.409375 0.0421875 0.06953125
1 0.15 0.4125 0.00625 0.0125
17 0.13046875 0.41484375 0.00859375 0.021875
17 0.140625 0.4140625 0.0078125 0.01796875
1 0.23203125 0.41015625 0.01953125 0.0140625
1 0.63671875 0.39296875 0.009375 0.02109375
7 0.59921875 0.39921875 0.03984375 0.02265625
16 0.78359375 0.390625 0.01484375 0.0234375
1 0.2125 0.4203125 0.009375 0.0109375
1 0.29296875 0.41640625 0.00390625 0.01328125
19 0.15703125 0.42578125 0.00703125 0.01015625
17 0.796875 0.39921875 0.0078125 0.01640625
17 0.140625 0.43515625 0.00859375 0.01875
17 0.13046875 0.4390625 0.00859375 0.0203125
1 0.15 0.43828125 0.00546875 0.01328125
20 0.2265625 0.43515625 0.015625 0.025
1 0.21328125 0.4359375 0.00859375 0.01953125
1 0.60859375 0.41953125 0.0140625 0.01328125
7 0.2640625 0.43671875 0.05625 0.07890625
1 0.76640625 0.41640625 0.00859375 0.01953125
1 0.1578125 0.44453125 0.00546875 0.0140625
16 0.7796875 0.421875 0.0140625 0.021875
9 0.5765625 0.434375 0.05 0.04296875
1 0.609375 0.43359375 0.015625 0.01328125
17 0.80859375 0.425 0.00859375 0.01875
17 0.79765625 0.42578125 0.00859375 0.01796875
13 0.1875 0.46015625 0.0078125 0.01640625
1 0.21328125 0.459375 0.00859375 0.0203125
17 0.1796875 0.46171875 0.00859375 0.0203125
17 0.16875 0.46328125 0.00859375 0.0203125
17 0.1578125 0.46328125 0.009375 0.02109375
17 0.1484375 0.4640625 0.00859375 0.02265625
4 0.91484375 0.428125 0.03828125 0.01953125
7 0.2265625 0.46328125 0.015625 0.03125
1 0.6109375 0.4484375 0.01015625 0.0078125
4 0.68359375 0.44921875 0.0703125 0.27109375
16 0.78046875 0.4453125 0.0140625 0.02265625
9 0.740625 0.4484375 0.03671875 0.07421875
1 0.2875 0.47265625 0.00703125 0.0046875
13 0.90546875 0.44609375 0.0140625 0.01328125
17 0.92109375 0.44609375 0.015625 0.0140625
6 0.1234375 0.48828125 0.01953125 0.01328125
1 0.76640625 0.45859375 0.00859375 0.01953125
17 0.14140625 0.48828125 0.01484375 0.0125
7 0.60078125 0.46796875 0.03828125 0.025
7 0.63203125 0.46796875 0.021875 0.02265625
1 0.2875 0.484375 0.00859375 0.00703125
1 0.2109375 0.49765625 0.00859375 0.02109375
1 0.20078125 0.49765625 0.00859375 0.0203125
17 0.2296875 0.49765625 0.01875 0.0140625
9 0.175 0.503125 0.03828125 0.04609375
6 0.1234375 0.51015625 0.01875 0.01328125
17 0.1421875 0.51015625 0.0140625 0.01171875
7 0.26640625 0.5171875 0.05703125 0.07265625
7 0.546875 0.50390625 0.0390625 0.025
1 0.20078125 0.5203125 0.00859375 0.01953125
1 0.21171875 0.51953125 0.00859375 0.01953125
1 0.58046875 0.50390625 0.00546875 0.0125
1 0.63984375 0.50078125 0.00703125 0.0125
17 0.77578125 0.4953125 0.0140625 0.0125
17 0.23125 0.52265625 0.01953125 0.01484375
6 0.12421875 0.53125 0.01875 0.0140625
17 0.14296875 0.53125 0.0140625 0.01015625
1 0.1609375 0.540625 0.009375 0.0203125
17 0.77578125 0.5109375 0.0140625 0.0125
7 0.17890625 0.5390625 0.021875 0.02109375
17 0.1421875 0.54453125 0.0140625 0.0125
7 0.546875 0.5265625 0.03984375 0.02421875
1 0.19921875 0.5453125 0.0140625 0.0140625
9 0.6109375 0.52578125 0.04921875 0.08515625
1 0.8265625 0.51796875 0.00859375 0.01953125
7 0.84375 0.51796875 0.021875 0.02265625
7 0.21875 0.5484375 0.02265625 0.0203125
1 0.81796875 0.51953125 0.00703125 0.0140625
6 0.125 0.55234375 0.01875 0.0140625
13 0.8734375 0.5234375 0.0328125 0.04375
1 0.58125 0.54140625 0.00703125 0.0140625
1 0.18046875 0.56015625 0.01484375 0.0140625
1 0.1640625 0.56171875 0.0140625 0.0125
4 0.0625 0.56640625 0.1109375 0.2109375
7 0.5359375 0.04921875 0.03984375 0.02421875
1 0.64140625 0.546875 0.00625 0.01328125
12 0.9328125 0.53359375 0.01015625 0.02734375
12 0.92109375 0.53515625 0.0109375 0.028125
12 0.909375 0.53515625 0.0109375 0.02734375
1 0.89609375 0.5375 0.0109375 0.00859375
17 0.14375 0.57421875 0.0140625 0.01171875
1 0.26640625 0.571875 0.01015625 0.01015625
1 0.1921875 0.06640625 0.01484375 0.01328125
1 0.23828125 0.0640625 0.0140625 0.01171875
1 0.2078125 0.065625 0.01484375 0.01328125
1 0.2234375 0.06484375 0.0140625 0.01328125
1 0.25390625 0.0640625 0.0140625 0.0125
1 0.2703125 0.0625 0.01484375 0.01328125
1 0.30078125 0.0609375 0.0140625 0.01328125
17 0.76484375 0.55703125 0.0140625 0.0125
1 0.28515625 0.06328125 0.0140625 0.0125
17 0.87265625 0.55703125 0.00859375 0.01875
1 0.2078125 0.58828125 0.01015625 0.0203125
17 0.8625 0.55703125 0.00859375 0.01953125
1 0.84765625 0.56015625 0.015625 0.01328125
6 0.1265625 0.59609375 0.01953125 0.01328125
17 0.14453125 0.5953125 0.0140625 0.0125
17 0.921875 0.5609375 0.009375 0.01953125
17 0.91015625 0.56171875 0.009375 0.01953125
1 0.89921875 0.56171875 0.009375 0.01953125
17 0.934375 0.5609375 0.01015625 0.0203125
10 0.8859375 0.56640625 0.0140625 0.03046875
9 0.17890625 0.6015625 0.04296875 0.06953125
1 0.23125 0.5984375 0.00546875 0.015625
1 0.7671875 0.57421875 0.01015625 0.009375
9 0.8046875 0.5734375 0.065625 0.0921875
1 0.84453125 0.5734375 0.01015625 0.01015625
9 0.26328125 0.6015625 0.0546875 0.05234375
1 0.87109375 0.57578125 0.0140625 0.01171875
1 0.76484375 0.58515625 0.0140625 0.0140625
6 0.1265625 0.61640625 0.0203125 0.0140625
17 0.1453125 0.61640625 0.0140625 0.01171875
9 0.6390625 0.59375 0.01484375 0.0203125
1 0.6390625 0.6078125 0.01015625 0.0078125
9 0.6859375 0.6109375 0.0546875 0.05234375
6 0.12734375 0.6390625 0.0203125 0.01484375
17 0.1453125 0.63828125 0.0140625 0.0125
1 0.92421875 0.60234375 0.034375 0.03125
1 0.2046875 0.64453125 0.01015625 0.009375
1 0.81953125 0.62421875 0.01484375 0.0125
17 0.778125 0.6265625 0.009375 0.01953125
9 0.178125 0.65546875 0.03671875 0.0328125
16 0.13359375 0.6578125 0.015625 0.02265625
1 0.79765625 0.6296875 0.00546875 0.01484375
17 0.82109375 0.63828125 0.00234375 0.00859375
17 0.828125 0.6390625 0.00390625 0.01015625
1 0.09921875 0.675 0.01484375 0.0125
1 0.68515625 0.65 0.00859375 0.02109375
1 0.81171875 0.64453125 0.00546875 0.0140625
7 0.653125 0.65234375 0.02265625 0.021875
3 0.73046875 0.6484375 0.08359375 0.090625
17 0.778125 0.64765625 0.00859375 0.0203125
1 0.82421875 0.64921875 0.00859375 0.0078125
1 0.11875 0.684375 0.00625 0.01484375
17 0.12734375 0.68515625 0.0078125 0.01875
10 0.0703125 0.68828125 0.01484375 0.03046875
17 0.1453125 0.68515625 0.00859375 0.02109375
5 0.1625 0.684375 0.01640625 0.021875
5 0.18203125 0.6828125 0.0171875 0.021875
17 0.0828125 0.68984375 0.009375 0.021875
1 0.0578125 0.6921875 0.009375 0.0203125
1 0.103125 0.69296875 0.0203125 0.0140625
1 0.825 0.659375 0.00703125 0.0046875
1 0.81171875 0.665625 0.00625 0.0140625
1 0.1125 0.703125 0.01015625 0.01015625
17 0.821875 0.67109375 0.00390625 0.01015625
17 0.82890625 0.6703125 0.00390625 0.0109375
1 0.78125 0.67265625 0.0140625 0.01328125
4 0.89453125 0.67265625 0.121875 0.12734375
1 0.13671875 0.7109375 0.009375 0.00703125
13 0.74140625 0.68671875 0.01015625 0.0109375
17 0.78203125 0.6875 0.0140625 0.01328125
13 0.08359375 0.721875 0.01015625 0.021875
1 0.82890625 0.68671875 0.00703125 0.01328125
11 0.06640625 0.7234375 0.01640625 0.03828125
17 0.13828125 0.7265625 0.00859375 0.0203125
3 0.10625 0.73046875 0.03125 0.04609375
1 0.81953125 0.6984375 0.01015625 0.0265625
17 0.1515625 0.73046875 0.015625 0.0140625
6 0.80859375 0.69921875 0.01015625 0.02578125
1 0.7375 0.70546875 0.015625 0.01328125
10 0.77890625 0.70625 0.02109375 0.01875
17 0.084375 0.74453125 0.00859375 0.02109375
4 0.1515625 0.084375 0.0609375 0.08671875
17 0.1515625 0.74453125 0.0140625 0.0125
4 0.06796875 0.75078125 0.01328125 0.01640625
17 0.12890625 0.7484375 0.00859375 0.0171875
17 0.13984375 0.7484375 0.00859375 0.01875
10 0.75703125 0.7203125 0.021875 0.046875
17 0.73828125 0.72109375 0.015625 0.0140625
1 0.7828125 0.72421875 0.0140625 0.0140625
1 0.828125 0.7234375 0.00859375 0.01953125
17 0.81875 0.72421875 0.00859375 0.0203125
1 0.8078125 0.725 0.00859375 0.0203125
1 0.13828125 0.7640625 0.01015625 0.00859375
1 0.73828125 0.7375 0.01484375 0.0140625
1 0.084375 0.76953125 0.00859375 0.01953125
17 0.109375 0.76953125 0.01015625 0.0203125
17 0.2046875 0.765625 0.00859375 0.0203125
17 0.18359375 0.76640625 0.009375 0.021875
17 0.215625 0.76484375 0.00859375 0.0203125
17 0.19453125 0.76640625 0.00859375 0.021875
1 0.1234375 0.7703125 0.00625 0.0140625
10 0.09765625 0.7734375 0.01484375 0.0296875
7 0.7875 0.74765625 0.02265625 0.021875
7 0.81484375 0.746875 0.02265625 0.0203125
9 0.13984375 0.78046875 0.0171875 0.0234375
1 0.11484375 0.7875 0.01015625 0.009375
7 0.74921875 0.7578125 0.03671875 0.0234375
4 0.26484375 0.78515625 0.06953125 0.2734375
7 0.5359375 0.07109375 0.03984375 0.0234375
4 0.0421875 0.80078125 0.071875 0.1046875
1 0.14453125 0.79765625 0.009375 0.00859375
6 0.878125 0.76875 0.0203125 0.01484375
17 0.84296875 0.771875 0.0140625 0.01171875
17 0.859375 0.77109375 0.0140625 0.01171875
17 0.13203125 0.80546875 0.00859375 0.01953125
7 0.78359375 0.0609375 0.03984375 0.025
1 0.30625 0.80234375 0.00625 0.015625
1 0.15625 0.81015625 0.0203125 0.015625
1 0.36796875 0.80078125 0.00703125 0.01328125
3 0.10859375 0.81640625 0.03125 0.04921875
9 0.33828125 0.81484375 0.05 0.0859375
17 0.84375 0.790625 0.0140625 0.0125
17 0.859375 0.790625 0.0140625 0.0125
6 0.87734375 0.790625 0.0203125 0.015625
17 0.1328125 0.82578125 0.009375 0.01953125
6 0.15625 0.82578125 0.021875 0.015625
1 0.2171875 0.82421875 0.01484375 0.0125
1 0.08671875 0.83828125 0.00859375 0.02109375
4 0.925 0.79921875 0.071875 0.11875
17 0.8234375 0.80625 0.0140625 0.0234375
1 0.84453125 0.80546875 0.0140625 0.0125
1 0.159375 0.840625 0.01484375 0.01328125
1 0.2171875 0.8390625 0.0140625 0.0125
17 0.11484375 0.846875 0.01640625 0.01328125
20 0.86171875 0.81171875 0.01484375 0.02265625
1 0.30703125 0.8390625 0.00703125 0.015625
20 0.88203125 0.81171875 0.0140625 0.02421875
1 0.36796875 0.8375 0.00703125 0.01484375
20 0.40859375 0.83828125 0.0171875 0.021875
11 0.06953125 0.85859375 0.01875 0.03671875
13 0.08671875 0.85859375 0.009375 0.0203125
1 0.88203125 0.834375 0.01484375 0.0125
1 0.321875 0.865625 0.01015625 0.01015625
1 0.309375 0.86875 0.0078125 0.01953125
17 0.08671875 0.88046875 0.01015625 0.021875
20 0.41015625 0.865625 0.0171875 0.021875
9 0.2078125 0.87578125 0.03671875 0.06015625
4 0.07265625 0.88359375 0.0140625 0.0171875
4 0.0921875 0.1015625 0.059375 0.11171875
9 0.32265625 0.88125 0.0140625 0.0203125
7 0.846875 0.85859375 0.0234375 0.021875
9 0.82265625 0.86875 0.02421875 0.05078125
20 0.41015625 0.89375 0.0171875 0.02265625
17 0.0484375 0.9109375 0.01484375 0.0125
20 0.06640625 0.915625 0.0171875 0.021875
17 0.84609375 0.88671875 0.0140625 0.0125
6 0.8796875 0.88515625 0.021875 0.01640625
17 0.86171875 0.8859375 0.0140625 0.01328125
16 0.0484375 0.93671875 0.015625 0.021875
1 0.82890625 0.90078125 0.009375 0.00859375
20 0.41171875 0.921875 0.0171875 0.02265625
1 0.24140625 0.93125 0.0140625 0.01171875
1 0.271875 0.9296875 0.0140625 0.0125
17 0.06796875 0.940625 0.0140625 0.01328125
6 0.88046875 0.903125 0.0203125 0.0140625
17 0.86171875 0.90546875 0.0140625 0.0125
17 0.84609375 0.90625 0.0140625 0.01328125
7 0.3078125 0.93515625 0.021875 0.02109375
4 0.92890625 0.91328125 0.07109375 0.11640625
1 0.84765625 0.9203125 0.0140625 0.0125
14 0.8265625 0.9234375 0.0140625 0.02265625
17 0.04921875 0.9609375 0.0140625 0.0125
20 0.4109375 0.95 0.0171875 0.02265625
20 0.8640625 0.928125 0.015625 0.0234375
20 0.88359375 0.92734375 0.015625 0.02421875
17 0.66171875 0.08359375 0.12421875 0.1234375
9 0.2671875 0.9640625 0.0546875 0.053125
17 0.05 0.9765625 0.0140625 0.0125
1 0.884375 0.95 0.0140625 0.0125
4 0.028125 0.95703125 0.03125 0.084375
20 0.41171875 0.97734375 0.0171875 0.02265625
7 0.85078125 0.971875 0.021875 0.02109375
20 0.4125 0.996875 0.0171875 0.0046875
7 0.5921875 0.10234375 0.0390625 0.02421875
4 0.3484375 0.11484375 0.04140625 0.15859375
4 0.39609375 0.1125 0.04453125 0.159375
7 0.7328125 0.09765625 0.03828125 0.02421875
4 0.25078125 0.12421875 0.13125 0.09296875
1 0.15546875 0.13359375 0.01484375 0.0125
1 0.17265625 0.134375 0.01328125 0.01171875
1 0.6015625 0.12265625 0.0140625 0.01328125
17 0.6203125 0.121875 0.01484375 0.01328125
1 0.721875 0.11796875 0.01015625 0.009375
17 0.70546875 0.11875 0.0140625 0.0125
17 0.16015625 0.15234375 0.0078125 0.01875
9 0.56953125 0.13671875 0.04921875 0.04296875
10 0.1734375 0.15703125 0.015625 0.0296875
17 0.61953125 0.13671875 0.0140625 0.0125
1 0.60234375 0.13671875 0.01484375 0.01328125
1 0.7234375 0.13203125 0.0140625 0.0125
17 0.70546875 0.13359375 0.0140625 0.0125
9 0.75703125 0.13125 0.05078125 0.04296875
19 0.90703125 0.12421875 0.00703125 0.009375
1 0.096875 0.17109375 0.00859375 0.01953125
1 0.15625 0.1703125 0.0140625 0.01171875
1 0.60390625 0.15234375 0.01015625 0.00703125
17 0.6203125 0.1515625 0.0140625 0.01171875
17 0.70546875 0.14765625 0.0140625 0.0125
1 0.72421875 0.14609375 0.0140625 0.01171875
1 0.64140625 0.153125 0.00859375 0.01875
1 0.6703125 0.153125 0.00859375 0.01875
1 0.65625 0.153125 0.00859375 0.0203125
1 0.684375 0.15234375 0.00859375 0.01875
19 0.90859375 0.1484375 0.00703125 0.009375
1 0.19453125 0.18515625 0.0140625 0.0125
1 0.21015625 0.18515625 0.0140625 0.0125
1 0.28828125 0.18203125 0.0140625 0.0125
1 0.22578125 0.184375 0.0140625 0.01328125
1 0.24140625 0.18359375 0.0140625 0.01328125
1 0.27265625 0.18203125 0.0140625 0.01328125
1 0.25703125 0.18359375 0.0140625 0.0140625
1 0.30390625 0.18046875 0.01484375 0.0140625
7 0.59375 0.17109375 0.03984375 0.02421875
7 0.73515625 0.16640625 0.03671875 0.02109375
18 0.04765625 0.1984375 0.05390625 0.096875
17 0.096875 0.203125 0.01015625 0.01953125
10 0.12890625 0.20234375 0.04921875 0.096875
19 0.90859375 0.1734375 0.00703125 0.01015625
20 0.1703125 0.2140625 0.0328125 0.06953125
7 0.59453125 0.20078125 0.03828125 0.0234375
7 0.23359375 0.2203125 0.02109375 0.06015625
7 0.734375 0.19609375 0.03828125 0.02265625
7 0.20234375 0.221875 0.021875 0.05703125
7 0.29765625 0.21796875 0.021875 0.05859375
7 0.26640625 0.2203125 0.02109375 0.05859375
1 0.096875 0.2359375 0.00859375 0.01875
19 0.909375 0.196875 0.00703125 0.009375
1 0.60390625 0.22109375 0.0140625 0.0125
1 0.725 0.21640625 0.01484375 0.01328125
9 0.57109375 0.2359375 0.05 0.04453125
1 0.6046875 0.2359375 0.0140625 0.01171875
9 0.75859375 0.228125 0.0515625 0.04375
1 0.7265625 0.23125 0.0140625 0.0125
19 0.909375 0.221875 0.00703125 0.009375
1 0.28984375 0.26015625 0.00390625 0.01328125
1 0.60625 0.25 0.009375 0.0078125
1 0.7265625 0.2453125 0.0140625 0.0125
19 0.9109375 0.246875 0.00703125 0.009375
7 0.14609375 0.28515625 0.0609375 0.08203125
7 0.26171875 0.28203125 0.05546875 0.078125
7 0.2046875 0.28515625 0.059375 0.07890625
7 0.59609375 0.26875 0.03828125 0.02265625
7 0.7359375 0.2640625 0.03984375 0.02578125
17 0.290625 0.30390625 0.00390625 0.01328125
7 0.596875 0.30078125 0.03984375 0.0234375
1 0.28359375 0.31640625 0.00859375 0.00703125
7 0.790625 0.29609375 0.0359375 0.0234375
4 0.9125 0.28984375 0.0375 0.025
6 0.11953125 0.32890625 0.01953125 0.01484375
1 0.28359375 0.328125 0.009375 0.0078125
17 0.1453125 0.3359375 0.00859375 0.02109375
17 0.1765625 0.334375 0.009375 0.01953125
17 0.16640625 0.3359375 0.00859375 0.0203125
17 0.15625 0.3359375 0.009375 0.02109375
17 0.9078125 0.30546875 0.0140625 0.0109375
1 0.60703125 0.3203125 0.01484375 0.0125
1 0.2359375 0.33828125 0.00859375 0.0203125
6 0.1203125 0.34921875 0.0203125 0.015625
4 0.0578125 0.353125 0.109375 0.20859375
1 0.7234375 0.325 0.009375 0.0203125
1 0.190625 0.3546875 0.0203125 0.0140625
9 0.57421875 0.3359375 0.04921875 0.04296875
17 0.2125 0.353125 0.0203125 0.015625
1 0.60703125 0.3359375 0.0140625 0.0140625
20 0.778125 0.3328125 0.015625 0.02265625
17 0.79375 0.33203125 0.009375 0.01953125
1 0.76328125 0.33359375 0.01015625 0.0203125
17 0.8171875 0.33125 0.01015625 0.02109375
17 0.8046875 0.33203125 0.009375 0.01953125
17 0.1453125 0.3640625 0.009375 0.01953125
17 0.15625 0.3640625 0.00859375 0.02109375
17 0.16640625 0.3640625 0.00859375 0.021875
4 0.9125 0.32890625 0.0265625 0.0140625
7 0.2640625 0.36015625 0.05546875 0.07421875
13 0.17578125 0.36640625 0.00703125 0.01796875