14 0.18359375 0.2640625 0.0640625 0.10859375
14 0.0921875 0.24765625 0.0484375 0.04453125
14 0.98828125 0.50546875 0.021875 0.15703125
14 0.18359375 0.36484375 0.0328125 0.075
14 0.22734375 0.3859375 0.025 0.06171875
14 0.953125 0.575 0.028125 0.0375
14 0.90390625 0.58984375 0.0625 0.078125
14 0.83046875 0.57578125 0.0625 0.078125
17 0.94375 0.61953125 0.00859375 0.01875
14 0.946875 0.63828125 0.0265625 0.0375
14 0.9796875 0.65859375 0.0265625 0.09765625
14 0.859375 0.6640625 0.109375 0.0875
14 0.940625 0.69375 0.02734375 0.0359375
14 0.7515625 0.66953125 0.03984375 0.15703125
14 0.934375 0.76015625 0.02734375 0.0359375
14 0.96640625 0.7859375 0.02578125 0.09453125
14 0.8484375 0.7703125 0.05234375 0.109375
14 0.79921875 0.7609375 0.02734375 0.10234375
14 0.8984375 0.78046875 0.02890625 0.10390625
14 0.92890625 0.809375 0.02734375 0.0375
14 0.91953125 0.89296875 0.02734375 0.0375
14 0.953125 0.91328125 0.028125 0.09765625
14 0.91328125 0.95 0.03046875 0.05546875
14 0.565625 0.88359375 0.38828125 0.12734375
14 0.20390625 0.871875 0.10625 0.04765625
17 0.97890625 0.11640625 0.0109375 0.01875
17 0.990625 0.125 0.0125 0.01328125
4 0.98828125 0.1390625 0.021875 0.10078125
17 0.9640625 0.1203125 0.0125 0.01484375
14 0.13125 0.015625 0.0328125 0.03125
14 0.984375 0.19296875 0.0171875 0.0515625
14 0.10234375 0.08984375 0.053125 0.1796875
14 0.17734375 0.1015625 0.05390625 0.14765625
14 0.11875 0.11640625 0.03359375 0.06796875