1 0.7 0.39765625 0.01484375 0.03125
14 0.71875 0.39921875 0.0125 0.04921875
14 0.88828125 0.40859375 0.0375 0.10234375
14 0.06328125 0.42734375 0.040625 0.0234375
14 0.71875 0.47578125 0.01328125 0.05078125
1 0.21953125 0.52734375 0.01015625 0.009375
14 0.8890625 0.51484375 0.025 0.09140625
4 0.9546875 0.51484375 0.0375 0.20078125
14 0.228125 0.0375 0.03828125 0.040625
14 0.38984375 0.034375 0.03828125 0.03671875
14 0.309375 0.03984375 0.08828125 0.03125
14 0.88984375 0.59296875 0.0359375 0.04921875
14 0.09609375 0.67421875 0.034375 0.12421875
14 0.12734375 0.67421875 0.025 0.0765625
14 0.925 0.68046875 0.0125 0.04921875
14 0.821875 0.0421875 0.06640625 0.075
17 0.9140625 0.740625 0.01015625 0.0171875
13 0.93828125 0.740625 0.01015625 0.0203125
17 0.90078125 0.7484375 0.01171875 0.0109375
17 0.9265625 0.74765625 0.01171875 0.01171875
4 0.95546875 0.74765625 0.07265625 0.1015625
14 0.0859375 0.8015625 0.02421875 0.06328125
14 0.9265625 0.8140625 0.01171875 0.0515625
14 0.0625 0.859375 0.03125 0.2359375
14 0.14140625 0.8921875 0.0421875 0.1375
14 0.0875 0.91640625 0.025 0.06328125
14 0.309375 0.07578125 0.05703125 0.0375
14 0.97265625 0.9265625 0.0265625 0.125
1 0.1578125 0.0859375 0.01484375 0.0375
1 0.45859375 0.08125 0.0140625 0.03359375
14 0.8859375 0.07109375 0.046875 0.07265625
14 0.60234375 0.084375 0.07578125 0.15546875
14 0.90625 0.15 0.0515625 0.084375
4 0.06171875 0.18125 0.01484375 0.14296875
14 0.88671875 0.2234375 0.0359375 0.05
1 0.6984375 0.2421875 0.0140625 0.034375
14 0.71640625 0.24296875 0.01328125 0.05234375
14 0.8015625 0.2421875 0.07109375 0.05546875
1 0.734375 0.2609375 0.0140625 0.03203125
14 0.0625 0.28359375 0.0390625 0.01953125
14 0.77578125 0.2875 0.03984375 0.0203125
14 0.88671875 0.30078125 0.02890625 0.090625
4 0.95078125 0.30390625 0.0375 0.2
4 0.0625 0.325 0.028125 0.01640625
14 0.7171875 0.31875 0.0125 0.04921875