14 0.13984375 0.409375 0.0625 0.10625
14 0.0484375 0.425 0.04765625 0.04375
14 0.9671875 0.3546875 0.03828125 0.1546875
14 0.15859375 0.50546875 0.03203125 0.07421875
14 0.2046875 0.51015625 0.02421875 0.06171875
14 0.93671875 0.4359375 0.02734375 0.0359375
14 0.8921875 0.46875 0.06171875 0.07578125
14 0.81875 0.48046875 0.06171875 0.07578125
17 0.9359375 0.48203125 0.00859375 0.01796875
14 0.94296875 0.49921875 0.02578125 0.0359375
14 0.97890625 0.5078125 0.02734375 0.09609375
14 0.86328125 0.55546875 0.1078125 0.08515625
14 0.946875 0.5546875 0.0265625 0.03515625
14 0.7609375 0.5984375 0.0375 0.15546875
14 0.95390625 0.6203125 0.0265625 0.03515625
14 0.98828125 0.634375 0.02265625 0.09453125
14 0.053125 0.08984375 0.01484375 0.0203125
14 0.8734375 0.6609375 0.05 0.1078125
14 0.82421875 0.66953125 0.02578125 0.1015625
14 0.9234375 0.65234375 0.02734375 0.103125
14 0.95703125 0.6703125 0.0265625 0.0359375
14 0.96484375 0.7546875 0.0265625 0.0359375
14 0.99296875 0.76171875 0.01328125 0.096875
14 0.96953125 0.81015625 0.0296875 0.0546875
14 0.62265625 0.86953125 0.38671875 0.11796875
14 0.2734375 0.98125 0.10625 0.0359375
4 0.91796875 0.0234375 0.084375 0.04609375
17 0.8609375 0.0015625 0.0125 0.003125
14 0.0390625 0.1703125 0.03125 0.065625
14 0.89453125 0.05859375 0.01640625 0.05078125
14 0.0234375 0.23671875 0.046875 0.246875
14 0.103125 0.2546875 0.0515625 0.14609375
14 0.05 0.28984375 0.03203125 0.0671875
14 0.95234375 0.1796875 0.0375 0.1546875