14 0.17265625 0.3765625 0.05 0.09140625
14 0.0875 0.37734375 0.04140625 0.03359375
14 0.934375 0.45390625 0.0234375 0.140625
14 0.1828125 0.46796875 0.02421875 0.06484375
14 0.2234375 0.4796875 0.01796875 0.05390625
14 0.89140625 0.0484375 0.01171875 0.046875
14 0.89921875 0.52421875 0.0234375 0.03046875
14 0.85625 0.546875 0.0515625 0.0625
14 0.78828125 0.546875 0.0515625 0.0625
16 0.8953125 0.56640625 0.00703125 0.01640625
14 0.9 0.5828125 0.021875 0.03046875
14 0.93203125 0.59609375 0.0171875 0.0875
14 0.82265625 0.621875 0.0953125 0.06328125
14 0.89921875 0.634375 0.021875 0.02890625
14 0.725 0.6453125 0.02265625 0.14140625
14 0.9 0.6953125 0.021875 0.02890625
14 0.9328125 0.71328125 0.01796875 0.084375
14 0.11953125 0.071875 0.0125 0.0171875
14 0.82265625 0.71953125 0.0390625 0.09375
14 0.77734375 0.71953125 0.01640625 0.09140625
14 0.86953125 0.71953125 0.0171875 0.09375
14 0.89921875 0.74140625 0.02265625 0.03046875
14 0.8984375 0.81953125 0.02265625 0.03046875
14 0.93125 0.83125 0.01875 0.08671875
14 0.8984375 0.871875 0.02421875 0.046875
14 0.5765625 0.871875 0.3546875 0.05078125
14 0.24765625 0.925 0.09609375 0.02578125
16 0.88046875 0.1046875 0.00859375 0.01640625
16 0.89140625 0.11015625 0.01015625 0.01015625
4 0.91953125 0.11015625 0.06953125 0.0984375
16 0.86796875 0.11015625 0.0109375 0.01171875
14 0.1 0.14375 0.02421875 0.0578125
14 0.89140625 0.17265625 0.01171875 0.04609375
14 0.07890625 0.20078125 0.02578125 0.225
14 0.1515625 0.23125 0.03671875 0.1296875
14 0.10078125 0.25390625 0.025 0.0578125
14 0.93515625 0.29296875 0.02265625 0.13984375
14 0.1390625 0.0296875 0.021875 0.059375