1 0.65703125 0.36953125 0.0171875 0.0328125
14 0.675 0.3671875 0.0171875 0.04921875
14 0.83671875 0.340625 0.046875 0.1046875
14 0.05859375 0.528125 0.03984375 0.03046875
14 0.68359375 0.4390625 0.01796875 0.05078125
1 0.21640625 0.590625 0.0109375 0.0109375
14 0.84921875 0.440625 0.034375 0.090625
4 0.9109375 0.428125 0.05703125 0.196875
14 0.1703125 0.125 0.040625 0.04609375
14 0.3234375 0.08828125 0.03984375 0.04296875
14 0.2484375 0.1109375 0.08671875 0.04765625
14 0.85859375 0.515625 0.0390625 0.05390625
14 0.11640625 0.75546875 0.0453125 0.1234375
14 0.1453125 0.7484375 0.03203125 0.07734375
14 0.90078125 0.590625 0.0171875 0.04921875
14 0.73359375 0.02578125 0.07109375 0.05078125
17 0.89765625 0.65 0.01171875 0.01796875
13 0.92109375 0.64453125 0.01171875 0.021875
17 0.8859375 0.66015625 0.0125 0.0125
17 0.909375 0.6546875 0.01328125 0.0140625
4 0.93828125 0.6484375 0.0796875 0.1109375
14 0.1203125 0.87734375 0.0296875 0.0640625
14 0.91796875 0.7171875 0.0171875 0.0515625
14 0.1046875 0.91015625 0.05625 0.178125
14 0.18359375 0.940625 0.0546875 0.11640625
14 0.134375 0.9765625 0.03125 0.04609375
14 0.25234375 0.1453125 0.0578125 0.046875
14 0.975 0.82265625 0.04140625 0.14140625
1 0.11015625 0.1859375 0.01796875 0.03828125
1 0.39453125 0.11875 0.0171875 0.034375
14 0.79765625 0.03046875 0.05234375 0.0609375
14 0.53046875 0.09296875 0.08828125 0.1625
14 0.82578125 0.0921875 0.0578125 0.08984375
4 0.0296875 0.2953125 0.02890625 0.1375
14 0.81484375 0.165625 0.03984375 0.0546875
1 0.6390625 0.22265625 0.0171875 0.03515625
14 0.65625 0.21953125 0.01796875 0.05234375
14 0.73671875 0.20078125 0.0734375 0.0671875
1 0.675 0.23203125 0.01640625 0.03359375
14 0.0421875 0.39140625 0.0390625 0.02734375
14 0.7171875 0.24921875 0.03984375 0.028125
14 0.8234375 0.23984375 0.0375 0.090625
4 0.884375 0.22890625 0.0578125 0.19609375
4 0.04609375 0.43125 0.02890625 0.02109375
14 0.6640625 0.29140625 0.0171875 0.04921875