6 0.1703125 0.30234375 0.01875 0.015625
1 0.6296875 0.346875 0.01015625 0.009375
1 0.23359375 0.309375 0.01328125 0.01328125
20 0.26796875 0.3203125 0.015625 0.02421875
1 0.2546875 0.31875 0.00859375 0.01953125
1 0.203125 0.31875 0.00703125 0.0140625
1 0.19296875 0.3203125 0.00859375 0.01875
16 0.78984375 0.378125 0.0140625 0.02265625
7 0.61953125 0.3640625 0.0375 0.0234375
6 0.16875 0.32265625 0.01875 0.015625
1 0.2546875 0.3359375 0.00859375 0.0078125
17 0.80546875 0.3890625 0.00859375 0.01875
1 0.27265625 0.3390625 0.01875 0.01328125
9 0.7515625 0.38515625 0.03671875 0.07265625
1 0.77578125 0.3921875 0.00859375 0.01796875
1 0.253125 0.34765625 0.01015625 0.009375
9 0.22578125 0.34609375 0.04140625 0.0671875
1 0.19375 0.34453125 0.00625 0.0125
17 0.175 0.34375 0.00859375 0.0203125
17 0.18515625 0.3453125 0.0078125 0.01796875
1 0.271875 0.35390625 0.01875 0.01328125
1 0.65390625 0.3921875 0.009375 0.01953125
7 0.61796875 0.39296875 0.0375 0.02265625
16 0.7921875 0.409375 0.01484375 0.02265625
1 0.253125 0.36015625 0.009375 0.01015625
1 0.32890625 0.36796875 0.003125 0.0125
19 0.2 0.3578125 0.0078125 0.01015625
17 0.80390625 0.41953125 0.0078125 0.01640625
17 0.18359375 0.3640625 0.00859375 0.01796875
17 0.17421875 0.36640625 0.00859375 0.01875
1 0.19296875 0.36875 0.00546875 0.01328125
20 0.26484375 0.37578125 0.015625 0.02421875
1 0.25234375 0.37578125 0.00859375 0.01875
1 0.625 0.41328125 0.01328125 0.01328125
7 0.3 0.38359375 0.0546875 0.0765625
1 0.77421875 0.43125 0.00859375 0.01875
1 0.19921875 0.3765625 0.0046875 0.01328125
16 0.78671875 0.4390625 0.0140625 0.02109375
9 0.59375 0.4234375 0.0484375 0.04296875
1 0.625 0.4265625 0.01484375 0.01328125
17 0.8125 0.4453125 0.00859375 0.01796875
17 0.80234375 0.4453125 0.00859375 0.0171875
13 0.2265625 0.3953125 0.0078125 0.01640625
1 0.25078125 0.39765625 0.00859375 0.01875
17 0.21796875 0.3953125 0.00859375 0.01875
17 0.20859375 0.3953125 0.00859375 0.01875
17 0.1984375 0.39375 0.009375 0.01953125
17 0.1890625 0.39296875 0.00859375 0.02109375
4 0.9125 0.46328125 0.03671875 0.0203125
7 0.2625 0.403125 0.015625 0.0296875
1 0.625 0.440625 0.01015625 0.0078125
4 0.69375 0.4515625 0.07265625 0.25859375
16 0.7859375 0.4609375 0.0140625 0.021875
9 0.746875 0.4578125 0.03671875 0.071875
1 0.31875 0.4203125 0.00703125 0.00546875
13 0.90234375 0.478125 0.01328125 0.01328125
17 0.9171875 0.48125 0.01484375 0.01328125
6 0.1640625 0.4125 0.01875 0.01328125
1 0.77109375 0.471875 0.00859375 0.01875
17 0.18125 0.41484375 0.0140625 0.0125
7 0.61484375 0.4578125 0.03671875 0.02578125
7 0.64375 0.4625 0.02109375 0.02265625
1 0.31796875 0.43125 0.00859375 0.00703125
1 0.24609375 0.4328125 0.00859375 0.01953125
1 0.2359375 0.43203125 0.00859375 0.01875
17 0.26328125 0.43515625 0.0171875 0.0140625
9 0.2109375 0.4328125 0.0375 0.0453125
6 0.1625 0.4328125 0.01796875 0.01328125
17 0.1796875 0.43515625 0.01328125 0.01171875
7 0.2953125 0.459375 0.05546875 0.07109375
7 0.56171875 0.48359375 0.0375 0.025
1 0.23515625 0.45234375 0.00859375 0.01875
1 0.24453125 0.45390625 0.00859375 0.01875
1 0.59296875 0.4890625 0.0046875 0.0125
1 0.6484375 0.49453125 0.00625 0.0125
17 0.7765625 0.5078125 0.01328125 0.0125
17 0.26328125 0.459375 0.01875 0.01484375
6 0.16171875 0.45234375 0.01796875 0.0140625
17 0.17890625 0.45546875 0.01328125 0.01015625
1 0.1953125 0.46640625 0.009375 0.01875
17 0.77578125 0.521875 0.01328125 0.0125
7 0.2125 0.46796875 0.02109375 0.02109375
17 0.17734375 0.46796875 0.01328125 0.0125
7 0.56015625 0.50625 0.0375 0.02421875
1 0.23046875 0.47578125 0.01328125 0.01328125
9 0.61953125 0.5140625 0.04921875 0.0828125
1 0.8234375 0.53515625 0.00859375 0.01875
7 0.83984375 0.5375 0.02109375 0.02265625
7 0.24921875 0.48125 0.021875 0.0203125
1 0.815625 0.5359375 0.00625 0.0140625
6 0.16015625 0.4734375 0.01796875 0.0140625
13 0.86796875 0.546875 0.03203125 0.04296875
1 0.590625 0.52421875 0.00625 0.0140625
1 0.2125 0.4875 0.0140625 0.01328125
1 0.196875 0.48671875 0.01328125 0.0125
4 0.10078125 0.478125 0.109375 0.20390625
7 0.58359375 0.05390625 0.0375 0.02421875
1 0.646875 0.5375 0.00625 0.01328125
12 0.921875 0.56484375 0.0109375 0.02578125
12 0.9109375 0.5640625 0.01171875 0.0265625
12 0.89921875 0.5625 0.01171875 0.02578125
1 0.8875 0.56328125 0.0109375 0.0078125
17 0.1765625 0.4953125 0.01328125 0.01171875
1 0.29296875 0.51015625 0.01015625 0.009375
1 0.259375 0.02421875 0.0140625 0.01328125
1 0.303125 0.028125 0.01328125 0.01171875
1 0.2734375 0.02578125 0.0140625 0.01328125
1 0.28828125 0.0265625 0.01328125 0.01328125
1 0.3171875 0.0296875 0.01328125 0.0125
1 0.3328125 0.03203125 0.0140625 0.01328125
1 0.3625 0.034375 0.01328125 0.01328125
17 0.76171875 0.5640625 0.01328125 0.0125
1 0.346875 0.03359375 0.01328125 0.0125
17 0.8640625 0.578125 0.00859375 0.01796875
1 0.2359375 0.51796875 0.01015625 0.01875
17 0.85390625 0.57734375 0.00859375 0.01875
1 0.83984375 0.57890625 0.01484375 0.01328125
6 0.15859375 0.5140625 0.01875 0.01328125
17 0.1765625 0.51640625 0.01328125 0.0125
17 0.91015625 0.58828125 0.009375 0.01875
17 0.89921875 0.5875 0.009375 0.01875
1 0.88828125 0.5859375 0.009375 0.01875
17 0.921875 0.590625 0.01015625 0.01875
10 0.87578125 0.5890625 0.01484375 0.0296875
9 0.2078125 0.52578125 0.0421875 0.0671875
1 0.2578125 0.53125 0.00625 0.015625
1 0.7625 0.58046875 0.01015625 0.00859375
9 0.79921875 0.584375 0.0640625 0.08984375
1 0.8359375 0.58984375 0.01015625 0.009375
9 0.28671875 0.53828125 0.053125 0.0515625
1 0.8609375 0.59609375 0.01328125 0.01171875
1 0.76015625 0.590625 0.01328125 0.01328125
6 0.1578125 0.53359375 0.01875 0.01484375
17 0.175 0.5359375 0.01328125 0.01171875
9 0.64140625 0.58125 0.01484375 0.01953125
1 0.640625 0.59453125 0.01015625 0.0078125
9 0.684375 0.60390625 0.053125 0.0515625
6 0.15625 0.55390625 0.01875 0.015625
17 0.1734375 0.55625 0.01328125 0.0125
1 0.909375 0.628125 0.03359375 0.03046875
1 0.22890625 0.5703125 0.01015625 0.00859375
1 0.809375 0.634375 0.0140625 0.0125
17 0.7703125 0.63125 0.009375 0.01875
9 0.203125 0.5765625 0.0359375 0.03359375
16 0.1609375 0.5734375 0.01484375 0.021875
1 0.78828125 0.63671875 0.00546875 0.01484375
17 0.809375 0.64765625 0.003125 0.0078125
17 0.81640625 0.64921875 0.00390625 0.009375
1 0.128125 0.584375 0.0140625 0.0125
1 0.68125 0.640625 0.00859375 0.01953125
1 0.79921875 0.65234375 0.0046875 0.0140625
7 0.65078125 0.63828125 0.021875 0.021875
3 0.7234375 0.6453125 0.08046875 0.0890625
17 0.76875 0.65078125 0.00859375 0.01875
1 0.81171875 0.659375 0.00859375 0.0078125
1 0.1453125 0.59609375 0.00625 0.01484375
17 0.15390625 0.5984375 0.0078125 0.01875
10 0.09921875 0.59296875 0.01484375 0.0296875
17 0.1703125 0.60078125 0.00859375 0.01953125
5 0.18671875 0.60234375 0.015625 0.02109375
5 0.2046875 0.60390625 0.0171875 0.02109375
17 0.1109375 0.596875 0.009375 0.0203125
1 0.08671875 0.5953125 0.009375 0.01875
1 0.1296875 0.60234375 0.01953125 0.01484375
1 0.81171875 0.66875 0.00625 0.00546875
1 0.7984375 0.67265625 0.00625 0.01328125
1 0.1375 0.61328125 0.01015625 0.009375
17 0.8078125 0.67890625 0.00390625 0.009375
17 0.8140625 0.67890625 0.00390625 0.01015625
1 0.76953125 0.675 0.01328125 0.01328125
4 0.87578125 0.68984375 0.11796875 0.12578125
1 0.16015625 0.6234375 0.009375 0.00703125
13 0.73046875 0.6828125 0.01015625 0.01015625
17 0.76875 0.68828125 0.01328125 0.01328125
13 0.109375 0.6265625 0.01015625 0.0203125
1 0.81328125 0.69375 0.00625 0.01328125
11 0.09296875 0.6265625 0.01640625 0.03671875
17 0.1609375 0.6390625 0.00859375 0.01875
3 0.13046875 0.6375 0.03125 0.0453125
1 0.803125 0.7046875 0.01015625 0.025
17 0.17265625 0.64375 0.01484375 0.0140625
6 0.79296875 0.70390625 0.01015625 0.02421875
1 0.72578125 0.69921875 0.01484375 0.01328125
10 0.76484375 0.70625 0.0203125 0.01875
17 0.10859375 0.64765625 0.00859375 0.01953125
4 0.21875 0.0390625 0.06015625 0.078125
17 0.171875 0.6578125 0.01328125 0.0125
4 0.09296875 0.65234375 0.0125 0.01640625
17 0.15 0.65859375 0.00859375 0.01640625
17 0.16015625 0.659375 0.00859375 0.01796875
10 0.74296875 0.715625 0.02109375 0.0453125
17 0.725 0.71484375 0.01484375 0.01328125
1 0.7671875 0.7234375 0.01328125 0.01328125
1 0.81015625 0.7296875 0.00859375 0.01875
17 0.80078125 0.728125 0.00859375 0.01875
1 0.790625 0.728125 0.00859375 0.01875
1 0.1578125 0.67421875 0.01015625 0.0078125
1 0.72421875 0.7296875 0.0140625 0.01328125
1 0.10703125 0.671875 0.00859375 0.01875
17 0.13046875 0.675 0.01015625 0.01875
17 0.2203125 0.68515625 0.00859375 0.01875
17 0.2 0.6828125 0.009375 0.0203125
17 0.23046875 0.68515625 0.00859375 0.01875
17 0.2109375 0.68359375 0.00859375 0.0203125
1 0.14296875 0.67734375 0.00625 0.0140625
10 0.11875 0.67734375 0.01484375 0.02890625
7 0.76953125 0.746875 0.021875 0.021875
7 0.7953125 0.75 0.021875 0.0203125
9 0.15859375 0.68984375 0.01640625 0.0234375
1 0.134375 0.69296875 0.01015625 0.00859375
7 0.7328125 0.75078125 0.03515625 0.02421875
4 0.27578125 0.7109375 0.07265625 0.2609375
7 0.58203125 0.075 0.0375 0.0234375
4 0.0625 0.69609375 0.07421875 0.10078125
1 0.16171875 0.70703125 0.009375 0.0078125
6 0.853125 0.77890625 0.01875 0.015625
17 0.82109375 0.7765625 0.01328125 0.01171875
17 0.8359375 0.778125 0.01328125 0.01171875
17 0.1484375 0.71171875 0.00859375 0.01875
7 0.81640625 0.09921875 0.0375 0.025
1 0.31328125 0.7328125 0.00625 0.015625
1 0.171875 0.71953125 0.01953125 0.01640625
1 0.37109375 0.740625 0.00703125 0.01328125
3 0.12578125 0.71953125 0.03125 0.04765625
9 0.3421875 0.74921875 0.04921875 0.08359375
17 0.8203125 0.79453125 0.01328125 0.0125
17 0.834375 0.796875 0.01328125 0.0125
6 0.85078125 0.7984375 0.01875 0.01640625
17 0.14765625 0.73125 0.009375 0.01875
6 0.1703125 0.734375 0.0203125 0.01640625
1 0.22734375 0.74140625 0.0140625 0.0125
1 0.10390625 0.73671875 0.00859375 0.01953125
4 0.8953125 0.8140625 0.0703125 0.115625
17 0.79921875 0.80625 0.0140625 0.02265625
1 0.81953125 0.809375 0.01328125 0.0125
1 0.17265625 0.74921875 0.0140625 0.01328125
1 0.2265625 0.75546875 0.01328125 0.0125
17 0.13046875 0.7484375 0.015625 0.01328125
20 0.834375 0.81640625 0.01484375 0.021875
1 0.3109375 0.76796875 0.0078125 0.015625
20 0.85390625 0.81953125 0.0140625 0.02421875
1 0.36953125 0.77421875 0.00703125 0.01484375
20 0.4078125 0.7796875 0.01640625 0.02109375
11 0.08671875 0.753125 0.01875 0.03515625
13 0.103125 0.75625 0.009375 0.01875
1 0.85234375 0.84140625 0.0140625 0.0125
1 0.32265625 0.7953125 0.01015625 0.009375
1 0.3109375 0.7953125 0.0078125 0.01875
17 0.10078125 0.7765625 0.01015625 0.0203125
20 0.40625 0.80625 0.01640625 0.02109375
9 0.21484375 0.78828125 0.03671875 0.05859375
4 0.0875 0.77734375 0.0140625 0.0171875
4 0.1625 0.04921875 0.059375 0.0984375
9 0.32265625 0.809375 0.01328125 0.01953125
7 0.81796875 0.85859375 0.02265625 0.021875
9 0.79453125 0.86484375 0.02421875 0.05
20 0.40390625 0.8328125 0.0171875 0.021875
17 0.0625 0.8 0.0140625 0.0125
20 0.07890625 0.80703125 0.01640625 0.02109375
17 0.81484375 0.88515625 0.01328125 0.0125
6 0.846875 0.88828125 0.0203125 0.0171875
17 0.8296875 0.88671875 0.01328125 0.01328125
16 0.0609375 0.8234375 0.01484375 0.02109375
1 0.7984375 0.8953125 0.009375 0.0078125
20 0.40390625 0.859375 0.01640625 0.021875
1 0.24296875 0.8453125 0.01328125 0.01171875
1 0.271875 0.8484375 0.01328125 0.0125
17 0.078125 0.83125 0.01328125 0.01328125
6 0.84609375 0.90625 0.01953125 0.01484375
17 0.828125 0.90546875 0.01328125 0.0125
17 0.8140625 0.903125 0.01328125 0.01328125
7 0.3046875 0.85859375 0.02109375 0.02109375
4 0.89140625 0.921875 0.0703125 0.1140625
1 0.8140625 0.9171875 0.01328125 0.0125
14 0.79375 0.9171875 0.0140625 0.021875
17 0.06015625 0.846875 0.01328125 0.0125
20 0.4015625 0.8859375 0.0171875 0.021875
20 0.82890625 0.9265625 0.015625 0.02265625
20 0.84765625 0.92890625 0.01484375 0.02421875
17 0.7 0.103125 0.1203125 0.121875
9 0.26484375 0.8796875 0.053125 0.05234375
17 0.059375 0.8625 0.01328125 0.0125
1 0.84609375 0.94921875 0.01328125 0.0125
4 0.03828125 0.87421875 0.03359375 0.146875
20 0.4 0.91171875 0.01640625 0.021875
7 0.81328125 0.96640625 0.02109375 0.02109375
20 0.3984375 0.9390625 0.01640625 0.021875
1 0.1171875 0.91796875 0.0140625 0.01328125
1 0.20546875 0.9265625 0.0140625 0.0125
13 0.75078125 0.99375 0.01484375 0.0109375
5 0.7671875 0.99609375 0.01796875 0.00703125
1 0.0546875 0.95078125 0.0140625 0.01328125
7 0.6328125 0.11171875 0.0375 0.02421875
4 0.403125 0.090625 0.04296875 0.1515625
4 0.446875 0.09609375 0.04609375 0.15234375
7 0.76484375 0.1265625 0.03671875 0.025
4 0.31015625 0.08671875 0.12578125 0.09375
1 0.21953125 0.08359375 0.0140625 0.0125
1 0.23515625 0.08515625 0.0125 0.01171875
1 0.63984375 0.1328125 0.01328125 0.01328125
17 0.6578125 0.134375 0.0140625 0.01328125
1 0.75390625 0.14453125 0.01015625 0.00859375
17 0.73828125 0.1421875 0.01328125 0.0125
17 0.22265625 0.1015625 0.0078125 0.01875
9 0.60859375 0.1421875 0.04765625 0.04296875
10 0.234375 0.10703125 0.015625 0.02890625
17 0.65703125 0.14765625 0.01328125 0.0125
1 0.63984375 0.14609375 0.0140625 0.01328125
1 0.75390625 0.15859375 0.01328125 0.0125
17 0.73671875 0.15703125 0.01328125 0.0125
9 0.78671875 0.16171875 0.04921875 0.04296875
19 0.92734375 0.17578125 0.00703125 0.009375
1 0.16171875 0.11015625 0.00859375 0.01875
1 0.21796875 0.1171875 0.01328125 0.01171875
1 0.63984375 0.1609375 0.01015625 0.00703125
17 0.65625 0.16171875 0.01328125 0.01171875
17 0.7359375 0.16953125 0.01328125 0.0125
1 0.75390625 0.171875 0.01328125 0.01171875
1 0.67578125 0.1671875 0.00859375 0.01796875
1 0.70234375 0.16953125 0.00859375 0.01796875
1 0.68984375 0.16953125 0.00859375 0.01875
1 0.715625 0.17109375 0.00859375 0.01796875
19 0.92734375 0.19921875 0.0078125 0.009375
1 0.25234375 0.13671875 0.01328125 0.0125
1 0.2671875 0.13828125 0.01328125 0.0125
1 0.340625 0.14609375 0.01328125 0.0125
1 0.28203125 0.13984375 0.01328125 0.01328125
1 0.296875 0.14140625 0.01328125 0.01328125
1 0.3265625 0.14453125 0.01328125 0.01328125
1 0.3109375 0.14296875 0.01328125 0.01328125
1 0.35625 0.14765625 0.0140625 0.01328125
7 0.6296875 0.1765625 0.0375 0.02421875
7 0.7625 0.19140625 0.03515625 0.021875
18 0.11328125 0.1296875 0.053125 0.09375
17 0.159375 0.13984375 0.01015625 0.01875
10 0.1890625 0.14375 0.04921875 0.09375
19 0.92578125 0.221875 0.0078125 0.01015625
20 0.22734375 0.1609375 0.03203125 0.0671875
7 0.628125 0.20546875 0.03671875 0.02421875
7 0.2875 0.175 0.02109375 0.0578125
7 0.76015625 0.2203125 0.03671875 0.0234375
7 0.2578125 0.171875 0.021875 0.05546875
7 0.346875 0.18125 0.02109375 0.05625
7 0.3171875 0.1796875 0.02109375 0.05625
1 0.1578125 0.17109375 0.00859375 0.01796875
19 0.9234375 0.24453125 0.00703125 0.009375
1 0.6359375 0.225 0.01328125 0.0125
1 0.74921875 0.2375 0.0140625 0.01328125
9 0.603125 0.23515625 0.0484375 0.04453125
1 0.63515625 0.23984375 0.01328125 0.01171875
9 0.78046875 0.253125 0.05 0.04453125
1 0.74921875 0.25078125 0.01328125 0.0125
19 0.92265625 0.26875 0.0078125 0.009375
1 0.33671875 0.21953125 0.00390625 0.0125
1 0.63515625 0.253125 0.009375 0.0078125
1 0.7484375 0.26484375 0.01328125 0.0125
19 0.921875 0.2921875 0.00703125 0.009375
7 0.2 0.22421875 0.059375 0.08046875
7 0.309375 0.23671875 0.0546875 0.0765625
7 0.2546875 0.23203125 0.05703125 0.0765625
7 0.62421875 0.26953125 0.03671875 0.0234375
7 0.75703125 0.28359375 0.0375 0.02578125
17 0.334375 0.2609375 0.00390625 0.0125
7 0.62265625 0.3 0.0375 0.02421875
1 0.32734375 0.271875 0.00859375 0.00703125
7 0.80546875 0.32109375 0.034375 0.02421875
4 0.92109375 0.3328125 0.0359375 0.02578125
6 0.171875 0.2609375 0.01875 0.01484375
1 0.3265625 0.28359375 0.009375 0.0078125
17 0.1953125 0.271875 0.00859375 0.01953125
17 0.22421875 0.27421875 0.009375 0.01875
17 0.215625 0.275 0.00859375 0.01875
17 0.20546875 0.27421875 0.009375 0.01953125
17 0.91484375 0.34609375 0.0140625 0.0109375
1 0.63046875 0.31953125 0.0140625 0.0125
1 0.28125 0.28671875 0.00859375 0.01875
6 0.17109375 0.28125 0.01953125 0.01640625
4 0.11171875 0.2765625 0.1078125 0.2015625
1 0.73984375 0.33984375 0.009375 0.01875
1 0.23671875 0.2953125 0.01953125 0.01484375
9 0.59921875 0.3296875 0.04765625 0.04296875
17 0.2578125 0.29765625 0.01953125 0.01640625
1 0.6296875 0.334375 0.01328125 0.01328125
20 0.79140625 0.35390625 0.015625 0.021875
17 0.80625 0.35546875 0.009375 0.01875
1 0.77734375 0.35234375 0.01015625 0.01875
17 0.82734375 0.3578125 0.01015625 0.01953125
17 0.8171875 0.3578125 0.009375 0.01875
17 0.19375 0.2984375 0.009375 0.01875
17 0.20390625 0.30078125 0.00859375 0.01953125
17 0.21328125 0.30078125 0.00859375 0.0203125
4 0.91796875 0.36875 0.025 0.0140625
7 0.3046875 0.3109375 0.0546875 0.07265625
13 0.221875 0.3046875 0.0078125 0.01796875