1 0.3171875 0.11484375 0.03125 0.053125
17 0.946875 0.1578125 0.05546875 0.0515625
17 0.98984375 0.16171875 0.01875 0.053125
9 0.221875 0.1265625 0.03984375 0.08828125
3 0.09609375 0.1359375 0.146875 0.1203125
1 0.82265625 0.1828125 0.0296875 0.053125
17 0.459375 0.16328125 0.02890625 0.1078125
1 0.9828125 0.2765625 0.03203125 0.07421875
1 0.1328125 0.228125 0.06171875 0.0453125
1 0.034375 0.22421875 0.06015625 0.046875
1 0.87109375 0.284375 0.0296875 0.0515625
1 0.56640625 0.28203125 0.03203125 0.05625
1 0.90859375 0.353125 0.03203125 0.05
1 0.98125 0.4015625 0.03515625 0.07734375
1 0.98125 0.51171875 0.0375 0.065625
9 0.71640625 0.51015625 0.38046875 0.6734375
9 0.28046875 0.4875 0.2296875 0.53359375
4 0.04765625 0.4734375 0.0953125 0.18203125
4 0.13125 0.50078125 0.07734375 0.18515625
1 0.51796875 0.59140625 0.03046875 0.0578125
1 0.97890625 0.6375 0.03671875 0.06875
4 0.50390625 0.0609375 0.990625 0.121875
1 0.1359375 0.63046875 0.03203125 0.0453125
1 0.54609375 0.67421875 0.0296875 0.053125
1 0.86484375 0.74921875 0.03046875 0.0546875
17 0.96640625 0.77265625 0.028125 0.1046875
4 0.0125 0.71328125 0.02421875 0.1171875
9 0.0734375 0.7265625 0.09921875 0.115625
1 0.59609375 0.7671875 0.028125 0.0546875
17 0.15859375 0.78203125 0.02734375 0.1015625
17 0.5328125 0.80625 0.06015625 0.046875
17 0.8296875 0.8421875 0.028125 0.10625
1 0.384375 0.834375 0.034375 0.0609375
17 0.21484375 0.8265625 0.0578125 0.0453125
1 0.975 0.88359375 0.0359375 0.06875
17 0.053125 0.83359375 0.06015625 0.046875
4 0.49609375 0.93203125 0.9921875 0.13359375