1 0.3984375 0.09453125 0.03828125 0.06484375
9 0.30234375 0.06953125 0.05 0.1046875
3 0.17265625 0.06015625 0.1625 0.1203125
1 0.903125 0.3578125 0.03671875 0.06484375
17 0.5375 0.19765625 0.0421875 0.11796875
1 0.1984375 0.13828125 0.0671875 0.0703125
1 0.09765625 0.0953125 0.0671875 0.0703125
1 0.940625 0.4796875 0.03671875 0.06328125
1 0.63125 0.359375 0.0390625 0.06796875
1 0.9703125 0.56171875 0.03828125 0.06328125
9 0.75625 0.6171875 0.4625 0.76171875
9 0.31640625 0.45546875 0.29375 0.621875
4 0.0703125 0.34765625 0.140625 0.228125
4 0.16484375 0.4140625 0.1 0.21484375
1 0.54609375 0.6546875 0.0375 0.0703125
4 0.5390625 0.1703125 0.92109375 0.33984375
1 0.153125 0.54609375 0.0375 0.05859375
1 0.56484375 0.74921875 0.03671875 0.06484375
1 0.87890625 0.9484375 0.0375 0.06640625
4 0.01796875 0.578125 0.0359375 0.13125
9 0.07890625 0.6203125 0.1125 0.153125
1 0.60390625 0.8625 0.034375 0.06484375
17 0.1578125 0.709375 0.0390625 0.11171875
17 0.53515625 0.878125 0.06640625 0.0703125
17 0.83125 0.984375 0.0421875 0.028125
1 0.38125 0.85078125 0.0421875 0.075
17 0.21015625 0.7765625 0.0625 0.06640625
17 0.0453125 0.721875 0.06640625 0.0703125
4 0.4625 0.86171875 0.92421875 0.2734375