2 0.31640625 0.1546875 0.028125 0.04765625
16 0.9015625 0.1578125 0.05078125 0.04453125
16 0.96015625 0.1578125 0.0546875 0.04453125
9 0.22890625 0.16953125 0.03515625 0.08046875
3 0.11171875 0.18671875 0.134375 0.10234375
2 0.7859375 0.1875 0.0265625 0.04765625
16 0.44921875 0.190625 0.025 0.0984375
2 0.95078125 0.2640625 0.05703125 0.0640625
2 0.1484375 0.26953125 0.05703125 0.0390625
2 0.05546875 0.27109375 0.05703125 0.0390625
2 0.8328125 0.27890625 0.0265625 0.04609375
2 0.55078125 0.29453125 0.02890625 0.05078125
2 0.86875 0.3390625 0.02890625 0.04453125
2 0.95078125 0.38046875 0.05546875 0.0671875
2 0.94921875 0.4828125 0.0546875 0.0578125
9 0.69375 0.49609375 0.340625 0.60234375
9 0.2890625 0.5 0.203125 0.48203125
4 0.0578125 0.50078125 0.1140625 0.159375
4 0.1515625 0.52265625 0.06796875 0.16640625
2 0.5109375 0.584375 0.02734375 0.05234375
2 0.95078125 0.59921875 0.05546875 0.0609375
4 0.5078125 0.06171875 0.98203125 0.11484375
2 0.1578125 0.640625 0.02890625 0.03984375
2 0.5390625 0.6578125 0.0265625 0.04765625
2 0.83515625 0.709375 0.02734375 0.04921875
12 0.965625 0.72421875 0.02265625 0.11171875
16 0.9296875 0.725 0.02421875 0.0953125
4 0.0375 0.725 0.03359375 0.10390625
9 0.10234375 0.73359375 0.08984375 0.1015625
2 0.58671875 0.740625 0.025 0.04921875
16 0.18203125 0.7796875 0.0234375 0.0921875
16 0.52890625 0.78046875 0.0546875 0.03984375
16 0.8046875 0.796875 0.02421875 0.096875
2 0.3921875 0.81640625 0.03046875 0.0546875
16 0.23515625 0.81875 0.05234375 0.0390625
2 0.95 0.8265625 0.053125 0.0609375
16 0.0859375 0.834375 0.0546875 0.03984375
4 0.509375 0.93125 0.97890625 0.128125