1 0.35703125 0.06796875 0.03671875 0.06328125
17 0.959375 0.359375 0.059375 0.07109375
17 0.99296875 0.38671875 0.01171875 0.06796875
9 0.2640625 0.04609375 0.05 0.0921875
3 0.140625 0.04375 0.1546875 0.0875
1 0.8359375 0.334375 0.034375 0.06171875
17 0.48828125 0.17109375 0.040625 0.1140625
1 0.97890625 0.49296875 0.03984375 0.09375
1 0.165625 0.10390625 0.0640625 0.06796875
1 0.075 0.0625 0.05625 0.06484375
1 0.86953125 0.45078125 0.034375 0.06015625
1 0.57578125 0.32890625 0.03828125 0.06640625
1 0.89765625 0.53203125 0.0375 0.06015625
1 0.9703125 0.61328125 0.0578125 0.096875
1 0.95625 0.71875 0.06171875 0.0859375
9 0.69296875 0.6046875 0.44609375 0.7875
9 0.275 0.4109375 0.284375 0.596875
4 0.05546875 0.30703125 0.10703125 0.2046875
4 0.1296875 0.365625 0.09609375 0.2046875
1 0.49140625 0.60625 0.03671875 0.06640625
1 0.93828125 0.83828125 0.06171875 0.0890625
4 0.5359375 0.17890625 0.92578125 0.35703125
1 0.11796875 0.49140625 0.03671875 0.05546875
1 0.50859375 0.69609375 0.034375 0.06171875
1 0.80625 0.8953125 0.0359375 0.06328125
12 0.9359375 0.9546875 0.0375 0.0875
17 0.9 0.95078125 0.040625 0.0953125
4 0.00390625 0.52265625 0.00703125 0.11875
9 0.05078125 0.559375 0.1015625 0.15078125
1 0.54453125 0.8046875 0.03359375 0.06328125
17 0.1203125 0.646875 0.03828125 0.10625
17 0.47890625 0.81796875 0.06328125 0.06796875
17 0.7609375 0.95625 0.040625 0.084375
1 0.33203125 0.78828125 0.03984375 0.07109375
17 0.17109375 0.71171875 0.06015625 0.06484375
17 0.02265625 0.65546875 0.0453125 0.06953125
4 0.46171875 0.83125 0.9234375 0.33515625