17 0.20078125 0.28046875 0.02265625 0.0203125
5 0.184375 0.28203125 0.0078125 0.02109375
17 0.44140625 0.2484375 0.015625 0.01171875
17 0.4875 0.246875 0.01328125 0.01015625
17 0.58046875 0.23515625 0.01484375 0.009375
17 0.4421875 0.259375 0.015625 0.0109375
13 0.3328125 0.27578125 0.01484375 0.0125
4 0.140625 0.303125 0.07578125 0.121875
17 0.58046875 0.2453125 0.01484375 0.01015625
9 0.5296875 0.2546875 0.04296875 0.06484375
9 0.61953125 0.24296875 0.06171875 0.09296875
1 0.4671875 0.26328125 0.00859375 0.0203125
17 0.48828125 0.2625 0.0140625 0.0109375
17 0.2015625 0.29921875 0.02265625 0.02109375
4 0.734375 0.2296875 0.1609375 0.196875
5 0.1859375 0.30234375 0.0078125 0.02109375
1 0.2734375 0.29140625 0.025 0.02109375
17 0.33359375 0.2859375 0.01484375 0.01328125
17 0.58125 0.25546875 0.01484375 0.0109375
13 0.4890625 0.27265625 0.01484375 0.01171875
9 0.39765625 0.28515625 0.06015625 0.0703125
9 0.30703125 0.29765625 0.0296875 0.0375
9 0.2375 0.3078125 0.03671875 0.078125
1 0.44453125 0.28203125 0.015625 0.034375
1 0.33359375 0.29765625 0.01484375 0.01328125
8 0.45625 0.28203125 0.01015625 0.03203125
17 0.1890625 0.31796875 0.01328125 0.0109375
1 0.48984375 0.28046875 0.015625 0.0109375
1 0.46875 0.284375 0.01015625 0.02109375
1 0.27421875 0.31015625 0.02421875 0.0234375
1 0.35 0.3015625 0.00859375 0.0234375
17 0.3578125 0.30078125 0.0078125 0.021875
17 0.2171875 0.32109375 0.00859375 0.02109375
13 0.334375 0.3078125 0.01484375 0.0109375
5 0.190625 0.328125 0.0140625 0.0109375
17 0.5828125 0.27734375 0.015625 0.0140625
1 0.48984375 0.28984375 0.01484375 0.0109375
17 0.33515625 0.31953125 0.015625 0.0140625
1 0.31640625 0.321875 0.01484375 0.01171875
1 0.275 0.328125 0.01484375 0.01171875
17 0.22265625 0.3546875 0.015625 0.01328125
1 0.62734375 0.3015625 0.0078125 0.02109375
1 0.62109375 0.303125 0.00625 0.021875
17 0.64609375 0.29921875 0.0078125 0.021875
17 0.61640625 0.303125 0.00625 0.021875
17 0.59296875 0.30703125 0.00859375 0.02265625
17 0.59921875 0.30625 0.00625 0.02265625
17 0.6046875 0.30546875 0.00625 0.02265625
17 0.61015625 0.3046875 0.00703125 0.02421875
1 0.6375 0.30078125 0.0078125 0.02109375
8 0.45390625 0.328125 0.01015625 0.03046875
8 0.44375 0.33046875 0.01171875 0.03203125
8 0.478125 0.32578125 0.01171875 0.03203125
1 0.46640625 0.328125 0.01328125 0.03671875
1 0.49140625 0.32421875 0.01484375 0.03671875
8 0.5046875 0.32421875 0.01171875 0.034375
7 0.553125 0.32109375 0.025 0.0625
5 0.153125 0.38359375 0.04765625 0.03359375
1 0.65234375 0.31953125 0.01484375 0.0125
8 0.584375 0.33515625 0.0109375 0.03125
3 0.63046875 0.33046875 0.0265625 0.03203125
5 0.2015625 0.39375 0.02265625 0.053125
17 0.67421875 0.3390625 0.0140625 0.0109375
17 0.68828125 0.3375 0.0140625 0.0125
17 0.659375 0.34140625 0.0140625 0.01328125
17 0.675 0.35 0.01328125 0.0109375
17 0.6890625 0.3484375 0.0140625 0.01015625
17 0.66015625 0.35234375 0.01484375 0.01171875
9 0.303125 0.4015625 0.1078125 0.11015625
8 0.7109375 0.35234375 0.0234375 0.01953125
17 0.66171875 0.36171875 0.01484375 0.01015625
7 0.55703125 0.38046875 0.02578125 0.0625
17 0.70625 0.36875 0.01484375 0.0140625
5 0.6828125 0.37265625 0.02578125 0.0234375
17 0.66171875 0.37578125 0.01484375 0.01171875
5 0.2 0.43828125 0.0140625 0.0109375
5 0.20078125 0.45 0.01484375 0.0109375
13 0.65859375 0.3921875 0.0078125 0.01875
5 0.20078125 0.4625 0.01484375 0.01484375
5 0.15078125 0.4703125 0.07734375 0.121875
9 0.6171875 0.41640625 0.0765625 0.11171875
1 0.38125 0.45625 0.015625 0.03671875
9 0.6953125 0.4203125 0.05546875 0.084375
7 0.559375 0.4421875 0.02421875 0.0640625
9 0.46875 0.45703125 0.1390625 0.20859375
1 0.22890625 0.49140625 0.02421875 0.02265625
1 0.28203125 0.484375 0.02578125 0.0234375
1 0.32109375 0.4796875 0.02578125 0.02421875
4 0.78359375 0.42109375 0.09921875 0.18125
17 0.6203125 0.4734375 0.0140625 0.01171875
17 0.61015625 0.478125 0.00625 0.02109375
17 0.603125 0.48046875 0.0078125 0.021875
1 0.58046875 0.49375 0.03671875 0.03125
13 0.6203125 0.49453125 0.015625 0.0140625
17 0.6078125 0.4984375 0.01328125 0.01171875
3 0.6421875 0.49921875 0.02109375 0.0390625
1 0.3859375 0.53515625 0.015625 0.0390625
17 0.621875 0.5046875 0.01484375 0.01171875
7 0.66484375 0.503125 0.0234375 0.0625
1 0.62265625 0.51640625 0.0140625 0.0109375
5 0.7015625 0.5109375 0.04453125 0.0375
9 0.3125 0.5625 0.109375 0.1125
17 0.6234375 0.528125 0.01484375 0.01328125
10 0.584375 0.546875 0.0390625 0.07578125
1 0.55546875 0.56328125 0.0140625 0.03671875
1 0.68046875 0.54765625 0.03671875 0.03046875
9 0.61796875 0.5609375 0.025 0.03828125
1 0.64375 0.565625 0.01484375 0.03671875
4 0.18203125 0.63515625 0.1140625 0.18515625
7 0.5265625 0.58984375 0.040625 0.03515625
17 0.4640625 0.59921875 0.01171875 0.0125
17 0.45078125 0.6 0.0140625 0.01171875
8 0.5625 0.58671875 0.01953125 0.01640625
17 0.4515625 0.61328125 0.01328125 0.01171875
17 0.4640625 0.61171875 0.01328125 0.0125
7 0.49296875 0.6109375 0.0234375 0.0625
13 0.5640625 0.603125 0.0203125 0.0140625
10 0.68515625 0.5875 0.0421875 0.05703125
18 0.41015625 0.62578125 0.0625 0.0796875
17 0.465625 0.62421875 0.01484375 0.01171875
17 0.4515625 0.6265625 0.01484375 0.0125
1 0.646875 0.6046875 0.015625 0.0359375
17 0.45234375 0.63828125 0.01484375 0.01328125
4 0.77890625 0.59609375 0.11328125 0.12734375
17 0.465625 0.63671875 0.01328125 0.01484375
1 0.53203125 0.63203125 0.03671875 0.0296875
9 0.3453125 0.659375 0.02578125 0.03984375
9 0.62265625 0.62265625 0.02578125 0.0375
1 0.2625 0.675 0.0203125 0.05546875
10 0.29921875 0.6703125 0.0421875 0.059375
10 0.58046875 0.63359375 0.05078125 0.059375
1 0.3703125 0.66171875 0.01484375 0.03671875
17 0.43984375 0.665625 0.0078125 0.02265625
17 0.446875 0.665625 0.0078125 0.02265625
17 0.66875 0.63671875 0.0140625 0.01171875
17 0.42890625 0.66875 0.0140625 0.0125
9 0.6921875 0.64140625 0.02578125 0.0375
17 0.66875 0.646875 0.015625 0.0125
17 0.609375 0.65546875 0.00859375 0.02265625
1 0.41015625 0.6890625 0.01484375 0.0125
5 0.33515625 0.703125 0.02734375 0.0390625
17 0.64375 0.6640625 0.0140625 0.01171875
17 0.65703125 0.66171875 0.01328125 0.0140625
17 0.7171875 0.6546875 0.0140625 0.01328125
1 0.6703125 0.6609375 0.01328125 0.0125
17 0.4109375 0.7015625 0.01484375 0.0109375
17 0.7171875 0.665625 0.01484375 0.0125
9 0.378125 0.715625 0.0515625 0.05859375
13 0.4125 0.7125 0.015625 0.0125
12 0.440625 0.7109375 0.03984375 0.06875
1 0.72265625 0.6796875 0.00859375 0.02109375
17 0.6265625 0.69296875 0.009375 0.02265625
17 0.66171875 0.68828125 0.0078125 0.02109375
17 0.6015625 0.696875 0.00859375 0.02265625
12 0.58984375 0.703125 0.0140625 0.03671875
12 0.63828125 0.69765625 0.01484375 0.034375
12 0.67109375 0.69375 0.01484375 0.03515625
12 0.61328125 0.7015625 0.01484375 0.03515625
13 0.325 0.74296875 0.015625 0.01328125
13 0.34296875 0.740625 0.01328125 0.0109375
9 0.70078125 0.69609375 0.0390625 0.03984375
1 0.73359375 0.6921875 0.01484375 0.03671875
8 0.74609375 0.68984375 0.0109375 0.03125
1 0.72421875 0.70078125 0.00859375 0.0203125
17 0.34296875 0.7515625 0.01484375 0.0109375
4 0.2484375 0.7828125 0.1265625 0.07109375
17 0.54765625 0.1328125 0.0140625 0.0109375
11 0.72421875 0.11328125 0.040625 0.04375
1 0.35546875 0.1640625 0.00859375 0.02265625
5 0.3625 0.16328125 0.0078125 0.02265625
11 0.66015625 0.125 0.040625 0.03984375
4 0.6953125 0.12109375 0.02265625 0.03515625
1 0.5484375 0.14296875 0.01484375 0.01171875
4 0.19375 0.19609375 0.05859375 0.08125
0 0.5046875 0.16015625 0.0734375 0.07109375
5 0.54921875 0.15390625 0.01484375 0.0125
0 0.40625 0.17421875 0.0734375 0.06796875
17 0.3578125 0.184375 0.00859375 0.02265625
5 0.684375 0.1453125 0.0140625 0.00859375
17 0.66875 0.14765625 0.01171875 0.00859375
17 0.6546875 0.15 0.0125 0.01171875
5 0.64140625 0.15234375 0.01328125 0.01328125
8 0.565625 0.1765625 0.02265625 0.021875
17 0.609375 0.1734375 0.00859375 0.02109375
1 0.54921875 0.184375 0.0078125 0.01953125
9 0.62421875 0.1796875 0.0171875 0.02421875
17 0.63828125 0.17734375 0.00859375 0.02265625
17 0.19609375 0.24609375 0.03125 0.0234375
1 0.56640625 0.19765625 0.02265625 0.02109375
3 0.48359375 0.215625 0.02421875 0.0296875
1 0.459375 0.2203125 0.01484375 0.03828125
17 0.50859375 0.215625 0.0140625 0.01171875
1 0.1984375 0.26015625 0.01328125 0.009375
17 0.440625 0.23125 0.01328125 0.01015625
17 0.440625 0.240625 0.015625 0.009375
1 0.4921875 0.2359375 0.0140625 0.0109375
1 0.4796875 0.2375 0.0140625 0.01171875
17 0.5796875 0.225 0.0140625 0.0109375