16 0.22421875 0.25625 0.021875 0.0171875
5 0.20859375 0.25703125 0.00703125 0.0203125
16 0.4609375 0.25703125 0.01484375 0.009375
16 0.50625 0.2609375 0.0125 0.009375
16 0.59765625 0.26171875 0.0140625 0.00859375
16 0.4609375 0.26640625 0.015625 0.009375
13 0.353125 0.26875 0.01484375 0.0109375
4 0.16484375 0.27109375 0.06796875 0.1109375
16 0.596875 0.271875 0.0140625 0.009375
9 0.546875 0.27421875 0.0390625 0.05859375
9 0.6359375 0.27421875 0.05625 0.08359375
2 0.4859375 0.27421875 0.00859375 0.01953125
16 0.50625 0.27578125 0.01328125 0.01015625
16 0.22421875 0.27578125 0.021875 0.01796875
4 0.74765625 0.27578125 0.1484375 0.17421875
5 0.20859375 0.2765625 0.00703125 0.0203125
2 0.29453125 0.2765625 0.0234375 0.01796875
16 0.35390625 0.2796875 0.0140625 0.01171875
16 0.59765625 0.28125 0.0140625 0.01015625
13 0.50625 0.2859375 0.0140625 0.0109375
9 0.41640625 0.28671875 0.05625 0.06171875
9 0.32734375 0.2875 0.02734375 0.03359375
9 0.259375 0.28828125 0.03203125 0.07265625
2 0.46171875 0.2890625 0.01328125 0.0328125
2 0.353125 0.290625 0.0140625 0.01171875
8 0.4734375 0.290625 0.0078125 0.03046875
16 0.2109375 0.29140625 0.0125 0.01015625
2 0.50703125 0.29453125 0.01484375 0.009375
2 0.4859375 0.29453125 0.00859375 0.0203125
2 0.29453125 0.2953125 0.02265625 0.0203125
2 0.36875 0.29609375 0.0078125 0.021875
16 0.3765625 0.29609375 0.00625 0.02109375
16 0.23828125 0.2984375 0.0078125 0.0203125
13 0.353125 0.30078125 0.01484375 0.01015625
5 0.21171875 0.3015625 0.01328125 0.01015625
16 0.59765625 0.303125 0.01484375 0.0125
2 0.50625 0.303125 0.0140625 0.009375
16 0.35390625 0.31171875 0.01484375 0.01171875
2 0.33515625 0.3125 0.0140625 0.0109375
2 0.29453125 0.3125 0.0140625 0.01015625
16 0.24140625 0.33203125 0.01484375 0.0109375
2 0.63984375 0.33203125 0.00703125 0.0203125
2 0.63359375 0.33203125 0.00546875 0.02109375
16 0.6578125 0.33203125 0.00703125 0.02109375
16 0.628125 0.3328125 0.00546875 0.02109375
16 0.60546875 0.3328125 0.0078125 0.021875
16 0.61171875 0.3328125 0.00546875 0.021875
16 0.6171875 0.3328125 0.00546875 0.021875
16 0.62265625 0.3328125 0.00546875 0.02265625
2 0.65 0.3328125 0.00703125 0.0203125
8 0.46875 0.33515625 0.00859375 0.0296875
8 0.45859375 0.33671875 0.009375 0.03046875
8 0.49296875 0.33671875 0.009375 0.03125
2 0.48125 0.3375 0.01171875 0.03515625
2 0.50546875 0.3375 0.0125 0.03515625
8 0.51875 0.3375 0.01015625 0.0328125
7 0.56640625 0.34140625 0.02109375 0.059375
5 0.171875 0.35078125 0.0453125 0.028125
2 0.66328125 0.35234375 0.0140625 0.01171875
8 0.59609375 0.35859375 0.009375 0.0296875
3 0.640625 0.36015625 0.025 0.02890625
5 0.21875 0.36796875 0.01953125 0.05
16 0.6828125 0.37421875 0.01328125 0.009375
16 0.696875 0.375 0.01328125 0.0109375
16 0.66796875 0.375 0.01328125 0.0125
16 0.68359375 0.38515625 0.01328125 0.01015625
16 0.696875 0.38515625 0.01328125 0.00859375
16 0.66875 0.3859375 0.0140625 0.0109375
9 0.3171875 0.3875 0.10078125 0.09453125
8 0.71796875 0.3921875 0.021875 0.01640625
16 0.66953125 0.39453125 0.0140625 0.009375
7 0.56640625 0.39921875 0.021875 0.059375
16 0.7125 0.40703125 0.0140625 0.0125
5 0.68984375 0.4078125 0.02421875 0.0203125
16 0.66875 0.40859375 0.0140625 0.0109375
5 0.2140625 0.41015625 0.01328125 0.01015625
5 0.2140625 0.421875 0.0140625 0.01015625
13 0.66484375 0.4234375 0.00703125 0.01796875
5 0.2140625 0.43515625 0.0140625 0.0140625
5 0.16484375 0.4359375 0.06953125 0.1109375
9 0.62265625 0.44296875 0.06953125 0.10078125
2 0.390625 0.4515625 0.01328125 0.03515625
9 0.69921875 0.45703125 0.05 0.07734375
7 0.565625 0.46015625 0.02109375 0.0609375
9 0.4765625 0.46328125 0.1265625 0.1890625
2 0.23984375 0.465625 0.0234375 0.01953125
2 0.2921875 0.465625 0.02421875 0.0203125
2 0.33046875 0.46640625 0.02421875 0.02109375
4 0.78515625 0.46953125 0.08828125 0.16640625
16 0.62265625 0.49921875 0.01328125 0.01015625
16 0.6125 0.50234375 0.00546875 0.0203125
16 0.60546875 0.503125 0.00703125 0.02109375
2 0.5828125 0.5140625 0.034375 0.0265625
13 0.62265625 0.51875 0.015625 0.0125
16 0.609375 0.521875 0.01328125 0.0109375
3 0.6421875 0.52734375 0.01953125 0.0359375
2 0.390625 0.52890625 0.0140625 0.0375
16 0.62265625 0.5296875 0.0140625 0.0109375
7 0.66484375 0.53359375 0.01953125 0.05859375
2 0.62265625 0.54140625 0.01328125 0.01015625
5 0.7 0.54609375 0.04296875 0.03125
9 0.3171875 0.546875 0.1015625 0.096875
16 0.62265625 0.55234375 0.0140625 0.01171875
10 0.58359375 0.565625 0.034375 0.0703125
2 0.5546875 0.578125 0.0125 0.03515625
2 0.6765625 0.578125 0.034375 0.0265625
9 0.615625 0.584375 0.02265625 0.03515625
2 0.64140625 0.59140625 0.0125 0.034375
4 0.1859375 0.6 0.10234375 0.16875
7 0.525 0.6 0.03828125 0.0296875
16 0.46328125 0.60078125 0.01171875 0.01171875
16 0.45 0.60078125 0.01328125 0.0109375
8 0.56015625 0.60234375 0.01875 0.0140625
16 0.45 0.61328125 0.01328125 0.0109375
16 0.4625 0.61328125 0.01328125 0.01171875
7 0.490625 0.61640625 0.01953125 0.059375
13 0.56015625 0.6171875 0.01953125 0.01171875
10 0.6796875 0.61875 0.03828125 0.05078125
18 0.409375 0.61953125 0.0578125 0.07109375
16 0.46328125 0.62578125 0.0140625 0.0109375
16 0.44921875 0.6265625 0.0140625 0.01171875
2 0.64140625 0.63046875 0.01328125 0.034375
16 0.44921875 0.63828125 0.0140625 0.0125
4 0.7703125 0.63828125 0.10546875 0.11171875
16 0.46328125 0.63828125 0.01328125 0.0140625
2 0.52734375 0.6421875 0.034375 0.025
9 0.34375 0.64375 0.0234375 0.03671875
9 0.6171875 0.64453125 0.0234375 0.03359375
2 0.2625 0.64921875 0.0171875 0.05234375
10 0.2984375 0.64921875 0.0390625 0.053125
10 0.57578125 0.64921875 0.046875 0.05234375
2 0.36796875 0.65078125 0.0125 0.034375
16 0.43671875 0.6625 0.00703125 0.02109375
16 0.44296875 0.6640625 0.00703125 0.02109375
16 0.6609375 0.6640625 0.01328125 0.0109375
16 0.425 0.66484375 0.01328125 0.0109375
9 0.68359375 0.671875 0.0234375 0.034375
16 0.6609375 0.67421875 0.01484375 0.0109375
16 0.60234375 0.675 0.00859375 0.02109375
2 0.40546875 0.68203125 0.0140625 0.01171875
5 0.33203125 0.6859375 0.025 0.03515625
16 0.63515625 0.6875 0.01328125 0.0109375
16 0.6484375 0.6875 0.0125 0.0125
16 0.70703125 0.6875 0.01328125 0.0125
2 0.6609375 0.68828125 0.01328125 0.01171875
16 0.40546875 0.69453125 0.0140625 0.009375
16 0.70625 0.6984375 0.0140625 0.0109375
9 0.37265625 0.703125 0.04765625 0.0515625
13 0.40625 0.7046875 0.01484375 0.0109375
12 0.434375 0.70703125 0.0359375 0.0640625
2 0.7109375 0.71328125 0.0078125 0.0203125
16 0.61640625 0.7140625 0.00859375 0.02109375
16 0.65078125 0.7140625 0.00703125 0.0203125
16 0.5921875 0.7140625 0.0078125 0.02109375
12 0.58046875 0.71875 0.0125 0.03515625
12 0.628125 0.71953125 0.0125 0.03203125
12 0.66015625 0.71953125 0.0125 0.03359375
12 0.603125 0.7203125 0.0125 0.03359375
13 0.31875 0.7234375 0.01484375 0.01171875
13 0.3375 0.72421875 0.01328125 0.01015625
9 0.68828125 0.7265625 0.0359375 0.034375
2 0.721875 0.7265625 0.0125 0.03515625
8 0.7328125 0.7265625 0.009375 0.03046875
2 0.7109375 0.73359375 0.0078125 0.01953125
16 0.33671875 0.73515625 0.0140625 0.01015625
4 0.2421875 0.75234375 0.12109375 0.0546875
16 0.571875 0.15703125 0.01328125 0.009375
11 0.74453125 0.1609375 0.03828125 0.03828125
2 0.3828125 0.16328125 0.0078125 0.02109375
5 0.38984375 0.16328125 0.00703125 0.02109375
11 0.68203125 0.16328125 0.03828125 0.03359375
4 0.715625 0.1640625 0.02109375 0.0328125
2 0.57109375 0.1671875 0.0140625 0.0109375
4 0.221875 0.17421875 0.05390625 0.0734375
0 0.528125 0.17890625 0.06875 0.0609375
5 0.571875 0.17890625 0.0140625 0.01171875
0 0.43125 0.17890625 0.06953125 0.05859375
16 0.3828125 0.1828125 0.0078125 0.02109375
5 0.7046875 0.18671875 0.01328125 0.0078125
16 0.68828125 0.1875 0.01171875 0.00703125
16 0.675 0.18828125 0.01171875 0.01015625
5 0.66171875 0.1890625 0.01328125 0.01171875
8 0.5859375 0.2015625 0.021875 0.01875
16 0.62890625 0.2046875 0.00859375 0.0203125
2 0.5703125 0.2078125 0.00703125 0.01875
9 0.64375 0.2125 0.01640625 0.02109375
16 0.65703125 0.2125 0.00859375 0.02109375
16 0.221875 0.22265625 0.0296875 0.01953125
2 0.58671875 0.2234375 0.02109375 0.01796875
3 0.5046875 0.2296875 0.02265625 0.02734375
2 0.48046875 0.23203125 0.01328125 0.0359375
16 0.52890625 0.23359375 0.01328125 0.01015625
2 0.2234375 0.2375 0.0125 0.00859375
16 0.4609375 0.23984375 0.0125 0.009375
16 0.46171875 0.2484375 0.01484375 0.0078125
2 0.5125 0.25078125 0.01328125 0.009375
2 0.49921875 0.25078125 0.01328125 0.01015625
16 0.59765625 0.2515625 0.01328125 0.01015625