17 0.21015625 0.21015625 0.0234375 0.0203125
5 0.19375 0.20859375 0.00859375 0.021875
17 0.46328125 0.2359375 0.01640625 0.01171875
17 0.51171875 0.24609375 0.01328125 0.0109375
17 0.609375 0.2578125 0.01484375 0.01015625
17 0.46328125 0.24765625 0.01640625 0.0109375
13 0.34765625 0.2375 0.015625 0.01328125
4 0.14609375 0.21796875 0.078125 0.12578125
17 0.60859375 0.2671875 0.015625 0.0109375
9 0.55390625 0.26484375 0.04375 0.0671875
9 0.64921875 0.27421875 0.0640625 0.09609375
1 0.4890625 0.2578125 0.009375 0.02109375
17 0.5109375 0.26171875 0.01484375 0.01171875
17 0.209375 0.2296875 0.02421875 0.02109375
4 0.76953125 0.28828125 0.1671875 0.203125
5 0.19296875 0.22890625 0.00859375 0.021875
1 0.284375 0.23828125 0.0265625 0.02109375
17 0.34765625 0.2484375 0.015625 0.0140625
17 0.6078125 0.278125 0.015625 0.01171875
13 0.51015625 0.27265625 0.015625 0.0125
9 0.4140625 0.26328125 0.0625 0.07265625
9 0.31875 0.2546875 0.03046875 0.03828125
9 0.24609375 0.246875 0.03828125 0.08125
1 0.4625 0.271875 0.015625 0.0359375
1 0.34609375 0.2609375 0.01484375 0.0140625
8 0.475 0.275 0.01015625 0.03359375
17 0.19453125 0.2453125 0.01328125 0.01171875
1 0.51015625 0.28125 0.01640625 0.0109375
1 0.48828125 0.2796875 0.01015625 0.021875
1 0.28359375 0.259375 0.025 0.0234375
1 0.36328125 0.26875 0.00859375 0.02421875
17 0.37109375 0.26953125 0.0078125 0.02265625
17 0.22265625 0.25625 0.009375 0.021875
13 0.34609375 0.271875 0.015625 0.01171875
5 0.19453125 0.25703125 0.01484375 0.01171875
17 0.60703125 0.30078125 0.01640625 0.0140625
1 0.509375 0.29140625 0.015625 0.01171875
17 0.34609375 0.2828125 0.01640625 0.0140625
1 0.3265625 0.28125 0.015625 0.0125
1 0.28203125 0.27734375 0.015625 0.0125
17 0.225 0.2921875 0.01640625 0.01328125
1 0.65078125 0.3375 0.00859375 0.021875
1 0.64453125 0.3359375 0.00703125 0.02265625
17 0.6703125 0.3390625 0.00859375 0.02265625
17 0.6390625 0.3359375 0.00703125 0.02265625
17 0.61484375 0.334375 0.009375 0.0234375
17 0.6203125 0.33515625 0.00703125 0.0234375
17 0.6265625 0.3359375 0.00703125 0.0234375
17 0.6328125 0.3359375 0.00703125 0.025
1 0.6609375 0.3390625 0.00859375 0.021875
8 0.4671875 0.321875 0.01015625 0.03203125
8 0.45703125 0.32109375 0.01171875 0.03359375
8 0.49375 0.325 0.01171875 0.03359375
1 0.48125 0.325 0.01328125 0.0375
1 0.50703125 0.32734375 0.01484375 0.03828125
8 0.52109375 0.3296875 0.01171875 0.03515625
7 0.57109375 0.3390625 0.02578125 0.06640625
5 0.15 0.3046875 0.04921875 0.03359375
1 0.675 0.36171875 0.015625 0.01328125
8 0.603125 0.3609375 0.0109375 0.0328125
3 0.65078125 0.36796875 0.028125 0.0328125
5 0.19921875 0.328125 0.0234375 0.05546875
17 0.6953125 0.3875 0.01484375 0.01171875
17 0.71015625 0.3890625 0.01484375 0.01328125
17 0.67890625 0.3859375 0.01484375 0.0140625
17 0.6953125 0.39921875 0.0140625 0.01171875
17 0.709375 0.40078125 0.01484375 0.0109375
17 0.67890625 0.39765625 0.015625 0.0125
9 0.303125 0.36015625 0.1125 0.1125
8 0.73125 0.41015625 0.02421875 0.01953125
17 0.6796875 0.4078125 0.015625 0.0109375
7 0.56875 0.4015625 0.0265625 0.065625
17 0.725 0.42578125 0.01484375 0.01484375
5 0.70078125 0.42421875 0.0265625 0.0234375
17 0.678125 0.42265625 0.015625 0.0125
5 0.1921875 0.37265625 0.01484375 0.01171875
5 0.19140625 0.3859375 0.015625 0.01171875
13 0.6734375 0.43828125 0.00859375 0.01953125
5 0.190625 0.39921875 0.01484375 0.015625
5 0.1375 0.39453125 0.0796875 0.1265625
9 0.62734375 0.45390625 0.07890625 0.115625
1 0.378125 0.43671875 0.015625 0.03828125
9 0.70859375 0.47734375 0.05703125 0.08828125
7 0.565625 0.46640625 0.025 0.06796875
9 0.46953125 0.459375 0.14375 0.215625
1 0.21640625 0.4359375 0.02578125 0.02265625
1 0.27265625 0.4421875 0.0265625 0.0234375
1 0.31328125 0.44609375 0.0265625 0.02421875
4 0.8 0.50078125 0.10234375 0.18828125
17 0.62421875 0.5140625 0.01484375 0.0125
17 0.61328125 0.515625 0.00703125 0.021875
17 0.60546875 0.51640625 0.00859375 0.02265625
1 0.58046875 0.52578125 0.0375 0.03203125
13 0.62265625 0.53515625 0.01640625 0.0140625
17 0.60859375 0.53671875 0.0140625 0.0125
3 0.64375 0.54609375 0.021875 0.040625
1 0.37421875 0.5203125 0.01640625 0.040625
17 0.62265625 0.54609375 0.015625 0.0125
7 0.66796875 0.55546875 0.0234375 0.065625
1 0.62265625 0.55859375 0.01484375 0.01171875
5 0.7046875 0.57265625 0.046875 0.03828125
9 0.2953125 0.53046875 0.11328125 0.11484375
17 0.621875 0.571875 0.015625 0.0140625
10 0.57890625 0.58125 0.040625 0.07890625
1 0.54765625 0.590625 0.0140625 0.03828125
1 0.67890625 0.6046875 0.0375 0.03125
9 0.6125 0.6046875 0.02578125 0.0390625
1 0.6390625 0.61484375 0.01484375 0.03828125
4 0.1515625 0.5734375 0.11796875 0.1921875
7 0.51484375 0.6109375 0.0421875 0.03515625
17 0.44921875 0.6046875 0.0125 0.01328125
17 0.434375 0.60390625 0.01484375 0.0125
8 0.55234375 0.6171875 0.01953125 0.0171875
17 0.43359375 0.6171875 0.0140625 0.0125
17 0.44765625 0.61796875 0.0140625 0.01328125
7 0.478125 0.62421875 0.0234375 0.065625
13 0.5515625 0.634375 0.02109375 0.01484375
10 0.6796875 0.6484375 0.04375 0.0578125
18 0.390625 0.61953125 0.0640625 0.08203125
17 0.44765625 0.63203125 0.01484375 0.0125
17 0.4328125 0.63125 0.01484375 0.01328125
1 0.6375 0.65625 0.015625 0.0375
17 0.43203125 0.64375 0.01484375 0.0140625
4 0.77578125 0.6796875 0.11796875 0.13125
17 0.446875 0.6453125 0.0140625 0.015625
1 0.51484375 0.65625 0.0375 0.03046875
9 0.31875 0.6375 0.0265625 0.040625
9 0.6109375 0.66953125 0.0265625 0.03828125
1 0.23203125 0.634375 0.0203125 0.05703125
10 0.2703125 0.6390625 0.04375 0.06015625
10 0.56640625 0.6703125 0.053125 0.0609375
1 0.34375 0.64765625 0.01484375 0.03828125
17 0.41640625 0.66796875 0.00859375 0.0234375
17 0.4234375 0.6703125 0.0078125 0.0234375
17 0.65703125 0.69609375 0.01484375 0.0125
17 0.4046875 0.66953125 0.01484375 0.01328125
9 0.68046875 0.70546875 0.0265625 0.03828125
17 0.65546875 0.70625 0.01640625 0.0125
17 0.59375 0.7 0.009375 0.0234375
1 0.3828125 0.6859375 0.01484375 0.01328125
5 0.30390625 0.68125 0.028125 0.03984375
17 0.62890625 0.7171875 0.01484375 0.0125
17 0.6421875 0.71796875 0.01328125 0.01484375
17 0.7046875 0.72578125 0.01484375 0.0140625
1 0.65546875 0.7203125 0.0140625 0.01328125
17 0.3828125 0.69921875 0.01484375 0.01171875
17 0.70390625 0.73671875 0.015625 0.01328125
9 0.346875 0.7046875 0.05390625 0.06015625
13 0.3828125 0.71015625 0.01640625 0.0125
12 0.4125 0.715625 0.04140625 0.071875
1 0.7078125 0.753125 0.00859375 0.021875
17 0.60703125 0.74296875 0.01015625 0.0234375
17 0.64375 0.746875 0.00859375 0.021875
17 0.58046875 0.74140625 0.009375 0.0234375
12 0.56796875 0.74453125 0.0140625 0.03828125
12 0.61875 0.75078125 0.01484375 0.0359375
12 0.653125 0.7546875 0.01484375 0.03671875
12 0.59296875 0.7484375 0.01484375 0.03671875
13 0.28828125 0.7203125 0.01640625 0.01328125
13 0.3078125 0.72265625 0.0140625 0.01171875
9 0.68359375 0.76484375 0.040625 0.040625
1 0.71875 0.76875 0.01484375 0.03828125
8 0.73125 0.76953125 0.0109375 0.0328125
1 0.70703125 0.775 0.009375 0.02109375
17 0.30625 0.734375 0.01484375 0.01171875
4 0.2046875 0.7421875 0.1328125 0.071875
17 0.58671875 0.1421875 0.01484375 0.01171875
11 0.771875 0.16484375 0.0421875 0.04375
1 0.384375 0.12734375 0.00859375 0.0234375
5 0.39140625 0.128125 0.0078125 0.0234375
11 0.70390625 0.16171875 0.0421875 0.03984375
4 0.74140625 0.16640625 0.0234375 0.03671875
1 0.5859375 0.153125 0.015625 0.0125
4 0.21171875 0.1203125 0.0609375 0.084375
0 0.5390625 0.16015625 0.0765625 0.0734375
5 0.5859375 0.16484375 0.01484375 0.01328125
0 0.43515625 0.15 0.07734375 0.0703125
17 0.38359375 0.1484375 0.00859375 0.0234375
5 0.72734375 0.18984375 0.01484375 0.009375
17 0.71015625 0.18671875 0.0125 0.009375
17 0.6953125 0.1859375 0.01328125 0.0125
5 0.68125 0.18515625 0.0140625 0.0140625
8 0.6 0.1921875 0.02421875 0.021875
17 0.64609375 0.2 0.009375 0.021875
1 0.5828125 0.19609375 0.0078125 0.0203125
9 0.6609375 0.209375 0.01796875 0.02421875
17 0.67578125 0.21171875 0.009375 0.0234375
17 0.209375 0.17265625 0.0328125 0.0234375
1 0.59921875 0.2140625 0.0234375 0.02109375
3 0.51171875 0.21171875 0.025 0.03046875
1 0.48515625 0.21171875 0.01484375 0.03984375
17 0.5375 0.21875 0.01484375 0.0125
1 0.21015625 0.18828125 0.01328125 0.01015625
17 0.4640625 0.21875 0.01328125 0.0109375
17 0.4640625 0.228125 0.01640625 0.009375
1 0.51796875 0.23515625 0.01484375 0.01171875
1 0.5046875 0.234375 0.01484375 0.0125
17 0.609375 0.24609375 0.01484375 0.01171875