17 0.24140625 0.215625 0.02265625 0.01953125
5 0.2265625 0.2125 0.00859375 0.0203125
17 0.47890625 0.25234375 0.01484375 0.01171875
17 0.5234375 0.2640625 0.0125 0.0109375
17 0.6140625 0.27890625 0.0140625 0.01015625
17 0.478125 0.2625 0.015625 0.0109375
13 0.36953125 0.2484375 0.01484375 0.01328125
4 0.18125 0.21953125 0.07578125 0.121875
17 0.6140625 0.28828125 0.01484375 0.0109375
9 0.5625 0.28359375 0.04296875 0.06484375
9 0.6515625 0.296875 0.06171875 0.0921875
1 0.5015625 0.27421875 0.009375 0.0203125
17 0.52265625 0.278125 0.0140625 0.01171875
17 0.23984375 0.234375 0.02265625 0.0203125
4 0.7640625 0.3171875 0.16015625 0.196875
5 0.225 0.2328125 0.00859375 0.0203125
1 0.31015625 0.24609375 0.02421875 0.02109375
17 0.36953125 0.2578125 0.01484375 0.0140625
17 0.61328125 0.29921875 0.01484375 0.01171875
13 0.52109375 0.2890625 0.01484375 0.0125
9 0.43125 0.275 0.06015625 0.0703125
9 0.34296875 0.26171875 0.02890625 0.0375
9 0.27421875 0.25234375 0.0375 0.07734375
1 0.47734375 0.28515625 0.01484375 0.034375
1 0.36796875 0.26953125 0.01484375 0.0140625
8 0.48828125 0.2890625 0.01015625 0.03203125
17 0.22578125 0.2484375 0.0125 0.01171875
1 0.52109375 0.296875 0.01484375 0.0109375
1 0.5 0.29453125 0.01015625 0.02109375
1 0.309375 0.26484375 0.02421875 0.0234375
1 0.38359375 0.27734375 0.00859375 0.02265625
17 0.390625 0.27890625 0.0078125 0.02109375
17 0.25234375 0.25859375 0.009375 0.02109375
13 0.3671875 0.27890625 0.01484375 0.01171875
5 0.22578125 0.25859375 0.0140625 0.01171875
17 0.61171875 0.3203125 0.015625 0.0140625
1 0.5203125 0.30625 0.01484375 0.01171875
17 0.3671875 0.290625 0.015625 0.0140625
1 0.3484375 0.28828125 0.01484375 0.0125
1 0.3078125 0.28203125 0.01484375 0.0125
17 0.253125 0.29296875 0.01484375 0.01328125
1 0.65234375 0.35546875 0.00859375 0.0203125
1 0.6453125 0.35546875 0.00703125 0.02109375
17 0.6703125 0.35859375 0.00859375 0.02109375
17 0.640625 0.3546875 0.00703125 0.02109375
17 0.61796875 0.3515625 0.009375 0.02265625
17 0.6234375 0.35234375 0.00703125 0.021875
17 0.62890625 0.353125 0.00703125 0.021875
17 0.634375 0.35390625 0.00703125 0.0234375
1 0.66171875 0.35859375 0.00859375 0.0203125
8 0.48046875 0.3328125 0.01015625 0.03125
8 0.4703125 0.33203125 0.0109375 0.03203125
8 0.5046875 0.3375 0.0109375 0.03203125
1 0.49296875 0.3359375 0.0140625 0.0359375
1 0.5171875 0.33984375 0.01484375 0.0359375
8 0.53046875 0.34296875 0.01171875 0.03359375
7 0.57734375 0.35390625 0.025 0.0625
5 0.1828125 0.3015625 0.046875 0.03359375
1 0.67421875 0.3796875 0.01484375 0.01328125
8 0.60625 0.37578125 0.0109375 0.03203125
3 0.65078125 0.384375 0.02734375 0.03203125
5 0.22890625 0.32578125 0.0234375 0.053125
17 0.6921875 0.4046875 0.0140625 0.01171875
17 0.70625 0.40703125 0.0140625 0.01328125
17 0.67734375 0.403125 0.0140625 0.0140625
17 0.6921875 0.41640625 0.01328125 0.01171875
17 0.70546875 0.41875 0.0140625 0.0109375
17 0.6765625 0.4140625 0.01484375 0.0125
9 0.32578125 0.3609375 0.1078125 0.11015625
8 0.72578125 0.428125 0.0234375 0.01953125
17 0.67734375 0.4234375 0.01484375 0.0109375
7 0.57421875 0.41171875 0.02578125 0.06171875
17 0.71953125 0.44296875 0.01484375 0.01484375
5 0.696875 0.440625 0.02578125 0.0234375
17 0.675 0.4375 0.01484375 0.0125
5 0.22109375 0.3671875 0.0140625 0.01171875
5 0.2203125 0.37890625 0.01484375 0.01171875
13 0.6703125 0.4515625 0.0078125 0.01875
5 0.21875 0.39140625 0.01484375 0.015625
5 0.16953125 0.384375 0.07734375 0.121875
9 0.62734375 0.4640625 0.0765625 0.1109375
1 0.39375 0.4359375 0.015625 0.03671875
9 0.703125 0.48984375 0.0546875 0.084375
7 0.56875 0.47265625 0.02421875 0.0640625
9 0.47890625 0.46171875 0.1390625 0.20859375
1 0.2421875 0.4265625 0.02421875 0.02265625
1 0.29453125 0.43515625 0.02578125 0.0234375
1 0.3328125 0.44140625 0.02578125 0.02421875
4 0.78828125 0.515625 0.1 0.18046875
17 0.6234375 0.5203125 0.0140625 0.0125
17 0.6125 0.52109375 0.00703125 0.0203125
17 0.60546875 0.52109375 0.00859375 0.02109375
1 0.58203125 0.528125 0.0359375 0.03203125
13 0.62109375 0.53984375 0.01640625 0.0140625
17 0.6078125 0.540625 0.01328125 0.0125
3 0.640625 0.5515625 0.021875 0.0390625
1 0.3890625 0.51328125 0.01640625 0.0390625
17 0.62109375 0.55078125 0.01484375 0.0125
7 0.6625 0.5609375 0.0234375 0.06171875
1 0.6203125 0.56171875 0.0140625 0.01171875
5 0.696875 0.5796875 0.04453125 0.03828125
9 0.31484375 0.51953125 0.10859375 0.1125
17 0.61953125 0.57421875 0.01484375 0.0140625
10 0.57890625 0.58125 0.03984375 0.075
1 0.55 0.5890625 0.0140625 0.0359375
1 0.671875 0.60859375 0.0359375 0.03125
9 0.61015625 0.60390625 0.025 0.03828125
1 0.634375 0.615625 0.01484375 0.0359375
4 0.17890625 0.55234375 0.1140625 0.18515625
7 0.51796875 0.60625 0.040625 0.03515625
17 0.45703125 0.596875 0.01171875 0.0125
17 0.44296875 0.59453125 0.0140625 0.0125
8 0.553125 0.61328125 0.01953125 0.0171875
17 0.4421875 0.60703125 0.01328125 0.0125
17 0.4546875 0.60859375 0.01328125 0.01328125
7 0.48359375 0.61640625 0.0234375 0.06171875
13 0.55234375 0.62890625 0.01953125 0.01484375
10 0.671875 0.6484375 0.04140625 0.05703125
18 0.4015625 0.6078125 0.06171875 0.0796875
17 0.4546875 0.621875 0.0140625 0.0125
17 0.440625 0.62109375 0.0140625 0.01328125
1 0.6328125 0.65390625 0.015625 0.0359375
17 0.43984375 0.63203125 0.01484375 0.0140625
4 0.7609375 0.6828125 0.11328125 0.128125
17 0.45390625 0.634375 0.0140625 0.015625
1 0.51796875 0.6484375 0.0359375 0.03046875
9 0.33359375 0.621875 0.02578125 0.03984375
9 0.60703125 0.665625 0.02578125 0.0375
1 0.25234375 0.61328125 0.0203125 0.0546875
10 0.28828125 0.61953125 0.0421875 0.05859375
10 0.56484375 0.6640625 0.05078125 0.059375
1 0.3578125 0.63125 0.01484375 0.0359375
17 0.425 0.65390625 0.00859375 0.021875
17 0.43125 0.65703125 0.0078125 0.021875
17 0.65 0.6921875 0.0140625 0.0125
17 0.41328125 0.6546875 0.0140625 0.01328125
9 0.67109375 0.703125 0.02578125 0.0375
17 0.6484375 0.7015625 0.01484375 0.0125
17 0.58984375 0.6921875 0.009375 0.02265625
1 0.39296875 0.66953125 0.0140625 0.01328125
5 0.31875 0.6609375 0.02734375 0.0390625
17 0.62265625 0.71015625 0.0140625 0.0125
17 0.63515625 0.7125 0.01328125 0.01484375
17 0.69375 0.72265625 0.0140625 0.0140625
1 0.6484375 0.71484375 0.01328125 0.01328125
17 0.3921875 0.68203125 0.0140625 0.01171875
17 0.69296875 0.7328125 0.01484375 0.01328125
9 0.35859375 0.6859375 0.0515625 0.05859375
13 0.3921875 0.6921875 0.01484375 0.0125
12 0.4203125 0.6984375 0.040625 0.06875
1 0.69609375 0.7484375 0.00859375 0.0203125
17 0.6015625 0.73359375 0.01015625 0.02265625
17 0.6359375 0.7390625 0.00859375 0.0203125
17 0.57734375 0.73046875 0.009375 0.02265625
12 0.56484375 0.7328125 0.0140625 0.0359375
12 0.6125 0.74140625 0.0140625 0.03359375
12 0.64453125 0.74609375 0.01484375 0.034375
12 0.58828125 0.73828125 0.01484375 0.034375
13 0.30390625 0.69765625 0.01484375 0.01328125
13 0.32109375 0.7 0.01328125 0.01171875
9 0.6734375 0.7578125 0.0390625 0.03984375
1 0.70625 0.76328125 0.01484375 0.0359375
8 0.71796875 0.76484375 0.0109375 0.03203125
1 0.6953125 0.76875 0.009375 0.0203125
17 0.3203125 0.71171875 0.0140625 0.01171875
4 0.225 0.71328125 0.125 0.0734375
17 0.59609375 0.1703125 0.0140625 0.01171875
11 0.76875 0.2015625 0.040625 0.04375
1 0.40625 0.146875 0.00859375 0.021875
5 0.41328125 0.14765625 0.0078125 0.021875
11 0.70546875 0.19453125 0.03984375 0.03984375
4 0.73984375 0.2 0.02265625 0.03515625
1 0.5953125 0.18046875 0.01484375 0.0125
4 0.2453125 0.13203125 0.05859375 0.08203125
0 0.55078125 0.184375 0.0734375 0.07109375
5 0.59453125 0.19140625 0.0140625 0.01328125
0 0.45390625 0.16953125 0.0734375 0.06875
17 0.40546875 0.16640625 0.00859375 0.021875
5 0.7265625 0.22109375 0.0140625 0.009375
17 0.7109375 0.21875 0.01171875 0.00859375
17 0.696875 0.2171875 0.0125 0.01171875
5 0.684375 0.21640625 0.0140625 0.0140625
8 0.6078125 0.2171875 0.02265625 0.02109375
17 0.65 0.22734375 0.009375 0.02109375
1 0.59140625 0.22109375 0.0078125 0.01953125
9 0.6640625 0.2375 0.01796875 0.0234375
17 0.678125 0.23984375 0.009375 0.02265625
17 0.24140625 0.18046875 0.03125 0.0234375
1 0.60546875 0.23828125 0.021875 0.0203125
3 0.52421875 0.23203125 0.02421875 0.03046875
1 0.49921875 0.23046875 0.01484375 0.0375
17 0.5484375 0.23984375 0.0140625 0.0125
1 0.2421875 0.1953125 0.0125 0.01015625
17 0.4796875 0.23515625 0.0125 0.0109375
17 0.47890625 0.24375 0.01484375 0.009375
1 0.5296875 0.2546875 0.0140625 0.01171875
1 0.5171875 0.25234375 0.0140625 0.0125
17 0.61484375 0.26875 0.0140625 0.01171875